7 2492
8 2492
9 2492
10 2492
11 2492
12 2492
13 2492
14 2492
15 2492
16 2492
17 2492
18 2492
19 2492
20 2492
21 2492
22 2492
23 2493
24 2493
25 2493
26 2492
27 2492
28 2492
29 2492
30 2492
31 2492
32 2492
33 2492
34 2492
35 2492
36 2492
37 2492
38 2492
39 2492
40 2492
41 2493
42 2492
43 2492
44 2492
45 2492
46 2492
47 2492
48 2492
49 2492
50 2492
51 2492
52 2492
53 2492
54 2492
55 2492
56 2492
57 2492
58 2492
59 2492
60 2491
61 2491
62 2491
63 2492
64 2491
65 2491
66 2491
67 2491
68 2491
69 2491
70 2491
71 2491
72 2491
73 2491
74 2491
75 2490
76 2491
77 2491
78 2491
79 2491
80 2491
81 2495
82 2491
83 2491
84 2491
85 2491
86 2491
87 2491
88 2491
89 2491
90 2491
91 2491
92 2491
93 2491
94 2491
95 2491
96 2491
97 2491
98 2491
99 2490
100 2491
101 2491
102 2491
103 2491
104 2491
105 2491
106 2491
107 2491
108 2491
109 2491
110 2490
111 2490
112 2490
113 2490
114 2490
115 2490
116 2490
117 2490
118 2490
119 2490
120 2490
121 2490
122 2490
123 2490
124 2490
125 2490
126 2490
127 2490
128 2490
129 2490
130 2490
131 2490
132 2490
133 2490
134 2490
135 2490
136 2490
137 2490
138 2490
139 2490
140 2490
141 2490
142 2490
143 2490
144 2490
145 2489
146 2489
147 2490
148 2490
149 2489
150 2489
151 2489
152 2490
153 2489
154 2489
155 2489
156 2489
157 2489
158 2489
159 2489
160 2489
161 2489
162 2489
163 2489
164 2489
165 2489
166 2489
167 2489
168 2489
169 2489
170 2489
171 2489
172 2489
173 2489
174 2489
175 2489
176 2489
177 2489
178 2489
179 2489
180 2489
181 2489
182 2489
183 2488
184 2489
185 2489
186 2489
187 2489
188 2488
189 2488
190 2489
191 2489
192 2489
193 2489
194 2489
195 2489
196 2489
197 2489
198 2489
199 2489
200 2489
201 2489
202 2488
203 2489
204 2489
205 2489
206 2489
207 2489
208 2489
209 2489
210 2489
211 2489
212 2489
213 2489
214 2489
215 2489
216 2489
217 2489
218 2489
219 2489
220 2489
221 2489
222 2489
223 2489
224 2489
225 2489
226 2489
227 2489
228 2489
229 2489
230 2489
231 2489
232 2489
233 2489
234 2489
235 2489
236 2489
237 2489
238 2489
239 2489
240 2489
241 2489
242 2489
243 2489
244 2489
245 2489
246 2489
247 2489
248 2489
249 2489
250 2489
251 2489
252 2489
253 2489
254 2489
255 2489
256 2489
257 2489
258 2489
259 2489
260 2489
261 2489
262 2489
263 2489
264 2489
265 2489
266 2489
267 2489
268 2489
269 2489
270 2489
271 2489
272 2489
273 2489
274 2489
275 2489
276 2489
277 2489
278 2489
279 2489
280 2489
281 2489
282 2489
283 2489
284 2489
285 2489
286 2489
287 2489
288 2489
289 2489
290 2489
291 2489
292 2489
293 2489
294 2489
295 2489
296 2489
297 2489
298 2489
299 2489
300 2489
301 2489
302 2489
303 2489
304 2489
305 2489
306 2489
307 2489
308 2489
309 2489
310 2489
311 2489
312 2489
313 2489
314 2489
315 2489
316 2489
317 2489
318 2489
319 2489
320 2489
321 2489
322 2489
323 2489
324 2489
325 2489
326 2489
327 2489
328 2490
329 2490
330 2490
331 2490
332 2490
333 2490
334 2490
335 2490
336 2490
337 2490
338 2490
339 2490
340 2490
341 2490
342 2490
343 2490
344 2490
345 2490
346 2490
347 2490
348 2490
349 2490
350 2490
351 2490
352 2490
353 2490
354 2490
355 2490
356 2490
357 2490
358 2490
359 2490
360 2490
361 2490
362 2490
363 2490
364 2490
365 2490
366 2490
367 2490
368 2490
369 2490
370 2490
371 2490
372 2490
373 2490
374 2491
375 2491
376 2491
377 2490
378 2490
379 2491
380 2491
381 2491
382 2490
383 2491
384 2490
385 2492
386 2491
387 2492
388 2491
389 2496
390 2491
391 2491
392 2491
393 2491
394 2491
395 2492
396 2491
397 2492
398 2491
399 2491
400 2491
401 2491
402 2492
403 2491
404 2491
405 2491
406 2491
407 2491
408 2491
409 2491
410 2491
411 2491
412 2491
413 2491
414 2491
415 2491
416 2491
417 2491
418 2491
419 2491
420 2491
421 2491
422 2491
423 2491
424 2491
425 2491
426 2491
427 2491
428 2491
429 2491
430 2491
431 2491
432 2491
433 2491
434 2491
435 2491
436 2491
437 2491
438 2491
439 2491
440 2491
441 2491
442 2491
443 2491
444 2491
445 2491
446 2491
447 2491
448 2491
449 2491
450 2491
451 2491
452 2491
453 2491
454 2491
455 2491
456 2491
457 2491
458 2491
459 2491
460 2491
461 2491
462 2491
463 2491
464 2491
465 2491
466 2491
467 2491
468 2492
469 2492
470 2491
471 2492
472 2492
473 2493
474 2502
475 2490
476 2491
477 2491
478 2493
479 2491
480 2491
481 2491
482 2491
483 2491
484 2491
485 2491
486 2491
487 2490
488 2491
489 2491
490 2491
491 2491
492 2491
493 2491
494 2491
495 2491
496 2491
497 2491
498 2491
499 2491
500 2491
501 2491
502 2491
503 2491
504 2491
505 2491
506 2491
507 2491
508 2491
509 2491
510 2491
511 2491
512 2491
513 2491
514 2491
515 2491
516 2491
517 2491
518 2491
519 2491
520 2491
521 2491
522 2491
523 2491
524 2490
525 2490
526 2491
527 2490
528 2490
529 2490
530 2490
531 2490
532 2493
533 2490
534 2490
535 2491
536 2491
537 2491
538 2491
539 2490
540 2491
541 2491
542 2491
543 2491
544 2491
545 2491
546 2491
547 2491
548 2491
549 2491
550 2491
551 2491
552 2491
553 2491
554 2491
555 2491
556 2491
557 2491
558 2491
559 2491
560 2491
561 2491
562 2491
563 2491
564 2491
565 2491
566 2491
567 2491
568 2491
569 2491
570 2491
571 2491
572 2491
573 2491
574 2491
575 2491
576 2491
577 2491
578 2491
579 2491
580 2491
581 2491
582 2491
583 2491
584 2491
585 2491
586 2491
587 2491
588 2491
589 2491
590 2491
591 2490
592 2490
593 2490
594 2491
595 2490
596 2490
597 2491
598 2491
599 2490
600 2490
601 2490
602 2490
603 2490
604 2491
605 2491
606 2490
607 2490
608 2490
609 2490
610 2490
611 2490
612 2490
613 2490
614 2490
615 2490
616 2490
617 2490
618 2491
619 2491
620 2491
621 2491
622 2491
623 2491
624 2491
625 2492
626 2491
627 2492
628 2491
629 2491
630 2491
631 2490
632 2490
633 2490
634 2490
635 2490
636 2490
637 2490
638 2490
639 2490
640 2490
641 2490
642 2490
643 2490
644 2490
645 2490
646 2490
647 2490
648 2490
649 2490
650 2490
651 2490
652 2490
653 2490
654 2490
655 2490
656 2490
657 2490
658 2490
659 2490
660 2490
661 2490
662 2490
663 2490
664 2490
665 2490
666 2490
667 2490
668 2490
669 2489
670 2489
671 2489
672 2489
673 2489
674 2489
675 2489
676 2489
677 2489
678 2489
679 2489
680 2489
681 2489
682 2489
683 2489
684 2490
685 2490
686 2490
687 2490
688 2489
689 2489
690 2490
691 2490
692 2490
693 2490
694 2490
695 2490
696 2490
697 2490
698 2489
699 2489
700 2490
701 2489
702 2490
703 2490
704 2490
705 2490
706 2490
707 2490
708 2490
709 2490
710 2490
711 2490
712 2489
713 2490
714 2490
715 2489
716 2490
717 2489
718 2489
719 2490
720 2490
721 2490
722 2490
723 2489
724 2489
725 2489
726 2489
727 2489
728 2489
729 2489
730 2489
731 2489
732 2489
733 2489
734 2489
735 2489
736 2489
737 2489
738 2489
739 2489
740 2489
741 2489
742 2489
743 2489
744 2488
745 2489
746 2489
747 2488
748 2488
749 2488
750 2488
751 2488
752 2488
753 2488
754 2488
755 2488
756 2492
757 2488
758 2488
759 2487
760 2488
761 2488
762 2487
763 2487
764 2487
765 2487
766 2487
767 2488
768 2487
769 2487
770 2487
771 2487
772 2487
773 2487
774 2487
775 2487
776 2487
777 2487
778 2487
779 2487
780 2486
781 2486
782 2487
783 2486
784 2487
785 2490
786 2486
787 2486
788 2486
789 2486
790 2486
791 2486
792 2485
793 2486
794 2486
795 2486
796 2486
797 2486
798 2486
799 2486
800 2486
801 2485
802 2486
803 2485
804 2485
805 2485
806 2485
807 2485
808 2485
809 2485
810 2485
811 2485
812 2485
813 2484
814 2485
815 2485
816 2485
817 2485
818 2484
819 2484

186 2518
187 2514
188 2514
189 2514
190 2508
191 2517
192 2517
193 2508
194 2520
195 2509
196 2518
197 2508
198 2518
199 2513
200 2513
201 2509
202 2513
203 2510
204 2513
205 2514
206 2513
207 2509
208 2516
209 2508
210 2522
211 2516
212 2518
213 2515
214 2516
215 2514
216 2515
217 2515
218 2513
219 2512
220 2516
221 2514
222 2521
223 2514
224 2513
225 2513
226 2520
227 2517
228 2516
229 2510
230 2510
231 2518
232 2514
233 2517
234 2516
235 2511
236 2515
237 2515
238 2515
239 2513
240 2512
241 2519
242 2520
243 2520
244 2517
245 2513
246 2514
247 2523
248 2522
249 2517
250 2521
251 2518
252 2519
253 2517
254 2520
255 2520
256 2517
257 2513
258 2509
259 2515
260 2518
261 2514
262 2514
263 2515
264 2513
265 2512
266 2513
267 2514
268 2514
269 2513
270 2514
271 2513
272 2519
273 2507
274 2514
275 2513
276 2511
277 2512
278 2510
279 2511
280 2507
281 2517
282 2514
283 2517
284 2511
285 2505
286 2509
287 2513
288 2508
289 2508
290 2505
291 2506
292 2504
293 2510
294 2518
295 2513
296 2513
297 2512
298 2512
299 2512
300 2513
301 2519
302 2510
303 2512
304 2507
305 2513
306 2517
307 2513
308 2511
309 2518
310 2513
311 2513
312 2512
313 2513
314 2506
315 2513
316 2514
317 2512
318 2512
319 2513
320 2513
321 2514
322 2513
323 2514
324 2514
325 2514
326 2514
327 2514
328 2514
329 2514
330 2513
331 2517
332 2515
333 2515
334 2516
335 2514
336 2514
337 2515
338 2515
339 2514
340 2515
341 2515
342 2515
343 2516
344 2515
345 2515
346 2515
347 2516
348 2514
349 2517
350 2518
351 2516
352 2515
353 2516
354 2516
355 2517
356 2514
357 2518
358 2518
359 2513
360 2513
361 2516
362 2509
363 2509
364 2516
365 2516
366 2517
367 2523
368 2519
369 2516
370 2518
371 2516
372 2514
373 2522
374 2516
375 2514
376 2515
377 2510
378 2519
379 2518
380 2517
381 2518
382 2518
383 2512
384 2517
385 2519
386 2514
387 2514
388 2522
389 2512
390 2519
391 2516
392 2520
393 2512
394 2516
395 2514
396 2524
397 2516
398 2516
399 2515
400 2515
401 2514
402 2519
403 2514
404 2513
405 2513
406 2515
407 2514
408 2513
409 2516
410 2515
411 2514
412 2512
413 2513
414 2519
415 2515
416 2516
417 2517
418 2514
419 2516
420 2516
421 2513
422 2518
423 2519
424 2521
425 2516
426 2520
427 2520
428 2519
429 2519
430 2519
431 2519
432 2520
433 2519
434 2517
435 2519
436 2518
437 2518
438 2518
439 2516
440 2522
441 2519
442 2518
443 2517
444 2518
445 2518
446 2519
447 2517
448 2522
449 2517
450 2518
451 2518
452 2520
453 2521
454 2520
455 2514
456 2520
457 2517
458 2520
459 2510
460 2522
461 2513
462 2523
463 2521
464 2521
465 2516
466 2516
467 2518
468 2514
469 2522
470 2515
471 2516
472 2518
473 2509
474 2515
475 2516
476 2514
477 2515
478 2514
479 2514
480 2515
481 2513
482 2514
483 2517
484 2515
485 2516
486 2515
487 2514
488 2514
489 2508
490 2517
491 2508
492 2511
493 2511
494 2511
495 2511
496 2511
497 2510
498 2510
499 2510
500 2509
501 2511
502 2510
503 2511
504 2503
505 2505
506 2513
507 9999
508 2513
509 2509
510 9999
511 2509
512 2509
513 9999
514 2508
515 2508
516 9999
517 9999
518 2508
519 9999
520 2507
521 9999
522 9999
523 2507
524 9999
525 2507
526 9999
527 9999
528 9999
529 9999
530 9999
531 9999
532 9999
533 9999
534 9999

