215 2492
216 2493
217 2493
218 2491
219 2495
220 2497
221 2495
222 2494
223 2492
224 2492
225 2492
226 2491
227 2492
228 2492
229 2492
230 2492
231 2492
232 2492
233 2492
234 2494
235 2492
236 2492
237 2495
238 2492
239 2492
240 2491
241 2492
242 2492
243 2492
244 2493
245 2493
246 2492
247 2492
248 2492
249 2492
250 2492
251 2492
252 2492
253 2492
254 2492
255 2492
256 2491
257 2491
258 2490
259 2495
260 2492
261 2493
262 2493
263 2493
264 2493
265 2493
266 2493
267 2493
268 2493
269 2492
270 2493
271 2493
272 2492
273 2493
274 2493
275 2493
276 2493
277 2493
278 2493
279 2493
280 2493
281 2493
282 2493
283 2493
284 2493
285 2493
286 2493
287 2493
288 2493
289 2492
290 2492
291 2492
292 2492
293 2492
294 2492
295 2492
296 2491
297 2492
298 2492
299 2492
300 2492
301 2491
302 2492
303 2492
304 2492
305 2495
306 2493
307 2493
308 2493
309 2493
310 2493
311 2493
312 2493
313 2493
314 2493
315 2493
316 2493
317 2493
318 2493
319 2493
320 2493
321 2493
322 2493
323 2493
324 2493
325 2493
326 2493
327 2493
328 2493
329 2493
330 2493
331 2493
332 2493
333 2493
334 2493
335 2493
336 2493
337 2493
338 2493
339 2493
340 2493
341 2493
342 2493
343 2493
344 2493
345 2493
346 2493
347 2493
348 2493
349 2493
350 2493
351 2493
352 2493
353 2493
354 2493
355 2493
356 2493
357 2493
358 2493
359 2493
360 2493
361 2493
362 2492
363 2493
364 2492
365 2492
366 2492
367 2492
368 2493
369 2492
370 2492
371 2492
372 2492
373 2492
374 2492
375 2492
376 2492
377 2492
378 2492
379 2492
380 2492
381 2492
382 2492
383 2492
384 2492
385 2492
386 2492
387 2492
388 2492
389 2492
390 2492
391 2492
392 2492
393 2492
394 2492
395 2492
396 2492
397 2492
398 2492
399 2492
400 2491
401 2491
402 2492
403 2492
404 2492
405 2492
406 2492
407 2491
408 2492
409 2492
410 2492
411 2491
412 2492
413 2492
414 2492
415 2492
416 2491
417 2491
418 2491
419 2491
420 2491
421 2492
422 2491
423 2492
424 2491
425 2491
426 2491
427 2492
428 2491
429 2491
430 2491
431 2491
432 2492
433 2492
434 2491
435 2491
436 2491
437 2492
438 2491
439 2491
440 2491
441 2491
442 2491
443 2491
444 2491
445 2491
446 2491
447 2491
448 2491
449 2491
450 2492
451 2491
452 2491
453 2491
454 2491
455 2491
456 2491
457 2491
458 2491
459 2491
460 2491
461 2491
462 2490
463 2491
464 2491
465 2490
466 2491
467 2490
468 2490
469 2490
470 2490
471 2490
472 2490
473 2490
474 2490
475 2490
476 2490
477 2490
478 2490
479 2490
480 2490
481 2490
482 2490
483 2490
484 2490
485 2490
486 2490
487 2490
488 2490
489 2489
490 2490
491 2490
492 2489
493 2489
494 2489
495 2490
496 2489
497 2490
498 2490
499 2490
500 2490
501 2490
502 2490
503 2490
504 2490
505 2490
506 2490
507 2490
508 2490
509 2489
510 2490
511 2490
512 2490
513 2490
514 2490
515 2490
516 2490
517 2490
518 2490
519 2490
520 2490
521 2490
522 2490
523 2490
524 2490
525 2490
526 2490
527 2490
528 2489
529 2490
530 2490
1974 2476
1975 2475
1976 2473
1977 2471
1978 2471
1979 2470
1980 2470
1981 2470
1982 2471
1983 2470
1984 2469
1985 2470
1986 2471
1987 2480
1988 2468
1989 2468
1990 2468
1991 2468
1992 2468
1993 2469
1994 2469
1995 2468
1996 2469
1997 2469
1998 2469
1999 2468
2000 2468
2001 2468
2002 2467
2003 2467
2004 2466
2005 2466
2006 2467
2007 2466
2008 2466
2009 2467
2010 2467
2011 2467
2012 2467
2013 2467
2014 2468
2015 2468
2016 2468
2017 2470
2018 2470
2019 2470
2020 2470
2021 2469
2022 2468
2023 2468
2024 2467
2025 2467
2026 2468
2027 2468
2028 2467
2029 2467
2030 2467
2031 2465
2032 2465
2033 2465
2034 2467
2035 2465
2036 2465
2037 2465
2038 2465
2039 2469
2040 2463
2041 2464
2042 2465
2043 2464
2044 2464
2045 2465
2046 2467
2047 2467
2048 2469
2049 2463
2050 2463
2051 2464
2052 2464
2053 2464
2054 2464
2055 2464
2056 2464
2057 2464
2058 2464
2059 2464
2060 2464
2061 2464
2062 2465
2063 2464
2064 2465
2065 2465
2066 2464
2067 2464
2068 2464
2069 2464
2070 2464
2071 2464
2072 2464
2073 2464
2074 2464
2075 2464
2076 2464
2077 2464
2078 2464
2079 2465
2080 2464
2081 2464
2082 2465
2083 2465
2084 2465
2085 2466
2086 2468
2087 2468
2088 2469
2089 2469
2090 2469
2091 2468
2092 2467
2093 2467
2094 2467
2095 2466
2096 2466
2097 2466
2098 2466
2099 2465
2100 2479
2101 2466
2102 2466
2103 2466
2104 2466
2105 2466
2106 2466
2107 2466
2108 2467
2109 2467
2110 2467
2111 2467
2112 2467
2113 2468
2114 2468
2115 2468
2116 2468
2117 2468
2118 2468
2119 2468
2120 2468
2121 2469
2122 2468
2123 2468
2124 2469
2125 2469
2126 2469
2127 2469
2128 2469
2129 2469
2130 2469
2131 2469
2132 2469
2133 2469
2134 2470
2135 2470
2136 2469
2137 2470
2138 2470
2139 2470
2140 2470
2141 2471
2142 2471
2143 2470
2144 2470
2145 2470
2146 2470
2147 2470
2148 2471
2149 2471
2150 2470
2151 2470
2152 2471
2153 2472
2154 2471
2155 2470
2156 2469
2157 2468
2158 2468
2159 2468
2160 2468
2161 2468
2162 2468
2163 2468
2164 2467
2165 2468
2166 2468
2167 2468
2168 2468
2169 2468
2170 2468
2171 2469

290 2512
291 2522
292 2513
293 2515
294 2512
295 2517
296 2513
297 2511
298 2518
299 2514
300 2514
301 2514
302 2515
303 2511
304 2512
305 2519
306 2510
307 2510
308 2516
309 2522
310 2523
311 2517
312 2517
313 2514
314 2519
315 2516
316 2523
317 2517
318 2520
319 2523
320 2518
321 2512
322 2517
323 2517
324 2517
325 2516
326 2514
327 2514
328 2510
329 2511
330 2514
331 2512
332 2511
333 2514
334 2518
335 2518
336 2515
337 2518
338 2517
339 2512
340 2518
341 2515
342 2512
343 2514
344 2517
345 2518
346 2513
347 2522
348 2522
349 2516
350 2509
351 2509
352 2512
353 2517
354 2511
355 2513
356 2512
357 2514
358 2518
359 2523
360 2519

