1522 2504
1523 2501
1524 2508
1525 2507
1526 2504
1527 2507
1528 2504
1529 2504
1530 2503
1531 2500
1532 2500
1533 2510
1534 2499
1535 2499
1536 2500
1537 2501
1538 2504
1539 2502
1540 2501
1541 2501
1542 2501
1543 2502
1544 2502
1545 2504
1546 2502
1547 2503
1548 2503
1549 2507
1550 2507
1551 2506
1552 2503
1553 2502
1554 2504
1555 2505
1556 2505
1557 2505
1558 2504
1559 2509
1560 2504
1561 2504
1562 2508
1563 2505
1564 2505
1565 2507
1566 2507
1567 2505
1568 2505
1569 2505
1570 2505
1571 2505
1572 2505
1573 2505
1574 2505
1575 2505
1576 2505
1577 2506
1578 2509
1579 2505
1580 2505
1581 2505
1582 2505
1583 2504
1584 2504
1585 2504
1586 2513
1587 2504
1588 2505
1589 2504
1590 2504
1591 2504
1592 2504
1593 2513
1594 2503
1595 2504
1596 2504
1597 2504
1598 2508
1599 2505
1600 2505
1601 2505
1602 2504
1603 2504
1604 2504
1605 2504
1606 2504
1607 2504
1608 2505
1609 2505
1610 2505
1611 2504
1612 2505
1613 2505
1614 2506
1615 2506
1616 2507
1617 2506
1618 2514
1619 2507
1620 2507
1621 2506
1622 2506
1623 2507
1624 2506
1625 2506
1626 2510
1627 2512
1628 2508
1629 2510
1630 2509
1631 2506
1632 2510
1633 2505
1634 2505
1635 2512
1636 2506
1637 2506
1638 2513
1639 2508
1640 2509
1641 2509
1642 2506
1643 2506
1644 2507
1645 2508
1646 2510
1647 2507
1648 2509
1649 2509
1650 2507
1651 2507
1652 2509
1653 2509
1654 2507
1655 2510
1656 2510
1657 2516
1658 2507
1659 2512
1660 2505
1661 2508
1662 2509
1663 2507
1664 2506
1665 2507
1666 2512
1667 2512
1668 2512
1669 2507
1670 2509
1671 2506
1672 2506
1673 2506
1674 2507
1675 2507
1676 2507
1677 2507
1678 2518
1679 2508
1680 2506
1681 2507
1682 2507
1683 2508
1684 2506
1685 2507
1686 2507
1687 2508
1688 2510
1689 2508
1690 2511
1691 2509
1692 2508
1693 2508
1694 2509
1695 2510
1696 2508
1697 2507
1698 2506
1699 2507
1700 2508
1701 2508
1702 2507
1703 2506
1704 2511
1705 2507
1706 2506
1707 2506
1708 2506
1709 2507
1710 2509
1711 2505
1712 2514
1713 2513
1714 2512
1715 2508
1716 2512
1717 2508
1718 2504
1719 2504
1720 2506
1721 2505
1722 2505
1723 2505
1724 2506
1725 2524
1726 2507
1727 2511
1728 2512
1729 2504
1730 2524
1731 2504
1732 2504
1733 2504
1734 2506
1735 2514
1736 2505
1737 2505
1738 2507
1739 2508
1740 2507
1741 2507
1742 2513
1743 2509
1744 2510
1745 2513
1746 2513
1747 2509
1748 2511
1749 2509
1750 2509
1751 2508
1752 2512
1753 2509
1754 2508
1755 2508
1756 2507
1757 2508
1758 2507
1759 2508
1760 2507
1761 2508
1762 2508
1763 2512
1764 2507
1765 2508
1766 2508
1767 2508
1768 2511
1769 2507
1770 2511
1771 2511
1772 2507
1773 2507
1774 2506
1775 2506
1776 2509
1777 2506
1778 2507
1779 2506
1780 2506
1781 2506
1782 2508
1783 2508
1784 2507
1785 2507
1786 2507
1787 2506
1788 2507
1789 2510
1790 2507
1791 2507
1792 2506
1793 2507
1794 2507
1795 2506
1796 2507
1797 2506
1798 2507
1799 2506
1800 2506
1801 2506
1802 2506
1803 2506
1804 2508
1805 2510
1806 2507
1807 2508
1808 2509
1809 2512
1810 2507
1811 2505
1812 2506
1813 2506
1814 2507
1815 2508
1816 2506
1817 2505
1818 2507
1819 2506
1820 2507
1821 2509
1822 2507
1823 2507
1824 2507
1825 2506
1826 2506
1827 2507
1828 2507
1829 2506
1830 2507
1831 2508
1832 2508
1833 2508
1834 2507
1835 2506
1836 2507
1837 2507
1838 2507
1839 2506
1840 2506
1841 2511
1842 2511
1843 2510
1844 2509
1845 2509
1846 2507
1847 2505
1848 2510
1849 2505
1850 2505
1851 2506
1852 2505
1853 2505
1854 2505
1855 2505
1856 2505
1857 2505
1858 2505
1859 2505
1860 2504
1861 2506
1862 2505
1863 2505
1864 2505
1865 2505
1866 2505
1867 2505
1868 2505
1869 2506
1870 2506
1871 2506
1872 2509
1873 2509
1874 2508
1875 2506
1876 2511
1877 2509
1878 2504
1879 2510
1880 2504
1881 2504
1882 2505
1883 2505
1884 2505
1885 2505
1886 2505
1887 2505
1888 2506
1889 2505
1890 2505
1891 2505
1892 2505
1893 2505
1894 2505
1895 2504
1896 2504
1897 2504
1898 2504
1899 2507
1900 2508
1901 2508
1902 2505
1903 2505
1904 2505
1905 2505
1906 2505
1907 2506
1908 2507
1909 2505
1910 2505
1911 2506
1912 2505
1913 2505
1914 2505
1915 2506
1916 2505
1917 2505
1918 2506
1919 2506
1920 2505
1921 2505
1922 2504
1923 2508
1924 2505
1925 2508
1926 2506
1927 2505
1928 2506
1929 2510
1930 2510
1931 2504
1932 2505
1933 2505
1934 2505
1935 2504
1936 2505
1937 2505
1938 2505
1939 2505
1940 2505
1941 2505
1942 2505
1943 2505
1944 2505
1945 2505
1946 2507
1947 2507
1948 2508
1949 2509
1950 2505
1951 2505
1952 2505
1953 2504
1954 2504
1955 2505
1956 2505
1957 2505
1958 2507
1959 2504
1960 2504
1961 2504
1962 2508
1963 2508
1964 2505
1965 2504
1966 2504
1967 2507
1968 2503
1969 2503
1970 2508
1971 2504
1972 2504
1973 2503
1974 2504
1975 2504
1976 2504
1977 2504
1978 2504
1979 2504
1980 2504
1981 2504
1982 2504
1983 2504
1984 2504
1985 2504
1986 2504
1987 2504
1988 2504
1989 2503
1990 2504
1991 2504
1992 2504
1993 2503
1994 2503
1995 2504
1996 2504
1997 2504
1998 2503
1999 2503
2000 2503
2001 2507
2002 2503
2003 2507
2004 2503
2005 2503
2006 2503
2007 2503
2008 2505
2009 2503
2010 2503
2011 2503
2012 2504
2013 2504
2014 2505
2015 2503
2016 2503
2017 2503
2018 2504
2019 2503
2020 2503
2021 2504
2022 2503
2023 2503
2024 2503
2025 2503
2026 2503
2027 2506
2028 2506
2029 2504
2030 2504
2031 2504
2032 2504
2033 2503
2034 2504
2035 2504
2036 2502
2037 2505
2038 2503
2039 2502
2040 2503
2041 2503
2042 2503
2043 2502
2044 2505
2045 2503
2046 2503
2047 2502
2048 2504
2049 2503
2050 2502
2051 2503
2052 2503
2053 2503
2054 2503
2055 2503
2056 2503
2057 2503
2058 2503
2059 2502
2060 2502
2061 2502
2062 2502
2063 2502
2064 2504
2065 2506
2066 2501
2067 2501
2068 2502
2069 2502
2070 2502
2071 2502
2072 2501
2073 2502
2074 2501
2075 2501
2076 2501
2077 2502
2078 2502
2079 2501
2080 2501
2081 2502
2082 2502
2083 2502
2084 2502
2085 2502
2086 2502
2087 2501
2088 2501
2089 2502
2090 2502
2091 2501
2092 2502
2093 2501
2094 2501
2095 2501
2096 2501
2097 2501
2098 2501
2099 2501
2100 2501
2101 2502
2102 2501
2103 2501
2104 2501
2105 2501
2106 2500
2107 2501
2108 2501
2109 2500
2110 2501
2111 2501
2112 2501
2113 2501
2114 2501
2115 2501
2116 2501
2117 2501
2118 2500
2119 2501
2120 2501
2121 2500
2122 2500
2123 2501
2124 2500
2125 2501
2126 2500
2127 2501
2128 2501
2129 2501
2130 2501
2131 2501
2132 2501
2133 2500
2134 2504
2135 2501
2136 2500
2137 2500
2138 2500
2139 2501
2140 2501
2141 2500
2142 2501
2143 2501
2144 2501
2145 2501
2146 2500
2147 2500
2148 2500
2149 2500
2150 2500
2151 2500
2152 2500
2153 2500
2154 2500
2155 2500
2156 2500
2157 2500
2158 2500
2159 2500
2160 2500
2161 2500
2162 2500
2163 2500
2164 2500
2165 2499
2166 2499
2167 2499
2168 2499
2169 2500
2170 2500
2171 2500
2172 2499
2173 2499
2174 2500
2175 2499
2176 2499
2177 2499
2178 2500
2179 2499
2180 2499
2181 2499
2182 2499
2183 2499
2184 2499
2185 2499
2186 2499
2187 2499
2188 2499
2189 2499
2190 2499
2191 2499
2192 2499
2193 2499
2194 2499
2195 2499
2196 2499
2197 2499
2198 2499
2199 2499
2200 2499
2201 2499
2202 2499
2203 2499
2204 2499
2205 2499
2206 2499
2207 2499
2208 2499
2209 2499
2210 2499
2211 2499
2212 2499
2213 2499
2214 2499
2215 2499
2216 2499
2217 2499
2218 2499
2219 2499
2220 2499
2221 2499
2222 2499
2223 2499
2224 2499
2225 2499
2226 2499
2227 2499
2228 2499
2229 2499
2230 2499
2231 2499
2232 2499
2233 2499
2234 2499
2235 2499
2236 2499
2237 2499
2238 2499
2239 2499
2240 2499
2241 2499
2242 2499
2243 2499
2244 2499
2245 2499
2246 2499
2247 2499
2248 2499
2249 2499
2250 2499
2251 2499
2252 2499
2253 2500
2254 2500
2255 2500
2256 2499
2257 2500
2258 2500
2259 2500
2260 2499
2261 2500
2262 2500
2263 2499
2264 2499
2265 2499
2266 2499
2267 2500
2268 2500
2269 2499
2270 2499
2271 2499
2272 2500
2273 2499
2274 2499
2275 2499
2276 2499
2277 2500
2278 2499
2279 2499
2280 2499
2281 2499
2282 2499
2283 2499
2284 2499
2285 2499
2286 2499
2287 2499
2288 2499
2289 2499
2290 2499
2291 2499
2292 2499
2293 2499
2294 2499
2295 2499
2296 2499
2297 2499
2298 2499
2299 2499
2300 2499
2301 2499
2302 2499
2303 2499
2304 2499
2305 2499
2306 2499
2307 2499
2308 2499
2309 2499
2310 2499
2311 2499
2312 2499
2313 2499
2314 2499
2315 2498
2316 2499
2317 2499
2318 2498
2319 2498
2320 2498
2321 2498
2322 2498
2323 2499
2324 2499
2325 2499
2326 2498
2327 2498
2328 2498
2329 2498
2330 2499
2331 2499
2332 2498
2333 2498
2334 2498
2335 2498
2336 2498
2337 2498
2338 2498
2339 2498
2340 2498
2341 2498
2342 2498
2343 2498
2344 2498
2345 2498
2346 2498
2347 2498
2348 2498
2349 2498
2350 2498
2351 2498
2352 2498
2353 2498
2354 2497
2355 2498
2356 2498
2357 2498
2358 2497
2359 2497
2360 2498
2361 2498
2362 2497
2363 2497
2364 2498
2365 2497
2366 2497
2367 2497
2368 2497
2369 2497
2370 2497
2371 2498
2372 2497
2373 2497
2374 2497
2375 2497
2376 2497
2377 2497
2378 2496
2379 2497
2380 2497
2381 2497
2382 2497
2383 2497
2384 2497
2385 2497
2386 2497
2387 2497
2388 2497
2389 2497
2390 2497
2391 2497
2392 2497
2393 2497
2394 2497
2395 2497
2396 2497
2397 2497
2398 2497
2399 2497
2400 2497
2401 2497
2402 2497
2403 2497
2404 2497
2405 2497
2406 2497
2407 2497
2408 2496
2409 2497
2410 2498
2411 2497
2412 2497
2413 2497
2414 2497
2415 2497
2416 2497
2417 2497
2418 2497
2419 2497
2420 2497
2421 2496
2422 2496
2423 2496
2424 2496
2425 2496
2426 2496
2427 2496
2428 2496
2429 2496
2430 2496
2431 2496
2432 2496
2433 2496
2434 2496
2435 2496
2436 2496
2437 2496
2438 2496
2439 2496
2440 2496
2441 2496
2442 2496
2443 2496
2444 2496
2445 2496
2446 2496
2447 2495
2448 2494
2449 2495
2450 2495
2451 2498
2452 2495
2453 2495
2454 2495
2455 2495
2456 2495
2457 2495
2458 2495
2459 2495
2460 2495
2461 2495
2462 2495
2463 2495
2464 2495
2465 2495
2466 2495
2467 2495
2468 2495
2469 2495
2470 2495
2471 2495
2472 2495
2473 2495
2474 2495
2475 2495
2476 2495
2477 2494
2478 2495
2479 2495
2480 2495
2481 2495
2482 2495
2483 2495
2484 2495
2485 2495
2486 2494
2487 2494
2488 2494
2489 2494
2490 2494
2491 2494
2492 2494
2493 2494
2494 2494
2495 2494
2496 2494
2497 2494
2498 2494
2499 2494
2500 2494
2501 2494
2502 2493
2503 2494
2504 2493
2505 2494
2506 2494
2507 2494
2508 2494
2509 2494
2510 2494
2511 2494
2512 2494
2513 2494
2514 2494
2515 2494
2516 2493
2517 2494
2518 2494
2519 2494
2520 2494
2521 2494
2522 2494
2523 2494
2524 2494
2525 2494
2526 2494
2527 2493
2528 2493
2529 2493
2530 2493
2531 2493
2532 2493
2533 2493
2534 2493
2535 2493
2536 2493
2537 2493
2538 2493
2539 2492
2540 2493
2541 2493
2542 2493
2543 2493
2544 2493
2545 2493
2546 2493
2547 2493
2548 2493
2549 2492
2550 2493
2551 2493
2552 2492
2553 2493
2554 2493
2555 2493
2556 2493
2557 2492
2558 2493
2559 2492
2560 2493
2561 2492
2562 2492
2563 2492
2564 2492
2565 2492
2566 2492
2567 2492
2568 2492
2569 2492
2570 2492
2571 2492
2572 2492
2573 2492
2574 2492
2575 2492
2576 2492
2577 2492
2578 2492
2579 2492
2580 2492
2581 2492
2582 2492
2583 2492
2584 2492
2585 2492
2586 2492
2587 2492
2588 2492
2589 2492
2590 2492
2591 2492
2592 2491
2593 2492
2594 2492
2595 2491
2596 2492
2597 2492
2598 2491
2599 2492
2600 2491
2601 2491
2602 2491
2603 2491
2604 2492
2605 2492
2606 2491
2607 2491
2608 2492
2609 2492
2610 2492
2611 2492
2612 2491
2613 2492
2614 2492
2615 2491
2616 2492
2617 2491
2618 2491
2619 2491
2620 2491
2621 2491
2622 2492
2623 2491
2624 2491
2625 2491
2626 2491
2627 2492
2628 2492
2629 2492
2630 2492
2631 2492
2632 2491
2633 2492
2634 2491
2635 2492
2636 2491
2637 2491
2638 2491
2639 2491
2640 2491
2641 2491
2642 2491
2643 2492
2644 2492
2645 2491
2646 2491
2647 2492
2648 2492
2649 2491
2650 2491
2651 2491
2652 2492
2653 2492
2654 2492
2655 2492
2656 2492
2657 2491
2658 2491
2659 2491
2660 2492
2661 2492
2662 2492
2663 2491
2664 2491
2665 2491
2666 2491
2667 2491
2668 2491
2669 2491
2670 2491
2671 2491
2672 2491
2673 2491
2674 2491
2675 2491
2676 2491
2677 2491
2678 2491
2679 2491
2680 2491
2681 2491
2682 2491
2683 2491
2684 2491
2685 2491
2686 2491
2687 2491
2688 2491
2689 2491
2690 2491
2691 2491
2692 2491
2693 2491
2694 2491
2695 2490
2696 2490
2697 2490
2698 2491
2699 2491
2700 2491
2701 2491
2702 2490
2703 2490
2704 2490
2705 2490
2706 2490
2707 2490
2708 2490
2709 2491
2710 2491
2711 2490
2712 2490
2713 2490
2714 2491
2715 2490
2716 2490
2717 2490
2718 2490
2719 2490
2720 2490
2721 2490
2722 2490
2723 2490
2724 2491
2725 2491
2726 2491
2727 2491
2728 2490
2729 2491
2730 2490
2731 2490
2732 2490
2733 2491
2734 2490
2735 2490
2736 2490
2737 2490
2738 2490
2739 2490
2740 2490
2741 2490
2742 2490
2743 2491
2744 2490
2745 2491
2746 2491
2747 2490
2748 2490
2749 2491
2750 2491
2751 2490
2752 2491
2753 2490
2754 2490
2755 2490
2756 2491
2757 2491
2758 2491
2759 2491
2760 2491
2761 2491
2762 2490
2763 2491
2764 2491
2765 2490
2766 2491
2767 2490
2768 2491
2769 2490
2770 2490
2771 2490
2772 2490
2773 2490
2774 2490
2775 2490
2776 2490
2777 2490
2778 2490
2779 2490
2780 2490
2781 2490
2782 2490
2783 2490
2784 2490
2785 2490
2786 2490
2787 2490
2788 2491
2789 2491
2790 2490
2791 2490
2792 2490
2793 2490
2794 2490
2795 2490
2796 2490
2797 2490
2798 2490
2799 2490
2800 2491
2801 2490
2802 2490
2803 2490
2804 2490
2805 2490
2806 2490
2807 2490
2808 2490
2809 2490
2810 2490
2811 2490
2812 2490
2813 2490
2814 2490
2815 2492
2816 2490
2817 2490
2818 2490
2819 2490
2820 2490
2821 2490
2822 2490
2823 2490
2824 2490
2825 2490
2826 2490
2827 2490
2828 2490
2829 2490
2830 2490
2831 2490
2832 2490
2833 2490
2834 2490
2835 2490
2836 2490
2837 2490
2838 2490
2839 2490
2840 2490
2841 2490
2842 2490
2843 2490
2844 2490
2845 2490
2846 2490
2847 2490
2848 2490
2849 2490
2850 2491
2851 2490
2852 2490
2853 2490
2854 2490
2855 2490
2856 2490
2857 2490
2858 2490
2859 2490
2860 2490
2861 2490
2862 2490
2863 2490
2864 2490
2865 2490
2866 2490
2867 2490
2868 2490
2869 2490
2870 2490
2871 2490
2872 2490
2873 2490
2874 2490
2875 2490
2876 2490
2877 2490
2878 2490
2879 2489
2880 2489
2881 2490
2882 2489
2883 2490
2884 2490
2885 2490
2886 2490
2887 2490
2888 2490
2889 2490
2890 2490
2891 2490
2892 2490
2893 2490
2894 2490
2895 2490
2896 2490
2897 2490
2898 2490
2899 2490
2900 2490
2901 2490
2902 2490
2903 2490
2904 2490
2905 2490
2906 2490
2907 2490
2908 2490
2909 2490
2910 2490
2911 2490
2912 2489
2913 2489
2914 2490
2915 2490
2916 2490
2917 2489
2918 2490
2919 2489
2920 2489
2921 2489
2922 2489
2923 2489
2924 2489
2925 2489
2926 2489
2927 2489
2928 2489
2929 2490
2930 2490
2931 2490
2932 2490
2933 2490
2934 2489
2935 2489
2936 2489
2937 2489
2938 2490
2939 2490
2940 2490
2941 2490
2942 2490
2943 2490
2944 2490
2945 2490
2946 2489
2947 2489
2948 2489
2949 2489
2950 2489
2951 2489
2952 2489
2953 2489
2954 2489
2955 2489
2956 2489
2957 2489
2958 2489
2959 2489
2960 2489
2961 2489
2962 2488
2963 2489
2964 2489
2965 2489
2966 2488
2967 2491
2968 2489
2969 2489
2970 2489
2971 2488
2972 2489
2973 2488
2974 2489
2975 2489
2976 2488
2977 2489
2978 2489
2979 2489
2980 2489
2981 2489
2982 2489
2983 2489
2984 2489
2985 2489
2986 2489
2987 2489
2988 2488
2989 2488
2990 2488
2991 2488
2992 2488
2993 2488
2994 2488
2995 2488
2996 2488
2997 2488
2998 2488
2999 2488
3000 2488
3001 2488
3002 2488
3003 2488
3004 2488
3005 2488
3006 2488
3007 2488
3008 2487
3009 2488
3010 2488
3011 2488
3012 2488
3013 2488
3014 2488
3015 2487
3016 2488
3017 2488
3018 2487
3019 2488
3020 2488
3021 2488
3022 2487
3023 2488
3024 2487
3025 2487
3026 2488
3027 2487
3028 2488
3029 2487
3030 2488
3031 2488
3032 2488
3033 2488
3034 2487
3035 2487
3036 2487
3037 2487
3038 2487
3039 2487
3040 2488
3041 2487
3042 2487
3043 2487
3044 2487
3045 2487
3046 2487
3047 2487
3048 2487
3049 2487
3050 2488
3051 2487
3052 2487
3053 2487
3054 2487
3055 2487
3056 2487
3057 2487
3058 2487
3059 2487
3060 2487
3061 2487
3062 2487
3063 2487
3064 2487
3065 2487
3066 2487
3067 2486
3068 2487
3069 2486
3070 2487
3071 2487
3072 2487
3073 2487
3074 2487
3075 2487
3076 2487
3077 2488
3078 2487
3079 2491
3080 2487
3081 2487
3082 2487
3083 2487
3084 2487
3085 2487
3086 2487
3087 2487
3088 2486
3089 2487
3090 2487
3091 2487
3092 2487
3093 2486
3094 2486
3095 2486
3096 2486
3097 2486
3098 2486
3099 2486
3100 2486
3101 2486
3102 2486
3103 2485
3104 2486
3105 2485
3106 2485
3107 2486
3108 2486
3109 2485
3110 2485
3111 2485
3112 2485
3113 2485
3114 2485
3115 2486
3116 2486
3117 2486
3118 2485
3119 2485
3120 2485
3121 2485
3122 2485
3123 2485
3124 2485
3125 2485
3126 2485
3127 2485
3128 2485
3129 2485
3130 2486
3131 2485
3132 2485
3133 2485
3134 2485
3135 2485
3136 2485
3137 2485
3138 2485
3139 2485
3140 2485
3141 2486
3142 2485
3143 2486
3144 2488
3145 2484
3146 2484
3147 2485
3148 2485
3149 2485
3150 2485
3151 2485
3152 2485
3153 2485
3154 2485
3155 2485
3156 2486
3157 2486
3158 2485
3159 2486
3160 2486
3161 2486
3162 2486
3163 2486
3164 2485
3165 2485
3166 2485
3167 2485
3168 2485
3169 2485
3170 2485
3171 2485
3172 2485
3173 2485
3174 2485
3175 2485
3176 2485
3177 2485
3178 2485
3179 2485
3180 2485
3181 2485
3182 2485
3183 2485
3184 2485
3185 2485
3186 2485
3187 2485
3188 2485
3189 2485
3190 2485
3191 2485
3192 2485
3193 2484
3194 2484
3195 2485
3196 2485
3197 2485
3198 2485
3199 2485
3200 2485
3201 2485
3202 2485
3203 2485
3204 2485
3205 2485
3206 2485
3207 2485
3208 2485
3209 2485
3210 2485
3211 2485
3212 2485
3213 2485
3214 2485
3215 2488
3216 2494
3217 2487
3218 2487
3219 2486
3220 2487
3221 2487
3222 2487
3223 2487
3224 2487
3225 2487
3226 2487
3227 2487
3228 2487
3229 2487
3230 2487
3231 2487
3232 2488
3233 2489
3234 2490
3235 2490
3236 2486
3237 2486
3238 2486
3239 2487
3240 2487
3241 2487
3242 2487
3243 2487
3244 2487
3245 2492
3246 2488
3247 2487
3248 2487
3249 2487
3250 2488
3251 2487
3252 2492
3253 2489
3254 2488
3255 2488
3256 2488
3257 2488
3258 2488
3259 2488
3260 2487
3261 2487
3262 2487
3263 2488
3264 2488
3265 2488
3266 2488
3267 2487
3268 2487
3269 2487
3270 2487
3271 2487
3272 2487
3273 2487
3274 2487
3275 2487
3276 2487
3277 2487
3278 2487
3279 2487
3280 2487
3281 2487
3282 2486
3283 2486
3284 2486
3285 2486
3286 2486
3287 2486
3288 2486
3289 2486
3290 2486
3291 2485
3292 2485
3293 2485
3294 2485
3295 2485
3296 2485
3297 2484
3298 2484
3299 2484
3300 2484
3301 2484
3302 2484
3303 2484
3304 2484
3305 2484
3306 2484
3307 2484
3308 2484
3309 2484
3310 2484
3311 2483
3312 2484
3313 2484
3314 2484
3315 2484
3316 2484
3317 2484
3318 2484
3319 2484
3320 2485
3321 2483
3322 2484
3323 2484
3324 2483
3325 2483
3326 2483
3327 2484
3328 2483
3329 2485
3330 2483
3331 2484
3332 2483
3333 2485
3334 2485
3335 2482
3336 2483
3337 2483
3338 2483
3339 2483
3340 2483
3341 2483
3342 2483
3343 2482
3344 2483
3345 2490
3346 2483
3347 2483
3348 2483
3349 2483
3350 2483
3351 2484
3352 2483
3353 2483
3354 2483
3355 2483
3356 2483

1900 2548
1901 2548
1902 2547
1903 2546
1904 2550
1905 2547
1906 2548
1907 2545
1908 2544
1909 2543
1910 2545
1911 2544
1912 2543
1913 2548
1914 2548
1915 2541
1916 2549
1917 2542
1918 2535
1919 2541
1920 2543
1921 2543
1922 2542
1923 2542
1924 2542
1925 2540
1926 2535
1927 2542
1928 2542
1929 2541
1930 2541
1931 2541
1932 2545
1933 2548
1934 2542
1935 2540
1936 2534
1937 2541
1938 2542
1939 2543
1940 2543
1941 2542
1942 2543
1943 2540
1944 2541
1945 2535
1946 2540
2230 2534
2231 2535
2232 2534
2233 2528
2234 2534
2235 2534
2236 2533
2237 2541
2238 2535
2239 2529
2240 2535
2241 2534
2242 2534
2243 2534
2244 2535
2245 2534
2246 2534
2247 2534
2248 2534
2249 2535
2250 2534
2251 2540
2252 2533
2253 2532
2254 2532
2255 2531
2256 2532
2257 2532
2258 2532
2259 2530
2260 2532
2261 2531
2262 2532
2263 2532
2264 2532
2265 2532
2266 2532
2267 2537
2268 2534
2269 2533
2270 2533
2271 2533
2272 2533
2273 2540
2274 2532
2275 2533
2276 2531
2277 2531
2278 2530
2279 2537
2280 2532
2281 2531
2282 2531
2539 2513
2540 2507
2541 2512
2542 2513
2543 2512
2544 2511
2545 2505
2546 2511
2547 2511
2548 2512
2549 2511
2550 2511
2551 2508
2552 2511
2553 2511
2554 2511
2555 2511
2556 2511
2557 2511
2558 2511
2559 2510
2560 2511
2561 2511
2562 2510
2563 2510
2564 2511
2565 2510
2566 2509
2567 2510
2568 2509
2569 2504
2570 2512
2571 2510
2572 2511
2573 2510
2574 2510
2575 2514
2576 2513
2577 2504
2578 2511
2579 2511
2580 2510
2581 2510
2582 2510
2583 2509
2584 2510
2585 2510
2586 2510
2587 2510
2588 2510
2589 2511
2590 2511
2591 2511
2592 2510
2593 2510
2594 2510
2595 2511
2596 2509
2597 2510
2598 2510
2599 2510
2600 2510
2601 2510
2602 2510
2603 2509
2604 2514
2605 2508
2606 2509
2607 2508
2608 2510
2609 2509
2610 2509
2611 9999
2612 2509
2613 2509
2614 2509
2712 9999
2713 9999
2714 2505
2715 9999
2716 2508
2717 2508
2718 2508
2719 2507
2720 2508
2721 2504
2722 2504
2723 2508
2724 2508
2725 2508
2726 2509
2727 2508
2728 2508
2729 2506
2730 2509
2731 2508
2732 2509
2733 2508
2734 2509
2735 2509
2736 2509
2737 2508
2738 2509
2739 2511
2740 2508
2741 2508
2742 2508
2743 2508
2744 2508
2745 2508
2746 2509
2747 2504
2748 2508
3083 2513
3084 2514
3085 2511
3086 2514
3087 2513
3088 2507
3089 2514
3090 2520
3091 2513
3092 2517
3093 2514
3094 2515
3095 2521
3096 2515
3097 2515
3098 2515
3099 2516
3100 2515
3101 2515
3102 2515
3103 2514
3104 2514
3105 2514
3106 2512
3107 2515
3108 2507
3109 2517
3110 2513
3111 2514
3112 2514
3113 2514
3114 2513
3115 2514
3116 2514
3117 2514
3118 2514
3119 2514
3120 2513
3121 2513
3122 2513
3123 2515
3124 2506
3125 2517
3126 2516
3127 2514
3128 2515
3129 2513
3130 2513
3131 2514
3132 2513
3133 2513
3134 2512
3135 2514
3136 2513
3137 2514
3138 2512
3139 2513
3140 2512
3141 2514
3142 2516
3143 2514
3144 2513
3145 2514
3146 2514
3147 2514
3148 2513
3149 2511
3150 2517
3151 2512
3152 2513
3153 2512
3154 2511
3155 2511
3156 2517
3157 2513
3158 2512
3159 2511
3160 2512
3161 2514
3162 2515
3163 2507
3164 2510
3165 2510
3166 2504
3167 2504
3168 2512
3169 2511
3170 2513
3171 2516
3172 2511
3173 2512
3174 2512
3175 2513
3176 2516
3177 2511
3178 2511
3179 2511
3180 2507
3181 2511

