1408 2515
1409 2515
1410 2529
1411 2516
1412 2514
1413 2515
1414 2510
1415 2511
1416 2510
1417 2510
1418 2511
1419 2511
1420 2511
1421 2511
1422 2510
1423 2511
1424 2511
1425 2510
1426 2519
1427 2515
1428 2512
1429 2512
1430 2514
1431 2513
1432 2514
1433 2514
1434 2514
1435 2514
1436 2514
1437 2515
1438 2514
1439 2513
1440 2513
1441 2514
1442 2513
1443 2513
1444 2513
1445 2513
1446 2513
1447 2513
1448 2512
1449 2514
1450 2512
1451 2512
1452 2512
1453 2511
1454 2511
1455 2510
1456 2510
1457 2509
1458 2508
1459 2507
1460 2507
1461 2508
1462 2507
1463 2507
1464 2508
1465 2512
1466 2510
1467 2510
1468 2511
1469 2510
1470 2511
1471 2512
1472 2509
1473 2510
1474 2515
1475 2510
1476 2509
1477 2509
1478 2509
1479 2510
1480 2509
1481 2513
1482 2512
1483 2510
1484 2511
1485 2513
1486 2510
1487 2514
1488 2513
1489 2509
1490 2509
1491 2509
1492 2509
1493 2509
1494 2508
1495 2510
1496 2512
1497 2510
1498 2511
1499 2512
1500 2515
1501 2509
1502 2509
1503 2509
1504 2511
1505 2511
1506 2511
1507 2509
1508 2510
1509 2514
1510 2511
1511 2510
1512 2511
1513 2517
1514 2510
1515 2510
1516 2510
1517 2510
1518 2514
1519 2509
1520 2510
1521 2509
1522 2507
1523 2507
1524 2507
1525 2507
1526 2507
1527 2507
1528 2507
1529 2507
1530 2508
1531 2508
1532 2508
1533 2507
1534 2508
1535 2509
1536 2509
1537 2509
1538 2512
1539 2513
1540 2509
1541 2508
1542 2507
1543 2507
1544 2506
1545 2507
1546 2507
1547 2507
1548 2508
1549 2507
1550 2507
1551 2507
1552 2513
1553 2508
1554 2507
1555 2508
1556 2507
1557 2508
1558 2508
1559 2507
1560 2509
1561 2510
1562 2509
1563 2509
1564 2509
1565 2508
1566 2507
1567 2507
1568 2507
1569 2506
1570 2506
1571 2506
1572 2508
1573 2507
1574 2508
1575 2508
1576 2507
1577 2507
1578 2507
1579 2513
1580 2512
1581 2511
1582 2507
1583 2509
1584 2507
1585 2508
1586 2508
1587 2508
1588 2513
1589 2509
1590 2507
1591 2509
1592 2508
1593 2509
1594 2507
1595 2507
1596 2507
1597 2508
1598 2509
1599 2513
1600 2509
1601 2509
1602 2508
1603 2508
1604 2509
1605 2508
1606 2511
1607 2509
1608 2509
1609 2509
1610 2508
1611 2509
1612 2509
1613 2509
1614 2508
1615 2512
1616 2509
1617 2508
1618 2509
1619 2510
1620 2508
1621 2508
1622 2513
1623 2510
1624 2510
1625 2511
1626 2508
1627 2507
1628 2507
1629 2507
1630 2506
1631 2507
1632 2505
1633 2505
1634 2509
1635 2506
1636 2505
1637 2506
1638 2507
1639 2507
1640 2506
1641 2506
1642 2506
1643 2510
1644 2506
1645 2506
1646 2505
1647 2510
1648 2508
1649 2509
1650 2508
1651 2505
1652 2506
1653 2509
1654 2506
1655 2505
1656 2506
1657 2506
1658 2505
1659 2505
1660 2505
1661 2506
1662 2503
1663 2504
1664 2512
1665 2507
1666 2508
1667 2503
1668 2507
1669 2508
1670 2507
1671 2508
1672 2509
1673 2504
1674 2504
1675 2503
1676 2503
1677 2504
1678 2503
1679 2506
1680 2506
1681 2506
1682 2502
1683 2503
1684 2503
1685 2503
1686 2504
1687 2503
1688 2503
1689 2509
1690 2503
1691 2508
1692 2502
1693 2502
1694 2502
1695 2507
1696 2504
1697 2504
1698 2503
1699 2504
1700 2504
1701 2504
1702 2503
1703 2503
1704 2507
1705 2508
1706 2508
1707 2504
1708 2503
1709 2504
1710 2504
1711 2504
1712 2503
1713 2503
1714 2504
1715 2505
1716 2505
1717 2505
1718 2504
1719 2505
1720 2504
1721 2504
1722 2505
1723 2505
1724 2505
1725 2505
1726 2504
1727 2504
1728 2503
1729 2502
1730 2503
1731 2506
1732 2507
1733 2510
1734 2503
1735 2504
1736 2504
1737 2503
1738 2507
1739 2502
1740 2502
1741 2503
1742 2503
1743 2503
1744 2507
1745 2503
1746 2503
1747 2504
1748 2504
1749 2505
1750 2503
1751 2503
1752 2503
1753 2503
1754 2503
1755 2504
1756 2504
1757 2503
1758 2503
1759 2504
1760 2503
1761 2503
1762 2503
1763 2504
1764 2504
1765 2504
1766 2504
1767 2503
1768 2502
1769 2502
1770 2502
1771 2501
1772 2501
1773 2502
1774 2501
1775 2502
1776 2502
1777 2503
1778 2502
1779 2503
1780 2501
1781 2504
1782 2502
1783 2505
1784 2505
1785 2501
1786 2501
1787 2501
1788 2503
1789 2501
1790 2502
1791 2502
1792 2503
1793 2507
1794 2503
1795 2501
1796 2503
1797 2505
1798 2502
1799 2503
1800 2504
1801 2500
1802 2501
1803 2501
1804 2506
1805 2500
1806 2505
1807 2501
1808 2501
1809 2501
1810 2501
1811 2501
1812 2502
1813 2501
1814 2502
1815 2500
1816 2500
1817 2500
1818 2504
1819 2500
1820 2500
1821 2500
1822 2500
1823 2500
1824 2499
1825 2499
1826 2499
1827 2500
1828 2500
1829 2500
1830 2500
1831 2500
1832 2500
1833 2500
1834 2500
1835 2501
1836 2500
1837 2500
1838 2499
1839 2500
1840 2500
1841 2500
1842 2499
1843 2500
1844 2499
1845 2500
1846 2499
1847 2499
1848 2499
1849 2499
1850 2499
1851 2499
1852 2499
1853 2499
1854 2502
1855 2502
1856 2500
1857 2500
1858 2500
1859 2500
1860 2500
1861 2499
1862 2500
1863 2500
1864 2500
1865 2499
1866 2499
1867 2499
1868 2500
1869 2499
1870 2500
1871 2500
1872 2499
1873 2499
1874 2499
1875 2499
1876 2499
1877 2499
1878 2499
1879 2499
1880 2499
1881 2504
1882 2500
1883 2500
1884 2499
1885 2499
1886 2499
1887 2499
1888 2500
1889 2499
1890 2499
1891 2503
1892 2503
1893 2499
1894 2498
1895 2499
1896 2498
1897 2498
1898 2499
1899 2498
1900 2498
1901 2498
1902 2498
1903 2498
1904 2498
1905 2498
1906 2497
1907 2497
1908 2499
1909 2499
1910 2498
1911 2498
1912 2503
1913 2499
1914 2501
1915 2498
1916 2501
1917 2499
1918 2499
1919 2499
1920 2499
1921 2499
1922 2498
1923 2498
1924 2498
1925 2498
1926 2499
1927 2499
1928 2498
1929 2499
1930 2498
1931 2501
1932 2498
1933 2498
1934 2498
1935 2498
1936 2498
1937 2498
1938 2498
1939 2499
1940 2498
1941 2501
1942 2503
1943 2497
1944 2497
1945 2496
1946 2498
1947 2498
1948 2498
1949 2498
1950 2497
1951 2496
1952 2496
1953 2497
1954 2497
1955 2497
1956 2497
1957 2497
1958 2498
1959 2499
1960 2496
1961 2496
1962 2497
1963 2496
1964 2496
1965 2496
1966 2497
1967 2497
1968 2500
1969 2497
1970 2496
1971 2497
1972 2496
1973 2496
1974 2497
1975 2496
1976 2496
1977 2505
1978 2502
1979 2495
1980 2496
1981 2496
1982 2496
1983 2500
1984 2497
1985 2498
1986 2500
1987 2499
1988 2500
1989 2499
1990 2501
1991 2502
1992 2498
1993 2498
1994 2497
1995 2499
1996 2504
1997 2504
1998 2499
1999 2502
2000 2498
2001 2498
2002 2497
2003 2497
2004 2497
2005 2501
2006 2497
2007 2497
2008 2497
2009 2498
2010 2498
2011 2498
2012 2498
2013 2498
2014 2499
2015 2498
2016 2499
2017 2498
2018 2498
2019 2498
2020 2498
2021 2498
2022 2498
2023 2497
2024 2498
2025 2497
2026 2497
2027 2498
2028 2498
2029 2498
2030 2497
2031 2497
2032 2498
2033 2498
2034 2498
2035 2497
2036 2497
2037 2498
2038 2498
2039 2497
2040 2498
2041 2497
2042 2498
2043 2498
2044 2497
2045 2497
2046 2497
2047 2497
2048 2498
2049 2498
2050 2498
2051 2497
2052 2497
2053 2497
2054 2497
2055 2498
2056 2497
2057 2496
2058 2498
2059 2497
2060 2497
2061 2498
2062 2498
2063 2497
2064 2497
2065 2497
2066 2497
2067 2497
2068 2501
2069 2498
2070 2497
2071 2497
2072 2497
2073 2497
2074 2497
2075 2498
2076 2498
2077 2498
2078 2498
2079 2498
2080 2498
2081 2498
2082 2498
2083 2498
2084 2498
2085 2498
2086 2498
2087 2498
2088 2498
2089 2498
2090 2498
2091 2498
2092 2498
2093 2498
2094 2498
2095 2498
2096 2498
2097 2498
2098 2498
2099 2498
2100 2498
2101 2498
2102 2498
2103 2498
2104 2498
2105 2498
2106 2498
2107 2498
2108 2498
2109 2498
2110 2498
2111 2498
2112 2498
2113 2498
2114 2499
2115 2498
2116 2498
2117 2499
2118 2499
2119 2498
2120 2498
2121 2499
2122 2498
2123 2498
2124 2499
2125 2498
2126 2498
2127 2499
2128 2499
2129 2498
2130 2499
2131 2498
2132 2499
2133 2499
2134 2499
2135 2499
2136 2499
2137 2499
2138 2499
2139 2499
2140 2499
2141 2499
2142 2499
2143 2499
2144 2499
2145 2499
2146 2499
2147 2499
2148 2499
2149 2499
2150 2499
2151 2499
2152 2499
2153 2499
2154 2499
2155 2500
2156 2499
2157 2499
2158 2500
2159 2500
2160 2500
2161 2500
2162 2500
2163 2500
2164 2500
2165 2500
2166 2500
2167 2500
2168 2500
2169 2500
2170 2500
2171 2500
2172 2500
2173 2500
2174 2500
2175 2499
2176 2500
2177 2499
2178 2499
2179 2499
2180 2499
2181 2499
2182 2499
2183 2499
2184 2498
2185 2498
2186 2498
2187 2498
2188 2498
2189 2498
2190 2498
2191 2498
2192 2498
2193 2498
2194 2498
2195 2498
2196 2498
2197 2498
2198 2498
2199 2498
2200 2498
2201 2498
2202 2498
2203 2498
2204 2498
2205 2498
2206 2499
2207 2498
2208 2498
2209 2498
2210 2498
2211 2498
2212 2498
2213 2498
2214 2498
2215 2498
2216 2498
2217 2498
2218 2499
2219 2499
2220 2498
2221 2499
2222 2499
2223 2498
2224 2498
2225 2499
2226 2499
2227 2499
2228 2498
2229 2499
2230 2499
2231 2498
2232 2499
2233 2499
2234 2499
2235 2499
2236 2499
2237 2499
2238 2499
2239 2499
2240 2499
2241 2499
2242 2499
2243 2499
2244 2499
2245 2499
2246 2499
2247 2499
2248 2499
2249 2499
2250 2499
2251 2499
2252 2499
2253 2499
2254 2499
2255 2499
2256 2499
2257 2499
2258 2499
2259 2499
2260 2499
2261 2500
2262 2499
2263 2500
2264 2499
2265 2499
2266 2499
2267 2500
2268 2499
2269 2499
2270 2499
2271 2499
2272 2500
2273 2500
2274 2499
2275 2500
2276 2500
2277 2500
2278 2500
2279 2500
2280 2500
2281 2500
2282 2499
2283 2499
2284 2500

2020 2527
2021 2525
2022 2522
2023 2533
2024 2532
2025 2531
2026 2529
2027 2526
2028 2527
2029 2529
2030 2528
2031 2527
2032 2527
2033 2534
2034 2525
2035 2526
2036 2529
2037 2528
2038 2522
2039 2529
2040 2530
2041 2535
2042 2523
2043 2521
2044 2529
2045 2534
2046 2527
2047 2528
2048 2528
2049 2534
2050 2522
2051 2525
2052 2532
2053 2528
2054 2529
2055 2528
2056 2527
2057 2525
2058 2527
2059 2529
2060 2530
2061 2535
2062 2529
2063 2532
2064 2528
2065 2532
2066 2533
2067 2529
2068 2532
2069 2530
2070 2525
2071 2527
2072 2527
2073 2528
2074 2527
2075 2529
2076 2527
2077 2529
2078 2525
2079 2531
2080 2521
2081 2521
2082 2520
2083 2526
2084 2524
2085 2528
2086 2532
2087 2531
2088 2532
2089 2528
2090 2527
2091 2529
2092 2531
2093 2528
2094 2526
2095 2522
2096 2529
2097 2528
2098 2526
2099 2520
2100 2523
2101 2527
2102 2528
2103 2527
2104 2519
2105 2527
2106 2528
2107 2527
2108 2527
2109 2529
2110 2526
2111 2527
2112 2527
2113 2530
2114 2519
2115 2528
2116 2533
2117 2529
2118 2529
2119 2528
2120 2532
2121 2529
2122 2529
2123 2521
2124 2532
2125 2532
2126 2525
2127 2527
2128 2534
2129 2523
2130 2521
2131 2520
2132 2527
2133 2525
2134 2527
2135 2526
2136 2526
2137 2529
2138 2531
2139 2524
2140 2531
2141 2529
2142 2530
2143 2531
2144 2529
2145 2535
2146 2532
2147 2529
2148 2528
2149 2534
2150 2531
2151 2530
2152 2529
2153 2534
2154 2528
2155 2521
2156 2532
2157 2535
2158 2534
2159 2532
2160 2526
2161 2529
2162 2530
2163 2523
2164 2528
2165 2530
2166 2530
2167 2529
2168 2524
2169 2529
2170 2530
2171 2531
2172 2530
2173 2530
2174 2530
2175 2530
2176 2526
2177 2535
2178 2529
2179 2524
2180 2523
2181 2535
2182 2536
2183 2531
2184 2524
2185 2524
2186 2529
2187 2529
2188 2531
2189 2530
2190 2528
2191 2529
2192 2529
2193 2528
2194 2529
2195 2532
2196 2530
2197 2537
2198 2534
2199 2529
2200 2528
2201 2531
2202 2537
2203 2524
2204 2532
2205 2528
2206 2523
2207 2530
2208 2529
2209 2530
2210 2531
2211 2527
2212 2528
2213 2529
2214 2534
2215 2532
2216 2531
2217 2529
2218 2528
2219 2527
2220 2530
2221 2522
2222 2523
2223 2526
2224 2526
2225 2527
2226 2526
2227 2526
2228 2526
2229 2526
2230 2526
2231 2527
2232 2526
2233 2526
2234 2523
2235 2526
2236 2526
2237 2527
2238 2526
2239 2525
2240 2526
2241 2527
2242 2530
2243 2525
2244 2523
2245 2526
2246 2525
2247 2526
2248 2525
2249 2524
2250 2524
2251 2536
2252 2525
2253 2526
2254 2526
2255 2526
2256 2532
2257 2525
2258 2525
2259 2526
2260 2525
2261 2524
2262 2524
2263 2524
2264 2523
2265 2525
2266 2523
2267 2525
2268 2530
2269 2524
2270 2525
2271 2524
2272 2525
2273 2529
2274 2528
2275 2522
2276 2521
2277 2522
2278 2523
2279 2519
2280 2525
2281 2525
2282 2521
2283 2521

