1 2486
2 2484
3 2485
4 2485
5 2485
6 2485
7 2485
8 2485
9 2484
10 2484
11 2484
12 2484
13 2484
14 2484
15 2484
16 2484
17 2484
18 2484
19 2484
20 2484
21 2484
22 2484
23 2484
24 2484
25 2484
26 2484
27 2484
28 2484
29 2484
30 2484
31 2484
32 2484
33 2484
34 2484
35 2484
36 2484
37 2484
38 2484
39 2484
40 2483
41 2483
42 2483
43 2484
44 2483
45 2483
46 2484
47 2483
48 2483
49 2483
50 2483
51 2483
52 2483
53 2483
54 2483
55 2483
56 2483
57 2483
58 2483
59 2483
60 2483
61 2483
62 2483
63 2483
64 2483
65 2483
66 2483
67 2483
68 2483
69 2483
70 2483
71 2483
72 2483
73 2483
74 2483
75 2483
76 2483
77 2483
78 2482
79 2483
80 2482
81 2483
82 2482
83 2482
84 2482
85 2482
86 2482
87 2483
88 2482
89 2482
90 2482
91 2482
92 2482
93 2482
94 2482
95 2482
96 2482
97 2482
98 2482
99 2482
100 2482
101 2482
102 2481
103 2482
104 2482
105 2482
106 2482
107 2482
108 2482
109 2482
110 2482
111 2481
112 2481
113 2481
114 2481
115 2481
116 2481
117 2481
118 2481
119 2481
120 2481
121 2481
122 2481
123 2481
124 2480
125 2481
126 2480
127 2481
128 2480
129 2480
130 2480
131 2480
132 2480
133 2480
134 2480
135 2480
136 2480
137 2480
138 2480
139 2480
140 2479
141 2480
142 2479
143 2479
144 2479
145 2479
146 2479
147 2479
148 2479
149 2479
150 2479
151 2479
152 2479
153 2479
154 2479
155 2479
156 2479
157 2479
158 2479
159 2479
160 2479
161 2479
162 2479
163 2479
164 2479
165 2478
166 2478
167 2479
168 2479
169 2479
170 2479
171 2478
172 2479
173 2479
174 2478
175 2479
176 2479
177 2482
178 2482
179 2480
180 2480
181 2480
182 2481
183 2480
184 2480
185 2481
186 2480
187 2480
188 2480
189 2480
190 2480
191 2480
192 2480
193 2480
194 2479
195 2479
196 2480
197 2480
198 2480
199 2479
200 2479
201 2479
202 2479
203 2479
204 2479
205 2479
206 2479
207 2479
208 2479
209 2479
210 2479
211 2479
212 2479
213 2479
214 2479
215 2479
216 2479
217 2479
218 2479
219 2479
220 2479
221 2479
222 2479
223 2479
224 2478
225 2478
226 2478
227 2478
228 2478
229 2478
230 2478
231 2478
232 2478
233 2478
234 2478
235 2478
236 2478
237 2478
238 2478
239 2478
240 2478
241 2478
242 2478
243 2478
244 2478
245 2478
246 2478
247 2478
248 2478
249 2478
250 2478
251 2478
252 2478
253 2478
254 2478
255 2478
256 2477
257 2478
258 2478
259 2478
260 2478
261 2478
262 2478
263 2477
264 2478
265 2478
266 2478
267 2477
268 2478
269 2478
270 2477
271 2477
272 2477
273 2479
274 2479
275 2477
276 2476
277 2476
278 2477
279 2476
280 2476
281 2476
282 2476
283 2476
284 2476
285 2476
286 2476
287 2476
288 2477
289 2475
290 2475
291 2474
292 2474
293 2474
294 2473
295 2473
296 2473
297 2473
298 2473
299 2473
300 2473
301 2473
302 2473
303 2473
304 2473
305 2473
306 2473
307 2472
308 2472
309 2472
310 2472
311 2472
312 2472
313 2472
314 2472
315 2472
316 2472
317 2472
318 2471
319 2471
320 2471
321 2471
322 2471
323 2471
324 2471
325 2471
326 2471
327 2471
328 2471
329 2471
330 2471
331 2471
332 2471
333 2470
334 2470
335 2470
336 2470
337 2470
338 2470
339 2470
340 2470
341 2470
342 2470
343 2470
344 2470
345 2470
346 2470
347 2470
348 2470
349 2470
350 2470
351 2470
352 2470
353 2470
354 2470
355 2470
356 2470
357 2470
358 2470
359 2470
360 2470
361 2470
362 2470
363 2469
364 2470
365 2470
366 2470
367 2469
368 2469
369 2469
370 2469
371 2470
372 2470
373 2470
374 2470
375 2470
376 2470
377 2469
378 2469
379 2469
380 2469
381 2469
382 2469
383 2469
384 2469
385 2469
386 2469
387 2469
388 2469
389 2469
390 2469
391 2469
392 2469
393 2470
394 2470
395 2469
396 2470
397 2470
398 2470
399 2470
400 2470
401 2469
402 2470
403 2470
404 2470
405 2469
406 2469
407 2469
408 2469
409 2468
410 2469
411 2468
412 2468
413 2468
414 2468
415 2468
416 2468
417 2468
418 2468
419 2468
420 2468
421 2467
422 2467
423 2467
424 2467
425 2467
426 2467
427 2467
428 2467
429 2467
430 2467
431 2467
432 2466
433 2467
434 2467
435 2467
436 2466
437 2467
438 2466
439 2467
440 2466
441 2466
442 2467
443 2466
444 2466
445 2466
446 2466
447 2466
448 2466
449 2466
450 2466
451 2466
452 2466
453 2466
454 2466
455 2466
456 2465
457 2466
458 2466
459 2466
460 2466
461 2466
462 2466
463 2466
464 2466
465 2465
466 2466
467 2465
468 2466
469 2465
470 2465
471 2465
472 2465
473 2465
474 2465
475 2465
476 2465
477 2465
478 2465
479 2465
480 2465
481 2465
482 2465
483 2465
484 2465
485 2465
486 2465
487 2465
488 2465
489 2465
490 2465
491 2465
492 2465
493 2465
494 2465
495 2464
496 2465
497 2465
498 2465
499 2465
500 2464
501 2465
502 2465
503 2465
504 2465
505 2465
506 2465
507 2465
508 2465
509 2464
510 2465
511 2465
512 2464
513 2465
514 2465
515 2465
516 2464
517 2464
518 2465
519 2464
520 2465
521 2465
522 2465
523 2465
524 2464
525 2465
526 2464
527 2464
528 2464
529 2464
530 2464
531 2464
532 2464
533 2464
534 2464
535 2464
536 2464
537 2464
538 2464
539 2464
540 2464
541 2464
542 2464
543 2464
544 2464
545 2464
546 2463
547 2464
548 2464
549 2463
550 2463
551 2464
552 2463
553 2463
554 2463
555 2463
556 2463
557 2463
558 2463
559 2463
560 2463
561 2463
562 2463
563 2463
564 2462
565 2462
566 2463
567 2463
568 2463
569 2463
570 2463
571 2462
572 2462
573 2462
574 2463
575 2463
576 2462
577 2462
578 2463
579 2463
580 2462
581 2462
582 2462
583 2462
584 2462
585 2462
586 2462
587 2462
588 2462
589 2462
590 2462
591 2461
592 2461
593 2461
594 2462
595 2461
596 2461
597 2461
598 2461
599 2461
600 2461
601 2461
602 2461
603 2461
604 2461
605 2461
606 2460
607 2461
608 2461
609 2461
610 2461
611 2461
612 2461
613 2461
614 2461
615 2461
616 2461
617 2461
618 2461
619 2461
620 2460
621 2460
622 2460
623 2460
624 2460
625 2460
626 2460
627 2460
628 2460
629 2460
630 2460
631 2460
632 2460
633 2460
634 2460
635 2460
636 2459
637 2459
638 2459
639 2459
640 2459
641 2459
642 2459
643 2459
644 2459
645 2459
646 2458
647 2459
648 2458
649 2458
650 2458
651 2458
652 2458
653 2458
654 2458
655 2458
656 2458
657 2458
658 2458
659 2458
660 2458
661 2457
662 2457
663 2458
664 2458
665 2458
666 2458
667 2458
668 2457
669 2457
670 2456
671 2462

26 2515
27 2517
28 2516
29 2522
30 2516
31 2519
32 2517
33 2518
34 2517
35 2518
36 2515
37 2516
38 2517
39 2516
40 2518
41 2515
42 2513
43 2516
44 2516
45 2517
46 2515
47 2517
48 2518
49 2513
50 2514
51 2517
52 2513
53 2516
54 2517
55 2515
56 2516
57 2508
58 2508
59 2515
60 2509
61 2515
62 2515
63 2507
64 2515
65 2517
66 2518
67 2507
68 2519
210 2518
211 2507
212 2515
213 2514
214 2513
215 2507
216 2514
217 2513
218 2514
219 2511
220 2521
221 2512
222 2514
223 2513
224 2514
225 2515
226 2514
227 2514
228 2515
229 2519
230 2519
231 2514
232 2514
233 2508
234 2514
235 2513
236 2516
237 2512
238 2514
239 2519
240 2516
241 2515
242 2516
243 2515
244 2507
245 2507
246 2507
247 2520
248 2510
249 2514
250 2514
251 2514
252 2517
253 2515
254 2514
255 2515
256 2514
257 2515
258 2514
259 2508
260 2516
261 2519
262 2521
263 2510
264 2511
265 2512
266 2516
607 2494
608 2501
609 2501
610 2496
611 2497
612 2493
613 2497
614 2497
615 2503
616 2501
617 2496
618 2496
619 2497
620 2494
621 2494
622 2493
623 2494
624 2493
625 2493
626 2493
627 2494
628 2494
629 2494
630 2488
631 2493
632 2493
633 2491
634 2492
635 2492
636 2491
637 2491
638 2493
639 2495
640 2498
641 2494
642 2491
643 2489
644 2490
645 2493
646 2492
647 2490
648 2484
649 2491
650 2483
651 2485
652 2485
653 2492
654 2485
655 2484
656 2491
657 2489
658 2482
659 2490
660 2486
661 2488
662 2487
663 2488
664 2482

