686 2500
687 2505
688 2502
689 2501
690 2501
691 2502
692 2502
693 2503
694 2503
695 2503
696 2503
697 2504
698 2505
699 2504
700 2505
701 2504
702 2504
703 2503
704 2507
705 2504
706 2503
707 2503
708 2502
709 2502
710 2504
711 2501
712 2503
713 2510
714 2504
715 2508
716 2508
717 2510
718 2506
719 2505
720 2507
721 2505
722 2505
723 2504
724 2505
725 2505
726 2504
727 2503
728 2506
729 2504
730 2504
731 2502
732 2502
733 2502
734 2502
735 2501
736 2503
737 2502
738 2502
739 2502
740 2503
741 2502
742 2502
743 2502
744 2501
745 2502
746 2506
747 2504
748 2501
749 2507
750 2500
751 2508
752 2503
753 2510
754 2501
755 2508
756 2501
757 2510
758 2504
759 2502
760 2510
761 2506
762 2505
763 2507
764 2511
765 2505
766 2505
767 2505
768 2505
769 2505
770 2505
771 2506
772 2504
773 2505
774 2510
775 2502
776 2502
777 2509
778 2503
779 2503
780 2504
781 2504
782 2505
783 2506
784 2503
785 2501
786 2500
787 2508
788 2507
789 2508
790 2504
791 2506
792 2505
793 2503
794 2503
795 2504
796 2504
797 2502
798 2502
799 2502
800 2502
801 2501
802 2500
803 2502
804 2501
805 2500
806 2500
807 2500
808 2501
809 2501
810 2501
811 2501
812 2501
813 2501
814 2501
815 2502
816 2504
817 2504
818 2505
819 2502
820 2503
821 2502
822 2507
823 2506
824 2507
825 2509
826 2503
827 2503
828 2502
829 2502
830 2502
831 2503
832 2502
833 2502
834 2502
835 2506
836 2506
837 2501
838 2506
839 2507
840 2502
841 2501
842 2502
843 2502
844 2502
845 2502
846 2504
847 2502
848 2501
849 2506
850 2503
851 2503
852 2502
853 2502
854 2502
855 2502
856 2502
857 2502
858 2502
859 2502
860 2501
861 2502
862 2502
863 2502
864 2502
865 2502
866 2503
867 2503
868 2504
869 2503
870 2504
871 2504
872 2505
873 2506
874 2503
875 2514
876 2506
877 2504
878 2505
879 2507
880 2508
881 2506
882 2509
883 2506
884 2505
885 2503
886 2503
887 2503
888 2503
889 2502
890 2502
891 2502
892 2502
893 2501
894 2501
895 2501
896 2500
897 2500
898 2501
899 2500
900 2500
901 2500
902 2500
903 2500
904 2500
905 2500
906 2500
907 2500
908 2500
909 2500
910 2501
911 2501
912 2501
913 2501
914 2501
915 2501
916 2501
917 2501
918 2501
919 2501
920 2508
921 2501
922 2501
923 2501
924 2501
925 2501
926 2501
927 2501
928 2501
929 2502
930 2501
931 2501
932 2502
933 2502
934 2501
935 2501
936 2502
937 2502
938 2501
939 2502
940 2501
941 2502
942 2508
943 2501
944 2501
945 2501
946 2501
947 2501
948 2501
949 2501
950 2501
951 2501
952 2501
953 2501
954 2501
955 2501
956 2501
957 2502
958 2502
959 2501
960 2502
961 2501
962 2501
963 2501
964 2501
965 2501
966 2501
967 2500
968 2500
969 2500
970 2501
971 2501
972 2506
973 2501
974 2500
975 2500
976 2501
977 2504
978 2501
979 2500
980 2500
981 2500
982 2499
983 2498
984 2499
985 2499
986 2498
987 2498
988 2498
989 2498
990 2497
991 2497
992 2497
993 2497
994 2498
995 2498
996 2497
997 2497
998 2497
999 2498
1000 2498
1001 2498
1002 2497
1003 2497
1004 2498
1005 2500
1006 2497
1007 2498
1008 2498
1009 2497
1010 2497
1011 2497
1012 2497
1013 2500
1014 2497
1015 2497
1016 2497
1017 2497
1018 2497
1019 2497
1020 2497
1021 2497
1022 2497
1023 2497
1024 2497
1025 2500
1026 2498
1027 2497
1028 2498
1029 2498
1030 2498
1031 2497
1032 2498
1033 2498
1034 2498
1035 2498
1036 2498
1037 2498
1038 2498
1039 2498
1040 2501
1041 2500
1042 2497
1043 2497
1044 2498
1045 2498
1046 2498
1047 2502
1048 2498
1049 2499
1050 2498
1051 2498
1052 2498
1053 2502
1054 2498
1055 2499
1056 2499
1057 2501
1058 2499
1059 2499
1060 2500
1061 2501
1062 2500
1063 2500
1064 2500
1065 2500
1066 2500
1067 2499
1068 2500
1069 2503
1070 2501
1071 2501
1072 2501
1073 2501
1074 2501
1075 2501
1076 2501
1077 2501
1078 2500
1079 2500
1080 2500
1081 2500
1082 2506
1083 2500
1084 2501
1085 2500
1086 2499
1087 2500
1088 2500
1089 2499
1090 2502
1091 2502
1092 2500
1093 2500
1094 2501
1095 2501
1096 2501
1097 2503
1098 2503
1099 2502
1100 2500
1101 2500
1102 2500
1103 2500
1104 2500
1105 2500
1106 2500
1107 2500
1108 2500
1109 2500
1110 2500
1111 2499
1112 2499
1113 2502
1114 2500
1115 2500
1116 2500
1117 2499
1118 2499
1119 2501
1120 2509
1121 2500
1122 2498
1123 2497
1124 2498
1125 2498
1126 2498
1127 2499
1128 2498
1129 2500
1130 2497
1131 2503
1132 2500
1133 2497
1134 2498
1135 2499
1136 2499
1137 2497
1138 2497
1139 2497
1140 2497
1141 2497
1142 2496
1143 2496
1144 2497
1145 2497
1146 2496
1147 2496
1148 2503
1149 2496
1150 2504
1151 2500
1152 2503
1153 2496
1154 2500
1155 2496
1156 2496
1157 2498
1158 2499
1159 2502
1160 2497
1161 2499
1162 2500
1163 2496
1164 2496
1165 2496
1166 2501
1167 2496
1168 2497
1169 2503
1170 2499
1171 2498
1172 2496
1173 2500
1174 2496
1175 2496
1176 2501
1177 2496
1178 2496
1179 2499
1180 2499
1181 2496
1182 2498
1183 2496
1184 2496
1185 2496
1186 2504
1187 2499
1188 2502
1189 2500
1190 2497
1191 2499
1192 2498
1193 2499
1194 2502
1195 2503
1196 2500
1197 2500
1198 2501
1199 2500
1200 2501
1201 2501
1202 2502
1203 2502
1204 2501
1205 2501
1206 2501
1207 2501
1208 2500
1209 2501
1210 2501
1211 2500
1212 2500
1213 2500
1214 2500
1215 2500
1216 2500
1217 2500
1218 2500
1219 2501
1220 2501
1221 2500
1222 2502
1223 2501
1224 2500
1225 2501
1226 2501
1227 2501
1228 2500
1229 2500
1230 2501
1231 2500
1232 2500
1233 2501
1234 2501
1235 2501
1236 2500
1237 2500
1238 2501
1239 2501
1240 2501
1241 2501
1242 2501
1243 2501
1244 2501
1245 2501
1246 2505
1247 2503
1248 2504
1249 2503
1250 2505
1251 2507
1252 2501
1253 2500
1254 2501
1255 2501
1256 2500
1257 2500
1258 2501
1259 2500
1260 2500
1261 2500
1262 2501
1263 2501
1264 2500
1265 2500
1266 2500
1267 2500
1268 2500
1269 2501
1270 2500
1271 2500
1272 2500
1273 2501
1274 2500
1275 2500
1276 2500
1277 2501
1278 2502
1279 2501
1280 2501
1281 2500
1282 2501
1283 2502
1284 2500
1285 2500
1286 2502
1287 2501
1288 2506
1289 2501
1290 2501
1291 2501
1292 2501
1293 2501
1294 2500
1295 2501
1296 2501
1297 2501
1298 2501
1299 2501
1300 2501
1301 2501
1302 2501
1303 2501
1304 2501
1305 2500
1306 2501
1307 2501
1308 2500
1309 2501
1310 2500
1311 2500
1312 2500
1313 2501
1314 2501
1315 2500
1316 2501
1317 2503
1318 2501
1319 2501
1320 2501
1321 2500
1322 2500
1323 2500
1324 2501
1325 2504
1326 2501
1327 2501
1328 2500
1329 2500
1330 2501
1331 2500
1332 2500
1333 2500
1334 2500
1335 2500
1336 2500
1337 2500
1338 2500
1339 2500
1340 2500
1341 2501
1342 2502
1343 2501
1344 2500
1345 2500
1346 2500
1347 2500
1348 2499
1349 2499
1350 2499
1351 2499
1352 2499
1353 2501
1354 2502
1355 2499
1356 2501
1357 2502
1358 2502
1359 2507
1360 2499
1361 2500
1362 2500
1363 2501
1364 2504
1365 2501
1366 2502
1367 2499
1368 2499
1369 2499
1370 2499
1371 2500
1372 2499
1373 2499
1374 2499
1375 2499
1376 2499
1377 2499
1378 2499
1379 2500
1380 2499
1381 2499
1382 2500
1383 2500
1384 2499
1385 2499
1386 2500
1387 2500
1388 2499
1389 2500
1390 2500
1391 2499
1392 2506
1393 2500
1394 2500
1395 2499
1396 2500
1397 2501
1398 2501
1399 2501
1400 2501
1401 2501
1402 2501
1403 2500
1404 2501
1405 2500
1406 2503
1407 2499
1408 2501
1409 2501
1410 2500
1411 2500
1412 2500
1413 2501
1414 2501
1415 2501
1416 2501
1417 2504
1418 2500
1419 2500
1420 2503
1421 2502
1422 2504
1423 2500
1424 2499
1425 2500
1426 2500
1427 2500
1428 2500
1429 2500
1430 2500
1431 2500
1432 2503
1433 2500
1434 2501
1435 2501
1436 2500
1437 2502
1438 2501
1439 2500
1440 2501
1441 2501
1442 2500
1443 2500
1444 2500
1445 2504
1446 2500
1447 2500
1448 2501
1449 2501
1450 2500
1451 2500
1452 2501
1453 2500
1454 2500
1455 2500
1456 2500
1457 2501
1458 2500
1459 2500
1460 2500
1461 2500
1462 2500
1463 2500
1464 2500
1465 2500
1466 2500
1467 2500
1468 2500
1469 2500
1470 2500
1471 2500
1472 2500
1473 2500
1474 2500
1475 2500
1476 2500
1477 2500
1478 2500
1479 2500
1480 2500
1481 2500
1482 2500
1483 2502
1484 2500
1485 2500
1486 2500
1487 2500
1488 2500
1489 2499
1490 2500
1491 2500
1492 2500
1493 2500
1494 2500
1495 2500
1496 2500
1497 2500
1498 2500
1499 2500
1500 2500
1501 2500
1502 2500
1503 2500
1504 2500
1505 2500
1506 2500
1507 2500
1508 2500
1509 2500
1510 2499
1511 2500
1512 2500
1513 2500
1514 2500
1515 2500
1516 2500
1517 2501
1518 2500
1519 2500
1520 2500
1521 2500
1522 2500
1523 2500
1524 2500
1525 2499
1526 2499
1527 2499
1528 2499
1529 2499
1530 2499
1531 2500
1532 2500
1533 2500
1534 2500
1535 2500
1536 2500
1537 2500
1538 2500
1539 2500
1540 2500
1541 2500
1542 2499
1543 2499
1544 2500
1545 2499
1546 2499
1547 2499
1548 2499
1549 2499
1550 2499
1551 2499
1552 2499
1553 2500
1554 2499
1555 2499
1556 2499
1557 2499
1558 2499
1559 2499
1560 2499
1561 2499
1562 2499
1563 2499
1564 2499
1565 2499
1566 2499
1567 2499
1568 2499
1569 2499
1570 2499
1571 2499
1572 2500
1573 2499
1574 2498
1575 2499
1576 2499
1577 2499
1578 2499
1579 2499
1580 2499
1581 2499
1582 2499
1583 2499
1584 2499
1585 2499
1586 2499
1587 2499
1588 2499
1589 2499
1590 2498
1591 2499
1592 2500
1593 2499
1594 2499
1595 2499
1596 2499
1597 2499
1598 2499
1599 2499
1600 2499
1601 2499
1602 2499
1603 2499
1604 2499
1605 2499
1606 2499
1607 2499
1608 2499
1609 2499
1610 2499
1611 2499
1612 2499
1613 2499
1614 2499
1615 2499
1616 2499
1617 2499
1618 2499
1619 2499
1620 2499
1621 2499
1622 2499
1623 2499
1624 2499
1625 2499
1626 2499
1627 2499
1628 2499
1629 2499
1630 2499
1631 2498
1632 2499
1633 2499
1634 2499
1635 2499
1636 2498
1637 2499
1638 2498
1639 2499
1640 2499
1641 2499
1642 2499
1643 2499
1644 2499
1645 2499
1646 2499
1647 2498
1648 2498
1649 2499
1650 2499
1651 2499
1652 2499
1653 2499
1654 2499
1655 2498
1656 2499
1657 2499
1658 2498
1659 2499
1660 2498
1661 2498
1662 2502
1663 2499
1664 2498
1665 2499
1666 2499
1667 2498
1668 2498
1669 2499
1670 2499
1671 2499
1672 2499
1673 2498
1674 2499
1675 2499
1676 2498
1677 2498
1678 2498
1679 2499
1680 2498
1681 2498
1682 2498
1683 2498
1684 2498
1685 2498
1686 2498
1687 2500
1688 2499
1689 2499
1690 2498
1691 2499
1692 2499
1693 2499
1694 2498
1695 2498
1696 2499
1697 2497
1698 2500
1699 2498
1700 2498
1701 2499
1702 2498
1703 2498
1704 2498
1705 2499
1706 2498
1707 2498
1708 2499
1709 2499
1710 2498
1711 2498
1712 2498
1713 2498
1714 2498
1715 2498
1716 2498
1717 2498
1718 2498
1719 2501
1720 2498
1721 2498
1722 2501
1723 2498
1724 2498
1725 2497
1726 2497
1727 2497
1728 2497
1729 2497
1730 2497
1731 2497
1732 2497
1733 2497
1734 2498
1735 2497
1736 2497
1737 2497
1738 2497
1739 2498
1740 2500
1741 2497
1742 2497
1743 2497
1744 2497
1745 2497
1746 2497
1747 2497
1748 2497
1749 2497
1750 2497
1751 2497
1752 2497
1753 2497
1754 2497
1755 2497
1756 2497
1757 2497
1758 2497
1759 2496
1760 2497
1761 2497
1762 2497
1763 2497
1764 2496
1765 2497
1766 2497
1767 2497
1768 2496
1769 2496
1770 2496
1771 2496
1772 2496
1773 2496
1774 2496
1775 2496
1776 2496
1777 2496
1778 2496
1779 2496
1780 2495
1781 2496
1782 2496
1783 2496
1784 2496
1785 2496
1786 2495
1787 2495
1788 2495
1789 2495
1790 2496
1791 2495
1792 2496
1793 2495
1794 2495
1795 2496
1796 2496
1797 2496
1798 2495
1799 2495
1800 2495
1801 2495
1802 2495
1803 2495
1804 2495
1805 2495
1806 2495
1807 2495
1808 2495
1809 2495
1810 2495
1811 2495
1812 2495
1813 2495
1814 2495
1815 2495
1816 2495
1817 2495
1818 2494
1819 2495
1820 2495
1821 2495
1822 2495
1823 2495
1824 2495
1825 2495
1826 2495
1827 2495
1828 2495
1829 2495
1830 2494
1831 2494
1832 2494
1833 2494
1834 2495
1835 2494
1836 2494
1837 2494
1838 2495
1839 2495
1840 2495
1841 2495
1842 2494
1843 2494
1844 2494
1845 2496
1846 2496
1847 2496
1848 2495
1849 2494
1850 2496
1851 2495
1852 2499
1853 2496
1854 2496
1855 2495
1856 2495
1857 2495
1858 2494
1859 2494
1860 2495
1861 2495
1862 2495
1863 2494
1864 2494
1865 2494
1866 2494
1867 2494
1868 2494
1869 2494
1870 2494
1871 2494
1872 2494
1873 2494
1874 2494
1875 2494
1876 2494
1877 2494
1878 2494
1879 2494
1880 2493
1881 2494
1882 2494
1883 2493
1884 2494
1885 2494
1886 2494
1887 2493
1888 2493
1889 2494
1890 2493
1891 2493
1892 2494
1893 2494
1894 2494
1895 2494
1896 2493
1897 2493
1898 2493
1899 2493
1900 2493
1901 2493
1902 2493
1903 2493
1904 2493
1905 2494
1906 2494
1907 2494
1908 2494
1909 2493
1910 2493
1911 2494
1912 2493
1913 2493
1914 2493
1915 2493
1916 2493
1917 2493
1918 2493
1919 2494
1920 2493
1921 2494
1922 2494
1923 2493
1924 2493
1925 2493
1926 2493
1927 2493
1928 2493
1929 2493
1930 2493
1931 2493
1932 2493
1933 2493
1934 2493
1935 2493
1936 2493
1937 2493
1938 2493
1939 2493
1940 2493
1941 2493
1942 2493
1943 2493
1944 2493
1945 2493
1946 2493
1947 2494
1948 2493
1949 2494
1950 2493
1951 2493
1952 2493
1953 2496
1954 2496
1955 2494
1956 2494
1957 2494
1958 2493
1959 2493
1960 2493
1961 2492
1962 2493
1963 2493
1964 2497
1965 2493
1966 2493
1967 2495
1968 2493
1969 2492
1970 2493
1971 2493
1972 2493
1973 2493
1974 2493
1975 2493
1976 2493
1977 2492
1978 2492
1979 2493
1980 2493
1981 2493
1982 2493
1983 2493
1984 2493
1985 2493
1986 2492
1987 2492
1988 2493
1989 2493
1990 2493
1991 2493
1992 2492
1993 2492
1994 2492
1995 2492
1996 2493
1997 2492
1998 2493
1999 2493
2000 2493
2001 2493
2002 2493
2003 2493
2004 2493
2005 2493
2006 2493
2007 2493
2008 2493
2009 2493
2010 2493
2011 2493
2012 2493
2013 2493
2014 2493
2015 2493
2016 2493
2017 2493
2018 2493
2019 2493
2020 2493
2021 2492
2022 2493
2023 2493
2024 2493
2025 2493
2026 2493
2027 2493
2028 2493
2029 2493
2030 2493
2031 2493
2032 2493
2033 2493
2034 2493
2035 2493
2036 2494
2037 2494
2038 2493
2039 2493
2040 2493
2041 2493
2042 2493
2043 2493
2044 2493
2045 2493
2046 2493
2047 2493
2048 2493
2049 2493
2050 2493
2051 2493
2052 2493
2053 2493
2054 2493
2055 2493
2056 2493
2057 2493
2058 2493
2059 2492
2060 2492
2061 2492
2062 2493
2063 2493
2064 2493
2065 2493
2066 2493
2067 2493
2068 2493
2069 2493
2070 2493
2071 2493
2072 2493
2073 2493
2074 2493
2075 2493
2076 2493
2077 2493
2078 2493
2079 2493
2080 2492
2081 2492
2082 2492
2083 2492
2084 2493
2085 2493
2086 2493
2087 2493
2088 2493
2089 2493
2090 2493
2091 2493
2092 2493
2093 2493
2094 2493
2095 2493
2096 2493
2097 2493
2098 2493
2099 2493
2100 2493
2101 2493
2102 2493
2103 2493
2104 2493
2105 2493
2106 2493
2107 2493
2108 2493
2109 2493
2110 2493
2111 2493
2112 2493
2113 2493
2114 2493
2115 2493
2116 2493
2117 2493
2118 2493
2119 2493
2120 2493
2121 2493
2122 2493
2123 2493
2124 2493
2125 2493
2126 2493
2127 2493
2128 2493
2129 2493
2130 2493
2131 2493
2132 2493
2133 2493
2134 2493
2135 2493
2136 2493
2137 2492
2138 2492
2139 2492
2140 2492
2141 2492
2142 2492
2143 2492
2144 2492
2145 2492
2146 2492
2147 2492
2148 2492
2149 2492
2150 2492
2151 2492
2152 2492
2153 2492
2154 2491
2155 2491
2156 2491
2157 2491
2158 2491
2159 2491
2160 2491
2161 2491
2162 2491
2163 2491
2164 2491
2165 2491
2166 2491
2167 2491
2168 2491
2169 2491
2170 2491
2171 2491
2172 2491
2173 2491
2174 2491
2175 2490
2176 2491
2177 2490
2178 2491
2179 2491
2180 2491
2181 2491
2182 2491
2183 2492
2184 2491
2185 2491
2186 2491
2187 2491
2188 2491
2189 2491
2190 2491
2191 2491
2192 2491
2193 2490
2194 2491
2195 2491
2196 2491
2197 2491
2198 2491
2199 2491
2200 2491
2201 2491
2202 2491
2203 2490
2204 2490
2205 2490
2206 2490
2207 2490
2208 2490
2209 2490
2210 2490
2211 2490
2212 2490
2213 2490
2214 2490
2215 2490
2216 2490
2217 2490
2218 2490
2219 2490
2220 2490
2221 2491
2222 2490
2223 2490
2224 2490
2225 2491
2226 2490
2227 2490
2228 2491
2229 2491
2230 2490
2231 2490
2232 2490
2233 2490
2234 2490
2235 2490
2236 2490
2237 2490
2238 2490
2239 2490
2240 2490
2241 2490
2242 2490
2243 2490
2244 2490
2245 2490
2246 2490
2247 2490
2248 2490
2249 2490
2250 2490
2251 2489
2252 2490
2253 2490
2254 2490
2255 2490
2256 2490
2257 2489
2258 2489
2259 2489
2260 2489
2261 2489
2262 2489
2263 2489
2264 2489
2265 2489
2266 2489
2267 2489
2268 2489
2269 2489
2270 2489
2271 2489
2272 2489
2273 2489
2274 2489
2275 2489
2276 2489
2277 2489
2278 2488
2279 2488
2280 2489
2281 2488
2282 2488
2283 2488
2284 2488
2285 2488
2286 2488
2287 2488
2288 2488
2289 2488
2290 2488
2291 2489
2292 2488
2293 2488
2294 2488
2295 2488
2296 2488
2297 2488
2298 2488
2299 2488
2300 2488
2301 2488
2302 2488
2303 2488
2304 2488
2305 2488
2306 2488
2307 2488
2308 2488
2309 2488
2310 2488
2311 2488
2312 2488
2313 2488
2314 2488
2315 2488
2316 2488
2317 2488
2318 2488
2319 2488
2320 2488
2321 2488
2322 2487
2323 2488
2324 2488
2325 2488
2326 2488
2327 2487
2328 2487
2329 2487
2330 2487
2331 2487
2332 2488
2333 2487
2334 2487
2335 2487
2336 2487
2337 2487
2338 2487
2339 2487
2340 2487
2341 2488
2342 2487
2343 2487
2344 2487
2345 2487
2346 2486
2347 2487
2348 2487
2349 2487
2350 2487
2351 2486
2352 2488
2353 2487
2354 2486
2355 2485
2356 2485
2357 2486

1014 2545
1015 2539
1016 2535
1017 2538
1018 2539
1019 2541
1020 2549
1021 2546
1022 2539
1023 2545
1024 2535
1025 2544
1026 2543
1027 2544
1028 2549
1029 2541
1030 2543
1031 2542
1032 2538
1033 2541
1034 2549
1035 2542
1036 2542
1037 2543
1038 2549
1039 2548
1040 2549
1041 2543
1042 2535
1043 2544
1044 2544
1045 2541
1046 2535
1047 2542
1048 2535
1049 2543
1050 2541
1051 2542
1052 2540
1053 2544
1054 2544
1055 2543
1056 2542
1057 2544
1058 2542
1059 2535
1060 2545
1061 2543
1062 2545
1063 2542
1064 2544
1065 2547
1066 2538
1067 2544
1068 2537
1069 2535
1070 2545
1071 2544
1072 2537
1073 2543
1074 2539
1075 2535
1076 2543
1077 2545
1078 2549
1079 2545
1080 2549
1081 2535
1082 2539
1083 2540
1084 2536
1085 2542
1086 2542
1087 2546
1088 2543
1089 2541
1090 2543
1091 2546
1092 2539
1093 2543
1094 2537
1095 2544
1096 2538
1097 2540
1098 2539
1099 2546
1100 2541
1101 2550
1102 2541
1103 2542
1104 2541
1105 2536
1106 2544
1107 2540
1108 2538
1109 2543
1110 2541
1111 2540
1112 2542
1113 2541
1114 2542
1115 2544
1116 2550
1117 2542
1118 2544
1119 2543
1120 2541
1121 2543
1122 2543
1123 2550
1124 2549
1125 2549
1126 2546
1127 2548
1128 2549
1129 2544
1130 2540
1131 2539
1132 2544
1133 2543
1134 2537
1135 2540
1136 2547
1137 2538
1138 2539
1139 2547
1140 2539
1141 2545
1142 2545
1143 2538
1144 2536
1145 2547
1146 2537
1147 2539
1148 2540
1149 2550
1150 2540
1151 2548
1152 2539
1153 2545
1154 2538
1155 2536
1156 2549
1157 2550
1158 2550
1159 2539
1160 2548
1161 2545
1162 2543
1163 2544
1164 2539
1165 2547
1166 2539
1167 2537
1168 2545
1169 2548
1170 2549
1171 2542
1172 2547
1173 2550
1174 2538
1175 2537
1176 2538
1177 2546
1178 2544
1179 2538
1180 2538
1181 2550
1182 2538
1183 2544
1184 2538
1185 2550
1186 2536
1187 2537
1188 2543
1189 2539
1190 2538
1191 2539
1192 2541
1193 2541
1194 2542
1195 2549
1196 2539
1197 2543
1198 2545
1199 2539
1200 2535
1201 2543
1202 2542
1203 2546
1204 2546
1205 2541
1206 2537
1207 2549
1208 2548
1209 2548
1210 2537
1211 2543
1212 2541
1213 2543
1214 2541
1215 2536
1216 2545
1217 2540
1218 2542
1219 2544
1220 2539
1221 2541
1222 2549
1223 2542
1224 2540
1225 2535
1226 2546
1227 2542
1228 2541
1229 2542
1230 2538
1231 2547
1232 2542
1233 2541
1234 2540
1235 2543
1236 2539
1237 2541
1238 2540
1239 2536
1240 2537
1241 2541
1242 2536
1243 2542
1244 2540
1245 2543
1246 2540
1247 2535
1248 2540
1249 2542
1250 2542
1251 2537
1252 2537
1253 2541
1254 2545
1255 2546
1256 2541
1257 2539
1258 2540
1259 2534
1260 2540
1261 2545
1262 2544
1263 2545
1264 2535
1265 2548
1266 2539
1267 2534
1268 2534
1269 2540
1270 2547
1271 2548
1272 2540
1273 2539
1274 2537
1275 2539
1276 2541
1277 2537
1278 2543
1279 2541
1280 2548
1281 2540
1282 2539
1283 2540
1284 2540
1285 2540
1286 2541
1287 2538
1288 2541
1289 2534
1290 2538
1291 2542
1292 2542
1293 2546
1294 2540
1295 2544
1296 2544
1297 2542
1298 2542
1299 2544
1300 2538
1301 2548
1302 2541
1303 2540
1304 2546
1305 2541
1306 2538
1307 2540
1308 2533
1309 2540
1310 2539
1311 2540
1312 2539
1313 2538
1314 2533
1315 2538
1316 2540
1317 2533
1318 2533
1319 2543
1320 2536
1321 2533
1322 2540
1323 2539
1324 2542
1325 2539
1326 2544
1327 2541
1328 2539
1329 2539
1330 2544
1331 2544
1332 2547
1333 2544
1334 2540
1335 2539
1336 2538
1337 2545
1338 2540
1339 2536
1340 2537
1341 2539
1342 2543
1343 2542
1344 2533
1345 2539
1346 2543
1347 2542
1348 2534
1349 2538
1350 2538
1351 2538
1352 2538
1353 2532
1354 2534
1355 2539
1356 2532
1357 2532
1358 2534
1359 2540
1360 2533
1361 2542
1362 2534
1363 2541
1364 2545
1365 2532
1366 2538
1367 2538
1368 2545
1369 2539
1370 2539
1371 2538
1372 2540
1373 2541
1374 2540
1375 2539
1376 2541
1377 2537
1378 2542
1379 2537
1380 2538
1381 2538
1382 2538
1383 2537
1384 2545
1385 2538
1386 2537
1387 2541
1388 2537
1389 2533
1390 2538
1391 2538
1392 2545
1393 2540
1394 2538
1395 2531
1396 2541
1397 2543
1398 2538
1399 2540
1400 2539
1401 2536
1402 2533
1403 2531
1404 2543
1405 2542
1406 2537
1407 2539
1408 2538
1409 2540
1410 2534
1411 2540
1412 2531
1413 2536
1414 2536
1415 2544
1416 2535
1417 2532
1418 2536
1419 2536
1420 2538
1421 2538
1422 2537
1423 2536
1424 2538
1425 2533
1426 2531
1427 2538
1428 2530
1429 2541
1430 2543
1431 2537
1432 2531
1433 2544
1434 2533
1435 2539
1436 2538
1437 2537
1438 2537
1439 2539
1440 2529
1441 2537
1442 2538
1443 2535
1444 2535
1445 2541
1446 2536
1447 2537
1448 2529
1449 2530
1450 2535
1451 2539
1452 2537
1453 2531
1454 2543
1455 2530
1456 2538
1457 2538
1458 2543
1459 2537
1460 2537
1461 2536
1462 2537
1463 2537
1464 2542
1465 2538
1466 2537
1467 2537
1468 2536
1469 2536
1470 2542
1471 2528
1472 2537
1473 2536
1474 2528
1475 2539
1476 2536
1477 2536
1478 2536
1479 2537
1480 2536
1481 2531
1482 2536
1483 2535
1484 2536
1485 2527
1486 2529
1487 2536
1488 2536
1489 2536
1490 2535
1491 2541
1492 2534
1493 2538
1494 2538
1495 2536
1496 2536
1497 2535
1498 2535
1499 2540
1500 2534
1501 2538
1502 2535
1503 2535
1504 2535
1505 2535
1506 2535
1507 2534
1508 2535
1509 2539
1510 2539
1511 2533
1512 2530
1513 2534
1514 2534
1515 2529
1516 2532
1517 2534
1518 2534
1519 2529
1520 2534
1521 2537
1522 2532
1523 2533
1524 2533
1525 2533
1526 2525
1527 2538
1528 2532
1529 2531
1530 2531
1531 2531
1532 2532
1533 2531
1534 2531
1535 2525
1536 2531
1537 2537
1538 2530
1539 2530
1540 2530
1541 2530
1542 2535
1543 2530
1544 2531
1545 2534
1546 2523
1547 2532
1548 2535
1549 2531
1550 2532
1551 2529
1552 2527
1553 2529
1554 2531
1555 2533
1556 2534
1557 2534
1558 2523
1559 2532
1560 2529
1561 2524
1562 2529
1563 2534
1564 2528
1565 2534
1566 2527
1567 2527
1568 2535
1569 2528
1570 2529
1571 2529
1572 2529
1573 2527
1574 2528
1575 2528
1576 2528
1577 2522
1578 2529
1579 2533
1580 2527
1581 2529
1582 2527
1583 2532
1584 2535
1585 2535
1586 2528
1587 2527
1588 2528
1589 2528
1590 2528
1591 2527
1592 2527
1593 2529
1594 2529
1595 2527
1596 2528
1597 2528
1598 2529
1599 2532
1600 2528
1601 2528
1602 2528
1603 2528
1604 2528
1605 2528
1606 2528
1607 2532
1608 2528
1609 2528
1610 2528
1611 2527
1612 2525
1613 2531
1614 2526
1615 2529
1616 2533
1617 2522
1618 2528
1619 2528
1620 2528
1621 2527
1622 2528
1623 2527
1624 2528
1625 2528
1626 2528
1627 2527
1628 2529
1629 2528
1630 2529
1631 2527
1632 2529
1633 2529
1634 2529
1635 2521
1636 2528
1637 2528
1638 2527
1639 2532
1640 2528
1641 2532
1792 2519
1793 2526
1794 2519
1795 2525
1796 2523
1797 2521
1798 2523
1799 2522
1800 2516
1801 2522
1802 2520
1803 2519
1804 2514
1805 2525
1806 2519
1807 2520
1808 2520
1809 2518
1810 2516
1811 2515
1812 2516
1813 2517
1814 2519
1815 2516
1816 2516
1817 2516
1818 2524
1819 2511
1820 2520
1821 2516
1822 2516
1823 2523
1824 2520
1825 2516
1826 2519
1827 2517
1828 2521
1829 2520
1830 2514
1831 2513
1832 2512
1833 2510
1834 2512
1835 2512
1836 2512
1837 2516
1838 2512
1839 2515
1840 2513
1841 2512
1842 2512
1843 2512
1844 2512
1845 2511
1846 2512
1847 2508
1848 2512
1849 2510
1850 2512
1851 2511
1852 2515
1853 2512
1854 2511
1855 2507
1856 2512
1857 2512
1858 2512
1859 2511
1860 2511
1861 2510
1862 2511
1863 2512
1864 2510
1865 2510
1866 2511
1867 2513
1868 2510
1869 2511
1870 2511
1871 2511
1872 2506
1873 9999
1874 2513
1875 2516
1876 2518
1877 2514
1878 2506
1879 2510
1880 2511
1881 2512
1882 2518
1883 2505
1884 9999
1885 2514
1886 2514
1887 2510
1888 2517
1889 2516
1890 2510
1891 2510
1892 2510
1893 2510
1894 2510
1895 2510
1896 2510
1897 2510
1898 2512
1899 2511
1900 2511
1901 2511
1902 2512
1903 2511
1904 2511
1905 2511
1906 2511
1907 2511
1908 2512
1909 2511
1910 2511
1911 2511
1912 2511
1913 2511
1914 2510
1915 2511
1916 2510
1917 2511
1918 2511
1919 2511
1920 2511
1921 2511
1922 2511
1923 2511
1924 2511
1925 2510
1926 2511
1927 2511
1928 2511
1929 2506
1930 2512
1931 2511
1932 2511
1933 2511
1934 2511
1935 2511
1936 2513
1937 2511
1938 2510
1939 2511
1940 2512
1941 2505
1942 2512
1943 9999
1944 2512
1945 2512
1946 2513
1947 2517
1948 2512
1949 2510
1950 2514
1951 2510
1952 2511
1953 2509
1954 2514
1955 2518
1956 2515
1957 2511
1958 2512
1959 2507
1960 2513
1961 2509
1962 2508
1963 2511
1964 2510
1965 2511
1966 2511
1967 2509
1968 2513
1969 2515
1970 2510
1971 2507
1972 2508
1973 2509
1974 2508
1975 2509
1976 2508
1977 2508
1978 2508
1979 2508
1980 2508
1981 2508
1982 2513
1983 2512
1984 2508
1985 2508
1986 2509
1987 2508
1988 2508
1989 2509
1990 9999
1991 2509
1992 2508
1993 2511
1994 2504
1995 2511
1996 2511
1997 2510
1998 2509
1999 2509
2000 2509
2001 2509
2002 9999
2003 2513
2004 2508
2005 2509
2006 2509
2007 2508
2008 2508
2009 2508
2010 2509
2011 2508
2012 2509
2013 2508
2014 2508
2015 2508
2016 2509
2017 2509
2018 2510
2019 2510
2020 2518
2021 2506
2022 2509
2023 2507
2024 2512
2025 2508
2026 2508
2027 2509
2028 2506
2029 2505
2030 2507
2031 2513
2032 2509
2033 2509
2034 2508
2035 2505
2036 9999
2037 9999
2038 9999
2039 9999
2040 9999
2041 9999
2042 9999
2043 9999
2044 9999
2045 9999
2046 9999
2047 9999
2208 2504
2209 2505
2210 2502
2211 9999
2212 9999
2213 2509
2214 9999
2215 2510
2216 2502
2217 2512
2218 2510
2219 9999
2220 9999
2221 9999
2222 2502
2223 2502
2224 2510
2225 2510
2226 2512
2227 2509
2228 2509
2229 9999
2230 2510
2231 2511
2232 2511
2233 2513
2234 2511
2235 2512
2236 2511
2237 2511
2238 2515
2239 2509
2240 2511
2241 2511
2242 2511
2243 2512
2244 2511
2245 2509
2246 2509
2247 2515
2248 2511
2249 2512
2250 2517
2251 2512
2252 2510
2253 2512
2254 2513
2255 2513
2256 2503
2257 2508
2258 2503
2259 2515
2260 2514
2261 2513
2262 2510
2263 2503
2264 2511
2265 2506
2266 2511
2267 2512
2268 2505
2269 2504
2270 2516
2271 2511
2272 2512
2273 2509
2274 2513
2275 2512
2276 2516
2277 2515
2278 2510
2279 2504
2280 2510
2281 2507
2282 2504
2283 2518
2284 2510
2285 2509
2286 2509
2287 2514
2288 2517
2289 2519
2290 2510
2291 2510
2292 2515
2293 2518
2294 2507
2295 2519
2296 2512
2297 2508
2298 2512
2299 2511
2300 2512
2301 2509
2302 2512
2303 2516
2304 2509
2305 2509
2306 2511
2307 2508
2308 2512
2309 2512
2310 2512
2311 2514
2312 2512
2313 2506
2314 2506

