5 2641
6 2644
7 2640
8 2641
9 2641
10 2642
11 2649
12 2645
13 2646
14 2647
15 2647
16 2645
17 2644
18 2643
19 2642
20 2640
21 2645
22 2640
23 2643
24 2653
25 2655
26 2648
27 2650
28 2651
29 2650
30 2650
31 2652
32 2651
33 2651
34 2652
35 2652
36 2652
37 2653
38 2652
39 2652
40 2652
41 2653
42 2654
43 2658
44 2658
45 2659
46 2664
47 2659
48 2658
49 2658
50 2659
51 2659
52 2660
53 2660
54 2660
55 2661
56 2662
57 2662
58 2666
59 2666
60 2662
61 2662
62 2662
63 2663
64 2663
65 2664
66 2664
67 2664
68 2665
69 2663
70 2664
71 2664
72 2664
73 2665
74 2665
75 2665
76 2663
77 2663
78 2662
79 2663
80 2662
81 2665
82 2666
83 2664
84 2662
85 2663
86 2657
87 2657
88 2657
89 2657
90 2657
91 2657
92 2661
93 2657
94 2656
95 2656
96 2657
97 2657
98 2658
99 2667
100 2663
101 2663
102 2656
103 2656
104 2665
105 2655
106 2656
107 2656
108 2657
109 2658
110 2659
111 2659
112 2659
113 2659
114 2658
115 2663
116 2663
117 2662
118 2658
119 2658
120 2657
121 2656
122 2662
123 2655
124 2653
125 2665
126 2669
127 2666
128 2652
129 2652
130 2653
131 2655
132 2656
133 2657
134 2656
135 2656
136 2657
137 2657
138 2667
139 2656
140 2656
141 2657
142 2657
143 2660
144 2659
145 2657
146 2657
147 2658
148 2658
149 2660
150 2659
151 2661
152 2662
153 2661
154 2660
155 2661
156 2662
157 2659
158 2658
159 2658
160 2659
161 2659
162 2658
163 2658
164 2658
165 2659
166 2659
167 2660
168 2666
169 2658
170 2661
171 2657
172 2658
173 2658
174 2671
175 2661
176 2661
177 2660
178 2659
179 2659
180 2667
181 2668
182 2660
183 2661
184 2662
185 2662
186 2663
187 2663
188 2662
189 2663
190 2662
191 2664
192 2665
193 2665
194 2666
195 2665
196 2665
197 2665
198 2665
199 2666
200 2665
201 2665
202 2664
203 2662
204 2661
205 2659
206 2658
207 2660
208 2657
209 2657
210 2666
211 2667
212 2652
213 2652
214 2652
215 2655
216 2653
217 2654
218 2655
219 2656
220 2655
221 2656
222 2657
223 2657
224 2658
225 2660
226 2658
227 2659
228 2660
229 2659
230 2663
231 2663
232 2663
233 2661
234 2662
235 2662
236 2661
237 2662
238 2663
239 2663
240 2663
241 2669
242 2668
243 2667
244 2665
245 2665
246 2665
247 2664
248 2665
249 2668
250 2662
251 2666
252 2668
253 2668
254 2667
255 2668
256 2675
257 2675
258 2662
259 2662
260 2662
261 2662
262 2661
263 2660
264 2663
265 2661
266 2661
267 2659
268 2660
269 2660
270 2671
271 2671
272 2654
273 2652
274 2651
275 2650
276 2650
277 2649
278 2649
279 2649
280 2648
281 2649
282 2650
283 2650
284 2649
285 2648
286 2647
287 2647
288 2646
289 2646
290 2647
291 2650
292 2651
293 2647
294 2651
295 2651
296 2650
297 2651
298 2652
299 2647
300 2648
301 2649
302 2650
303 2649
304 2650
305 2649
306 2653
307 2650
308 2652
309 2653
310 2653
311 2652
312 2649
313 2646
314 2649
315 2650
316 2647
317 2647
318 2646
319 2646
320 2646
321 2646
322 2647
323 2648
324 2648
325 2648
326 2646
327 2644
328 2649
329 2649
330 2640
331 2647
332 2648
333 2645
334 2646
335 2646
336 2647
337 2647
338 2645
339 2646
340 2649
341 2646
342 2648
343 2649
344 2654
345 2655
346 2655
347 2655
348 2649
349 2648
350 2648
351 2650
352 2650
353 2650
354 2650
355 2650
356 2651
357 2646
358 2655
359 2653
360 2647
361 2653
362 2653
363 2652
364 2652
365 2653
366 2651
367 2651
368 2651
369 2651
370 2652
371 2654
372 2654
373 2654
374 2651
375 2650
376 2648
377 2648
378 2648
379 2647
380 2646
381 2646
382 2637
383 2637
384 2639
385 2637
386 2638
387 2640
388 2639
389 2640
390 2640
391 2639
392 2639
393 2638
394 2637
395 2640
396 2646
397 2648
398 2641
399 2640
400 2639
401 2639
402 2642
403 2643
404 2643
405 2633
406 2633
407 2633
408 2632
409 2633
410 2631
411 2631
412 2631
413 2631
414 2630
415 2643
416 2643
417 2644
418 2636
419 2640
420 2632
421 2631
422 2632
423 2632
424 2632
425 2639
426 2631
427 2633
428 2635
429 2634
430 2636
431 2636
432 2632
433 2633
434 2633
435 2633
436 2634
437 2639
438 2640
439 2641
440 2639
441 2639
442 2642
443 2640
444 2640
445 2638
446 2639
447 2638
448 2638
449 2639
450 2639
451 2638
452 2637
453 2637
454 2638
455 2636
456 2635
457 2633
458 2638
459 2637
460 2633
461 2632
462 2643
463 2641
464 2642
465 2642
466 2643
467 2638
468 2639
469 2638
470 2638
471 2643
472 2644
473 2644
474 2644
475 2636
476 2636
477 2636
478 2636
479 2636
480 2637
481 2637
482 2638
483 2638
484 2638
485 2639
486 2641
487 2642
488 2642
489 2641
490 2647
491 2646
492 2642
493 2644
494 2644
495 2644
496 2642
497 2641
498 2643
499 2643
500 2641
501 2641
502 2643
503 2643
504 2644
505 2644
506 2644
507 2644
508 2644
509 2644
510 2645
511 2644
512 2643
513 2642
514 2642
515 2645
516 2644
517 2644
518 2642
519 2641
520 2642
521 2641
522 2641
523 2641
524 2642
525 2639
526 2641
527 2636
528 2635
529 2636
530 2637
531 2635
532 2637
533 2637
534 2637
535 2638
536 2636
537 2636
538 2635
539 2635
540 2649
541 2636
542 2641
543 2641
544 2637
545 2638
546 2638
547 2638
548 2636
549 2635
550 2634
551 2634
552 2635
553 2636
554 2633
555 2633
556 2633
557 2636
558 2634
559 2635
560 2637
561 2637
562 2638
563 2638
564 2638
565 2637
566 2638
567 2638
568 2638
569 2638
570 2639
571 2638
572 2638
573 2634
574 2638
575 2637
576 2636
577 2636
578 2636
579 2635
580 2638
581 2638
582 2634
583 2633
584 2632
585 2631
586 2631
587 2631
588 2631
589 2630
590 2629
591 2630
592 2633
593 2630
594 2633
595 2633
596 2634
597 2634
598 2635
599 2634
600 2634
601 2626
602 2633
603 2633
604 2633
605 2634
606 2633
607 2637
608 2637
609 2637
610 2629
611 2629
612 2635
613 2634
614 2633
615 2633
616 2634
617 2632
618 2632
619 2633
620 2633
621 2633
622 2632
623 2631
624 2630
625 2631
626 2631
627 2637
628 2631
629 2635
630 2629
631 2631
632 2632
633 2631
634 2633
635 2632
636 2628
637 2629
638 2629
639 2628
640 2628
641 2630
642 2631
643 2632
644 2633
645 2629
646 2629
647 2630
648 2632
649 2633
650 2634
651 2634
652 2635
653 2635
654 2635
655 2634
656 2634
657 2634
658 2633
659 2633
660 2633
661 2633
662 2633
663 2632
664 2632
665 2632
666 2639
667 2640
668 2634
669 2633
670 2634
671 2632
672 2630
673 2630
674 2631
675 2631
676 2630
677 2629
678 2631
679 2631
680 2628
681 2627
682 2627
683 2628
684 2628
685 2619
686 2630
687 2630
688 2631
689 2629
690 2629
691 2626
692 2623
693 2623
694 2624
695 2623
696 2626
697 2629
698 2623
699 2623
700 2622
701 2623
702 2623
703 2623
704 2623
705 2627
706 2622
707 2622
708 2622
709 2622
710 2623
711 2627
712 2627
713 2627
714 2626
715 2626
716 2626
717 2631
718 2629
719 2628
720 2628
721 2628
722 2627
723 2628
724 2628
725 2628
726 2628
727 2628
728 2628
729 2625
730 2625
731 2625
732 2626
733 2626
734 2624
735 2625
736 2625
737 2626
738 2625
739 2625
740 2625
741 2625
742 2625
743 2626
744 2626
745 2627
746 2627
747 2629
748 2629
749 2629
750 2624
751 2625
752 2624
753 2625
754 2624
755 2627
756 2627
757 2630
758 2626
759 2628
760 2627
761 2626
762 2627
763 2628
764 2627
765 2627
766 2627
767 2628
768 2628
769 2628
770 2625
771 2631
772 2625
773 2625
774 2625
775 2626
776 2626
777 2627
778 2627
779 2625
780 2625
781 2626
782 2626
783 2625
784 2625
785 2624
786 2624
787 2624
788 2623
789 2624
790 2624
791 2624
792 2622
793 2622
794 2621
795 2624
796 2625
797 2618
798 2617
799 2616
800 2616
801 2615
802 2614
803 2613
804 2614
805 2614
806 2615
807 2615
808 2614
809 2614
810 2614
811 2614
812 2613
813 2613
814 2613
815 2612
816 2611
817 2611
818 2610
819 2610
820 2611
821 2612
822 2608
823 2612
824 2608
825 2608
826 2613
827 2610
828 2610
829 2611
830 2611
831 2612
832 2611
833 2612
834 2612
835 2612
836 2616
837 2615
838 2616
839 2617
840 2618
841 2619
842 2624
843 2621
844 2617
845 2624
846 2624
847 2624
848 2611
849 2611
850 2610
851 2611
852 2612
853 2614
854 2615
855 2615
856 2611
857 2612
858 2613
859 2613
860 2614
861 2613
862 2613
863 2612
864 2610
865 2617
866 2614
867 2613
868 2605
869 2612
870 2612
871 2612
872 2608
873 2612
874 2611
875 2612
876 2612
877 2612
878 2610
879 2612
880 2610
881 2610
882 2610
883 2610
884 2611
885 2607
886 2607
887 2613
888 2610
889 2611
890 2611
891 2613
892 2612
893 2612
894 2611
895 2611
896 2611
897 2612
898 2611
899 2609
900 2610
901 2610
902 2611
903 2611
904 2611
905 2612
906 2612
907 2613
908 2613
909 2613
910 2612
911 2612
912 2612
913 2612
914 2612
915 2612
916 2615
917 2619
918 2610
919 2618
920 2610
921 2609
922 2614
923 2608
924 2608
925 2607
926 2607
927 2611
928 2609
929 2608
930 2608
931 2608
932 2608
933 2609
934 2609
935 2609
936 2610
937 2610
938 2610
939 2609
940 2609
941 2608
942 2608
943 2612
944 2609
945 2613
946 2610
947 2610
948 2610
949 2610
950 2610
951 2614
952 2609
953 2612
954 2612
955 2613
956 2610
957 2609
958 2609
959 2612
960 2610
961 2610
962 2611
963 2611
964 2611
965 2611
966 2610
967 2613
968 2613
969 2608
970 2608
971 2608
972 2609
973 2612
974 2611
975 2611
976 2611
977 2611
978 2611
979 2611
980 2611
981 2611
982 2612
983 2611
984 2611
985 2611
986 2613
987 2613
988 2613
989 2610
990 2614
991 2611
992 2611
993 2611
994 2611
995 2611
996 2611
997 2611
998 2611
999 2610
1000 2609
1001 2609
1002 2612
1003 2609
1004 2609
1005 2608
1006 2608
1007 2613
1008 2607
1009 2608
1010 2608
1011 2608
1012 2609
1013 2608
1014 2608
1015 2608
1016 2608
1017 2607
1018 2607
1019 2608
1020 2608
1021 2608
1022 2608
1023 2609
1024 2609
1025 2608
1026 2608
1027 2608
1028 2608
1029 2608
1030 2607
1031 2607
1032 2607
1033 2607
1034 2606
1035 2611
1036 2607
1037 2607
1038 2606
1039 2606
1040 2606
1041 2609
1042 2606
1043 2607
1044 2606
1045 2606
1046 2606
1047 2606
1048 2606
1049 2606
1050 2606
1051 2606
1052 2607
1053 2607
1054 2606
1055 2606
1056 2606
1057 2606
1058 2605
1059 2606
1060 2607
1061 2606
1062 2606
1063 2606
1064 2606
1065 2607
1066 2607
1067 2607
1068 2607
1069 2607
1070 2608
1071 2607
1072 2608
1073 2608
1074 2608
1075 2608
1076 2607
1077 2608
1078 2607
1079 2607
1080 2607
1081 2606
1082 2610
1083 2606
1084 2606
1085 2604
1086 2603
1087 2601
1088 2600
1089 2600
1090 2600
1091 2600
1092 2601
1093 2602
1094 2603
1095 2604
1096 2605
1097 2606
1098 2605
1099 2605
1100 2605
1101 2606
1102 2607
1103 2608
1104 2608
1105 2608
1106 2608
1107 2607
1108 2607
1109 2607
1110 2607
1111 2606
1112 2607
1113 2607
1114 2608
1115 2608
1116 2607
1117 2607
1118 2608
1119 2607
1120 2606
1121 2606
1122 2606
1123 2606
1124 2606
1125 2607
1126 2605
1127 2606
1128 2606
1129 2606
1130 2606
1131 2605
1132 2605
1133 2605
1134 2605
1135 2606
1136 2605
1137 2606
1138 2606
1139 2608
1140 2608
1141 2612
1142 2610
1143 2609
1144 2608
1145 2608
1146 2603
1147 2603
1148 2602
1149 2601
1150 2600
1151 2600
1152 2600
1153 2600
1154 2600
1155 2600
1156 2599
1157 2607
1158 2598
1159 2599
1160 2599
1161 2601
1162 2601
1163 2601
1164 2605
1165 2601
1166 2600
1167 2598
1168 2598
1169 2598
1170 2597
1171 2597
1172 2598
1173 2598
1174 2598
1175 2598
1176 2599
1177 2600
1178 2601
1179 2602
1180 2604
1181 2603
1182 2604
1183 2603
1184 2603
1185 2602
1186 2601
1187 2600
1188 2601
1189 2601
1190 2600
1191 2599
1192 2599
1193 2600
1194 2601
1195 2599
1196 2600
1197 2600
1198 2605
1199 2604
1200 2603
1201 2601
1202 2601
1203 2601
1204 2600
1205 2601
1206 2598
1207 2598
1208 2600
1209 2600
1210 2599
1211 2600
1212 2600
1213 2599
1214 2598
1215 2600
1216 2595
1217 2597
1218 2597
1219 2597
1220 2597
1221 2609
1222 2609
1223 2595
1224 2597
1225 2596
1226 2596
1227 2597
1228 2597
1229 2597
1230 2598
1231 2598
1232 2598
1233 2603
1234 2599
1235 2600
1236 2605
1237 2606
1238 2605
1239 2604
1240 2604
1241 2601
1242 2600
1243 2605
1244 2605
1245 2601
1246 2597
1247 2598
1248 2603
1249 2603
1250 2600
1251 2598
1252 2598
1253 2597
1254 2597
1255 2598
1256 2597
1257 2597
1258 2597
1259 2598
1260 2598
1261 2601
1262 2601
1263 2598
1264 2598
1265 2599
1266 2597
1267 2597
1268 2598
1269 2597
1270 2597
1271 2597
1272 2597
1273 2596
1274 2595
1275 2595
1276 2600
1277 2600
1278 2600
1279 2601
1280 2593
1281 2593
1282 2593
1283 2598
1284 2597
1285 2596
1286 2595
1287 2595
1288 2596
1289 2596
1290 2600
1291 2599
1292 2600
1293 2606
1294 2606
1295 2604
1296 2586
1297 2591
1298 2591
1299 2592
1300 2593
1301 2593
1302 2586
1303 2585
1304 2601
1305 2601
1306 2593
1307 2591
1308 2589
1309 2591
1310 2592
1311 2595
1312 2594
1313 2594
1314 2595
1315 2595
1316 2592
1317 2593
1318 2593
1319 2593
1320 2594
1321 2594
1322 2595
1323 2592
1324 2592
1325 2592
1326 2592
1327 2602
1328 2592
1329 2592
1330 2592
1331 2592
1332 2596
1333 2597
1334 2593
1335 2593
1336 2593
1337 2593
1338 2593
1339 2593
1340 2597
1341 2597
1342 2596
1343 2594
1344 2594
1345 2594
1346 2594
1347 2594
1348 2596
1349 2596
1350 2596
1351 2595
1352 2592
1353 2593
1354 2594
1355 2594
1356 2593
1357 2594
1358 2594
1359 2594
1360 2592
1361 2595
1362 2590
1363 2590
1364 2591
1365 2591
1366 2591
1367 2588
1368 2595
1369 2595
1370 2594
1371 2595
1372 2595
1373 2596
1374 2591
1375 2591
1376 2590
1377 2590
1378 2590
1379 2590
1380 2594
1381 2594
1382 2590
1383 2590
1384 2590
1385 2589
1386 2589
1387 2589
1388 2589
1389 2589
1390 2588
1391 2588
1392 2591
1393 2589
1394 2588
1395 2588
1396 2589
1397 2588
1398 2588
1399 2589
1400 2589
1401 2590
1402 2587
1403 2589
1404 2588
1405 2588
1406 2588
1407 2588
1408 2588
1409 2588
1410 2588
1411 2589
1412 2589
1413 2589
1414 2588
1415 2589
1416 2587
1417 2588
1418 2587
1419 2587
1420 2588
1421 2589
1422 2588
1423 2588
1424 2587
1425 2587
1426 2587
1427 2587
1428 2586
1429 2587
1430 2587
1431 2588
1432 2587
1433 2587
1434 2586
1435 2585
1436 2585
1437 2586
1438 2586
1439 2587
1440 2587
1441 2581
1442 2586
1443 2588
1444 2588
1445 2580
1446 2580
1447 2590
1448 2581
1449 2581
1450 2576
1451 2577
1452 2578
1453 2578
1454 2579
1455 2579
1456 2579
1457 2579
1458 2583
1459 2583
1460 2582
1461 2580
1462 2586
1463 2589
1464 2594
1465 2593
1466 2596
1467 2599
1468 2598
1469 2598
1470 2596
1471 2595
1472 2585
1473 2585
1474 2590
1475 2589
1476 2592
1477 2583
1478 2584
1479 2586
1480 2587
1481 2586
1482 2584
1483 2583
1484 2583
1485 2587
1486 2588
1487 2587
1488 2586
1489 2576
1490 2576
1491 2575
1492 2574
1493 2578
1494 2574
1495 2577
1496 2578
1497 2577
1498 2577
1499 2571
1500 2573
1501 2573
1502 2573
1503 2574
1504 2575
1505 2576
1506 2576
1507 2576
1508 2577
1509 2577
1510 2579
1511 2581
1512 2580
1513 2580
1514 2579
1515 2579
1516 2579
1517 2583
1518 2580
1519 2579
1520 2583
1521 2583
1522 2582
1523 2587
1524 2586
1525 2587
1526 2581
1527 2587
1528 2582
1529 2581
1530 2583
1531 2581
1532 2582
1533 2581
1534 2582
1535 2581
1536 2582
1537 2586
1538 2581
1539 2583
1540 2584
1541 2587
1542 2583
1543 2583
1544 2580
1545 2589
1546 2590
1547 2582
1548 2582
1549 2583
1550 2584
1551 2584
1552 2584
1553 2582
1554 2582
1555 2581
1556 2582
1557 2582
1558 2582
1559 2582
1560 2581
1561 2582
1562 2583
1563 2581
1564 2581
1565 2582
1566 2581
1567 2581
1568 2581
1569 2580
1570 2580
1571 2579
1572 2578
1573 2579
1574 2578
1575 2578
1576 2580
1577 2579
1578 2588
1579 2578
1580 2578
1581 2578
1582 2578
1583 2577
1584 2577
1585 2579
1586 2578
1587 2578
1588 2578
1589 2578
1590 2578
1591 2577
1592 2581
1593 2580
1594 2580
1595 2579
1596 2580
1597 2576
1598 2577
1599 2578
1600 2577
1601 2577
1602 2577
1603 2577
1604 2576
1605 2576
1606 2576
1607 2575
1608 2577
1609 2577
1610 2576
1611 2576
1612 2576
1613 2577
1614 2576
1615 2575
1616 2577
1617 2578
1618 2575
1619 2576
1620 2575
1621 2580
1622 2573
1623 2573
1624 2573
1625 2573
1626 2573
1627 2573
1628 2573
1629 2573
1630 2573
1631 2573
1632 2574
1633 2573
1634 2572
1635 2572
1636 2572
1637 2572
1638 2573
1639 2572
1640 2574
1641 2575
1642 2572
1643 2572
1644 2572
1645 2572
1646 2571
1647 2572
1648 2571
1649 2570
1650 2570
1651 2569
1652 2569
1653 2568
1654 2567
1655 2568
1656 2568
1657 2568
1658 2569
1659 2574
1660 2574
1661 2569
1662 2569
1663 2570
1664 2569
1665 2569
1666 2568
1667 2567
1668 2566
1669 2569
1670 2566
1671 2571
1672 2565
1673 2574
1674 2569
1675 2570
1676 2573
1677 2571
1678 2571
1679 2571
1680 2571
1681 2571
1682 2572
1683 2572
1684 2569
1685 2571
1686 2570
1687 2570
1688 2571
1689 2571
1690 2571
1691 2571
1692 2570
1693 2570
1694 2569
1695 2568
1696 2567
1697 2567
1698 2564
1699 2571
1700 2564
1701 2563
1702 2563
1703 2563
1704 2566
1705 2566
1706 2566
1707 2566
1708 2565
1709 2565
1710 2566
1711 2566
1712 2562
1713 2563
1714 2564
1715 2566
1716 2563
1717 2562
1718 2567
1719 2560
1720 2560
1721 2559
1722 2558
1723 2558
1724 2556
1725 2555
1726 2556
1727 2559
1728 2560
1729 2562
1730 2561
1731 2559
1732 2561
1733 2557
1734 2557
1735 2557
1736 2557
1737 2557
1738 2557
1739 2556
1740 2556
1741 2552
1742 2548
1743 2548
1744 2558
1745 2555
1746 2549
1747 2558
1748 2551
1749 2551
1750 2549
1751 2548
1752 2548
1753 2542
1754 2559
1755 2542
1756 2540
1757 2552
1758 2551
1759 2546
1760 2547
1761 2548
1762 2548
1763 2545
1764 2544
1765 2544
1766 2545
1767 2546
1768 2547
1769 2541
1770 2541
1771 2541
1772 2542
1773 2541
1774 2542
1775 2544
1776 2544
1777 2544
1778 2544
1779 2544
1780 2544
1781 2551
1782 2545
1783 2546
1784 2541
1785 2541
1786 2543
1787 2542
1788 2543
1789 2544
1790 2545
1791 2550
1792 2550
1793 2550
1794 2550
1795 2551
1796 2553
1797 2554
1798 2555
1799 2555
1800 2555
1801 2556
1802 2554
1803 2554
1804 2555
1805 2554
1806 2554
1807 2554
1808 2554
1809 2552
1810 2553
1811 2556
1812 2555
1813 2553
1814 2557
1815 2557
1816 2558
1817 2557
1818 2557
1819 2556
1820 2553
1821 2553
1822 2554
1823 2555
1824 2554
1825 2554
1826 2554
1827 2559
1828 2560
1829 2552
1830 2552
1831 2552
1832 2553
1833 2552
1834 2553
1835 2553
1836 2553
1837 2554
1838 2554
1839 2553
1840 2553
1841 2552
1842 2553
1843 2553
1844 2553
1845 2552
1846 2552
1847 2554
1848 2553
1849 2552
1850 2552
1851 2552
1852 2552
1853 2553
1854 2552
1855 2553
1856 2552
1857 2552
1858 2552
1859 2552
1860 2553
1861 2553
1862 2552
1863 2552
1864 2552
1865 2552
1866 2553
1867 2551
1868 2552
1869 2551
1870 2552
1871 2551
1872 2552
1873 2555
1874 2554
1875 2554
1876 2553
1877 2557
1878 2553
1879 2554
1880 2554
1881 2556
1882 2554
1883 2555
1884 2554
1885 2554
1886 2554
1887 2554
1888 2555
1889 2554
1890 2555
1891 2556
1892 2555
1893 2555
1894 2555
1895 2560
1896 2556
1897 2556
1898 2555
1899 2559
1900 2556
1901 2556
1902 2556
1903 2555
1904 2556
1905 2556
1906 2556
1907 2556
1908 2556
1909 2556
1910 2556
1911 2557
1912 2555
1913 2555
1914 2554
1915 2554
1916 2569
1917 2569
1918 2558
1919 2559
1920 2569
1921 2569
1922 2555
1923 2554
1924 2554
1925 2555
1926 2555
1927 2555
1928 2556
1929 2555
1930 2559
1931 2554
1932 2554
1933 2564
1934 2564
1935 2555
1936 2553
1937 2554
1938 2555
1939 2554
1940 2554
1941 2554
1942 2554
1943 2554
1944 2554
1945 2554
1946 2556
1947 2554
1948 2552
1949 2551
1950 2555
1951 2554
1952 2555
1953 2554
1954 2553
1955 2553
1956 2554
1957 2553
1958 2550
1959 2556
1960 2555
1961 2553
1962 2556
1963 2549
1964 2551
1965 2551
1966 2551
1967 2552
1968 2551
1969 2551
1970 2551
1971 2551
1972 2551
1973 2552
1974 2552
1975 2551
1976 2550
1977 2550
1978 2551
1979 2552
1980 2553
1981 2553
1982 2554
1983 2554
1984 2553
1985 2554
1986 2555
1987 2556
1988 2553
1989 2555
1990 2555
1991 2555
1992 2556
1993 2557
1994 2557
1995 2556
1996 2555
1997 2555
1998 2555
1999 2555
2000 2558
2001 2560
2002 2559
2003 2558
2004 2560
2005 2557
2006 2557
2007 2558
2008 2557
2009 2561
2010 2560
2011 2557
2012 2558
2013 2558
2014 2558
2015 2559
2016 2558
2017 2557
2018 2558
2019 2557
2020 2561
2021 2557
2022 2556
2023 2561
2024 2556
2025 2556
2026 2557
2027 2563
2028 2556
2029 2556
2030 2557
2031 2556
2032 2556
2033 2557
2034 2556
2035 2556
2036 2555
2037 2556
2038 2556
2039 2561
2040 2557
2041 2557
2042 2557
2043 2556
2044 2556
2045 2557
2046 2557
2047 2556
2048 2562
2049 2557
2050 2566
2051 2563
2052 2563
2053 2559
2054 2557
2055 2557
2056 2557
2057 2566
2058 2559
2059 2558
2060 2558
2061 2559
2062 2559
2063 2559
2064 2558
2065 2554
2066 2555
2067 2555
2068 2556
2069 2557
2070 2558
2071 2558
2072 2558
2073 2558
2074 2565
2075 2562
2076 2563
2077 2566
2078 2567
2079 2567
2080 2567
2081 2567
2082 2568
2083 2569
2084 2565
2085 2565
2086 2566
2087 2567
2088 2567
2089 2567
2090 2567
2091 2563
2092 2572
2093 2566
2094 2566
2095 2567
2096 2568
2097 2567
2098 2568
2099 2568
2100 2569
2101 2568
2102 2568
2103 2568
2104 2567
2105 2566
2106 2565
2107 2564
2108 2565
2109 2564
2110 2564
2111 2574
2112 2561
2113 2564
2114 2574
2115 2574
2116 2574
2117 2577
2118 2577
2119 2575
2120 2576
2121 2572
2122 2560
2123 2560
2124 2560
2125 2559
2126 2559
2127 2573
2128 2573
2129 2573
2130 2574
2131 2563
2132 2564
2133 2564
2134 2565
2135 2565
2136 2565
2137 2565
2138 2565
2139 2565
2140 2565
2141 2565
2142 2564
2143 2565
2144 2564
2145 2566
2146 2563
2147 2563
2148 2568
2149 2568
2150 2567
2151 2563
2152 2563
2153 2564
2154 2567
2155 2567
2156 2562
2157 2566
2158 2562
2159 2568
2160 2570
2161 2567
2162 2567
2163 2567
2164 2559
2165 2562
2166 2561
2167 2561
2168 2560
2169 2560
2170 2561
2171 2562
2172 2563
2173 2560
2174 2560
2175 2566
2176 2565
2177 2566
2178 2559
2179 2559
2180 2560
2181 2559
2182 2559
2183 2559
2184 2560
2185 2559
2186 2559
2187 2559
2188 2559
2189 2562
2190 2559
2191 2558
2192 2558
2193 2557
2194 2568
2195 2558
2196 2557
2197 2558
2198 2557
2199 2557
2200 2557
2201 2558
2202 2558
2203 2557
2204 2558
2205 2557
2206 2559
2207 2560
2208 2557
2209 2562
2210 2558
2211 2557
2212 2558
2213 2557
2214 2559
2215 2559
2216 2558
2217 2559
2218 2557
2219 2561
2220 2561
2221 2557
2222 2558
2223 2558
2224 2557
2225 2557
2226 2557
2227 2556
2228 2556
3199 2541
3200 2542
3201 2541
3202 2541
3203 2540
3204 2537
3205 2538
3206 2538
3207 2539
3208 2538
3209 2539
3210 2539
3211 2539
3212 2538
3213 2538
3214 2549
3215 2538
3216 2545
3217 2545
3218 2535
3219 2533
3220 2533
3221 2534
3222 2541
3223 2534
3224 2534
3225 2534
3226 2533
3227 2533
3228 2536
3229 2534
3230 2534
3231 2533
3232 2533
3233 2534
3234 2534
3235 2535
3236 2536
3237 2538
3238 2538
3239 2539
3240 2540
3241 2540
3242 2541
3243 2537
3244 2537
3245 2538
3246 2541
3247 2542
3248 2542
3249 2545
3250 2537
3251 2538
3252 2539
3253 2540
3254 2540
3255 2539
3256 2539
3257 2539
3258 2538
3259 2538
3260 2539
3261 2540
3262 2544
3263 2545
3264 2540
3265 2545
3266 2548
3267 2540
3268 2540
3269 2540
3270 2538
3271 2539
3272 2538
3273 2538
3274 2538
3275 2539
3276 2538
3277 2538
3278 2538
3279 2538
3280 2539
3281 2541
3282 2540
3283 2537
3284 2538
3285 2537
3286 2543
3287 2542
3288 2541
3289 2541
3290 2536
3291 2535
3292 2543
3293 2543
3294 2536
3295 2537
3296 2537
3297 2537
3298 2536
3299 2539
3300 2540
3301 2541
3302 2537
3303 2537
3304 2537
3305 2538
3306 2539
3307 2538
3308 2538
3309 2538
3310 2539
3311 2540
3312 2543
3313 2541
3314 2541
3315 2540
3316 2536
3317 2538
3318 2537
3319 2537
3320 2537
3321 2536
3322 2543
3323 2541
3324 2537
3325 2538
3326 2544
3327 2539
3328 2538
3329 2538
3330 2538
3331 2540
3332 2539
3333 2538
3334 2537
3335 2537
3336 2537
3337 2538
3338 2533
3339 2536
3340 2544
3341 2537
3342 2534
3343 2534
3344 2533
3345 2533
3346 2533
3347 2531
3348 2531
3349 2530
3350 2530
3351 2530
3352 2531
3353 2531
3354 2530
3355 2536
3356 2531
3357 2531
3358 2536
3359 2536
3360 2534
3361 2536
3362 2539
3363 2535
3364 2536
3365 2535
3366 2536
3367 2537
3368 2537
3369 2536
3370 2536
3371 2536
3372 2545
3373 2536
3374 2544
3375 2529
3376 2532
3377 2530
3378 2531
3379 2540
3380 2545
3381 2543
3382 2539
3383 2539
3384 2540
3385 2532
3386 2528
3387 2533
3388 2530
3389 2531
3390 2530
3391 2530
3392 2548
3393 2532
3394 2534
3395 2535
3396 2542
3397 2542
3398 2542
3399 2536
3400 2540
3401 2540
3402 2535
3403 2536
3404 2536
3405 2537
3406 2537
3407 2538
3408 2537
3409 2537
3410 2539
3411 2541
3412 2536
3413 2535
3414 2535
3415 2537
3416 2536
3417 2541
3418 2536
3419 2537
3420 2537
3421 2537
3422 2537
3423 2538
3424 2537
3425 2540
3426 2537
3427 2536
3428 2537
3429 2537
3430 2537
3431 2536
3432 2535
3433 2536
3434 2536
3435 2535
3436 2536
3437 2536
3438 2538
3439 2538
3440 2536
3441 2536
3442 2536
3443 2539
3444 2536
3445 2535
3446 2535
3447 2541
3448 2536
3449 2536
3450 2541
3451 2536
3452 2536
3453 2536
3454 2536
3455 2536
3456 2536
3457 2536
3458 2536
3459 2537
3460 2537
3461 2536
3462 2536
3463 2536
3464 2536
3465 2536
3466 2536
3467 2536
3468 2536
3469 2536
3470 2536
3471 2536
3472 2536
3473 2536
3474 2536
3475 2535
3476 2537
3477 2539
3478 2539
3479 2537
3480 2536
3481 2540
3482 2535
3483 2536
3484 2536
3485 2536
3486 2536
3487 2536
3488 2536
3489 2536
3490 2536
3491 2539
3492 2539
3493 2537
3494 2536
3495 2536
3496 2536
3497 2536
3498 2537
3499 2537
3500 2537
3501 2536
3502 2536
3503 2536
3504 2536
3505 2537
3506 2536
3507 2536
3508 2536
3509 2536
3510 2536
3511 2537
3512 2537
3513 2537
3514 2536
3515 2536
3516 2540
3517 2537
3518 2537
3519 2536
3520 2536
3521 2536
3522 2536
3523 2536
3524 2536
3525 2536
3526 2537
3527 2536
3528 2536
3529 2535
3530 2536
3531 2535
3532 2535
3533 2535
3534 2534
3535 2537
3536 2536
3537 2536
3538 2536
3539 2536
3540 2536
3541 2536
3542 2535
3543 2536
3544 2536
3545 2535
3546 2537
3547 2540
3548 2540
3549 2535
3550 2536
3551 2535
3552 2535
3553 2535
3554 2535
3555 2542
3556 2540
3557 2535
3558 2535
3559 2545
3560 2535
3561 2535
3562 2535
3563 2540
3564 2536
3565 2542
3566 2538
3567 2538
3568 2540
3569 2535
3570 2536
3571 2537
3572 2538
3573 2536
3574 2536
3575 2536
3576 2541
3577 2536
3578 2536
3579 2536
3580 2536
3581 2535
3582 2536
3583 2536
3584 2535
3585 2536
3586 2536
3587 2541
3588 2536
3589 2535
3590 2535
3591 2536
3592 2536
3593 2535
3594 2535
3595 2535
3596 2536
3597 2536
3598 2536
3599 2538
3600 2536
3601 2537
3602 2537
3603 2537
3604 2536
3605 2536
3606 2534
3607 2534
3608 2533
3609 2536
3610 2536
3611 2536
3612 2536
3613 2536
3614 2537
3615 2537
3616 2538
3617 2538
3618 2537
3619 2535
3620 2547
3621 2540
3622 2533
3623 2534
3624 2535
3625 2538
3626 2528
3627 2544
3628 2544
3629 2545
3630 2535
3631 2532
3632 2528
3633 2528
3634 2528
3635 2528
3636 2528
3637 2529
3638 2529
3639 2529
3640 2530
3641 2539
3642 2529
3643 2529
3644 2529
3645 2529
3646 2528
3647 2530
3648 2531
3649 2531
3650 2533
3651 2543
3652 2533
3653 2533
3654 2528
3655 2528
3656 2527
3657 2537
3658 2537
3659 2537
3660 2528
3661 2537
3662 2534
3663 2531
3664 2530
3665 2530
3666 2536
3667 2537
3668 2538
3669 2532
3670 2539
3671 2539
3672 2540
3673 2541
3674 2542
3675 2533
3676 2532
3677 2532
3678 2532
3679 2532
3680 2533
3681 2533
3682 2532
3683 2534
3684 2534
3685 2540
3686 2534
3687 2533
3688 2532
3689 2531
3690 2531
3691 2531
3692 2531
3693 2531
3694 2531
3695 2539
3696 2539
3697 2540
3698 2538
3699 2529
3700 2537
3701 2532
3702 2542
3703 2543
3704 2544
3705 2546
3706 2544
3707 2544
3708 2543
3709 2535
3710 2533
3711 2533
3712 2538
3713 2536
3714 2537
3715 2535
3716 2537
3717 2535
3718 2535
3719 2534
3720 2534
3721 2534
3722 2534
3723 2535
3724 2534
3725 2535
3726 2535
3727 2534
3728 2534
3729 2535
3730 2533
3731 2535
3732 2536
3733 2529
3734 2529
3735 2529
3736 2538
3737 2547
3738 2537
3739 2527
3740 2527
3741 2528
3742 2528
3743 2529
3744 2530
3745 2530
3746 2532
3747 2533
3748 2534
3749 2534
3750 2535
3751 2536
3752 2536
3753 2536
3754 2535
3755 2536
3756 2536
3757 2536
3758 2535
3759 2535
3760 2538
3761 2533
3762 2533
3763 2535
3764 2534
3765 2533
3766 2540
3767 2534
3768 2533
3769 2534
3770 2533
3771 2533
3772 2533
3773 2533
3774 2537
3775 2545
3776 2544
3777 2543
3778 2543
3779 2543
3780 2542
3781 2542
3782 2544
3783 2530
3784 2530
3785 2531
3786 2533
3787 2533
3788 2533
3789 2533
3790 2532
3791 2532
3792 2533
3793 2533
3794 2533
3795 2533
3796 2535
3797 2536
3798 2538
3799 2541
3800 2541
3801 2541
3802 2537
3803 2535
3804 2536
3805 2537
3806 2538
3807 2538
3808 2537
3809 2537
3810 2538
3811 2538
3812 2539
3813 2540
3814 2540
3815 2542
3816 2539
3817 2537
3818 2537
3819 2536
3820 2535
3821 2534
3822 2527
3823 2527
3824 2527
3825 2528
3826 2527
3827 2534
3828 2534
3829 2533
3830 2533
3831 2538
3832 2538
3833 2538
3834 2539
3835 2526
3836 2528
3837 2527
3838 2531
3839 2525
3840 2525
3841 2525
3842 2526
3843 2529
3844 2529
3845 2537
3846 2528
3847 2535
3848 2535
3849 2532
3850 2533
3851 2535
3852 2530
3853 2530
3854 2536
3855 2530
3856 2531
3857 2531
3858 2530
3859 2530
3860 2531
3861 2530
3862 2530
3863 2530
3864 2530
3865 2530
3866 2530
3867 2530
3868 2531
3869 2531
3870 2532
3871 2532
3872 2528
3873 2527
3874 2529
3875 2533
3876 2532
3877 2531
3878 2533
3879 2529
3880 2529
3881 2530
3882 2533
3883 2531
3884 2531
3885 2531
3886 2531
3887 2531
3888 2531
3889 2532
3890 2532
3891 2532
3892 2538
3893 2532
3894 2531
3895 2531
3896 2533
3897 2539
3898 2541
3899 2542
3900 2541
3901 2534
3902 2537
3903 2533
3904 2534
3905 2545
3906 2531
3907 2531
3908 2537
3909 2531
3910 2530
3911 2533
3912 2533
3913 2530
3914 2535
3915 2537
3916 2537
3917 2536
3918 2535
3919 2534
3920 2542
3921 2535
3922 2538
3923 2538
3924 2531
3925 2532
3926 2533
3927 2533
3928 2538
3929 2533
3930 2533
3931 2533
3932 2533
3933 2533
3934 2532
3935 2532
3936 2532
3937 2532
3938 2532
3939 2534
3940 2533
3941 2541
3942 2533
3943 2532
3944 2534
3945 2533
3946 2535
3947 2533
3948 2536
3949 2533
3950 2533
3951 2532
3952 2539
3953 2532
3954 2532
3955 2532
3956 2536
3957 2532
3958 2532
3959 2532
3960 2533
3961 2532
3962 2533
3963 2532
3964 2536
3965 2536
3966 2532
3967 2533
3968 2533
3969 2533
3970 2532
3971 2533
3972 2532
3973 2532
3974 2532
3975 2532
3976 2534
3977 2533
3978 2532
3979 2533
3980 2532
3981 2532
3982 2532
3983 2532
3984 2533
3985 2533
3986 2533
3987 2533
3988 2533
3989 2533
3990 2532
3991 2532
3992 2537
3993 2542
3994 2537
3995 2538
3996 2533
3997 2533
3998 2533
3999 2533
4000 2532
4001 2535
4002 2534
4003 2532
4004 2532
4005 2532
4006 2532
4007 2531
4008 2532
4009 2532
4010 2531
4011 2531
4012 2531
4013 2532
4014 2533
4015 2532
4016 2533
4017 2533
4018 2532
4019 2541
4020 2532
4021 2533
4022 2543
4023 2537
4024 2540
4025 2543
4026 2539
4027 2538
4028 2537
4029 2533
4030 2538
4031 2532
4032 2535
4033 2532
4034 2532
4035 2533
4036 2533
4037 2533
4038 2532
4039 2531
4040 2530
4041 2536
4042 2531
4043 2532
4044 2530
4045 2530
4046 2530
4047 2530
4048 2536
4049 2541
4050 2541
4051 2543
4052 2544
4053 2529
4054 2529
4055 2528
4056 2528
4057 2529
4058 2533
4059 2535
4060 2535
4061 2534
4062 2532
4063 2539
4064 2529
4065 2527
4066 2528
4067 2529
4068 2536
4069 2535
4070 2528
4071 2532
4072 2533
4073 2530
4074 2529
4075 2528
4076 2527
4077 2526
4078 2527
4079 2527
4080 2527
4081 2527
4082 2528
4083 2528
4084 2527
4085 2530
4086 2525
4087 2530
4088 2529
4089 2530
4090 2531
4091 2531
4092 2526
4093 2528
4094 2526
4095 2526
4096 2541
4097 2527
4098 2525
4099 2531
4100 2526
4101 2525
4102 2525
4103 2525
4104 2526
4105 2526
4106 2528
4107 2527
4108 2526
4109 2530
4110 2531
4111 2532
4112 2527
4113 2526
4114 2531
4115 2530
4116 2528
4117 2527
4118 2533
4119 2533
4120 2534
4121 2533
4122 2527
4123 2527
4124 2530
4125 2528
4126 2533
4127 2530
4128 2528
4129 2530
4130 2531
4131 2528
4132 2533
4133 2534
4134 2528
4135 2530
4136 2529
4137 2529
4138 2528
4139 2527
4140 2527
4141 2527
4142 2528
4143 2528
4144 2529
4145 2530
4146 2531
4147 2531
4148 2532
4149 2531
4150 2527
4151 2527
4152 2535
4153 2527
4154 2527
4155 2527
4156 2527
4157 2527
4158 2526
4159 2527
4160 2527
4161 2527
4162 2543
4163 2542
4164 2534
4165 2542
4166 2528
4167 2527
4168 2542
4169 2527
4170 2527
4171 2527
4172 2527
4173 2528
4174 2527
4175 2530
4176 2526
4177 2527
4178 2527
4179 2527
4180 2529
4181 2528
4182 2526
4183 2526
4184 2527
4185 2527
4186 2525
4187 2525
4188 2524
4189 2525
4190 2531
4191 2524
4192 2524
4193 2524
4194 2524
4195 2530
4196 2529
4197 2523
4198 2526
4199 2528
4200 2526
4201 2535
4202 2535
4203 2537
4204 2540
4205 2532
4206 2532
4207 2537
4208 2538
4209 2538
4210 2537
4211 2537
4212 2535
4213 2525
4214 2534
4215 2534
4216 2537
4217 2532
4218 2539
4219 2541
4220 2541
4221 2541
4222 2541
4223 2541
4224 2541
4225 2541
4226 2525
4227 2521
4228 2526
4229 2524
4230 2528
4231 2528
4232 2524
4233 2524
4234 2525
4235 2525
4236 2525
4237 2525
4238 2525
4239 2524
4240 2525
4241 2524
4242 2525
4243 2525
4244 2525
4245 2531
4246 2524
4247 2524
4248 2525
4249 2524
4250 2524
4251 2524
4252 2525
4253 2527
4254 2528
4255 2529
4256 2525
4257 2525
4258 2525
4259 2525
4260 2525
4261 2525
4262 2529
4263 2531
4264 2526
4265 2532
4266 2532
4267 2531
4268 2530
4269 2529
4270 2535
4271 2530
4272 2530
4273 2527
4274 2526
4275 2532
4276 2528
4277 2527
4278 2526
4279 2528
4280 2527
4281 2531
4282 2529
4283 2528
4284 2528
4285 2525
4286 2526
4287 2528
4288 2528
4289 2525
4290 2525
4291 2526
4292 2530
4293 2527
4294 2530
4295 2527
4296 2526
4297 2527
4298 2527
4299 2525
4300 2531
4301 2523
4302 2523
4303 2525
4304 2524
4305 2524
4306 2526
4307 2526
4308 2525
4309 2525
4310 2525
4311 2525
4312 2525
4313 2525
4314 2524
4315 2525
4316 2525
4317 2525
4318 2525
4319 2524
4320 2528
4321 2525
4322 2532
4323 2525
4324 2525
4325 2524
4326 2524
4327 2525
4328 2526
4329 2524
4330 2524
4331 2525
4332 2525
4333 2525
4334 2525
4335 2525
4336 2525
4337 2526
4338 2525
4339 2525
4340 2528
4341 2525
4342 2524
4343 2525
4344 2531
4345 2529
4346 2525
4347 2528
4348 2526
4349 2526
4350 2525
4351 2524
4352 2524
4353 2525
4354 2525
4355 2524
4356 2524
4357 2524
4358 2531
4359 2523
4360 2523
4361 2524
4362 2524
4363 2525
4364 2524
4365 2525
4366 2524
4367 2524
4368 2526
4369 2524
4370 2523
4371 2523
4372 2523
4373 2524
4374 2524
4375 2523
4376 2523
4377 2523
4378 2528
4379 2524
4380 2524
4381 2528
4382 2525
4383 2526
4384 2524
4385 2525
4386 2524
4387 2523
4388 2523
4389 2527
4390 2525
4391 2525
4392 2524
4393 2524
4394 2524
4395 2524
4396 2525
4397 2528
4398 2524
4399 2524
4400 2524
4401 2524
4402 2525
4403 2527
4404 2524
4405 2524
4406 2526
4407 2525
4408 2524
4409 2524
4410 2524
4411 2523
4412 2522
4413 2529
4414 2529
4415 2531
4416 2523
4417 2523
4418 2523
4419 2523
4420 2524
4421 2523
4422 2523
4423 2523
4424 2523
4425 2523
4426 2523
4427 2524
4428 2525
4429 2522
4430 2522
4431 2524
4432 2524
4433 2525
4434 2525
4435 2524
4436 2525
4437 2524
4438 2524
4439 2525
4440 2524
4441 2525
4442 2523
4443 2524
4444 2523
4445 2524
4446 2524
4447 2524
4448 2523
4449 2523
4450 2523
4451 2522
4452 2523
4453 2522
4454 2522
4455 2525
4456 2527
4457 2522
4458 2522
4459 2523
4460 2522
4461 2522
4462 2523
4463 2523
4464 2524
4465 2524
4466 2527
4467 2533
4468 2534
4469 2523
4470 2524
4471 2524
4472 2523
4473 2523
4474 2523
4475 2523
4476 2523
4477 2523
4478 2524
4479 2523
4480 2522
4481 2523
4482 2523
4483 2523
4484 2522
4485 2522
4486 2521
4487 2522
4488 2530
4489 2521
4490 2521
4491 2521
4492 2521
4493 2521
4494 2521
4495 2521
4496 2521
4497 2529
4498 2521
4499 2521
4500 2525
4501 2522
4502 2522
4503 2526
4504 2522
4505 2522
4506 2522
4507 2522
4508 2522
4509 2521
4510 2522
4511 2522
4512 2522
4513 2522
4514 2521
4515 2521
4516 2521
4517 2521
4518 2522
4519 2522
4520 2522
4521 2526
4522 2522
4523 2522
4524 2522
4525 2522
4526 2522
4527 2523
4528 2523
4529 2524
4530 2524
4531 2523
4532 2529
4533 2526
4534 2528
4535 2528
4536 2528
4537 2536
4538 2535
4539 2534
4540 2533
4541 2532
4542 2520
4543 2531
4544 2521
4545 2521
4546 2523
4547 2521
4548 2521
4549 2520
4550 2521
4551 2522
4552 2522
4553 2522
4554 2522
4555 2521
4556 2520
4557 2519
4558 2520
4559 2520
4560 2520
4561 2520
4562 2520
4563 2520
4564 2520
4565 2526
4566 2521
4567 2520
4568 2520
4569 2520
4570 2528
4571 2521
4572 2522
4573 2522
4574 2522
4575 2523
4576 2522
4577 2522
4578 2522
4579 2522
4580 2522
4581 2522
4582 2522
4583 2522
4584 2522
4585 2521
4586 2521
4587 2521
4588 2521
4589 2522
4590 2525
4591 2523
4592 2522
4593 2521
4594 2521
4595 2521
4596 2522
4597 2522
4598 2522
4599 2522
4600 2522
4601 2522
4602 2522
4603 2522
4604 2522
4605 2522
4606 2521
4607 2521
4608 2522
4609 2522
4610 2522
4611 2522
4612 2522
4613 2523
4614 2524
4615 2524
4616 2523
4617 2523
4618 2523
4619 2524
4620 2525
4621 2525
4622 2523
4623 2523
4624 2524
4625 2525
4626 2525
4627 2523
4628 2519
4629 2523
4630 2524
4631 2524
4632 2524
4633 2524
4634 2523
4635 2522
4636 2522
4637 2521
4638 2520
4639 2521
4640 2521
4641 2520
4642 2520
4643 2519
4644 2533
4645 2519
4646 2518
4647 2518
4648 2518
4649 2518
4650 2523
4651 2522
4652 2522
4653 2521
4654 2522
4655 2522
4656 2523
4657 2522
4658 2522
4659 2522
4660 2521
4661 2521
4662 2521
4663 2521
4664 2522
4665 2521
4666 2521
4667 2521
4668 2521
4669 2521
4670 2521
4671 2522
4672 2522
4673 2521
4674 2521
4675 2521
4676 2522
4677 2522
4678 2522
4679 2522
4680 2521
4681 2524
4682 2522
4683 2523
4684 2523
4685 2522
4686 2522
4687 2522
4688 2522
4689 2521
4690 2521
4691 2522
4692 2521
4693 2519
4694 2529
4695 2517
4696 2516
4697 2529
4698 2516
4699 2520
4700 2516
4701 2515
4702 2529
4703 2516
4704 2515
4705 2515
4706 2516
4707 2515
4708 2516
4709 2516
4710 2515
4711 2520
4712 2515
4713 2515
4714 2515
4715 2516
4716 2517
4717 2517
4718 2517
4719 2522
4720 2522
4721 2521
4722 2518
4723 2517
4724 2518
4725 2518
4726 2521
4727 2523
4728 2522
4729 2518
4730 2518
4731 2526
4732 2519
4733 2520
4734 2521
4735 2519
4736 2522
4737 2520
4738 2518
4739 2519
4740 2518
4741 2518
4742 2517
4743 2516
4744 2515
4745 2512
4746 2512
4747 2514
4748 2514
4749 2514
4750 2514
4751 2515
4752 2514
4753 2514
4754 2516
4755 2516
4756 2520
4757 2522
4758 2507
4759 2506
4760 2505
4761 2508
4762 2522
4763 2522
4764 2508
4765 2508
4766 2510
4767 2510
4768 2511
4769 2511
4770 2510
4771 2509
4772 2508
4773 2508
4774 2512
4775 2517
4776 2510
4777 2510
4778 2510
4779 2509
4780 2510
4781 2513
4782 2512
4783 2513
4784 2517
4785 2512
4786 2512
4787 2512
4788 2512
4789 2511
4790 2511
4791 2512
4792 2515
4793 2515
4794 2515
4795 2515
4796 2516
4797 2516
4798 2517
4799 2518
4800 2518
4801 2518
4802 2519
4803 2519
4804 2519
4805 2521
4806 2520
4807 2521
4808 2522
4809 2521
4810 2519
4811 2519
4812 2520
4813 2520
4814 2520
4815 2520
4816 2522
4817 2522
4818 2522
4819 2521
4820 2524
4821 2533
4822 2530
4823 2517
4824 2515
4825 2524
4826 2523
4827 2523
4828 2528
4829 2528
4830 2524
4831 2525
4832 2525
4833 2525
4834 2525
4835 2526
4836 2525
4837 2524
4838 2527
4839 2530
4840 2527
4841 2527
4842 2522
4843 2526
4844 2527
4845 2527
4846 2526
4847 2526
4848 2527
4849 2527
4850 2527
4851 2526
4852 2526
4853 2526
4854 2523
4855 2527
4856 2525
4857 2525
4858 2526
4859 2524
4860 2525
4861 2525
4862 2521
4863 2523
4864 2526
4865 2525
4866 2521
4867 2522
4868 2526
4869 2522
4870 2522
4871 2524
4872 2523
4873 2523
4874 2521
4875 2521
4876 2527
4877 2521
4878 2523
4879 2523
4880 2523
4881 2522
4882 2522
4883 2522
4884 2522
4885 2521
4886 2520
4887 2520
4888 2525
4889 2521
4890 2521
4891 2520
4892 2521
4893 2520
4894 2524
4895 2521
4896 2523
4897 2523
4898 2522
4899 2522
4900 2522
4901 2521
4902 2523
4903 2522
4904 2522
4905 2525
4906 2521
4907 2522
4908 2522
4909 2522
4910 2522
4911 2522
4912 2522
4913 2522
4914 2522
4915 2522
4916 2522
4917 2522
4918 2522
4919 2522
4920 2524
4921 2523
4922 2522
4923 2522
4924 2522
4925 2522
4926 2523
4927 2522
4928 2522
4929 2523
4930 2522
4931 2522
4932 2522
4933 2523
4934 2523
4935 2522
4936 2523
4937 2523
4938 2523
4939 2523
4940 2522
4941 2523
4942 2522
4943 2522
4944 2523
4945 2522
4946 2522
4947 2522
4948 2522
4949 2522
4950 2523
4951 2523
4952 2522
4953 2522
4954 2522
4955 2523
4956 2523
4957 2522
4958 2522
4959 2522
4960 2522
4961 2522
4962 2523
4963 2522
4964 2522
4965 2523
4966 2523
4967 2521
4968 2525
4969 2521
4970 2521
4971 2521
4972 2521
4973 2521
4974 2521
4975 2522
4976 2522
4977 2521
4978 2522
4979 2522
4980 2521
4981 2521
4982 2525
4983 2522
4984 2521
4985 2521
4986 2521
4987 2521
4988 2521
4989 2521
4990 2521
4991 2521
4992 2521
4993 2521
4994 2521
4995 2521
4996 2521
4997 2521
4998 2521
4999 2521
5000 2522
5001 2521
5002 2521
5003 2521
5004 2523
5005 2522
5006 2522
5007 2522
5008 2521
5009 2521
5010 2522
5011 2521
5012 2521
5013 2522
5014 2522
5015 2521
5016 2522
5017 2522
5018 2522
5019 2522
5020 2522
5021 2522
5022 2523
5023 2522
5024 2523
5025 2523
5026 2522
5027 2522
5028 2522
5029 2522
5030 2522
5031 2522
5032 2522
5033 2522
5034 2521
5035 2521
5036 2521
5037 2521
5038 2521
5039 2521
5040 2521
5041 2522
5042 2521
5043 2521
5044 2521
5045 2521
5046 2521
5047 2521
5048 2521
5049 2521
5050 2521
5051 2521
5052 2521
5053 2521
5054 2521
5055 2521
5056 2521
5057 2521
5058 2522
5059 2522
5060 2522
5061 2521
5062 2521
5063 2522
5064 2522
5065 2522
5066 2522
5067 2522
5068 2521
5069 2521
5070 2522
5071 2521
5072 2521
5073 2522
5074 2522
5075 2525
5076 2525
5077 2523
5078 2523
5079 2523
5080 2523
5081 2523
5082 2522
5083 2523
5084 2523
5085 2523
5086 2524
5087 2524
5088 2524
5089 2524
5090 2524
5091 2524
5092 2524
5093 2524
5094 2525
5095 2524
5096 2524
5097 2524
5098 2524
5099 2524
5100 2524
5101 2525
5102 2524
5103 2525
5104 2525
5105 2525
5106 2525
5107 2525
5108 2525
5109 2525
5110 2524
5111 2524
5112 2524
5113 2524
5114 2528
5115 2524
5116 2525
5117 2524
5118 2525
5119 2525
5120 2525
5121 2525
5122 2525
5123 2526
5124 2525
5125 2524
5126 2525
5127 2525
5128 2525
5129 2525
5130 2525
5131 2524
5132 2525
5133 2525
5134 2525
5135 2526
5136 2526
5137 2525
5138 2531
5139 2528
5140 2527
5141 2532
5142 2532
5143 2534
5144 2533
5145 2530
5146 2529
5147 2529
5148 2529
5149 2529
5150 2529
5151 2529
5152 2529
5153 2529
5154 2528
5155 2527
5156 2526
5157 2525
5158 2527
5159 2527
5160 2526
5161 2526
5162 2526
5163 2524
5164 2525
5165 2525
5166 2525
5167 2525
5168 2525
5169 2525
5170 2525
5171 2525
5172 2525
5173 2525
5174 2524
5175 2524
5176 2524
5177 2525
5178 2524
5179 2524
5180 2524
5181 2524
5182 2524
5183 2524
5184 2524
5185 2524
5186 2524
5187 2525
5188 2525
5189 2525
5190 2526
5191 2530
5192 2527
5193 2526
5194 2526
5195 2526
5196 2526
5197 2526
5198 2526
5199 2526
5200 2526
5201 2526
5202 2525
5203 2527
5204 2525
5205 2525
5206 2525
5207 2525
5208 2525
5209 2525
5210 2525
5211 2525
5212 2525
5213 2525
5214 2524
5215 2525
5216 2525
5217 2524
5218 2525
5219 2525
5220 2525
5221 2525
5222 2525
5223 2526
5224 2530
5225 2530
5226 2525
5227 2525
5228 2525
5229 2527
5230 2525
5231 2525
5232 2524
5233 2525
5234 2527
5235 2525
5236 2525
5237 2525
5238 2525
5239 2526
5240 2526
5241 2526
5242 2526
5243 2526
5244 2526
5245 2526
5246 2526
5247 2525
5248 2526
5249 2525
5250 2526
5251 2526
5252 2525
5253 2526
5254 2526
5255 2525
5256 2531
5257 2527
5258 2535
5259 2530
5260 2527
5261 2527
5262 2529
5263 2528
5264 2528
5265 2530
5266 2527
5267 2527
5268 2528
5269 2527
5270 2527
5271 2527
5272 2527
5273 2527
5274 2527
5275 2527
5276 2527
5277 2527
5278 2527
5279 2531
5280 2528
5281 2527
5282 2528
5283 2528
5284 2527
5285 2528
5286 2528
5287 2528
5288 2528
5289 2527
5290 2527
5291 2527
5292 2527
5293 2528
5294 2528
5295 2527
5296 2527
5297 2528
5298 2526
5299 2526
5300 2525
5301 2526
5302 2526
5303 2526
5304 2525
5305 2525
5306 2525
5307 2525
5308 2526
5309 2525
5310 2523
5311 2524
5312 2524
5313 2523
5314 2523
5315 2523
5316 2523
5317 2523
5318 2523
5319 2522
5320 2521
5321 2521
5322 2521
5323 2520
5324 2520
5325 2519
5326 2519
5327 2519
5328 2519
5329 2518
5330 2517
5331 2516
5332 2516
5333 2517
5334 2516
5335 2516
5336 2516
5337 2516
5338 2514
5339 2516
5340 2517
5341 2514
5342 2515
5343 2515
5344 2513
5345 2513
5346 2512
5347 2512
5348 2512
5349 2511
5350 2511
5351 2511
5352 2511
5353 2510
5354 2510
5355 2510
5356 2511
5357 2511
5358 2511
5359 2511
5360 2511
5361 2511
5362 2510
5363 2510
5364 2511
5365 2511
5366 2511
5367 2511
5368 2511
5369 2511
5370 2509
5371 2508
5372 2511
5373 2510
5374 2510
5375 2510
5376 2509
5377 2508
5378 2507
5379 2510
5380 2508
5381 2508
5382 2509
5383 2504
5384 2505
5385 2513
5386 2506
5387 2502
5388 2501
5389 2501
5390 2501
5391 2511
5392 2511
5393 2500
5394 2503
5395 2499
5396 2498
5397 2498
5398 2499
5399 2499
5400 2498
5401 2498
5402 2498
5403 2506
5404 2508
5405 2504
5406 2507
5407 2506
5408 2506
5409 2505
5410 2498
5411 2508
5412 2499
5413 2497
5414 2498
5415 2498
5416 2499
5417 2500
5418 2499
5419 2500
5420 2500
5421 2500
5422 2500
5423 2500
5424 2501
5425 2501
5426 2500
5427 2500
5428 2499
5429 2515
5430 2507
5431 2506
5432 2506
5433 2512
5434 2515
5435 2510
5436 2513
5437 2513
5438 2508
5439 2507
5440 2508
5441 2512
5442 2513
5443 2513
5444 2517
5445 2519
5446 2517
5447 2515
5448 2517
5449 2517
5450 2517
5451 2517
5452 2518
5453 2518
5454 2517
5455 2516
5456 2517
5457 2516
5458 2515
5459 2516
5460 2516
5461 2516
5462 2516
5463 2515
5464 2516
5465 2515
5466 2515
5467 2516
5468 2516
5469 2516
5470 2517
5471 2517
5472 2517
5473 2517
5474 2517
5475 2516
5476 2517
5477 2517
5478 2516
5479 2516
5480 2516
5481 2515
5482 2515
5483 2513
5484 2514
5485 2514
5486 2514
5487 2515
5488 2515
5489 2515
5490 2515
5491 2514
5492 2514
5493 2513
5494 2515
5495 2510
5496 2513
5497 2514
5498 2513
5499 2513
5500 2511
5501 2511
5502 2511
5503 2510
5504 2509
5505 2509
5506 2508
5507 2508
5508 2508
5509 2509
5510 2508
5511 2508
5512 2508
5513 2508
5514 2508
5515 2508
5516 2508
5517 2508
5518 2509
5519 2509
5520 2509
5521 2509
5522 2509
5523 2509
5524 2509
5525 2508
5526 2508
5527 2508
5528 2509
5529 2509
5530 2509
5531 2509
5532 2509
5533 2509
5534 2509
5535 2510
5536 2510
5537 2510
5538 2509
5539 2510
5540 2510
5541 2510
5542 2510
5543 2510
5544 2510
5545 2510
5546 2511
5547 2511
5548 2510
5549 2509
5550 2510
5551 2509
5552 2508
5553 2508
5554 2508
5555 2507
5556 2507
5557 2507
5558 2507
5559 2507
5560 2508
5561 2508
5562 2508
5563 2509
5564 2508
5565 2509
5566 2509
5567 2509
5568 2509
5569 2509
5570 2509
5571 2509
5572 2509
5573 2509
5574 2509
5575 2509
5576 2508
5577 2509
5578 2508
5579 2509
5580 2508
5581 2508
5582 2508
5583 2508
5584 2508
5585 2508
5586 2507
5587 2510
5588 2509
5589 2506
5590 2505
5591 2504
5592 2502
5593 2514
5594 2507
5595 2502
5596 2502
5597 2501
5598 2502
5599 2502
5600 2502
5601 2501
5602 2502
5603 2501
5604 2501
5605 2501
5606 2501
5607 2501
5608 2500
5609 2500
5610 2500
5611 2505
5612 2506
5613 2505
5614 2501
5615 2501
5616 2501
5617 2501
5618 2501
5619 2501
5620 2501
5621 2500
5622 2501
5623 2501
5624 2502
5625 2502
5626 2502
5627 2501
5628 2501
5629 2501
5630 2501
5631 2501
5632 2502
5633 2501
5634 2503
5635 2504
5636 2505
5637 2503
5638 2504
5639 2500
5640 2500
5641 2500
5642 2503
5643 2500
5644 2499
5645 2499
5646 2498
5647 2499
5648 2507
5649 2498
5650 2502
5651 2498
5652 2497
5653 2497
5654 2498
5655 2498
5656 2499
5657 2499
5658 2502
5659 2502
5660 2502
5661 2496
5662 2495
5663 2493
5664 2496
5665 2494
5666 2493
5667 2493
5668 2493
5669 2493
5670 2493
5671 2492
5672 2493
5673 2492
5674 2492
5675 2493
5676 2493
5677 2493
5678 2493
5679 2493
5680 2492
5681 2492
5682 2492
5683 2492
5684 2492
5685 2492
5686 2492
5687 2492
5688 2492
5689 2492
5690 2491
5691 2491
5692 2491
5693 2491
5694 2491
5695 2491
5696 2490
5697 2491
5698 2490
5699 2491
5700 2490
5701 2490
5702 2489
5703 2489
5704 2489
5705 2489
5706 2488
5707 2490
5708 2489
5709 2488
5710 2487
5711 2486
5712 2485
5713 2486
5714 2488
5715 2487
5716 2487
5717 2488
5718 2487
5719 2491
5720 2484
5721 2485
5722 2484
5723 2484
5724 2485
5725 2485
5726 2485
5727 2485
5728 2485
5729 2485
5730 2485
5731 2485
5732 2485
5733 2486
5734 2487
5735 2485
5736 2485
5737 2485
5738 2485
5739 2485
5740 2486
5741 2485
5742 2485
5743 2485
5744 2485
5745 2484
5746 2484
5747 2483
5748 2484
5749 2482
5750 2481
5751 2481
5752 2481
5753 2481
5754 2481
5755 2481
5756 2480
5757 2480
5758 2480
5759 2480
5760 2480
5761 2487
5762 2479
5763 2479
5764 2480
5765 2480
5766 2482
5767 2480
5768 2480
5769 2480
5770 2480
5771 2480
5772 2480
5773 2480
5774 2481
5775 2482
5776 2480
5777 2480
5778 2485
5779 2480
5780 2480
5781 2481
5782 2485
5783 2488
5784 2479
5785 2479
5786 2478
5787 2488
5788 2485
5789 2483
5790 2479
5791 2484
5792 2484
5793 2479
5794 2480
5795 2485
5796 2477
5797 2477
5798 2484
5799 2475
5800 2475
5801 2485
5802 2475
5803 2474
5804 2488
5805 2474
5806 2477
5807 2485
5808 2469
5809 2468
5810 2482
5811 2482
5812 2480
5813 2480
5814 2481
5815 2482
5816 2463
5817 2464
5818 2470
5819 2472
5820 2476
5821 2472
5822 2472
5823 2463
5824 2470
5825 2472
5826 2473
5827 2470
5828 2470
5829 2466
5830 2467
5831 2465
5832 2463
5833 2464
5834 2463
5835 2469
5836 2463
5837 2468
5838 2466
5839 2462
5840 2465
5841 2463
5842 2461
5843 2461
5975 2454
5976 2454
5977 2457
5978 2455
5979 2454
5980 2454
5981 2454
5982 2453
5983 2453
5984 2453
5985 2453
5986 2452
5987 2452
5988 2452
5989 2452
5990 2452
5991 2451
5992 2451
5993 2451
5994 2451
5995 2451
5996 2451
5997 2451
5998 2451
5999 2450
6000 2450
6001 2450
6002 2450
6003 2449
6004 2449
6005 2449
6006 2449
6007 2448
6008 2448
6009 2448
6010 2448
6011 2448
6012 2448
6013 2447
6014 2447
6015 2447
6016 2448
6017 2447
6018 2447
6019 2447
6020 2447
6021 2447
6022 2447
6023 2447
6024 2446
6025 2446

