77 2519
78 2520
79 2520
80 2521
81 2516
82 2516
83 2517
84 2513
85 2513
86 2513
87 2524
88 2524
89 2515
90 2526
91 2524
92 2521
93 2521
94 2520
95 2516
96 2516
97 2517
98 2517
99 2520
100 2520
101 2520
102 2520
103 2521
104 2522
105 2520
106 2515
107 2516
108 2516
109 2518
110 2519
111 2519
112 2519
113 2519
114 2518
115 2518
116 2518
117 2520
118 2521
119 2520
120 2520
121 2512
122 2512
123 2517
124 2512
125 2513
126 2514
127 2514
128 2514
129 2516
130 2515
131 2514
132 2516
133 2515
134 2516
135 2516
136 2526
137 2516
138 2515
139 2514
140 2514
141 2513
142 2512
143 2512
144 2512
145 2512
146 2525
147 2512
148 2512
149 2511
150 2512
151 2512
152 2511
153 2511
154 2512
155 2512
156 2512
157 2513
158 2513
159 2514
160 2517
161 2514
162 2514
163 2514
164 2515
165 2514
166 2515
167 2516
168 2514
169 2515
170 2514
171 2514
172 2524
173 2524
174 2517
175 2514
176 2513
177 2516
178 2524
179 2514
180 2516
181 2515
182 2516
183 2516
184 2513
185 2518
186 2514
187 2514
188 2513
189 2514
190 2515
191 2514
192 2515
193 2516
194 2514
195 2514
196 2514
197 2515
198 2515
199 2516
200 2515
201 2515
202 2515
203 2515
204 2514
205 2515
206 2515
207 2514
208 2514
209 2514
210 2514
211 2514
212 2514
213 2513
214 2514
215 2515
216 2515
217 2513
218 2517
219 2514
220 2514
221 2513
222 2514
223 2514
224 2514
225 2514
226 2514
227 2514
228 2513
229 2518
230 2515
231 2514
232 2517
233 2514
234 2515
235 2514
236 2517
237 2516
238 2515
239 2516
240 2515
241 2514
242 2515
243 2517
244 2514
245 2514
246 2515
247 2514
248 2514
249 2514
250 2516
251 2515
252 2516
253 2516
254 2516
255 2517
256 2517
257 2517
258 2518
259 2518
260 2518
261 2519
262 2519
263 2518
264 2518
265 2518
266 2518
267 2518
268 2517
269 2518
270 2518
271 2517
272 2517
273 2518
274 2518
275 2522
276 2528
277 2519
278 2518
279 2518
280 2519
281 2519
282 2519
283 2519
284 2518
285 2518
286 2518
287 2518
288 2518
289 2518
290 2518
291 2523
292 2519
293 2522
294 2522
295 2522
296 2523
297 2523
298 2522
299 2521
300 2522
301 2521
302 2521
303 2522
304 2522
305 2522
306 2524
307 2518
308 2519
309 2518
310 2518
311 2517
312 2518
313 2518
314 2528
315 2519
316 2519
317 2520
318 2519
319 2519
320 2519
321 2519
322 2518
323 2518
324 2517
325 2517
326 2526
327 2518
328 2517
329 2517
330 2518
331 2519
332 2520
333 2521
334 2521
335 2517
336 2518
337 2518
338 2518
339 2518
340 2518
341 2518
342 2518
343 2517
344 2518
345 2518
346 2518
347 2517
348 2518
349 2517
350 2517
351 2517
352 2518
353 2520
354 2520
355 2519
356 2518
357 2521
358 2519
359 2519
360 2521
361 2519
362 2518
363 2517
364 2522
365 2519
366 2519
367 2519
368 2520
369 2520
370 2517
371 2518
372 2518
373 2521
374 2521
375 2520
376 2518
377 2521
378 2519
379 2517
380 2518
381 2519
382 2515
383 2514
384 2516
385 2518
386 2518
387 2519
388 2515
389 2515
390 2515
391 2515
392 2515
393 2515
394 2515
395 2515
396 2516
397 2516
398 2517
399 2516
400 2516
401 2518
402 2517
403 2519
404 2518
405 2522
406 2520
407 2519
408 2518
409 2517
410 2527
411 2517
412 2516
413 2516
414 2516
415 2517
416 2517
417 2516
418 2517
419 2519
420 2518
421 2519
422 2519
423 2519
424 2521
425 2518
426 2518
427 2518
428 2517
429 2519
430 2518
431 2517
432 2517
433 2517
434 2519
435 2516
436 2516
437 2516
438 2516
439 2517
440 2518
441 2518
442 2517
443 2518
444 2518
445 2517
446 2518
447 2518
448 2518
449 2518
450 2520
451 2518
452 2519
453 2518
454 2518
455 2520
456 2519
457 2519
458 2521
459 2519
460 2518
461 2518
462 2522
463 2518
464 2518
465 2518
466 2518
467 2518
468 2518
469 2520
470 2519
471 2520
472 2518
473 2517
474 2517
475 2517
476 2517
477 2518
478 2518
479 2519
480 2520
481 2520
482 2519
483 2519
484 2518
485 2518
486 2519
487 2519
488 2519
489 2519
490 2518
491 2518
492 2518
493 2522
494 2519
495 2519
496 2519
497 2520
498 2521
499 2521
500 2521
501 2522
502 2522
503 2521
504 2521
505 2522
506 2522
507 2522
508 2520
509 2521
510 2520
511 2520
512 2519
513 2521
514 2518
515 2522
516 2518
517 2518
518 2518
519 2518
520 2519
521 2518
522 2518
523 2518
524 2517
525 2518
526 2519
527 2519
528 2519
529 2519
530 2518
531 2518
532 2519
533 2518
534 2518
535 2519
536 2518
537 2518
538 2518
539 2518
540 2518
541 2520
542 2518
543 2519
544 2519
545 2519
546 2519
547 2518
548 2519
549 2519
550 2519
551 2520
552 2520
553 2520
554 2519
555 2520
556 2525
557 2518
558 2519
559 2524
560 2518
561 2519
562 2525
563 2518
564 2518
565 2519
566 2523
567 2518
568 2519
569 2519
570 2519
571 2519
572 2524
573 2523
574 2519
575 2520
576 2519
577 2519
578 2523
579 2521
580 2520
581 2520
582 2520
583 2520
584 2519
585 2520
586 2520
587 2520
588 2520
589 2520
590 2520
591 2520
592 2519
593 2519
594 2519
595 2519
596 2523
597 2523
598 2519
599 2527
600 2522
601 2521
602 2525
603 2522
604 2519
605 2518
606 2518
607 2517
608 2524
609 2519
610 2522
611 2521
612 2519
613 2518
614 2517
615 2517
616 2519
617 2518
618 2517
619 2522
620 2522
621 2523
622 2524
623 2523
624 2519
625 2519
626 2519
627 2519
628 2521
629 2519
630 2521
631 2516
632 2520
633 2519
634 2520
635 2518
636 2519
637 2520
638 2520
639 2521
640 2523
641 2527
642 2527
643 2526
644 2516
645 2518
646 2520
647 2519
648 2518
649 2526
650 2515
651 2516
652 2515
653 2515
654 2514
655 2514
656 2514
657 2514
658 2515
659 2515
660 2515
661 2515
662 2513
663 2532
664 2530
665 2532
666 2530
667 2527
668 2524
669 2526
670 2524
671 2524
672 2524
673 2527
674 2522
675 2527
676 2524
677 2523
678 2522
679 2521
680 2522
681 2517
682 2517
683 2517
684 2515
685 2516
686 2517
687 2517
688 2518
689 2514
690 2515
691 2519
692 2516
693 2516
694 2516
695 2516
696 2515
697 2517
698 2518
699 2514
700 2515
701 2515
702 2515
703 2517
704 2521
705 2518
706 2518
707 2516
708 2516
709 2517
710 2516
711 2517
712 2519
713 2521
714 2516
715 2517
716 2516
717 2516
718 2517
719 2517
720 2517
721 2517
722 2516
723 2516
724 2517
725 2516
726 2515
727 2518
728 2514
729 2515
730 2515
731 2514
732 2520
733 2516
734 2513
735 2518
736 2513
737 2513
738 2513
739 2517
740 2517
741 2513
742 2518
743 2516
744 2516
745 2515
746 2514
747 2515
748 2515
749 2515
750 2515
751 2515
752 2515
753 2515
754 2515
755 2515
756 2515
757 2517
758 2516
759 2516
760 2515
761 2515
762 2515
763 2514
764 2515
765 2515
766 2516
767 2515
768 2518
769 2517
770 2517
771 2516
772 2516
773 2516
774 2516
775 2516
776 2513
777 2518
778 2516
779 2514
780 2517
781 2515
782 2515
783 2515
784 2516
785 2518
786 2514
787 2516
788 2516
789 2515
790 2521
791 2514
792 2514
793 2513
794 2513
795 2516
796 2514
797 2515
798 2512
799 2515
800 2516
801 2512
802 2512
803 2512
804 2512
805 2511
806 2512
807 2511
808 2512
809 2512
810 2511
811 2521
812 2511
813 2511
814 2512
815 2512
816 2513
817 2516
818 2513
819 2514
820 2514
821 2514
822 2515
823 2514
824 2514
825 2516
826 2513
827 2517
828 2512
829 2511
830 2512
831 2511
832 2511
833 2511
834 2511
835 2511
836 2511
837 2511
838 2511
839 2511
840 2511
841 2511
842 2511
843 2511
844 2511
845 2511
846 2511
847 2511
848 2511
849 2511
850 2511
851 2512
852 2512
853 2512
854 2512
855 2513
856 2513
857 2513
858 2513
859 2516
860 2512
861 2513
862 2512
863 2512
864 2513
865 2513
866 2513
867 2513
868 2513
869 2514
870 2514
871 2514
872 2514
873 2514
874 2514
875 2522
876 2513
877 2514
878 2514
879 2514
880 2513
881 2515
882 2515
883 2515
884 2513
885 2522
886 2518
887 2517
888 2506
889 2506
890 2504
891 2515
892 2515
893 2513
894 2513
895 2509
896 2509
897 2498
898 2499
899 2510
900 2510
901 2498
902 2511
903 2501
904 2503
905 2512
906 2499
907 2500
908 2506
909 2502
910 2504
911 2504
912 2504
913 2504
914 2504
915 2509
916 2509
917 2509
918 2506
919 2510
920 2508
921 2509
922 2507
923 2507
924 2507
925 2508
926 2507
927 2515
928 2509
929 2509
930 2506
931 2508
932 2508
933 2509
934 2503
935 2495
936 2491
937 2490
938 2488
939 2487
940 2484
941 2483
942 2481
943 2479
944 2478
945 2480
946 2480
947 2481
948 2480
949 2490
950 2481
951 2482
952 2482
953 2482
954 2483
955 2483
956 2486
957 2485
958 2483
959 2484
960 2479
961 2477
962 2478
963 2480
964 2491
965 2482
966 2480
967 2483
968 2498
969 2499
970 2487
971 2489
972 2493
973 2494
974 2499
975 2497
976 2500
977 2502
978 2511
979 2518
980 2514
981 2521
982 2520
983 2521
984 2522
985 2522
986 2522
987 2521
988 2520
989 2523
990 2518
991 2518
992 2518
993 2518
994 2522
995 2517
996 2517
997 2518
998 2523
999 2517
1000 2517
1001 2516
1002 2515
1003 2515
1004 2514
1005 2514
1006 2513
1007 2513
1008 2512
1009 2511
1010 2511
1011 2511
1012 2510
1013 2510
1014 2510
1015 2510
1016 2509
1017 2512
1018 2508
1019 2508
1020 2507
1021 2512
1022 2512
1023 2513
1024 2506
1025 2505
1026 2505
1027 2506
1028 2506
1029 2506
1030 2507
1031 2506
1032 2505
1033 2505
1034 2506
1035 2505
1036 2505
1037 2505
1038 2505
1039 2505
1040 2516
1041 2513
1042 2510
1043 2509
1044 2505
1045 2503
1046 2500
1047 2501
1048 2499
1049 2490
1050 2486
1051 2476
1052 2484
1053 2486
1054 2482
1055 2475
1056 2481
1057 2475
1058 2475
1059 2474
1060 2472
1061 2470
1062 2469
1063 2463
1064 2463
1065 2460
1066 2459
1067 2443
1068 2459
1069 2443
1070 2441
1071 2442
1072 2441
1073 2441
1074 2439
1075 2436
1076 2439
1077 2427
1078 2428
1079 2426
1080 2427
1081 2427
1082 2428
1083 2428
1084 2422
1085 2408
1086 2414
1087 2406
1088 2414
1089 2403
1090 2398
1091 2402
1092 2406
1093 2408
1094 2430
1095 2414
1096 2421
1097 2425
1098 2427
1099 2429
1100 2432
1101 2434
1102 2438
1103 2440
1104 2445
1105 2441
1106 2441
1107 2440
1108 2435
1109 2433
1110 2427
1111 2428
1112 2413
1113 2410
1114 2409
1115 2410
1116 2407
1117 2406
1118 2394
1119 2393
1120 2401
1121 2395
1122 2393
1123 2391
1124 2373
1125 2377
1126 2378
1127 2377
1128 2379
1129 2379
1130 2381
1131 2386
1132 2392
1133 2393
1134 2393
1135 2396
1136 2399
1137 2399
1138 2399
1139 2409
1140 2409
1141 2412
1142 2412
1143 2413
1144 2413
1145 2413
1146 2413
1147 2419
1148 2416
1149 2423
1150 2429
1151 2422
1152 2421
1153 2434
1154 2437
1155 2423
1156 2441
1157 2444
1158 2444
1159 2431
1160 2431
1161 2433
1162 2436
1163 2434
1164 2438
1165 2441
1166 2443
1167 2447
1168 2456
1169 2466
1170 2466
1171 2470
1172 2464
1173 2471
1174 2472
1175 2478
1176 2480
1177 2476
1178 2476
1179 2467
1180 2478
1181 2476
1182 2477
1183 2482
1184 2487
1185 2490
1186 2493
1187 2495
1188 2496
1189 2496
1190 2505
1191 2497
1192 2495
1193 2497
1194 2498
1195 2502
1196 2505
1197 2504
1198 2505
1199 2506
1200 2503
1201 2506
1202 2502
1203 2502
1204 2502
1205 2501
1206 2502
1207 2502
1208 2502
1209 2502
1210 2508
1211 2502
1212 2502
1213 2501
1214 2501
1215 2502
1216 2503
1217 2505
1218 2504
1219 2504
1220 2504
1221 2503
1222 2504
1223 2505
1224 2505
1225 2504
1226 2504
1227 2505
1228 2504
1229 2505
1230 2506
1231 2506
1232 2506
1233 2502
1234 2502
1235 2502
1236 2502
1237 2502
1238 2502
1239 2503
1240 2503
1241 2504
1242 2504
1243 2504
1244 2505
1245 2505
1246 2507
1247 2506
1248 2502
1249 2504
1250 2506
1251 2501
1252 2509
1253 2502
1254 2503
1255 2502
1256 2503
1257 2503
1258 2511
1259 2512
1260 2503
1261 2507
1262 2508
1263 2506
1264 2507
1265 2509
1266 2506
1267 2507
1268 2508
1269 2505
1270 2505
1271 2505
1272 2508
1273 2505
1274 2505
1275 2505
1276 2506
1277 2505
1278 2505
1279 2506
1280 2507
1281 2507
1282 2505
1283 2504
1284 2503
1285 2503
1286 2511
1287 2503
1288 2503
1289 2503
1290 2503
1291 2504
1292 2504
1293 2503
1294 2503
1295 2503
1296 2504
1297 2504
1298 2505
1299 2504
1300 2504
1301 2504
1302 2504
1303 2504
1304 2504
1305 2503
1306 2504
1307 2504
1308 2504
1309 2505
1310 2506
1311 2505
1312 2504
1313 2504
1314 2503
1315 2504
1316 2505
1317 2505
1318 2505
1319 2506
1320 2505
1321 2508
1322 2505
1323 2507
1324 2505
1325 2506
1326 2505
1327 2505
1328 2505
1329 2505
1330 2505
1331 2506
1332 2506
1333 2510
1334 2512
1335 2507
1336 2508
1337 2506
1338 2507
1339 2506
1340 2505
1341 2505
1342 2508
1343 2505
1344 2505
1345 2505
1346 2505
1347 2505
1348 2505
1349 2505
1350 2505
1351 2506
1352 2505
1353 2505
1354 2509
1355 2509
1356 2505
1357 2508
1358 2509
1359 2509
1360 2505
1361 2506
1362 2509
1363 2506
1364 2504
1365 2504
1366 2505
1367 2506
1368 2506
1369 2506
1370 2507
1371 2506
1372 2512
1373 2512
1374 2505
1375 2509
1376 2509
1377 2506
1378 2507
1379 2506
1380 2506
1381 2505
1382 2509
1383 2505
1384 2505
1385 2504
1386 2505
1387 2506
1388 2505
1389 2505
1390 2504
1391 2508
1392 2505
1393 2505
1394 2505
1395 2505
1396 2505
1397 2505
1398 2505
1399 2505
1400 2505
1401 2505
1402 2504
1403 2504
1404 2504
1405 2504
1406 2504
1407 2504
1408 2504
1409 2505
1410 2505
1411 2505
1412 2504
1413 2504
1414 2504
1415 2504
1416 2503
1417 2504
1418 2504
1419 2505
1420 2504
1421 2504
1422 2503
1423 2505
1424 2503
1425 2503
1426 2503
1427 2503
1428 2504
1429 2504
1430 2503
1431 2503
1432 2502
1433 2501
1434 2503
1435 2503
1436 2503
1437 2503
1438 2505
1439 2504
1440 2503
1441 2503
1442 2503
1443 2504
1444 2504
1445 2504
1446 2504
1447 2504
1448 2504
1449 2504
1450 2504
1451 2503
1452 2504
1453 2503
1454 2503
1455 2503
1456 2503
1457 2503
1458 2503
1459 2505
1460 2505
1461 2505
1462 2503
1463 2504
1464 2503
1465 2505
1466 2503
1467 2503
1468 2504
1469 2504
1470 2504
1471 2503
1472 2503
1473 2503
1474 2503
1475 2504
1476 2503
1477 2503
1478 2503
1479 2503
1480 2504
1481 2503
1482 2503
1483 2503
1484 2502
1485 2503
1486 2503
1487 2503
1488 2502
1489 2503
1490 2503
1491 2503
1492 2503
1493 2503
1494 2502
1495 2502
1496 2502
1497 2502
1498 2502
1499 2502
1500 2502
1501 2502
1502 2502
1503 2502
1504 2502
1505 2502
1506 2502
1507 2502
1508 2502
1509 2502
1510 2502
1511 2502
1512 2502
1513 2502
1514 2502
1515 2502
1516 2502
1517 2501
1518 2501
1519 2501
1520 2501
1521 2501
1522 2501
1523 2501
1524 2501
1525 2501
1526 2501
1527 2501
1528 2501
1529 2501
1530 2501
1531 2501
1532 2501
1533 2501
1534 2501
1535 2501
1536 2501
1537 2501
1538 2501
1539 2501
1540 2501
1541 2501
1542 2500
1543 2501
1544 2501
1545 2501
1546 2501
1547 2501
1548 2501
1549 2501
1550 2501
1551 2501
1552 2501
1553 2501
1554 2502
1555 2501
1556 2501
1557 2501
1558 2501
1559 2501
1560 2500
1561 2504
1562 2496
1563 2497
1564 2499
1565 2498
1566 2499
1567 2498
1568 2500
1569 2502
1570 2501
1571 2499
1572 2499
1573 2499
1574 2499
1575 2499
1576 2499
1577 2499
1578 2499
1579 2499
1580 2499
1581 2500
1582 2500
1583 2500
1584 2499
1585 2499
1586 2499
1587 2499
1588 2499
1589 2499
1590 2499
1591 2499
1592 2499
1593 2499
1594 2499
1595 2499
1596 2499
1597 2499
1598 2500
1599 2498
1600 2498
1601 2498
1602 2498
1603 2499
1604 2499
1605 2499
1606 2499
1607 2499
1608 2499
1609 2499
1610 2499
1611 2499
1612 2499
1613 2499
1614 2499
1615 2499
1616 2499
1617 2499
1618 2499
1619 2499
1620 2500
1621 2500
1622 2500
1623 2499
1624 2499
1625 2499
1626 2499
1627 2499
1628 2499
1629 2499
1630 2499
1631 2499
1632 2499
1633 2498
1634 2498
1635 2498
1636 2498
1637 2498
1638 2498
1639 2498
1640 2498
1641 2498
1642 2498
1643 2498
1644 2497
1645 2498
1646 2498
1647 2497
1648 2497
1649 2497
1650 2497
1651 2496
1652 2495
1653 2496
1654 2496
1655 2496
1656 2496
1657 2495
1658 2495
1659 2495
1660 2495
1661 2495
1662 2495
1663 2495
1664 2494
1665 2494
1666 2494
1667 2494
1668 2494
1669 2494
1670 2494
1671 2494
1672 2494
1673 2497
1674 2494
1675 2494
1676 2494
1677 2493
1678 2493
1679 2494
1680 2493
1681 2498
1682 2493
1683 2493
1684 2493
1685 2493
1686 2493
1687 2493
1688 2493
1689 2493
1690 2492
1691 2492
1692 2492
1693 2492
1694 2493
1695 2492
1696 2492
1697 2492
1698 2492
1699 2492
1700 2492
1701 2492
1702 2492
1703 2492
1704 2492
1705 2492
1706 2492
1707 2492
1708 2492
1709 2492
1710 2492
1711 2492
1712 2492
1713 2492
1714 2492
1715 2492
1716 2492
1717 2492
1718 2492
1719 2492
1720 2492
1721 2492
1722 2492
1723 2491
1724 2492
1725 2491
1726 2491
1727 2491
1728 2491
1729 2491
1730 2491
1731 2491
1732 2492
1733 2492
1734 2491
1735 2491
1736 2491
1737 2491
1738 2491
1739 2491
1740 2491
1741 2491
1742 2491
1743 2491
1744 2491
1745 2491
1746 2491
1747 2491
1748 2491
1749 2491
1750 2491
1751 2491
1752 2491
1753 2491
1754 2491
1755 2491
1756 2491
1757 2491
1758 2491
1759 2491
1760 2491
1761 2491
1762 2491
1763 2491
1764 2492
1765 2491
1766 2491
1767 2491
1768 2491
1769 2491
1770 2491
1771 2491
1772 2491
1773 2491
1774 2491
1775 2491
1776 2491
1777 2491
1778 2491
1779 2491
1780 2491
1781 2491
1782 2491
1783 2491
1784 2491
1785 2491
1786 2491
1787 2491
1788 2491
1789 2491
1790 2491
1791 2491
1792 2491
1793 2491
1794 2491
1795 2491
1796 2491
1797 2491
1798 2491
1799 2491
1800 2491
1801 2491
1802 2491
1803 2491
1804 2491
1805 2491
1806 2491
1807 2491
1808 2491
1809 2491
1810 2491
1811 2491
1812 2491
1813 2491
1814 2491
1815 2491
1816 2491
1817 2491
1818 2491
1819 2491
1820 2491
1821 2491
1822 2491
1823 2491
1824 2491
1825 2491
1826 2491
1827 2491
1828 2491
1829 2491
1830 2491
1831 2491
1832 2491
1833 2491
1834 2491
1835 2491
1836 2491
1837 2491
1838 2491
1839 2491
1840 2491
1841 2491
1842 2491
1843 2491
1844 2491
1845 2491
1846 2491
1847 2491
1848 2491
1849 2491
1850 2491
1851 2491
1852 2491
1853 2491
1854 2490
1855 2490
1856 2490
1857 2490
1858 2490
1859 2490
1860 2490
1861 2490
1862 2490
1863 2490
1864 2490
1865 2490
1866 2490
1867 2490
1868 2490
1869 2490
1870 2490
1871 2490
1872 2490
1873 2490
1874 2491
1875 2491
1876 2491
1877 2491
1878 2490
1879 2491
1880 2491
1881 2491

