3762 2524
3763 2521
3764 2520
3765 2520
3766 2521
3767 2520
3768 2519
3769 2520
3770 2521
3771 2519
3772 2519
3773 2522
3774 2519
3775 2519
3776 2518
3777 2518
3778 2519
3779 2519
3780 2519
3781 2519
3782 2521
3783 2520
3784 2520
3785 2521
3786 2522
3787 2520
3788 2520
3789 2520
3790 2521
3791 2521
3792 2521
3793 2520
3794 2520
3795 2521
3796 2521
3797 2521
3798 2522
3799 2523
3800 2522
3801 2521
3802 2522
3803 2520
3804 2521
3805 2520
3806 2521
3807 2520
3808 2520
3809 2520
3810 2520
3811 2520
3812 2521
3813 2522
3814 2521
3815 2523
3816 2521
3817 2521
3818 2521
3819 2521
3820 2521
3821 2521
3822 2521
3823 2521
3824 2522
3825 2521
3826 2522
3827 2522
3828 2522
3829 2521
3830 2521
3831 2522
3832 2520
3833 2524
3834 2521
3835 2520
3836 2520
3837 2526
3838 2527
3839 2522
3840 2521
3841 2520
3842 2519
3843 2519
3844 2518
3845 2522
3846 2527
3847 2519
3848 2527
3849 2517
3850 2517
3851 2518
3852 2517
3853 2518
3854 2517
3855 2517
3856 2517
3857 2517
3858 2517
3859 2518
3860 2518
3861 2518
3862 2517
3863 2516
3864 2517
3865 2518
3866 2517
3867 2517
3868 2517
3869 2517
3870 2518
3871 2516
3872 2516
3873 2515
3874 2514
3875 2515
3876 2514
3877 2516
3878 2514
3879 2519
3880 2519
3881 2520
3882 2522
3883 2523
3884 2523
3885 2523
3886 2519
3887 2518
3888 2518
3889 2518
3890 2517
3891 2517
3892 2517
3893 2516
3894 2516
3895 2520
3896 2517
3897 2521
3898 2519
3899 2519
3900 2519
3901 2518
3902 2518
3903 2518
3904 2516
3905 2517
3906 2517
3907 2520
3908 2518
3909 2517
3910 2517
3911 2521
3912 2517
3913 2517
3914 2520
3915 2520
3916 2521
3917 2519
3918 2520
3919 2522
3920 2523
3921 2523
3922 2523
3923 2523
3924 2524
3925 2525
3926 2526
3927 2524
3928 2524
3929 2521
3930 2522
3931 2522
3932 2523
3933 2528
3934 2524
3935 2523
3936 2524
3937 2524
3938 2524
3939 2528
3940 2527
3941 2526
3942 2525
3943 2526
3944 2525
3945 2525
3946 2525
3947 2525
3948 2525
3949 2525
3950 2525
3951 2525
3952 2525
3953 2525
3954 2525
3955 2525
3956 2525
3957 2525
3958 2525
3959 2525
3960 2525
3961 2525
3962 2525
3963 2525
3964 2533
3965 2525
3966 2525
3967 2534
3968 2534
3969 2533
3970 2525
3971 2525
3972 2525
3973 2524
3974 2523
3975 2524
3976 2522
3977 2521
3978 2523
3979 2522
3980 2520
3981 2532
3982 2520
3983 2520
3984 2520
3985 2520
3986 2520
3987 2519
3988 2520
3989 2521
3990 2521
3991 2520
3992 2520
3993 2521
3994 2521
3995 2521
3996 2527
3997 2528
3998 2528
3999 2527
4000 2528
4001 2522
4002 2522
4003 2522
4004 2521
4005 2521
4006 2520
4007 2519
4008 2522
4009 2522
4010 2520
4011 2521
4012 2521
4013 2521
4014 2522
4015 2522
4016 2522
4017 2522
4018 2524
4019 2521
4020 2521
4021 2519
4022 2519
4023 2519
4024 2517
4025 2517
4026 2517
4027 2517
4028 2521
4029 2516
4030 2517
4031 2519
4032 2520
4033 2520
4034 2520
4035 2521
4036 2521
4037 2522
4038 2522
4039 2522
4040 2522
4041 2522
4042 2522
4043 2523
4044 2524
4045 2520
4046 2520
4047 2524
4048 2520
4049 2521
4050 2520
4051 2519
4052 2520
4053 2520
4054 2522
4055 2520
4056 2519
4057 2519
4058 2519
4059 2520
4060 2518
4061 2519
4062 2518
4063 2517
4064 2517
4065 2517
4066 2517
4067 2517
4068 2515
4069 2514
4070 2514
4071 2514
4072 2519
4073 2513
4074 2514
4075 2514
4076 2511
4077 2515
4078 2512
4079 2513
4080 2512
4081 2512
4082 2513
4083 2513
4084 2512
4085 2512
4086 2512
4087 2512
4088 2512
4089 2512
4090 2513
4091 2515
4092 2516
4093 2513
4094 2513
4095 2513
4096 2514
4097 2513
4098 2526
4099 2526
4100 2525
4101 2515
4102 2516
4103 2516
4104 2516
4105 2517
4106 2517
4107 2518
4108 2518
4109 2517
4110 2518
4111 2519
4112 2517
4113 2520
4114 2519
4115 2516
4116 2516
4117 2516
4118 2515
4119 2516
4120 2515
4121 2516
4122 2516
4123 2516
4124 2516
4125 2517
4126 2517
4127 2517
4128 2517
4129 2518
4130 2518
4131 2519
4132 2517
4133 2517
4134 2517
4135 2518
4136 2518
4137 2518
4138 2518
4139 2522
4140 2521
4141 2520
4142 2520
4143 2519
4144 2520
4145 2521
4146 2522
4147 2525
4148 2524
4149 2523
4150 2523
4151 2523
4152 2522
4153 2523
4154 2523
4155 2523
4156 2522
4157 2522
4158 2522
4159 2522
4160 2522
4161 2522
4162 2527
4163 2521
4164 2521
4165 2520
4166 2523
4167 2523
4168 2521
4169 2521
4170 2520
4171 2520
4172 2520
4173 2520
4174 2522
4175 2519
4176 2521
4177 2521
4178 2521
4179 2524
4180 2523
4181 2523
4182 2531
4183 2522
4184 2521
4185 2521
4186 2521
4187 2521
4188 2522
4189 2521
4190 2521
4191 2521
4192 2522
4193 2521
4194 2521
4195 2521
4196 2521
4197 2521
4198 2521
4199 2522
4200 2522
4201 2522
4202 2521
4203 2522
4204 2521
4205 2521
4206 2521
4207 2521
4208 2521
4209 2521
4210 2521
4211 2532
4212 2521
4213 2522
4214 2522
4215 2523
4216 2523
4217 2532
4218 2532
4219 2532
4220 2523
4221 2521
4222 2521
4223 2521
4224 2522
4225 2526
4226 2530
4227 2521
4228 2521
4229 2521
4230 2521
4231 2522
4232 2523
4233 2524
4234 2524
4235 2526
4236 2523
4237 2523
4238 2523
4239 2523
4240 2523
4241 2522
4242 2523
4243 2522
4244 2521
4245 2520
4246 2521
4247 2521
4248 2521
4249 2520
4250 2520
4251 2520
4252 2522
4253 2523
4254 2524
4255 2532
4256 2522
4257 2524
4258 2523
4259 2523
4260 2523
4261 2523
4262 2523
4263 2523
4264 2522
4265 2523
4266 2522
4267 2521
4268 2522
4269 2523
4270 2522
4271 2522
4272 2522
4273 2523
4274 2523
4275 2523
4276 2523
4277 2522
4278 2522
4279 2522
4280 2522
4281 2522
4282 2522
4283 2522
4284 2522
4285 2522
4286 2522
4287 2522
4288 2522
4289 2523
4290 2523
4291 2523
4292 2523
4293 2523
4294 2522
4295 2522
4296 2522
4297 2522
4298 2521
4299 2521
4300 2520
4301 2521
4302 2522
4303 2524
4304 2520
4305 2521
4306 2520
4307 2521
4308 2521
4309 2520
4310 2520
4311 2520
4312 2519
4313 2520
4314 2520
4315 2521
4316 2521
4317 2521
4318 2521
4319 2521
4320 2522
4321 2522
4322 2522
4323 2521
4324 2521
4325 2521
4326 2521
4327 2521
4328 2521
4329 2521
4330 2521
4331 2521
4332 2522
4333 2520
4334 2521
4335 2520
4336 2520
4337 2520
4338 2520
4339 2519
4340 2520
4341 2520
4342 2521
4343 2523
4344 2521
4345 2521
4346 2521
4347 2520
4348 2520
4349 2520
4350 2520
4351 2520
4352 2520
4353 2521
4354 2521
4355 2521
4356 2521
4357 2521
4358 2521
4359 2521
4360 2521
4361 2522
4362 2523
4363 2522
4364 2524
4365 2522
4366 2522
4367 2523
4368 2522
4369 2522
4370 2522
4371 2522
4372 2522
4373 2522
4374 2522
4375 2522
4376 2522
4377 2522
4378 2522
4379 2522
4380 2523
4381 2523
4382 2523
4383 2523
4384 2523
4385 2523
4386 2523
4387 2523
4388 2522
4389 2522
4390 2523
4391 2522
4392 2522
4393 2522
4394 2525
4395 2521
4396 2521
4397 2521
4398 2521
4399 2522
4400 2522
4401 2522
4402 2522
4403 2522
4404 2522
4405 2523
4406 2522
4407 2522
4408 2522
4409 2522
4410 2520
4411 2520
4412 2520
4413 2520
4414 2520
4415 2520
4416 2521
4417 2521
4418 2521
4419 2522
4420 2523
4421 2526
4422 2523
4423 2524
4424 2523
4425 2523
4426 2523
4427 2523
4428 2523
4429 2524
4430 2523
4431 2523
4432 2522
4433 2522
4434 2521
4435 2521
4436 2521
4437 2521
4438 2521
4439 2521
4440 2520
4441 2521
4442 2521
4443 2521
4444 2532
4445 2525
4446 2521
4447 2522
4448 2522
4449 2523
4450 2524
4451 2524
4452 2524
4453 2524
4454 2524
4455 2524
4456 2524
4457 2523
4458 2523
4459 2524
4460 2524
4461 2524
4462 2524
4463 2524
4464 2524
4465 2524
4466 2524
4467 2528
4468 2528
4469 2524
4470 2525
4471 2520
4472 2520
4473 2520
4474 2520
4475 2521
4476 2521
4477 2522
4478 2522
4479 2523
4480 2523
4481 2528
4482 2524
4483 2525
4484 2525
4485 2523
4486 2523
4487 2523
4488 2524
4489 2524
4490 2524
4491 2524
4492 2524
4493 2523
4494 2524
4495 2524
4496 2525
4497 2525
4498 2524
4499 2524
4500 2526
4501 2525
4502 2521
4503 2524
4504 2521
4505 2520
4506 2519
4507 2519
4508 2519
4509 2519
4510 2519
4511 2519
4512 2519
4513 2519
4514 2519
4515 2519
4516 2519
4517 2519
4518 2518
4519 2518
4520 2518
4521 2518
4522 2518
4523 2518
4524 2518
4525 2518
4526 2518
4527 2519
4528 2519
4529 2519
4530 2519
4531 2519
4532 2519
4533 2519
4534 2519
4535 2519
4536 2519
4537 2518
4538 2522
4539 2519
4540 2519
4541 2518
4542 2519
4543 2519
4544 2518
4545 2519
4546 2520
4547 2524
4548 2519
4549 2517
4550 2517
4551 2517
4552 2517
4553 2516
4554 2517
4555 2518
4556 2525
4557 2524
4558 2515
4559 2516
4560 2516
4561 2516
4562 2516
4563 2517
4564 2517
4565 2521
4566 2521
4567 2518
4568 2518
4569 2519
4570 2520
4571 2518
4572 2518
4573 2518
4574 2518
4575 2529
4576 2517
4577 2517
4578 2521
4579 2521
4580 2517
4581 2518
4582 2518
4583 2521
4584 2518
4585 2522
4586 2522
4587 2523
4588 2521
4589 2518
4590 2519
4591 2520
4592 2520
4593 2517
4594 2518
4595 2523
4596 2522
4597 2517
4598 2520
4599 2518
4600 2519
4601 2517
4602 2517
4603 2518
4604 2518
4605 2518
4606 2518
4607 2517
4608 2517
4609 2514
4610 2520
4611 2515
4612 2515
4613 2515
4614 2523
4615 2520
4616 2522
4617 2520
4618 2520
4619 2521
4620 2515
4621 2520
4622 2519
4623 2520
4624 2520
4625 2519
4626 2518
4627 2520
4628 2516
4629 2521
4630 2520
4631 2517
4632 2517
4633 2521
4634 2518
4635 2517
4636 2517
4637 2517
4638 2516
4639 2517
4640 2516
4641 2518
4642 2518
4643 2518
4644 2517
4645 2517
4646 2516
4647 2516
4648 2517
4649 2517
4650 2517
4651 2520
4652 2517
4653 2516
4654 2517
4655 2517
4656 2517
4657 2517
4658 2516
4659 2516
4660 2517
4661 2517
4662 2516
4663 2516
4664 2517
4665 2517
4666 2519
4667 2520
4668 2520
4669 2517
4670 2521
4671 2517
4672 2519
4673 2517
4674 2518
4675 2520
4676 2517
4677 2517
4678 2517
4679 2517
4680 2518
4681 2517
4682 2518
4683 2517
4684 2518
4685 2518
4686 2518
4687 2517
4688 2518
4689 2518
4690 2521
4691 2520
4692 2518
4693 2517
4694 2517
4695 2517
4696 2520
4697 2517
4698 2521
4699 2521
4700 2517
4701 2517
4702 2521
4703 2516
4704 2516
4705 2517
4706 2521
4707 2521
4708 2518
4709 2517
4710 2519
4711 2520
4712 2521
4713 2517
4714 2519
4715 2519
4716 2519
4717 2519
4718 2516
4719 2517
4720 2521
4721 2519
4722 2520
4723 2519
4724 2523
4725 2516
4726 2516
4727 2524
4728 2525
4729 2519
4730 2517
4731 2517
4732 2516
4733 2516
4734 2520
4735 2517
4736 2520
4737 2516
4738 2516
4739 2516
4740 2516
4741 2517
4742 2516
4743 2518
4744 2516
4745 2516
4746 2515
4747 2518
4748 2515
4749 2514
4750 2514
4751 2515
4752 2516
4753 2516
4754 2520
4755 2514
4756 2515
4757 2525
4758 2514
4759 2513
4760 2516
4761 2519
4762 2517
4763 2519
4764 2519
4765 2519
4766 2520
4767 2515
4768 2519
4769 2516
4770 2515
4771 2516
4772 2516
4773 2517
4774 2516
4775 2516
4776 2516
4777 2516
4778 2516
4779 2515
4780 2518
4781 2517
4782 2515
4783 2516
4784 2516
4785 2516
4786 2516
4787 2516
4788 2515
4789 2516
4790 2515
4791 2515
4792 2516
4793 2516
4794 2514
4795 2516
4796 2514
4797 2523
4798 2516
4799 2518
4800 2518
4801 2515
4802 2515
4803 2514
4804 2515
4805 2516
4806 2515
4807 2515
4808 2515
4809 2514
4810 2516
4811 2516
4812 2516
4813 2519
4814 2514
4815 2514
4816 2517
4817 2518
4818 2514
4819 2515
4820 2514
4821 2513
4822 2513
4823 2514
4824 2514
4825 2514
4826 2513
4827 2514
4828 2516
4829 2514
4830 2514
4831 2516
4832 2514
4833 2513
4834 2512
4835 2513
4836 2513
4837 2512
4838 2513
4839 2512
4840 2512
4841 2513
4842 2512
4843 2512
4844 2512
4845 2512
4846 2512
4847 2513
4848 2513
4849 2513
4850 2514
4851 2513
4852 2513
4853 2513
4854 2513
4855 2513
4856 2513
4857 2513
4858 2513
4859 2515
4860 2515
4861 2515
4862 2513
4863 2512
4864 2513
4865 2512
4866 2513
4867 2515
4868 2513
4869 2513
4870 2513
4871 2513
4872 2515
4873 2512
4874 2511
4875 2512
4876 2513
4877 2511
4878 2512
4879 2514
4880 2513
4881 2513
4882 2512
4883 2512
4884 2512
4885 2512
4886 2514
4887 2512
4888 2514
4889 2513
4890 2513
4891 2513
4892 2513
4893 2516
4894 2512
4895 2512
4896 2514
4897 2514
4898 2512
4899 2512
4900 2514
4901 2515
4902 2514
4903 2514
4904 2513
4905 2514
4906 2513
4907 2513
4908 2513
4909 2513
4910 2513
4911 2513
4912 2512
4913 2517
4914 2516
4915 2513
4916 2513
4917 2513
4918 2513
4919 2513
4920 2513
4921 2513
4922 2514
4923 2513
4924 2513
4925 2513
4926 2512
4927 2512
4928 2518
4929 2513
4930 2512
4931 2512
4932 2512
4933 2513
4934 2513
4935 2513
4936 2512
4937 2513
4938 2513
4939 2512
4940 2513
4941 2514
4942 2513
4943 2514
4944 2513
4945 2512
4946 2513
4947 2512
4948 2511
4949 2511
4950 2512
4951 2513
4952 2513
4953 2513
4954 2513
4955 2513
4956 2514
4957 2513
4958 2512
4959 2511
4960 2511
4961 2512
4962 2513
4963 2513
4964 2513
4965 2512
4966 2510
4967 2511
4968 2512
4969 2512
4970 2513
4971 2513
4972 2512
4973 2512
4974 2512
4975 2513
4976 2512
4977 2513
4978 2512
4979 2511
4980 2513
4981 2512
4982 2511
4983 2512
4984 2512
4985 2512
4986 2512
4987 2511
4988 2510
4989 2509
4990 2509
4991 2508
4992 2508
4993 2508
4994 2508
4995 2508
4996 2509
4997 2509
4998 2509
4999 2510
5000 2510
5001 2513
5002 2512
5003 2512
5004 2511
5005 2512
5006 2512
5007 2511
5008 2515
5009 2512
5010 2512
5011 2510
5012 2515
5013 2516
5014 2513
5015 2509
5016 2509
5017 2510
5018 2509
5019 2510
5020 2510
5021 2510
5022 2511
5023 2510
5024 2510
5025 2510
5026 2511
5027 2511
5028 2510
5029 2510
5030 2511
5031 2510
5032 2510
5033 2510
5034 2511
5035 2511
5036 2511
5037 2511
5038 2510
5039 2511
5040 2510
5041 2510
5042 2512
5043 2511
5044 2511
5045 2510
5046 2509
5047 2512
5048 2516
5049 2507
5050 2508
5051 2509
5052 2508
5053 2508
5054 2510
5055 2509
5056 2510
5057 2510
5058 2510
5059 2511
5060 2512
5061 2511
5062 2509
5063 2511
5064 2511
5065 2510
5066 2510
5067 2510
5068 2508
5069 2509
5070 2509
5071 2509
5072 2511
5073 2513
5074 2517
5075 2508
5076 2508
5077 2508
5078 2508
5079 2508
5080 2507
5081 2508
5082 2508
5083 2508
5084 2508
5085 2508
5086 2509
5087 2509
5088 2509
5089 2511
5090 2510
5091 2510
5092 2510
5093 2510
5094 2511
5095 2510
5096 2510
5097 2510
5098 2510
5099 2511
5100 2511
5101 2511
5102 2510
5103 2508
5104 2508
5105 2511
5106 2509
5107 2509
5108 2509
5109 2512
5110 2509
5111 2509
5112 2510
5113 2509
5114 2509
5115 2509
5116 2510
5117 2511
5118 2511
5119 2512
5120 2512
5121 2510
5122 2510
5123 2508
5124 2509
5125 2507
5126 2507
5127 2507
5128 2511
5129 2515
5130 2506
5131 2507
5132 2507
5133 2507
5134 2509
5135 2507
5136 2508
5137 2508
5138 2512
5139 2509
5140 2510
5141 2510
5142 2509
5143 2508
5144 2511
5145 2512
5146 2510
5147 2508
5148 2509
5149 2508
5150 2508
5151 2508
5152 2507
5153 2507
5154 2507
5155 2518
5156 2512
5157 2510
5158 2509
5159 2509
5160 2508
5161 2508
5162 2512
5163 2509
5164 2509
5165 2510
5166 2510
5167 2509
5168 2510
5169 2509
5170 2509
5171 2512
5172 2508
5173 2508
5174 2508
5175 2508
5176 2511
5177 2508
5178 2507
5179 2508
5180 2507
5181 2507
5182 2508
5183 2512
5184 2511
5185 2511
5186 2510
5187 2509
5188 2509
5189 2509
5190 2509
5191 2506
5192 2507
5193 2507
5194 2506
5195 2506
5196 2507
5197 2508
5198 2508
5199 2507
5200 2507
5201 2513
5202 2506
5203 2506
5204 2507
5205 2507
5206 2510
5207 2509
5208 2509
5209 2509
5210 2508
5211 2508
5212 2508
5213 2508
5214 2512
5215 2508
5216 2508
5217 2510
5218 2508
5219 2507
5220 2508
5221 2508
5222 2507
5223 2507
5224 2507
5225 2507
5226 2516
5227 2517
5228 2518
5229 2510
5230 2509
5231 2521
5232 2517
5233 2504
5234 2505
5235 2510
5236 2507
5237 2508
5238 2506
5239 2513
5240 2507
5241 2507
5242 2508
5243 2507
5244 2507
5245 2506
5246 2511
5247 2509
5248 2508
5249 2507
5250 2509
5251 2508
5252 2508
5253 2508
5254 2508
5255 2508
5256 2508
5257 2508
5258 2508
5259 2508
5260 2508
5261 2508
5262 2507
5263 2507
5264 2506
5265 2510
5266 2507
5267 2507
5268 2508
5269 2513
5270 2508
5271 2512
5272 2510
5273 2511
5274 2511
5275 2511
5276 2516
5277 2514
5278 2512
5279 2511

