1 2494
2 2494
3 2490
4 2489
5 2490
6 2490
7 2490
8 2490
9 2489
10 2490
11 2490
12 2490
13 2489
14 2489
15 2489
16 2489
17 2490
18 2489
19 2489
20 2489
21 2489
22 2489
23 2489
24 2489
25 2489
26 2489
27 2489
28 2489
29 2489
30 2489
31 2489
32 2489
33 2490
34 2489
35 2489
36 2489
37 2490
38 2490
39 2490
40 2490
41 2489
42 2490
43 2489
44 2490
45 2490
46 2490
47 2490
48 2490
49 2489
50 2490
51 2490
52 2490
53 2490
54 2490
55 2490
56 2490
57 2490
58 2489
59 2490
60 2489
61 2489
62 2490
63 2490
64 2489
65 2490
66 2490
67 2490
68 2490
69 2490
70 2490
71 2490
72 2490
73 2490
74 2490
75 2490
76 2490
77 2490
78 2490
79 2490
80 2490
81 2490
82 2490
83 2490
84 2492
85 2490
86 2490
87 2490
88 2490
89 2490
90 2490
91 2492
92 2491
93 2491
94 2491
95 2491
96 2490
97 2491
98 2490
99 2490
100 2490
101 2490
102 2490
103 2490
104 2490
105 2490
106 2490
107 2490
108 2490
109 2491
110 2490
111 2490
112 2490
113 2490
114 2490
115 2490
116 2490
117 2490
118 2490
119 2490
120 2490
121 2490
122 2490
123 2490
124 2490
125 2490
126 2490
127 2490
128 2490
129 2490
130 2490
131 2489
132 2490
133 2490
134 2490
135 2490
136 2490
137 2490
138 2490
139 2490
140 2490
141 2489
142 2490
143 2490
144 2490
145 2489
146 2489
147 2490
148 2489
149 2489
150 2489
151 2489
152 2489
153 2489
154 2489
155 2489
156 2489
157 2489
158 2489
159 2489
160 2489
161 2489
162 2489
163 2489
164 2489
165 2489
166 2489
167 2489
168 2489
169 2489
170 2489
171 2489
172 2489
173 2489
174 2489
175 2489
176 2489
177 2489
178 2489
179 2489
180 2489
181 2489
182 2489
183 2489
184 2489
185 2489
186 2489
187 2490
188 2489
189 2489
190 2489
191 2490
192 2490
193 2489
194 2489
195 2490
196 2490
197 2490
198 2489
199 2489
200 2489
201 2489
202 2489
203 2489
204 2489
205 2489
206 2489
207 2489
208 2489
209 2489
210 2489
211 2489
212 2489
213 2489
214 2489
215 2489
216 2489
217 2489
218 2489
219 2489
220 2489
221 2489
222 2489
223 2489
224 2489
225 2489
226 2489
227 2489
228 2489
229 2489
230 2489
231 2489
232 2489
233 2489
234 2489
235 2489
236 2489
237 2489
238 2489
239 2489
240 2489
241 2489
242 2489
243 2489
244 2489
245 2489
246 2489
247 2489
248 2489
249 2489
250 2489
251 2489
252 2489
253 2489
254 2489
255 2489
256 2489
257 2489
258 2489
259 2489
260 2489
261 2489
262 2489
263 2489
264 2489
265 2489
266 2489
267 2489
268 2489
269 2489
270 2489
271 2489
272 2489
273 2489
274 2489
275 2488
276 2489
277 2489
278 2489
279 2489
280 2489
281 2488
282 2488
283 2488
284 2488
285 2488
286 2488
287 2488
288 2488
289 2488
290 2488
291 2488
292 2488
293 2489
294 2489
295 2489
296 2488
297 2488
298 2488
299 2488
300 2488
301 2489
302 2488
303 2488
304 2488
305 2488
306 2488
307 2488
308 2488
309 2488
310 2488
311 2488
312 2488
313 2488
314 2488
315 2488
316 2488
317 2488
318 2488
319 2489
320 2488
321 2489
322 2489
323 2488
324 2488
325 2488
326 2488
327 2488
328 2488
329 2488
330 2488
331 2488
332 2488
333 2488
334 2488
335 2488
336 2488
337 2489
338 2488
339 2488
340 2488
341 2488
342 2489
343 2488
344 2488
345 2488
346 2488
347 2488
348 2488
349 2489
350 2489
351 2489
352 2489
353 2488
354 2488
355 2489
356 2489
357 2489
358 2488
359 2488
360 2488
361 2491
362 2488
363 2488
364 2488
365 2489
366 2489
367 2489
368 2489
369 2489
370 2488
371 2488
372 2488
373 2488
374 2488
375 2488
376 2488
377 2488
378 2488
379 2488
380 2488
381 2488
382 2489
383 2488
384 2488
385 2488
386 2488
387 2488
388 2488
389 2488
390 2488
391 2488
392 2488
393 2488
394 2488
395 2488
396 2488
397 2488
398 2488
399 2488
400 2488
401 2488
402 2488
403 2488
404 2488
405 2488
406 2488
407 2488
408 2488
409 2488
410 2488
411 2488
412 2488
413 2488
414 2488
415 2488
416 2488
417 2488
418 2488
419 2489
420 2488
421 2488
422 2489
423 2489
424 2488
425 2488
426 2488
427 2488
428 2488
429 2488
430 2488
431 2488
432 2488
433 2488
434 2488
435 2488
436 2488
437 2488
438 2488
439 2488
440 2488
441 2488
442 2488
443 2488
444 2488
445 2488
446 2488
447 2488
448 2488
449 2488
450 2488
451 2488
452 2488
453 2488
454 2488
455 2488
456 2488
457 2488
458 2488
459 2488
460 2488
461 2488
462 2488
463 2488
464 2488
465 2488
466 2488
467 2488
468 2488
469 2488
470 2488
471 2488
472 2489
473 2488
474 2489
475 2489
476 2489
477 2489
478 2489
479 2489
480 2489
481 2489
482 2488
483 2488
484 2488
485 2489
486 2488
487 2488
488 2488
489 2488
490 2488
491 2488
492 2488
493 2488
494 2488
495 2488
496 2488
497 2488
498 2488
499 2488
500 2488
501 2488
502 2488
503 2488
504 2488
505 2488
506 2488
507 2488
508 2488
509 2488
510 2488
511 2487
512 2487
513 2487
514 2487
515 2487
516 2487
517 2487
518 2487
519 2487
520 2487
521 2487
522 2487
523 2487
524 2487
525 2487
526 2487
527 2487
528 2487
529 2487
530 2487
531 2487
532 2487
533 2487
534 2487
535 2487
536 2487
537 2487
538 2486
539 2486
540 2487
541 2487
542 2487
543 2486
544 2486
545 2486
546 2486
547 2486
548 2486
549 2486
550 2486
551 2486
552 2486
553 2487
554 2487
555 2486
556 2486
557 2487
558 2486
559 2486
560 2487
561 2487
562 2486
563 2486
564 2486
565 2486
566 2486
567 2487
568 2486
569 2486
570 2486
571 2486
572 2486
573 2486
574 2486
575 2486
576 2486
577 2486
578 2486
579 2486
580 2486
581 2486
582 2486
583 2486
584 2486
585 2486
586 2486
587 2486
588 2486
589 2486
590 2486
591 2486
592 2486
593 2486
594 2486
595 2486
596 2486
597 2485
598 2486
599 2486
600 2486
601 2486
602 2486
603 2486
604 2486
605 2486
606 2486
607 2485
608 2486
609 2486
610 2486
611 2486
612 2486
613 2486
614 2486
615 2486
616 2486
617 2485
618 2486
619 2486
620 2485
621 2485
622 2486
623 2485
624 2486
625 2485
626 2485
627 2485
628 2485
629 2485
630 2485
631 2485
632 2485
633 2485
634 2485
635 2485
636 2485
637 2485
638 2485
639 2485
640 2485
641 2485
642 2485
643 2485
644 2485
645 2485
646 2485
647 2485
648 2485
649 2485
650 2485
651 2485
652 2485
653 2485
654 2485
655 2485
656 2485
657 2485
658 2485
659 2485
660 2484
661 2484
662 2485
663 2485
664 2485
665 2484
666 2484
667 2484
668 2485
669 2485
670 2484
671 2484
672 2484
673 2484
674 2484
675 2484
676 2484
677 2484
678 2484
679 2484
680 2484
681 2484
682 2484
683 2484
684 2484
685 2484
686 2484
687 2484
688 2484
689 2483
690 2483
691 2483
692 2484
693 2483
694 2483
695 2483
696 2483
697 2484
698 2483
699 2483
700 2483
701 2483
702 2483
703 2483
704 2483
705 2483
706 2483
707 2483
708 2483
709 2483
710 2483
711 2483
712 2483
713 2483
714 2483
715 2483
716 2483
717 2483
718 2483
719 2483
720 2483
721 2483
722 2483
723 2483
724 2482
725 2482
726 2482
727 2482
728 2482
729 2482
730 2482
731 2482
732 2482
733 2482
734 2482
735 2482
736 2482
737 2482
738 2482
739 2482
740 2482
741 2482
742 2482
743 2482
744 2482
745 2482
746 2482
747 2482
748 2481
749 2481
750 2481
751 2482
752 2482
753 2481
754 2481
755 2481
756 2481
757 2481
758 2481
759 2481
760 2481
761 2481
762 2481
763 2481
764 2481
765 2481
766 2481
767 2481
768 2480
769 2480
770 2480
771 2480
772 2479
773 2479
774 2479
775 2479
776 2480
777 2479
778 2480
779 2479
780 2479
781 2480
782 2480
783 2480
784 2481
785 2479
786 2480
787 2477
788 2477
789 2477
790 2477
791 2477
792 2480
793 2480
794 2477
795 2478
796 2476
797 2477
798 2478
799 2478
800 2478
801 2477
802 2477
803 2478
804 2477
805 2478
806 2477
807 2477
808 2477
809 2477
810 2477
811 2477
812 2477
813 2477
814 2477
815 2477
816 2476
817 2477
818 2476
819 2476
820 2476
821 2476
822 2475
823 2476
824 2476
825 2476
826 2476
827 2476
828 2476
829 2476
830 2476
831 2476
832 2476
833 2476
834 2475
835 2476
836 2476
837 2475
838 2475
839 2476
840 2475
841 2475
842 2475
843 2474
844 2475
845 2475
846 2475
847 2474
848 2474
849 2475
850 2474
851 2474
852 2474
853 2474
854 2473
855 2473
856 2474
857 2474
858 2475
859 2475
860 2475
861 2475
862 2475
863 2475
864 2475
865 2474
866 2474
867 2474
868 2473
869 2474
870 2474
871 2473
872 2473
873 2473
874 2473
875 2473
876 2473
877 2473
878 2473
879 2472
880 2473
881 2472
882 2472
883 2473
884 2472
885 2473
886 2472
887 2474
888 2472
889 2471
890 2471
891 2470
892 2471
893 2470
894 2470
895 2469
896 2471
897 2470
898 2470
899 2470
900 2470
901 2470
902 2470
903 2470
904 2470
905 2470
906 2470
907 2469
908 2469
909 2470
910 2469
911 2469
912 2469
913 2469
914 2469
915 2469
916 2469
917 2469
918 2469
919 2469
920 2469
921 2469
922 2469
923 2469
924 2469
925 2468
926 2469
927 2469
928 2468
929 2469
930 2468
931 2469
932 2468
933 2468
934 2468
935 2468
936 2468
937 2469
938 2469
939 2468
940 2468
941 2468
942 2468
943 2468
944 2468
945 2468
946 2469
947 2468
948 2468
949 2468
950 2467
951 2467
952 2468
953 2468
954 2468
955 2468
956 2468
957 2468
958 2468
959 2468
960 2467
961 2468
962 2468
963 2468
964 2468
965 2467
966 2468
967 2468
968 2467
969 2468
970 2468
971 2467
972 2468
973 2468
974 2467
975 2467
976 2467
977 2467
978 2467
979 2467
980 2467
981 2467
982 2467
983 2466
984 2467
985 2467
986 2467
987 2467
988 2466
989 2466
990 2467
991 2466
992 2466
993 2467
994 2467
995 2466
996 2466
997 2466
998 2466
999 2466
1000 2466
1001 2466
1002 2466
1003 2466
1004 2466
1005 2466
1006 2466
1007 2466
1008 2466
1009 2466
1010 2466
1011 2466
1012 2466
1013 2466
1014 2466
1015 2466
1016 2466
1017 2466
1018 2466
1019 2466
1020 2466
1021 2466
1022 2466
1023 2466
1024 2466
1025 2465
1026 2465
1027 2466
1028 2466
1029 2466
1030 2465
1031 2465
1032 2465
1033 2465
1034 2465
1035 2465
1036 2465
1037 2465
1038 2465
1039 2465
1040 2465
1041 2465
1042 2465
1043 2465
1044 2465
1045 2465
1046 2465
1047 2465
1048 2465
1049 2465
1050 2465
1051 2465
1052 2465
1053 2465
1054 2465
1055 2465
1056 2465
1057 2465
1058 2465
1059 2465
1060 2465
1061 2465
1062 2465
1063 2465
1064 2465
1065 2465
1066 2465
1067 2465
1068 2464
1069 2464
1070 2465
1071 2465
1072 2465
1073 2464
1074 2465
1075 2465
1076 2465
1077 2464
1078 2464
1079 2464
1080 2464
1081 2464
1082 2464
1083 2464
1084 2464
1085 2464
1086 2464
1087 2464
1088 2464
1089 2464
1090 2464
1091 2464
1092 2465
1093 2464
1094 2464
1095 2464
1096 2464
1097 2464
1098 2464
1099 2464
1100 2464
1101 2464
1102 2464
1103 2464
1104 2464
1105 2464
1106 2465
1107 2464
1108 2464
1109 2464
1110 2464
1111 2465
1112 2464
1113 2464
1114 2464
1115 2464
1116 2465
1117 2464
1118 2464
1119 2464
1120 2464
1121 2464
1122 2464
1123 2464
1124 2464
1125 2464
1126 2464
1127 2463
1128 2464
1129 2464
1130 2463
1131 2463
1132 2463
1133 2463
1134 2464
1135 2464
1136 2464
1137 2463
1138 2463
1139 2464
1140 2464
1141 2464
1142 2464
1143 2464
1144 2464
1145 2464
1146 2464
1147 2464
1148 2463
1149 2464
1150 2464
1151 2464
1152 2464
1153 2464
1154 2463
1155 2463
1156 2463
1157 2464
1158 2464
1159 2463
1160 2463
1161 2463
1162 2463
1163 2463
1164 2463
1165 2463
1166 2463
1167 2463
1168 2463
1169 2463
1170 2463
1171 2463
1172 2463
1173 2463
1174 2463
1175 2463
1176 2463
1177 2463
1178 2463
1179 2463
1180 2463
1181 2463
1182 2463
1183 2463
1184 2463
1185 2463
1186 2463
1187 2463
1188 2463
1189 2463
1190 2463
1191 2463
1192 2463
1193 2463
1194 2463
1195 2463
1196 2463
1197 2463
1198 2463
1199 2463
1200 2463
1201 2463
1202 2463
1203 2463
1204 2463
1205 2463
1206 2463
1207 2463
1208 2463
1209 2463
1210 2463
1211 2463
1212 2463
1213 2463
1214 2462
1215 2462
1216 2462
1217 2462
1218 2462
1219 2462
1220 2462
1221 2462
1222 2462
1223 2462
1224 2462
1225 2462
1226 2462
1227 2462
1228 2461
1229 2462
1230 2462
1231 2462
1232 2462
1233 2461
1234 2461
1235 2462
1236 2462
1237 2462
1238 2462
1239 2461
1240 2461
1241 2461
1242 2461
1243 2461
1244 2461
1245 2461
1246 2461
1247 2461
1248 2461
1249 2461
1250 2461
1251 2461
1252 2461
1253 2461
1254 2461
1255 2460
1256 2460
1257 2460
1258 2460
1259 2460
1260 2461
1261 2460
1262 2461
1263 2460
1264 2460
1265 2460
1266 2460
1267 2460
1268 2460
1269 2460
1270 2460
1271 2460
1272 2460
1273 2460
1274 2460
1275 2460
1276 2459
1277 2459
1278 2459
1279 2460
1280 2460
1281 2460
1282 2459
1283 2459
1284 2459
1285 2460
1286 2460
1287 2459
1288 2459
1289 2459
1290 2459
1291 2460

501 2509
502 2519
503 2519
504 2505
505 2515
506 2516
507 2512
508 2515
509 2511
510 2513
511 2512
512 2512
513 2511
514 2511
515 2516
516 2511
517 2512
518 2512
519 2516
520 2511
521 2515
522 2511
523 2511
524 2511
525 2509
526 2511
527 2512
528 2511
529 2511
530 2511
531 2511
532 2511
533 2511
534 2511
535 2511
536 2511
537 2508
538 2515
539 2511
540 2516
541 2517
542 2511
543 2511
544 2513
545 2510
546 2511
547 2511
548 2512
549 2512
550 2511
551 2515
552 2504
553 2512
554 2511
555 2517
556 2516
557 2516
558 2512
559 2513
560 2512
561 2517
562 2505
563 2516
564 2511
565 2505
566 2505
567 2509
568 2511
569 2506
570 2512
571 2513
572 2513
573 2513
574 2512
575 2509
576 2518
577 2513
578 2513
579 2513
580 2514
581 2512
582 2514
583 2513
584 2513
585 2513
586 2513
587 2513
588 2506
589 2513
590 2506
591 2513
592 2513
593 2513
594 2513
595 2510
596 2519
597 2514
598 2514
599 2513
600 2518
601 2513
602 2507
603 2512
604 2518
605 2514
606 2512
607 2513
608 2507
609 2513
610 2511
611 2513
612 2513
613 2521
614 2507
615 2508
616 2510
617 2514
618 2513
619 2514
620 2514
621 2514
622 2514
623 2512
624 2514
625 2508
692 2512
693 2513
694 2512
695 2515
696 2517
697 2511
698 2512
699 2511
700 2512
701 2519
702 2520
703 2522
704 2508
705 2512
706 2512
707 2512
708 2512
709 2508
710 2511
711 2512
712 2516
713 2517
714 2516
715 2518
716 2512
717 2517
718 2507
719 2514
720 2510
721 2512
722 2507
723 2513
724 2515
725 2512
726 2516
727 2512
728 2512
729 2511
730 2512
731 2514
732 2513
733 2512
734 2507
735 2511
736 2516
737 2512
738 2506
739 2505
740 2512
741 2511
742 2511
743 2512
744 2512
745 2514
746 2516
747 2511
748 2508
749 2511
750 2512
751 2514
752 2511
753 2513
754 2505
755 2505
756 2512
757 2512
758 2512
759 2512
760 2509
761 2516
762 2512
763 2512
764 2512
765 2512
766 2512
767 2509
768 2509
769 2505
770 2513

