949 2498
950 2498
951 2498
952 2498
953 2498
954 2499
955 2501
956 2498
957 2497
958 2503
959 2499
960 2500
961 2499
962 2500
963 2501
964 2501
965 2500
966 2501
967 2501
968 2501
969 2501
970 2501
971 2501
972 2502
973 2502
974 2501
975 2501
976 2501
977 2501
978 2502
979 2502
980 2503
981 2502
982 2502
983 2503
984 2502
985 2502
986 2502
987 2502
988 2502
989 2502
990 2502
991 2503
992 2509
993 2503
994 2503
995 2503
996 2503
997 2503
998 2503
999 2504
1000 2503
1001 2504
1002 2505
1003 2503
1004 2503
1005 2503
1006 2503
1007 2503
1008 2503
1009 2507
1010 2503
1011 2503
1012 2508
1013 2504
1014 2504
1015 2504
1016 2507
1017 2507
1018 2504
1019 2505
1020 2506
1021 2505
1022 2507
1023 2506
1024 2505
1025 2507
1026 2508
1027 2506
1028 2510
1029 2506
1030 2506
1031 2506
1032 2506
1033 2505
1034 2506
1035 2506
1036 2507
1037 2508
1038 2507
1039 2511
1040 2507
1041 2507
1042 2507
1043 2507
1044 2506
1045 2506
1046 2506
1047 2506
1048 2506
1049 2507
1050 2506
1051 2506
1052 2507
1053 2506
1054 2506
1055 2507
1056 2507
1057 2507
1058 2507
1059 2507
1060 2507
1061 2507
1062 2507
1063 2507
1064 2508
1065 2507
1066 2507
1067 2507
1068 2507
1069 2508
1070 2507
1071 2508
1072 2512
1073 2512
1074 2507
1075 2507
1076 2507
1077 2517
1078 2509
1079 2508
1080 2507
1081 2507
1082 2507
1083 2508
1084 2511
1085 2513
1086 2513
1087 2514
1088 2509
1089 2508
1090 2508
1091 2512
1092 2509
1093 2512
1094 2512
1095 2508
1096 2508
1097 2507
1098 2507
1099 2507
1100 2507
1101 2512
1102 2507
1103 2506
1104 2507
1105 2507
1106 2508
1107 2507
1108 2507
1109 2508
1110 2508
1111 2508
1112 2507
1113 2510
1114 2507
1115 2507
1116 2507
1117 2508
1118 2507
1119 2513
1120 2508
1121 2507
1122 2510
1123 2508
1124 2509
1125 2509
1126 2508
1127 2508
1128 2513
1129 2508
1130 2508
1131 2508
1132 2508
1133 2508
1134 2511
1135 2507
1136 2514
1137 2515
1138 2507
1139 2515
1140 2509
1141 2508
1142 2510
1143 2511
1144 2510
1145 2510
1146 2511
1147 2508
1148 2508
1149 2508
1150 2508
1151 2508
1152 2508
1153 2508
1154 2508
1155 2508
1156 2507
1157 2512
1158 2515
1159 2512
1160 2508
1161 2512
1162 2508
1163 2507
1164 2508
1165 2508
1166 2508
1167 2508
1168 2508
1169 2511
1170 2508
1171 2508
1172 2508
1173 2507
1174 2508
1175 2508
1176 2510
1177 2508
1178 2508
1179 2508
1180 2508
1181 2508
1182 2513
1183 2508
1184 2507
1185 2507
1186 2509
1187 2509
1188 2506
1189 2508
1190 2508
1191 2507
1192 2510
1193 2509
1194 2509
1195 2511
1196 2511
1197 2511
1198 2511
1199 2507
1200 2507
1201 2508
1202 2511
1203 2509
1204 2507
1205 2511
1206 2507
1207 2507
1208 2506
1209 2507
1210 2506
1211 2506
1212 2506
1213 2508
1214 2506
1215 2506
1216 2507
1217 2511
1218 2506
1219 2506
1220 2506
1221 2508
1222 2506
1223 2506
1224 2506
1225 2506
1226 2506
1227 2506
1228 2506
1229 2506
1230 2505
1231 2505
1232 2506
1233 2506
1234 2506
1235 2506
1236 2506
1237 2506
1238 2506
1239 2506
1240 2506
1241 2506
1242 2506
1243 2506
1244 2506
1245 2506
1246 2506
1247 2507
1248 2507
1249 2507
1250 2507
1251 2507
1252 2510
1253 2507
1254 2506
1255 2507
1256 2507
1257 2507
1258 2506
1259 2506
1260 2509
1261 2506
1262 2506
1263 2506
1264 2506
1265 2506
1266 2506
1267 2507
1268 2507
1269 2508
1270 2506
1271 2506
1272 2506
1273 2507
1274 2506
1275 2506
1276 2506
1277 2508
1278 2505
1279 2506
1280 2507
1281 2505
1282 2506
1283 2507
1284 2506
1285 2506
1286 2506
1287 2507
1288 2506
1289 2505
1290 2506
1291 2504
1292 2506
1293 2504
1294 2503
1295 2504
1296 2505
1297 2502
1298 2503
1299 2504
1300 2507
1301 2507
1302 2506
1303 2504
1304 2504
1305 2507
1306 2505
1307 2505
1308 2505
1309 2507
1310 2506
1311 2505
1312 2506
1313 2505
1314 2504
1315 2504
1316 2507
1317 2507
1318 2505
1319 2507
1320 2503
1321 2504
1322 2504
1323 2504
1324 2504
1325 2504
1326 2504
1327 2504
1328 2504
1329 2509
1330 2509
1331 2505
1332 2503
1333 2503
1334 2503
1335 2505
1336 2507
1337 2507
1338 2505
1339 2504
1340 2505
1341 2506
1342 2504
1343 2504
1344 2504
1345 2504
1346 2511
1347 2505
1348 2506
1349 2506
1350 2508
1351 2507
1352 2505
1353 2505
1354 2505
1355 2505
1356 2509
1357 2508
1358 2505
1359 2505
1360 2505
1361 2505
1362 2505
1363 2505
1364 2505
1365 2505
1366 2504
1367 2504
1368 2503
1369 2503
1370 2502
1371 2503
1372 2505
1373 2504
1374 2506
1375 2505
1376 2504
1377 2505
1378 2505
1379 2505
1380 2505
1381 2504
1382 2505
1383 2504
1384 2505
1385 2505
1386 2505
1387 2505
1388 2506
1389 2503
1390 2504
1391 2505
1392 2504
1393 2504
1394 2508
1395 2508
1396 2506
1397 2502
1398 2502
1399 2509
1400 2503
1401 2503
1402 2502
1403 2502
1404 2502
1405 2502
1406 2502
1407 2502
1408 2502
1409 2503
1410 2506
1411 2504
1412 2504
1413 2503
1414 2504
1415 2503
1416 2504
1417 2503
1418 2503
1419 2507
1420 2504
1421 2504
1422 2504
1423 2508
1424 2504
1425 2504
1426 2504
1427 2503
1428 2504
1429 2503
1430 2503
1431 2503
1432 2503
1433 2502
1434 2503
1435 2506
1436 2503
1437 2504
1438 2504
1439 2503
1440 2504
1441 2504
1442 2503
1443 2503
1444 2503
1445 2503
1446 2504
1447 2503
1448 2503
1449 2503
1450 2504
1451 2503
1452 2503
1453 2503
1454 2503
1455 2502
1456 2506
1457 2504
1458 2504
1459 2503
1460 2503
1461 2502
1462 2502
1463 2501
1464 2501
1465 2501
1466 2501
1467 2501
1468 2502
1469 2502
1470 2502
1471 2501
1472 2502
1473 2507
1474 2502
1475 2504
1476 2502
1477 2501
1478 2501
1479 2502
1480 2502
1481 2502
1482 2501
1483 2502
1484 2502
1485 2502
1486 2502
1487 2502
1488 2502
1489 2503
1490 2500
1491 2501
1492 2501
1493 2501
1494 2501
1495 2502
1496 2501
1497 2500
1498 2501
1499 2509
1500 2500
1501 2502
1502 2501
1503 2500
1504 2499
1505 2500
1506 2503
1507 2499
1508 2499
1509 2502
1510 2501
1511 2502
1512 2500
1513 2502
1514 2501
1515 2502
1516 2500
1517 2500
1518 2500
1519 2500
1520 2500
1521 2500
1522 2500
1523 2500
1524 2500
1525 2500
1526 2501
1527 2500
1528 2500
1529 2501
1530 2500
1531 2500
1532 2501
1533 2500
1534 2500
1535 2500
1536 2500
1537 2500
1538 2500
1539 2500
1540 2501
1541 2499
1542 2501
1543 2500
1544 2500
1545 2500
1546 2499
1547 2502
1548 2498
1549 2499
1550 2499
1551 2500
1552 2500
1553 2501
1554 2501
1555 2501
1556 2500
1557 2499
1558 2499
1559 2500
1560 2500
1561 2500
1562 2500
1563 2499
1564 2499
1565 2499
1566 2499
1567 2499
1568 2499
1569 2499
1570 2499
1571 2499
1572 2499
1573 2499
1574 2499
1575 2499
1576 2499
1577 2499
1578 2499
1579 2498
1580 2499
1581 2499
1582 2499
1583 2499
1584 2499
1585 2499
1586 2499
1587 2499
1588 2499
1589 2499
1590 2498
1591 2497
1592 2499
1593 2499
1594 2500
1595 2499
1596 2499
1597 2498
1598 2498
1599 2499
1600 2498
1601 2499
1602 2498
1603 2499
1604 2498
1605 2498
1606 2498
1607 2498
1608 2498
1609 2498
1610 2497
1611 2497
1612 2497
1613 2498
1614 2498
1615 2498
1616 2498
1617 2498
1618 2498
1619 2498
1620 2498
1621 2498
1622 2498
1623 2498
1624 2498
1625 2498
1626 2497
1627 2497
1628 2497
1629 2497
1630 2497
1631 2497
1632 2497
1633 2498
1634 2497
1635 2497
1636 2497
1637 2497
1638 2497
1639 2497
1640 2497
1641 2498
1642 2498
1643 2498
1644 2498
1645 2498
1646 2497
1647 2498
1648 2497
1649 2497
1650 2497
1651 2497
1652 2497
1653 2497
1654 2497
1655 2497
1656 2497
1657 2497
1658 2497
1659 2497
1660 2497
1661 2497
1662 2497
1663 2497
1664 2497
1665 2497
1666 2497
1667 2497
1668 2497
1669 2497
1670 2497
1671 2497
1672 2497
1673 2497
1674 2496
1675 2497
1676 2497
1677 2496
1678 2496
1679 2496
1680 2496
1681 2496
1682 2496
1683 2496
1684 2496
1685 2496
1686 2495
1687 2496
1688 2496
1689 2495
1690 2495
1691 2495
1692 2495
1693 2495
1694 2495
1695 2495
1696 2495
1697 2495
1698 2495
1699 2495
1700 2495
1701 2495
1702 2495
1703 2495
1704 2495
1705 2495
1706 2494
1707 2495
1708 2495
1709 2495
1710 2495
1711 2495
1712 2495
1713 2495
1714 2495
1715 2495
1716 2495
1717 2494
1718 2494
1719 2494
1720 2495
1721 2494
1722 2494
1723 2494
1724 2494
1725 2494
1726 2494
1727 2494
1728 2494
1729 2494
1730 2494
1731 2494
1732 2494
1733 2494
1734 2494
1735 2494
1736 2494
1737 2494
1738 2494
1739 2494
1740 2494
1741 2494
1742 2493
1743 2493
1744 2494
1745 2493
1746 2493
1747 2493
1748 2493
1749 2493
1750 2493
1751 2493
1752 2493
1753 2493
1754 2493
1755 2493
1756 2493
1757 2493
1758 2493
1759 2493
1760 2493
1761 2493
1762 2493
1763 2493
1764 2493
1765 2493
1766 2493
1767 2493
1768 2493
1769 2493
1770 2493
1771 2492
1772 2492
1773 2492
1774 2492
1775 2493
1776 2492
1777 2492
1778 2492
1779 2492
1780 2492
1781 2492
1782 2492
1783 2492
1784 2492
1785 2492
1786 2492
1787 2492
1788 2492
1789 2491
1790 2492
1791 2492
1792 2492
1793 2492
1794 2492
1795 2492
1796 2492
1797 2492
1798 2492
1799 2492
1800 2492
1801 2492
1802 2492
1803 2492
1804 2492
1805 2492
1806 2492
1807 2492
1808 2492
1809 2491
1810 2491
1811 2491
1812 2491
1813 2492
1814 2492
1815 2491
1816 2492
1817 2496
1818 2491
1819 2491
1820 2491
1821 2491
1822 2492
1823 2491
1824 2491
1825 2491
1826 2491
1827 2491
1828 2491
1829 2491
1830 2491
1831 2491
1832 2491
1833 2491
1834 2491
1835 2491
1836 2491
1837 2491
1838 2491
1839 2491
1840 2491
1841 2491
1842 2491
1843 2491
1844 2491
1845 2491
1846 2491
1847 2491
1848 2491
1849 2491
1850 2491
1851 2491
1852 2491
1853 2491
1854 2491
1855 2491
1856 2491
1857 2491
1858 2491
1859 2491
1860 2491
1861 2490
1862 2491
1863 2491
1864 2491
1865 2491
1866 2491
1867 2491
1868 2491
1869 2490
1870 2490
1871 2491
1872 2490
1873 2491
1874 2491
1875 2491
1876 2491
1877 2491
1878 2491
1879 2491
1880 2490
1881 2491
1882 2491
1883 2491
1884 2491
1885 2490
1886 2490
1887 2490
1888 2491
1889 2490
1890 2491
1891 2491
1892 2490
1893 2490
1894 2491
1895 2490
1896 2491
1897 2491
1898 2491
1899 2491
1900 2491
1901 2491
1902 2492
1903 2491
1904 2490
1905 2490
1906 2490
1907 2491
1908 2491
1909 2490
1910 2490
1911 2495
1912 2490
1913 2491
1914 2491
1915 2490
1916 2495
1917 2490
1918 2491
1919 2490
1920 2490
1921 2491
1922 2491
1923 2490
1924 2491
1925 2491
1926 2491
1927 2494
1928 2491
1929 2490
1930 2490
1931 2490
1932 2490
1933 2490
1934 2490
1935 2490
1936 2490
1937 2490
1938 2490
1939 2490
1940 2490
1941 2490
1942 2490
1943 2490
1944 2490
1945 2491
1946 2490
1947 2490
1948 2490
1949 2490
1950 2490
1951 2491
1952 2491
1953 2491
1954 2490
1955 2490
1956 2490
1957 2490
1958 2491
1959 2491
1960 2491
1961 2491
1962 2490
1963 2491
1964 2490
1965 2491
1966 2491
1967 2490
1968 2490
1969 2490
1970 2491
1971 2491
1972 2490
1973 2490
1974 2490
1975 2490
1976 2490
1977 2490
1978 2490
1979 2490
1980 2490
1981 2490
1982 2490
1983 2491
1984 2490
1985 2490
1986 2490
1987 2490
1988 2490
1989 2489
1990 2490
1991 2490
1992 2490
1993 2490
1994 2490
1995 2490
1996 2489
1997 2490
1998 2490
1999 2490
2000 2490
2001 2490
2002 2490
2003 2490
2004 2489
2005 2489
2006 2490
2007 2489
2008 2489
2009 2489
2010 2489
2011 2490
2012 2490
2013 2489
2014 2489
2015 2490
2016 2489
2017 2489
2018 2489
2019 2489
2020 2489
2021 2489
2022 2489
2023 2489
2024 2489
2025 2489
2026 2488
2027 2488
2028 2488
2029 2488
2030 2488
2031 2488
2032 2489
2033 2489
2034 2488
2035 2488
2036 2488
2037 2488
2038 2488
2039 2488
2040 2488
2041 2488
2042 2488
2043 2488
2044 2488
2045 2488
2046 2488
2047 2488
2048 2488
2049 2488
2050 2488
2051 2488
2052 2489
2053 2488
2054 2488
2055 2488
2056 2488
2057 2489
2058 2489
2059 2489
2060 2489
2061 2488
2062 2489
2063 2488
2064 2489
2065 2489
2066 2488
2067 2489
2068 2488
2069 2488
2070 2488
2071 2488
2072 2488
2073 2488
2074 2488
2075 2488
2076 2488
2077 2488
2078 2488
2079 2488
2080 2488
2081 2488
2082 2488
2083 2488
2084 2488
2085 2488
2086 2488
2087 2488
2088 2489
2089 2489
2090 2488
2091 2487
2092 2488
2093 2488
2094 2488
2095 2488
2096 2488
2097 2488
2098 2488
2099 2488
2100 2488
2101 2488
2102 2488
2103 2488
2104 2488
2105 2488
2106 2488
2107 2488
2108 2488
2109 2488
2110 2488
2111 2488
2112 2488
2113 2488
2114 2488
2115 2488
2116 2488
2117 2488
2118 2488
2119 2488
2120 2488
2121 2488
2122 2487
2123 2488
2124 2488
2125 2488
2126 2488
2127 2488
2128 2488
2129 2488
2130 2488
2131 2488
2132 2488
2133 2488
2134 2488
2135 2488
2136 2488
2137 2488
2138 2488
2139 2487
2140 2488
2141 2487
2142 2488
2143 2487
2144 2488
2145 2488
2146 2488
2147 2488
2148 2487
2149 2488
2150 2488
2151 2488
2152 2488
2153 2488
2154 2488
2155 2488
2156 2488
2157 2488
2158 2488
2159 2488
2160 2488
2161 2488
2162 2488
2163 2488
2164 2488
2165 2488
2166 2488
2167 2488
2168 2488
2169 2488
2170 2488
2171 2488
2172 2488
2173 2488
2174 2488
2175 2488
2176 2488
2177 2488
2178 2488
2179 2488
2180 2488
2181 2488
2182 2488
2183 2488
2184 2489
2185 2489
2186 2488
2187 2488
2188 2489
2189 2489
2190 2489
2191 2489
2192 2489
2193 2488
2194 2488
2195 2488
2196 2489
2197 2489
2198 2489
2199 2489
2200 2489
2201 2489
2202 2489
2203 2489
2204 2488
2205 2489
2206 2489
2207 2488
2208 2488
2209 2489
2210 2488
2211 2488
2212 2489
2213 2488
2214 2489
2215 2489
2216 2489
2217 2489
2218 2489
2219 2489
2220 2489
2221 2488
2222 2488
2223 2488
2224 2488
2225 2488
2226 2491
2227 2487
2228 2489
2229 2489
2230 2488
2231 2488
2232 2488
2233 2488
2234 2488
2235 2488
2236 2488
2237 2488
2238 2488
2239 2488
2240 2489
2241 2488
2242 2488
2243 2488
2244 2488
2245 2488
2246 2488
2247 2488
2248 2488
2249 2488
2250 2488
2251 2488
2252 2488
2253 2488
2254 2488
2255 2488
2256 2488
2257 2488
2258 2488
2259 2488
2260 2488
2261 2488
2262 2488
2263 2488
2264 2488
2265 2488
2266 2488
2267 2488
2268 2488
2269 2488
2270 2488
2271 2488
2272 2488
2273 2488
2274 2488
2275 2488
2276 2488
2277 2488
2278 2488
2279 2488
2280 2488
2281 2488
2282 2488
2283 2487
2284 2488
2285 2487
2286 2487
2287 2487
2288 2487
2289 2487
2290 2488
2291 2487
2292 2487
2293 2487
2294 2487
2295 2487
2296 2487
2297 2487
2298 2487
2299 2487
2300 2487
2301 2487
2302 2487
2303 2487
2304 2487
2305 2487
2306 2487
2307 2487
2308 2487
2309 2488
2310 2487
2311 2487
2312 2487
2313 2487
2314 2487
2315 2487
2316 2487
2317 2487
2318 2487
2319 2487
2320 2487
2321 2487
2322 2487
2323 2487
2324 2487
2325 2487
2326 2487
2327 2487
2328 2487
2329 2487
2330 2487
2331 2487
2332 2487
2333 2487
2334 2487
2335 2487
2336 2487
2337 2487
2338 2487
2339 2487
2340 2487
2341 2487
2342 2487
2343 2487
2344 2487
2345 2488
2346 2487
2347 2487
2348 2487
2349 2487
2350 2487
2351 2487
2352 2487
2353 2487
2354 2487
2355 2487
2356 2488
2357 2487
2358 2487
2359 2487
2360 2487
2361 2486
2362 2486
2363 2487
2364 2487
2365 2487
2366 2487
2367 2487
2368 2487
2369 2487
2370 2487
2371 2487
2372 2487
2373 2487
2374 2487
2375 2487
2376 2487
2377 2487
2378 2486
2379 2487
2380 2487
2381 2487
2382 2486
2383 2487
2384 2487
2385 2487
2386 2487
2387 2487
2388 2487
2389 2487
2390 2487
2391 2487
2392 2487
2393 2487
2394 2487
2395 2487
2396 2487
2397 2487
2398 2487
2399 2487
2400 2487
2401 2487
2402 2487
2403 2487
2404 2487
2405 2487
2406 2487
2407 2487
2408 2487
2409 2487
2410 2487
2411 2487
2412 2487
2413 2487
2414 2487
2415 2487
2416 2487
2417 2487
2418 2487
2419 2487
2420 2487
2421 2487
2422 2487
2423 2487
2424 2488
2425 2488
2426 2487
2427 2487
2428 2487
2429 2487
2430 2487
2431 2487
2432 2487
2433 2487
2434 2487
2435 2487
2436 2487
2437 2487
2438 2487
2439 2487
2440 2487
2441 2488
2442 2488
2443 2488
2444 2488
2445 2488
2446 2488
2447 2488
2448 2488
2449 2488
2450 2488
2451 2488
2452 2488
2453 2488
2454 2488
2455 2488
2456 2488
2457 2488
2458 2488
2459 2488
2460 2488
2461 2488
2462 2488
2463 2488
2464 2488
2465 2488
2466 2488
2467 2488
2468 2488
2469 2488
2470 2488
2471 2488
2472 2489
2473 2488
2474 2488
2475 2488
2476 2488
2477 2489
2478 2489
2479 2488
2480 2488
2481 2489
2482 2489
2483 2489
2484 2488
2485 2488
2486 2488
2487 2489
2488 2488
2489 2488
2490 2488
2491 2488
2492 2489
2493 2489
2494 2488
2495 2489
2496 2489
2497 2489
2498 2488
2499 2489
2500 2489
2501 2489
2502 2488
2503 2489
2504 2488
2505 2488
2506 2489
2507 2488
2508 2489
2509 2489
2510 2489
2511 2489
2512 2488
2513 2489
2514 2489
2515 2488
2516 2488
2517 2489
2518 2489
2519 2489
2520 2489
2521 2489
2522 2488
2523 2488
2524 2489
2525 2488
2526 2489
2527 2489
2528 2489
2529 2488
2530 2488
2531 2489
2532 2489
2533 2489
2534 2489
2535 2489
2536 2489
2537 2489
2538 2489
2539 2489
2540 2489
2541 2488
2542 2489
2543 2488
2544 2488
2545 2489
2546 2489
2547 2489
2548 2489
2549 2489
2550 2489
2551 2489
2552 2489
2553 2489
2554 2489
2555 2489
2556 2489
2557 2489
2558 2489
2559 2489
2560 2489
2561 2489
2562 2489
2563 2489
2564 2489
2565 2489
2566 2489
2567 2489
2568 2489
2569 2489
2570 2489
2571 2489
2572 2489
2573 2489
2574 2489
2575 2489
2576 2489
2577 2489
2578 2489
2579 2489
2580 2489
2581 2489
2582 2489
2583 2489
2584 2489
2585 2489
2586 2489
2587 2488
2588 2488
2589 2489
2590 2489
2591 2488
2592 2489
2593 2489
2594 2489
2595 2489
2596 2489
2597 2489
2598 2489
2599 2489
2600 2489
2601 2489
2602 2489
2603 2489
2604 2489
2605 2489
2606 2489
2607 2489
2608 2489
2609 2488
2610 2489
2611 2489
2612 2489
2613 2489
2614 2489
2615 2488
2616 2488
2617 2489
2618 2489
2619 2489
2620 2489
2621 2489
2622 2488
2623 2489
2624 2489
2625 2488
2626 2488
2627 2489
2628 2489
2629 2489
2630 2489
2631 2489
2632 2489
2633 2488
2634 2489
2635 2488
2636 2488
2637 2489
2638 2489
2639 2490
2640 2489
2641 2489
2642 2489
2643 2489
2644 2489
2645 2489
2646 2488
2647 2489
2648 2488
2649 2489
2650 2489
2651 2488
2652 2489
2653 2489
2654 2489
2655 2489
2656 2489
2657 2488
2658 2488
2659 2489
2660 2489
2661 2488
2662 2489
2663 2489
2664 2489
2665 2489
2666 2489
2667 2489
2668 2489
2669 2489
2670 2489
2671 2489
2672 2489
2673 2489
2674 2489
2675 2489
2676 2489
2677 2489
2678 2489
2679 2489
2680 2489
2681 2489
2682 2489
2683 2490
2684 2490
2685 2490
2686 2490
2687 2490
2688 2490
2689 2489
2690 2489
2691 2489
2692 2489
2693 2488
2694 2488
2695 2488
2696 2488
2697 2488
2698 2488
2699 2488
2700 2488
2701 2488
2702 2488
2703 2488
2704 2488
2705 2488
2706 2488
2707 2488
2708 2488
2709 2488
2710 2488
2711 2488
2712 2488
2713 2488
2714 2488
2715 2488
2716 2489
2717 2488
2718 2489
2719 2489
2720 2488
2721 2488
2722 2488
2723 2489
2724 2488
2725 2489
2726 2489
2727 2489
2728 2488
2729 2488
2730 2488
2731 2489
2732 2488
2733 2488
2734 2489
2735 2488
2736 2488
2737 2488
2738 2489
2739 2489
2740 2489
2741 2489
2742 2489
2743 2489
2744 2489
2745 2490
2746 2491
2747 2488
2748 2491
2749 2491
2750 2490
2751 2490
2752 2490
2753 2490
2754 2490
2755 2490
2756 2490
2757 2490
2758 2490
2759 2490
2760 2490
2761 2490
2762 2490
2763 2489
2764 2490
2765 2489
2766 2490
2767 2490
2768 2490
2769 2490
2770 2490
2771 2490
2772 2490
2773 2490
2774 2489
2775 2489
2776 2489
2777 2493
2778 2488
2779 2492
2780 2489
2781 2489
2782 2489
2783 2488
2784 2488
2785 2488
2786 2488
2787 2488
2788 2488
2789 2487
2790 2488
2791 2488
2792 2488
2793 2488
2794 2488
2795 2488
2796 2491
2797 2491
2798 2499
2799 2495
2800 2494
2801 2487
2802 2487
2803 2486
2804 2491
2805 2488
2806 2490
2807 2486
2808 2488
2809 2488
2810 2486
2811 2487
2812 2488
2813 2488
2814 2486
2815 2486
2816 2487
2817 2487
2818 2486
2819 2486
2820 2487
2821 2487
2822 2486
2823 2486
2824 2486
2825 2486
2826 2486
2827 2486
2828 2486
2829 2487
2830 2486
2831 2486
2832 2486
2833 2487
2834 2486
2835 2486
2836 2486
2837 2486
2838 2486
2839 2488
2840 2487
2841 2486
2842 2486
2843 2486
2844 2485
2845 2486
2846 2486
2847 2486
2848 2486
2849 2486
2850 2486
2851 2486
2852 2485

1564 2537
1565 2537
1566 2537
1567 2537
1568 2538
1569 2542
1570 2533
1571 2536
1572 2536
1573 2536
1574 2541
1575 2533
1576 2537
1577 2538
1578 2538
1579 2537
1580 2538
1581 2538
1582 2538
1583 2538
1584 2539
1585 2538
1586 2539
1587 2542
1588 2542
1589 2541
1590 2532
1591 2532
1592 2532
1593 2532
1594 2535
1595 2529
1596 2533
1597 2530
1598 2533
1599 2534
1600 2531
1601 2541
1602 2539
1603 2536
1604 2543
1605 2538
1606 2537
1607 2538
1608 2538
1609 2538
1610 2537
1611 2540
1612 2538
1613 2537
1614 2537
1615 2536
1616 2537
1617 2538
1618 2540
1619 2533
1620 2537
1621 2543
1622 2536
1623 2543
1624 2540
1625 2541
1626 2540
1627 2537
1628 2536
1629 2536
1630 2536
1631 2536
1632 2536
1633 2536
1634 2536
1635 2537
1636 2539
1637 2536
1638 2536
1639 2536
1640 2536
1641 2536
1642 2536
1643 2535
1644 2536
1645 2537
1646 2535
1647 2536
1648 2536
1649 2536
1650 2535
1651 2535
1652 2536
1653 2536
1654 2536
1655 2536
1656 2538
1657 2537
1658 2536
1659 2529
1660 2533
1661 2537
1662 2536
1663 2531
1664 2540
1665 2535
1666 2534
1667 2534
1668 2534
1669 2535
1670 2540
1671 2533
1672 2533
1673 2532
1674 2532
1675 2537
1676 2530
1677 2530
1678 2531
1679 2538
1680 2532
1681 2531
1682 2535
1683 2534
1684 2528
1685 2531
1686 2527
1687 2534
1688 2528
1689 2536
1690 2531
1691 2531
1692 2529
1693 2527
1694 2528
1695 2535
1696 2527
1697 2531
1698 2530
1699 2527
1700 2531
1701 2526
1702 2529
1703 2532
1704 2535
1705 2534
1706 2526
1707 2530
1708 2528
1709 2532
1710 2531
1711 2533
1712 2528
1713 2528
1714 2529
1715 2528
1716 2529
1717 2525
1718 2529
1719 2532
1720 2522
1721 2530
1722 2519
1723 2531
1724 2526
1725 2527
1726 2523
1727 2530
1728 2532
1729 2526
1730 2526
1731 2527
1732 2532
1733 2531
1734 2525
1735 2526
1736 2525
1737 2524
1738 2524
1739 2525
1740 2525
1741 2523
1742 2528
1743 2522
1744 2522
1745 2526
1746 2525
1747 2525
1748 2524
1749 2526
1750 2526
1751 2527
1752 2520
1753 2529
1754 2522
1755 2522
1756 2525
1825 2518
1826 2517
1827 2517
1828 2518
1829 2513
1830 2522
1831 2518
1832 2510
1833 2509
1834 2518
1835 2518
1836 2517
1837 2509
1838 2515
1839 2509
1840 2518
1841 2518
1842 2517
1843 2516
1844 2513
1845 2523
1846 2516
1847 2518
1848 2517
1849 2509
1850 2518
1851 2509
1852 2520
1853 2517
1854 2518
1855 2517
1856 2516
1857 2505
1858 2504
1859 2503
1860 2511
1861 2502
1862 9999
1863 2510
1864 9999
1865 9999
1866 9999
1867 2511
1868 2503
1869 2510
1870 2502
1871 2503
1872 2509
1873 2505
1874 2504
1875 2506
1876 2503
1877 2514
1878 2513
1879 2504
1880 2504
1881 2515
1882 2514
1883 2518
1884 2518
1885 2517
1886 2517
1887 2510
1888 2511
1889 2514
1890 2526
1891 2521
1892 2525
1893 2518
1894 2529
1895 2527
1896 2519
1897 2524
1898 2532
1899 2531
1900 2536
1901 2534
1902 2525
1903 2529
1904 2534
1905 2535
1936 2510
1937 2510
1938 2509
1939 2502
1940 2502
1941 2511
1942 2509
1943 2502
1944 9999
1945 9999
1946 9999
1947 9999
1948 9999
1949 9999
1950 9999
1951 2504
1952 2505
1953 2504
1954 2502
1955 9999
1956 9999
1957 9999
1958 9999
1959 9999
1960 9999
1961 9999
1962 9999
1963 9999
1964 9999
1965 9999
1966 9999
1967 9999
1968 9999
1969 9999
1970 9999
1971 9999
1972 9999
1973 9999
1974 9999
1975 2502
1976 9999
1977 2512
1978 2511
2366 2509
2367 2506
2368 2508
2369 2514
2370 2509
2371 2508
2372 2509
2373 2510
2374 2510
2375 2510
2376 2512
2377 2510
2378 2510
2379 2504
2380 2504
2381 2508
2382 2516
2383 2510
2384 2513
2385 2511
2386 2512
2387 2515
2388 2510
2389 2510
2390 2513
2391 2513
2392 2511
2393 2509
2394 2509
2395 2509
2396 2508
2397 2510
2398 2509
2399 2509
2400 2505
2401 2509
2402 2509
2403 2506
2404 2509
2405 2510
2406 2509
2407 2509
2408 2509
2409 2505
2410 2517
2411 2509
2412 2503
2413 2511
2414 2511
2415 2503
2416 2503
2417 2512
2418 2509
2419 2516
2420 2510
2421 2508
2422 2509
2423 2503
2424 2508
2425 2512
2426 2510
2427 2510
2428 2505
2429 2508
2430 2512
2431 2503
2432 2508
2433 2510
2434 2509
2435 2517
2436 2509
2437 2508
2438 2508
2439 2503
2440 2510
2441 2509
2442 2508
2443 2508
2444 2508
2445 2502
2446 2505
2447 2509
2448 2508
2449 2510
2450 2509
2451 2509
2452 2509
2453 2509
2454 2516
2455 2505
2456 2509
2457 2508
2458 2511
2459 2512
2460 2507
2461 2505
2462 2502
2463 2509
2464 2509
2465 2509
2466 2508
2467 2508
2468 2509
2469 2512
2470 2508
2471 2508
2472 2508
2473 2510
2474 2515
2475 2506
2476 2501
2477 2501
2478 2508
2479 2510
2480 2501
2481 2501
2482 2501
2483 2501
2484 2501
2485 2502
2486 2510
2487 2513
2488 2501
2489 2501
2490 2508
2491 2511
2492 2513
2493 2511
2494 2501
2495 2513
2496 2510
2497 2501
2498 2509
2499 2510
2500 2508
2501 2508
2502 2500
2503 2506
2504 2503
2505 2500
2506 2509
2507 2509
2508 9999
2509 2506
2510 2505
2511 9999
2512 2500
2513 2507
2514 2509
2515 2501
2516 2507
2517 2507
2518 2502
2519 2512
2520 2506
2521 9999
2522 2505
2523 2507
2524 2507
2525 2506
2526 2505
2527 2501
2528 2503
2529 2500
2530 2505
2531 9999
2532 9999
2533 2508
2534 2509
2535 2506
2536 9999
2537 2507
2538 9999
2539 2506
2540 2506
2541 2506
2542 9999
2543 2505
2544 2504
2545 9999
2546 9999
2547 9999
2548 9999
2549 2501
2550 2506
2551 2505
2552 2504
2553 2507
2554 9999
2555 9999
2579 2513
2580 2514
2581 2509
2582 2514
2583 2512
2584 2512
2585 2512
2586 2513
2587 2513
2588 2512
2589 2513
2590 2512
2591 2512
2592 2513
2593 2518
2594 2516
2595 2511
2596 2512
2597 2511
2598 2511
2599 2511
2600 2510
2601 2511
2602 2507
2603 2510
2604 2509
2605 2511
2606 2511
2607 2511
2608 2514
2609 2508
2610 2512
2611 2510
2612 2504
2613 2510
2614 2510
2615 2510
2616 2510
2617 2510
2618 2509
2619 2509
2620 2509
2621 2506
2622 2502
2623 2509
2624 2508
2625 2508
2626 2507
2627 2502
2628 2507
2629 2508
2630 2508
2631 2508
2632 2507
2633 2501
2634 2501
2635 2507
2636 2508

