265 2502
266 2502
267 2505
268 2502
269 2502
270 2502
271 2502
272 2502
273 2501
274 2502
275 2501
276 2502
277 2503
278 2502
279 2507
280 2502
281 2502
282 2502
283 2501
284 2502
285 2501
286 2502
287 2502
288 2502
289 2502
290 2502
291 2501
292 2503
293 2502
294 2504
295 2505
296 2505
297 2503
298 2505
299 2507
300 2502
301 2502
302 2501
303 2501
304 2510
305 2502
306 2502
307 2502
308 2502
309 2501
310 2501
311 2504
312 2502
313 2502
314 2501
315 2500
316 2502
317 2502
318 2501
319 2502
320 2502
321 2501
322 2502
323 2502
324 2506
325 2506
326 2503
327 2504
328 2503
329 2502
330 2506
331 2502
332 2503
333 2503
334 2503
335 2502
336 2502
337 2502
338 2506
339 2502
340 2502
341 2502
342 2502
343 2502
344 2506
345 2503
346 2503
347 2505
348 2503
349 2502
350 2502
351 2503
352 2503
353 2502
354 2502
355 2503
356 2503
357 2503
358 2502
359 2504
360 2502
361 2502
362 2503
363 2503
364 2504
365 2503
366 2503
367 2502
368 2503
369 2503
370 2502
371 2502
372 2505
373 2506
374 2502
375 2505
376 2504
377 2504
378 2504
379 2504
380 2508
381 2504
382 2505
383 2504
384 2503
385 2503
386 2508
387 2505
388 2503
389 2503
390 2504
391 2503
392 2502
393 2503
394 2503
395 2503
396 2503
397 2503
398 2503
399 2502
400 2502
401 2505
402 2507
403 2503
404 2503
405 2503
406 2502
407 2503
408 2504
409 2503
410 2503
411 2505
412 2504
413 2505
414 2505
415 2502
416 2504
417 2504
418 2503
419 2504
420 2504
421 2504
422 2504
423 2504
424 2503
425 2502
426 2506
427 2505
428 2503
429 2503
430 2507
431 2503
432 2502
433 2502
434 2503
435 2504
436 2504
437 2504
438 2504
439 2504
440 2504
441 2503
442 2503
443 2503
444 2503
445 2503
446 2503
447 2504
448 2503
449 2503
450 2503
451 2503
452 2504
453 2503
454 2503
455 2503
456 2503
457 2504
458 2503
459 2503
460 2503
461 2504
462 2503
463 2504
464 2503
465 2503
466 2503
467 2503
468 2503
469 2503
470 2502
471 2503
472 2503
473 2503
474 2503
475 2503
476 2503
477 2502
478 2502
479 2507
480 2503
481 2503
482 2502
483 2502
484 2502
485 2502
486 2502
487 2502
488 2502
489 2506
490 2502
491 2501
492 2503
493 2501
494 2503
495 2505
496 2500
497 2501
498 2503
499 2501
500 2503
501 2510
502 2508
503 2500
504 2507
505 2505
506 2501
507 2499
508 2499
509 2499
510 2499
511 2504
512 2499
513 2502
514 2505
515 2499
516 2499
517 2501
518 2508
519 2500
520 2501
521 2507
522 2501
523 2503
524 2501
525 2500
526 2502
527 2503
528 2496
529 2496
530 2496
531 2497
532 2499
533 2498
534 2497
535 2497
536 2498
537 2497
538 2497
539 2499
540 2499
541 2499
542 2499
543 2499
544 2498
545 2498
546 2498
547 2499
548 2499
549 2499
550 2499
551 2499
552 2506
553 2510
554 2508
555 2504
556 2502
557 2502
558 2502
559 2503
560 2504
561 2504
562 2502
563 2504
564 2504
565 2505
566 2503
567 2503
568 2502
569 2502
570 2503
571 2502
572 2503
573 2503
574 2502
575 2502
576 2503
577 2502
578 2503
579 2502
580 2503
581 2502
582 2501
583 2505
584 2501
585 2502
586 2506
587 2502
588 2503
589 2503
590 2502
591 2503
592 2503
593 2503
594 2502
595 2503
596 2502
597 2502
598 2502
599 2502
600 2503
601 2502
602 2502
603 2502
604 2503
605 2502
606 2503
607 2503
608 2503
609 2502
610 2503
611 2502
612 2502
613 2502
614 2502
615 2502
616 2502
617 2502
618 2502
619 2502
620 2502
621 2502
622 2502
623 2502
624 2502
625 2502
626 2502
627 2502
628 2502
629 2502
630 2502
631 2502
632 2502
633 2502
634 2502
635 2502
636 2502
637 2502
638 2502
639 2502
640 2502
641 2502
642 2502
643 2502
644 2502
645 2502
646 2502
647 2502
648 2502
649 2502
650 2502
651 2502
652 2502
653 2502
654 2502
655 2502
656 2502
657 2502
658 2502
659 2502
660 2502
661 2503
662 2502
663 2502
664 2502
665 2503
666 2502
667 2502
668 2502
669 2502
670 2502
671 2502
672 2502
673 2502
674 2502
675 2502
676 2502
677 2502
678 2502
679 2502
680 2502
681 2502
682 2502
683 2502
684 2502
685 2502
686 2502
687 2502
688 2502
689 2502
690 2502
691 2502
692 2502
693 2502
694 2502
695 2502
696 2502
697 2502
698 2502
699 2502
700 2502
701 2502
702 2502
703 2502
704 2502
705 2502
706 2502
707 2502
708 2502
709 2502
710 2502
711 2502
712 2502
713 2501
714 2502
715 2504
716 2502
717 2502
718 2502
719 2502
720 2502
721 2502
722 2501
723 2501
724 2502
725 2502
726 2501
727 2502
728 2501
729 2502
730 2501
731 2502
732 2502
733 2502
734 2501
735 2502
736 2501
737 2502
738 2502
739 2502
740 2502
741 2503
742 2502
743 2502
744 2502
745 2502
746 2502
747 2502
748 2502
749 2502
750 2501
751 2502
752 2501
753 2501
754 2507
755 2504
756 2501
757 2501
758 2501
759 2501
760 2502
761 2502
762 2502
763 2502
764 2502
765 2502
766 2502
767 2502
768 2502
769 2501
770 2501
771 2501
772 2502
773 2502
774 2502
775 2502
776 2502
777 2501
778 2502
779 2501
780 2501
781 2501
782 2501
783 2501
784 2501
785 2501
786 2501
787 2501
788 2501
789 2501
790 2501
791 2501
792 2501
793 2501
794 2501
795 2501
796 2501
797 2501
798 2501
799 2501
800 2501
801 2501
802 2501
803 2500
804 2499
805 2500
806 2500
807 2500
808 2500
809 2500
810 2500
811 2500
812 2500
813 2500
814 2500
815 2499
816 2499
817 2499
818 2499
819 2499
820 2499
821 2499
822 2499
823 2499
824 2499
825 2499
826 2499
827 2499
828 2499
829 2499
830 2499
831 2499
832 2499
833 2498
834 2498
835 2498
836 2498
837 2498
838 2498
839 2498
840 2498
841 2498
842 2498
843 2498
844 2498
845 2498
846 2497
847 2497
848 2497
849 2498
850 2497
851 2498
852 2497
853 2504
854 2498
855 2497
856 2498
857 2498
858 2498
859 2500
860 2497
861 2497
862 2498
863 2497
864 2498
865 2500
866 2499
867 2498
868 2497
869 2498
870 2497
871 2497
872 2497
873 2497
874 2497
875 2497
876 2498
877 2498
878 2497
879 2497
880 2498
881 2498
882 2498
883 2498
884 2498
885 2498
886 2498
887 2498
888 2498
889 2498
890 2497
891 2497
892 2497
893 2497
894 2497
895 2497
896 2498
897 2497
898 2497
899 2497
900 2497
901 2497
902 2497
903 2497
904 2497
905 2497
906 2496
907 2497
908 2497
909 2497
910 2497
911 2497
912 2497
913 2496
914 2497
915 2497
916 2497
917 2497
918 2496
919 2496
920 2496
921 2496
922 2496
923 2501
924 2496
925 2497
926 2497
927 2497
928 2496
929 2500
930 2497
931 2497
932 2497
933 2497
934 2497
935 2497
936 2497
937 2500
938 2497
939 2498
940 2497
941 2497
942 2497
943 2497
944 2497
945 2497
946 2498
947 2497
948 2497
949 2498
950 2498
951 2498
952 2498
953 2498
954 2498
955 2498
956 2497
957 2498
958 2497
959 2497
960 2497
961 2497
962 2497
963 2497
964 2497
965 2497
966 2497
967 2497
968 2497
969 2497
970 2497
971 2497
972 2497
973 2497
974 2496
975 2496
976 2497
977 2497
978 2496
979 2497
980 2497
981 2497
982 2497
983 2497
984 2497
985 2497
986 2496
987 2497
988 2497
989 2497
990 2497
991 2497
992 2497
993 2497
994 2497
995 2497
996 2497
997 2498
998 2498
999 2497
1000 2497
1001 2497
1002 2497
1003 2497
1004 2498
1005 2497
1006 2497
1007 2498
1008 2497
1009 2497
1010 2497
1011 2497
1012 2497
1013 2497
1014 2497
1015 2497
1016 2497
1017 2497
1018 2497
1019 2497
1020 2497
1021 2497
1022 2497
1023 2497
1024 2498
1025 2497
1026 2497
1027 2497
1028 2497
1029 2497
1030 2497
1031 2497
1032 2497
1033 2497
1034 2497
1035 2497
1036 2497
1037 2497
1038 2497
1039 2497
1040 2497
1041 2497
1042 2497
1043 2497
1044 2497
1045 2497
1046 2497
1047 2497
1048 2496
1049 2497
1050 2496
1051 2495
1052 2496
1053 2496
1054 2497
1055 2496
1056 2496
1057 2496
1058 2496
1059 2496
1060 2496
1061 2496
1062 2496
1063 2496
1064 2496
1065 2496
1066 2496
1067 2496
1068 2496
1069 2496
1070 2496
1071 2496
1072 2496
1073 2496
1074 2496
1075 2496
1076 2495
1077 2497
1078 2497
1079 2496
1080 2495
1081 2495
1082 2495
1083 2495
1084 2495
1085 2495
1086 2494
1087 2495
1088 2495
1089 2495
1090 2495
1091 2495
1092 2495
1093 2495
1094 2495
1095 2495
1096 2495
1097 2494
1098 2495
1099 2495
1100 2494
1101 2494
1102 2494
1103 2495
1104 2495
1105 2494
1106 2495
1107 2494
1108 2495
1109 2495
1110 2494
1111 2494
1112 2494
1113 2494
1114 2494
1115 2495
1116 2494
1117 2494
1118 2494
1119 2494
1120 2494
1121 2494
1122 2494
1123 2494
1124 2494
1125 2494
1126 2494
1127 2494
1128 2494
1129 2494
1130 2495
1131 2494
1132 2494
1133 2494
1134 2494
1135 2494
1136 2494
1137 2494
1138 2494
1139 2494
1140 2494
1141 2494
1142 2494
1143 2494
1144 2494
1145 2494
1146 2494
1147 2494
1148 2494
1149 2494
1150 2494
1151 2494
1152 2494
1153 2494
1154 2495
1155 2495
1156 2493
1157 2495
1158 2495
1159 2494
1160 2493
1161 2497
1162 2494
1163 2494
1164 2494
1165 2493
1166 2493
1167 2497
1168 2493
1169 2494
1170 2495
1171 2494
1172 2494
1173 2493
1174 2495
1175 2493
1176 2493
1177 2493
1178 2493
1179 2493
1180 2493
1181 2493
1182 2492
1183 2492
1184 2492
1185 2492
1186 2494
1187 2493
1188 2492
1189 2492
1190 2492
1191 2492
1192 2492
1193 2492
1194 2492
1195 2492
1196 2492
1197 2492
1198 2492
1199 2492
1200 2492
1201 2492
1202 2492
1203 2492
1204 2492
1205 2492
1206 2492
1207 2492
1208 2492
1209 2491
1210 2492
1211 2492
1212 2492
1213 2492
1214 2492
1215 2492
1216 2492
1217 2491
1218 2492
1219 2491
1220 2491
1221 2492
1222 2492
1223 2492
1224 2491
1225 2491
1226 2491
1227 2491
1228 2492
1229 2491
1230 2491
1231 2491
1232 2492
1233 2492
1234 2491
1235 2491
1236 2491
1237 2491
1238 2491
1239 2491
1240 2491
1241 2491
1242 2491
1243 2491
1244 2491
1245 2491
1246 2491
1247 2491
1248 2490
1249 2491
1250 2491
1251 2491
1252 2491
1253 2491
1254 2491
1255 2491
1256 2491
1257 2491
1258 2490
1259 2490
1260 2490
1261 2491
1262 2491
1263 2491
1264 2491
1265 2490
1266 2490
1267 2490
1268 2491
1269 2491
1270 2490
1271 2490
1272 2490
1273 2491
1274 2491
1275 2490
1276 2490
1277 2490
1278 2490
1279 2490
1280 2490
1281 2490
1282 2490
1283 2491
1284 2490
1285 2490
1286 2490
1287 2490
1288 2490
1289 2491
1290 2500
1291 2490
1292 2490
1293 2490
1294 2491
1295 2490
1296 2490
1297 2490
1298 2490
1299 2490
1300 2490
1301 2490
1302 2490
1303 2490
1304 2490
1305 2490
1306 2490
1307 2490
1308 2490
1309 2490
1310 2490
1311 2490
1312 2493
1313 2490
1314 2490
1315 2490
1316 2490
1317 2490
1318 2490
1319 2490
1320 2490
1321 2491
1322 2490
1323 2490
1324 2490
1325 2490
1326 2490
1327 2490
1328 2490
1329 2490
1330 2490
1331 2490
1332 2490
1333 2490
1334 2490
1335 2490
1336 2490
1337 2489
1338 2490
1339 2490
1340 2490
1341 2490
1342 2490
1343 2490
1344 2490
1345 2490
1346 2490
1347 2490
1348 2490
1349 2490
1350 2490
1351 2490
1352 2489
1353 2489
1354 2489
1355 2489
1356 2489
1357 2489
1358 2489
1359 2489
1360 2489
1361 2489
1362 2489
1363 2489
1364 2489
1365 2489
1366 2489
1367 2489
1368 2489
1369 2489
1370 2489
1371 2489
1372 2489
1373 2489
1374 2489
1375 2489
1376 2489
1377 2489
1378 2489
1379 2489
1380 2489
1381 2489
1382 2489
1383 2489
1384 2489
1385 2488
1386 2489
1387 2489
1388 2489
1389 2489
1390 2489
1391 2489
1392 2489
1393 2488
1394 2489
1395 2489
1396 2488
1397 2488
1398 2489
1399 2489
1400 2488
1401 2488
1402 2489
1403 2489
1404 2488
1405 2488
1406 2489
1407 2489
1408 2488
1409 2488
1410 2489
1411 2488
1412 2488
1413 2488
1414 2489
1415 2489
1416 2488
1417 2488
1418 2488
1419 2489
1420 2488
1421 2488
1422 2488
1423 2488
1424 2488
1425 2488
1426 2488
1427 2488
1428 2488
1429 2489
1430 2488
1431 2488
1432 2488
1433 2488
1434 2488
1435 2488
1436 2488
1437 2488
1438 2488
1439 2488
1440 2488
1441 2488
1442 2488
1443 2488
1444 2488
1445 2488
1446 2488
1447 2488
1448 2488
1449 2488
1450 2488
1451 2488
1452 2488
1453 2488
1454 2488
1455 2488
1456 2488
1457 2488
1458 2488
1459 2488
1460 2488
1461 2488
1462 2488
1463 2488
1464 2488
1465 2488
1466 2488
1467 2487
1468 2488
1469 2488
1470 2488
1471 2488
1472 2488
1473 2488
1474 2488
1475 2488
1476 2488
1477 2487
1478 2488
1479 2488
1480 2488
1481 2488
1482 2488
1483 2488
1484 2488
1485 2488
1486 2488
1487 2488
1488 2488
1489 2488
1490 2488
1491 2488
1492 2488
1493 2488
1494 2488
1495 2488
1496 2488
1497 2488
1498 2488
1499 2488
1500 2488
1501 2488
1502 2488
1503 2488
1504 2488
1505 2488
1506 2488
1507 2488
1508 2488
1509 2488
1510 2488
1511 2488
1512 2488
1513 2488
1514 2488
1515 2488
1516 2488
1517 2488
1518 2488
1519 2488
1520 2487
1521 2487
1522 2487
1523 2487
1524 2488
1525 2488
1526 2487
1527 2488
1528 2488
1529 2487
1530 2488
1531 2488
1532 2488
1533 2488
1534 2488
1535 2488
1536 2488
1537 2488
1538 2488
1539 2488
1540 2488
1541 2488
1542 2488
1543 2488
1544 2488
1545 2488
1546 2488
1547 2488
1548 2488
1549 2488
1550 2488
1551 2488
1552 2488
1553 2488
1554 2488
1555 2488
1556 2488
1557 2488
1558 2488
1559 2488
1560 2488
1561 2488
1562 2488
1563 2488
1564 2488
1565 2488
1566 2488
1567 2488
1568 2488
1569 2488
1570 2488
1571 2488
1572 2488
1573 2488
1574 2488
1575 2488
1576 2488
1577 2488
1578 2488
1579 2487
1580 2488
1581 2487
1582 2488
1583 2488
1584 2488
1585 2488
1586 2488
1587 2488
1588 2487
1589 2488
1590 2487
1591 2488
1592 2488
1593 2488
1594 2488
1595 2488
1596 2487
1597 2488
1598 2488
1599 2488
1600 2488
1601 2488
1602 2488
1603 2488
1604 2488
1605 2488
1606 2488
1607 2488
1608 2488
1609 2488
1610 2488
1611 2488
1612 2488
1613 2488
1614 2488
1615 2488
1616 2488
1617 2488
1618 2488
1619 2488
1620 2488
1621 2488
1622 2488
1623 2488
1624 2488
1625 2488
1626 2489
1627 2491
1628 2491
1629 2488
1630 2489
1631 2488
1632 2488
1633 2489
1634 2492
1635 2489
1636 2488
1637 2489
1638 2489
1639 2488
1640 2489
1641 2488
1642 2488
1643 2488
1644 2488
1645 2488
1646 2488
1647 2489
1648 2488
1649 2488
1650 2488
1651 2488
1652 2488
1653 2488
1654 2488
1655 2488
1656 2488
1657 2488
1658 2488
1659 2488
1660 2488
1661 2489
1662 2489
1663 2488
1664 2489
1665 2488
1666 2488
1667 2489
1668 2489
1669 2489
1670 2489
1671 2489
1672 2489
1673 2489
1674 2489
1675 2489
1676 2489
1677 2489
1678 2489
1679 2489
1680 2488
1681 2494
1682 2495
1683 2489
1684 2489
1685 2489
1686 2489
1687 2489
1688 2489
1689 2489
1690 2489
1691 2489
1692 2489
1693 2489
1694 2489
1695 2489
1696 2489
1697 2489
1698 2489
1699 2490
1700 2489
1701 2489
1702 2489
1703 2489
1704 2489
1705 2489
1706 2489
1707 2489
1708 2489
1709 2489
1710 2489
1711 2489
1712 2489
1713 2489
1714 2489
1715 2489
1716 2489
1717 2489
1718 2489
1719 2489
1720 2489
1721 2489
1722 2489
1723 2490
1724 2490
1725 2489
1726 2490
1727 2490
1728 2489
1729 2490
1730 2490
1731 2490
1732 2490
1733 2489
1734 2489
1735 2489
1736 2489
1737 2489
1738 2490
1739 2490
1740 2490
1741 2490
1742 2490
1743 2490
1744 2490
1745 2490
1746 2490
1747 2490
1748 2490
1749 2490
1750 2489
1751 2490
1752 2490
1753 2490
1754 2490
1755 2490
1756 2494
1757 2494
1758 2490
1759 2490
1760 2491
1761 2489
1762 2490
1763 2490
1764 2490
1765 2490
1766 2490
1767 2490
1768 2490
1769 2490
1770 2490
1771 2491
1772 2490
1773 2490
1774 2490
1775 2490
1776 2490
1777 2490
1778 2490
1779 2490
1780 2490
1781 2490
1782 2490
1783 2490
1784 2490
1785 2491
1786 2491
1787 2490
1788 2490
1789 2490
1790 2490
1791 2490
1792 2490
1793 2491
1794 2491
1795 2491
1796 2491
1797 2490
1798 2490
1799 2490
1800 2490
1801 2490
1802 2490
1803 2490
1804 2491
1805 2490
1806 2491
1807 2491
1808 2491
1809 2491
1810 2491
1811 2491
1812 2491
1813 2491
1814 2491
1815 2491
1816 2491
1817 2491
1818 2491
1819 2491
1820 2490
1821 2491
1822 2491
1823 2491
1824 2491
1825 2491
1826 2491
1827 2491
1828 2491
1829 2491
1830 2491
1831 2491
1832 2491
1833 2491
1834 2491
1835 2490
1836 2490
1837 2491
1838 2491
1839 2490
1840 2490
1841 2490
1842 2490
1843 2491
1844 2490
1845 2490
1846 2490
1847 2490
1848 2490
1849 2490
1850 2491
1851 2491
1852 2490
1853 2490
1854 2490
1855 2490
1856 2490
1857 2490
1858 2490
1859 2490
1860 2490
1861 2490
1862 2490
1863 2491
1864 2490
1865 2490
1866 2491
1867 2490
1868 2491
1869 2491
1870 2490
1871 2491
1872 2491
1873 2490
1874 2490
1875 2490
1876 2490
1877 2490
1878 2490
1879 2490
1880 2490
1881 2490
1882 2490
1883 2490
1884 2490
1885 2490
1886 2490
1887 2490
1888 2490
1889 2490
1890 2490
1891 2490
1892 2490
1893 2490
1894 2490
1895 2490
1896 2490
1897 2490
1898 2490
1899 2490
1900 2490
1901 2490
1902 2490
1903 2490
1904 2490
1905 2490
1906 2490
1907 2490
1908 2490
1909 2490
1910 2490
1911 2490
1912 2490
1913 2490
1914 2490
1915 2490
1916 2490
1917 2490
1918 2490
1919 2490
1920 2490
1921 2490
1922 2490
1923 2490
1924 2490
1925 2490
1926 2490
1927 2490
1928 2491
1929 2494
1930 2490
1931 2490
1932 2490
1933 2490
1934 2490
1935 2490
1936 2490
1937 2490
1938 2490
1939 2490
1940 2490
1941 2490
1942 2490
1943 2489
1944 2490
1945 2490
1946 2490
1947 2490
1948 2490
1949 2490
1950 2490
1951 2490
1952 2489
1953 2490
1954 2490
1955 2490
1956 2490
1957 2489
1958 2489
1959 2493
1960 2490
1961 2492
1962 2491
1963 2490
1964 2493
1965 2490
1966 2490
1967 2489
1968 2490
1969 2491
1970 2489
1971 2489
1972 2491
1973 2490
1974 2490
1975 2490
1976 2490
1977 2490
1978 2490
1979 2490
1980 2491
1981 2490
1982 2490
1983 2489
1984 2489
1985 2490
1986 2494
1987 2489
1988 2489
1989 2490
1990 2489
1991 2489
1992 2489
1993 2490
1994 2490
1995 2489
1996 2489
1997 2489
1998 2489
1999 2489
2000 2489
2001 2490
2002 2489
2003 2489
2004 2489
2005 2489
2006 2489
2007 2489
2008 2489
2009 2489
2010 2490
2011 2490
2012 2489
2013 2489
2014 2489
2015 2489
2016 2500
2017 2490
2018 2490
2019 2491
2020 2489
2021 2490
2022 2490
2023 2489
2024 2489
2025 2489
2026 2489
2027 2489
2028 2489
2029 2489
2030 2489
2031 2489
2032 2489
2033 2489
2034 2489
2035 2489
2036 2489
2037 2489
2038 2489
2039 2490
2040 2490
2041 2490
2042 2490
2043 2491
2044 2491
2045 2494
2046 2494
2047 2492
2048 2490
2049 2490
2050 2490
2051 2491
2052 2491
2053 2492
2054 2492
2055 2492
2056 2492
2057 2492
2058 2494
2059 2492
2060 2491
2061 2491
2062 2491
2063 2492
2064 2492
2065 2491
2066 2491
2067 2491
2068 2491
2069 2491
2070 2491
2071 2491
2072 2491
2073 2491
2074 2491
2075 2490
2076 2490
2077 2490
2078 2490
2079 2490
2080 2490
2081 2490
2082 2490
2083 2490
2084 2490
2085 2490
2086 2490
2087 2490
2088 2490
2089 2490
2090 2488
2091 2489
2092 2488
2093 2499
2094 2489
2095 2489
2096 2490
2097 2489
2098 2490
2099 2489
2100 2490
2101 2489
2102 2489
2103 2489
2104 2489
2105 2489
2106 2489
2107 2489
2108 2489
2109 2489
2110 2489
2111 2489
2112 2489
2113 2489
2114 2489
2115 2489
2116 2489
2117 2489
2118 2489
2119 2489
2120 2489
2121 2489
2122 2490
2123 2489
2124 2490
2125 2489
2126 2489
2127 2489
2128 2489
2129 2490
2130 2490
2131 2488
2132 2487
2133 2492
2134 2496
2135 2487
2136 2487
2137 2487
2138 2487
2139 2487
2140 2487
2141 2487
2142 2487
2143 2487
2144 2487
2145 2487
2146 2487
2147 2487
2148 2487
2149 2487
2150 2487
2151 2487
2152 2487
2153 2486
2154 2487
2155 2486
2156 2487
2157 2486
2158 2486
2159 2486
2160 2486
2161 2486
2162 2486
2163 2486
2164 2486
2165 2486
2166 2486
2167 2486
2168 2486
2169 2486
2170 2486
2171 2486
2172 2486
2173 2486
2174 2486
2175 2486
2176 2486
2177 2486
2178 2486
2179 2486
2180 2486
2181 2486
2182 2486
2183 2486
2184 2486
2185 2486
2186 2486
2187 2486
2188 2486
2189 2486
2190 2487
2191 2487
2192 2487
2193 2487
2194 2487
2195 2486
2196 2486
2197 2487
2198 2487
2199 2489
2200 2490
2201 2487
2202 2487
2203 2487
2204 2487
2205 2487
2206 2488
2207 2488
2208 2487
2209 2487
2210 2487
2211 2487
2212 2487
2213 2487
2214 2487
2215 2486
2216 2486
2217 2486
2218 2486
2219 2486
2220 2487
2221 2486
2222 2487
2223 2486
2224 2486
2225 2486
2226 2485
2227 2486
2228 2486
2229 2487
2230 2485
2231 2485
2232 2485
2233 2485
2234 2485
2235 2485
2236 2485
2237 2485
2238 2485
2239 2485
2240 2485
2241 2485
2242 2484
2243 2484
2244 2485
2245 2485
2246 2485
2247 2484
2248 2490
2249 2485
2250 2485
2251 2485
2252 2485
2253 2486
2254 2486
2255 2486
2256 2486
2257 2486
2258 2486
2259 2486
2260 2486
2261 2486
2262 2486
2263 2486
2264 2486
2265 2486
2266 2486
2267 2487
2268 2486
2269 2487
2270 2486
2271 2488
2272 2485
2273 2487
2274 2486
2275 2486
2276 2487
2277 2487
2278 2487
2279 2486
2280 2487
2281 2487
2282 2487
2283 2486
2284 2486
2285 2486
2286 2486
2287 2486
2288 2487
2289 2487
2290 2487
2291 2487
2292 2488
2293 2487
2294 2486
2295 2486
2296 2486
2297 2486
2298 2485
2299 2486
2300 2485
2301 2485
2302 2485
2303 2485
2304 2485
2305 2485
2306 2485
2307 2485
2308 2485
2309 2485
2310 2485
2311 2485
2312 2485
2313 2485
2314 2485
2315 2485
2316 2485
2317 2485
2318 2485
2319 2485
2320 2485
2321 2485
2322 2485
2323 2486
2324 2486
2325 2486
2326 2485
2327 2485
2328 2486
2329 2485
2330 2486
2331 2486
2332 2485
2333 2486
2334 2485
2335 2486
2336 2486
2337 2486
2338 2486
2339 2486
2340 2486
2341 2486
2342 2485
2343 2485
2344 2485
2345 2488
2346 2488
2347 2485
2348 2485
2349 2485
2350 2485
2351 2484
2352 2484
2353 2484
2354 2484
2355 2484
2356 2484
2357 2484
2358 2484
2359 2484
2360 2484
2361 2484
2362 2484
2363 2484
2364 2483
2365 2483
2366 2484
2367 2484
2368 2484
2369 2484
2370 2484
2371 2483
2372 2483
2373 2483
2374 2483
2375 2483
2376 2483
2377 2483
2378 2483
2379 2483
2380 2484
2381 2484
2382 2483
2383 2483
2384 2483
2385 2483
2386 2483
2387 2483
2388 2484
2389 2483
2390 2483
2391 2483
2392 2483
2393 2483
2394 2482
2395 2482
2396 2482
2397 2482
2398 2482
2399 2482
2400 2482
2401 2482
2402 2482
2403 2482
2404 2482
2405 2482
2406 2482
2407 2482
2408 2482
2409 2482
2410 2482
2411 2482
2412 2481
2413 2481
2414 2482
2415 2481
2416 2481
2417 2481
2418 2481
2419 2481
2420 2481
2421 2481
2422 2481
2423 2481
2424 2481
2425 2481
2426 2481
2427 2481
2428 2481
2429 2481
2430 2481
2431 2481
2432 2480
2433 2481
2434 2480
2435 2480
2436 2480
2437 2480
2438 2480
2439 2480
2440 2480
2441 2479
2442 2480
2443 2479
2444 2479
2445 2479
2446 2479
2447 2479
2448 2479
2449 2479
2450 2478
2451 2478
2452 2478
2453 2478
2454 2478
2455 2479
2456 2478
2457 2478
2458 2478
2459 2478
2460 2478
2461 2478
2462 2478
2463 2478
2464 2478
2465 2478
2466 2478
2467 2478
2468 2478
2469 2478
2470 2478
2471 2478
2472 2478
2473 2478
2474 2478
2475 2478
2476 2478
2477 2478
2478 2477
2479 2477
2480 2477
2481 2477
2482 2477
2483 2477
2484 2477
2485 2476
2486 2477
2487 2476
2488 2476
2489 2476
2490 2476
2491 2476
2492 2476
2493 2476
2494 2476
2495 2476
2496 2476
2497 2475
2498 2475
2499 2475
2500 2475
2501 2475
2502 2475
2503 2474
2504 2474
2505 2474
2506 2474
2507 2474
2508 2474
2509 2473
2510 2473
2511 2473
2512 2473
2513 2473
2514 2473
2515 2473
2516 2473
2517 2473
2518 2473
2519 2472
2520 2472
2521 2471
2522 2473
2523 2472
2524 2472
2525 2474
2526 2473
2527 2472
2528 2472
2529 2472
2530 2472
2531 2472
2532 2472
2533 2472
2534 2472
2535 2470
2536 2471
2537 2471
2538 2471
2539 2471
2540 2471
2541 2471
2542 2471
2543 2471
2544 2471
2545 2471
2546 2471
2547 2471
2548 2472
2549 2470
2550 2471
2551 2471
2552 2471
2553 2470
2554 2470
2555 2470
2556 2469
2557 2470
2558 2469
2559 2469
2560 2469
2561 2470
2562 2470
2563 2470
2564 2469
2565 2470
2566 2469
2567 2469
2568 2469
2569 2471
2570 2469
2571 2469
2572 2468
2573 2468
2574 2469
2575 2468
2576 2468
2577 2468
2578 2468
2579 2468
2580 2468
2581 2468
2582 2468
2583 2468
2584 2468
2585 2468

633 2543
634 2543
635 2545
636 2549
637 2545
638 2546
639 2544
640 2543
641 2543
642 2551
643 2551
644 2541
645 2553
646 2542
647 2546
648 2546
649 2543
650 2544
651 2541
652 2544
653 2549
654 2542
655 2546
656 2544
657 2545
658 2546
659 2546
660 2545
661 2538
662 2539
663 2546
664 2543
665 2542
666 2541
667 2542
668 2540
669 2540
670 2541
671 2541
672 2541
673 2542
674 2547
675 2548
676 2540
677 2541
678 2541
679 2541
680 2549
681 2539
682 2541
683 2546
684 2539
685 2538
686 2540
687 2544
688 2549
689 2544
690 2538
691 2540
692 2545
693 2537
694 2539
695 2539
696 2546
697 2539
698 2543
699 2541
700 2543
701 2541
702 2541
703 2541
704 2539
705 2540
706 2540
707 2540
708 2544
709 2541
710 2547
711 2543
712 2537
713 2537
714 2536
715 2543
716 2536
717 2539
718 2542
719 2539
720 2537
721 2542
722 2542
723 2544
724 2543
725 2546
726 2543
727 2542
728 2543
729 2537
730 2535
731 2540
732 2540
733 2537
734 2534
735 2535
1659 2518
1660 2518
1661 2512
1662 2515
1663 2510
1664 2513
1665 2514
1666 2507
1667 2510
1668 2511
1669 2510
1670 2510
1671 2511
1672 2510
1673 2511
1674 2510
1675 2511
1676 2509
1677 2510
1678 2511
1679 2517
1680 2511
1681 2511
1682 2511
1683 2517
1684 2510
1685 2510
1686 2510
1687 2510
1688 2509
1689 2509
1690 2515
1691 2511
1692 2512
1693 2505
1694 2509
1695 2510
1696 2507
1697 2510
1698 2509
1699 2517
1700 2510
1701 2509
1702 2509
1703 2516
1704 2510
1705 2509
1706 2516
1707 2510
1708 2508
1709 2508
1710 2511
1711 2512
1712 2512
1713 2505
1714 2514
1715 2505
1716 2505
1717 2509
1718 2508
1719 2505
1720 2509
1721 2509
1722 2508
1723 2509
1724 2510
1725 2508
1726 2511
1727 2509
1728 2509
1729 2509
1730 2509
1731 2509
1732 2509
1733 2505
1734 2519
1735 2509
1736 2505
1737 2519
1738 2506
1739 2505
1740 2508
1741 2508
1742 2506
1743 2510
1744 2512
1745 2511
1746 2515
1747 2508
1748 2509
1749 2512
1799 2515
1800 2514
1801 2517
1802 2525
1803 2514
1804 2514
1805 2518
1806 2513
1807 2515
1808 2515
1809 2513
1810 2521
1811 2513
1812 2514
1813 2521
1814 2521
1815 2519
1816 2519
1817 2518
1818 2524
1819 2517
1820 2517
1821 2512
1822 2512
1823 2513
1824 2525
1825 2519
1826 2523
1827 2520
1828 2515
1829 2512
1830 2511
1831 2511
1832 2512
1833 2512
1834 2516
1835 2519
1836 2512
1837 2512
1838 2512
1839 2516
1840 2516
1841 2517
1842 2513
1843 2517
1844 2517
1845 2516
1846 2516
1847 2514
1848 2516
1849 2515
1850 2516
1851 2515
1852 2516
1853 2515
1854 2508
1855 2517
1856 2520
1857 2521
1858 2515
1859 2515
1860 2511
1861 2514
1862 2515
1863 2515
1864 2513
1865 2514
1866 2509
1867 2513
1868 2515
1869 2507
1870 2512
1871 2507
1872 2513
1873 2510
1874 2512
1875 2509
1876 2513
1877 2513
1878 2512
1879 2512
1880 2512
1881 2512
1882 2505
1883 2505
1884 2505
1885 2506
1886 2512
1887 2511
1888 2510
1889 2510
1890 2518
1891 2511
1892 2505
1893 2510
1894 2505
1895 2516
1896 2511
1897 2512
1898 2512
1899 2512
1900 2511
1901 2506
1902 2511
1903 2510
1904 2514
1905 2511
1906 2509
1907 2508
1908 2508
1909 2511
1910 2510
1911 2508
1912 2509

