716 2508
717 2509
718 2510
719 2498
720 2506
721 2502
722 2503
723 2512
724 2510
725 2510
726 2515
727 2499
728 2511
729 2500
730 2503
731 2501
732 2501
733 2501
734 2498
735 2498
736 2499
737 2498
738 2498
739 2498
740 2504
741 2499
742 2501
743 2499
744 2499
745 2504
746 2499
747 2513
748 2499
749 2499
750 2510
751 2510
752 2504
753 2516
754 2515
755 2504
756 2504
757 2504
758 2505
759 2504
760 2505
761 2504
762 2505
763 2504
764 2502
765 2501
766 2501
767 2501
768 2501
769 2501
770 2501
771 2503
772 2501
773 2500
774 2500
775 2501
776 2507
777 2513
778 2503
779 2504
780 2504
781 2504
782 2504
783 2504
784 2505
785 2505
786 2505
787 2505
788 2504
789 2505
790 2505
791 2506
792 2505
793 2505
794 2506
795 2504
796 2514
797 2503
798 2502
799 2503
800 2502
801 2502
802 2500
803 2500
804 2500
805 2500
806 2500
807 2504
808 2500
809 2500
810 2503
811 2500
812 2501
813 2500
814 2515
815 2503
816 2507
817 2508
818 2513
819 2505
820 2506
821 2503
822 2504
823 2505
824 2504
825 2506
826 2505
827 2506
828 2504
829 2503
830 2502
831 2502
832 2502
833 2502
834 2502
835 2502
836 2504
837 2503
838 2503
839 2503
840 2503
841 2503
842 2503
843 2503
844 2503
845 2503
846 2503
847 2503
848 2503
849 2503
850 2503
851 2504
852 2503
853 2503
854 2504
855 2504
856 2503
857 2503
858 2503
859 2504
860 2503
861 2503
862 2503
863 2503
864 2503
865 2503
866 2504
867 2504
868 2505
869 2510
870 2510
871 2505
872 2505
873 2505
874 2506
875 2511
876 2511
877 2508
878 2509
879 2510
880 2505
881 2505
882 2509
883 2514
884 2503
885 2503
886 2504
887 2502
888 2502
889 2504
890 2506
891 2504
892 2503
893 2503
894 2502
895 2507
896 2505
897 2506
898 2503
899 2503
900 2507
901 2503
902 2503
903 2512
904 2505
905 2508
906 2509
907 2504
908 2504
909 2515
910 2503
911 2504
912 2507
913 2507
914 2504
915 2503
916 2510
917 2510
918 2512
919 2507
920 2506
921 2509
922 2504
923 2504
924 2506
925 2504
926 2504
927 2504
928 2505
929 2506
930 2504
931 2505
932 2505
933 2506
934 2504
935 2504
936 2504
937 2505
938 2507
939 2505
940 2505
941 2505
942 2505
943 2505
944 2509
945 2509
946 2505
947 2505
948 2511
949 2505
950 2505
951 2505
952 2505
953 2510
954 2505
955 2505
956 2512
957 2515
958 2506
959 2510
960 2506
961 2507
962 2508
963 2508
964 2506
965 2515
966 2508
967 2507
968 2506
969 2508
970 2510
971 2510
972 2509
973 2508
974 2508
975 2507
976 2508
977 2509
978 2511
979 2509
980 2509
981 2507
982 2512
983 2507
984 2511
985 2510
986 2508
987 2511
988 2507
989 2507
990 2516
991 2516
992 2515
993 2508
994 2508
995 2507
996 2516
997 2508
998 2511
999 2509
1000 2509
1001 2508
1002 2511
1003 2508
1004 2510
1005 2511
1006 2508
1007 2508
1008 2508
1009 2508
1010 2510
1011 2511
1012 2509
1013 2510
1014 2508
1015 2509
1016 2508
1017 2508
1018 2510
1019 2511
1020 2509
1021 2509
1022 2509
1023 2511
1024 2509
1025 2509
1026 2509
1027 2511
1028 2509
1029 2509
1030 2510
1031 2511
1032 2509
1033 2516
1034 2509
1035 2509
1036 2509
1037 2509
1038 2509
1039 2509
1040 2509
1041 2511
1042 2513
1043 2513
1044 2510
1045 2513
1046 2510
1047 2511
1048 2510
1049 2510
1050 2513
1051 2511
1052 2511
1053 2513
1054 2513
1055 2510
1056 2516
1057 2519
1058 2512
1059 2510
1060 2510
1061 2510
1062 2515
1063 2511
1064 2510
1065 2510
1066 2514
1067 2511
1068 2511
1069 2510
1070 2515
1071 2513
1072 2513
1073 2513
1074 2513
1075 2512
1076 2514
1077 2517
1078 2518
1079 2510
1080 2509
1081 2509
1082 2509
1083 2509
1084 2510
1085 2511
1086 2511
1087 2512
1088 2512
1089 2512
1090 2514
1091 2512
1092 2509
1093 2512
1094 2511
1095 2509
1096 2511
1097 2513
1098 2509
1099 2511
1100 2510
1101 2509
1102 2510
1103 2513
1104 2513
1105 2509
1106 2509
1107 2510
1108 2509
1109 2518
1110 2509
1111 2511
1112 2509
1113 2511
1114 2509
1115 2509
1116 2512
1117 2509
1118 2509
1119 2511
1120 2509
1121 2512
1122 2512
1123 2512
1124 2514
1125 2509
1126 2512
1127 2509
1128 2509
1129 2513
1130 2509
1131 2509
1132 2512
1133 2511
1134 2516
1135 2509
1136 2508
1137 2516
1138 2528
1139 2512
1140 2508
1141 2509
1142 2508
1143 2510
1144 2509
1145 2512
1146 2514
1147 2508
1148 2508
1149 2510
1150 2508
1151 2513
1152 2508
1153 2509
1154 2513
1155 2508
1156 2514
1157 2509
1158 2512
1159 2508
1160 2508
1161 2513
1162 2508
1163 2508
1164 2508
1165 2510
1166 2508
1167 2508
1168 2511
1169 2508
1170 2507
1171 2513
1172 2514
1173 2513
1174 2513
1175 2508
1176 2507
1177 2509
1178 2508
1179 2508
1180 2507
1181 2507
1182 2514
1183 2514
1184 2509
1185 2517
1186 2514
1187 2513
1188 2508
1189 2519
1190 2510
1191 2510
1192 2522
1193 2523
1194 2519
1195 2526
1196 2509
1197 2519
1198 2509
1199 2513
1200 2509
1201 2509
1202 2509
1203 2509
1204 2509
1205 2509
1206 2510
1207 2508
1208 2516
1209 2508
1210 2511
1211 2510
1212 2508
1213 2512
1214 2509
1215 2508
1216 2509
1217 2508
1218 2508
1219 2507
1220 2507
1221 2507
1222 2507
1223 2508
1224 2514
1225 2508
1226 2509
1227 2509
1228 2512
1229 2510
1230 2509
1231 2509
1232 2511
1233 2510
1234 2510
1235 2511
1236 2509
1237 2509
1238 2508
1239 2513
1240 2508
1241 2509
1242 2508
1243 2512
1244 2507
1245 2508
1246 2509
1247 2508
1248 2509
1249 2508
1250 2510
1251 2508
1252 2507
1253 2507
1254 2507
1255 2506
1256 2507
1257 2506
1258 2508
1259 2505
1260 2517
1261 2512
1262 2511
1263 2507
1264 2507
1265 2511
1266 2509
1267 2509
1268 2514
1269 2508
1270 2509
1271 2510
1272 2511
1273 2511
1274 2507
1275 2509
1276 2507
1277 2508
1278 2507
1279 2510
1280 2506
1281 2506
1282 2509
1283 2506
1284 2512
1285 2510
1286 2507
1287 2506
1288 2508
1289 2508
1290 2511
1291 2506
1292 2515
1293 2515
1294 2505
1295 2505
1296 2505
1297 2507
1298 2508
1299 2510
1300 2506
1301 2507
1302 2507
1303 2507
1304 2518
1305 2510
1306 2506
1307 2505
1308 2511
1309 2510
1310 2506
1311 2512
1312 2514
1313 2511
1314 2505
1315 2504
1316 2506
1317 2519
1318 2504
1319 2504
1320 2505
1321 2505
1322 2504
1323 2503
1324 2503
1325 2506
1326 2507
1327 2510
1328 2503
1329 2512
1330 2505
1331 2509
1332 2508
1333 2505
1334 2507
1335 2508
1336 2504
1337 2508
1338 2508
1339 2508
1340 2505
1341 2504
1342 2504
1343 2505
1344 2504
1345 2504
1346 2504
1347 2506
1348 2503
1349 2508
1350 2508
1351 2504
1352 2507
1353 2504
1354 2504
1355 2504
1356 2504
1357 2504
1358 2504
1359 2505
1360 2504
1361 2505
1362 2505
1363 2511
1364 2506
1365 2505
1366 2505
1367 2505
1368 2505
1369 2505
1370 2505
1371 2505
1372 2505
1373 2505
1374 2504
1375 2504
1376 2506
1377 2506
1378 2506
1379 2505
1380 2504
1381 2505
1382 2505
1383 2505
1384 2505
1385 2505
1386 2505
1387 2505
1388 2505
1389 2505
1390 2505
1391 2505
1392 2504
1393 2504
1394 2504
1395 2504
1396 2504
1397 2505
1398 2505
1399 2504
1400 2504
1401 2505
1402 2503
1403 2504
1404 2503
1405 2503
1406 2503
1407 2503
1408 2503
1409 2502
1410 2503
1411 2503
1412 2503
1413 2503
1414 2504
1415 2503
1416 2504
1417 2503
1418 2503
1419 2503
1420 2503
1421 2503
1422 2503
1423 2503
1424 2503
1425 2503
1426 2503
1427 2503
1428 2502
1429 2501
1430 2501
1431 2502
1432 2509
1433 2503
1434 2503
1435 2503
1436 2503
1437 2503
1438 2502
1439 2502
1440 2502
1441 2502
1442 2502
1443 2503
1444 2503
1445 2502
1446 2502
1447 2502
1448 2502
1449 2502
1450 2503
1451 2503
1452 2503
1453 2506
1454 2502
1455 2505
1456 2505
1457 2504
1458 2505
1459 2501
1460 2508
1461 2505
1462 2506
1463 2501
1464 2506
1465 2502
1466 2503
1467 2503
1468 2504
1469 2504
1470 2504
1471 2504
1472 2503
1473 2503
1474 2503
1475 2502
1476 2502
1477 2502
1478 2501
1479 2502
1480 2501
1481 2501
1482 2501
1483 2506
1484 2501
1485 2501
1486 2501
1487 2501
1488 2501
1489 2501
1490 2501
1491 2502
1492 2501
1493 2501
1494 2501
1495 2501
1496 2500
1497 2500
1498 2501
1499 2501
1500 2501
1501 2501
1502 2500
1503 2500
1504 2500
1505 2500
1506 2500
1507 2500
1508 2501
1509 2500
1510 2500
1511 2501
1512 2500
1513 2502
1514 2500
1515 2500
1516 2501
1517 2500
1518 2502
1519 2499
1520 2501
1521 2500
1522 2500
1523 2499
1524 2500
1525 2500
1526 2500
1527 2500
1528 2500
1529 2500
1530 2500
1531 2500
1532 2499
1533 2499
1534 2499
1535 2499
1536 2499
1537 2500
1538 2500
1539 2499
1540 2499
1541 2499
1542 2499
1543 2499
1544 2499
1545 2499
1546 2499
1547 2499
1548 2500
1549 2499
1550 2499
1551 2499
1552 2500
1553 2499
1554 2502
1555 2499
1556 2499
1557 2499
1558 2499
1559 2499
1560 2499
1561 2499
1562 2499
1563 2499
1564 2499
1565 2499
1566 2499
1567 2499
1568 2499
1569 2499
1570 2499
1571 2499
1572 2499
1573 2499
1574 2499
1575 2499
1576 2499
1577 2499
1578 2499
1579 2499
1580 2499
1581 2499
1582 2499
1583 2499
1584 2499
1585 2499
1586 2499
1587 2499
1588 2499
1589 2499
1590 2499
1591 2499
1592 2499
1593 2499
1594 2499
1595 2499
1596 2499
1597 2499
1598 2499
1599 2499
1600 2498
1601 2498
1602 2499
1603 2499
1604 2499
1605 2498
1606 2498
1607 2498
1608 2498
1609 2498
1610 2499
1611 2498
1612 2498
1613 2499
1614 2498
1615 2498
1616 2498
1617 2498
1618 2498
1619 2498
1620 2498
1621 2498
1622 2498
1623 2498
1624 2498
1625 2498
1626 2498
1627 2498
1628 2498
1629 2498
1630 2498
1631 2498
1632 2498
1633 2498
1634 2498
1635 2498
1636 2498
1637 2498
1638 2498
1639 2497
1640 2497
1641 2498
1642 2497
1643 2498
1644 2497
1645 2497
1646 2497
1647 2497
1648 2497
1649 2497
1650 2497
1651 2497
1652 2497
1653 2497
1654 2497
1655 2497
1656 2497
1657 2497
1658 2498
1659 2497
1660 2497
1661 2497
1662 2497
1663 2497
1664 2497
1665 2497
1666 2497
1667 2497
1668 2497
1669 2497
1670 2497
1671 2497
1672 2497
1673 2497
1674 2497
1675 2497
1676 2497
1677 2497
1678 2497
1679 2497
1680 2497
1681 2497
1682 2497
1683 2497
1684 2496
1685 2496
1686 2496
1687 2496
1688 2496
1689 2496
1690 2496
1691 2496
1692 2496
1693 2496
1694 2496
1695 2496
1696 2496
1697 2496
1698 2496
1699 2495
1700 2495
1701 2496
1702 2496
1703 2495
1704 2495
1705 2495
1706 2495
1707 2495
1708 2495
1709 2495
1710 2495
1711 2495
1712 2495
1713 2495
1714 2495
1715 2495
1716 2495
1717 2495
1718 2495
1719 2495
1720 2495
1721 2495
1722 2495
1723 2495
1724 2495
1725 2495
1726 2495
1727 2494
1728 2494
1729 2495
1730 2495
1731 2495
1732 2495
1733 2495
1734 2495
1735 2495
1736 2494
1737 2494
1738 2495
1739 2494
1740 2495
1741 2494
1742 2495
1743 2495
1744 2495
1745 2494
1746 2495
1747 2494
1748 2494
1749 2494
1750 2494
1751 2494
1752 2494
1753 2494
1754 2495
1755 2494
1756 2494
1757 2494
1758 2494
1759 2494
1760 2494
1761 2494
1762 2494
1763 2494
1764 2494
1765 2494
1766 2494
1767 2494
1768 2494
1769 2494
1770 2494
1771 2494
1772 2494
1773 2494
1774 2494
1775 2494
1776 2494
1777 2494
1778 2494
1779 2494
1780 2494
1781 2494
1782 2494
1783 2494
1784 2494
1785 2494
1786 2494
1787 2494
1788 2493
1789 2494
1790 2493
1791 2493
1792 2493
1793 2493
1794 2493
1795 2493
1796 2493
1797 2493
1798 2493
1799 2493
1800 2492
1801 2492
1802 2493
1803 2493
1804 2493
1805 2492
1806 2492
1807 2492
1808 2492
1809 2493
1810 2493
1811 2493
1812 2492
1813 2493
1814 2492
1815 2492
1816 2492
1817 2492
1818 2492
1819 2492
1820 2492
1821 2492
1822 2492
1823 2492
1824 2492
1825 2492
1826 2492
1827 2492
1828 2492
1829 2492
1830 2492
1831 2491
1832 2492
1833 2492
1834 2491
1835 2492
1836 2491
1837 2491
1838 2491
1839 2492
1840 2492
1841 2492
1842 2492
1843 2492
1844 2492
1845 2491
1846 2491
1847 2492
1848 2491
1849 2495
1850 2494
1851 2492
1852 2492
1853 2491
1854 2492
1855 2492
1856 2491
1857 2492
1858 2492
1859 2492
1860 2492
1861 2492
1862 2492
1863 2492
1864 2492
1865 2492
1866 2492
1867 2492
1868 2491
1869 2492
1870 2492
1871 2492
1872 2492
1873 2492
1874 2492
1875 2492
1876 2492
1877 2492
1878 2492
1879 2492
1880 2492
1881 2492
1882 2492
1883 2492
1884 2492
1885 2492
1886 2492
1887 2491
1888 2492
1889 2493
1890 2492
1891 2492
1892 2492
1893 2492
1894 2492
1895 2492
1896 2492
1897 2492
1898 2492
1899 2492
1900 2492
1901 2492
1902 2492
1903 2492
1904 2492
1905 2492
1906 2492
1907 2492
1908 2492
1909 2492
1910 2492
1911 2492
1912 2492
1913 2492
1914 2492
1915 2492
1916 2492
1917 2492
1918 2492
1919 2491
1920 2492
1921 2492
1922 2492
1923 2492
1924 2492
1925 2491
1926 2492
1927 2492
1928 2492
1929 2492
1930 2492
1931 2492
1932 2492
1933 2492
1934 2492
1935 2492
1936 2492
1937 2491
1938 2491
1939 2492
1940 2491
1941 2492
1942 2491
1943 2491
1944 2491
1945 2491
1946 2491
1947 2492
1948 2491
1949 2491
1950 2491
1951 2491
1952 2491
1953 2491
1954 2491
1955 2491
1956 2491
1957 2491
1958 2491
1959 2491
1960 2491
1961 2491
1962 2491
1963 2491
1964 2491
1965 2491
1966 2491
1967 2491
1968 2491
1969 2491
1970 2491
1971 2491
1972 2491
1973 2491
1974 2491
1975 2491
1976 2491
1977 2491
1978 2491
1979 2491
1980 2491
1981 2491
1982 2491
1983 2491
1984 2491
1985 2491
1986 2491
1987 2491
1988 2491
1989 2490
1990 2490
1991 2491
1992 2490
1993 2490
1994 2490
1995 2491
1996 2490
1997 2491
1998 2490
1999 2491
2000 2490
2001 2490
2002 2490
2003 2490
2004 2490
2005 2490
2006 2490
2007 2491
2008 2491
2009 2490
2010 2490
2011 2491
2012 2490
2013 2491
2014 2490
2015 2491
2016 2490
2017 2490
2018 2490
2019 2490
2020 2490
2021 2489
2022 2490
2023 2490
2024 2490
2025 2490
2026 2490
2027 2490
2028 2490
2029 2490
2030 2490
2031 2490
2032 2491
2033 2490
2034 2490
2035 2490
2036 2490
2037 2490
2038 2490
2039 2490
2040 2490
2041 2490
2042 2490
2043 2490
2044 2490
2045 2490
2046 2490
2047 2490
2048 2490
2049 2490
2050 2490
2051 2491
2052 2490
2053 2491
2054 2490
2055 2491
2056 2490
2057 2491
2058 2490
2059 2490
2060 2490
2061 2491
2062 2490
2063 2490
2064 2490
2065 2490
2066 2490
2067 2490
2068 2490
2069 2490
2070 2490
2071 2491
2072 2490
2073 2491
2074 2490
2075 2490
2076 2490
2077 2491
2078 2490
2079 2490
2080 2490
2081 2490
2082 2490
2083 2490
2084 2490
2085 2490
2086 2490
2087 2490
2088 2490
2089 2490
2090 2490
2091 2490
2092 2490
2093 2490
2094 2490
2095 2490
2096 2490
2097 2489
2098 2490
2099 2490
2100 2490
2101 2490
2102 2490
2103 2490
2104 2490
2105 2490
2106 2489
2107 2490
2108 2489
2109 2490
2110 2490
2111 2489
2112 2489
2113 2489
2114 2489
2115 2489
2116 2489
2117 2489
2118 2489
2119 2489
2120 2489
2121 2489
2122 2489
2123 2489
2124 2489
2125 2489
2126 2489
2127 2489
2128 2489
2129 2489
2130 2489
2131 2489
2132 2489
2133 2489
2134 2489
2135 2489
2136 2489
2137 2489
2138 2489
2139 2489
2140 2489
2141 2489
2142 2489
2143 2489
2144 2489
2145 2489
2146 2489
2147 2489
2148 2489
2149 2489
2150 2489
2151 2489
2152 2489
2153 2488
2154 2489
2155 2488
2156 2489
2157 2489
2158 2489
2159 2489
2160 2488
2161 2488
2162 2488
2163 2488
2164 2488
2165 2488
2166 2489
2167 2488
2168 2488
2169 2488
2170 2489
2171 2489
2172 2489
2173 2488
2174 2488
2175 2488
2176 2488
2177 2488
2178 2488
2179 2488
2180 2488
2181 2488
2182 2488
2183 2488
2184 2488
2185 2488
2186 2489
2187 2488
2188 2489
2189 2489
2190 2489
2191 2488
2192 2489
2193 2489
2194 2489
2195 2489
2196 2488
2197 2489
2198 2488
2199 2488
2200 2488
2201 2489
2202 2488
2203 2488
2204 2489
2205 2489
2206 2488
2207 2489
2208 2488
2209 2488
2210 2488
2211 2488
2212 2488
2213 2488
2214 2488
2215 2490
2216 2488
2217 2488
2218 2488
2219 2488
2220 2488
2221 2488
2222 2488
2223 2488
2224 2488
2225 2488
2226 2488
2227 2488
2228 2488
2229 2489
2230 2489
2231 2489
2232 2489
2233 2488
2234 2488
2235 2488
2236 2488
2237 2488
2238 2488
2239 2488
2240 2488
2241 2489
2242 2488
2243 2488
2244 2488
2245 2488
2246 2488
2247 2488
2248 2488
2249 2488
2250 2488
2251 2488
2252 2489
2253 2489
2254 2489
2255 2488
2256 2488
2257 2489
2258 2488
2259 2489
2260 2488
2261 2489
2262 2489
2263 2488
2264 2489
2265 2488
2266 2488
2267 2489
2268 2488
2269 2489
2270 2489
2271 2489
2272 2489
2273 2489
2274 2489
2275 2489
2276 2489
2277 2489
2278 2489
2279 2489
2280 2489
2281 2489
2282 2489
2283 2488
2284 2489
2285 2488
2286 2488
2287 2488
2288 2489
2289 2489
2290 2489
2291 2489
2292 2489
2293 2489
2294 2489
2295 2489
2296 2489
2297 2489
2298 2488
2299 2489
2300 2488
2301 2488
2302 2489
2303 2489
2304 2488
2305 2488
2306 2488
2307 2488
2308 2488
2309 2489
2310 2488
2311 2488
2312 2488
2313 2488
2314 2488
2315 2488
2316 2488
2317 2488
2318 2489
2319 2488
2320 2488
2321 2488
2322 2488
2323 2488
2324 2488
2325 2488
2326 2488
2327 2488
2328 2488
2329 2488
2330 2488
2331 2487
2332 2488
2333 2487
2334 2488
2335 2488
2336 2488
2337 2488
2338 2488
2339 2488
2340 2489
2341 2491
2342 2488
2343 2488
2344 2488
2345 2492
2346 2488
2347 2488
2348 2488
2349 2488
2350 2488
2351 2488
2352 2488
2353 2488
2354 2488
2355 2488
2356 2488
2357 2488
2358 2488
2359 2488
2360 2488
2361 2488
2362 2487
2363 2487
2364 2488
2365 2488
2366 2488
2367 2488
2368 2488
2369 2488
2370 2488
2371 2488
2372 2488
2373 2488
2374 2488
2375 2488
2376 2488
2377 2487
2378 2487
2379 2487
2380 2487
2381 2487
2382 2487
2383 2487
2384 2487
2385 2487
2386 2487
2387 2487
2388 2487
2389 2487
2390 2487
2391 2487
2392 2487
2393 2487
2394 2487
2395 2487
2396 2487
2397 2487
2398 2487
2399 2487
2400 2487
2401 2487
2402 2487
2403 2487
2404 2487
2405 2488
2406 2488
2407 2487
2408 2488
2409 2488
2410 2488
2411 2488
2412 2488
2413 2488
2414 2488
2415 2488
2416 2488
2417 2488
2418 2488
2419 2488
2420 2488
2421 2488
2422 2488
2423 2488
2424 2488
2425 2488
2426 2488
2427 2488
2428 2488
2429 2488
2430 2488
2431 2488
2432 2488
2433 2488
2434 2488
2435 2488
2436 2488
2437 2488
2438 2488
2439 2488
2440 2488
2441 2488
2442 2488
2443 2488
2444 2488
2445 2488
2446 2488
2447 2488
2448 2488
2449 2488
2450 2488
2451 2488
2452 2488
2453 2488
2454 2488
2455 2488
2456 2488
2457 2488
2458 2488
2459 2488
2460 2489
2461 2488
2462 2488
2463 2488
2464 2488
2465 2488
2466 2489
2467 2488
2468 2488
2469 2488
2470 2488
2471 2488
2472 2488
2473 2488
2474 2488
2475 2488
2476 2488
2477 2488
2478 2488
2479 2488
2480 2488
2481 2488
2482 2488
2483 2488
2484 2488
2485 2488
2486 2488
2487 2488
2488 2488
2489 2488
2490 2488
2491 2488
2492 2488
2493 2487
2494 2489
2495 2489
2496 2488
2497 2488
2498 2488
2499 2488
2500 2488
2501 2488
2502 2488
2503 2488
2504 2487
2505 2488
2506 2488
2507 2488
2508 2488
2509 2488
2510 2488
2511 2488
2512 2489
2513 2489
2514 2489
2515 2489
2516 2489
2517 2489
2518 2489
2519 2489
2520 2489
2521 2489
2522 2489
2523 2489
2524 2489
2525 2489
2526 2489
2527 2490
2528 2490
2529 2489
2530 2489
2531 2489
2532 2489
2533 2490
2534 2490
2535 2489
2536 2489
2537 2489
2538 2489
2539 2489
2540 2489
2541 2489
2542 2489
2543 2489
2544 2489
2545 2490
2546 2490
2547 2490
2548 2489
2549 2489
2550 2490
2551 2490
2552 2490
2553 2490
2554 2490
2555 2490
2556 2490
2557 2490
2558 2490
2559 2490
2560 2490
2561 2490
2562 2490
2563 2490
2564 2490
2565 2490
2566 2490
2567 2491
2568 2490
2569 2490
2570 2491
2571 2490
2572 2491
2573 2491
2574 2491
2575 2491
2576 2491
2577 2491
2578 2491
2579 2491
2580 2491
2581 2491
2582 2491
2583 2491
2584 2491
2585 2490
2586 2490
2587 2491
2588 2490
2589 2490
2590 2490
2591 2491
2592 2491
2593 2490
2594 2491
2595 2491
2596 2491
2597 2491
2598 2490
2599 2490
2600 2490
2601 2490
2602 2490
2603 2490
2604 2489
2605 2489
2606 2489
2607 2489
2608 2489
2609 2489
2610 2489
2611 2488
2612 2488
2613 2488
2614 2489
2615 2488
2616 2488
2617 2489
2618 2488
2619 2488
2620 2488
2621 2488
2622 2488
2623 2488
2624 2488
2625 2488
2626 2488
2627 2488
2628 2488
2629 2488
2630 2488
2631 2488
2632 2488
2633 2488
2634 2488
2635 2488
2636 2488
2637 2488
2638 2488
2639 2488
2640 2488
2641 2488
2642 2488
2643 2488
2644 2488
2645 2488
2646 2488
2647 2488
2648 2488
2649 2488
2650 2488
2651 2489
2652 2489
2653 2489
2654 2489
2655 2489
2656 2489
2657 2489
2658 2489
2659 2489
2660 2489
2661 2489
2662 2489
2663 2489
2664 2489
2665 2489
2666 2489
2667 2489
2668 2489
2669 2489
2670 2489
2671 2489
2672 2489
2673 2489
2674 2489
2675 2489
2676 2489
2677 2489
2678 2488
2679 2488
2680 2488
2681 2488
2682 2488
2683 2488
2684 2488
2685 2488
2686 2488
2687 2487
2688 2487
2689 2487
2690 2487
2691 2487
2692 2487
2693 2487
2694 2487
2695 2487
2696 2487
2697 2487
2698 2487
2699 2487
2700 2487
2701 2488
2702 2487
2703 2488
2704 2488
2705 2488
2706 2488
2707 2488
2708 2488
2709 2488
2710 2488
2711 2488
2712 2489
2713 2489
2714 2489
2715 2489
2716 2489
2717 2489
2718 2489
2719 2489
2720 2490
2721 2489
2722 2490
2723 2489
2724 2489
2725 2489
2726 2490
2727 2490
2728 2491
2729 2490
2730 2489
2731 2490
2732 2490
2733 2491
2734 2491
2735 2493
2736 2492
2737 2492
2738 2492
2739 2491
2740 2491
2741 2492
2742 2491
2743 2491
2744 2492
2745 2492
2746 2492
2747 2492
2748 2492
2749 2492
2750 2491
2751 2491
2752 2491
2753 2491
2754 2491
2755 2491
2756 2491
2757 2491
2758 2491
2759 2491
2760 2491
2761 2491
2762 2491
2763 2491
2764 2491
2765 2491
2766 2491
2767 2491
2768 2491
2769 2493
2770 2491
2771 2489
2772 2491
2773 2492
2774 2492
2775 2491
2776 2491
2777 2491
2778 2491
2779 2490
2780 2490
2781 2489
2782 2489
2783 2489
2784 2489
2785 2489
2786 2490
2787 2489
2788 2489
2789 2489
2790 2489
2791 2490
2792 2489
2793 2489
2794 2489
2795 2489
2796 2489
2797 2489
2798 2489
2799 2488
2800 2488
2801 2488
2802 2488
2803 2488
2804 2488
2805 2488
2806 2488
2807 2488
2808 2488
2809 2488
2810 2488
2811 2488
2812 2488
2813 2488
2814 2488
2815 2488
2816 2488
2817 2488
2818 2488
2819 2488
2820 2488
2821 2488
2822 2488
2823 2488

1529 2542
1530 2543
1531 2536
1532 2530
1533 2543
1534 2537
1535 2538
1536 2537
1537 2536
1538 2537
1539 2539
1540 2538
1541 2537
1542 2538
1543 2530
1544 2534
1545 2532
1546 2538
1547 2542
1548 2539
1549 2538
1550 2538
1551 2530
1552 2539
1553 2531
1554 2530
1555 2530
1556 2533
1557 2539
1558 2537
1559 2542
1560 2538
1561 2538
1562 2539
1563 2533
1564 2544
1565 2538
1566 2538
1567 2538
1568 2537
1569 2537
1570 2538
1571 2538
1572 2537
1573 2537
1574 2536
1575 2539
1576 2533
1577 2540
1578 2537
1579 2544
1580 2541
1581 2541
1582 2536
1583 2540
1584 2537
1585 2542
1586 2536
1587 2542
1588 2545
1589 2538
1590 2538
1591 2541
1592 2543
1593 2537
1594 2537
1595 2534
1596 2541
1597 2531
1598 2540
1599 2535
1600 2536
1601 2545
1602 2536
1603 2544
1604 2542
1605 2536
1606 2539
1607 2540
1608 2534
1609 2540
1610 2543
1611 2545
1612 2537
1613 2544
1614 2534
1615 2543
1616 2539
1617 2540
1618 2536
1619 2540
1620 2541
1621 2540
1622 2535
1623 2536
1624 2536
1625 2536
1626 2536
1627 2536
1628 2536
1629 2535
1630 2536
1631 2536
1632 2536
1633 2537
1634 2536
1635 2536
1636 2536
1637 2536
1638 2536
1639 2537
1640 2539
1641 2537
1642 2536
1643 2534
1644 2535
1645 2535
1646 2536
1647 2535
1648 2535
1649 2536
1650 2536
1651 2536
1652 2537
1653 2542
1654 2535
1655 2535
1656 2537
1657 2537
1658 2536
1659 2536
1660 2536
1661 2536
1662 2536
1663 2538
1664 2534
1665 2533
1666 2538
1667 2538
1668 2530
1669 2537
1670 2536
1671 2536
1672 2536
1673 2534
1674 2542
1675 2534
1676 2541
1677 2538
1678 2538
1679 2534
1680 2536
1681 2544
1682 2535
1683 2536
1684 2529
1685 2537
1686 2532
1687 2533
1688 2532
1689 2529
1690 2535
1691 2530
1692 2534
1693 2531
1694 2530
1695 2529
1696 2531
1697 2527
1698 2533
1699 2541
1700 2535
1701 2529
1702 2529
1703 2527
1704 2528
1705 2531
1706 2528
1707 2537
1708 2531
1709 2531
1710 2526
1711 2528
1712 2528
1713 2532
1714 2539
1715 2530
1716 2529
1717 2532
1718 2538
1719 2525
1720 2534
1721 2528
1722 2528
1723 2528
1724 2530
1725 2537
1726 2525
1727 2526
1728 2537
1729 2526
1730 2530
1731 2529
1732 2528
1733 2526
1734 2531
1735 2525
1736 2529
1737 2522
1738 2525
1739 2526
1740 2526
1741 2524
1742 2528
1743 2529
1744 2524
1745 2527
1746 2526
1747 2526
1748 2525
1749 2525
1750 2530
1751 2529
1752 2527
1753 2526
1754 2525
1755 2528
1756 2523
1757 2529
1758 2529
1759 2533
1760 2521
1761 2520
1762 2524
1763 2519
1764 2528
1765 2524
1766 2525
1767 2523
1768 2523
1769 2524
1770 2530
1771 2524
1772 2523
1773 2522
1774 2519
1775 2522
1776 2523
1777 2518
1778 2524
1779 2524
1780 2519
1781 2518
1782 2519
1783 2520
1784 2517
1785 2519
1786 2524
1787 2520
1788 2525
1789 2517
1790 2519
1791 2521
1792 2528
1793 2520
1794 2522
1795 2526
1796 2519
1797 2522
1798 2520
1799 2528
1800 2519
1801 2528
1802 2526
1803 2522
1804 2520
1805 2526
1806 2529
1807 2519
1808 2519
1809 2526
1810 2523
1811 2523
1812 2518
1813 2517
1814 2527
1815 2518
1816 2515
1817 2529
1818 2526
1819 2521
1820 2517
1821 2519
1822 2518
1823 2519
1824 2520
1825 2520
1826 2520
1827 2523
1828 2517
1829 2529
1830 2519
1831 2520
1832 2520
1833 2520
1834 2520
1835 2524
1836 2524
1837 2524
1838 2519
1839 2520
1840 2520
1841 2519
1842 2518
1843 2519
1844 2525
1845 2517
1846 2518
1847 2514
1848 2513
1849 2518
1850 2516
1851 2522
1852 2527
1853 2523
1854 2517
1855 2513
1856 2520
1857 2514
1858 2523
1859 2518
1860 2518
1861 2521
1862 2513
1863 2527
1864 2524
1865 2513
1866 2512
1867 2517
1868 2520
1869 2520
1870 2512
1871 2523
1872 2524
1873 2512
1874 2512
1875 2522
1876 2523
1877 2523
1878 2525
1879 2526
1880 2514
1881 2514
1882 2517
1883 2520
1884 2519
1885 2515
1886 2513
1887 2517
1888 2517
1889 2515
1890 2517
1891 2519
1892 2519
1893 2523
1894 2523
1895 2514
1896 2524
1897 2517
1898 2510
1899 2524
1900 2517
1901 2509
1902 2510
1903 2515
1904 2516
1905 2509
1906 2513
1907 2509
1908 2513
1909 2514
1910 2515
1911 2511
1912 2510
1913 2514
1914 2515
1915 2514
1916 2515
1917 2514
1918 2514
1919 2515
1920 2515
1921 2514
1922 2514
1923 2514
1924 2517
1925 2515
1926 2514
1927 2511
1928 2516
1929 2511
1930 2516
1931 2517
1932 2516
1933 2517
1934 2514
1935 2511
1936 2515
1937 2506
1938 2512
1939 2513
1940 2511
1941 2511
1942 2512
1943 2515
1944 2512
1945 2512
1946 2508
1947 2513
1948 2511
1949 2510
1950 2505
1951 2511
1952 2519
1953 2510
1954 2511
1955 2511
1956 2507
1957 2506
1958 2511
1959 2510
1960 2510
1961 2510
1962 2510
1963 2510
1964 2510
1965 2510
1966 2509
1967 2514
1968 2504
1969 2510
1970 2504
1971 2511
1972 2511
1973 2511
1974 2510
1975 2506
1976 2507
1977 2510
1978 2510
1979 2510
1980 2510
1981 2509
1982 2509
1983 2509
1984 2510
1985 2510
1986 2510
1987 2509
1988 2509
1989 2509
1990 2509
1991 2513
1992 2510
1993 2513
1994 2510
1995 2510
1996 2510
1997 2509
1998 2509
1999 2509
2000 2508
2001 2509
2002 2511
2003 2510
2004 2510
2005 2510
2006 2511
2007 2509
2008 2509
2009 2511
2010 2505
2011 2511
2012 2515
2013 2511
2014 2512
2015 2510
2016 2516
2017 2504
2018 2509
2019 2510
2020 2505
2021 2510
2022 2511
2023 2511
2024 2510
2025 2511
2026 2511
2027 2511
2028 2508
2029 2512
2030 2508
2031 2511
2032 2511
2033 2514
2034 2506
2035 2513
2036 2512
2037 2512
2038 2520
2039 2512
2040 2512
2041 2512
2042 2513
2043 2520
2044 2520
2045 2506
2046 2515
2047 2513
2048 2510
2049 2507
2050 2510
2051 2517
2052 2516
2053 2511
2054 2512
2055 2516
2056 2513
2057 2515
2058 2507
2059 2512
2060 2516
2061 2507
2062 2507
2063 2514
2064 2513
2065 2513
2066 2513
2067 2514
2068 2514
2069 2513
2070 2514
2071 2515
2072 2513
2073 2512
2074 2515
2075 2513
2076 2512
2077 2512
2078 2514
2079 2512
2080 2515
2081 2512
2082 2512
2083 2515
2084 2512
2085 2512
2086 2513
2087 2515
2088 2513
2089 2513
2090 2511
2091 2511
2092 2512
2093 2512
2094 2511
2095 2512
2096 2512
2097 2511
2098 2512
2099 2513
2100 2513
2101 2512
2102 2514
2103 2514
2104 2512
2105 2512
2106 2513
2107 2510
2108 2517
2109 2514
2110 2511
2111 2511
2112 2511
2113 2511
2114 2511
2115 2510
2116 2510
2117 2513
2118 2510
2119 2511
2120 2512
2121 2511
2122 2510
2123 2511
2124 2510
2125 2509
2126 2510
2127 2511
2128 2511
2380 2511
2381 2507
2382 2515
2383 2515
2384 2509
2385 2509
2386 2509
2387 2509
2388 2512
2389 2511
2390 2512
2391 2512
2392 2503
2393 2505
2394 2510
2395 2511
2396 2505
2397 2511
2398 2511
2399 2512
2400 2505
2401 2502
2402 2507
2403 2505
2404 2511
2405 2510
2406 2509
2407 2510
2408 2502
2409 2506
2410 2502
2411 2510
2412 2509
2413 2508
2414 2509
2415 2510
2416 2509
2417 2505
2418 2508
2419 2514
2420 2511
2421 2516
2422 2508
2423 2509
2424 2509
2425 2508
2426 2501
2427 2508
2428 2509
2429 2508
2430 2508
2431 2509
2432 2508
2433 2508
2434 2507
2435 2508
2436 2506
2437 2508
2438 2507
2439 2507
2440 2503
2441 2508
2442 2507
2443 2508
2444 2508
2445 2508
2446 2501
2447 2510
2448 2507
2449 2508
2450 2506
2451 2506
2452 2506
2453 2513
2454 2500
2455 2500
2456 2500
2457 2507
2458 2507
2459 2506
2460 9999
2461 2507
2462 2507
2463 2503
2464 2505
2465 2503
2466 2505
2467 2500
2468 2504
2469 2505
2470 2511
2471 2500
2472 2500
2473 2507
2474 2503
2475 2504
2476 2500
2477 2500
2478 2509
2479 2509
2480 2505
2481 2500
2482 2500
2483 2505
2484 2500
2485 2502
2486 2509
2487 2506
2488 2503
2489 2503
2490 2511
2491 2505
2492 2500
2493 2514
2494 9999
2495 2512
2496 2504
2497 2506
2498 2504
2499 2500
2500 2504
2501 2500
2502 2500
2503 2505
2504 2505
2505 2507
2506 2503
2507 2508
2508 2500
2509 2500
2510 2509
2511 2500
2512 2503
2513 2505
2514 2505
2515 2506
2516 9999
2517 2508
2518 2501
2519 9999
2520 9999
2521 2508
2522 9999
2523 9999
2524 2502
2525 2508
2526 2508
2527 2509
2528 9999
2529 2508
2530 9999
2531 2506
2532 2501
2533 2505
2534 2507
2535 2507
2536 9999
2537 9999
2538 2508
2539 9999
2540 2506
2541 9999
2542 9999
2543 9999
2544 9999
2545 2507
2546 2506
2547 9999
2548 2501
2549 9999
2550 2507
2551 2507
2552 2507
2553 2507
2554 2507
2555 2507
2556 9999
2557 2507
2558 2505
2559 2506
2560 2506
2561 2506
2562 2504
2563 2508
2564 2515
2565 2507
2566 2507
2567 9999
2568 9999
2569 2512
2570 9999
2571 2505
2572 9999
2573 9999
2574 2503
2575 2514
2576 2515
2577 2514
2578 2514
2579 9999
2580 9999
2581 9999
2582 2503
2583 2503
2584 9999
2585 2502
2586 2504
2587 9999
2588 2511
2589 9999
2590 9999
2591 9999
2592 9999
2593 9999
2594 2504
2595 2503
2596 2505
2597 2512
2598 9999
2599 2502
2600 2502
2601 2513
2602 2511
2603 9999
2604 2501
2605 2504
2606 2501
2607 2512
2608 2501
2609 2510
2610 2508
2611 2501
2612 2510
2613 2503
2614 2501
2615 2503
2616 2501
2617 2511
2618 2501
2619 2504
2620 2503
2621 2513
2622 2501
2623 2501
2624 2502
2625 2501
2626 2506
2627 2501
2628 2503
2629 2504
2630 2509
2631 2509
2632 2507
2633 2508
2634 2508
2635 2501
2636 2501
2637 2504
2638 2503
2639 2510
2640 2501
2641 2500
2642 2500
2643 2507
2644 2500
2645 2509
2646 2500
2647 2500
2648 2500
2649 2507
2650 2509
2651 9999
2652 9999
2653 2504
2654 9999
2655 9999
2656 2503
2657 2506
2658 9999
2659 9999
2660 9999
2661 9999
2662 9999
2663 9999
2664 2504
2665 9999
2666 9999
2667 9999
2668 9999
2669 9999
2670 2506
2671 2509
2672 9999
2673 2502
2674 9999
2675 2502
2676 2501
2677 2506
2678 2508
2679 2500
2680 9999
2681 2504
2682 2502
2683 9999
2684 2501
2685 2502
2686 2505
2687 2501
2688 9999
2689 9999
2690 2503
2691 2500
2692 2500
2693 2501
2694 2502
2695 2502
2696 2502
2697 2502
2698 2501
2699 2501
2700 2501
2701 2501
2702 2501
2703 2500
2704 2500
2705 9999
2706 2501
2707 9999
2708 9999
2709 9999
2710 9999
2711 9999
2712 9999
2713 9999
2714 9999
2715 9999
2716 9999
2717 9999
2718 9999
2719 9999
2720 9999
2721 9999
2722 9999
2723 9999
2724 9999
2725 9999
2726 9999
2727 9999
2728 9999
2729 9999
2730 9999
2731 9999
2732 9999

