3500 2501
3501 2500
3502 2501
3503 2501
3504 2499
3505 2501
3506 2501
3507 2500
3508 2499
3509 2500
3510 2498
3511 2498
3512 2497
3513 2498
3514 2496
3515 2492
3516 2495
3517 2493
3518 2492
3519 2493
3520 2500
3521 2493
3522 2494
3523 2493
3524 2492
3525 2492
3526 2492
3527 2492
3528 2492
3529 2492
3530 2492
3531 2493
3532 2491
3533 2493
3534 2492
3535 2492
3536 2492
3537 2492
3538 2492
3539 2492
3540 2493
3541 2493
3542 2491
3543 2498
3544 2491
3545 2492
3546 2492
3547 2491
3548 2495
3549 2490
3550 2490
3551 2490
3552 2491
3553 2490
3554 2490
3555 2489
3556 2489
3557 2490
3558 2490
3559 2490
3560 2491
3561 2491
3562 2491
3563 2491
3564 2491
3565 2491
3566 2491
3567 2491
3568 2493
3569 2491
3570 2496
3571 2492
3572 2491
3573 2491
3574 2491
3575 2491
3576 2492
3577 2492
3578 2493
3579 2494
3580 2493
3581 2493
3582 2491
3583 2491
3584 2491
3585 2491
3586 2492
3587 2492
3588 2493
3589 2491
3590 2491
3591 2494
3592 2491
3593 2491
3594 2491
3595 2491
3596 2491
3597 2491
3598 2491
3599 2491
3600 2491
3601 2491
3602 2493
3603 2491
3604 2491
3605 2493
3606 2492
3607 2492
3608 2491
3609 2491
3610 2491
3611 2492
3612 2492
3613 2491
3614 2491
3615 2491
3616 2491
3617 2490
3618 2491
3619 2491
3620 2491
3621 2492
3622 2492
3623 2493
3624 2492
3625 2492
3626 2492
3627 2492
3628 2492
3629 2492
3630 2492
3631 2492
3632 2492
3633 2492
3634 2492
3635 2492
3636 2493
3637 2493
3638 2492
3639 2493
3640 2492
3641 2492
3642 2492
3643 2492
3644 2492
3645 2492
3646 2492
3647 2492
3648 2491
3649 2492
3650 2492
3651 2492
3652 2492
3653 2492
3654 2493
3655 2492
3656 2493
3657 2493
3658 2493
3659 2493
3660 2492
3661 2493
3662 2493
3663 2493
3664 2493
3665 2493
3666 2493
3667 2493
3668 2493
3669 2493
3670 2493
3671 2493
3672 2493
3673 2493
3674 2493
3675 2493
3676 2493
3677 2493
3678 2493
3679 2493
3680 2493
3681 2493
3682 2493
3683 2493
3684 2493
3685 2493
3686 2493
3687 2493
3688 2493
3689 2493
3690 2493
3691 2492
3692 2492
3693 2492
3694 2493
3695 2492
3696 2493
3697 2492
3698 2493
3699 2493
3700 2493
3701 2492
3702 2492
3703 2492
3704 2493
3705 2493
3706 2492
3707 2493
3708 2493
3709 2493
3710 2493
3711 2493
3712 2493
3713 2493
3714 2493
3715 2493
3716 2493
3717 2493
3718 2493
3719 2493
3720 2493
3721 2493
3722 2493
3723 2493
3724 2493
3725 2493
3726 2493
3727 2493
3728 2493
3729 2493
3730 2493
3731 2493
3732 2493
3733 2493
3734 2493
3735 2493
3736 2493
3737 2493
3738 2493
3739 2493
3740 2493
3741 2493
3742 2493
3743 2493
3744 2493
3745 2493
3746 2493
3747 2493
3748 2493
3749 2493
3750 2493
3751 2493
3752 2493
3753 2493
3754 2493
3755 2493
3756 2493
3757 2493
3758 2493
3759 2493
3760 2493
3761 2493
3762 2493
3763 2493
3764 2493
3765 2493
3766 2493
3767 2493
3768 2493
3769 2493
3770 2493
3771 2493
3772 2493
3773 2493
3774 2493
3775 2493
3776 2493
3777 2493
3778 2493
3779 2493
3780 2493
3781 2493
3782 2493
3783 2493
3784 2493
3785 2493
3786 2493
3787 2493
3788 2493
3789 2493
3790 2493
3791 2493
3792 2492
3793 2493
3794 2493
3795 2493
3796 2493
3797 2493
3798 2493
3799 2493
3800 2493
3801 2492
3802 2493
3803 2493
3804 2493
3805 2493
3806 2492
3807 2492
3808 2493
3809 2493
3810 2493
3811 2493
3812 2493
3813 2492
3814 2493
3815 2492
3816 2492
3817 2492
3818 2493
3819 2492
3820 2492
3821 2492
3822 2493
3823 2493
3824 2492
3825 2492
3826 2493
3827 2492
3828 2492
3829 2492
3830 2492
3831 2492
3832 2492
3833 2493
3834 2492
3835 2492
3836 2492
3837 2492
3838 2492
3839 2493
3840 2493
3841 2492
3842 2492
3843 2492
3844 2492
3845 2492
3846 2492
3847 2492
3848 2492
3849 2492
3850 2492
3851 2493
3852 2492
3853 2493
3854 2492
3855 2492
3856 2493
3857 2492
3858 2492
3859 2492
3860 2493
3861 2492
3862 2493

3680 2522
3681 2523
3682 2521
3683 2524
3684 2530
3685 2522
3686 2525
3687 2517
3688 2523
3689 2521
3690 2524
3691 2525
3692 2523
3693 2522
3694 2517
3695 2516
3696 2523
3697 2525
3698 2518
3699 2516
3700 2522
3701 2524
3702 2524
3703 2529
3704 2522
3705 2529
3706 2523
3707 2523
3708 2523
3709 2523
3710 2528
3711 2522
3712 2521
3713 2518
3714 2522
3715 2517
3716 2523
3717 2515
3718 2515
3719 2526
3720 2517
3721 2524
3722 2528
3723 2520
3724 2518
3725 2524
3726 2524
3727 2523
3728 2519
3729 2519
3730 2518
3731 2520
3732 2527
3733 2519
3734 2514
3735 2517
3736 2520
3737 2526
3738 2514
3739 2515
3740 2527
3741 2522
3742 2523
3743 2526
3744 2514
3745 2514
3746 2523
3747 2521
3748 2522
3749 2521
3750 2520
3751 2521
3752 2522
3753 2521
3754 2526
3755 2517
3756 2521
3757 2522
3758 2520
3759 2524
3760 2521
3761 2515
3762 2518
3763 2527
3764 2522
3765 2519
3766 2520
3767 2523
3768 2514
3769 2524
3770 2513
3771 2523
3772 2517
3773 2523
3774 2520
3775 2518
3776 2521
3777 2520
3778 2519
3779 2519
3780 2523
3781 2519
3782 2516
3783 2513
3784 2514
3785 2519
3786 2524
3787 2514
3788 2526
3789 2518
3790 2520
3791 2514
3792 2517
3793 2519
3794 2522
3795 2515
3796 2520
3797 2524
3798 2523
3799 2515
3800 2517
3801 2518
3802 2517
3803 2520
3804 2519
3805 2517
3806 2513
3807 2511
3808 2520
3809 2519
3810 2518
3811 2514
3812 2515
3813 2511
3814 2522
3815 2522
3816 2510
3817 2510
3818 2518

