2795 2516
2796 2511
2797 2511
2798 2512
2799 2512
2800 2514
2801 2520
2802 2513
2803 2512
2804 2513
2805 2514
2806 2513
2807 2514
2808 2514
2809 2514
2810 2514
2811 2514
2812 2514
2813 2514
2814 2515
2815 2515
2816 2514
2817 2522
2818 2517
2819 2517
2820 2516
2821 2516
2822 2517
2823 2517
2824 2520
2825 2517
2826 2517
2827 2517
2828 2517
2829 2520
2830 2520
2831 2515
2832 2516
2833 2516
2834 2519
2835 2515
2836 2516
2837 2515
2838 2515
2839 2520
2840 2518
2841 2514
2842 2516
2843 2515
2844 2515
2845 2514
2846 2514
2847 2514
2848 2514
2849 2514
2850 2514
2851 2515
2852 2514
2853 2514
2854 2514
2855 2520
2856 2515
2857 2515
2858 2514
2859 2514
2860 2514
2861 2514
2862 2514
2863 2514
2864 2513
2865 2514
2866 2513
2867 2513
2868 2513
2869 2513
2870 2513
2871 2513
2872 2513
2873 2516
2874 2512
2875 2513
2876 2517
2877 2517
2878 2513
2879 2513
2880 2514
2881 2515
2882 2514
2883 2514
2884 2513
2885 2514
2886 2514
2887 2513
2888 2513
2889 2513
2890 2513
2891 2517
2892 2513
2893 2513
2894 2517
2895 2513
2896 2513
2897 2513
2898 2513
2899 2513
2900 2513
2901 2514
2902 2514
2903 2514
2904 2515
2905 2514
2906 2514
2907 2514
2908 2514
2909 2515
2910 2513
2911 2514
2912 2513
2913 2514
2914 2513
2915 2513
2916 2513
2917 2513
2918 2513
2919 2516
2920 2514
2921 2514
2922 2514
2923 2513
2924 2513
2925 2514
2926 2515
2927 2520
2928 2514
2929 2515
2930 2513
2931 2513
2932 2514
2933 2513
2934 2513
2935 2513
2936 2513
2937 2513
2938 2513
2939 2513
2940 2517
2941 2513
2942 2513
2943 2512
2944 2513
2945 2513
2946 2513
2947 2512
2948 2514
2949 2512
2950 2514
2951 2513
2952 2514
2953 2512
2954 2512
2955 2511
2956 2511
2957 2512
2958 2511
2959 2512
2960 2512
2961 2511
2962 2512
2963 2511
2964 2511
2965 2511
2966 2511
2967 2514
2968 2509
2969 2509
2970 2509
2971 2509
2972 2509
2973 2509
2974 2509
2975 2514
2976 2513
2977 2514
2978 2514
2979 2512
2980 2507
2981 2508
2982 2508
2983 2509
2984 2509
2985 2510
2986 2510
2987 2509
2988 2508
2989 2508
2990 2509
2991 2508
2992 2508
2993 2508
2994 2508
2995 2508
2996 2507
2997 2508
2998 2510
2999 2509
3000 2512
3001 2507
3002 2508
3003 2512
3004 2508
3005 2508
3006 2508
3007 2507
3008 2510
3009 2507
3010 2506
3011 2507
3012 2508
3013 2508
3014 2508
3015 2511
3016 2509
3017 2510
3018 2507
3019 2508
3020 2507
3021 2507
3022 2507
3023 2508
3024 2508
3025 2508
3026 2508
3027 2507
3028 2508
3029 2508
3030 2507
3031 2509
3032 2507
3033 2507
3034 2506
3035 2507
3036 2508
3037 2507
3038 2509
3039 2511
3040 2513
3041 2507
3042 2512
3043 2506
3044 2511
3045 2505
3046 2505
3047 2506
3048 2511
3049 2505
3050 2505
3051 2505
3052 2513
3053 2506
3054 2509
3055 2505
3056 2509
3057 2506
3058 2506
3059 2506
3060 2505
3061 2505
3062 2505
3063 2505
3064 2505
3065 2504
3066 2504
3067 2505
3068 2506
3069 2505
3070 2507
3071 2508
3072 2504
3073 2503
3074 2504
3075 2504
3076 2508
3077 2516
3078 2504
3079 2510
3080 2510
3081 2504
3082 2503
3083 2507
3084 2504
3085 2505
3086 2505
3087 2504
3088 2511
3089 2510
3090 2505
3091 2504
3092 2505
3093 2505
3094 2509
3095 2508
3096 2505
3097 2505
3098 2505
3099 2505
3100 2508
3101 2509
3102 2505
3103 2505
3104 2505
3105 2509
3106 2505
3107 2504
3108 2509
3109 2508
3110 2505
3111 2506
3112 2508
3113 2505
3114 2508
3115 2505
3116 2505
3117 2505
3118 2505
3119 2504
3120 2509
3121 2505
3122 2506
3123 2506
3124 2505
3125 2505
3126 2504
3127 2504
3128 2509
3129 2503
3130 2508
3131 2508
3132 2504
3133 2507
3134 2504
3135 2504
3136 2505
3137 2505
3138 2506
3139 2510
3140 2507
3141 2507
3142 2506
3143 2509
3144 2508
3145 2507
3146 2508
3147 2507
3148 2507
3149 2512
3150 2510
3151 2507
3152 2506
3153 2503
3154 2505
3155 2503
3156 2504
3157 2502
3158 2502
3159 2502
3160 2500
3161 2501
3162 2501
3163 2501
3164 2501
3165 2500
3166 2500
3167 2504
3168 2500
3169 2501
3170 2503
3171 2500
3172 2500
3173 2499
3174 2500
3175 2500
3176 2503
3177 2501
3178 2502
3179 2499
3180 2499
3181 2499
3182 2500
3183 2498
3184 2503
3185 2499
3186 2499
3187 2499
3188 2499
3189 2499
3190 2501
3191 2501
3192 2499
3193 2499
3194 2500
3195 2499
3196 2500
3197 2499
3198 2498
3199 2499
3200 2500
3201 2499
3202 2503
3203 2499
3204 2499
3205 2499
3206 2499
3207 2499
3208 2510
3209 2501
3210 2498
3211 2499
3212 2499
3213 2498
3214 2501
3215 2500
3216 2501
3217 2500
3218 2498
3219 2498
3220 2498
3221 2502
3222 2499
3223 2499
3224 2499
3225 2499
3226 2499
3227 2498
3228 2501
3229 2499
3230 2499
3231 2501
3232 2501
3233 2499
3234 2500
3235 2499
3236 2499
3237 2499
3238 2499
3239 2504
3240 2497
3241 2498
3242 2498
3243 2499
3244 2503
3245 2500
3246 2499
3247 2500
3248 2499
3249 2500
3250 2499
3251 2506
3252 2499
3253 2500
3254 2500
3255 2502
3256 2504
3257 2500
3258 2501
3259 2500
3260 2503
3261 2499
3262 2498
3263 2499
3264 2499
3265 2501
3266 2501
3267 2501
3268 2501
3269 2500
3270 2503
3271 2503
3272 2500
3273 2502
3274 2500
3275 2500
3276 2500
3277 2501
3278 2502
3279 2502
3280 2500
3281 2500
3282 2500
3283 2500
3284 2500
3285 2500
3286 2500
3287 2500
3288 2500
3289 2502
3290 2500
3291 2499
3292 2499
3293 2499
3294 2498
3295 2500
3296 2501
3297 2499
3298 2498
3299 2498
3300 2498
3301 2498
3302 2499
3303 2501
3304 2501
3305 2498
3306 2498
3307 2498
3308 2498
3309 2498
3310 2499
3311 2497
3312 2497
3313 2497
3314 2497
3315 2497
3316 2497
3317 2497
3318 2497
3319 2497
3320 2498
3321 2498
3322 2497
3323 2498
3324 2497
3325 2497
3326 2497
3327 2497
3328 2497
3329 2498
3330 2498
3331 2498
3332 2498
3333 2498
3334 2498
3335 2498
3336 2498
3337 2498
3338 2502
3339 2498
3340 2499
3341 2500
3342 2499
3343 2499
3344 2499
3345 2498
3346 2498
3347 2498
3348 2498
3349 2499
3350 2499
3351 2498
3352 2498
3353 2501
3354 2501
3355 2501
3356 2497
3357 2502
3358 2502
3359 2502
3360 2500
3361 2498
3362 2499
3363 2500
3364 2502
3365 2498
3366 2498
3367 2498
3368 2498
3369 2499
3370 2498
3371 2499
3372 2499
3373 2499
3374 2499
3375 2500
3376 2498
3377 2502
3378 2502
3379 2499
3380 2501
3381 2498
3382 2498
3383 2500
3384 2499
3385 2499
3386 2502
3387 2499
3388 2501
3389 2499
3390 2499
3391 2500
3392 2499
3393 2499
3394 2498
3395 2499
3396 2499
3397 2499
3398 2499
3399 2499
3400 2498
3401 2499
3402 2499
3403 2499
3404 2499
3405 2499
3406 2499
3407 2499
3408 2499
3409 2499
3410 2499
3411 2499
3412 2499
3413 2499
3414 2499
3415 2499
3416 2499
3417 2499
3418 2499
3419 2499
3420 2499
3421 2499
3422 2499
3423 2499
3424 2499
3425 2499
3426 2499
3427 2499
3428 2499
3429 2499
3430 2499
3431 2499
3432 2499
3433 2500
3434 2499
3435 2498
3436 2499
3437 2503
3438 2498
3439 2498
3440 2499
3441 2498
3442 2498
3443 2499
3444 2499
3445 2499
3446 2498
3447 2499
3448 2499
3449 2499
3450 2499
3451 2499
3452 2499
3453 2503
3454 2500
3455 2500
3456 2499
3457 2499
3458 2499
3459 2499
3460 2499
3461 2499
3462 2499
3463 2499
3464 2499
3465 2499
3466 2498
3467 2502
3468 2499
3469 2498
3470 2498
3471 2498
3472 2499
3473 2498
3474 2498
3475 2499
3476 2499
3477 2499
3478 2499
3479 2498
3480 2499
3481 2498
3482 2498
3483 2499
3484 2497
3485 2498
3486 2498
3487 2498
3488 2498
3489 2498
3490 2498
3491 2498
3492 2498
3493 2498
3494 2498
3495 2498
3496 2498
3497 2498
3498 2499
3499 2498
3500 2499
3501 2499
3502 2499
3503 2498
3504 2499
3505 2498
3506 2498
3507 2498
3508 2499
3509 2499
3510 2499
3511 2498
3512 2498
3513 2498
3514 2499
3515 2498
3516 2499
3517 2499
3518 2498
3519 2498
3520 2498
3521 2498
3522 2498
3523 2498
3524 2500
3525 2499
3526 2498
3527 2498
3528 2498
3529 2498
3530 2498
3531 2498
3532 2498
3533 2498
3534 2498
3535 2498
3536 2498
3537 2498
3538 2498
3539 2498
3540 2498
3541 2500
3542 2498
3543 2498
3544 2498
3545 2498
3546 2498
3547 2498
3548 2498
3549 2498
3550 2497
3551 2497
3552 2498
3553 2504
3554 2498
3555 2497
3556 2497
3557 2497
3558 2498
3559 2498
3560 2498
3561 2498
3562 2498
3563 2497
3564 2497
3565 2497
3566 2497
3567 2497
3568 2497
3569 2497
3570 2497
3571 2497
3572 2497
3573 2497
3574 2497
3575 2497
3576 2497
3577 2497
3578 2497
3579 2497
3580 2497
3581 2497
3582 2497
3583 2497
3584 2497
3585 2497
3586 2497
3587 2497
3588 2497
3589 2497
3590 2497
3591 2496
3592 2496
3593 2497
3594 2497
3595 2497
3596 2497
3597 2497
3598 2497
3599 2496
3600 2497
3601 2496
3602 2497
3603 2497
3604 2497
3605 2497
3606 2496
3607 2497
3608 2497
3609 2497
3610 2497
3611 2497
3612 2497
3613 2496
3614 2496
3615 2496
3616 2496
3617 2496
3618 2496
3619 2496
3620 2497
3621 2496
3622 2496
3623 2497
3624 2496
3625 2496
3626 2496
3627 2496
3628 2496
3629 2496
3630 2496
3631 2496
3632 2496
3633 2496
3634 2496
3635 2496
3636 2496
3637 2496
3638 2496
3639 2496
3640 2496
3641 2496
3642 2496
3643 2496
3644 2496
3645 2496
3646 2496
3647 2496
3648 2496
3649 2496
3650 2496
3651 2496
3652 2496
3653 2496
3654 2496
3655 2496
3656 2496
3657 2496
3658 2496
3659 2496
3660 2496
3661 2496
3662 2496
3663 2496
3664 2496
3665 2496
3666 2496
3667 2496
3668 2496
3669 2497
3670 2497
3671 2495
3672 2496
3673 2496
3674 2498
3675 2496
3676 2495
3677 2496
3678 2495
3679 2496
3680 2496
3681 2496
3682 2496
3683 2496
3684 2496
3685 2501
3686 2496
3687 2497
3688 2496
3689 2496
3690 2496
3691 2497
3692 2496
3693 2496
3694 2496
3695 2498
3696 2503
3697 2497
3698 2497
3699 2499
3700 2497
3701 2496
3702 2496
3703 2493
3704 2498
3705 2506
3706 2497
3707 2499
3708 2498
3709 2497
3710 2497
3711 2493
3712 2495
3713 2496
3714 2495
3715 2496
3716 2495
3717 2496
3718 2496
3719 2496
3720 2496
3721 2496
3722 2496
3723 2496
3724 2495
3725 2496
3726 2496
3727 2495
3728 2495
3729 2495
3730 2496
3731 2495
3732 2495
3733 2495
3734 2495
3735 2495
3736 2495
3737 2495
3738 2495
3739 2495
3740 2495
3741 2495
3742 2495
3743 2495
3744 2495
3745 2495
3746 2495
3747 2495
3748 2495
3749 2495
3750 2495
3751 2495
3752 2495
3753 2495
3754 2495
3755 2495
3756 2495
3757 2495
3758 2495
3759 2495
3760 2495
3761 2495
3762 2495
3763 2495
3764 2495
3765 2495
3766 2495
3767 2495
3768 2495
3769 2495
3770 2495
3771 2494
3772 2494
3773 2495
3774 2495
3775 2495
3776 2495
3777 2495
3778 2495
3779 2495
3780 2495
3781 2495
3782 2495
3783 2495
3784 2495
3785 2494
3786 2494
3787 2495
3788 2495
3789 2495
3790 2495
3791 2495
3792 2495
3793 2495
3794 2495
3795 2495
3796 2495
3797 2495
3798 2495
3799 2495
3800 2495
3801 2495
3802 2495
3803 2495
3804 2495
3805 2495
3806 2495
3807 2495
3808 2495
3809 2495
3810 2495
3811 2495
3812 2495
3813 2495
3814 2495
3815 2495
3816 2495
3817 2495
3818 2495
3819 2495
3820 2495
3821 2495
3822 2495
3823 2495
3824 2495
3825 2495
3826 2495
3827 2495
3828 2495
3829 2495
3830 2495
3831 2495
3832 2495
3833 2495
3834 2495
3835 2495
3836 2496
3837 2495
3838 2496
3839 2496
3840 2496
3841 2496
3842 2496
3843 2496
3844 2496
3845 2496
3846 2496
3847 2495
3848 2496
3849 2495
3850 2496
3851 2496
3852 2496
3853 2496
3854 2496
3855 2495

3322 2513
3323 2522
3324 2520
3325 2523
3326 2513
3327 2513
3328 2514
3329 2523
3330 2519
3331 2515
3332 2523
3333 2523
3334 2527
3335 2524
3336 2513
3337 2524
3338 9999
3339 2513
3340 2520
3341 2515
3342 2513
3343 2514
3344 2522
3345 2521
3346 2520
3347 2513
3348 2522
3349 2523
3350 2522
3351 2521
3352 2520
3353 2523
3354 2523
3355 2522
3356 2524
3357 2525
3358 2522
3359 2523
3360 2518
3361 2522
3362 2524
3363 2525
3364 2514
3365 2521
3366 2519
3367 2513
3368 2524
3369 2523
3370 2513
3371 2524
3372 2517
3373 2513
3374 2513
3375 2513
3376 2526
3377 2527
3378 2520
3379 2513
3380 2520
3381 2518
3382 2514
3383 2518
3384 2514
3385 2526
3386 2519
3387 2523
3388 2521
3389 2512
3390 2526
3391 2523
3392 2522
3393 2512
3394 2520
3395 2514
3396 2512
3397 2512
3398 2513
3399 2513
3400 2512
3401 2524
3402 2525
3403 2517
3404 2525
3405 2520
3406 2521
3407 2518
3408 2519
3409 2513
3410 2518
3411 2520
3412 2521
3413 2513
3414 2524
3415 2522
3416 2512
3417 2521
3418 2514
3419 2524
3420 2520
3421 2519
3422 2520
3423 2522
3424 2519
3425 2520
3426 2523
3427 2517
3428 2518
3429 2526
3430 2517
3431 2520
3432 2512
3433 2512
3434 2522
3435 2523
3436 2521
3437 9999
3438 2523
3439 2523
3440 2523
3441 2515
3442 2511
3443 2511
3444 2512
3445 2522
3446 2511
3447 2520
3448 2511
3449 2520
3450 2520
3451 2524
3452 2525
3453 2515
3454 2525
3455 2522
3456 2522
3457 2523
3458 2520
3459 2519
3460 2512
3461 2512
3462 2513
3463 2513
3464 2516
3465 2519
3466 2512
3467 2514
3468 2513
3469 2513
3470 2519
3471 2527
3472 2522
3473 2524
3474 2513
3475 2525
3476 2527
3477 2527
3478 2524
3479 2527
3480 2522
3481 2522
3482 2523
3483 2513
3484 2525
3485 2516
3486 2527
3487 2519
3488 2518
3489 2520
3490 2523
3491 2515
3492 2525
3493 2520
3494 2524
3495 2524
3496 2514
3497 2525
3498 2524
3499 2524
3500 2522
3501 2522
3502 2522
3503 2522
3504 2522
3505 2522
3506 2523
3507 2524
3508 2523
3509 2523
3510 2522
3511 2525
3512 2521
3513 2523
3514 2516
3515 2529
3516 2522
3517 2527
3518 2526
3519 2528
3520 2524
3521 2522
3522 2524
3523 2524
3524 2523
3525 2529
3526 2528
3527 2521
3528 2530
3529 2523
3530 2522
3531 2522
3532 2523
3533 2520
3534 2529
3535 2518
3536 2517
3537 2520
3538 2522
3539 2523
3540 2524
3541 2521
3542 2521
3543 2522
3544 2522
3545 2521
3546 2528
3547 2521
3548 2522
3549 2522
3550 2527
3551 2523
3552 2526
3553 2522
3554 2527
3555 2522
3556 2524
3557 2525
3558 2518
3559 2529
3560 2531
3561 2526
3562 2520
3563 2517
3564 2517
3565 2526
3566 2529
3567 2520
3568 2520
3569 2523
3570 2524
3571 2525
3572 2526
3573 2525
3574 2524
3575 2524
3576 2529
3577 2525
3578 2518
3579 2518
3580 2519
3581 2519
3582 2525
3583 2518
3584 2524
3585 2525
3586 2524
3587 2519
3588 2527
3589 2525
3590 2532
3591 2524
3592 2525
3593 2525
3594 2525
3595 2522
3596 2521
3597 2525
3598 2524
3599 2523
3600 2528
3601 2524
3602 2522
3603 2520
3604 2531
3605 2526
3606 2525
3607 2532
3608 2533
3609 2524
3610 2525
3611 2532
3612 2525
3613 2527
3614 2528
3714 2523
3715 2524
3716 2523
3717 2517
3718 2523
3719 2524
3720 2521
3721 2524
3722 2525
3723 2524
3724 2524
3725 2529
3726 2522
3727 2523
3728 2525
3729 2526
3730 2524
3731 2525
3732 2517
3733 2523
3734 2524
3735 2524
3736 2525
3737 2525
3738 2525
3739 2523
3740 2523
3741 2526
3742 2528
3743 2527
3744 2525
3745 2525
3746 2523
3747 2526
3748 2526
3749 2526
3750 2526
3751 2525
3752 2525
3753 2525
3754 2525
3755 2526
3756 2526
3757 2525
3758 2525
3759 2525
3760 2525
3761 2525
3762 2526
3763 2527
3764 2530
3765 2525
3766 2528
3767 2528
3768 2525
3769 2526
3770 2526
3771 2526
3772 2524
3773 2531
3774 2526
3775 2528
3776 2528
3777 2522
3778 2520
3779 2528
3780 2533
3781 2522
3782 2528
3783 2527
3784 2528
3785 2526
3786 2526
3787 2525
3788 2527
3789 2526
3790 2528
3791 2528
3792 2526
3793 2527
3794 2527
3795 2528
3796 2522
3797 2519
3798 2519
3799 2527
3800 2527
3801 2529
3802 2519
3803 2529
3804 2529
3805 2528
3806 2528
3807 2527
3808 2532
3809 2528
3810 2529
3811 2529
3812 2528
3813 2528
3814 2528
3815 2522
3816 2527
3817 2526
3818 2528
3819 2528
3820 2529
3821 2527
3822 2530
3823 2528
3824 2529
3825 2530
3826 2532
3827 2526
3828 2533
3829 2526
3830 2525
3831 2526
3832 2526
3833 2525
3834 2525
3835 2520
3836 2525
3837 2525
3838 2525
3839 2525
3840 2524
3841 2524
3842 2524
3843 2522
3844 2528

