2776 2512
2777 2511
2778 2510
2779 2510
2780 2514
2781 2511
2782 2511
2783 2512
2784 2510
2785 2510
2786 2511
2787 2511
2788 2511
2789 2512
2790 2514
2791 2512
2792 2516
2793 2513
2794 2512
2795 2515
2796 2511
2797 2512
2798 2513
2799 2512
2800 2513
2801 2512
2802 2512
2803 2511
2804 2510
2805 2509
2806 2511
2807 2510
2808 2510
2809 2510
2810 2510
2811 2511
2812 2511
2813 2511
2814 2512
2815 2516
2816 2511
2817 2513
2818 2512
2819 2511
2820 2514
2821 2510
2822 2511
2823 2511
2824 2511
2825 2512
2826 2511
2827 2510
2828 2510
2829 2513
2830 2512
2831 2511
2832 2510
2833 2509
2834 2513
2835 2510
2836 2510
2837 2509
2838 2510
2839 2510
2840 2510
2841 2511
2842 2510
2843 2510
2844 2510
2845 2510
2846 2512
2847 2510
2848 2511
2849 2511
2850 2514
2851 2511
2852 2510
2853 2512
2854 2508
2855 2510
2856 2511
2857 2519
2858 2508
2859 2509
2860 2510
2861 2510
2862 2512
2863 2513
2864 2512
2865 2513
2866 2514
2867 2513
2868 2512
2869 2515
2870 2521
2871 2510
2872 2515
2873 2517
2874 2514
2875 2511
2876 2511
2877 2512
2878 2510
2879 2510
2880 2510
2881 2511
2882 2510
2883 2510
2884 2510
2885 2511
2886 2510
2887 2510
2888 2510
2889 2510
2890 2509
2891 2509
2892 2509
2893 2508
2894 2508
2895 2509
2896 2508
2897 2508
2898 2508
2899 2507
2900 2508
2901 2507
2902 2508
2903 2507
2904 2508
2905 2508
2906 2509
2907 2509
2908 2513
2909 2508
2910 2513
2911 2508
2912 2509
2913 2508
2914 2508
2915 2508
2916 2517
2917 2508
2918 2508
2919 2508
2920 2507
2921 2507
2922 2511
2923 2512
2924 2509
2925 2508
2926 2509
2927 2509
2928 2509
2929 2508
2930 2509
2931 2509
2932 2509
2933 2509
2934 2513
2935 2508
2936 2515
2937 2508
2938 2506
2939 2514
2940 2510
2941 2506
2942 2506
2943 2506
2944 2507
2945 2506
2946 2507
2947 2508
2948 2507
2949 2507
2950 2507
2951 2506
2952 2507
2953 2506
2954 2511
2955 2513
2956 2509
2957 2506
2958 2506
2959 2505
2960 2514
2961 2509
2962 2505
2963 2505
2964 2505
2965 2513
2966 2508
2967 2511
2968 2506
2969 2512
2970 2505
2971 2504
2972 2504
2973 2504
2974 2504
2975 2504
2976 2504
2977 2503
2978 2504
2979 2504
2980 2504
2981 2504
2982 2504
2983 2504
2984 2504
2985 2505
2986 2506
2987 2508
2988 2506
2989 2506
2990 2506
2991 2506
2992 2507
2993 2511
2994 2505
2995 2507
2996 2510
2997 2507
2998 2506
2999 2504
3000 2508
3001 2508
3002 2505
3003 2505
3004 2504
3005 2513
3006 2505
3007 2505
3008 2506
3009 2506
3010 2505
3011 2505
3012 2504
3013 2506
3014 2503
3015 2503
3016 2503
3017 2505
3018 2507
3019 2503
3020 2503
3021 2504
3022 2505
3023 2504
3024 2504
3025 2503
3026 2503
3027 2505
3028 2504
3029 2504
3030 2506
3031 2503
3032 2503
3033 2503
3034 2502
3035 2508
3036 2502
3037 2504
3038 2503
3039 2508
3040 2502
3041 2502
3042 2503
3043 2503
3044 2508
3045 2503
3046 2503
3047 2503
3048 2503
3049 2503
3050 2503
3051 2503
3052 2503
3053 2502
3054 2502
3055 2503
3056 2507
3057 2502
3058 2502
3059 2502
3060 2502
3061 2502
3062 2502
3063 2501
3064 2501
3065 2501
3066 2501
3067 2501
3068 2501
3069 2501
3070 2501
3071 2501
3072 2501
3073 2503
3074 2502
3075 2501
3076 2502
3077 2501
3078 2501
3079 2502
3080 2501
3081 2502
3082 2501
3083 2501
3084 2501
3085 2501
3086 2501
3087 2500
3088 2500
3089 2500
3090 2501
3091 2500
3092 2502
3093 2500
3094 2500
3095 2501
3096 2501
3097 2501
3098 2500
3099 2501
3100 2500
3101 2500
3102 2500
3103 2500
3104 2500
3105 2501
3106 2500
3107 2500
3108 2500
3109 2500
3110 2500
3111 2500
3112 2500
3113 2500
3114 2500
3115 2502
3116 2500
3117 2501
3118 2501
3119 2501
3120 2501
3121 2501
3122 2501
3123 2501
3124 2502
3125 2502
3126 2503
3127 2504
3128 2502
3129 2502
3130 2500
3131 2502
3132 2501
3133 2500
3134 2499
3135 2499
3136 2499
3137 2499
3138 2500
3139 2500
3140 2499
3141 2503
3142 2502
3143 2503
3144 2498
3145 2503
3146 2498
3147 2499
3148 2499
3149 2499
3150 2498
3151 2499
3152 2498
3153 2498
3154 2498
3155 2498
3156 2497
3157 2498
3158 2498
3159 2498
3160 2497
3161 2504
3162 2499
3163 2498
3164 2498
3165 2499
3166 2497
3167 2497
3168 2498
3169 2498
3170 2498
3171 2498
3172 2498
3173 2498
3174 2498
3175 2498
3176 2498
3177 2498
3178 2498
3179 2498
3180 2498
3181 2498
3182 2497
3183 2497
3184 2497
3185 2497
3186 2497
3187 2497
3188 2497
3189 2497
3190 2498
3191 2497
3192 2497
3193 2498
3194 2497
3195 2497
3196 2497
3197 2497
3198 2497
3199 2497
3200 2497
3201 2497
3202 2497
3203 2497
3204 2497
3205 2497
3206 2498
3207 2497
3208 2497
3209 2497
3210 2497
3211 2497
3212 2497
3213 2497
3214 2497
3215 2497
3216 2497
3217 2497
3218 2497
3219 2497
3220 2497
3221 2497
3222 2498
3223 2497
3224 2498
3225 2498
3226 2497
3227 2498
3228 2497
3229 2498
3230 2498
3231 2498
3232 2498
3233 2498
3234 2498
3235 2498
3236 2498
3237 2498
3238 2498
3239 2498
3240 2498
3241 2498
3242 2498
3243 2498
3244 2498
3245 2498
3246 2498
3247 2498
3248 2498
3249 2498
3250 2498
3251 2498
3252 2498
3253 2498
3254 2498
3255 2498
3256 2498
3257 2497
3258 2498
3259 2498
3260 2498
3261 2498
3262 2497
3263 2497
3264 2498
3265 2498
3266 2497
3267 2498
3268 2498
3269 2498
3270 2498
3271 2498
3272 2497
3273 2498
3274 2497
3275 2497
3276 2497
3277 2497
3278 2497
3279 2498
3280 2498
3281 2498
3282 2498
3283 2498
3284 2498
3285 2498
3286 2498
3287 2498
3288 2498
3289 2499
3290 2499
3291 2499
3292 2498
3293 2498
3294 2498
3295 2498
3296 2498
3297 2498
3298 2498
3299 2498
3300 2498
3301 2498
3302 2498
3303 2497
3304 2497
3305 2498
3306 2498
3307 2497
3308 2497
3309 2497
3310 2497
3311 2498
3312 2497
3313 2498
3314 2498
3315 2498
3316 2498
3317 2498
3318 2498
3319 2498
3320 2498
3321 2498
3322 2498
3323 2498
3324 2498
3325 2498
3326 2498
3327 2498
3328 2498
3329 2498
3330 2498
3331 2498
3332 2497
3333 2497
3334 2497
3335 2497
3336 2497
3337 2497
3338 2497
3339 2498
3340 2498
3341 2498
3342 2498
3343 2498
3344 2498
3345 2498
3346 2498
3347 2499
3348 2498
3349 2500
3350 2498
3351 2499
3352 2498
3353 2498
3354 2498
3355 2498
3356 2498
3357 2498
3358 2498
3359 2498
3360 2498
3361 2498
3362 2498
3363 2498
3364 2498
3365 2498
3366 2498
3367 2498
3368 2498
3369 2498
3370 2498
3371 2498
3372 2498
3373 2498
3374 2499
3375 2499
3376 2499
3377 2499
3378 2499
3379 2499
3380 2499
3381 2499
3382 2499
3383 2499
3384 2499
3385 2499
3386 2499
3387 2499
3388 2498
3389 2498
3390 2498
3391 2498
3392 2498
3393 2498
3394 2498
3395 2498
3396 2498
3397 2498
3398 2498
3399 2498
3400 2498
3401 2498
3402 2498
3403 2498
3404 2498
3405 2498
3406 2499
3407 2499
3408 2499
3409 2499
3410 2498
3411 2498
3412 2498
3413 2498
3414 2499
3415 2499
3416 2498
3417 2498
3418 2498
3419 2498
3420 2499
3421 2498
3422 2499
3423 2498
3424 2498
3425 2498
3426 2498
3427 2498
3428 2498
3429 2498
3430 2498
3431 2498
3432 2498
3433 2499
3434 2498
3435 2499
3436 2499
3437 2498
3438 2499
3439 2499
3440 2499
3441 2499
3442 2498
3443 2499
3444 2498
3445 2499
3446 2499
3447 2499
3448 2499
3449 2499
3450 2498
3451 2498
3452 2499
3453 2498
3454 2498
3455 2499
3456 2499
3457 2499
3458 2498
3459 2499
3460 2498
3461 2499
3462 2498
3463 2498
3464 2498
3465 2498
3466 2498
3467 2498
3468 2498
3469 2501
3470 2499
3471 2499
3472 2499
3473 2499
3474 2499
3475 2499
3476 2499
3477 2499
3478 2498
3479 2499
3480 2498
3481 2498
3482 2498
3483 2498
3484 2499
3485 2502
3486 2499
3487 2499
3488 2498
3489 2498
3490 2498
3491 2499
3492 2499
3493 2499
3494 2499
3495 2499
3496 2499
3497 2499
3498 2499
3499 2499
3500 2499
3501 2499
3502 2499
3503 2499
3504 2499
3505 2499
3506 2499
3507 2498
3508 2498
3509 2499
3510 2499
3511 2498
3512 2499
3513 2499
3514 2498
3515 2499
3516 2499
3517 2498
3518 2498
3519 2498
3520 2499
3521 2499
3522 2502
3523 2499
3524 2499
3525 2499
3526 2499
3527 2501
3528 2499
3529 2499
3530 2499
3531 2500
3532 2499
3533 2499
3534 2499
3535 2499
3536 2499
3537 2499
3538 2500
3539 2500
3540 2500
3541 2500
3542 2500
3543 2500
3544 2500
3545 2500
3546 2500
3547 2500
3548 2500
3549 2500
3550 2500
3551 2500
3552 2499
3553 2499
3554 2500
3555 2500
3556 2500
3557 2500
3558 2500
3559 2499
3560 2500
3561 2500
3562 2500
3563 2500
3564 2500
3565 2500
3566 2500
3567 2500
3568 2500
3569 2499
3570 2502
3571 2500
3572 2500
3573 2500
3574 2500
3575 2500
3576 2500
3577 2500
3578 2500
3579 2500
3580 2500
3581 2499
3582 2499
3583 2499
3584 2499
3585 2499
3586 2500
3587 2500
3588 2499
3589 2500
3590 2500
3591 2500
3592 2500
3593 2500
3594 2500
3595 2500
3596 2499
3597 2499
3598 2499
3599 2499
3600 2499
3601 2499
3602 2499
3603 2499
3604 2499
3605 2498
3606 2499
3607 2499
3608 2499
3609 2499
3610 2499
3611 2499
3612 2499
3613 2499
3614 2499
3615 2499
3616 2499
3617 2499
3618 2499
3619 2499
3620 2500
3621 2500
3622 2500
3623 2499
3624 2499
3625 2499
3626 2499
3627 2499
3628 2499
3629 2499
3630 2499
3631 2499
3632 2499
3633 2499
3634 2499
3635 2499
3636 2500
3637 2500
3638 2500
3639 2500
3640 2500
3641 2500
3642 2499
3643 2499
3644 2499
3645 2499
3646 2499
3647 2499
3648 2499
3649 2499
3650 2500
3651 2499
3652 2500
3653 2499
3654 2500
3655 2500
3656 2500
3657 2500
3658 2500
3659 2500
3660 2500
3661 2500
3662 2500
3663 2500
3664 2500
3665 2500
3666 2500
3667 2500
3668 2500
3669 2500
3670 2501
3671 2501
3672 2501
3673 2501
3674 2500
3675 2501
3676 2500
3677 2500
3678 2500
3679 2500
3680 2500
3681 2500
3682 2500
3683 2500
3684 2500
3685 2500
3686 2500
3687 2500
3688 2500
3689 2501
3690 2500
3691 2500
3692 2501
3693 2501
3694 2500
3695 2501
3696 2501
3697 2501
3698 2501
3699 2501
3700 2501
3701 2501
3702 2501
3703 2501
3704 2501
3705 2501
3706 2500
3707 2500
3708 2501
3709 2501
3710 2501
3711 2501
3712 2501
3713 2501
3714 2500
3715 2500
3716 2501
3717 2501
3718 2501
3719 2501
3720 2500
3721 2501
3722 2501
3723 2501
3724 2501
3725 2501
3726 2501
3727 2501
3728 2501
3729 2501
3730 2501
3731 2501
3732 2501
3733 2500
3734 2500
3735 2500
3736 2500
3737 2500
3738 2500
3739 2500
3740 2500
3741 2500
3742 2500
3743 2500
3744 2500
3745 2500
3746 2501
3747 2500
3748 2500
3749 2500
3750 2500
3751 2500
3752 2500
3753 2499
3754 2499
3755 2499
3756 2499
3757 2499
3758 2499
3759 2499
3760 2499
3761 2499
3762 2499
3763 2499
3764 2499
3765 2499
3766 2499
3767 2499
3768 2499
3769 2499
3770 2499
3771 2500
3772 2500
3773 2500
3774 2500
3775 2500
3776 2500
3777 2500
3778 2500
3779 2501
3780 2500
3781 2500
3782 2500
3783 2500
3784 2500
3785 2500
3786 2500
3787 2500
3788 2500
3789 2500
3790 2500
3791 2500
3792 2499
3793 2499
3794 2500
3795 2500
3796 2500
3797 2500
3798 2500
3799 2500
3800 2500
3801 2500
3802 2500
3803 2500
3804 2500
3805 2500
3806 2500
3807 2500
3808 2500
3809 2500
3810 2500
3811 2500
3812 2500
3813 2500
3814 2500
3815 2500
3816 2500
3817 2500
3818 2500
3819 2500
3820 2500
3821 2500
3822 2499
3823 2501
3824 2500
3825 2500
3826 2500
3827 2500
3828 2500
3829 2500
3830 2500
3831 2500
3832 2500
3833 2500
3834 2500
3835 2500
3836 2500
3837 2500
3838 2500
3839 2501
3840 2501
3841 2501
3842 2500
3843 2500
3844 2501
3845 2500
3846 2500
3847 2500
3848 2500
3849 2500
3850 2500
3851 2501
3852 2500
3853 2500
3854 2500
3855 2500
3856 2500
3857 2500
3858 2500
3859 2501
3860 2501
3861 2500
3862 2500
3863 2500
3864 2500

3012 2536
3013 2535
3014 2528
3015 2528
3016 2532
3017 2531
3018 2532
3019 2528
3020 2528
3021 2536
3022 2536
3023 2538
3024 2528
3025 2534
3026 2529
3027 2542
3028 2529
3029 2533
3030 2534
3031 2528
3032 2542
3033 2530
3034 2539
3035 2528
3036 2537
3037 2531
3038 2539
3039 2536
3040 2536
3041 2535
3042 2539
3043 2540
3044 2535
3045 2535
3046 2535
3047 2527
3048 2537
3049 2536
3050 2538
3051 2539
3052 2537
3053 2530
3054 2527
3055 2531
3056 2528
3057 2534
3058 2533
3059 2534
3060 2534
3061 2537
3062 2532
3063 2537
3064 2533
3065 2535
3066 2535
3067 2536
3068 2535
3069 2535
3070 2535
3071 2530
3072 2539
3073 2538
3074 2539
3075 2531
3076 2535
3077 2534
3078 2534
3079 2536
3080 2535
3081 2541
3082 2533
3083 2537
3084 2537
3085 2530
3086 2532
3087 2530
3088 2526
3089 2528
3090 2531
3091 2540
3092 2526
3093 2531
3094 2536
3095 2526
3096 2540
3097 2530
3098 2528
3099 2535
3100 2526
3101 2534
3102 2539
3103 2538
3104 2527
3105 2527
3106 2530
3107 2532
3108 2533
3109 2532
3110 2534
3111 2531
3112 2529
3113 2528
3114 2528
3115 2531
3116 2534
3117 2536
3118 2531
3119 2537
3120 2534
3121 2526
3122 2528
3123 2530
3124 2531
3125 2532
3126 2533
3127 2527
3128 2530
3129 2526
3130 2540
3131 2531
3132 2527
3133 2530
3134 2530
3135 2528
3136 2531
3137 2527
3138 2530
3139 2535
3140 2535
3141 2533
3142 2536
3143 2534
3144 2533
3145 2533
3146 2529
3147 2533
3148 2535
3149 2526
3150 2532
3151 2528
3152 2526
3153 2534
3154 2525
3155 2528
3156 2526
3157 2530
3158 2536
3159 2531
3160 2527
3161 2529
3162 2529
3163 2525
3164 2529
3165 2539
3166 2525
3167 2530
3168 2525
3169 2534
3170 2525
3171 2525
3172 2534
3173 2528
3174 2531
3175 2530
3176 2534
3177 2532
3178 2533
3179 2533
3180 2533
3181 2532
3182 2528
3183 2529
3184 2532
3185 2532
3186 2529
3187 2536
3188 2524
3189 2533
3190 2527
3191 2532
3192 2531
3193 2533
3194 2533
3195 2531
3196 2532
3197 2527
3198 2533
3199 2525
3200 2533
3201 2534
3202 2533
3203 2531
3204 2532
3205 2526
3206 2531
3207 2532
3208 2536
3209 2528
3210 2532
3211 2538
3212 2531
3213 2531
3214 2532
3215 2530
3216 2531
3217 2537
3218 2532
3219 2531
3220 2531
3221 2530
3222 2531
3223 2531
3224 2524
3225 2530
3226 2531
3227 2533
3228 2536
3229 2530
3230 2538
3231 2532
3232 2533
3233 2534
3234 2530
3235 2533
3236 2533
3237 2532
3238 2533
3239 2532
3240 2531
3241 2533
3242 2532
3243 2536
3244 2526
3245 2531
3246 2531
3247 2531
3248 2524
3249 2532
3250 2531
3251 2532
3252 2531
3253 2531
3254 2537
3255 2537
3256 2530
3257 2523
3258 2533
3259 2532
3260 2534
3261 2532
3262 2531
3263 2534
3264 2527
3265 2533
3266 2533
3267 2530
3268 2532
3269 2531
3270 2531
3271 2531
3272 2530
3273 2531
3274 2531
3275 2531
3276 2531
3277 2527
3278 2531
3279 2524
3280 2532
3281 2531
3282 2526
3283 2530
3284 2532
3285 2531
3286 2533
3287 2527
3288 2532
3289 2531
3290 2530
3291 2536
3292 2531
3293 2531
3294 2536
3295 2524
3296 2534
3297 2531
3298 2531
3299 2530
3300 2532
3301 2530
3302 2537
3303 2530
3304 2530
3305 2531
3306 2531
3307 2536
3308 2532
3309 2531
3310 2532
3311 2528
3312 2531
3313 2537
3314 2532
3315 2533
3316 2536
3317 2535
3318 2530
3319 2531
3320 2532
3321 2531
3322 2531
3323 2531
3324 2531
3325 2531
3326 2531
3327 2531
3328 2536
3329 2531
3330 2532
3331 2531
3332 2530
3333 2532
3334 2531
3335 2532
3336 2532
3337 2531
3338 2532
3339 2532
3340 2531
3341 2530
3342 2531
3343 2531
3344 2530
3345 2532
3346 2531
3347 2535
3348 2532
3349 2530
3350 2530
3351 2530
3352 2537
3353 2537
3354 2530
3355 2530
3356 2530
3357 2530
3358 2531
3359 2531
3360 2536
3361 2531
3362 2531
3363 2530
3364 2531
3365 2530
3366 2531
3367 2531
3368 2531
3369 2530
3370 2531
3371 2530
3372 2533
3373 2532
3374 2531
3375 2530
3376 2530
3377 2530
3378 2529
3379 2530
3380 2531
3381 2532
3382 2530
3383 2530
3384 2531
3385 2531
3386 2531
3387 2531
3388 2531
3389 2528
3390 2529
3391 2531
3392 2535
3393 2535
3394 2530
3395 2532
3396 2532
3397 2536
3398 2531
3399 2538
3400 2534
3401 2530
3402 2532
3403 2528
3404 2531
3405 2537
3406 2531
3407 2532
3408 2534
3409 2530
3410 2537
3411 2530
3412 2528
3413 2535
3414 2529
3415 2529
3416 2530
3417 2530
3418 2530
3419 2530
3420 2531
3421 2530
3422 2531
3423 2532
3424 2532
3425 2532
3426 2530
3427 2531
3428 2529
3429 2530
3430 2534
3431 2530
3432 2530
3433 2530
3434 2529
3435 2529
3436 2530
3437 2528
3438 2528
3439 2531
3440 2527
3441 2528
3442 2527
3443 2528
3444 2528
3445 2527
3446 2527
3447 2528
3448 2528
3449 2529
3450 2529
3451 2532
3452 2535
3453 2535
3454 2528
3455 2528
3456 2528
3457 2530
3458 2532
3459 2529
3460 2531
3461 2527
3462 2534
3463 2533
3464 2533
3465 2532
3466 2532
3467 2531
3468 2530
3469 2530
3470 2529
3471 2529
3472 2530
3473 2529
3474 2530
3475 2527
3476 2528
3477 2524
3478 2527
3479 2532
3480 2527
3481 2527
3482 2528
3483 2528
3484 2528
3485 2528
3486 2527
3487 2527
3488 2532
3489 2526
3490 2527
3491 2528
3492 2527
3493 2528
3494 2528
3495 2527
3496 2527
3497 2527
3498 2527
3499 2532
3500 2527
3501 2526
3502 2526
3503 2527
3504 2527
3505 2526
3506 2527
3507 2531
3508 2520
3509 2526
3510 2516
3511 2522
3512 2520
3513 2525
3514 2523
3515 2518
3516 2524
3517 2528
3518 2529
3519 2523
3520 2527
3521 2517
3522 2520
3523 2515
3524 2525
3525 2526
3526 2519
3527 2516
3528 2524
3529 2520
3530 2524
3531 2519
3532 2518
3533 2525
3534 2527
3535 2520
3536 2525
3537 2525
3538 2524
3539 2525
3540 2524
3541 2524
3542 2524
3543 2525
3544 2524
3545 2525
3546 2525
3547 2526
3548 2526
3549 2527
3550 2524
3551 2524
3552 2528
3553 2525
3554 2528
3555 2526
3556 2527
3557 2525
3558 2526
3559 2525
3560 2525
3561 2525
3562 2523
3563 2523
3564 2523
3565 2522
3566 2523
3567 2523
3568 2522
3569 2522
3570 2528
3571 2528
3572 2523
3573 2522
3574 2522
3575 2522
3576 2522
3577 2522
3578 2521
3579 2525
3580 2522
3581 2521
3582 2522
3583 2522
3584 2520
3585 2519
3586 2521
3587 2521
3588 2516
3589 2521
3590 2521
3591 2522
3592 2521
3593 2522
3594 2521
3595 2522
3596 2522
3597 2522
3598 2521
3599 2521
3600 2526
3601 2520
3602 2522
3603 2521
3604 2522
3605 2523
3606 2521
3607 2520
3608 2521
3609 2521
3610 2521
3611 2521
3612 2523
3613 2525
3614 2525
3615 2524
3616 2522
3617 2521
3618 2521
3619 2521
3620 2520
3621 2525
3622 2520
3623 2520
3624 2520
3625 2520
3626 2520
3627 2521
3628 2511
3629 2522
3630 2519
3631 2521
3632 2522
3633 2521
3634 2521
3635 2511
3636 2522
3637 2522
3638 2522
3639 9999
3640 9999
3641 2521
3642 2519
3643 2523
3644 2511
3645 2520
3646 2524
3647 2523
3648 2522
3649 2522
3650 2522
3651 2520
3652 2521
3653 2521
3654 2521
3655 2520
3656 2523
3657 2522
3658 2523
3659 2521
3660 2519
3661 2521
3662 2520
3663 2520
3664 2520
3665 2521
3666 2520
3667 2520
3668 2520
3669 2520
3670 2519
3671 2519
3672 2520
3673 2520
3674 2519
3675 2519
3676 2524
3677 2520
3678 2520
3679 2519
3680 2519
3681 2523
3682 2519
3683 2519
3684 2519
3685 2520
3686 9999
3687 2520
3688 2521
3689 2519
3690 2524
3691 9999
3692 2518
3693 2519
3694 9999
3695 2522
3696 2520
3697 2518
3698 2520
3699 2518
3700 9999
3701 9999
3702 9999
3703 2518
3704 2522
3705 2518
3706 2518
3707 2519
3708 2519
3709 2518
3710 9999
3711 9999
3712 2518
3713 2518
3714 2518
3715 2514
3716 9999
3717 2518
3718 2519
3719 2517
3720 2518
3721 2518
3722 9999
3723 9999
3724 2518
3725 2518
3726 2523
3727 9999
3728 2524
3729 2520
3730 2518
3731 2518
3732 2521
3733 2518
3734 2518
3735 2519
3736 2517
3737 2524
3738 9999
3739 9999
3740 9999
3741 9999
3742 2519
3743 2519
3744 2518
3745 2519
3746 2520
3747 2519
3748 9999
3749 2519
3750 2519
3751 2520
3752 2522
3753 2518
3754 2518
3755 2518
3756 2519
3757 2519
3758 2518
3759 2519
3760 2520
3761 2520
3762 2519
3763 2521
3764 2519
3765 2511
3766 2511
3767 2511
3768 2511
3769 2511
3770 2519
3771 2519
3772 2522
3773 2517
3774 2516
3775 2517
3776 2518
3777 2523
3778 2522
3779 2518
3780 2517
3781 9999
3782 2518
3783 2517
3784 9999
3785 2517
3786 2517
3787 2516
3788 2517
3789 2516
3790 2517
3791 2516
3792 2517
3793 2517
3794 2516
3795 2516
3796 2516
3797 2513
3798 2515
3799 2516
3800 2516
3801 2516
3802 2515
3803 2517
3804 2516
3805 2516
3806 2516
3807 2515
3808 2516
3809 9999
3810 2514
3811 2519
3812 2516
3813 2519
3814 9999
3815 2515
3816 2514
3817 2515
3818 9999
3819 9999
3820 9999
3821 2516
3822 2516
3823 2519
3824 2515
3825 2517
3826 9999
3827 9999
3828 9999
3829 2516
3830 2517
3831 2516
3832 2516
3833 9999
3834 2516
3835 9999
3836 9999
3837 2515
3838 2515
3839 2515
3840 2516
3841 2515
3842 2517
3843 9999
3844 9999
3845 2515
3846 9999
3847 2512
3848 2515
3849 9999
3850 9999
3851 9999
3852 2514
3853 9999
3854 9999
3855 9999

