3375 2505
3376 2505
3377 2505
3378 2505
3379 2505
3380 2505
3381 2505
3382 2505
3383 2504
3384 2505
3385 2505
3386 2505
3387 2505
3388 2504
3389 2504
3390 2504
3391 2505
3392 2505
3393 2504
3394 2503
3395 2504
3396 2505
3397 2505
3398 2507
3399 2503
3400 2503
3401 2503
3402 2503
3403 2502
3404 2503
3405 2503
3406 2503
3407 2504
3408 2503
3409 2502
3410 2503
3411 2503
3412 2502
3413 2503
3414 2503
3415 2502
3416 2505
3417 2503
3418 2503
3419 2503
3420 2503
3421 2502
3422 2502
3423 2502
3424 2502
3425 2502
3426 2505
3427 2503
3428 2503
3429 2503
3430 2505
3431 2504
3432 2502
3433 2503
3434 2502
3435 2502
3436 2502
3437 2502
3438 2501
3439 2503
3440 2502
3441 2502
3442 2501
3443 2501
3444 2502
3445 2502
3446 2501
3447 2501
3448 2505
3449 2501
3450 2501
3451 2504
3452 2501
3453 2501
3454 2501
3455 2500
3456 2500
3457 2501
3458 2501
3459 2500
3460 2500
3461 2501
3462 2501
3463 2501
3464 2501
3465 2501
3466 2502
3467 2500
3468 2501
3469 2502
3470 2502
3471 2504
3472 2503
3473 2502
3474 2501
3475 2501
3476 2500
3477 2500
3478 2500
3479 2500
3480 2500
3481 2500
3482 2500
3483 2500
3484 2500
3485 2500
3486 2500
3487 2500
3488 2500
3489 2500
3490 2500
3491 2500
3492 2500
3493 2500
3494 2500
3495 2499
3496 2500
3497 2499
3498 2499
3499 2499
3500 2500
3501 2499
3502 2500
3503 2500
3504 2500
3505 2500
3506 2500
3507 2500
3508 2499
3509 2500
3510 2500
3511 2504
3512 2499
3513 2500
3514 2499
3515 2500
3516 2500
3517 2505
3518 2504
3519 2500
3520 2500
3521 2500
3522 2500
3523 2500
3524 2500
3525 2500
3526 2499
3527 2505
3528 2498
3529 2497
3530 2497
3531 2496
3532 2495
3533 2495
3534 2500
3535 2495
3536 2497
3537 2494
3538 2493
3539 2492
3540 2492
3541 2492
3542 2492
3543 2491
3544 2491
3545 2491
3546 2491
3547 2492
3548 2491
3549 2493
3550 2493
3551 2492
3552 2492
3553 2494
3554 2492
3555 2493
3556 2494
3557 2493
3558 2493
3559 2493
3560 2493
3561 2493
3562 2493
3563 2493
3564 2493
3565 2493
3566 2493
3567 2493
3568 2493
3569 2493
3570 2494
3571 2501
3572 2493
3573 2493
3574 2492
3575 2492
3576 2494
3577 2493
3578 2492
3579 2494
3580 2498
3581 2492
3582 2493
3583 2491
3584 2490
3585 2493
3586 2492
3587 2491
3588 2491
3589 2491
3590 2491
3591 2491
3592 2492
3593 2492
3594 2492
3595 2491
3596 2491
3597 2491
3598 2491
3599 2491
3600 2492
3601 2492
3602 2491
3603 2492
3604 2491
3605 2491
3606 2491
3607 2492
3608 2491
3609 2491
3610 2490
3611 2493
3612 2493
3613 2499
3614 2498
3615 2491
3616 2492
3617 2491
3618 2492
3619 2492
3620 2491
3621 2492
3622 2492
3623 2492
3624 2492
3625 2492
3626 2492
3627 2492
3628 2492
3629 2492
3630 2492
3631 2491
3632 2492
3633 2492
3634 2492
3635 2494
3636 2492
3637 2492
3638 2492
3639 2492
3640 2492
3641 2492
3642 2492
3643 2492
3644 2492
3645 2492
3646 2492
3647 2492
3648 2492
3649 2492
3650 2493
3651 2493
3652 2493
3653 2493
3654 2493
3655 2493
3656 2493
3657 2493
3658 2493
3659 2493
3660 2493
3661 2493
3662 2493
3663 2493
3664 2493
3665 2493
3666 2493
3667 2493
3668 2493
3669 2493
3670 2493
3671 2493
3672 2493
3673 2492
3674 2492
3675 2493
3676 2492
3677 2492
3678 2492
3679 2494
3680 2493
3681 2495
3682 2493
3683 2494
3684 2497
3685 2492
3686 2493
3687 2493
3688 2494
3689 2496
3690 2495
3691 2491
3692 2495
3693 2502
3694 2494
3695 2492
3696 2492
3697 2494
3698 2494
3699 2495
3700 2495
3701 2494
3702 2495
3703 2494
3704 2494
3705 2494
3706 2493
3707 2497
3708 2492
3709 2492
3710 2493
3711 2494
3712 2493
3713 2492
3714 2497
3715 2492
3716 2493
3717 2493
3718 2493
3719 2492
3720 2493
3721 2493
3722 2500
3723 2500
3724 2494
3725 2494
3726 2494
3727 2494
3728 2494
3729 2493
3730 2494
3731 2493
3732 2494
3733 2494
3734 2494
3735 2494
3736 2493
3737 2494
3738 2494
3739 2493
3740 2493
3741 2493
3742 2493
3743 2493
3744 2493
3745 2494
3746 2493
3747 2493
3748 2493
3749 2493
3750 2493
3751 2493
3752 2493
3753 2493
3754 2493
3755 2493
3756 2493
3757 2493
3758 2493
3759 2493
3760 2493
3761 2493
3762 2493
3763 2493
3764 2493
3765 2493
3766 2493
3767 2493
3768 2493
3769 2493
3770 2493
3771 2493
3772 2493
3773 2493
3774 2493
3775 2493
3776 2493
3777 2493
3778 2493
3779 2493
3780 2493
3781 2493
3782 2493
3783 2493
3784 2493
3785 2493
3786 2493
3787 2493
3788 2493
3789 2493
3790 2493
3791 2493
3792 2493
3793 2492
3794 2492
3795 2499
3796 2501
3797 2497
3798 2493
3799 2493
3800 2493
3801 2492
3802 2492
3803 2493
3804 2493
3805 2493
3806 2493
3807 2493
3808 2492
3809 2493
3810 2492
3811 2493
3812 2495
3813 2492
3814 2491
3815 2491
3816 2492

