2899 2498
2900 2494
2901 2495
2902 2495
2903 2496
2904 2497
2905 2495
2906 2494
2907 2500
2908 2494
2909 2493
2910 2493
2911 2494
2912 2494
2913 2494
2914 2494
2915 2493
2916 2494
2917 2494
2918 2495
2919 2495
2920 2495
2921 2495
2922 2495
2923 2505
2924 2496
2925 2494
2926 2493
2927 2495
2928 2495
2929 2496
2930 2500
2931 2496
2932 2496
2933 2498
2934 2497
2935 2497
2936 2496
2937 2507
2938 2496
2939 2497
2940 2496
2941 2497
2942 2497
2943 2497
2944 2497
2945 2497
2946 2498
2947 2498
2948 2498
2949 2497
2950 2498
2951 2498
2952 2498
2953 2498
2954 2498
2955 2498
2956 2498
2957 2498
2958 2499
2959 2505
2960 2501
2961 2499
2962 2499
2963 2499
2964 2498
2965 2498
2966 2498
2967 2498
2968 2498
2969 2499
2970 2503
2971 2499
2972 2498
2973 2498
2974 2499
2975 2505
2976 2499
2977 2499
2978 2499
2979 2502
2980 2503
2981 2507
2982 2507
2983 2499
2984 2500
2985 2500
2986 2500
2987 2500
2988 2505
2989 2500
2990 2499
2991 2500
2992 2500
2993 2500
2994 2500
2995 2500
2996 2500
2997 2500
2998 2500
2999 2499
3000 2500
3001 2500
3002 2499
3003 2499
3004 2507
3005 2507
3006 2500
3007 2500
3008 2500
3009 2499
3010 2500
3011 2500
3012 2500
3013 2500
3014 2499
3015 2500
3016 2500
3017 2500
3018 2500
3019 2500
3020 2500
3021 2499
3022 2500
3023 2501
3024 2501
3025 2505
3026 2502
3027 2505
3028 2499
3029 2499
3030 2499
3031 2509
3032 2500
3033 2499
3034 2500
3035 2500
3036 2500
3037 2501
3038 2499
3039 2499
3040 2500
3041 2499
3042 2504
3043 2499
3044 2500
3045 2500
3046 2500
3047 2500
3048 2499
3049 2501
3050 2499
3051 2500
3052 2499
3053 2501
3054 2502
3055 2504
3056 2500
3057 2500
3058 2500
3059 2500
3060 2499
3061 2500
3062 2500
3063 2500
3064 2500
3065 2502
3066 2504
3067 2500
3068 2500
3069 2504
3070 2505
3071 2509
3072 2509
3073 2506
3074 2500
3075 2499
3076 2500
3077 2500
3078 2500
3079 2500
3080 2500
3081 2500
3082 2500
3083 2500
3084 2500
3085 2500
3086 2505
3087 2500
3088 2500
3089 2501
3090 2500
3091 2500
3092 2500
3093 2500
3094 2501
3095 2500
3096 2507
3097 2506
3098 2505
3099 2500
3100 2503
3101 2499
3102 2498
3103 2504
3104 2502
3105 2500
3106 2500
3107 2501
3108 2501
3109 2503
3110 2504
3111 2498
3112 2503
3113 2503
3114 2497
3115 2497
3116 2503
3117 2496
3118 2497
3119 2498
3120 2497
3121 2498
3122 2497
3123 2502
3124 2506
3125 2506
3126 2494
3127 2495
3128 2494
3129 2498
3130 2493
3131 2493
3132 2493
3133 2501
3134 2492
3135 2502
3136 2493
3137 2492
3138 2492
3139 2492
3140 2492
3141 2492
3142 2491
3143 2493
3144 2492
3145 2487
3146 2487
3147 2492
3148 2488
3149 2489
3150 2493
3151 2492
3152 2487
3153 2483
3154 2485
3155 2488
3156 2484
3157 2485
3158 2494
3159 2493
3160 2487
3161 2493
3162 2492
3163 2491
3164 2493
3165 2494
3166 2494
3167 2495
3168 2480
3169 2488
3170 2491
3171 2489
3172 2490
3173 2485
3174 2485
3175 2490
3176 2490
3177 2495
3178 2494
3179 2502
3180 2502
3181 2491
3182 2496
3183 2496
3184 2498
3185 2494
3186 2500
3187 2500
3188 2498
3189 2497
3190 2497
3191 2497
3192 2507
3193 2505
3194 2510
3195 2507
3196 2511
3197 2510
3198 2504
3199 2506
3200 2511
3201 2510
3202 2510
3203 2508
3204 2502
3205 2503
3206 2503
3207 2503
3208 2514
3209 2511
3210 2503
3211 2503
3212 2504
3213 2510
3214 2504
3215 2504
3216 2505
3217 2508
3218 2507
3219 2510
3220 2510
3221 2509
3222 2505
3223 2505
3224 2505
3225 2506
3226 2504
3227 2505
3228 2505
3229 2513
3230 2511
3231 2505
3232 2511
3233 2504
3234 2505
3235 2506
3236 2509
3237 2509
3238 2507
3239 2510
3240 2506
3241 2508
3242 2507
3243 2508
3244 2508
3245 2506
3246 2511
3247 2509
3248 2507
3249 2510
3250 2508
3251 2506
3252 2508
3253 2506
3254 2509
3255 2504
3256 2504
3257 2506
3258 2506
3259 2506
3260 2507
3261 2511
3262 2510
3263 2509
3264 2507
3265 2508
3266 2509
3267 2508
3268 2509
3269 2509
3270 2511
3271 2511
3272 2508
3273 2509
3274 2510
3275 2508
3276 2512
3277 2508
3278 2509
3279 2508
3280 2511
3281 2518
3282 2518
3283 2514
3284 2512
3285 2512
3286 2517
3287 2504
3288 2507
3289 2505
3290 2506
3291 2505
3292 2507
3293 2507
3294 2506
3295 2505
3296 2518
3297 2517
3298 2504
3299 2503
3300 2513
3301 2518
3302 2513
3303 2507
3304 2503
3305 2501
3306 2504
3307 2507
3308 2500
3309 2500
3310 2500
3311 2501
3312 2506
3313 2499
3314 2505
3315 2504
3316 2506
3317 2508
3318 2505
3319 2510
3320 2510
3321 2512
3322 2514
3323 2512
3324 2512
3325 2504
3326 2516
3327 2506
3328 2509
3329 2516
3330 2515
3331 2507
3332 2506
3333 2509
3334 2513
3335 2506
3336 2513
3337 2504
3338 2502
3339 2502
3340 2505
3341 2504
3342 2505
3343 2513
3344 2505
3345 2505
3346 2504
3347 2513
3348 2504
3349 2504
3350 2505
3351 2501
3352 2506
3353 2508
3354 2508
3355 2506
3356 2499
3357 2505
3358 2509
3359 2508
3360 2509
3361 2509
3362 2509
3363 2510
3364 2510
3365 2509
3366 2508
3367 2507
3368 2511
3369 2512
3370 2509
3371 2512
3372 2508
3373 2508
3374 2509
3375 2507
3376 2507
3377 2507
3378 2508
3379 2509
3380 2508
3381 2509
3382 2506
3383 2505
3384 2504
3385 2505
3386 2504
3387 2505
3388 2505
3389 2505
3390 2508
3391 2506
3392 2506
3393 2504
3394 2506
3395 2505
3396 2510
3397 2506
3398 2505
3399 2510
3400 2505
3401 2506
3402 2506
3403 2505
3404 2506
3405 2505
3406 2505
3407 2505
3408 2505
3409 2505
3410 2505
3411 2505
3412 2505
3413 2505
3414 2505
3415 2505
3416 2505
3417 2505
3418 2505
3419 2506
3420 2506
3421 2506
3422 2508
3423 2506
3424 2505
3425 2506
3426 2507
3427 2506
3428 2507
3429 2506
3430 2506
3431 2506
3432 2506
3433 2505
3434 2516
3435 2507
3436 2506
3437 2506
3438 2504
3439 2505
3440 2504
3441 2507
3442 2507
3443 2506
3444 2506
3445 2506
3446 2507
3447 2509
3448 2510
3449 2512
3450 2513
3451 2516
3452 2516
3453 2507
3454 2517
3455 2518
3456 2506
3457 2499
3458 2518
3459 2506
3460 2499
3461 2498
3462 2500
3463 2512
3464 2505
3465 2506
3466 2504
3467 2504
3468 2505
3469 2505
3470 2507
3471 2511
3472 2496
3473 2496
3474 2507
3475 2502
3476 2510
3477 2505
3478 2511
3479 2511
3480 2505
3481 2505
3482 2504
3483 2503
3484 2506
3485 2504
3486 2503
3487 2503
3488 2503
3489 2502
3490 2504
3491 2503
3492 2504
3493 2503
3494 2506
3495 2502
3496 2506
3497 2504
3498 2503
3499 2503
3500 2503
3501 2502
3502 2498
3503 2500
3504 2499
3505 2501
3506 2500
3507 2501
3508 2501
3509 2494
3510 2494
3511 2500
3512 2499
3513 2501
3514 2501
3515 2494
3516 2500
3517 2499
3518 2498
3519 2499
3520 2499
3521 2499
3522 2497
3523 2502
3524 2501
3525 2505
3526 2502
3527 2498
3528 2503
3529 2501
3530 2502
3531 2503
3532 2503
3533 2503
3534 2504
3535 2503
3536 2501
3537 2508
3538 2493
3539 2499
3540 2500
3541 2488
3542 2490
3543 2505
3544 2492
3545 2493
3546 2493
3547 2493
3548 2494
3549 2495
3550 2493
3551 2493
3552 2492
3553 2493
3554 2493
3555 2493
3556 2495
3557 2493
3558 2493
3559 2494
3560 2500
3561 2499
3562 2494
3563 2493
3564 2494
3565 2494
3566 2494
3567 2494
3568 2494
3569 2494
3570 2494
3571 2493
3572 2494
3573 2494
3574 2494
3575 2494
3576 2494
3577 2494
3578 2494
3579 2498
3580 2494
3581 2494
3582 2494
3583 2494
3584 2495
3585 2495
3586 2494
3587 2494
3588 2495
3589 2494
3590 2494
3591 2495
3592 2494
3593 2495
3594 2495
3595 2494
3596 2495
3597 2494
3598 2495
3599 2495
3600 2495
3601 2495
3602 2495
3603 2495
3604 2495
3605 2495
3606 2495
3607 2495
3608 2495
3609 2495
3610 2495
3611 2495
3612 2496
3613 2496
3614 2496
3615 2496
3616 2495
3617 2495
3618 2494
3619 2500
3620 2495
3621 2496
3622 2496
3623 2495
3624 2495
3625 2496
3626 2496
3627 2496
3628 2495
3629 2495
3630 2495
3631 2496
3632 2496
3633 2496
3634 2495
3635 2496
3636 2495
3637 2495
3638 2495
3639 2495
3640 2495
3641 2495
3642 2496
3643 2496
3644 2496
3645 2496
3646 2496
3647 2495
3648 2496
3649 2495
3650 2495
3651 2496
3652 2495
3653 2496
3654 2495
3655 2496
3656 2496
3657 2496
3658 2496
3659 2495
3660 2496
3661 2496
3662 2496
3663 2496
3664 2496
3665 2496
3666 2496
3667 2496
3668 2495
3669 2495
3670 2496
3671 2496
3672 2495
3673 2495
3674 2496
3675 2496
3676 2495
3677 2495
3678 2495
3679 2495
3680 2495
3681 2496
3682 2496
3683 2496
3684 2495
3685 2495
3686 2495
3687 2495
3688 2495
3689 2495
3690 2495
3691 2495
3692 2495
3693 2494
3694 2494
3695 2494
3696 2494
3697 2494
3698 2494
3699 2494
3700 2494
3701 2494
3702 2494
3703 2494
3704 2494
3705 2494
3706 2494
3707 2493
3708 2494
3709 2494
3710 2494
3711 2494
3712 2494
3713 2494
3714 2493
3715 2493
3716 2493
3717 2493
3718 2492
3719 2493
3720 2493
3721 2496
3722 2493
3723 2493
3724 2493
3725 2493
3726 2492
3727 2492
3728 2492
3729 2493
3730 2491
3731 2496
3732 2492
3733 2494
3734 2493
3735 2493
3736 2494
3737 2492
3738 2493
3739 2492
3740 2493
3741 2493
3742 2493
3743 2493
3744 2493
3745 2493
3746 2493
3747 2493
3748 2493
3749 2493
3750 2493
3751 2493
3752 2493
3753 2493
3754 2493
3755 2493
3756 2493
3757 2493
3758 2493
3759 2493
3760 2493
3761 2494
3762 2493
3763 2493
3764 2493
3765 2493
3766 2493
3767 2493
3768 2494
3769 2494
3770 2493
3771 2493
3772 2493
3773 2493
3774 2493
3775 2494
3776 2493
3777 2493
3778 2493
3779 2493
3780 2493
3781 2494
3782 2493
3783 2493
3784 2493
3785 2493
3786 2493
3787 2493
3788 2493
3789 2493
3790 2493
3791 2494
3792 2493
3793 2493
3794 2493
3795 2493
3796 2493
3797 2493
3798 2493
3799 2493
3800 2493
3801 2494
3802 2494
3803 2494
3804 2495
3805 2494
3806 2494
3807 2494
3808 2494
3809 2494
3810 2494
3811 2494
3812 2494
3813 2494
3814 2495
3815 2494
3816 2494
3817 2494
3818 2494
3819 2494
3820 2494
3821 2494
3822 2493
3823 2494
3824 2493
3825 2494
3826 2493
3827 2493
3828 2494
3829 2494
3830 2494
3831 2494
3832 2494
3833 2494
3834 2494
3835 2495
3836 2495
3837 2495
3838 2495
3839 2495
3840 2495
3841 2495
3842 2495
3843 2495
3844 2494
3845 2494
3846 2494
3847 2494
3848 2494
3849 2494
3850 2494
3851 2494
3852 2494
3853 2494
3854 2494
3855 2494
3856 2494
3857 2494
3858 2494
3859 2494
3860 2495
3861 2494
3862 2494
3863 2494
3864 2494
3865 2494
3866 2494
3867 2494

3744 2525
3745 2517
3746 2519
3747 2513
3748 2518
3749 2519
3750 2519
3751 2518
3752 2518
3753 2521
3754 2513
3755 2513
3756 2516
3757 2517
3758 2518
3759 2519
3760 2518
3761 2518
3762 2516
3763 2520
3764 2518
3765 2518
3766 2518
3767 2511
3768 2519
3769 2521
3770 2517
3771 2516
3772 2518
3773 2517
3774 2518
3775 2517
3776 2520
3777 2517
3778 2511
3779 2517
3780 2518
3781 2519
3782 2518
3783 2518
3784 2521
3785 2517
3786 2518
3787 2518
3788 2517
3789 2517
3790 2517
3791 2518
3792 2517
3793 2517
3794 2517
3795 2517
3796 2518
3797 2518
3798 2516
3799 2516
3800 2517
3801 2512
3802 2511
3803 2518
3804 2517
3805 2517
3806 2517
3807 2517
3808 2516
3809 2516
3810 2518
3811 2517
3812 2516
3813 2517
3814 2517
3815 2519
3816 2518
3817 2517
3818 2517
3819 2518
3820 2517
3821 2517
3822 2517
3823 2516
3824 2518
3825 2517
3826 2510
3827 2516
3828 2515
3829 2516
3830 2516
3831 2516
3832 2524
3833 2524
3834 2514
3835 2517
3836 2516
3837 2510
3838 2518
3839 2517
3840 2514
3841 2519
3842 2518
3843 2518
3844 2517
3845 2517
3846 2517
3847 2517
3848 2517
3849 2518
3850 2517
3851 2517
3852 2517
3853 2516
3854 2516
3855 2517
3856 2518
3857 2517
3858 2516
3859 2516
3860 2516
3861 2517
3862 2515
3863 2517

