3016 2498
3017 2500
3018 2499
3019 2499
3020 2498
3021 2499
3022 2498
3023 2501
3024 2497
3025 2499
3026 2498
3027 2499
3028 2496
3029 2497
3030 2501
3031 2494
3032 2496
3033 2494
3034 2494
3035 2495
3036 2495
3037 2495
3038 2497
3039 2494
3040 2498
3041 2496
3042 2495
3043 2492
3044 2492
3045 2493
3046 2493
3047 2493
3048 2495
3049 2497
3050 2493
3051 2492
3052 2494
3053 2492
3054 2493
3055 2493
3056 2494
3057 2494
3058 2493
3059 2493
3060 2493
3061 2494
3062 2495
3063 2497
3064 2499
3065 2498
3066 2496
3067 2497
3068 2497
3069 2495
3070 2495
3071 2496
3072 2496
3073 2495
3074 2494
3075 2493
3076 2493
3077 2494
3078 2494
3079 2494
3080 2494
3081 2495
3082 2493
3083 2492
3084 2497
3085 2498
3086 2499
3087 2500
3088 2500
3089 2499
3090 2499
3091 2499
3092 2499
3093 2500
3094 2499
3095 2499
3096 2499
3097 2502
3098 2502
3099 2504
3100 2499
3101 2502
3102 2501
3103 2501
3104 2501
3105 2501
3106 2501
3107 2501
3108 2501
3109 2501
3110 2501
3111 2504
3112 2500
3113 2507
3114 2507
3115 2499
3116 2506
3117 2499
3118 2503
3119 2507
3120 2501
3121 2502
3122 2502
3123 2502
3124 2503
3125 2504
3126 2504
3127 2505
3128 2503
3129 2503
3130 2501
3131 2504
3132 2505
3133 2514
3134 2509
3135 2508
3136 2508
3137 2495
3138 2495
3139 2500
3140 2498
3141 2512
3142 2512
3143 2514
3144 2513
3145 2514
3146 2501
3147 2513
3148 2501
3149 2498
3150 2505
3151 2498
3152 2498
3153 2499
3154 2501
3155 2500
3156 2500
3157 2500
3158 2499
3159 2498
3160 2497
3161 2498
3162 2498
3163 2498
3164 2498
3165 2498
3166 2498
3167 2499
3168 2498
3169 2498
3170 2499
3171 2499
3172 2500
3173 2500
3174 2501
3175 2499
3176 2505
3177 2498
3178 2501
3179 2504
3180 2499
3181 2500
3182 2501
3183 2502
3184 2501
3185 2504
3186 2499
3187 2499
3188 2499
3189 2499
3190 2499
3191 2499
3192 2498
3193 2502
3194 2499
3195 2500
3196 2510
3197 2500
3198 2501
3199 2501
3200 2500
3201 2499
3202 2500
3203 2500
3204 2499
3205 2501
3206 2501
3207 2503
3208 2502
3209 2504
3210 2499
3211 2499
3212 2499
3213 2499
3214 2499
3215 2499
3216 2503
3217 2499
3218 2503
3219 2499
3220 2499
3221 2498
3222 2499
3223 2498
3224 2498
3225 2498
3226 2498
3227 2499
3228 2499
3229 2503
3230 2503
3231 2498
3232 2498
3233 2501
3234 2502
3235 2502
3236 2498
3237 2498
3238 2498
3239 2500
3240 2498
3241 2498
3242 2498
3243 2500
3244 2498
3245 2498
3246 2502
3247 2499
3248 2498
3249 2497
3250 2498
3251 2498
3252 2499
3253 2501
3254 2502
3255 2500
3256 2500
3257 2499
3258 2499
3259 2498
3260 2497
3261 2499
3262 2499
3263 2499
3264 2499
3265 2499
3266 2503
3267 2498
3268 2498
3269 2498
3270 2502
3271 2500
3272 2498
3273 2499
3274 2498
3275 2500
3276 2499
3277 2501
3278 2501
3279 2499
3280 2498
3281 2498
3282 2502
3283 2502
3284 2499
3285 2499
3286 2498
3287 2498
3288 2498
3289 2499
3290 2499
3291 2498
3292 2501
3293 2500
3294 2498
3295 2500
3296 2499
3297 2498
3298 2501
3299 2498
3300 2502
3301 2501
3302 2498
3303 2501
3304 2499
3305 2499
3306 2499
3307 2499
3308 2498
3309 2499
3310 2500
3311 2500
3312 2500
3313 2500
3314 2500
3315 2501
3316 2500
3317 2499
3318 2499
3319 2499
3320 2499
3321 2500
3322 2499
3323 2499
3324 2504
3325 2504
3326 2498
3327 2500
3328 2499
3329 2499
3330 2498
3331 2498
3332 2501
3333 2508
3334 2503
3335 2499
3336 2499
3337 2499
3338 2498
3339 2498
3340 2498
3341 2498
3342 2498
3343 2501
3344 2498
3345 2501
3346 2505
3347 2506
3348 2500
3349 2505
3350 2500
3351 2500
3352 2499
3353 2499
3354 2498
3355 2498
3356 2500
3357 2500
3358 2499
3359 2499
3360 2498
3361 2498
3362 2498
3363 2498
3364 2498
3365 2498
3366 2501
3367 2501
3368 2500
3369 2499
3370 2498
3371 2499
3372 2499
3373 2499
3374 2498
3375 2499
3376 2498
3377 2498
3378 2498
3379 2498
3380 2498
3381 2497
3382 2498
3383 2499
3384 2499
3385 2498
3386 2499
3387 2499
3388 2499
3389 2499
3390 2499
3391 2499
3392 2499
3393 2499
3394 2499
3395 2504
3396 2499
3397 2499
3398 2498
3399 2499
3400 2499
3401 2499
3402 2499
3403 2499
3404 2499
3405 2499
3406 2499
3407 2500
3408 2500
3409 2500
3410 2499
3411 2499
3412 2500
3413 2500
3414 2500
3415 2499
3416 2500
3417 2499
3418 2500
3419 2502
3420 2500
3421 2501
3422 2501
3423 2504
3424 2501
3425 2501
3426 2500
3427 2503
3428 2500
3429 2500
3430 2501
3431 2501
3432 2501
3433 2501
3434 2501
3435 2505
3436 2500
3437 2500
3438 2500
3439 2501
3440 2501
3441 2501
3442 2501
3443 2502
3444 2501
3445 2500
3446 2500
3447 2502
3448 2501
3449 2502
3450 2501
3451 2503
3452 2503
3453 2502
3454 2502
3455 2502
3456 2502
3457 2502
3458 2502
3459 2502
3460 2502
3461 2503
3462 2500
3463 2502
3464 2501
3465 2509
3466 2501
3467 2503
3468 2501
3469 2501
3470 2501
3471 2500
3472 2501
3473 2501
3474 2501
3475 2502
3476 2501
3477 2505
3478 2501
3479 2503
3480 2503
3481 2506
3482 2505
3483 2512
3484 2512
3485 2505
3486 2507
3487 2505
3488 2508
3489 2508
3490 2509
3491 2509
3492 2506
3493 2505
3494 2505
3495 2509
3496 2502
3497 2503
3498 2504
3499 2504
3500 2509
3501 2510
3502 2499
3503 2504
3504 2505
3505 2507
3506 2505
3507 2506
3508 2506
3509 2505
3510 2504
3511 2501
3512 2501
3513 2501
3514 2501
3515 2501
3516 2501
3517 2501
3518 2501
3519 2501
3520 2501
3521 2501
3522 2501
3523 2501
3524 2500
3525 2501
3526 2501
3527 2501
3528 2501
3529 2501
3530 2501
3531 2501
3532 2501
3533 2501
3534 2501
3535 2501
3536 2501
3537 2502
3538 2501
3539 2501
3540 2500
3541 2501
3542 2500
3543 2499
3544 2499
3545 2500
3546 2499
3547 2500
3548 2499
3549 2499
3550 2499
3551 2499
3552 2499
3553 2499
3554 2500
3555 2500
3556 2500
3557 2500
3558 2500
3559 2500
3560 2500
3561 2500
3562 2500
3563 2500
3564 2500
3565 2500
3566 2500
3567 2500
3568 2500
3569 2500
3570 2500
3571 2500
3572 2500
3573 2499
3574 2500
3575 2499
3576 2499
3577 2499
3578 2499
3579 2499
3580 2499
3581 2499
3582 2499
3583 2499
3584 2499
3585 2499
3586 2499
3587 2499
3588 2499
3589 2499
3590 2499
3591 2499
3592 2499
3593 2499
3594 2498
3595 2498
3596 2498
3597 2498
3598 2498
3599 2498
3600 2498
3601 2498
3602 2497
3603 2497
3604 2497
3605 2498
3606 2498
3607 2497
3608 2497
3609 2497
3610 2498
3611 2497
3612 2497
3613 2498
3614 2497
3615 2498
3616 2498
3617 2498
3618 2498
3619 2498
3620 2497
3621 2497
3622 2496
3623 2496
3624 2496
3625 2496
3626 2496
3627 2496
3628 2496
3629 2496
3630 2496
3631 2496
3632 2496
3633 2496
3634 2496
3635 2496
3636 2496
3637 2495
3638 2496
3639 2495
3640 2495
3641 2495
3642 2495
3643 2495
3644 2495
3645 2495
3646 2495
3647 2495
3648 2495
3649 2495
3650 2495
3651 2495
3652 2495
3653 2495
3654 2495
3655 2495
3656 2495
3657 2495
3658 2495
3659 2495
3660 2494
3661 2494
3662 2494
3663 2494
3664 2494
3665 2494
3666 2494
3667 2494
3668 2494
3669 2494
3670 2494
3671 2494
3672 2494
3673 2494
3674 2494
3675 2494
3676 2494
3677 2494
3678 2494
3679 2494
3680 2494
3681 2494
3682 2494
3683 2494
3684 2494
3685 2494
3686 2494
3687 2494
3688 2494
3689 2494
3690 2494
3691 2494
3692 2494
3693 2494
3694 2494
3695 2494
3696 2494
3697 2494
3698 2494
3699 2494
3700 2494
3701 2494
3702 2494
3703 2494
3704 2494
3705 2494
3706 2494
3707 2495
3708 2494
3709 2494
3710 2494
3711 2494
3712 2494
3713 2493
3714 2493
3715 2493
3716 2493
3717 2494
3718 2494
3719 2493
3720 2493
3721 2493
3722 2493
3723 2493
3724 2493
3725 2493
3726 2493
3727 2493
3728 2493
3729 2493
3730 2493
3731 2493
3732 2493
3733 2493
3734 2493
3735 2493
3736 2493
3737 2493
3738 2493
3739 2493
3740 2493
3741 2493
3742 2493
3743 2493
3744 2493
3745 2493
3746 2493
3747 2493
3748 2493
3749 2493
3750 2493
3751 2493
3752 2493
3753 2493
3754 2493
3755 2493
3756 2493
3757 2493
3758 2493
3759 2493
3760 2493
3761 2493
3762 2493
3763 2493
3764 2493
3765 2493
3766 2493
3767 2493
3768 2493
3769 2493
3770 2493
3771 2493
3772 2492
3773 2493
3774 2493
3775 2493
3776 2493
3777 2493
3778 2493
3779 2493
3780 2493
3781 2493
3782 2493
3783 2493
3784 2493
3785 2493
3786 2492
3787 2492
3788 2493
3789 2493
3790 2493
3791 2492
3792 2492
3793 2492
3794 2492
3795 2493
3796 2493
3797 2493
3798 2493
3799 2493
3800 2493
3801 2493
3802 2493
3803 2493
3804 2493
3805 2492
3806 2493
3807 2493
3808 2493
3809 2493
3810 2493
3811 2493
3812 2493
3813 2493
3814 2493
3815 2493
3816 2493
3817 2493
3818 2493
3819 2493
3820 2493
3821 2493
3822 2493
3823 2493
3824 2493
3825 2493
3826 2493
3827 2493
3828 2493
3829 2493
3830 2493
3831 2493
3832 2493
3833 2493
3834 2493
3835 2492
3836 2493
3837 2493
3838 2492
3839 2492
3840 2492
3841 2492
3842 2493
3843 2493
3844 2493
3845 2493
3846 2493
3847 2493
3848 2493
3849 2493
3850 2493
3851 2493
3852 2493
3853 2493
3854 2493
3855 2493
3856 2493
3857 2493
3858 2493

3512 2522
3513 2523
3514 2524
3515 2526
3516 2526
3517 2521
3518 2526
3519 2525
3520 2523
3521 2523
3522 2524
3523 2523
3524 2525
3525 2523
3526 2520
3527 2524
3528 2524
3529 2517
3530 2517
3531 2527
3532 2524
3533 2525
3534 2524
3535 2524
3536 2525
3537 2523
3538 2523
3539 2524
3540 2527
3541 2524
3542 2523
3543 2528
3544 2518
3545 2525
3546 2525
3547 2518
3548 2530
3549 2528
3550 2523
3551 2522
3552 2527
3553 2518
3554 2522
3555 2522
3556 2524
3557 2525
3558 2524
3559 2524
3560 2524
3561 2523
3562 2530
3563 2531
3564 2531
3565 2523
3566 2527
3567 2523
3568 2523
3569 2523
3570 2523
3571 2524
3572 2524
3573 2525

