2033 2516
2034 2516
2035 2515
2036 2515
2037 2515
2038 2515
2039 2525
2040 2516
2041 2513
2042 2513
2043 2525
2044 2513
2045 2513
2046 2514
2047 2514
2048 2515
2049 2513
2050 2516
2051 2513
2052 2513
2053 2513
2054 2514
2055 2515
2056 2517
2057 2514
2058 2526
2059 2514
2060 2526
2061 2515
2062 2513
2063 2513
2064 2513
2065 2525
2066 2514
2067 2515
2068 2523
2069 2516
2070 2515
2071 2515
2072 2516
2073 2518
2074 2518
2075 2515
2076 2515
2077 2523
2078 2514
2079 2515
2080 2515
2081 2526
2082 2527
2083 2524
2084 2514
2085 2517
2086 2515
2087 2526
2088 2515
2089 2515
2090 2526
2091 2525
2092 2515
2093 2527
2094 2515
2095 2514
2096 2514
2097 2514
2098 2527
2099 2517
2100 2516
2101 2515
2102 2515
2103 2527
2104 2516
2105 2516
2106 2515
2107 2516
2108 2519
2109 2519
2110 2519
2111 2515
2112 2515
2113 2515
2114 2515
2115 2515
2116 2514
2117 2514
2118 2515
2119 2515
2120 2515
2121 2515
2122 2515
2123 2516
2124 2516
2125 2516
2126 2515
2127 2518
2128 2515
2129 2514
2130 2514
2131 2514
2132 2514
2133 2515
2134 2515
2135 2516
2136 2515
2137 2516
2138 2515
2139 2527
2140 2516
2141 2516
2142 2516
2143 2517
2144 2517
2145 2526
2146 2516
2147 2516
2148 2516
2149 2516
2150 2516
2151 2518
2152 2517
2153 2525
2154 2526
2155 2517
2156 2517
2157 2518
2158 2518
2159 2518
2160 2517
2161 2519
2162 2518
2163 2522
2164 2518
2165 2518
2166 2523
2167 2523
2168 2518
2169 2524
2170 2524
2171 2518
2172 2518
2173 2517
2174 2527
2175 2518
2176 2518
2177 2518
2178 2518
2179 2518
2180 2517
2181 2518
2182 2518
2183 2518
2184 2518
2185 2518
2186 2518
2187 2517
2188 2518
2189 2518
2190 2517
2191 2518
2192 2517
2193 2517
2194 2525
2195 2519
2196 2518
2197 2517
2198 2518
2199 2518
2200 2528
2201 2519
2202 2518
2203 2518
2204 2518
2205 2518
2206 2518
2207 2518
2208 2519
2209 2518
2210 2518
2211 2518
2212 2518
2213 2517
2214 2518
2215 2523
2216 2518
2217 2519
2218 2519
2219 2518
2220 2519
2221 2517
2222 2518
2223 2517
2224 2518
2225 2518
2226 2518
2227 2523
2228 2518
2229 2519
2230 2527
2231 2519
2232 2519
2233 2519
2234 2518
2235 2519
2236 2525
2237 2520
2238 2519
2239 2521
2240 2519
2241 2520
2242 2519
2243 2519
2244 2519
2245 2519
2246 2518
2247 2519
2248 2519
2249 2519
2250 2519
2251 2519
2252 2523
2253 2519
2254 2519
2255 2520
2256 2520
2257 2520
2258 2519
2259 2519
2260 2520
2261 2519
2262 2519
2263 2518
2264 2519
2265 2519
2266 2519
2267 2518
2268 2519
2269 2519
2270 2518
2271 2518
2272 2518
2273 2518
2274 2518
2275 2519
2276 2519
2277 2519
2278 2519
2279 2519
2280 2520
2281 2521
2282 2517
2283 2519
2284 2519
2285 2518
2286 2518
2287 2517
2288 2522
2289 2520
2290 2519
2291 2520
2292 2520
2293 2520
2294 2520
2295 2520
2296 2520
2297 2520
2298 2520
2299 2521
2300 2520
2301 2520
2302 2528
2303 2522
2304 2521
2305 2521
2306 2520
2307 2522
2308 2521
2309 2520
2310 2519
2311 2529
2312 2522
2313 2517
2314 2518
2315 2518
2316 2519
2317 2530
2318 2520
2319 2520
2320 2523
2321 2523
2322 2518
2323 2531
2324 2522
2325 2518
2326 2527
2327 2519
2328 2520
2329 2520
2330 2520
2331 2520
2332 2520
2333 2520
2334 2520
2335 2520
2336 2520
2337 2520
2338 2520
2339 2520
2340 2519
2341 2519
2342 2520
2343 2520
2344 2520
2345 2520
2346 2519
2347 2519
2348 2519
2349 2520
2350 2519
2351 2520
2352 2520
2353 2520
2354 2519
2355 2519
2356 2519
2357 2519
2358 2520
2359 2520
2360 2519
2361 2520
2362 2519
2363 2520
2364 2519
2365 2519
2366 2519
2367 2519
2368 2519
2369 2519
2370 2520
2371 2520
2372 2519
2373 2519
2374 2518
2375 2519
2376 2519
2377 2519
2378 2519
2379 2519
2380 2519
2381 2523
2382 2524
2383 2519
2384 2519
2385 2518
2386 2522
2387 2519
2388 2524
2389 2524
2390 2524
2391 2518
2392 2519
2393 2519
2394 2521
2395 2518
2396 2526
2397 2527
2398 2519
2399 2519
2400 2520
2401 2520
2402 2519
2403 2520
2404 2520
2405 2519
2406 2519
2407 2535
2408 2519
2409 2518
2410 2518
2411 2534
2412 2518
2413 2518
2414 2518
2415 2518
2416 2519
2417 2518
2418 2519
2419 2520
2420 2519
2421 2520
2422 2519
2423 2519
2424 2521
2425 2520
2426 2521
2427 2520
2428 2520
2429 2520
2430 2520
2431 2521
2432 2524
2433 2521
2434 2522
2435 2521
2436 2521
2437 2520
2438 2520
2439 2520
2440 2519
2441 2519
2442 2519
2443 2519
2444 2519
2445 2519
2446 2519
2447 2519
2448 2523
2449 2520
2450 2520
2451 2519
2452 2519
2453 2519
2454 2519
2455 2519
2456 2519
2457 2520
2458 2521
2459 2521
2460 2521
2461 2520
2462 2520
2463 2520
2464 2519
2465 2521
2466 2520
2467 2520
2468 2520
2469 2520
2470 2520
2471 2521
2472 2522
2473 2522
2474 2521
2475 2521
2476 2521
2477 2521
2478 2526
2479 2520
2480 2521
2481 2521
2482 2521
2483 2521
2484 2521
2485 2521
2486 2520
2487 2521
2488 2521
2489 2521
2490 2521
2491 2522
2492 2522
2493 2522
2494 2524
2495 2521
2496 2522
2497 2523
2498 2525
2499 2526
2500 2525
2501 2522
2502 2521
2503 2523
2504 2525
2505 2522
2506 2527
2507 2528
2508 2521
2509 2521
2510 2521
2511 2521
2512 2522
2513 2521
2514 2522
2515 2524
2516 2521
2517 2525
2518 2526
2519 2526
2520 2525
2521 2526
2522 2521
2523 2521
2524 2520
2525 2522
2526 2528
2527 2520
2528 2523
2529 2527
2530 2526
2531 2522
2532 2522
2533 2523
2534 2525
2535 2525
2536 2521
2537 2522
2538 2521
2539 2521
2540 2520
2541 2522
2542 2525
2543 2521
2544 2529
2545 2522
2546 2522
2547 2522
2548 2522
2549 2521
2550 2520
2551 2520
2552 2519
2553 2519
2554 2519
2555 2518
2556 2517
2557 2515
2558 2523
2559 2523
2560 2518
2561 2518
2562 2518
2563 2518
2564 2518
2565 2521
2566 2522
2567 2523
2568 2523
2569 2518
2570 2522
2571 2520
2572 2516
2573 2516
2574 2516
2575 2516
2576 2516
2577 2518
2578 2517
2579 2516
2580 2516
2581 2518
2582 2519
2583 2518
2584 2517
2585 2519
2586 2518
2587 2518
2588 2519
2589 2519
2590 2520
2591 2520
2592 2521
2593 2520
2594 2520
2595 2520
2596 2519
2597 2519
2598 2520
2599 2520
2600 2525
2601 2524
2602 2518
2603 2518
2604 2525
2605 2519
2606 2519
2607 2519
2608 2522
2609 2522
2610 2522
2611 2521
2612 2522
2613 2522
2614 2520
2615 2523
2616 2518
2617 2518
2618 2524
2619 2518
2620 2522
2621 2518
2622 2517
2623 2518
2624 2517
2625 2518
2626 2519
2627 2519
2628 2519
2629 2518
2630 2518
2631 2518
2632 2519
2633 2518
2634 2518
2635 2517
2636 2516
2637 2521
2638 2516
2639 2515
2640 2526
2641 2518
2642 2524
2643 2521
2644 2518
2645 2518
2646 2519
2647 2522
2648 2516
2649 2520
2650 2520
2651 2517
2652 2518
2653 2517
2654 2516
2655 2516
2656 2516
2657 2515
2658 2517
2659 2517
2660 2516
2661 2515
2662 2515
2663 2516
2664 2515
2665 2515
2666 2515
2667 2516
2668 2515
2669 2515
2670 2515
2671 2516
2672 2516
2673 2515
2674 2515
2675 2516
2676 2515
2677 2516
2678 2516
2679 2517
2680 2516
2681 2515
2682 2516
2683 2516
2684 2517
2685 2517
2686 2517
2687 2517
2688 2517
2689 2516
2690 2517
2691 2519
2692 2517
2693 2515
2694 2517
2695 2517
2696 2516
2697 2520
2698 2516
2699 2516
2700 2517
2701 2516
2702 2516
2703 2516
2704 2516
2705 2516
2706 2522
2707 2518
2708 2520
2709 2517
2710 2521
2711 2517
2712 2517
2713 2516
2714 2515
2715 2514
2716 2516
2717 2516
2718 2516
2719 2515
2720 2516
2721 2514
2722 2519
2723 2517
2724 2516
2725 2516
2726 2515
2727 2516
2728 2515
2729 2515
2730 2515
2731 2515
2732 2515
2733 2514
2734 2515
2735 2515
2736 2515
2737 2515
2738 2515
2739 2515
2740 2515
2741 2515
2742 2514
2743 2515
2744 2515
2745 2515
2746 2515
2747 2515
2748 2515
2749 2514
2750 2514
2751 2513
2752 2514
2753 2513
2754 2513
2755 2513
2756 2516
2757 2520
2758 2515
2759 2514
2760 2514
2761 2516
2762 2515
2763 2515
2764 2516
2765 2513
2766 2514
2767 2514
2768 2515
2769 2515
2770 2515
2771 2516
2772 2516
2773 2518
2774 2515
2775 2515
2776 2516
2777 2515
2778 2516
2779 2516
2780 2515
2781 2517
2782 2518
2783 2518
2784 2514
2785 2515
2786 2515
2787 2515
2788 2515
2789 2515
2790 2515
2791 2518
2792 2517
2793 2519
2794 2517
2795 2523
2796 2514
2797 2518
2798 2514
2799 2514
2800 2514
2801 2514
2802 2515
2803 2514
2804 2511
2805 2514
2806 2513
2807 2513
2808 2514
2809 2513
2810 2513
2811 2515
2812 2518
2813 2519
2814 2514
2815 2515
2816 2515
2817 2514
2818 2514
2819 2514
2820 2514
2821 2514
2822 2513
2823 2519
2824 2513
2825 2514
2826 2514
2827 2513
2828 2514
2829 2514
2830 2513
2831 2513
2832 2513
2833 2513
2834 2516
2835 2515
2836 2514
2837 2512
2838 2515
2839 2511
2840 2512
2841 2516
2842 2513
2843 2513
2844 2513
2845 2514
2846 2514
2847 2514
2848 2514
2849 2513
2850 2512
2851 2513
2852 2513
2853 2513
2854 2513
2855 2517
2856 2512
2857 2511
2858 2510
2859 2510
2860 2510
2861 2510
2862 2510
2863 2510
2864 2510
2865 2510
2866 2510
2867 2510
2868 2510
2869 2509
2870 2509
2871 2510
2872 2511
2873 2516
2874 2511
2875 2510
2876 2511
2877 2512
2878 2512
2879 2512
2880 2512
2881 2513
2882 2511
2883 2513
2884 2516
2885 2513
2886 2513
2887 2512
2888 2512
2889 2513
2890 2515
2891 2512
2892 2515
2893 2512
2894 2510
2895 2514
2896 2518
2897 2513
2898 2509
2899 2511
2900 2510
2901 2510
2902 2514
2903 2513
2904 2513
2905 2510
2906 2510
2907 2513
2908 2511
2909 2517
2910 2519
2911 2516
2912 2509
2913 2510
2914 2510
2915 2511
2916 2514
2917 2509
2918 2512
2919 2510
2920 2510
2921 2510
2922 2513
2923 2511
2924 2511
2925 2510
2926 2510
2927 2510
2928 2509
2929 2519
2930 2513
2931 2510
2932 2510
2933 2510
2934 2509
2935 2514
2936 2509
2937 2509
2938 2509
2939 2508
2940 2514
2941 2510
2942 2512
2943 2512
2944 2512
2945 2510
2946 2509
2947 2509
2948 2509
2949 2509
2950 2508
2951 2512
2952 2511
2953 2513
2954 2510
2955 2510
2956 2510
2957 2509
2958 2511
2959 2511
2960 2510
2961 2511
2962 2509
2963 2508
2964 2506
2965 2507
2966 2507
2967 2507
2968 2507
2969 2507
2970 2507
2971 2510
2972 2510
2973 2511
2974 2510
2975 2507
2976 2512
2977 2511
2978 2507
2979 2507
2980 2508
2981 2508
2982 2509
2983 2508
2984 2506
2985 2506
2986 2507
2987 2506
2988 2509
2989 2507
2990 2507
2991 2504
2992 2509
2993 2510
2994 2514
2995 2512
2996 2513
2997 2514
2998 2515
2999 2519
3000 2517
3001 2515
3002 2514
3003 2515
3004 2513
3005 2513
3006 2512
3007 2512
3008 2509
3009 2509
3010 2511
3011 2510
3012 2511
3013 2508
3014 2511
3015 2510
3016 2510
3017 2508
3018 2509
3019 2509
3020 2512
3021 2510
3022 2508
3023 2510
3024 2512
3025 2514
3026 2507
3027 2509
3028 2500
3029 2503
3030 2501
3031 2515
3032 2501
3033 2501
3034 2500
3035 2510
3036 2510
3037 2509
3038 2509
3039 2511
3040 2510
3041 2508
3042 2508
3043 2506
3044 2507
3045 2506
3046 2507
3047 2520
3048 2506
3049 2506
3050 2507
3051 2506
3052 2510
3053 2510
3054 2508
3055 2507
3056 2507
3057 2509
3058 2508
3059 2505
3060 2508
3061 2506
3062 2508
3063 2507
3064 2508
3065 2505
3066 2509
3067 2508
3068 2509
3069 2510
3070 2508
3071 2508
3072 2508
3073 2517
3074 2516
3075 2515
3076 2512
3077 2511
3078 2511
3079 2507
3080 2511
3081 2506
3082 2513
3083 2507
3084 2507
3085 2507
3086 2507
3087 2508
3088 2509
3089 2507
3090 2507
3091 2507
3092 2507
3093 2507
3094 2508
3095 2509
3096 2509
3097 2510
3098 2509
3099 2514
3100 2508
3101 2509
3102 2508
3103 2508
3104 2508
3105 2508
3106 2508
3107 2507
3108 2507
3109 2507
3110 2508
3111 2509
3112 2508
3113 2508
3114 2507
3115 2512
3116 2507
3117 2506
3118 2507
3119 2506
3120 2505
3121 2506
3122 2505
3123 2505
3124 2505
3125 2505
3126 2510
3127 2505
3128 2512
3129 2505
3130 2505
3131 2505
3132 2505
3133 2504
3134 2505
3135 2510
3136 2506
3137 2505
3138 2504
3139 2504
3140 2504
3141 2505
3142 2505
3143 2506
3144 2507
3145 2510
3146 2511
3147 2506
3148 2506
3149 2506
3150 2507
3151 2508
3152 2507
3153 2507
3154 2507
3155 2507
3156 2506
3157 2508
3158 2510
3159 2509
3160 2506
3161 2506
3162 2505
3163 2506
3164 2505
3165 2510
3166 2506
3167 2506
3168 2507
3169 2508
3170 2514
3171 2511
3172 2513
3173 2507
3174 2506
3175 2516
3176 2508
3177 2505
3178 2505
3179 2507
3180 2505
3181 2505
3182 2508
3183 2504
3184 2504
3185 2505
3186 2505
3187 2506
3188 2505
3189 2505
3190 2505
3191 2505
3192 2505
3193 2510
3194 2508
3195 2510
3196 2506
3197 2506
3198 2505
3199 2505
3200 2505
3201 2505
3202 2510
3203 2506
3204 2507
3205 2506
3206 2506
3207 2506
3208 2505
3209 2506
3210 2506
3211 2506
3212 2505
3213 2505
3214 2506
3215 2510
3216 2505
3217 2505
3218 2506
3219 2508
3220 2508
3221 2505
3222 2505
3223 2507
3224 2505
3225 2505
3226 2509
3227 2505
3228 2505
3229 2505
3230 2505
3231 2505
3232 2505
3233 2505
3234 2505
3235 2504
3236 2504
3237 2508
3238 2507
3239 2510
3240 2505
3241 2505
3242 2505
3243 2505
3244 2505
3245 2505
3246 2505
3247 2505
3248 2506
3249 2506
3250 2505
3251 2506
3252 2507
3253 2508
3254 2505
3255 2505
3256 2505
3257 2508
3258 2511
3259 2507
3260 2506
3261 2507
3262 2507
3263 2507
3264 2505
3265 2506
3266 2505
3267 2506
3268 2505
3269 2506
3270 2505
3271 2505
3272 2506
3273 2505
3274 2505
3275 2505
3276 2505
3277 2505
3278 2507
3279 2506
3280 2506
3281 2506
3282 2505
3283 2506
3284 2505
3285 2505
3286 2505
3287 2510
3288 2505
3289 2506
3290 2504
3291 2506
3292 2504
3293 2505
3294 2505
3295 2505
3296 2505
3297 2505
3298 2505
3299 2505
3300 2505
3301 2505
3302 2505
3303 2505
3304 2505
3305 2505
3306 2505
3307 2505
3308 2505
3309 2505
3310 2505
3311 2503
3312 2504
3313 2502
3314 2505
3315 2502
3316 2504
3317 2503
3318 2503
3319 2504
3320 2502
3321 2501
3322 2508
3323 2504
3324 2505
3325 2507
3326 2503
3327 2505
3328 2502
3329 2502
3330 2503
3331 2502
3332 2503
3333 2503
3334 2503
3335 2503
3336 2504
3337 2504
3338 2504
3339 2504
3340 2503
3341 2504
3342 2504
3343 2504
3344 2504
3345 2503
3346 2503
3347 2503
3348 2504
3349 2504
3350 2504
3351 2504
3352 2504
3353 2504
3354 2504
3355 2504
3356 2504
3357 2504
3358 2504
3359 2503
3360 2504
3361 2504
3362 2504
3363 2504
3364 2501
3365 2501
3366 2503
3367 2501
3368 2504
3369 2502
3370 2500
3371 2493
3372 2495
3373 2500
3374 2510
3375 2505
3376 2503
3377 2501
3378 2504
3379 2506
3380 2505
3381 2508
3382 2511
3383 2507
3384 2506
3385 2508
3386 2504
3387 2505
3388 2502
3389 2500
3390 2500
3391 2501
3392 2501
3393 2502
3394 2501
3395 2502
3396 2501
3397 2503
3398 2501
3399 2501
3400 2503
3401 2502
3402 2502
3403 2501
3404 2503
3405 2504
3406 2504
3407 2500
3408 2501
3409 2503
3410 2502
3411 2502
3412 2502
3413 2503
3414 2501
3415 2500
3416 2503
3417 2499
3418 2501
3419 2497
3420 2494
3421 2498
3422 2497
3423 2498
3424 2498
3425 2497
3426 2496
3427 2496
3428 2500
3429 2499
3430 2497
3431 2499
3432 2500
3433 2501
3434 2502
3435 2500
3436 2500
3437 2501
3438 2498
3439 2498
3440 2499
3441 2498
3442 2498
3443 2499
3444 2499
3445 2499
3446 2498
3447 2498
3448 2498
3449 2498
3450 2498
3451 2498
3452 2498
3453 2499
3454 2499
3455 2498
3456 2498
3457 2499
3458 2499
3459 2499
3460 2500
3461 2499
3462 2498
3463 2498
3464 2498
3465 2498
3466 2498
3467 2500
3468 2502
3469 2498
3470 2497
3471 2498
3472 2504
3473 2504
3474 2498
3475 2496
3476 2496
3477 2497
3478 2496
3479 2504
3480 2503
3481 2495
3482 2501
3483 2501
3484 2507
3485 2495
3486 2494

