2803 2505
2804 2505
2805 2506
2806 2505
2807 2506
2808 2522
2809 2505
2810 2505
2811 2506
2812 2506
2813 2508
2814 2506
2815 2507
2816 2509
2817 2507
2818 2506
2819 2506
2820 2506
2821 2506
2822 2514
2823 2515
2824 2515
2825 2508
2826 2508
2827 2508
2828 2508
2829 2520
2830 2509
2831 2513
2832 2509
2833 2513
2834 2517
2835 2518
2836 2516
2837 2515
2838 2507
2839 2508
2840 2508
2841 2508
2842 2508
2843 2509
2844 2521
2845 2508
2846 2508
2847 2508
2848 2508
2849 2509
2850 2508
2851 2508
2852 2509
2853 2508
2854 2511
2855 2507
2856 2516
2857 2509
2858 2519
2859 2504
2860 2509
2861 2506
2862 2507
2863 2507
2864 2511
2865 2507
2866 2514
2867 2508
2868 2509
2869 2509
2870 2509
2871 2509
2872 2509
2873 2509
2874 2508
2875 2509
2876 2509
2877 2509
2878 2509
2879 2510
2880 2511
2881 2509
2882 2508
2883 2507
2884 2508
2885 2509
2886 2507
2887 2512
2888 2508
2889 2508
2890 2509
2891 2510
2892 2511
2893 2507
2894 2508
2895 2511
2896 2508
2897 2507
2898 2506
2899 2506
2900 2507
2901 2507
2902 2509
2903 2505
2904 2504
2905 2505
2906 2506
2907 2508
2908 2508
2909 2503
2910 2503
2911 2513
2912 2503
2913 2518
2914 2502
2915 2504
2916 2507
2917 2502
2918 2502
2919 2503
2920 2502
2921 2503
2922 2503
2923 2502
2924 2503
2925 2507
2926 2503
2927 2502
2928 2502
2929 2502
2930 2505
2931 2503
2932 2507
2933 2503
2934 2502
2935 2504
2936 2507
2937 2507
2938 2506
2939 2502
2940 2503
2941 2503
2942 2505
2943 2504
2944 2503
2945 2503
2946 2505
2947 2503
2948 2506
2949 2503
2950 2504
2951 2503
2952 2503
2953 2502
2954 2502
2955 2506
2956 2510
2957 2507
2958 2502
2959 2502
2960 2502
2961 2502
2962 2503
2963 2502
2964 2502
2965 2505
2966 2505
2967 2503
2968 2508
2969 2502
2970 2502
2971 2502
2972 2512
2973 2502
2974 2504
2975 2503
2976 2502
2977 2506
2978 2502
2979 2502
2980 2503
2981 2502
2982 2502
2983 2502
2984 2502
2985 2502
2986 2502
2987 2502
2988 2502
2989 2502
2990 2502
2991 2502
2992 2502
2993 2502
2994 2502
2995 2504
2996 2502
2997 2502
2998 2502
2999 2502
3000 2501
3001 2502
3002 2502
3003 2502
3004 2502
3005 2501
3006 2502
3007 2502
3008 2502
3009 2501
3010 2502
3011 2502
3012 2501
3013 2501
3014 2501
3015 2501
3016 2502
3017 2502
3018 2503
3019 2502
3020 2502
3021 2502
3022 2502
3023 2502
3024 2502
3025 2501
3026 2502
3027 2502
3028 2502
3029 2503
3030 2502
3031 2502
3032 2502
3033 2502
3034 2502
3035 2502
3036 2502
3037 2505
3038 2502
3039 2503
3040 2503
3041 2503
3042 2503
3043 2502
3044 2502
3045 2503
3046 2502
3047 2503
3048 2503
3049 2503
3050 2503
3051 2502
3052 2503
3053 2502
3054 2503
3055 2502
3056 2502
3057 2503
3058 2502
3059 2502
3060 2502
3061 2501
3062 2502
3063 2504
3064 2502
3065 2502
3066 2502
3067 2502
3068 2501
3069 2501
3070 2501
3071 2501
3072 2505
3073 2501
3074 2501
3075 2501
3076 2501
3077 2502
3078 2501
3079 2506
3080 2501
3081 2501
3082 2501
3083 2502
3084 2502
3085 2505
3086 2501
3087 2501
3088 2502
3089 2502
3090 2502
3091 2501
3092 2501
3093 2501
3094 2500
3095 2501
3096 2505
3097 2501
3098 2501
3099 2501
3100 2502
3101 2501
3102 2503
3103 2502
3104 2501
3105 2501
3106 2501
3107 2501
3108 2501
3109 2501
3110 2500
3111 2500
3112 2500
3113 2500
3114 2500
3115 2500
3116 2504
3117 2501
3118 2500
3119 2508
3120 2501
3121 2500
3122 2500
3123 2501
3124 2501
3125 2501
3126 2501
3127 2501
3128 2500
3129 2503
3130 2500
3131 2501
3132 2500
3133 2500
3134 2500
3135 2500
3136 2500
3137 2501
3138 2501
3139 2501
3140 2500
3141 2500
3142 2504
3143 2500
3144 2500
3145 2500
3146 2499
3147 2500
3148 2500
3149 2500
3150 2499
3151 2503
3152 2500
3153 2500
3154 2499
3155 2499
3156 2499
3157 2500
3158 2500
3159 2500
3160 2500
3161 2500
3162 2500
3163 2500
3164 2500
3165 2500
3166 2500
3167 2500
3168 2500
3169 2500
3170 2500
3171 2501
3172 2500
3173 2500
3174 2500
3175 2500
3176 2500
3177 2500
3178 2500
3179 2500
3180 2500
3181 2500
3182 2500
3183 2500
3184 2500
3185 2500
3186 2500
3187 2500
3188 2500
3189 2500
3190 2500
3191 2499
3192 2500
3193 2500
3194 2500
3195 2500
3196 2500
3197 2500
3198 2499
3199 2499
3200 2499
3201 2501
3202 2504
3203 2500
3204 2499
3205 2500
3206 2500
3207 2500
3208 2500
3209 2500
3210 2499
3211 2504
3212 2504
3213 2503
3214 2500
3215 2500
3216 2500
3217 2500
3218 2500
3219 2500
3220 2500
3221 2499
3222 2500
3223 2500
3224 2499
3225 2500
3226 2500
3227 2500
3228 2500
3229 2500
3230 2500
3231 2500
3232 2500
3233 2500
3234 2500
3235 2501
3236 2500
3237 2500
3238 2502
3239 2500
3240 2500
3241 2500
3242 2500
3243 2501
3244 2500
3245 2500
3246 2500
3247 2500
3248 2500
3249 2500
3250 2500
3251 2500
3252 2500
3253 2500
3254 2500
3255 2500
3256 2500
3257 2500
3258 2501
3259 2500
3260 2500
3261 2499
3262 2499
3263 2500
3264 2499
3265 2499
3266 2499
3267 2499
3268 2499
3269 2500
3270 2500
3271 2500
3272 2499
3273 2499
3274 2499
3275 2499
3276 2500
3277 2500
3278 2500
3279 2499
3280 2499
3281 2499
3282 2500
3283 2500
3284 2499
3285 2500
3286 2500
3287 2500
3288 2500
3289 2500
3290 2499
3291 2499
3292 2499
3293 2499
3294 2499
3295 2499
3296 2499
3297 2499
3298 2499
3299 2500
3300 2499
3301 2499
3302 2499
3303 2499
3304 2499
3305 2499
3306 2499
3307 2499
3308 2499
3309 2499
3310 2499
3311 2499
3312 2499
3313 2499
3314 2499
3315 2499
3316 2499
3317 2499
3318 2499
3319 2499
3320 2499
3321 2499
3322 2499
3323 2499
3324 2499
3325 2499
3326 2499
3327 2500
3328 2500
3329 2500
3330 2499
3331 2500
3332 2500
3333 2500
3334 2500
3335 2500
3336 2500
3337 2500
3338 2500
3339 2500
3340 2500
3341 2500
3342 2500
3343 2500
3344 2500
3345 2500
3346 2500
3347 2500
3348 2500
3349 2500
3350 2500
3351 2500
3352 2500
3353 2500
3354 2500
3355 2500
3356 2500
3357 2500
3358 2500
3359 2500
3360 2500
3361 2500
3362 2500
3363 2500
3364 2500
3365 2500
3366 2500
3367 2500
3368 2500
3369 2500
3370 2500
3371 2500
3372 2500
3373 2500
3374 2500
3375 2500
3376 2500
3377 2500
3378 2500
3379 2500
3380 2500
3381 2500
3382 2500
3383 2500
3384 2500
3385 2500
3386 2500
3387 2501
3388 2501
3389 2500
3390 2500
3391 2500
3392 2501
3393 2500
3394 2500
3395 2500
3396 2501
3397 2500
3398 2500
3399 2501
3400 2500
3401 2501
3402 2501
3403 2501
3404 2501
3405 2500
3406 2501
3407 2501
3408 2501
3409 2501
3410 2501
3411 2501
3412 2500
3413 2501
3414 2501
3415 2501
3416 2500
3417 2500
3418 2501
3419 2500
3420 2500
3421 2501
3422 2501
3423 2500
3424 2501
3425 2501
3426 2500
3427 2501
3428 2501
3429 2500
3430 2501
3431 2501
3432 2501
3433 2501
3434 2501
3435 2501
3436 2501
3437 2500
3438 2501
3439 2501
3440 2501
3441 2500
3442 2500
3443 2500
3444 2501
3445 2500
3446 2501
3447 2500
3448 2501
3449 2501
3450 2501
3451 2500
3452 2501
3453 2500
3454 2501
3455 2500
3456 2500
3457 2500
3458 2501
3459 2501
3460 2501
3461 2500
3462 2500
3463 2500
3464 2500
3465 2500
3466 2500
3467 2500
3468 2500
3469 2500
3470 2500
3471 2500
3472 2500
3473 2500
3474 2501
3475 2500
3476 2501
3477 2501
3478 2501
3479 2501
3480 2501
3481 2501
3482 2501
3483 2501
3484 2501
3485 2501
3486 2501
3487 2501
3488 2501
3489 2501
3490 2501
3491 2501
3492 2501
3493 2501
3494 2501
3495 2501
3496 2501
3497 2501
3498 2501
3499 2501
3500 2501
3501 2501
3502 2501
3503 2501
3504 2501
3505 2501
3506 2501
3507 2501
3508 2501
3509 2501
3510 2501
3511 2501
3512 2501
3513 2501
3514 2501
3515 2501
3516 2501
3517 2501
3518 2501
3519 2502
3520 2502
3521 2502
3522 2502
3523 2502
3524 2502
3525 2502
3526 2502
3527 2502
3528 2502
3529 2502
3530 2501
3531 2501
3532 2501
3533 2502
3534 2502
3535 2502
3536 2502
3537 2502
3538 2502
3539 2502
3540 2502
3541 2502
3542 2502
3543 2502
3544 2502
3545 2502
3546 2502
3547 2502
3548 2502
3549 2502
3550 2502
3551 2502
3552 2502
3553 2502
3554 2502
3555 2502
3556 2502
3557 2502
3558 2502
3559 2502
3560 2502
3561 2502
3562 2502
3563 2503
3564 2503
3565 2503
3566 2502
3567 2503
3568 2503
3569 2503
3570 2502
3571 2503
3572 2503
3573 2503
3574 2503
3575 2503
3576 2503
3577 2503
3578 2503
3579 2503
3580 2503
3581 2503
3582 2503
3583 2503
3584 2503
3585 2503
3586 2503
3587 2503
3588 2503
3589 2503
3590 2503
3591 2503
3592 2503
3593 2503
3594 2503
3595 2503
3596 2503
3597 2503
3598 2503
3599 2503
3600 2503
3601 2503
3602 2503
3603 2503
3604 2503
3605 2504
3606 2504
3607 2504
3608 2504
3609 2504
3610 2504
3611 2504
3612 2503
3613 2504
3614 2504
3615 2504
3616 2504
3617 2504
3618 2504
3619 2504
3620 2503
3621 2504
3622 2503
3623 2504
3624 2504
3625 2504
3626 2504
3627 2504
3628 2504
3629 2504
3630 2504
3631 2504
3632 2504
3633 2504
3634 2504
3635 2504
3636 2504
3637 2504
3638 2504
3639 2504
3640 2504
3641 2504
3642 2505
3643 2507
3644 2504
3645 2504
3646 2503
3647 2504
3648 2503
3649 2504
3650 2505
3651 2505
3652 2505
3653 2504
3654 2504
3655 2504
3656 2504
3657 2504
3658 2504
3659 2504
3660 2504
3661 2505
3662 2505
3663 2504
3664 2505
3665 2505
3666 2505
3667 2505
3668 2504
3669 2506
3670 2505
3671 2505
3672 2505
3673 2504
3674 2504
3675 2504
3676 2503
3677 2504
3678 2504
3679 2504
3680 2505
3681 2506
3682 2504
3683 2506
3684 2505
3685 2506
3686 2506
3687 2505
3688 2505
3689 2506
3690 2505
3691 2505
3692 2505
3693 2505
3694 2505
3695 2505
3696 2505
3697 2505
3698 2505
3699 2504
3700 2505
3701 2505
3702 2504
3703 2503
3704 2505
3705 2505
3706 2505
3707 2505
3708 2506
3709 2505
3710 2504
3711 2505
3712 2508
3713 2504
3714 2507
3715 2504
3716 2504
3717 2504
3718 2505
3719 2504
3720 2505
3721 2504
3722 2505
3723 2503
3724 2504
3725 2504
3726 2504
3727 2504
3728 2504
3729 2504
3730 2504
3731 2504
3732 2504
3733 2505
3734 2504
3735 2504
3736 2504
3737 2504
3738 2505
3739 2504
3740 2504
3741 2505
3742 2505
3743 2504
3744 2504
3745 2504
3746 2505
3747 2505
3748 2504
3749 2505
3750 2504
3751 2504
3752 2504
3753 2504
3754 2505
3755 2505
3756 2504
3757 2504
3758 2503
3759 2504
3760 2505
3761 2505
3762 2505
3763 2505
3764 2505
3765 2504
3766 2504
3767 2505
3768 2505
3769 2505
3770 2504
3771 2505
3772 2504
3773 2505
3774 2504
3775 2504
3776 2505
3777 2505
3778 2505
3779 2505
3780 2504
3781 2505
3782 2505
3783 2504
3784 2504
3785 2504
3786 2504
3787 2504
3788 2504
3789 2504
3790 2504
3791 2504
3792 2504
3793 2504
3794 2504
3795 2505
3796 2505
3797 2505
3798 2505
3799 2505
3800 2505
3801 2505
3802 2505
3803 2505
3804 2505
3805 2505
3806 2505
3807 2505
3808 2505
3809 2505
3810 2505
3811 2505
3812 2505
3813 2505
3814 2505
3815 2505
3816 2505
3817 2505
3818 2505
3819 2505
3820 2505
3821 2505
3822 2505
3823 2505
3824 2505
3825 2505
3826 2505
3827 2505
3828 2508
3829 2504
3830 2504
3831 2505
3832 2505
3833 2505
3834 2505
3835 2505
3836 2505
3837 2505
3838 2505
3839 2505
3840 2505
3841 2505
3842 2505
3843 2505
3844 2505
3845 2505
3846 2505
3847 2505
3848 2505
3849 2505
3850 2505
3851 2505
3852 2505
3853 2505
3854 2505
3855 2505
3856 2505
3857 2505
3858 2504

2998 2541
2999 2541
3000 2542
3001 2545
3002 2544
3003 2542
3004 2541
3005 2542
3006 2542
3007 2545
3008 2535
3009 2542
3010 2543
3011 2542
3012 2543
3013 2533
3014 2541
3015 2542
3016 2542
3017 2532
3018 2542
3019 2541
3020 2532
3021 2538
3022 2541
3023 2532
3024 2538
3025 2535
3026 2535
3027 2538
3028 2545
3029 2537
3030 2541
3031 2541
3032 2540
3033 2541
3034 2534
3035 2532
3036 2545
3037 2538
3038 2545
3039 2536
3040 2541
3041 2532
3042 2538
3043 2535
3044 2535
3045 2533
3046 2533
3047 2532
3048 2537
3049 2545
3050 2539
3051 2539
3052 2534
3053 2541
3054 2541
3055 2541
3056 2540
3057 2542
3058 2541
3059 2538
3060 2542
3061 2539
3062 2538
3063 2544
3064 2538
3065 2534
3066 2535
3067 2538
3068 2538
3069 2531
3070 2538
3071 2532
3072 2531
3073 2539
3074 2538
3075 2540
3076 2538
3077 2537
3078 2539
3079 2532
3080 2537
3081 2540
3082 2537
3083 2542
3084 2544
3085 2537
3086 2538
3087 2538
3088 2540
3089 2532
3090 2533
3091 2539
3092 2537
3093 2542
3094 2536
3095 2540
3096 2538
3097 2531
3098 2535
3099 2541
3100 2542
3101 2537
3102 2545
3103 2545
3104 2537
3105 2531
3106 2537
3107 2538
3108 2539
3109 2542
3110 2535
3111 2538
3112 2539
3113 2540
3114 2539
3115 2535
3116 2534
3117 2532
3118 2533
3119 2546
3120 2537
3121 2539
3122 2538
3123 2539
3124 2540
3125 2540
3126 2539
3127 2546
3128 2538
3129 2538
3130 2538
3131 2541
3132 2542
3133 2539
3134 2542
3135 2538
3136 2538
3137 2545
3138 2543
3139 2533
3140 2545
3141 2533
3142 2544
3143 2534
3144 2544
3145 2534
3146 2543
3147 2544
3148 2536
3149 2539
3150 2539
3151 2542
3152 2542
3153 2536
3154 2538
3155 2539
3156 2540
3157 2541
3158 2542
3159 2538
3160 2539
3161 2533
3162 2540
3163 2542
3164 2539
3165 2536
3166 2540
3167 2540
3168 2540
3169 2533
3170 2537
3171 2536
3172 2537
3173 2538
3174 2538
3175 2538
3176 2539
3177 2539
3178 2539
3179 2538
3180 2538
3181 2538
3182 2532
3183 2538
3184 2538
3185 2538
3186 2538
3187 2539
3188 2538
3189 2536
3190 2533
3191 2538
3192 2540
3193 2538
3194 2538
3195 2539
3196 2537
3197 2538
3198 2537
3199 2542
3200 2538
3201 2543
3202 2539
3203 2538
3204 2537
3205 2540
3206 2541
3207 2537
3208 2537
3209 2538
3210 2531
3211 2540
3212 2536
3213 2531
3214 2531
3215 2537
3216 2538
3217 2538
3218 2537
3219 2538
3220 2538
3221 2541
3222 2542
3223 2534
3224 2542
3225 2544
3226 2531
3227 2538
3228 2539
3229 2538
3230 2538
3231 2538
3232 2538
3233 2538
3234 2543
3235 2537
3236 2536
3237 2538
3238 2541
3239 2541
3240 2532
3241 2532
3242 2538
3243 2536
3244 2538
3245 2538
3246 2539
3247 2542
3248 2531
3249 2532
3250 2538
3251 2538
3252 2537
3253 2533
3254 2536
3255 2541
3256 2537
3257 2536
3258 2534
3259 2542
3260 2537
3261 2538
3262 2545
3263 2538
3264 2537
3265 2537
3266 2542
3267 2536
3268 2531
3269 2532
3270 2541
3271 2541
3272 2532
3273 2537
3274 2539
3275 2538
3276 2535
3277 2543
3278 2531
3279 2534
3280 2539
3281 2539
3282 2545
3283 2545
3284 2543
3285 2544
3286 2538
3287 2538
3288 2537
3289 2537
3290 2538
3291 2539
3292 2538
3293 2539
3294 2538
3295 2544
3296 2531
3297 2539
3298 2540
3299 2534
3300 2539
3301 2539
3302 2539
3303 2538
3304 2538
3305 2537
3306 2538
3307 2538
3308 2537
3309 2538
3310 2539
3311 2539
3312 2542
3313 2538
3314 2540
3315 2537
3316 2537
3317 2538
3318 2537
3319 2536
3320 2538
3321 2538
3322 2537
3323 2537
3324 2537
3325 2537
3326 2536
3327 2537
3328 2538
3329 2537
3330 2538
3331 2537
3332 2538
3333 2537
3334 2539
3335 2537
3336 2530
3337 2539
3338 2541
3339 2535
3340 2533
3341 2537
3342 2530
3343 2538
3344 2537
3345 2538
3346 2531
3347 2537
3348 2538
3349 2538
3350 2538
3351 2537
3352 2540
3353 2538
3354 2537
3355 2538
3356 2538
3357 2537
3358 2537
3359 2538
3360 2538
3361 2539
3362 2539
3363 2538
3364 2539
3365 2539
3366 2538
3367 2538
3368 2539
3369 2540
3370 2539
3371 2538
3372 2538
3373 2539
3374 2538
3375 2537
3376 2538
3377 2543
3378 2539
3379 2539
3380 2539
3381 2543
3382 2542
3383 2539
3384 2544
3385 2544
3386 2538
3387 2538
3388 2538
3389 2539
3390 2539
3391 2539
3392 2538
3393 2543
3394 2543
3395 2539
3396 2541
3397 2541
3398 2540
3399 2540
3400 2539
3401 2539
3402 2539
3403 2540
3404 2539
3405 2539
3406 2538
3407 2538
3408 2538
3409 2539
3410 2539
3411 2539
3412 2541
3413 2532
3414 2539
3415 2539
3416 2539
3417 2539
3418 2539
3419 2539
3420 2539
3421 2538
3422 2539
3423 2539
3424 2540
3425 2539
3426 2538
3427 2540
3428 2543
3429 2540
3430 2540
3431 2540
3432 2539
3433 2539
3434 2539
3435 2542
3436 2539
3437 2539
3438 2540
3439 2539
3440 2539
3441 2539
3442 2539
3443 2539
3444 2539
3445 2539
3446 2539
3447 2539
3448 2539
3449 2539
3450 2540
3451 2540
3452 2538
3453 2539
3454 2539
3455 2539
3456 2538
3457 2545
3458 2538
3459 2538
3460 2539
3461 2539
3462 2531
3463 2539
3464 2538
3465 2539
3466 2538
3467 2538
3468 2539
3469 2539
3470 2540
3471 2541
3472 2538
3473 2539
3474 2531
3475 2537
3476 2538
3477 2537
3478 2538
3479 2538
3480 2537
3481 2538
3482 2537
3483 2535
3484 2541
3485 2542
3486 2543
3487 2541
3488 2538
3489 2537
3490 2530
3491 2537
3492 2535
3493 2543
3494 2539
3495 2537
3496 2536
3497 2537
3498 2536
3499 2535
3500 2536
3501 2534
3502 2536
3503 2537
3504 2541
3505 2536
3506 2536
3507 2536
3508 2535
3509 2535
3510 2534
3511 2534
3512 2535
3513 2535
3514 2534
3515 2535
3516 2534
3517 2534
3518 2533
3519 2534
3520 2533
3521 2534
3522 2538
3523 2539
3524 2541
3525 2534
3526 2534
3527 2538
3528 2535
3529 2533
3530 2533
3531 2534
3532 2534
3533 2538
3534 2533
3535 2534
3536 2539
3537 2532
3538 2540
3539 2534
3540 2535
3541 2538
3542 2539
3543 2534
3544 2534
3545 2534
3546 2533
3547 2533
3548 2533
3549 2534
3550 2534
3551 2536
3552 2536
3553 2538
3554 2532
3555 2533
3556 2536
3557 2532
3558 2533
3559 2535
3560 2533
3561 2537
3562 2538
3563 2538
3564 2533
3565 2529
3566 2533
3567 2537
3568 2535
3569 2535
3570 2529
3571 2538
3572 2536
3573 2537
3574 2534
3575 2533
3576 2533
3577 2533
3578 2529
3579 2536
3580 2537
3581 2534
3582 2533
3583 2534
3584 2534
3585 2534
3586 2534
3587 2527
3588 2526
3589 2539
3590 2525
3591 2531
3592 2533
3593 2527
3594 2532
3595 2532
3596 2538
3597 2531
3598 2526
3599 2530
3600 2526
3601 2532
3602 2534
3603 2535
3604 2530
3605 2533
3606 2533
3607 2534
3608 2533
3609 2526
3610 2527
3611 2532
3612 2532
3613 2528
3614 2526
3615 2532
3616 2526
3617 2538
3618 2535
3619 2531
3620 2527
3621 2533
3622 2535
3623 2534
3624 2541
3625 2534
3626 2535
3627 2536
3628 2527
3629 2534
3630 2531
3631 2534
3632 2534
3633 2532
3634 2527
3635 2527
3636 2534
3637 2538
3638 2536
3639 2536
3640 2535
3641 2532
3642 2535
3643 2536
3644 2535
3645 2537
3646 2537
3647 2530
3648 2529
3649 2537
3650 2536
3651 2535
3652 2533
3653 2533
3654 2534
3655 2534
3656 2535
3657 2537
3658 2530
3659 2527
3660 2532
3661 2527
3662 2531
3663 2531
3664 2541
3665 2532
3666 2528
3667 2533
3668 2527
3669 2531
3670 2528
3671 2536
3672 2530
3673 2537
3674 2530
3675 2535
3676 2535
3677 2534
3678 2537
3679 2531
3680 2534
3681 2536
3682 2535
3683 2536
3684 2525
3685 2539
3686 2532
3687 2534
3688 2529
3689 2527
3690 2527
3691 2530
3692 2532
3693 2527
3694 2528
3695 2530
3696 2534
3697 2536
3698 2537
3699 2527
3700 2530
3701 2530
3702 2530
3703 2531
3704 2528
3705 2526
3706 2535
3707 2530
3708 2529
3709 2528
3710 2530
3711 2528
3712 2532
3713 2524
3714 2536
3715 2529
3716 2530
3717 2532
3718 2528
3719 2535
3720 2530
3721 2530
3722 2525
3723 2535
3724 2522
3725 2527
3726 2525
3727 2522
3728 2522
3729 2531
3730 2527
3731 2529
3732 2533
3733 2525
3734 2533
3735 2528
3736 2524
3737 2522
3738 2521
3739 2534
3740 2519
3741 2530
3742 2521
3743 2530
3744 2520
3745 2531
3746 2533
3747 2533
3748 2523
3749 2518
3750 2518
3751 2518
3752 2523
3753 2526
3754 2532
3755 2518
3756 2518
3757 2525
3758 2525
3759 2525
3760 2524
3761 2522
3762 2527
3763 2523
3764 2530
3765 2523
3766 2523
3767 2523
3768 2525
3769 2529
3770 2523
3771 2523
3772 2522
3773 2522
3774 2521
3775 2522
3776 2522
3777 2522
3778 9999
3779 9999
3780 9999
3781 2525
3782 2526
3783 2529
3784 2524
3785 9999
3786 2516
3787 9999
3788 9999
3789 9999
3790 9999
3791 2524
3792 9999
3793 2527
3794 2525
3795 2523
3796 9999
3797 9999
3798 2520
3799 9999
3800 9999
3801 2520
3802 2520
3803 9999
3804 9999
3805 9999
3806 9999
3807 9999
3808 9999
3809 9999
3810 9999
3811 9999
3812 9999
3813 9999
3814 9999
3815 9999
3816 9999
3817 9999
3818 9999
3819 9999
3820 9999
3821 9999
3822 9999
3823 9999
3824 9999

