2914 2504
2915 2504
2916 2503
2917 2503
2918 2503
2919 2503
2920 2503
2921 2503
2922 2503
2923 2502
2924 2501
2925 2503
2926 2501
2927 2502
2928 2502
2929 2503
2930 2504
2931 2502
2932 2502
2933 2502
2934 2502
2935 2501
2936 2501
2937 2501
2938 2510
2939 2503
2940 2502
2941 2503
2942 2502
2943 2503
2944 2502
2945 2508
2946 2503
2947 2503
2948 2503
2949 2503
2950 2504
2951 2503
2952 2504
2953 2504
2954 2503
2955 2503
2956 2503
2957 2502
2958 2502
2959 2502
2960 2502
2961 2507
2962 2502
2963 2503
2964 2504
2965 2504
2966 2503
2967 2503
2968 2504
2969 2504
2970 2506
2971 2504
2972 2504
2973 2503
2974 2504
2975 2504
2976 2503
2977 2504
2978 2503
2979 2503
2980 2503
2981 2503
2982 2503
2983 2503
2984 2503
2985 2503
2986 2503
2987 2503
2988 2503
2989 2503
2990 2503
2991 2503
2992 2503
2993 2503
2994 2503
2995 2503
2996 2502
2997 2507
2998 2503
2999 2503
3000 2503
3001 2503
3002 2503
3003 2503
3004 2503
3005 2503
3006 2502
3007 2502
3008 2502
3009 2502
3010 2502
3011 2502
3012 2501
3013 2501
3014 2502
3015 2501
3016 2503
3017 2502
3018 2502
3019 2502
3020 2501
3021 2502
3022 2502
3023 2501
3024 2504
3025 2502
3026 2502
3027 2502
3028 2501
3029 2502
3030 2502
3031 2503
3032 2500
3033 2501
3034 2501
3035 2500
3036 2500
3037 2505
3038 2500
3039 2501
3040 2501
3041 2510
3042 2504
3043 2507
3044 2503
3045 2502
3046 2501
3047 2501
3048 2507
3049 2501
3050 2501
3051 2501
3052 2501
3053 2501
3054 2501
3055 2501
3056 2501
3057 2501
3058 2501
3059 2501
3060 2501
3061 2501
3062 2500
3063 2506
3064 2507
3065 2500
3066 2501
3067 2501
3068 2501
3069 2501
3070 2501
3071 2501
3072 2501
3073 2501
3074 2501
3075 2501
3076 2501
3077 2501
3078 2501
3079 2501
3080 2500
3081 2500
3082 2501
3083 2500
3084 2500
3085 2500
3086 2500
3087 2501
3088 2501
3089 2500
3090 2501
3091 2501
3092 2500
3093 2501
3094 2502
3095 2503
3096 2501
3097 2500
3098 2501
3099 2500
3100 2501
3101 2501
3102 2500
3103 2500
3104 2500
3105 2500
3106 2500
3107 2500
3108 2500
3109 2501
3110 2501
3111 2501
3112 2501
3113 2506
3114 2501
3115 2500
3116 2500
3117 2500
3118 2500
3119 2500
3120 2500
3121 2501
3122 2502
3123 2502
3124 2501
3125 2501
3126 2506
3127 2501
3128 2503
3129 2501
3130 2501
3131 2500
3132 2500
3133 2500
3134 2501
3135 2501
3136 2501
3137 2501
3138 2501
3139 2501
3140 2501
3141 2510
3142 2500
3143 2500
3144 2500
3145 2501
3146 2500
3147 2500
3148 2500
3149 2500
3150 2505
3151 2504
3152 2501
3153 2501
3154 2500
3155 2500
3156 2502
3157 2501
3158 2503
3159 2501
3160 2501
3161 2501
3162 2501
3163 2501
3164 2501
3165 2501
3166 2501
3167 2501
3168 2501
3169 2501
3170 2500
3171 2501
3172 2502
3173 2501
3174 2502
3175 2502
3176 2502
3177 2504
3178 2504
3179 2503
3180 2502
3181 2503
3182 2503
3183 2502
3184 2505
3185 2502
3186 2503
3187 2502
3188 2503
3189 2501
3190 2500
3191 2501
3192 2501
3193 2501
3194 2502
3195 2501
3196 2500
3197 2502
3198 2504
3199 2501
3200 2501
3201 2501
3202 2501
3203 2501
3204 2505
3205 2501
3206 2501
3207 2505
3208 2501
3209 2500
3210 2501
3211 2501
3212 2504
3213 2504
3214 2504
3215 2504
3216 2505
3217 2500
3218 2501
3219 2505
3220 2505
3221 2501
3222 2501
3223 2501
3224 2501
3225 2501
3226 2505
3227 2501
3228 2501
3229 2501
3230 2503
3231 2502
3232 2503
3233 2504
3234 2506
3235 2500
3236 2501
3237 2501
3238 2501
3239 2501
3240 2501
3241 2505
3242 2501
3243 2501
3244 2502
3245 2502
3246 2504
3247 2504
3248 2501
3249 2500
3250 2505
3251 2500
3252 2500
3253 2504
3254 2503
3255 2502
3256 2501
3257 2501
3258 2506
3259 2501
3260 2501
3261 2501
3262 2501
3263 2500
3264 2501
3265 2502
3266 2500
3267 2499
3268 2499
3269 2497
3270 2501
3271 2503
3272 2503
3273 2502
3274 2500
3275 2510
3276 2501
3277 2501
3278 2501
3279 2502
3280 2503
3281 2502
3282 2502
3283 2498
3284 2499
3285 2500
3286 2505
3287 2495
3288 2503
3289 2504
3290 2503
3291 2505
3292 2496
3293 2496
3294 2497
3295 2496
3296 2500
3297 2498
3298 2500
3299 2500
3300 2499
3301 2499
3302 2507
3303 2496
3304 2496
3305 2500
3306 2501
3307 2502
3308 2498
3309 2500
3310 2496
3311 2500
3312 2495
3313 2495
3314 2496
3315 2497
3316 2496
3317 2495
3318 2496
3319 2497
3320 2496
3321 2498
3322 2499
3323 2497
3324 2497
3325 2505
3326 2508
3327 2500
3328 2501
3329 2504
3330 2500
3331 2504
3332 2501
3333 2501
3334 2502
3335 2505
3336 2499
3337 2503
3338 2504
3339 2500
3340 2503
3341 2503
3342 2500
3343 2501
3344 2501
3345 2500
3346 2501
3347 2501
3348 2501
3349 2501
3350 2500
3351 2500
3352 2501
3353 2501
3354 2501
3355 2501
3356 2501
3357 2501
3358 2501
3359 2501
3360 2501
3361 2501
3362 2501
3363 2501
3364 2501
3365 2501
3366 2502
3367 2501
3368 2501
3369 2501
3370 2502
3371 2502
3372 2501
3373 2505
3374 2502
3375 2501
3376 2502
3377 2502
3378 2502
3379 2503
3380 2503
3381 2502
3382 2503
3383 2502
3384 2503
3385 2503
3386 2503
3387 2503
3388 2502
3389 2502
3390 2502
3391 2502
3392 2502
3393 2502
3394 2502
3395 2502
3396 2502
3397 2502
3398 2502
3399 2503
3400 2502
3401 2502
3402 2502
3403 2502
3404 2502
3405 2502
3406 2502
3407 2502
3408 2502
3409 2502
3410 2502
3411 2502
3412 2502
3413 2502
3414 2501
3415 2501
3416 2501
3417 2501
3418 2501
3419 2504
3420 2503
3421 2502
3422 2502
3423 2503
3424 2502
3425 2502
3426 2503
3427 2502
3428 2503
3429 2503
3430 2513
3431 2501
3432 2501
3433 2503
3434 2501
3435 2509
3436 2501
3437 2501
3438 2501
3439 2501
3440 2502
3441 2502
3442 2502
3443 2502
3444 2502
3445 2504
3446 2502
3447 2502
3448 2502
3449 2501
3450 2502
3451 2502
3452 2502
3453 2502
3454 2502
3455 2501
3456 2501
3457 2501
3458 2502
3459 2502
3460 2502
3461 2502
3462 2502
3463 2502
3464 2502
3465 2501
3466 2502
3467 2502
3468 2502
3469 2502
3470 2501
3471 2501
3472 2501
3473 2502
3474 2501
3475 2502
3476 2502
3477 2501
3478 2501
3479 2501
3480 2502
3481 2501
3482 2502
3483 2502
3484 2501
3485 2501
3486 2501
3487 2501
3488 2501
3489 2501
3490 2501
3491 2501
3492 2501
3493 2502
3494 2502
3495 2502
3496 2501
3497 2501
3498 2501
3499 2501
3500 2501
3501 2501
3502 2501
3503 2501
3504 2501
3505 2501
3506 2501
3507 2501
3508 2501
3509 2501
3510 2501
3511 2501
3512 2501
3513 2501
3514 2501
3515 2501
3516 2501
3517 2501
3518 2501
3519 2501
3520 2501
3521 2501
3522 2501
3523 2501
3524 2501
3525 2502
3526 2502
3527 2502
3528 2501
3529 2501
3530 2501
3531 2501
3532 2501
3533 2501
3534 2501
3535 2501
3536 2501
3537 2501
3538 2501
3539 2501
3540 2501
3541 2501
3542 2501
3543 2501
3544 2501
3545 2501
3546 2501
3547 2501
3548 2501
3549 2501
3550 2501
3551 2501
3552 2500
3553 2501
3554 2500
3555 2501
3556 2500
3557 2500
3558 2501
3559 2501
3560 2501
3561 2501
3562 2500
3563 2500
3564 2500
3565 2500
3566 2501
3567 2500
3568 2500
3569 2500
3570 2500
3571 2500
3572 2500
3573 2500
3574 2500
3575 2500
3576 2500
3577 2500
3578 2501
3579 2501
3580 2500
3581 2500
3582 2499
3583 2499
3584 2500
3585 2501
3586 2500
3587 2499
3588 2499
3589 2500
3590 2500
3591 2500
3592 2499
3593 2499
3594 2499
3595 2499
3596 2499
3597 2499
3598 2499
3599 2499
3600 2499
3601 2500
3602 2499
3603 2499
3604 2499
3605 2499
3606 2499
3607 2498
3608 2498
3609 2498
3610 2499
3611 2499
3612 2498
3613 2499
3614 2497
3615 2498
3616 2498
3617 2497
3618 2497
3619 2497
3620 2497
3621 2497
3622 2498
3623 2498
3624 2498
3625 2497
3626 2497
3627 2500
3628 2497
3629 2497
3630 2497
3631 2497
3632 2498
3633 2497
3634 2496
3635 2499
3636 2498
3637 2497
3638 2497
3639 2499
3640 2497
3641 2504
3642 2497
3643 2497
3644 2499
3645 2495
3646 2497
3647 2497
3648 2497
3649 2497
3650 2497
3651 2497
3652 2497
3653 2496
3654 2496
3655 2497
3656 2496
3657 2497
3658 2497
3659 2496
3660 2497
3661 2496
3662 2496
3663 2496
3664 2496
3665 2496
3666 2496
3667 2496
3668 2496
3669 2496
3670 2496
3671 2496
3672 2496
3673 2496
3674 2496
3675 2496
3676 2496
3677 2496
3678 2496
3679 2496
3680 2496
3681 2496
3682 2496
3683 2496
3684 2496
3685 2496
3686 2496
3687 2496
3688 2496
3689 2496
3690 2496
3691 2496
3692 2496
3693 2496
3694 2496
3695 2497
3696 2496
3697 2496
3698 2498
3699 2496
3700 2496
3701 2496
3702 2496
3703 2496
3704 2495
3705 2496
3706 2496
3707 2496
3708 2496
3709 2497
3710 2496
3711 2496
3712 2500
3713 2496
3714 2496
3715 2496
3716 2496
3717 2496
3718 2496
3719 2496
3720 2496
3721 2496
3722 2496
3723 2496
3724 2496
3725 2496
3726 2497
3727 2496
3728 2496
3729 2495
3730 2497
3731 2497
3732 2496
3733 2496
3734 2495
3735 2496
3736 2496
3737 2496
3738 2495
3739 2495
3740 2496
3741 2496
3742 2495
3743 2495
3744 2495
3745 2495
3746 2495
3747 2495
3748 2496
3749 2496
3750 2496
3751 2496
3752 2495
3753 2496
3754 2496
3755 2496
3756 2496
3757 2495
3758 2495
3759 2495
3760 2495
3761 2495
3762 2495
3763 2495
3764 2496
3765 2495
3766 2495
3767 2495
3768 2495
3769 2495
3770 2495
3771 2496
3772 2495
3773 2495
3774 2495
3775 2496
3776 2495
3777 2495
3778 2495
3779 2495
3780 2495
3781 2495
3782 2495
3783 2495
3784 2495
3785 2495
3786 2495
3787 2495
3788 2495
3789 2495
3790 2495
3791 2495
3792 2495
3793 2495
3794 2495
3795 2495
3796 2495
3797 2495
3798 2495
3799 2495
3800 2495
3801 2495
3802 2495
3803 2495
3804 2495
3805 2495
3806 2495
3807 2495
3808 2495
3809 2495
3810 2495
3811 2495
3812 2495
3813 2495
3814 2495
3815 2495
3816 2495
3817 2495
3818 2495
3819 2494
3820 2495
3821 2494
3822 2495
3823 2494
3824 2495
3825 2495
3826 2495
3827 2494
3828 2495
3829 2495
3830 2495
3831 2494
3832 2494
3833 2494
3834 2494
3835 2494
3836 2494
3837 2494
3838 2497
3839 2494
3840 2494
3841 2494
3842 2494
3843 2494
3844 2494
3845 2494
3846 2494
3847 2494
3848 2494
3849 2494
3850 2494
3851 2494
3852 2494
3853 2494
3854 2494
3855 2493
3856 2493
3857 2493
3858 2493
3859 2493

3428 2553
3429 2543
3430 2549
3431 2541
3432 2548
3433 2541
3434 2544
3435 2545
3436 2544
3437 2545
3438 2547
3439 2544
3440 2546
3441 2553
3442 2540
3443 2545
3444 2538
3445 2543
3446 2548
3447 2544
3448 2539
3449 2544
3450 2546
3451 2538
3452 2537
3453 2537
3454 2540
3455 2542
3456 2551
3457 2541
3458 2544
3459 2541
3460 2547
3461 2548
3462 2540
3463 2540
3464 2543
3465 2539
3466 2541
3467 2541
3468 2549
3469 2541
3470 2549
3471 2542
3472 2545
3473 2545
3474 2545
3475 2542
3476 2535
3477 2540
3478 2534
3479 2542
3480 2542
3481 2545
3482 2539
3483 2548
3484 2541
3485 2540
3486 2540
3487 2540
3488 2533
3489 2541
3490 2544
3491 2543
3492 2540
3493 2544
3494 2538
3495 2537
3496 2537
3497 2536
3498 2540
3499 2538
3500 2541
3501 2537
3502 2540
3503 2538
3504 2537
3505 2537
3506 2541
3507 2534
3508 2543
3509 2534
3510 2539
3511 2543
3512 2543
3513 2537
3514 2534
3515 2530
3516 2532
3517 2536
3518 2538
3519 2530
3520 2533
3521 2543
3522 2531
3523 2539
3524 2538
3525 2540
3526 2542
3527 2529
3528 2530
3529 2538
3530 2531
3531 2531
3532 2531
3533 2540
3534 2534
3535 2531
3536 2535
3537 2538
3538 2542
3539 2539
3540 2532
3541 2532
3542 2531
3543 2534
3544 2534
3545 2540
3546 2535
3547 2534
3548 2530
3549 2535
3550 2530
3551 2529
3552 2533
3553 2527
3554 2527
3555 2532
3556 2532
3557 2532
3558 2531
3559 2532
3560 2538
3561 2538
3562 2534
3563 2532
3564 2540
3565 2532
3566 2534
3567 2533
3568 2536
3569 2537
3570 2525
3571 2526
3572 2539
3573 2533
3574 2531
3575 2535
3576 2531
3577 2538
3578 2531
3579 2528
3580 2533
3581 2526
3582 2533
3583 2538
3584 2535
3585 2524
3586 2529
3587 2533
3588 2528
3589 2528
3590 2536
3591 2537
3592 2526
3593 2524
3594 2523
3595 2527
3596 2537
3597 2530
3598 2523
3599 2523
3600 2535
3601 2526
3602 2530
3603 2524
3604 2530
3605 2534
3606 2522
3607 2532
3608 2527
3609 2527
3610 2528
3611 2527
3612 2527
3613 2522
3614 2528
3615 2526
3616 2530
3617 2529
3618 2522
3619 2535
3620 2530
3621 2529
3622 2533
3623 2526
3624 2523
3625 2526
3626 2526
3627 2528
3628 2531
3629 2521
3630 2527
3631 2527
3632 2526
3633 2526
3634 2532
3635 2532
3636 2534
3637 2523
3638 2520
3639 2527
3640 2528
3641 2534
3642 2533
3643 2534
3644 2520
3645 2531
3646 2522
3647 2526
3648 2523
3649 2521
3650 2522
3651 2520
3652 2527
3653 2522
3654 2520
3655 2530
3656 2528
3657 2524
3658 2521
3659 2527
3660 2518
3661 2524
3662 2527
3663 2531
3664 2525
3665 2530
3666 2520
3667 2521
3668 2521
3669 2531
3670 2529
3671 2520
3672 2523
3673 2525
3674 2522
3675 2518
3676 2518
3677 2526
3678 2526
3679 2530
3680 2530
3681 2517
3682 2520
3683 2516
3684 2518
3685 2524
3686 2524
3687 2516
3688 2529
3689 2530
3690 2519
3691 2521
3692 2521
3693 2521
3694 2515
3695 2523
3696 2521
3697 2518
3698 2517
3699 2515
3700 2515
3701 2516
3702 2518
3703 2516
3704 2520
3705 2519
3706 2517
3707 2518
3708 2520
3709 2529
3710 2522
3711 2521
3712 2527
3713 2515
3714 2520
3715 2518
3716 2516
3717 2517
3718 2519
3719 2518
3720 2518
3721 2517
3722 2518
3723 2521
3724 2521
3725 2522
3726 2522
3727 2522
3728 2518
3729 2528
3730 2520
3731 2514
3732 2520
3733 2523
3734 2517
3735 2517
3736 2518
3737 2517
3738 2524
3739 2522
3740 2514
3741 2525
3742 2518
3743 2515
3744 2516
3745 2521
3746 2519
3747 2519
3748 2519
3749 2518
3750 2523
3751 2519
3752 2520
3753 2519
3754 2519
3755 2521
3756 2520
3757 2513
3758 2515
3759 2517
3760 2513

