1948 2521
1949 2521
1950 2522
1951 2521
1952 2521
1953 2521
1954 2521
1955 2524
1956 2522
1957 2520
1958 2520
1959 2520
1960 2520
1961 2519
1962 2519
1963 2519
1964 2519
1965 2520
1966 2519
1967 2519
1968 2519
1969 2519
1970 2519
1971 2519
1972 2520
1973 2519
1974 2518
1975 2517
1976 2516
1977 2516
1978 2516
1979 2515
1980 2515
1981 2515
1982 2515
1983 2514
1984 2514
1985 2514
1986 2513
1987 2513
1988 2513
1989 2512
1990 2512
1991 2512
1992 2512
1993 2512
1994 2512
1995 2513
1996 2515
1997 2513
1998 2513
1999 2513
2000 2514
2001 2514
2002 2514
2003 2514
2004 2514
2005 2514
2006 2514
2007 2517
2008 2515
2009 2515
2010 2515
2011 2515
2012 2515
2013 2515
2014 2522
2015 2515
2016 2515
2017 2515
2018 2515
2019 2517
2020 2519
2021 2516
2022 2516
2023 2516
2024 2516
2025 2516
2026 2516
2027 2516
2028 2516
2029 2520
2030 2515
2031 2516
2032 2515
2033 2515
2034 2515
2035 2515
2036 2515
2037 2516
2038 2516
2039 2516
2040 2516
2041 2516
2042 2517
2043 2516
2044 2517
2045 2517
2046 2517
2047 2518
2048 2517
2049 2518
2050 2519
2051 2517
2052 2517
2053 2517
2054 2517
2055 2517
2056 2518
2057 2521
2058 2526
2059 2518
2060 2517
2061 2517
2062 2519
2063 2520
2064 2519
2065 2519
2066 2518
2067 2518
2068 2518
2069 2518
2070 2520
2071 2520
2072 2522
2073 2519
2074 2518
2075 2518
2076 2518
2077 2518
2078 2517
2079 2517
2080 2518
2081 2517
2082 2517
2083 2527
2084 2527
2085 2527
2086 2517
2087 2517
2088 2516
2089 2515
2090 2515
2091 2516
2092 2529
2093 2516
2094 2516
2095 2516
2096 2517
2097 2516
2098 2519
2099 2517
2100 2516
2101 2518
2102 2516
2103 2518
2104 2517
2105 2516
2106 2516
2107 2515
2108 2515
2109 2516
2110 2516
2111 2517
2112 2516
2113 2516
2114 2516
2115 2517
2116 2516
2117 2517
2118 2516
2119 2516
2120 2516
2121 2516
2122 2515
2123 2516
2124 2518
2125 2518
2126 2519
2127 2517
2128 2517
2129 2518
2130 2518
2131 2523
2132 2519
2133 2519
2134 2520
2135 2520
2136 2522
2137 2520
2138 2520
2139 2519
2140 2519
2141 2523
2142 2520
2143 2520
2144 2520
2145 2520
2146 2519
2147 2520
2148 2520
2149 2520
2150 2520
2151 2520
2152 2520
2153 2519
2154 2520
2155 2521
2156 2520
2157 2519
2158 2519
2159 2520
2160 2519
2161 2520
2162 2525
2163 2529
2164 2520
2165 2526
2166 2520
2167 2521
2168 2520
2169 2522
2170 2520
2171 2521
2172 2520
2173 2521
2174 2517
2175 2517
2176 2518
2177 2518
2178 2517
2179 2530
2180 2524
2181 2527
2182 2518
2183 2519
2184 2518
2185 2518
2186 2517
2187 2520
2188 2519
2189 2520
2190 2520
2191 2520
2192 2521
2193 2521
2194 2520
2195 2520
2196 2521
2197 2529
2198 2520
2199 2520
2200 2520
2201 2520
2202 2520
2203 2520
2204 2520
2205 2520
2206 2521
2207 2521
2208 2520
2209 2520
2210 2531
2211 2518
2212 2528
2213 2517
2214 2518
2215 2517
2216 2517
2217 2532
2218 2519
2219 2521
2220 2522
2221 2517
2222 2521
2223 2522
2224 2522
2225 2520
2226 2520
2227 2520
2228 2519
2229 2521
2230 2523
2231 2519
2232 2521
2233 2519
2234 2520
2235 2524
2236 2522
2237 2521
2238 2522
2239 2522
2240 2526
2241 2522
2242 2521
2243 2521
2244 2522
2245 2522
2246 2521
2247 2522
2248 2523
2249 2522
2250 2520
2251 2520
2252 2520
2253 2519
2254 2525
2255 2520
2256 2521
2257 2523
2258 2531
2259 2521
2260 2522
2261 2525
2262 2521
2263 2522
2264 2522
2265 2523
2266 2522
2267 2521
2268 2521
2269 2521
2270 2521
2271 2522
2272 2523
2273 2527
2274 2527
2275 2527
2276 2526
2277 2526
2278 2524
2279 2524
2280 2524
2281 2525
2282 2523
2283 2523
2284 2523
2285 2523
2286 2527
2287 2526
2288 2522
2289 2522
2290 2522
2291 2522
2292 2522
2293 2522
2294 2522
2295 2522
2296 2522
2297 2524
2298 2522
2299 2521
2300 2521
2301 2522
2302 2522
2303 2521
2304 2522
2305 2522
2306 2522
2307 2522
2308 2522
2309 2521
2310 2522
2311 2522
2312 2521
2313 2522
2314 2522
2315 2522
2316 2522
2317 2522
2318 2522
2319 2528
2320 2529
2321 2521
2322 2520
2323 2521
2324 2522
2325 2521
2326 2528
2327 2528
2328 2521
2329 2521
2330 2521
2331 2521
2332 2522
2333 2523
2334 2522
2335 2521
2336 2521
2337 2522
2338 2521
2339 2521
2340 2521
2341 2521
2342 2521
2343 2520
2344 2522
2345 2529
2346 2526
2347 2521
2348 2520
2349 2521
2350 2520
2351 2520
2352 2521
2353 2520
2354 2520
2355 2520
2356 2519
2357 2520
2358 2520
2359 2520
2360 2532
2361 2520
2362 2520
2363 2520
2364 2519
2365 2524
2366 2520
2367 2521
2368 2520
2369 2519
2370 2520
2371 2519
2372 2519
2373 2522
2374 2521
2375 2521
2376 2519
2377 2519
2378 2519
2379 2520
2380 2520
2381 2519
2382 2519
2383 2519
2384 2518
2385 2518
2386 2518
2387 2517
2388 2517
2389 2517
2390 2517
2391 2517
2392 2517
2393 2517
2394 2517
2395 2517
2396 2517
2397 2517
2398 2517
2399 2516
2400 2517
2401 2517
2402 2517
2403 2517
2404 2517
2405 2517
2406 2520
2407 2518
2408 2518
2409 2517
2410 2516
2411 2517
2412 2516
2413 2518
2414 2518
2415 2516
2416 2518
2417 2518
2418 2519
2419 2519
2420 2518
2421 2519
2422 2518
2423 2519
2424 2519
2425 2519
2426 2523
2427 2519
2428 2520
2429 2524
2430 2524
2431 2520
2432 2520
2433 2521
2434 2522
2435 2522
2436 2522
2437 2522
2438 2532
2439 2523
2440 2522
2441 2523
2442 2522
2443 2522
2444 2523
2445 2523
2446 2523
2447 2523
2448 2523
2449 2522
2450 2523
2451 2523
2452 2522
2453 2522
2454 2522
2455 2522
2456 2522
2457 2522
2458 2521
2459 2522
2460 2522
2461 2522
2462 2522
2463 2523
2464 2522
2465 2522
2466 2523
2467 2522
2468 2522
2469 2523
2470 2523
2471 2523
2472 2523
2473 2524
2474 2524
2475 2524
2476 2524
2477 2524
2478 2524
2479 2524
2480 2524
2481 2522
2482 2522
2483 2522
2484 2522
2485 2522
2486 2522
2487 2523
2488 2523
2489 2524
2490 2523
2491 2523
2492 2524
2493 2524
2494 2523
2495 2523
2496 2522
2497 2522
2498 2524
2499 2523
2500 2522
2501 2523
2502 2522
2503 2522
2504 2522
2505 2522
2506 2522
2507 2522
2508 2522
2509 2525
2510 2521
2511 2521
2512 2520
2513 2521
2514 2521
2515 2522
2516 2523
2517 2524
2518 2529
2519 2522
2520 2520
2521 2522
2522 2522
2523 2525
2524 2525
2525 2519
2526 2524
2527 2519
2528 2519
2529 2520
2530 2520
2531 2524
2532 2520
2533 2521
2534 2521
2535 2530
2536 2522
2537 2519
2538 2520
2539 2521
2540 2519
2541 2519
2542 2519
2543 2519
2544 2519
2545 2519
2546 2518
2547 2518
2548 2518
2549 2518
2550 2518
2551 2518
2552 2518
2553 2518
2554 2518
2555 2518
2556 2518
2557 2519
2558 2520
2559 2521
2560 2522
2561 2518
2562 2519
2563 2519
2564 2521
2565 2521
2566 2520
2567 2520
2568 2519
2569 2519
2570 2520
2571 2520
2572 2520
2573 2519
2574 2519
2575 2521
2576 2521
2577 2520
2578 2520
2579 2519
2580 2524
2581 2519
2582 2519
2583 2520
2584 2522
2585 2521
2586 2516
2587 2514
2588 2516
2589 2514
2590 2514
2591 2515
2592 2517
2593 2510
2594 2509
2595 2510
2596 2511
2597 2515
2598 2509
2599 2515
2600 2515
2601 2516
2602 2515
2603 2523
2604 2523
2605 2521
2606 2519
2607 2518
2608 2519
2609 2519
2610 2519
2611 2519
2612 2519
2613 2521
2614 2518
2615 2518
2616 2519
2617 2519
2618 2518
2619 2518
2620 2519
2621 2520
2622 2520
2623 2519
2624 2518
2625 2519
2626 2519
2627 2519
2628 2519
2629 2518
2630 2518
2631 2520
2632 2520
2633 2518
2634 2519
2635 2519
2636 2519
2637 2518
2638 2519
2639 2518
2640 2518
2641 2518
2642 2518
2643 2518
2644 2518
2645 2518
2646 2518
2647 2518
2648 2518
2649 2519
2650 2519
2651 2520
2652 2520
2653 2518
2654 2517
2655 2523
2656 2521
2657 2520
2658 2519
2659 2521
2660 2518
2661 2515
2662 2516
2663 2523
2664 2515
2665 2516
2666 2519
2667 2516
2668 2515
2669 2515
2670 2515
2671 2516
2672 2515
2673 2515
2674 2515
2675 2514
2676 2515
2677 2514
2678 2514
2679 2514
2680 2514
2681 2514
2682 2517
2683 2518
2684 2519
2685 2517
2686 2516
2687 2518
2688 2514
2689 2515
2690 2515
2691 2524
2692 2516
2693 2514
2694 2515
2695 2515
2696 2515
2697 2515
2698 2515
2699 2515
2700 2515
2701 2515
2702 2514
2703 2514
2704 2514
2705 2515
2706 2521
2707 2522
2708 2514
2709 2513
2710 2513
2711 2514
2712 2514
2713 2514
2714 2513
2715 2515
2716 2516
2717 2515
2718 2514
2719 2514
2720 2514
2721 2513
2722 2514
2723 2514
2724 2514
2725 2514
2726 2513
2727 2514
2728 2515
2729 2513
2730 2517
2731 2513
2732 2513
2733 2513
2734 2513
2735 2513
2736 2513
2737 2514
2738 2514
2739 2514
2740 2513
2741 2513
2742 2514
2743 2514
2744 2514
2745 2515
2746 2517
2747 2519
2748 2518
2749 2518
2750 2514
2751 2514
2752 2513
2753 2514
2754 2513
2755 2513
2756 2513
2757 2513
2758 2514
2759 2515
2760 2514
2761 2514
2762 2514
2763 2514
2764 2516
2765 2515
2766 2514
2767 2515
2768 2513
2769 2514
2770 2513
2771 2514
2772 2517
2773 2514
2774 2514
2775 2514
2776 2515
2777 2515
2778 2514
2779 2515
2780 2514
2781 2514
2782 2513
2783 2516
2784 2517
2785 2514
2786 2514
2787 2514
2788 2514
2789 2513
2790 2514
2791 2514
2792 2516
2793 2518
2794 2514
2795 2514
2796 2514
2797 2519
2798 2520
2799 2509
2800 2515
2801 2515
2802 2513
2803 2513
2804 2514
2805 2514
2806 2515
2807 2514
2808 2513
2809 2514
2810 2518
2811 2514
2812 2512
2813 2513
2814 2514
2815 2513
2816 2515
2817 2513
2818 2512
2819 2511
2820 2512
2821 2513
2822 2514
2823 2513
2824 2512
2825 2513
2826 2512
2827 2511
2828 2513
2829 2513
2830 2512
2831 2512
2832 2512
2833 2511
2834 2511
2835 2511
2836 2511
2837 2511
2838 2510
2839 2511
2840 2512
2841 2513
2842 2513
2843 2516
2844 2513
2845 2515
2846 2512
2847 2511
2848 2511
2849 2512
2850 2511
2851 2511
2852 2511
2853 2511
2854 2511
2855 2511
2856 2510
2857 2510
2858 2510
2859 2510
2860 2510
2861 2511
2862 2512
2863 2511
2864 2512
2865 2513
2866 2513
2867 2513
2868 2513
2869 2513
2870 2517
2871 2513
2872 2513
2873 2512
2874 2512
2875 2512
2876 2512
2877 2511
2878 2512
2879 2512
2880 2512
2881 2512
2882 2512
2883 2512
2884 2511
2885 2514
2886 2514
2887 2515
2888 2508
2889 2508
2890 2508
2891 2508
2892 2508
2893 2515
2894 2509
2895 2509
2896 2509
2897 2509
2898 2509
2899 2509
2900 2509
2901 2509
2902 2509
2903 2509
2904 2509
2905 2514
2906 2509
2907 2510
2908 2510
2909 2510
2910 2510
2911 2510
2912 2518
2913 2515
2914 2510
2915 2510
2916 2509
2917 2510
2918 2509
2919 2510
2920 2513
2921 2513
2922 2512
2923 2516
2924 2515
2925 2511
2926 2516
2927 2516
2928 2516
2929 2516
2930 2515
2931 2515
2932 2515
2933 2515
2934 2517
2935 2516
2936 2507
2937 2508
2938 2508
2939 2508
2940 2508
2941 2509
2942 2509
2943 2509
2944 2509
2945 2509
2946 2510
2947 2516
2948 2509
2949 2509
2950 2509
2951 2510
2952 2511
2953 2510
2954 2510
2955 2510
2956 2510
2957 2510
2958 2510
2959 2512
2960 2511
2961 2511
2962 2511
2963 2511
2964 2512
2965 2513
2966 2514
2967 2509
2968 2509
2969 2509
2970 2510
2971 2511
2972 2512
2973 2509
2974 2510
2975 2511
2976 2510
2977 2512
2978 2512
2979 2512
2980 2510
2981 2508
2982 2508
2983 2508
2984 2509
2985 2509
2986 2508
2987 2508
2988 2509
2989 2509
2990 2509
2991 2508
2992 2510
2993 2513
2994 2511
2995 2509
2996 2508
2997 2508
2998 2511
2999 2510
3000 2507
3001 2512
3002 2508
3003 2508
3004 2507
3005 2506
3006 2507
3007 2507
3008 2509
3009 2507
3010 2508
3011 2507
3012 2506
3013 2511
3014 2506
3015 2506
3016 2506
3017 2506
3018 2507
3019 2511
3020 2508
3021 2508
3022 2507
3023 2510
3024 2506
3025 2514
3026 2506
3027 2506
3028 2506
3029 2507
3030 2508
3031 2508
3032 2508
3033 2509
3034 2510
3035 2509
3036 2509
3037 2510
3038 2509
3039 2507
3040 2506
3041 2511
3042 2507
3043 2508
3044 2508
3045 2510
3046 2508
3047 2507
3048 2507
3049 2507
3050 2507
3051 2506
3052 2506
3053 2506
3054 2506
3055 2510
3056 2511
3057 2507
3058 2508
3059 2510
3060 2510
3061 2509
3062 2508
3063 2508
3064 2508
3065 2507
3066 2507
3067 2507
3068 2508
3069 2508
3070 2509
3071 2511
3072 2509
3073 2509
3074 2509
3075 2509
3076 2509
3077 2509
3078 2508
3079 2508
3080 2509
3081 2508
3082 2507
3083 2512
3084 2508
3085 2509
3086 2510
3087 2512
3088 2509
3089 2508
3090 2507
3091 2512
3092 2507
3093 2511
3094 2508
3095 2508
3096 2510
3097 2510
3098 2508
3099 2510
3100 2509
3101 2508
3102 2507
3103 2508
3104 2508
3105 2509
3106 2507
3107 2508
3108 2508
3109 2508
3110 2509
3111 2508
3112 2508
3113 2509
3114 2509
3115 2509
3116 2509
3117 2508
3118 2511
3119 2507
3120 2509
3121 2507
3122 2507
3123 2507
3124 2510
3125 2508
3126 2508
3127 2509
3128 2508
3129 2508
3130 2508
3131 2508
3132 2509
3133 2508
3134 2508
3135 2506
3136 2506
3137 2507
3138 2512
3139 2511
3140 2510
3141 2507
3142 2510
3143 2509
3144 2510
3145 2505
3146 2510
3147 2509
3148 2509
3149 2509
3150 2508
3151 2508
3152 2508
3153 2507
3154 2507
3155 2507
3156 2506
3157 2504
3158 2509
3159 2505
3160 2505
3161 2508
3162 2508
3163 2506
3164 2506
3165 2505
3166 2507
3167 2507
3168 2507
3169 2507
3170 2506
3171 2507
3172 2506
3173 2510
3174 2505
3175 2505
3176 2505
3177 2506
3178 2509
3179 2506
3180 2507
3181 2507
3182 2506
3183 2506
3184 2506
3185 2505
3186 2507
3187 2507
3188 2504
3189 2503
3190 2503
3191 2504
3192 2503
3193 2504
3194 2505
3195 2505
3196 2509
3197 2505
3198 2505
3199 2506
3200 2506
3201 2507
3202 2507
3203 2507
3204 2505
3205 2506
3206 2506
3207 2508
3208 2504
3209 2504
3210 2504
3211 2504
3212 2504
3213 2504
3214 2504
3215 2504
3216 2504
3217 2505
3218 2508
3219 2506
3220 2505
3221 2504
3222 2505
3223 2505
3224 2505
3225 2507
3226 2508
3227 2503
3228 2504
3229 2507
3230 2503
3231 2504
3232 2505
3233 2503
3234 2504
3235 2508
3236 2506
3237 2504
3238 2507
3239 2508
3240 2507
3241 2507
3242 2506
3243 2505
3244 2505
3245 2502
3246 2502
3247 2511
3248 2505
3249 2508
3250 2504
3251 2504
3252 2504
3253 2504
3254 2504
3255 2504
3256 2504
3257 2503
3258 2504
3259 2504
3260 2503
3261 2504
3262 2504
3263 2503
3264 2504
3265 2504
3266 2503
3267 2503
3268 2503
3269 2502
3270 2509
3271 2503
3272 2503
3273 2503
3274 2503
3275 2503
3276 2504
3277 2503
3278 2503
3279 2503
3280 2506
3281 2504
3282 2504
3283 2504
3284 2503
3285 2504
3286 2504
3287 2503
3288 2504
3289 2504
3290 2503
3291 2503
3292 2504
3293 2503
3294 2503
3295 2504
3296 2504
3297 2504
3298 2504
3299 2504
3300 2503
3301 2504
3302 2503
3303 2503
3304 2504
3305 2503
3306 2503
3307 2503
3308 2503
3309 2503
3310 2503
3311 2503
3312 2503
3313 2503
3314 2503
3315 2503
3316 2503
3317 2503
3318 2503
3319 2503
3320 2503
3321 2503
3322 2503
3323 2502
3324 2503
3325 2504
3326 2502
3327 2503
3328 2502
3329 2502
3330 2502
3331 2502
3332 2502
3333 2502
3334 2502
3335 2503
3336 2503
3337 2502
3338 2504
3339 2503
3340 2504
3341 2503
3342 2503
3343 2503
3344 2505
3345 2503
3346 2504
3347 2504
3348 2504
3349 2504
3350 2504
3351 2504
3352 2504
3353 2503
3354 2504
3355 2504
3356 2504
3357 2504
3358 2504
3359 2504
3360 2503
3361 2503
3362 2502
3363 2502
3364 2502
3365 2501
3366 2503
3367 2502
3368 2501
3369 2502
3370 2501
3371 2501
3372 2502
3373 2502
3374 2501
3375 2503
3376 2500
3377 2505
3378 2501
3379 2502
3380 2502
3381 2502
3382 2496
3383 2501
3384 2494
3385 2510
3386 2510
3387 2513
3388 2513
3389 2509
3390 2504
3391 2502
3392 2502
3393 2503

