2234 2516
2235 2516
2236 2516
2237 2516
2238 2516
2239 2516
2240 2515
2241 2515
2242 2515
2243 2516
2244 2516
2245 2515
2246 2515
2247 2515
2248 2515
2249 2519
2250 2516
2251 2515
2252 2516
2253 2516
2254 2516
2255 2515
2256 2515
2257 2514
2258 2514
2259 2515
2260 2515
2261 2513
2262 2514
2263 2515
2264 2514
2265 2514
2266 2527
2267 2514
2268 2516
2269 2517
2270 2519
2271 2519
2272 2518
2273 2517
2274 2516
2275 2515
2276 2515
2277 2515
2278 2515
2279 2514
2280 2521
2281 2514
2282 2517
2283 2517
2284 2515
2285 2515
2286 2515
2287 2517
2288 2514
2289 2514
2290 2514
2291 2514
2292 2513
2293 2513
2294 2513
2295 2513
2296 2514
2297 2513
2298 2515
2299 2515
2300 2514
2301 2514
2302 2514
2303 2514
2304 2514
2305 2514
2306 2515
2307 2515
2308 2515
2309 2515
2310 2515
2311 2515
2312 2515
2313 2515
2314 2515
2315 2515
2316 2515
2317 2516
2318 2520
2319 2516
2320 2517
2321 2517
2322 2518
2323 2518
2324 2518
2325 2518
2326 2516
2327 2516
2328 2515
2329 2515
2330 2516
2331 2515
2332 2515
2333 2515
2334 2517
2335 2516
2336 2515
2337 2517
2338 2517
2339 2516
2340 2516
2341 2515
2342 2515
2343 2515
2344 2514
2345 2514
2346 2515
2347 2516
2348 2517
2349 2517
2350 2516
2351 2517
2352 2518
2353 2518
2354 2517
2355 2518
2356 2518
2357 2519
2358 2519
2359 2520
2360 2519
2361 2518
2362 2517
2363 2516
2364 2516
2365 2516
2366 2517
2367 2517
2368 2521
2369 2518
2370 2519
2371 2517
2372 2517
2373 2527
2374 2516
2375 2517
2376 2516
2377 2520
2378 2520
2379 2520
2380 2517
2381 2517
2382 2517
2383 2518
2384 2518
2385 2518
2386 2518
2387 2518
2388 2518
2389 2518
2390 2518
2391 2518
2392 2518
2393 2517
2394 2517
2395 2517
2396 2517
2397 2518
2398 2518
2399 2518
2400 2517
2401 2518
2402 2518
2403 2517
2404 2517
2405 2516
2406 2515
2407 2516
2408 2516
2409 2517
2410 2517
2411 2517
2412 2516
2413 2518
2414 2517
2415 2516
2416 2516
2417 2517
2418 2517
2419 2517
2420 2517
2421 2517
2422 2517
2423 2517
2424 2517
2425 2518
2426 2517
2427 2517
2428 2516
2429 2517
2430 2517
2431 2517
2432 2517
2433 2517
2434 2517
2435 2517
2436 2517
2437 2517
2438 2517
2439 2518
2440 2518
2441 2519
2442 2518
2443 2518
2444 2519
2445 2518
2446 2518
2447 2518
2448 2518
2449 2518
2450 2518
2451 2517
2452 2517
2453 2516
2454 2517
2455 2517
2456 2516
2457 2516
2458 2521
2459 2519
2460 2519
2461 2520
2462 2519
2463 2519
2464 2519
2465 2518
2466 2523
2467 2518
2468 2518
2469 2518
2470 2523
2471 2519
2472 2518
2473 2518
2474 2524
2475 2525
2476 2519
2477 2519
2478 2520
2479 2519
2480 2519
2481 2519
2482 2519
2483 2518
2484 2519
2485 2518
2486 2517
2487 2518
2488 2518
2489 2518
2490 2520
2491 2517
2492 2518
2493 2522
2494 2517
2495 2518
2496 2517
2497 2517
2498 2517
2499 2517
2500 2517
2501 2518
2502 2517
2503 2516
2504 2525
2505 2518
2506 2517
2507 2516
2508 2516
2509 2516
2510 2516
2511 2516
2512 2516
2513 2516
2514 2517
2515 2518
2516 2517
2517 2516
2518 2516
2519 2516
2520 2525
2521 2525
2522 2516
2523 2516
2524 2517
2525 2521
2526 2517
2527 2522
2528 2521
2529 2521
2530 2518
2531 2518
2532 2519
2533 2520
2534 2518
2535 2521
2536 2521
2537 2518
2538 2524
2539 2517
2540 2516
2541 2516
2542 2516
2543 2526
2544 2516
2545 2517
2546 2526
2547 2516
2548 2514
2549 2525
2550 2514
2551 2513
2552 2512
2553 2518
2554 2517
2555 2520
2556 2520
2557 2518
2558 2520
2559 2523
2560 2522
2561 2526
2562 2521
2563 2519
2564 2520
2565 2521
2566 2526
2567 2520
2568 2518
2569 2528
2570 2513
2571 2523
2572 2530
2573 2520
2574 2529
2575 2529
2576 2513
2577 2516
2578 2516
2579 2519
2580 2515
2581 2514
2582 2513
2583 2513
2584 2513
2585 2513
2586 2514
2587 2512
2588 2513
2589 2513
2590 2516
2591 2515
2592 2514
2593 2514
2594 2514
2595 2513
2596 2514
2597 2519
2598 2520
2599 2516
2600 2519
2601 2519
2602 2517
2603 2520
2604 2518
2605 2518
2606 2517
2607 2516
2608 2519
2609 2518
2610 2517
2611 2517
2612 2516
2613 2525
2614 2527
2615 2516
2616 2517
2617 2515
2618 2515
2619 2515
2620 2515
2621 2515
2622 2515
2623 2515
2624 2518
2625 2517
2626 2517
2627 2518
2628 2518
2629 2520
2630 2521
2631 2521
2632 2521
2633 2521
2634 2525
2635 2525
2636 2521
2637 2521
2638 2521
2639 2520
2640 2521
2641 2522
2642 2521
2643 2522
2644 2521
2645 2521
2646 2521
2647 2521
2648 2523
2649 2522
2650 2524
2651 2522
2652 2523
2653 2521
2654 2522
2655 2522
2656 2522
2657 2522
2658 2523
2659 2522
2660 2523
2661 2523
2662 2523
2663 2523
2664 2522
2665 2522
2666 2522
2667 2522
2668 2522
2669 2522
2670 2523
2671 2522
2672 2523
2673 2524
2674 2523
2675 2523
2676 2522
2677 2521
2678 2525
2679 2523
2680 2524
2681 2523
2682 2523
2683 2522
2684 2523
2685 2522
2686 2522
2687 2522
2688 2523
2689 2523
2690 2522
2691 2522
2692 2522
2693 2522
2694 2521
2695 2521
2696 2521
2697 2523
2698 2521
2699 2521
2700 2522
2701 2520
2702 2520
2703 2521
2704 2523
2705 2522
2706 2523
2707 2523
2708 2523
2709 2523
2710 2522
2711 2527
2712 2523
2713 2521
2714 2522
2715 2520
2716 2521
2717 2520
2718 2518
2719 2524
2720 2525
2721 2525
2722 2526
2723 2526
2724 2524
2725 2525
2726 2525
2727 2524
2728 2524
2729 2524
2730 2524
2731 2524
2732 2525
2733 2533
2734 2533
2735 2520
2736 2521
2737 2522
2738 2525
2739 2526
2740 2525
2741 2524
2742 2525
2743 2530
2744 2524
2745 2524
2746 2524
2747 2523
2748 2522
2749 2523
2750 2524
2751 2524
2752 2524
2753 2525
2754 2524
2755 2527
2756 2526
2757 2527
2758 2526
2759 2524
2760 2524
2761 2523
2762 2525
2763 2523
2764 2520
2765 2520
2766 2522
2767 2522
2768 2523
2769 2523
2770 2523
2771 2523
2772 2522
2773 2522
2774 2522
2775 2523
2776 2524
2777 2526
2778 2523
2779 2522
2780 2522
2781 2524
2782 2521
2783 2524
2784 2520
2785 2523
2786 2522
2787 2521
2788 2521
2789 2520
2790 2521
2791 2519
2792 2520
2793 2520
2794 2519
2795 2520
2796 2521
2797 2525
2798 2524
2799 2523
2800 2523
2801 2522
2802 2521
2803 2521
2804 2521
2805 2521
2806 2520
2807 2521
2808 2524
2809 2522
2810 2522
2811 2521
2812 2521
2813 2524
2814 2528
2815 2527
2816 2523
2817 2522
2818 2522
2819 2522
2820 2522
2821 2533
2822 2524
2823 2523
2824 2524
2825 2526
2826 2523
2827 2528
2828 2524
2829 2524
2830 2531
2831 2525
2832 2525
2833 2524
2834 2524
2835 2524
2836 2525
2837 2525
2838 2526
2839 2525
2840 2525
2841 2526
2842 2525
2843 2525
2844 2527
2845 2526
2846 2525
2847 2524
2848 2527
2849 2526
2850 2526
2851 2526
2852 2526
2853 2525
2854 2525
2855 2525
2856 2526
2857 2525
2858 2526
2859 2526
2860 2525
2861 2525
2862 2531
2863 2526
2864 2526
2865 2526
2866 2526
2867 2526
2868 2526
2869 2526
2870 2526
2871 2525
2872 2526
2873 2528
2874 2525
2875 2525
2876 2525
2877 2525
2878 2520
2879 2527
2880 2524
2881 2523
2882 2520
2883 2522
2884 2522
2885 2521
2886 2523
2887 2522
2888 2523
2889 2522
2890 2522
2891 2522
2892 2519
2893 2532
2894 2522
2895 2526
2896 2526
2897 2528
2898 2523
2899 2525
2900 2527
2901 2526
2902 2524
2903 2526
2904 2529
2905 2523
2906 2527
2907 2528
2908 2526
2909 2528
2910 2514
2911 2530
2912 2528
2913 2530
2914 2527
2915 2529
2916 2528
2917 2526
2918 2533
2919 2528
2920 2528
2921 2528
2922 2525
2923 2524
2924 2524
2925 2527
2926 2522
2927 2520
2928 2519
2929 2521
2930 2523
2931 2523
2932 2527
2933 2524
2934 2531
2935 2525
2936 2526
2937 2528
2938 2530
2939 2529
2940 2528
2941 2519
2942 2524
2943 2525
2944 2520
2945 2519
2946 2519
2947 2519
2948 2520
2949 2520
2950 2525
2951 2524
2952 2520
2953 2525
2954 2521
2955 2523
2956 2520
2957 2519
2958 2524
2959 2521
2960 2521
2961 2522
2962 2522
2963 2522
2964 2521
2965 2521
2966 2522
2967 2521
2968 2522
2969 2520
2970 2520
2971 2520
2972 2520
2973 2521
2974 2526
2975 2528
2976 2521
2977 2524
2978 2525
2979 2531
2980 2523
2981 2523
2982 2519
2983 2521
2984 2520
2985 2519
2986 2524
2987 2523
2988 2519
2989 2523
2990 2521
2991 2519
2992 2521
2993 2520
2994 2521
2995 2521
2996 2522
2997 2523
2998 2519
2999 2519
3000 2523
3001 2519
3002 2523
3003 2517
3004 2517
3005 2520
3006 2517
3007 2518
3008 2518
3009 2521
3010 2523
3011 2519
3012 2518
3013 2521
3014 2522
3015 2518
3016 2518
3017 2519
3018 2519
3019 2520
3020 2519
3021 2518
3022 2518
3023 2519
3024 2518
3025 2518
3026 2517
3027 2520
3028 2518
3029 2518
3030 2519
3031 2520
3032 2518
3033 2519
3034 2519
3035 2519
3036 2520
3037 2521
3038 2520
3039 2520
3040 2520
3041 2520
3042 2520
3043 2520
3044 2520
3045 2520
3046 2518
3047 2520
3048 2520
3049 2520
3050 2521
3051 2521
3052 2520
3053 2522
3054 2520
3055 2521
3056 2521
3057 2521
3058 2521
3059 2527
3060 2521
3061 2520
3062 2521
3063 2521
3064 2522
3065 2521
3066 2527
3067 2521
3068 2520
3069 2520
3070 2520
3071 2520
3072 2521
3073 2521
3074 2520
3075 2521
3076 2521
3077 2521
3078 2522
3079 2530
3080 2521
3081 2523
3082 2522
3083 2521
3084 2521
3085 2523
3086 2522
3087 2522
3088 2522
3089 2522
3090 2522
3091 2522
3092 2523
3093 2522
3094 2517
3095 2519
3096 2521
3097 2517
3098 2523
3099 2522
3100 2519
3101 2519
3102 2518
3103 2519
3104 2518
3105 2518
3106 2518
3107 2518
3108 2518
3109 2518
3110 2518
3111 2518
3112 2518
3113 2518
3114 2518
3115 2518
3116 2519
3117 2517
3118 2518
3119 2518
3120 2518
3121 2519
3122 2518
3123 2518
3124 2520
3125 2520
3126 2520
3127 2521
3128 2521
3129 2519
3130 2521
3131 2521
3132 2516
3133 2516
3134 2522
3135 2521
3136 2521
3137 2517
3138 2521
3139 2518
3140 2518
3141 2517
3142 2518
3143 2518
3144 2517
3145 2518
3146 2518
3147 2519
3148 2519
3149 2518
3150 2518
3151 2518
3152 2518
3153 2522
3154 2519
3155 2518
3156 2519
3157 2519
3158 2521
3159 2518
3160 2520
3161 2519
3162 2518
3163 2520
3164 2519
3165 2521
3166 2524
3167 2518
3168 2518
3169 2518
3170 2518
3171 2518
3172 2520
3173 2520
3174 2518
3175 2518
3176 2519
3177 2519
3178 2528
3179 2525
3180 2524
3181 2532
3182 2518
3183 2519
3184 2519
3185 2523
3186 2523
3187 2521
3188 2521
3189 2522
3190 2522
3191 2525
3192 2521
3193 2519
3194 2519
3195 2519
3196 2518
3197 2520
3198 2519
3199 2520
3200 2518
3201 2519
3202 2511
3203 2511
3204 2518
3205 2509
3206 2515
3207 2514
3208 2512
3209 2511
3210 2510
3211 2514
3212 2514
3213 2514
3214 2514
3215 2512
3216 2512
3217 2513
3218 2513
3219 2514
3220 2514
3221 2521
3222 2520
3223 2510
3224 2508
3225 2507
3226 2507
3227 2510
3228 2526
3229 2509
3230 2523
3231 2521
3232 2520
3233 2518
3234 2518
3235 2518
3236 2517
3237 2518
3238 2518
3239 2519
3240 2519
3241 2519
3242 2521
3243 2521
3244 2521
3245 2521
3246 2523
3247 2523
3248 2524
3249 2524
3250 2524
3251 2523
3252 2522
3253 2525
3254 2525
3255 2524
3256 2525
3257 2524
3258 2525
3259 2525
3260 2525
3261 2526
3262 2525
3263 2525
3264 2525
3265 2525
3266 2525
3267 2525
3268 2525
3269 2525
3270 2524
3271 2525
3272 2525
3273 2525
3274 2525
3275 2529
3276 2531
3277 2527
3278 2526
3279 2526
3280 2526
3281 2526
3282 2527
3283 2527
3284 2526
3285 2525
3286 2525
3287 2528
3288 2532
3289 2526
3290 2526
3291 2526
3292 2529
3293 2521
3294 2530
3295 2532
3296 2531
3297 2538
3298 2535
3299 2526
3300 2531
3301 2525
3302 2526
3303 2525
3304 2526
3305 2526
3306 2526
3307 2527
3308 2527
3309 2528
3310 2529
3311 2528
3312 2528
3313 2528
3314 2528
3315 2528
3316 2527
3317 2527
3318 2527
3319 2527
3320 2528
3321 2528
3322 2525
3323 2525
3324 2524
3325 2527
3326 2524
3327 2532
3328 2524
3329 2523
3330 2523
3331 2522
3332 2522
3333 2522
3334 2522
3335 2521
3336 2522
3337 2521
3338 2521
3339 2521
3340 2520
3341 2520
3342 2520
3343 2520
3344 2520
3345 2525
3346 2521
3347 2523
3348 2524
3349 2519
3350 2529
3351 2522
3352 2523
3353 2523
3354 2522
3355 2521
3356 2528
3357 2524
3358 2521
3359 2521
3360 2520
3361 2519
3362 2519
3363 2519
3364 2520
3365 2520
3366 2520
3367 2519
3368 2521
3369 2520
3370 2520
3371 2520
3372 2519
3373 2519
3374 2518
3375 2517
3376 2517
3377 2516
3378 2515
3379 2515
3380 2514
3381 2513
3382 2512
3383 2512
3384 2511
3385 2511
3386 2511
3387 2511
3388 2510
3389 2511
3390 2510
3391 2510
3392 2510
3393 2510
3394 2510
3395 2510
3396 2511
3397 2510
3398 2510
3399 2510
3400 2510
3401 2510
3402 2510
3403 2509
3404 2510
3405 2509
3406 2509
3407 2509
3408 2508
3409 2508
3410 2508
3411 2508
3412 2507
3413 2507
3414 2507
3415 2507
3416 2508
3417 2507
3418 2507
3419 2507
3420 2507
3421 2507
3422 2507
3423 2507
3424 2507
3425 2507
3426 2506
3427 2506
3428 2506
3429 2506
3430 2505
3431 2506
3432 2507
3433 2505
3434 2507
3435 2509
3436 2504
3437 2505
3438 2505
3439 2504
3440 2505
3441 2504
3442 2508
3443 2504
3444 2507
3445 2506
3446 2502
3447 2507
3448 2503
3449 2510
3450 2502
3451 2502
3452 2502
3453 2503
3454 2503
3455 2503
3456 2503
3457 2503
3458 2503
3459 2502
3460 2503
3461 2503
3462 2503
3463 2502
3464 2502
3465 2502
3466 2502
3467 2502
3468 2501
3469 2502
3470 2502
3471 2502
3472 2501
3473 2501
3474 2501
3475 2501
3476 2501
3477 2501
3478 2501
3479 2500
3480 2501
3481 2500
3482 2500
3483 2501
3484 2501
3485 2500
3486 2500
3487 2500
3488 2500
3489 2501
3490 2501
3491 2500
3492 2501
3493 2501
3494 2501
3495 2501
3496 2500
3497 2500
3498 2501
3499 2501
3500 2501
3501 2502
3502 2503
3503 2501
3504 2500
3505 2500
3506 2500
3507 2503
3508 2502
3509 2500
3510 2500
3511 2500
3512 2499
3513 2499
3514 2499
3515 2498
3516 2502
3517 2498
3518 2499
3519 2498
3520 2497
3521 2497
3522 2497
3523 2497
3524 2496
3525 2501
3526 2499
3527 2497
3528 2497
3529 2497
3530 2497
3531 2497
3532 2497
3533 2497
3534 2497
3535 2498
3536 2497
3537 2497
3538 2497
3539 2497
3540 2498
3541 2497
3542 2497
3543 2497
3544 2497
3545 2496
3546 2496
3547 2498
3548 2497
3549 2500
3550 2497
3551 2496
3552 2496
3553 2495
3554 2495
3555 2496
3556 2495
3557 2495
3558 2495
3559 2495
3560 2494
3561 2494
3562 2494
3563 2493
3564 2494
3565 2495
3566 2493
3567 2494
3568 2494
3569 2494
3570 2494
3571 2494
3572 2494
3573 2495
3574 2495
3575 2495
3576 2495
3577 2495
3578 2496
3579 2495
3580 2495
3581 2495
3582 2495
3583 2495
3584 2494
3585 2494
3586 2494
3587 2494
3588 2494
3589 2494
3590 2494
3591 2494
3592 2493
3593 2493
3594 2493
3595 2493
3596 2492
3597 2493
3598 2493
3599 2493
3600 2492
3601 2493
3602 2492
3603 2492
3604 2492
3605 2492
3606 2492
3607 2492
3608 2491
3609 2491
3610 2491
3611 2491
3612 2492
3613 2491
3614 2491
3615 2491
3616 2491
3617 2491
3618 2491
3619 2491
3620 2491
3621 2490
3622 2490
3623 2494
3624 2490
3625 2490
3626 2490
3627 2490
3628 2490
3629 2490
3630 2490
3631 2491
3632 2491
3633 2490
3634 2490
3635 2490
3636 2491
3637 2490
3638 2490
3639 2489
3640 2490
3641 2491
3642 2488
3643 2490
3644 2489
3645 2489
3646 2488
3647 2487
3648 2487
3649 2488
3650 2487
3651 2487
3652 2487
3653 2488
3654 2485
3655 2484
3656 2484
3657 2483
3658 2483
3659 2483
3660 2482
3661 2482
3662 2481
3663 2480
3664 2480
3665 2480
3666 2480
3667 2479
3668 2479
3669 2478
3670 2475
3671 2476
3672 2476
3673 2476
3674 2476
3675 2475
3676 2475
3677 2475
3678 2475
3679 2475
3680 2479
3681 2476
3682 2476
3683 2476
3684 2476
3685 2477
3686 2477
3687 2477
3688 2476
3689 2477
3690 2477
3691 2477
3692 2476
3693 2476
3694 2476
3695 2477
3696 2478
3697 2477
3698 2476
3699 2476
3700 2476
3701 2475
3702 2476
3703 2476
3704 2474
3705 2475
3706 2475
3707 2476
3708 2476
3709 2476
3710 2476
3711 2476
3712 2476
3713 2476
3714 2476
3715 2477
3716 2475
3717 2478
3718 2477
3719 2477
3720 2477

