2000 2496
2001 2496
2002 2496
2003 2497
2004 2497
2005 2499
2006 2503
2007 2496
2008 2496
2009 2497
2010 2497
2011 2497
2012 2497
2013 2499
2014 2498
2015 2497
2016 2497
2017 2497
2018 2497
2019 2497
2020 2497
2021 2504
2022 2498
2023 2497
2024 2497
2025 2497
2026 2497
2027 2497
2028 2504
2029 2498
2030 2498
2031 2498
2032 2498
2033 2498
2034 2500
2035 2502
2036 2498
2037 2498
2038 2498
2039 2499
2040 2498
2041 2499
2042 2501
2043 2501
2044 2502
2045 2502
2046 2508
2047 2509
2048 2510
2049 2510
2050 2502
2051 2504
2052 2502
2053 2503
2054 2503
2055 2500
2056 2499
2057 2499
2058 2499
2059 2498
2060 2499
2061 2499
2062 2499
2063 2498
2064 2499
2065 2499
2066 2500
2067 2499
2068 2500
2069 2499
2070 2500
2071 2500
2072 2499
2073 2499
2074 2499
2075 2499
2076 2499
2077 2499
2078 2499
2079 2499
2080 2499
2081 2499
2082 2499
2083 2499
2084 2499
2085 2499
2086 2499
2087 2499
2088 2499
2089 2499
2090 2499
2091 2499
2092 2499
2093 2499
2094 2499
2095 2499
2096 2499
2097 2498
2098 2499
2099 2499
2100 2500
2101 2499
2102 2499
2103 2499
2104 2499
2105 2499
2106 2499
2107 2499
2108 2499
2109 2498
2110 2498
2111 2498
2112 2498
2113 2499
2114 2498
2115 2498
2116 2498
2117 2498
2118 2498
2119 2498
2120 2498
2121 2498
2122 2497
2123 2498
2124 2498
2125 2497
2126 2498
2127 2497
2128 2496
2129 2498
2130 2497
2131 2497
2132 2496
2133 2497
2134 2497
2135 2496
2136 2496
2137 2496
2138 2495
2139 2499
2140 2497
2141 2500
2142 2496
2143 2496
2144 2495
2145 2496
2146 2495
2147 2495
2148 2493
2149 2493
2150 2493
2151 2492
2152 2504
2153 2494
2154 2494
2155 2494
2156 2496
2157 2493
2158 2494
2159 2495
2160 2497
2161 2496
2162 2496
2163 2495
2164 2501
2165 2494
2166 2494
2167 2496
2168 2499
2169 2497
2170 2496
2171 2496
2172 2497
2173 2499
2174 2495
2175 2495
2176 2497
2177 2496
2178 2497
2179 2497
2180 2498
2181 2496
2182 2496
2183 2497
2184 2496
2185 2496
2186 2496
2187 2496
2188 2496
2189 2500
2190 2496
2191 2495
2192 2495
2193 2494
2194 2494
2195 2499
2196 2494
2197 2494
2198 2495
2199 2493
2200 2493
2201 2493
2202 2498
2203 2492
2204 2497
2205 2497
2206 2493
2207 2496
2208 2500
2209 2498
2210 2497
2211 2499
2212 2498
2213 2505
2214 2495
2215 2495
2216 2499
2217 2494
2218 2493
2219 2493
2220 2492
2221 2492
2222 2501
2223 2494
2224 2495
2225 2494
2226 2493
2227 2499
2228 2501
2229 2503
2230 2501
2231 2503
2232 2503
2233 2507
2234 2507
2235 2506
2236 2508
2237 2506
2238 2505
2239 2507
2240 2507
2241 2506
2242 2503
2243 2511
2244 2504
2245 2512
2246 2510
2247 2504
2248 2504
2249 2514
2250 2513
2251 2505
2252 2505
2253 2505
2254 2510
2255 2506
2256 2508
2257 2509
2258 2510
2259 2513
2260 2509
2261 2510
2262 2510
2263 2516
2264 2511
2265 2513
2266 2517
2267 2511
2268 2512
2269 2512
2270 2512
2271 2513
2272 2515
2273 2511
2274 2511
2275 2511
2276 2512
2277 2512
2278 2511
2279 2511
2280 2511
2281 2511
2282 2512
2283 2512
2284 2513
2285 2513
2286 2511
2287 2512
2288 2512
2289 2512
2290 2512
2291 2512
2292 2511
2293 2512
2294 2513
2295 2512
2296 2512
2297 2515
2298 2513
2299 2514
2300 2513
2301 2513
2302 2513
2303 2512
2304 2513
2305 2517
2306 2513
2307 2512
2308 2512
2309 2513
2310 2512
2311 2512
2312 2513
2313 2512
2314 2515
2315 2513
2316 2513
2317 2513
2318 2513
2319 2513
2320 2513
2321 2513
2322 2513
2323 2514
2324 2513
2325 2513
2326 2515
2327 2514
2328 2514
2329 2514
2330 2515
2331 2515
2332 2515
2333 2514
2334 2516
2335 2514
2336 2514
2337 2514
2338 2514
2339 2515
2340 2514
2341 2514
2342 2514
2343 2514
2344 2516
2345 2514
2346 2514
2347 2514
2348 2514
2349 2514
2350 2515
2351 2514
2352 2514
2353 2514
2354 2515
2355 2515
2356 2515
2357 2515
2358 2515
2359 2515
2360 2515
2361 2515
2362 2518
2363 2518
2364 2517
2365 2516
2366 2516
2367 2514
2368 2518
2369 2513
2370 2513
2371 2513
2372 2513
2373 2513
2374 2514
2375 2518
2376 2512
2377 2514
2378 2508
2379 2510
2380 2514
2381 2514
2382 2516
2383 2513
2384 2517
2385 2513
2386 2513
2387 2516
2388 2511
2389 2510
2390 2507
2391 2507
2392 2507
2393 2507
2394 2517
2395 2510
2396 2517
2397 2509
2398 2526
2399 2509
2400 2510
2401 2508
2402 2507
2403 2509
2404 2508
2405 2506
2406 2517
2407 2509
2408 2512
2409 2510
2410 2514
2411 2508
2412 2513
2413 2509
2414 2513
2415 2513
2416 2508
2417 2515
2418 2513
2419 2514
2420 2508
2421 2519
2422 2508
2423 2508
2424 2508
2425 2507
2426 2506
2427 2506
2428 2508
2429 2515
2430 2519
2431 2506
2432 2508
2433 2511
2434 2517
2435 2513
2436 2513
2437 2513
2438 2514
2439 2513
2440 2514
2441 2513
2442 2514
2443 2513
2444 2513
2445 2513
2446 2513
2447 2514
2448 2514
2449 2513
2450 2514
2451 2513
2452 2514
2453 2514
2454 2515
2455 2513
2456 2513
2457 2513
2458 2514
2459 2513
2460 2517
2461 2513
2462 2514
2463 2513
2464 2513
2465 2514
2466 2517
2467 2518
2468 2513
2469 2513
2470 2513
2471 2513
2472 2512
2473 2514
2474 2513
2475 2514
2476 2513
2477 2512
2478 2516
2479 2513
2480 2513
2481 2513
2482 2516
2483 2514
2484 2515
2485 2512
2486 2513
2487 2514
2488 2513
2489 2512
2490 2513
2491 2513
2492 2514
2493 2515
2494 2508
2495 2509
2496 2506
2497 2505
2498 2505
2499 2505
2500 2507
2501 2507
2502 2521
2503 2509
2504 2521
2505 2512
2506 2511
2507 2511
2508 2510
2509 2518
2510 2513
2511 2508
2512 2510
2513 2507
2514 2507
2515 2506
2516 2510
2517 2507
2518 2507
2519 2511
2520 2510
2521 2508
2522 2508
2523 2508
2524 2509
2525 2508
2526 2508
2527 2508
2528 2506
2529 2507
2530 2507
2531 2504
2532 2505
2533 2499
2534 2507
2535 2504
2536 2501
2537 2502
2538 2498
2539 2499
2540 2504
2541 2503
2542 2506
2543 2496
2544 2497
2545 2499
2546 2500
2547 2496
2548 2496
2549 2495
2550 2496
2551 2504
2552 2500
2553 2503
2554 2501
2555 2500
2556 2501
2557 2501
2558 2501
2559 2502
2560 2500
2561 2502
2562 2503
2563 2494
2564 2493
2565 2494
2566 2493
2567 2493
2568 2494
2569 2503
2570 2494
2571 2493
2572 2494
2573 2494
2574 2493
2575 2492
2576 2493
2577 2492
2578 2494
2579 2502
2580 2495
2581 2494
2582 2498
2583 2494
2584 2494
2585 2493
2586 2495
2587 2501
2588 2498
2589 2492
2590 2493
2591 2493
2592 2494
2593 2493
2594 2492
2595 2496
2596 2493
2597 2493
2598 2493
2599 2493
2600 2494
2601 2494
2602 2493
2603 2493
2604 2493
2605 2493
2606 2494
2607 2493
2608 2494
2609 2494
2610 2493
2611 2493
2612 2493
2613 2494
2614 2493
2615 2493
2616 2494
2617 2493
2618 2493
2619 2495
2620 2494
2621 2493
2622 2493
2623 2492
2624 2493
2625 2493
2626 2494
2627 2493
2628 2494
2629 2494
2630 2494
2631 2494
2632 2494
2633 2495
2634 2500
2635 2496
2636 2500
2637 2497
2638 2494
2639 2494
2640 2494
2641 2495
2642 2494
2643 2495
2644 2495
2645 2495
2646 2496
2647 2497
2648 2495
2649 2495
2650 2495
2651 2495
2652 2495
2653 2495
2654 2495
2655 2495
2656 2495
2657 2494
2658 2495
2659 2495
2660 2496
2661 2495
2662 2494
2663 2494
2664 2495
2665 2495
2666 2496
2667 2495
2668 2495
2669 2494
2670 2494
2671 2495
2672 2494
2673 2495
2674 2495
2675 2494
2676 2494
2677 2494
2678 2494
2679 2495
2680 2497
2681 2496
2682 2498
2683 2494
2684 2494
2685 2495
2686 2494
2687 2498
2688 2494
2689 2494
2690 2494
2691 2494
2692 2494
2693 2494
2694 2494
2695 2494
2696 2494
2697 2494
2698 2494
2699 2493
2700 2494
2701 2494
2702 2494
2703 2494
2704 2496
2705 2493
2706 2494
2707 2495
2708 2494
2709 2494
2710 2494
2711 2495
2712 2495
2713 2496
2714 2495
2715 2495
2716 2495
2717 2495
2718 2494
2719 2495
2720 2494
2721 2495
2722 2494
2723 2494
2724 2494
2725 2495
2726 2495
2727 2495
2728 2495
2729 2495
2730 2495
2731 2495
2732 2494
2733 2494
2734 2494
2735 2494
2736 2494
2737 2494
2738 2495
2739 2495
2740 2495
2741 2495
2742 2495
2743 2495
2744 2495
2745 2495
2746 2495
2747 2495
2748 2495
2749 2494
2750 2495
2751 2494
2752 2494
2753 2494
2754 2494
2755 2494
2756 2495
2757 2495
2758 2494
2759 2494
2760 2495
2761 2494
2762 2494
2763 2494
2764 2494
2765 2497
2766 2494
2767 2494
2768 2494
2769 2494
2770 2494
2771 2494
2772 2494
2773 2494
2774 2493
2775 2493
2776 2493
2777 2493
2778 2493
2779 2494
2780 2493
2781 2493
2782 2493
2783 2493
2784 2493
2785 2493
2786 2493
2787 2493
2788 2493
2789 2493
2790 2493
2791 2493
2792 2493
2793 2493
2794 2493
2795 2493
2796 2493
2797 2493
2798 2493
2799 2493
2800 2493
2801 2493
2802 2493
2803 2493
2804 2493
2805 2493
2806 2493
2807 2493
2808 2493
2809 2492
2810 2493
2811 2492
2812 2492
2813 2493
2814 2493
2815 2493
2816 2492
2817 2492
2818 2492
2819 2492
2820 2492
2821 2492
2822 2492
2823 2492
2824 2492
2825 2492
2826 2492
2827 2492
2828 2492
2829 2492
2830 2492
2831 2492
2832 2492
2833 2492
2834 2491
2835 2492
2836 2491
2837 2491
2838 2491
2839 2491
2840 2491
2841 2491
2842 2491
2843 2491
2844 2491
2845 2491
2846 2491
2847 2491
2848 2491
2849 2491
2850 2491
2851 2491
2852 2491
2853 2491
2854 2491
2855 2491
2856 2491
2857 2491
2858 2491
2859 2491
2860 2491
2861 2491
2862 2491
2863 2491
2864 2491
2865 2491
2866 2491
2867 2491
2868 2490
2869 2490
2870 2491
2871 2491
2872 2491
2873 2491
2874 2491
2875 2491
2876 2491
2877 2491
2878 2491
2879 2491
2880 2491
2881 2491
2882 2491
2883 2491
2884 2491
2885 2491
2886 2491
2887 2491
2888 2491
2889 2491
2890 2491
2891 2491
2892 2491
2893 2490
2894 2490
2895 2490
2896 2490
2897 2490
2898 2490
2899 2491
2900 2491
2901 2490
2902 2490
2903 2490
2904 2490
2905 2490
2906 2490
2907 2490
2908 2491
2909 2491
2910 2491
2911 2490
2912 2490
2913 2491
2914 2490
2915 2490
2916 2490
2917 2490
2918 2490
2919 2490
2920 2490
2921 2490
2922 2490
2923 2490
2924 2490
2925 2490
2926 2490
2927 2490
2928 2490
2929 2490
2930 2490
2931 2490
2932 2490
2933 2490
2934 2490

2708 2532
2709 2543
2710 2533
2711 2533
2712 2540
2713 2534
2714 2534
2715 2533
2716 2535
2717 2533
2718 2535
2719 2543
2720 2530
2721 2534
2722 2534
2723 2540
2724 2540
2725 2533
2726 2530
2727 2535
2728 2534
2729 2536
2730 2533
2731 2528
2732 2528
2733 2537
2734 2534
2735 2531
2736 2533
2737 2532
2738 2532
2739 2532
2740 2531
2741 2532
2742 2527
2743 2528
2744 2531
2745 2532
2746 2530
2747 2532
2748 2539
2749 2529
2750 2538
2770 2519
2771 2520
2772 2519
2773 2519
2774 2519
2775 2518
2776 2515
2777 2518
2778 2519
2779 2519
2780 2519
2781 2519
2782 2519
2783 2518
2784 2518
2785 2523
2786 2519
2787 2519
2788 2519
2789 2519
2790 2520
2791 2520
2792 2520
2793 2519
2794 2519
2795 2518
2796 2519
2797 2519
2798 2518
2799 2519
2800 2518
2801 2520
2802 2518
2803 2518
2804 2517
2805 2517
2806 2517
2807 2516
2808 2516
2809 2517
2810 2516
2811 2521
2812 2517
2813 2517
2814 2516
2815 2516
2816 2517
2817 2517
2818 2517
2819 2517
2820 2517
2821 2517
2822 2517
2823 2517
2824 2516
2825 2517
2826 2517
2827 2517
2828 2517
2829 2517
2830 2518
2831 2517
2832 2517
2833 2516
2834 2517
2835 2516
2836 2516
2837 2516
2838 2516
2839 2516
2840 2516
2841 2516
2842 2517
2843 2516
2844 2516
2845 2516
2846 2515
2847 2515
2848 2516
2849 2516
2850 2516
2851 2516
2852 2516
2853 2516
2854 2515
2855 2516
2856 2515
2857 2515
2858 2515
2859 2515
2860 2515
2861 2515
2862 2516
2863 2515
2864 2515
2865 2515
2866 2516
2867 2514
2868 2515
2869 2515
2870 2515
2871 2516
2872 2515
2873 2515
2874 2516
2875 2516
2876 2516
2877 2523
2878 2515
2879 2517
2880 2515
2881 2516
2882 2516
2883 2515
2884 2515
2885 2515
2886 2515
2887 2515
2888 2516
2889 2515
2890 2515
2891 2515
2892 2515
2893 2515
2894 2515
2895 2515
2896 2514
2897 2515
2898 2515
2899 2515
2900 2514
2901 2516
2902 2514
2903 2515
2904 2521
2905 2515
2906 2515
2907 2515
2908 2515
2909 2515
2910 2515
2911 2515
2912 2515
2913 2515
2914 2515
2915 2514
2916 2515
2917 2515
2918 2514
2919 2514
2920 2520
2921 2513
2922 2518
2923 2519
2924 2514
2925 2514
2926 2513
2927 2514
2928 2514
2929 2513
2930 2513
2931 2514
2932 2514
2933 2513
2934 2513
2935 9999

