2805 2513
2806 2520
2807 2510
2808 2509
2809 2520
2810 2519
2811 2515
2812 2511
2813 2513
2814 2512
2815 2511
2816 2510
2817 2511
2818 2511
2819 2512
2820 2513
2821 2512
2822 2512
2823 2511
2824 2511
2825 2517
2826 2510
2827 2510
2828 2511
2829 2510
2830 2511
2831 2511
2832 2511
2833 2515
2834 2514
2835 2510
2836 2510
2837 2515
2838 2510
2839 2510
2840 2510
2841 2510
2842 2510
2843 2511
2844 2511
2845 2511
2846 2512
2847 2513
2848 2512
2849 2511
2850 2512
2851 2512
2852 2511
2853 2511
2854 2511
2855 2511
2856 2517
2857 2511
2858 2511
2859 2511
2860 2511
2861 2511
2862 2512
2863 2511
2864 2510
2865 2513
2866 2513
2867 2508
2868 2508
2869 2508
2870 2507
2871 2508
2872 2507
2873 2512
2874 2508
2875 2509
2876 2509
2877 2508
2878 2510
2879 2506
2880 2510
2881 2508
2882 2508
2883 2507
2884 2508
2885 2509
2886 2507
2887 2509
2888 2506
2889 2506
2890 2506
2891 2507
2892 2506
2893 2511
2894 2508
2895 2508
2896 2508
2897 2512
2898 2506
2899 2507
2900 2507
2901 2506
2902 2506
2903 2506
2904 2505
2905 2506
2906 2507
2907 2505
2908 2512
2909 2512
2910 2517
2911 2512
2912 2506
2913 2507
2914 2510
2915 2510
2916 2509
2917 2508
2918 2513
2919 2506
2920 2507
2921 2513
2922 2505
2923 2505
2924 2508
2925 2507
2926 2512
2927 2505
2928 2512
2929 2511
2930 2509
2931 2509
2932 2506
2933 2511
2934 2506
2935 2507
2936 2505
2937 2505
2938 2504
2939 2505
2940 2505
2941 2505
2942 2504
2943 2503
2944 2512
2945 2501
2946 2501
2947 2503
2948 2505
2949 2502
2950 2504
2951 2501
2952 2501
2953 2501
2954 2502
2955 2508
2956 2504
2957 2504
2958 2503
2959 2502
2960 2503
2961 2506
2962 2507
2963 2507
2964 2504
2965 2504
2966 2503
2967 2503
2968 2511
2969 2502
2970 2502
2971 2502
2972 2501
2973 2505
2974 2502
2975 2502
2976 2502
2977 2502
2978 2502
2979 2503
2980 2503
2981 2504
2982 2503
2983 2503
2984 2502
2985 2502
2986 2503
2987 2502
2988 2503
2989 2505
2990 2502
2991 2500
2992 2506
2993 2500
2994 2501
2995 2502
2996 2502
2997 2508
2998 2503
2999 2503
3000 2502
3001 2501
3002 2500
3003 2499
3004 2499
3005 2503
3006 2502
3007 2501
3008 2501
3009 2501
3010 2504
3011 2501
3012 2501
3013 2503
3014 2502
3015 2502
3016 2504
3017 2501
3018 2501
3019 2499
3020 2499
3021 2505
3022 2504
3023 2506
3024 2497
3025 2498
3026 2504
3027 2503
3028 2502
3029 2504
3030 2502
3031 2505
3032 2499
3033 2500
3034 2499
3035 2500
3036 2500
3037 2499
3038 2498
3039 2498
3040 2497
3041 2499
3042 2500
3043 2495
3044 2498
3045 2501
3046 2496
3047 2496
3048 2502
3049 2497
3050 2504
3051 2501
3052 2498
3053 2498
3054 2499
3055 2499
3056 2498
3057 2500
3058 2500
3059 2501
3060 2501
3061 2502
3062 2498
3063 2499
3064 2499
3065 2497
3066 2498
3067 2504
3068 2497
3069 2497
3070 2500
3071 2504
3072 2504
3073 2504
3074 2502
3075 2505
3076 2501
3077 2499
3078 2500
3079 2496
3080 2496
3081 2496
3082 2496
3083 2507
3084 2495
3085 2496
3086 2496
3087 2495
3088 2495
3089 2496
3090 2497
3091 2500
3092 2496
3093 2500
3094 2498
3095 2497
3096 2500
3097 2501
3098 2499
3099 2503
3100 2496
3101 2497
3102 2495
3103 2495
3104 2495
3105 2494
3106 2494
3107 2496
3108 2500
3109 2496
3110 2495
3111 2496
3112 2496
3113 2495
3114 2495
3115 2495
3116 2496
3117 2497
3118 2495
3119 2496
3120 2495
3121 2495
3122 2495
3123 2495
3124 2495
3125 2496
3126 2495
3127 2495
3128 2495
3129 2498
3130 2499
3131 2499
3132 2496
3133 2498
3134 2500
3135 2498
3136 2499
3137 2495
3138 2495
3139 2495
3140 2495
3141 2495
3142 2495
3143 2496
3144 2495
3145 2496
3146 2495
3147 2495
3148 2495
3149 2495
3150 2495
3151 2495
3152 2495
3153 2500
3154 2495
3155 2496
3156 2497
3157 2496
3158 2503
3159 2495
3160 2498
3161 2496
3162 2496
3163 2497
3164 2498
3165 2496
3166 2505
3167 2496
3168 2500
3169 2497
3170 2497
3171 2498
3172 2498
3173 2500
3174 2496
3175 2497
3176 2497
3177 2496
3178 2496
3179 2499
3180 2495
3181 2495
3182 2496
3183 2496
3184 2496
3185 2496
3186 2496
3187 2496
3188 2500
3189 2496
3190 2496
3191 2496
3192 2496
3193 2496
3194 2497
3195 2499
3196 2497
3197 2498
3198 2501
3199 2501
3200 2499
3201 2498
3202 2498
3203 2499
3204 2499
3205 2499
3206 2499
3207 2498
3208 2498
3209 2499
3210 2501
3211 2501
3212 2501
3213 2499
3214 2498
3215 2506
3216 2499
3217 2498
3218 2498
3219 2498
3220 2500
3221 2498
3222 2498
3223 2498
3224 2501
3225 2502
3226 2501
3227 2502
3228 2502
3229 2499
3230 2499
3231 2501
3232 2500
3233 2499
3234 2505
3235 2498
3236 2499
3237 2499
3238 2500
3239 2500
3240 2499
3241 2503
3242 2499
3243 2499
3244 2501
3245 2499
3246 2500
3247 2499
3248 2501
3249 2499
3250 2499
3251 2500
3252 2499
3253 2501
3254 2498
3255 2498
3256 2498
3257 2498
3258 2499
3259 2498
3260 2498
3261 2499
3262 2498
3263 2497
3264 2498
3265 2498
3266 2498
3267 2499
3268 2499
3269 2498
3270 2499
3271 2499
3272 2497
3273 2499
3274 2498
3275 2497
3276 2497
3277 2497
3278 2496
3279 2497
3280 2495
3281 2498
3282 2496
3283 2496
3284 2497
3285 2497
3286 2496
3287 2497
3288 2497
3289 2496
3290 2497
3291 2496
3292 2496
3293 2496
3294 2496
3295 2496
3296 2496
3297 2498
3298 2497
3299 2496
3300 2496
3301 2495
3302 2497
3303 2496
3304 2495
3305 2497
3306 2496
3307 2496
3308 2495
3309 2495
3310 2496
3311 2498
3312 2496
3313 2496
3314 2496
3315 2496
3316 2496
3317 2495
3318 2496
3319 2495
3320 2495
3321 2495
3322 2495
3323 2495
3324 2495
3325 2495
3326 2495
3327 2495
3328 2495
3329 2495
3330 2495
3331 2495
3332 2495
3333 2495
3334 2495
3335 2495
3336 2495
3337 2495
3338 2495
3339 2495
3340 2495
3341 2495
3342 2495
3343 2495
3344 2495
3345 2495
3346 2494
3347 2495
3348 2495
3349 2495
3350 2495
3351 2495
3352 2495
3353 2495
3354 2495
3355 2494
3356 2495
3357 2495
3358 2494
3359 2494
3360 2494
3361 2494
3362 2494
3363 2494
3364 2494
3365 2495
3366 2494
3367 2494
3368 2495
3369 2494
3370 2494
3371 2494
3372 2494
3373 2494
3374 2494
3375 2494
3376 2494
3377 2494
3378 2494
3379 2494
3380 2494
3381 2494
3382 2494
3383 2494
3384 2494
3385 2494
3386 2494
3387 2495
3388 2495
3389 2495
3390 2495
3391 2494
3392 2495
3393 2495
3394 2495
3395 2495
3396 2495
3397 2495
3398 2494
3399 2494
3400 2494
3401 2495
3402 2494
3403 2494
3404 2494
3405 2494
3406 2494
3407 2494
3408 2494
3409 2494
3410 2494
3411 2494
3412 2494
3413 2494
3414 2494
3415 2494
3416 2494
3417 2494
3418 2495
3419 2494
3420 2495
3421 2495
3422 2495
3423 2495
3424 2495
3425 2495
3426 2495
3427 2495
3428 2495
3429 2495
3430 2495
3431 2495
3432 2495
3433 2494
3434 2495
3435 2495
3436 2494
3437 2494
3438 2495
3439 2495
3440 2494
3441 2495
3442 2494
3443 2494
3444 2495
3445 2495
3446 2495
3447 2495
3448 2495
3449 2495
3450 2495
3451 2495
3452 2495
3453 2495
3454 2495
3455 2495
3456 2495
3457 2495
3458 2495
3459 2495
3460 2495
3461 2495
3462 2495
3463 2495
3464 2495
3465 2495
3466 2495
3467 2495
3468 2495
3469 2495
3470 2495
3471 2495
3472 2495
3473 2495
3474 2495
3475 2495
3476 2495
3477 2495
3478 2495
3479 2495
3480 2495
3481 2495
3482 2495
3483 2495
3484 2495
3485 2495
3486 2495
3487 2495
3488 2494
3489 2495
3490 2495
3491 2495
3492 2495
3493 2495
3494 2495
3495 2495
3496 2495
3497 2495
3498 2495
3499 2495
3500 2495
3501 2495
3502 2495
3503 2495
3504 2495
3505 2495
3506 2495
3507 2495
3508 2494
3509 2495
3510 2495
3511 2495
3512 2495
3513 2495
3514 2495
3515 2495
3516 2495
3517 2495
3518 2495
3519 2495
3520 2495
3521 2495
3522 2495
3523 2495
3524 2495
3525 2495
3526 2495
3527 2495
3528 2496
3529 2496
3530 2495
3531 2496
3532 2495
3533 2495
3534 2495
3535 2496
3536 2496
3537 2495
3538 2495
3539 2495
3540 2495
3541 2495
3542 2495
3543 2495
3544 2495
3545 2495
3546 2495
3547 2495
3548 2495
3549 2495
3550 2495
3551 2495
3552 2495
3553 2495
3554 2495
3555 2494
3556 2494
3557 2494
3558 2494
3559 2495
3560 2495
3561 2494
3562 2495
3563 2494
3564 2494
3565 2494
3566 2494
3567 2494
3568 2494
3569 2494
3570 2494
3571 2494
3572 2494
3573 2494
3574 2494
3575 2494
3576 2494
3577 2494
3578 2494
3579 2494
3580 2494
3581 2494
3582 2494
3583 2494
3584 2494
3585 2494
3586 2494
3587 2494
3588 2494
3589 2494
3590 2494
3591 2494
3592 2494
3593 2494
3594 2494
3595 2494
3596 2494
3597 2494
3598 2494
3599 2494
3600 2494
3601 2494
3602 2494
3603 2494
3604 2494
3605 2493
3606 2493
3607 2494
3608 2494
3609 2494
3610 2494
3611 2494
3612 2494
3613 2494
3614 2494
3615 2494
3616 2494
3617 2494
3618 2494
3619 2494
3620 2494
3621 2494
3622 2494
3623 2494
3624 2494
3625 2494
3626 2494
3627 2494
3628 2494
3629 2494
3630 2494
3631 2494
3632 2494
3633 2494
3634 2494
3635 2494
3636 2494
3637 2494
3638 2494
3639 2494
3640 2494
3641 2495
3642 2494
3643 2494
3644 2494
3645 2494
3646 2494
3647 2494
3648 2494
3649 2494
3650 2494
3651 2494
3652 2494
3653 2494
3654 2494
3655 2494
3656 2494
3657 2494
3658 2494
3659 2494
3660 2494
3661 2494
3662 2494
3663 2494
3664 2495
3665 2494
3666 2495
3667 2495
3668 2495
3669 2495
3670 2495
3671 2495
3672 2495
3673 2495
3674 2495
3675 2495
3676 2495
3677 2495
3678 2495
3679 2495
3680 2495
3681 2495
3682 2495
3683 2495
3684 2495
3685 2495
3686 2495
3687 2495
3688 2495
3689 2495
3690 2495
3691 2495
3692 2495
3693 2495
3694 2495
3695 2495
3696 2495
3697 2495
3698 2495
3699 2495
3700 2495
3701 2495
3702 2495
3703 2495
3704 2495
3705 2495
3706 2495
3707 2495
3708 2495
3709 2495
3710 2495
3711 2495
3712 2495
3713 2495
3714 2496
3715 2495
3716 2495
3717 2495
3718 2495
3719 2496
3720 2495
3721 2495
3722 2496
3723 2495
3724 2496
3725 2496
3726 2495
3727 2495
3728 2495
3729 2495
3730 2495
3731 2495
3732 2495
3733 2495
3734 2495
3735 2495
3736 2495
3737 2495
3738 2496
3739 2495
3740 2495
3741 2495
3742 2495
3743 2495
3744 2495
3745 2495
3746 2495
3747 2495
3748 2495
3749 2495
3750 2495
3751 2495
3752 2495
3753 2495
3754 2495
3755 2495
3756 2495
3757 2495
3758 2495
3759 2495
3760 2495
3761 2496
3762 2495
3763 2495
3764 2495
3765 2495
3766 2495
3767 2495
3768 2495
3769 2495
3770 2495
3771 2495
3772 2495
3773 2495
3774 2495
3775 2495
3776 2495
3777 2495
3778 2495
3779 2495
3780 2495
3781 2495
3782 2495
3783 2495
3784 2495
3785 2494
3786 2494
3787 2495
3788 2494
3789 2494
3790 2495
3791 2495
3792 2495
3793 2494
3794 2494
3795 2494
3796 2494
3797 2494
3798 2494
3799 2495
3800 2494
3801 2494
3802 2494
3803 2494
3804 2494
3805 2494
3806 2495
3807 2493
3808 2493
3809 2494
3810 2494
3811 2494
3812 2494
3813 2494
3814 2494
3815 2494
3816 2494
3817 2494
3818 2493
3819 2494
3820 2494
3821 2494
3822 2493
3823 2493
3824 2493
3825 2493
3826 2493
3827 2493
3828 2493
3829 2493
3830 2493
3831 2493
3832 2494
3833 2493
3834 2493
3835 2493
3836 2493
3837 2493
3838 2493
3839 2493
3840 2493
3841 2493
3842 2493
3843 2493
3844 2493
3845 2493
3846 2493
3847 2493
3848 2493
3849 2493
3850 2493
3851 2493
3852 2493
3853 2493
3854 2493
3855 2493
3856 2493
3857 2493

3460 2519
3461 2526
3462 2525
3463 2530
3464 2525
3465 2526
3466 2530
3467 2517
3468 2528
3469 2526
3470 2520
3471 2523
3472 2525
3473 2525
3474 2516
3475 2518
3476 2519
3477 2516
3478 2516
3479 2523
3480 2520
3481 2523
3482 2517
3483 2527
3484 2522
3485 2525
3486 2525
3487 2526
3488 2521
3489 2527
3490 2525
3491 2528
3492 2522
3493 2523
3494 2526
3495 2525
3496 2525
3497 2528
3498 2531
3499 2525
3500 2526
3501 2518
3502 2517
3503 2517
3504 2526
3505 2531
3506 2526
3507 2526
3508 2519
3509 2526
3510 2524
3511 2522
3512 2527
3513 2526
3514 2531
3515 2529
3516 2525
3517 2526
3518 2519
3519 2522
3520 2526
3521 2517
3522 2527
3523 2528
3524 2528
3525 2524
3526 2531
3527 2517
3528 2522
3529 2520
3530 2526
3531 2520
3650 2528
3651 2529
3652 2527
3653 2530
3654 2522
3655 2528
3656 2533
3657 2519
3658 2527
3659 2529
3660 2522
3661 2526
3662 2528
3663 2528
3664 2528
3665 2527
3666 2524
3667 2527
3668 2527
3669 2525
3670 2529
3671 2528
3672 2519
3673 2520
3674 2521
3675 2525
3676 2528
3677 2525
3678 2533
3679 2519
3680 2529
3681 2525
3682 2530
3683 2519
3684 2526
3685 2533
3686 2526
3687 2528
3688 2521
3689 2530
3690 2533
3691 2525
3692 2526
3693 2519
3694 2521
3695 2523
3696 2529
3697 2525
3698 2533
3699 2525
3700 2526
3701 2526
3702 2529
3703 2532
3704 2526
3705 2525
3706 2527
3707 2519
3708 2520
3709 2526
3710 2531
3711 2532
3712 2531
3713 2525
3714 2526
3715 2525
3716 2525
3717 2527
3718 2524
3719 2525
3720 2526
3721 2525
3722 2523
3723 2520
3724 2530
3725 2526
3726 2531
3727 2525
3728 2526
3729 2519
3730 2528
3731 2526
3732 2527
3733 2525
3734 2526
3735 2526
3736 2520
3737 2525
3738 2530
3739 2526
3740 2528
3741 2531
3742 2530
3743 2519
3744 2519
3745 2526
3746 2521
3747 2531
3748 2519
3749 2532
3750 2527
3751 2527

