2736 2502
2737 2501
2738 2504
2739 2510
2740 2507
2741 2503
2742 2502
2743 2502
2744 2502
2745 2502
2746 2504
2747 2507
2748 2503
2749 2503
2750 2503
2751 2503
2752 2503
2753 2503
2754 2503
2755 2503
2756 2503
2757 2508
2758 2503
2759 2503
2760 2502
2761 2509
2762 2510
2763 2510
2764 2503
2765 2502
2766 2512
2767 2509
2768 2509
2769 2507
2770 2503
2771 2505
2772 2501
2773 2501
2774 2502
2775 2501
2776 2502
2777 2502
2778 2502
2779 2501
2780 2501
2781 2502
2782 2501
2783 2503
2784 2503
2785 2502
2786 2503
2787 2503
2788 2502
2789 2504
2790 2503
2791 2503
2792 2503
2793 2503
2794 2504
2795 2503
2796 2503
2797 2506
2798 2503
2799 2503
2800 2503
2801 2502
2802 2502
2803 2503
2804 2502
2805 2502
2806 2502
2807 2502
2808 2502
2809 2502
2810 2502
2811 2502
2812 2502
2813 2503
2814 2501
2815 2502
2816 2502
2817 2502
2818 2506
2819 2502
2820 2503
2821 2503
2822 2503
2823 2503
2824 2503
2825 2504
2826 2503
2827 2504
2828 2503
2829 2503
2830 2504
2831 2503
2832 2503
2833 2504
2834 2504
2835 2504
2836 2504
2837 2504
2838 2504
2839 2503
2840 2504
2841 2504
2842 2503
2843 2503
2844 2503
2845 2503
2846 2503
2847 2504
2848 2504
2849 2503
2850 2504
2851 2504
2852 2505
2853 2503
2854 2503
2855 2503
2856 2503
2857 2503
2858 2503
2859 2503
2860 2503
2861 2503
2862 2503
2863 2503
2864 2505
2865 2503
2866 2503
2867 2504
2868 2503
2869 2504
2870 2504
2871 2504
2872 2504
2873 2507
2874 2504
2875 2504
2876 2504
2877 2504
2878 2504
2879 2504
2880 2505
2881 2504
2882 2504
2883 2505
2884 2504
2885 2504
2886 2504
2887 2505
2888 2504
2889 2504
2890 2504
2891 2504
2892 2505
2893 2505
2894 2508
2895 2505
2896 2506
2897 2505
2898 2505
2899 2505
2900 2505
2901 2504
2902 2505
2903 2505
2904 2505
2905 2505
2906 2505
2907 2505
2908 2505
2909 2505
2910 2505
2911 2505
2912 2505
2913 2505
2914 2507
2915 2508
2916 2505
2917 2515
2918 2505
2919 2504
2920 2505
2921 2504
2922 2506
2923 2509
2924 2505
2925 2505
2926 2506
2927 2506
2928 2505
2929 2506
2930 2506
2931 2505
2932 2513
2933 2507
2934 2504
2935 2508
2936 2504
2937 2507
2938 2506
2939 2508
2940 2505
2941 2506
2942 2506
2943 2507
2944 2517
2945 2516
2946 2507
2947 2505
2948 2506
2949 2509
2950 2506
2951 2505
2952 2505
2953 2505
2954 2505
2955 2507
2956 2511
2957 2505
2958 2506
2959 2509
2960 2513
2961 2509
2962 2506
2963 2511
2964 2506
2965 2506
2966 2505
2967 2505
2968 2511
2969 2506
2970 2506
2971 2505
2972 2506
2973 2505
2974 2506
2975 2506
2976 2506
2977 2506
2978 2506
2979 2506
2980 2506
2981 2506
2982 2507
2983 2507
2984 2506
2985 2506
2986 2506
2987 2507
2988 2507
2989 2507
2990 2507
2991 2506
2992 2507
2993 2506
2994 2513
2995 2507
2996 2507
2997 2507
2998 2508
2999 2507
3000 2507
3001 2508
3002 2509
3003 2507
3004 2507
3005 2509
3006 2508
3007 2510
3008 2508
3009 2513
3010 2507
3011 2507
3012 2508
3013 2512
3014 2514
3015 2513
3016 2508
3017 2508
3018 2513
3019 2512
3020 2511
3021 2509
3022 2507
3023 2508
3024 2508
3025 2507
3026 2508
3027 2507
3028 2507
3029 2508
3030 2508
3031 2508
3032 2508
3033 2508
3034 2508
3035 2508
3036 2508
3037 2507
3038 2507
3039 2507
3040 2507
3041 2507
3042 2508
3043 2508
3044 2507
3045 2508
3046 2507
3047 2507
3048 2507
3049 2507
3050 2507
3051 2506
3052 2511
3053 2507
3054 2507
3055 2506
3056 2507
3057 2507
3058 2508
3059 2508
3060 2507
3061 2507
3062 2507
3063 2507
3064 2507
3065 2507
3066 2507
3067 2506
3068 2506
3069 2506
3070 2506
3071 2506
3072 2506
3073 2506
3074 2505
3075 2508
3076 2507
3077 2507
3078 2508
3079 2507
3080 2507
3081 2506
3082 2506
3083 2506
3084 2506
3085 2506
3086 2507
3087 2506
3088 2506
3089 2506
3090 2506
3091 2506
3092 2506
3093 2506
3094 2517
3095 2506
3096 2506
3097 2507
3098 2507
3099 2506
3100 2507
3101 2507
3102 2512
3103 2507
3104 2507
3105 2507
3106 2506
3107 2506
3108 2506
3109 2506
3110 2506
3111 2506
3112 2506
3113 2506
3114 2506
3115 2506
3116 2514
3117 2506
3118 2506
3119 2506
3120 2506
3121 2506
3122 2506
3123 2507
3124 2507
3125 2506
3126 2506
3127 2511
3128 2506
3129 2507
3130 2506
3131 2506
3132 2506
3133 2511
3134 2506
3135 2507
3136 2507
3137 2505
3138 2507
3139 2507
3140 2506
3141 2507
3142 2507
3143 2506
3144 2506
3145 2506
3146 2506
3147 2506
3148 2506
3149 2506
3150 2506
3151 2506
3152 2505
3153 2506
3154 2506
3155 2506
3156 2505
3157 2505
3158 2506
3159 2505
3160 2505
3161 2505
3162 2505
3163 2505
3164 2505
3165 2506
3166 2505
3167 2506
3168 2506
3169 2506
3170 2506
3171 2508
3172 2505
3173 2506
3174 2505
3175 2505
3176 2506
3177 2506
3178 2505
3179 2506
3180 2506
3181 2506
3182 2506
3183 2506
3184 2506
3185 2505
3186 2505
3187 2505
3188 2505
3189 2505
3190 2505
3191 2505
3192 2505
3193 2505
3194 2505
3195 2505
3196 2505
3197 2505
3198 2505
3199 2505
3200 2505
3201 2504
3202 2505
3203 2505
3204 2505
3205 2505
3206 2505
3207 2505
3208 2505
3209 2505
3210 2505
3211 2505
3212 2505
3213 2505
3214 2505
3215 2505
3216 2505
3217 2505
3218 2504
3219 2504
3220 2505
3221 2508
3222 2507
3223 2504
3224 2504
3225 2504
3226 2508
3227 2504
3228 2505
3229 2505
3230 2504
3231 2505
3232 2507
3233 2508
3234 2504
3235 2505
3236 2503
3237 2504
3238 2504
3239 2507
3240 2508
3241 2507
3242 2503
3243 2503
3244 2503
3245 2503
3246 2504
3247 2503
3248 2503
3249 2503
3250 2511
3251 2508
3252 2503
3253 2503
3254 2503
3255 2507
3256 2507
3257 2507
3258 2503
3259 2507
3260 2504
3261 2504
3262 2505
3263 2504
3264 2504
3265 2504
3266 2504
3267 2504
3268 2503
3269 2505
3270 2505
3271 2505
3272 2504
3273 2503
3274 2504
3275 2503
3276 2503
3277 2503
3278 2503
3279 2504
3280 2505
3281 2504
3282 2503
3283 2503
3284 2503
3285 2503
3286 2504
3287 2503
3288 2504
3289 2506
3290 2504
3291 2503
3292 2503
3293 2503
3294 2503
3295 2503
3296 2503
3297 2503
3298 2503
3299 2503
3300 2503
3301 2503
3302 2503
3303 2503
3304 2502
3305 2502
3306 2503
3307 2503
3308 2502
3309 2502
3310 2502
3311 2502
3312 2502
3313 2502
3314 2502
3315 2502
3316 2506
3317 2502
3318 2501
3319 2507
3320 2502
3321 2501
3322 2502
3323 2502
3324 2502
3325 2502
3326 2502
3327 2502
3328 2502
3329 2502
3330 2502
3331 2502
3332 2502
3333 2502
3334 2502
3335 2502
3336 2502
3337 2503
3338 2502
3339 2502
3340 2502
3341 2502
3342 2502
3343 2502
3344 2502
3345 2502
3346 2502
3347 2502
3348 2502
3349 2502
3350 2502
3351 2502
3352 2502
3353 2502
3354 2502
3355 2502
3356 2502
3357 2502
3358 2502
3359 2502
3360 2502
3361 2501
3362 2501
3363 2502
3364 2501
3365 2501
3366 2501
3367 2501
3368 2501
3369 2501
3370 2501
3371 2502
3372 2501
3373 2501
3374 2501
3375 2501
3376 2501
3377 2501
3378 2501
3379 2501
3380 2501
3381 2500
3382 2501
3383 2501
3384 2501
3385 2501
3386 2501
3387 2503
3388 2501
3389 2501
3390 2500
3391 2500
3392 2501
3393 2501
3394 2500
3395 2501
3396 2501
3397 2500
3398 2500
3399 2500
3400 2500
3401 2500
3402 2500
3403 2500
3404 2500
3405 2500
3406 2500
3407 2500
3408 2500
3409 2501
3410 2501
3411 2500
3412 2499
3413 2500
3414 2499
3415 2503
3416 2499
3417 2500
3418 2500
3419 2499
3420 2499
3421 2499
3422 2503
3423 2500
3424 2500
3425 2500
3426 2500
3427 2500
3428 2499
3429 2500
3430 2500
3431 2499
3432 2499
3433 2499
3434 2500
3435 2500
3436 2500
3437 2499
3438 2500
3439 2502
3440 2499
3441 2499
3442 2500
3443 2499
3444 2499
3445 2499
3446 2499
3447 2502
3448 2502
3449 2501
3450 2500
3451 2499
3452 2499
3453 2503
3454 2499
3455 2500
3456 2499
3457 2500
3458 2500
3459 2499
3460 2500
3461 2499
3462 2499
3463 2499
3464 2500
3465 2500
3466 2500
3467 2500
3468 2500
3469 2500
3470 2500
3471 2500
3472 2499
3473 2500
3474 2500
3475 2500
3476 2500
3477 2500
3478 2500
3479 2500
3480 2500
3481 2500
3482 2500
3483 2499
3484 2499
3485 2499
3486 2500
3487 2499
3488 2500
3489 2499
3490 2499
3491 2499
3492 2500
3493 2499
3494 2499
3495 2499
3496 2500
3497 2500
3498 2500
3499 2500
3500 2500
3501 2500
3502 2500
3503 2500
3504 2500
3505 2500
3506 2500
3507 2500
3508 2500
3509 2500
3510 2500
3511 2499
3512 2500
3513 2500
3514 2500
3515 2500
3516 2500
3517 2500
3518 2500
3519 2499
3520 2499
3521 2500
3522 2499
3523 2499
3524 2499
3525 2499
3526 2499
3527 2499
3528 2499
3529 2499
3530 2499
3531 2499
3532 2499
3533 2499
3534 2499
3535 2499
3536 2499
3537 2499
3538 2499
3539 2499
3540 2499
3541 2499
3542 2499
3543 2499
3544 2499
3545 2500
3546 2499
3547 2499
3548 2499
3549 2499
3550 2499
3551 2499
3552 2499
3553 2499
3554 2499
3555 2499
3556 2499
3557 2499
3558 2499
3559 2499
3560 2499
3561 2499
3562 2499
3563 2499
3564 2499
3565 2499
3566 2499
3567 2499
3568 2499
3569 2499
3570 2499
3571 2499
3572 2499
3573 2499
3574 2499
3575 2499
3576 2499
3577 2499
3578 2499
3579 2499
3580 2499
3581 2499
3582 2499
3583 2499
3584 2499
3585 2499
3586 2498
3587 2498
3588 2499
3589 2499
3590 2498
3591 2498
3592 2499
3593 2498
3594 2498
3595 2498
3596 2498
3597 2498
3598 2498
3599 2498
3600 2498
3601 2498
3602 2498
3603 2498
3604 2498
3605 2498
3606 2498
3607 2498
3608 2498
3609 2498
3610 2498
3611 2497
3612 2498
3613 2497
3614 2497
3615 2497
3616 2497
3617 2497
3618 2498
3619 2498
3620 2498
3621 2498
3622 2498
3623 2498
3624 2498
3625 2498
3626 2498
3627 2498
3628 2498
3629 2498
3630 2498
3631 2498
3632 2497
3633 2498
3634 2497
3635 2497
3636 2497
3637 2497
3638 2497
3639 2497
3640 2497
3641 2497
3642 2497
3643 2497
3644 2497
3645 2497
3646 2497
3647 2497
3648 2497
3649 2497
3650 2497
3651 2497
3652 2497
3653 2497
3654 2497
3655 2497
3656 2497
3657 2497
3658 2497
3659 2497
3660 2497
3661 2497
3662 2497
3663 2497
3664 2497
3665 2497
3666 2497
3667 2496
3668 2496
3669 2496
3670 2496
3671 2496
3672 2496
3673 2496
3674 2496
3675 2495
3676 2496
3677 2496
3678 2496
3679 2496
3680 2496
3681 2496
3682 2496
3683 2496
3684 2496
3685 2496
3686 2496
3687 2496
3688 2496
3689 2496
3690 2496
3691 2496
3692 2496
3693 2496
3694 2495
3695 2496
3696 2496
3697 2496
3698 2496
3699 2496
3700 2496
3701 2496
3702 2495
3703 2495
3704 2496
3705 2496
3706 2496
3707 2496
3708 2496
3709 2496
3710 2496
3711 2495
3712 2495
3713 2495
3714 2495
3715 2495
3716 2495
3717 2495
3718 2495
3719 2495
3720 2495
3721 2495
3722 2495
3723 2495
3724 2495
3725 2495
3726 2495
3727 2495
3728 2495
3729 2495
3730 2495
3731 2495
3732 2495
3733 2495
3734 2495
3735 2495
3736 2495
3737 2495
3738 2495
3739 2495
3740 2495
3741 2495
3742 2495
3743 2495
3744 2495
3745 2495
3746 2495
3747 2495
3748 2495
3749 2495
3750 2495
3751 2495
3752 2495
3753 2495
3754 2495
3755 2495
3756 2495
3757 2495
3758 2495
3759 2495
3760 2495
3761 2495
3762 2495
3763 2495
3764 2495
3765 2495
3766 2495
3767 2494
3768 2494
3769 2494
3770 2494
3771 2494
3772 2494
3773 2494
3774 2494
3775 2494
3776 2494
3777 2494
3778 2494
3779 2494
3780 2494
3781 2494
3782 2494
3783 2493
3784 2494
3785 2494
3786 2494
3787 2494
3788 2494
3789 2494
3790 2493
3791 2493
3792 2493
3793 2493
3794 2493
3795 2493
3796 2493
3797 2493
3798 2494
3799 2494
3800 2493
3801 2493
3802 2493
3803 2493
3804 2493
3805 2493
3806 2493
3807 2493
3808 2493
3809 2493
3810 2493
3811 2493
3812 2493
3813 2493
3814 2493
3815 2493
3816 2493
3817 2493
3818 2493
3819 2493
3820 2493
3821 2493
3822 2493
3823 2493
3824 2493
3825 2492
3826 2492
3827 2493
3828 2493
3829 2493
3830 2493
3831 2493
3832 2493
3833 2492
3834 2492
3835 2493
3836 2493
3837 2492
3838 2493
3839 2493
3840 2493
3841 2492
3842 2492
3843 2492
3844 2492
3845 2492
3846 2492
3847 2492
3848 2493
3849 2492
3850 2492
3851 2492
3852 2492
3853 2492
3854 2492
3855 2492
3856 2492
3857 2492
3858 2492
3859 2492
3860 2492
3861 2492
3862 2492
3863 2492
3864 2492
3865 2492
3866 2492
3867 2492
3868 2492
3869 2492
3870 2492
3871 2492
3872 2492
3873 2492
3874 2492
3875 2492
3876 2492
3877 2492
3878 2492
3879 2492
3880 2492
3881 2492
3882 2492
3883 2492
3884 2492
3885 2492
3886 2492
3887 2492
3888 2492
3889 2492
3890 2492
3891 2492
3892 2491
3893 2492
3894 2492
3895 2492
3896 2492
3897 2492
3898 2492
3899 2492
3900 2491
3901 2492
3902 2491
3903 2491
3904 2492
3905 2492
3906 2491
3907 2491
3908 2491
3909 2491
3910 2491
3911 2491
3912 2492
3913 2491
3914 2491
3915 2491
3916 2491
3917 2491
3918 2491
3919 2491
3920 2491
3921 2491
3922 2491
3923 2491
3924 2491
3925 2491
3926 2491
3927 2491
3928 2491
3929 2492
3930 2491
3931 2491
3932 2491
3933 2492
3934 2492
3935 2492
3936 2492
3937 2492
3938 2491
3939 2491
3940 2491
3941 2492
3942 2492
3943 2491
3944 2491
3945 2491
3946 2491
3947 2491
3948 2491
3949 2491
3950 2491
3951 2491
3952 2491
3953 2491
3954 2491
3955 2491
3956 2491
3957 2491
3958 2491
3959 2491
3960 2491
3961 2491
3962 2491
3963 2491
3964 2491
3965 2491
3966 2491
3967 2491
3968 2491
3969 2491
3970 2491
3971 2491
3972 2491
3973 2491
3974 2491
3975 2491
3976 2491
3977 2491
3978 2491
3979 2490
3980 2491
3981 2491
3982 2491
3983 2491
3984 2491
3985 2491
3986 2490
3987 2490
3988 2491
3989 2491
3990 2491
3991 2491
3992 2491
3993 2491
3994 2491
3995 2490
3996 2491
3997 2491
3998 2491
3999 2491
4000 2491
4001 2491
4002 2491
4003 2491
4004 2491
4005 2491
4006 2491
4007 2491
4008 2491
4009 2491
4010 2491
4011 2491
4012 2491
4013 2491
4014 2491
4015 2491
4016 2491
4017 2491
4018 2491
4019 2491
4020 2491
4021 2491
4022 2491
4023 2491
4024 2491
4025 2491
4026 2491
4027 2491
4028 2491
4029 2491
4030 2491
4031 2491
4032 2491
4033 2490
4034 2490
4035 2491
4036 2491
4037 2491
4038 2491
4039 2491
4040 2491
4041 2491
4042 2491
4043 2491
4044 2491
4045 2491
4046 2490
4047 2490
4048 2490
4049 2490
4050 2490
4051 2490
4052 2491
4053 2490
4054 2490
4055 2490
4056 2490
4057 2490
4058 2490
4059 2490
4060 2490
4061 2490
4062 2490
4063 2490
4064 2489
4065 2489
4066 2489
4067 2489
4068 2489
4069 2490
4070 2490
4071 2489
4072 2489
4073 2489
4074 2489
4075 2489
4076 2489
4077 2489
4078 2489
4079 2489
4080 2489
4081 2489
4082 2489
4083 2489
4084 2489
4085 2489
4086 2489
4087 2489
4088 2489
4089 2489
4090 2489
4091 2489
4092 2489
4093 2489
4094 2489
4095 2489
4096 2490
4097 2489
4098 2490
4099 2490
4100 2490
4101 2490
4102 2490
4103 2490
4104 2490
4105 2490
4106 2490
4107 2490
4108 2490
4109 2490
4110 2490
4111 2490
4112 2490
4113 2490
4114 2490
4115 2490
4116 2490
4117 2490
4118 2490
4119 2490
4120 2490
4121 2490
4122 2491
4123 2490
4124 2490
4125 2490
4126 2490
4127 2490
4128 2490
4129 2490
4130 2490
4131 2490
4132 2490
4133 2490
4134 2490
4135 2490
4136 2490
4137 2490
4138 2490
4139 2490
4140 2489
4141 2489
4142 2489
4143 2490
4144 2490
4145 2489
4146 2490
4147 2490
4148 2490
4149 2490
4150 2490
4151 2490
4152 2490
4153 2490
4154 2489
4155 2490
4156 2490
4157 2489
4158 2489
4159 2489
4160 2489
4161 2489
4162 2489
4163 2489
4164 2490
4165 2489
4166 2489
4167 2490
4168 2490
4169 2489
4170 2489
4171 2489
4172 2489
4173 2489
4174 2490
4175 2490
4176 2489
4177 2489
4178 2489
4179 2489
4180 2489
4181 2489
4182 2489
4183 2489
4184 2489
4185 2489
4186 2489
4187 2489
4188 2489
4189 2489
4190 2489
4191 2489
4192 2489
4193 2489
4194 2489
4195 2489
4196 2489
4197 2489
4198 2488
4199 2488
4200 2488
4201 2491
4202 2489
4203 2492
4204 2488
4205 2488
4206 2488
4207 2488
4208 2488
4209 2488
4210 2488
4211 2488
4212 2488
4213 2489
4214 2488
4215 2488
4216 2488
4217 2488
4218 2488
4219 2487
4220 2487
4221 2487
4222 2487
4223 2487
4224 2487
4225 2487
4226 2487
4227 2487
4228 2487
4229 2487
4230 2487
4231 2487
4232 2486
4233 2487
4234 2487
4235 2486
4236 2487
4237 2487
4238 2487
4239 2487
4240 2487
4241 2487
4242 2486
4243 2487
4244 2486
4245 2487
4246 2487
4247 2487
4248 2487
4249 2486
4250 2486
4251 2486
4252 2487
4253 2487
4254 2486
4255 2486
4256 2486
4257 2486
4258 2486
4259 2486
4260 2486
4261 2486
4262 2486
4263 2486
4264 2486
4265 2486
4266 2486
4267 2487
4268 2486
4269 2486
4270 2486
4271 2486
4272 2486
4273 2486
4274 2486
4275 2486
4276 2486
4277 2486
4278 2486
4279 2486
4280 2486
4281 2486
4282 2486
4283 2486
4284 2486
4285 2486
4286 2486
4287 2486
4288 2486
4289 2486
4290 2487
4291 2486
4292 2486
4293 2486
4294 2486
4295 2486
4296 2487
4297 2488
4298 2486
4299 2486
4300 2487
4301 2486
4302 2487
4303 2487
4304 2486
4305 2487
4306 2486
4307 2488
4308 2487
4309 2487
4310 2487
4311 2487
4312 2486
4313 2486
4314 2486
4315 2486
4316 2486
4317 2486
4318 2486
4319 2486
4320 2486
4321 2486
4322 2486
4323 2486
4324 2486
4325 2486
4326 2486
4327 2486
4328 2486
4329 2486
4330 2486
4331 2486
4332 2486
4333 2486
4334 2485
4335 2485
4336 2485
4337 2485
4338 2485
4339 2485
4340 2484
4341 2486
4342 2485
4343 2484
4344 2485
4345 2484
4346 2484
4347 2485
4348 2485
4349 2485
4350 2485
4351 2484
4352 2484
4353 2484
4354 2484
4355 2484
4356 2486
4357 2484
4358 2484
4359 2489
4360 2484
4361 2484
4362 2484
4363 2484
4364 2484
4365 2484
4366 2484
4367 2484
4368 2485
4369 2484
4370 2484
4371 2484
4372 2486
4373 2484
4374 2484
4375 2484
4376 2485
4377 2484
4378 2485
4379 2484
4380 2484
4381 2485
4382 2488
4383 2483
4384 2485
4385 2484
4386 2483
4387 2484
4388 2484
4389 2484
4390 2485
4391 2484
4392 2484
4393 2483
4394 2484
4395 2484
4396 2484
4397 2483
4398 2483
4399 2483

3019 2545
3020 2544
3021 2543
3022 2548
3023 2545
3024 2546
3025 2538
3026 2538
3027 2546
3028 2545
3029 2546
3030 2545
3031 2549
3032 2541
3033 2540
3034 2547
3035 2549
3036 2538
3037 2547
3038 2547
3039 2542
3040 2550
3041 2546
3042 2548
3043 2544
3044 2544
3045 2547
3046 2546
3047 2547
3048 2538
3049 2546
3050 2547
3051 2548
3052 2549
3053 2543
3054 2546
3055 2549
3056 2542
3057 2543
3058 2549
3059 2550
3060 2545
3061 2541
3062 2547
3063 2547
3064 2547
3065 2538
3066 2537
3067 2549
3068 2551
3069 2537
3070 2546
3071 2547
3072 2548
3073 2549
3074 2539
3075 2537
3076 2551
3077 2542
3078 2544
3079 2548
3080 2548
3081 2551
3082 2547
3083 2539
3084 2542
3085 2537
3086 2548
3087 2544
3088 2537
3089 2548
3090 2542
3091 2546
3092 2551
3093 2547
3094 2545
3095 2550
3096 2541
3097 2544
3098 2545
3099 2545
3100 2537
3101 2542
3102 2550
3103 2548
3104 2538
3105 2550
3106 2545
3107 2545
3108 2545
3109 2544
3110 2546
3111 2544
3112 2544
3113 2544
3114 2545
3115 2544
3116 2544
3117 2536
3118 2545
3119 2545
3120 2545
3121 2545
3122 2545
3123 2546
3124 2549
3125 2545
3126 2538
3127 2546
3128 2546
3129 2546
3130 2545
3131 2544
3132 2544
3133 2547
3134 2547
3135 2546
3136 2540
3137 2549
3138 2536
3139 2544
3140 2536
3141 2545
3142 2536
3143 2543
3144 2545
3145 2543
3146 2543
3147 2536
3148 2536
3149 2546
3150 2544
3151 2546
3152 2545
3153 2544
3154 2536
3155 2536
3156 2545
3157 2536
3158 2537
3159 2538
3160 2548
3161 2542
3162 2536
3163 2536
3164 2548
3165 2545
3166 2540
3167 2545
3168 2545
3169 2545
3170 2547
3171 2546
3172 2538
3173 2543
3174 2544
3175 2543
3176 2544
3177 2544
3178 2543
3179 2543
3180 2543
3181 2544
3182 2544
3183 2543
3184 2543
3185 2543
3186 2543
3187 2536
3188 2539
3189 2548
3190 2544
3191 2549
3192 2543
3193 2548
3194 2541
3195 2541
3196 2544
3197 2542
3198 2543
3199 2541
3200 2540
3201 2544
3202 2539
3203 2544
3204 2543
3205 2543
3206 2541
3207 2546
3208 2542
3209 2541
3210 2543
3211 2543
3212 2542
3213 2545
3214 2542
3215 2537
3216 2543
3217 2543
3218 2548
3219 2542
3220 2543
3221 2543
3222 2543
3223 2541
3224 2548
3225 2535
3226 2537
3227 2538
3228 2534
3229 2542
3230 2538
3231 2541
3232 2540
3233 2547
3234 2542
3235 2542
3236 2542
3237 2543
3238 2540
3239 2544
3240 2542
3241 2543
3242 2542
3243 2543
3244 2535
3245 2542
3246 2542
3247 2543
3248 2539
3249 2543
3250 2543
3251 2544
3252 2543
3253 2542
3254 2541
3255 2541
3256 2541
3257 2541
3258 2547
3259 2540
3260 2539
3261 2540
3262 2540
3263 2541
3264 2540
3265 2541
3266 2540
3267 2541
3268 2542
3269 2542
3270 2543
3271 2541
3272 2542
3273 2547
3274 2547
3275 2541
3276 2541
3277 2541
3278 2546
3279 2544
3280 2539
3281 2543
3282 2541
3283 2535
3284 2542
3285 2540
3286 2547
3287 2540
3288 2540
3289 2541
3290 2533
3291 2533
3292 2542
3293 2533
3294 2534
3295 2533
3296 2545
3297 2541
3298 2540
3299 2541
3300 2540
3301 2541
3302 2540
3303 2547
3304 2539
3305 2536
3306 2540
3307 2540
3308 2545
3309 2546
3310 2542
3311 2539
3312 2541
3313 2540
3314 2533
3315 2540
3316 2534
3317 2542
3318 2539
3319 2534
3320 2542
3321 2540
3322 2536
3323 2536
3324 2532
3325 2546
3326 2541
3327 2540
3328 2541
3329 2543
3330 2532
3331 2539
3332 2535
3333 2535
3449 2537
3450 2536
3451 2535
3452 2537
3453 2536
3454 2541
3455 2537
3456 2536
3457 2536
3458 2536
3459 2531
3460 2537
3461 2539
3462 2537
3463 2534
3464 2539
3465 2530
3466 2541
3467 2541
3468 2536
3469 2534
3470 2535
3471 2541
3472 2539
3473 2535
3474 2527
3475 2532
3476 2533
3477 2538
3478 2527
3479 2539
3480 2540
3481 2537
3482 2535
3483 2541
3484 2537
3485 2537
3486 2535
3487 2540
3488 2533
3489 2537
3490 2526
3491 2532
3492 2534
3493 2529
3494 2538
3495 2535
3496 2534
3497 2535
3498 2539
3499 2534
3500 2534
3501 2533
3502 2533
3503 2533
3504 2538
3505 2529
3506 2540
3507 2537
3508 2536
3509 2540
3510 2533
3511 2536
3512 2535
3513 2535
3514 2534
3515 2537
3516 2533
3517 2535
3518 2527
3519 2534
3520 2534
3521 2536
3522 2533
3523 2525
3524 2534
3525 2525
3526 2533
3527 2533
3528 2531
3529 2533
3530 2532
3531 2533
3532 2532
3533 2531
3534 2533
3535 2533
3536 2533
3537 2532
3538 2533
3539 2532
3540 2532
3541 2536
3542 2535
3543 2531
3544 2531
3545 2532
3546 2536
3547 2536
3548 2534
3549 2538
3550 2533
3551 2533
3552 2533
3553 2532
3554 2532
3555 2533
3556 2533
3557 2536
3558 2532
3559 2532
3560 2532
3561 2535
3562 2532
3563 2531
3564 2534
3565 2533
3566 2532
3567 2533
3568 2533
3569 2533
3570 2535
3571 2536
3572 2534
3573 2525
3574 2530
3575 2530
3576 2532
3577 2530
3578 2535
3579 2533
3580 2534
3581 2529
3582 2530
3583 2528
3584 2530
3585 2535
3586 2529
3587 2530
3588 2537
3589 2529
3590 2532
3591 2531
3592 2529
3593 2529
3594 2528
3595 2525
3596 2529
3597 2531
3598 2529
3599 2528
3600 2528
3601 2532
3602 2533
3603 2528
3604 2529
3605 2532
3606 2528
3607 2527
3608 2527
3609 2527
3610 2529
3611 2531
3612 2527
3613 2528
3614 2530
3615 2528
3616 2528
3617 2528
3618 2527
3619 2527
3620 2528
3621 2527
3622 2530
3623 2528
3624 2527
3625 2529
3626 2531
3627 2531
3628 2527
3629 2530
3630 2528
3631 2528
3632 2530
3633 2530
3634 2530
3635 2529
3636 2532
3637 2527
3638 2527
3639 2528
3640 2530
3641 2527
3642 2530
3643 2522
3644 2532
3645 2531
3646 2534
3647 2534
3648 2528
3649 2532
3650 2528
3651 2530
3652 2527
3653 2528
3654 2528
3655 2526
3656 2533
3657 2533
3658 2527
3659 2528
3660 2529
3661 2519
3662 2522
3663 2528
3664 2528
3665 2527
3666 2526
3667 2524
3668 2526
3669 2528
3670 2529
3671 2526
3672 2525
3673 2524
3674 2526
3675 2520
3676 2524
3677 2523
3678 2526
3679 2528
3680 2525
3681 2523
3682 2532
3683 2521
3684 2522
3685 2523
3686 2521
3687 2522
3688 2521
3689 2522
3690 2532
3691 2526
3692 2521
3693 2521
3694 2521
3695 2524
3696 2528
3697 2524
3698 2529
3699 2529
3700 2521
3701 2522
3702 2521
3703 2521
3704 2521
3705 2521
3706 2528
3707 2520
3708 2520
3709 2521
3710 2529
3711 2526
3712 2525
3713 2527
3714 2521
3715 2521
3716 2523
3717 2521
3718 2522
3719 2528
3720 2514
3721 2522
3722 2519
3723 2525
3724 2521
3725 2517
3726 2521
3727 2517
3728 2524
3729 2522
3730 2518
3731 2524
3732 2518
3733 2520
3734 2518
3735 2511
3736 2518
3737 2521
3738 2517
3739 2519
3740 2518
3741 2519
3742 2519
3743 2517
3744 2513
3745 2522
3746 2518
3747 2518
3748 2517
3749 2518
3750 2518
3751 2519
3752 2519
3753 2517
3754 2517
3755 2517
3756 2522
3757 2509
3758 2516
3759 2508
3760 2515
3761 2513
3762 2516
3763 2507
3764 2507
3765 2507
3766 2516
3767 2516
3768 2515
3769 2515
3770 2515
3771 2514
3772 2514
3773 2514
3774 2514
3775 2514
3776 2514
3777 2514
3778 2514
3779 2507
3780 2506
3781 9999
3782 2513
3783 2514
3784 2514
3785 2513
3786 2513
3787 9999
3788 9999
3789 9999
3790 9999
3791 9999
3792 2513
3793 9999
3794 9999
3795 2515
3796 2514
3797 9999
3798 9999
3799 2513
3800 2506
3801 9999
3802 2513
3803 2514
3804 2513
3805 2513
3806 2513
3807 2513
3808 2512
3809 2513
3810 2513
3811 2512
3812 2512
3813 2513
3814 2512
3815 9999
3816 2505
3817 2512
3818 9999
3819 2506
3820 9999
3821 9999
3822 2514
3823 9999
3824 2513
3825 2504
3826 2505
3827 2513
3828 9999
3829 9999
3830 9999
3831 9999
3832 9999
3833 2512
3834 2512
3835 2512
3836 2512
3837 2512
3838 2507
3839 2513
3840 2512
3841 2505
3842 2511
3843 2505
3844 2512
3845 2517
3846 2511
3847 2511
3848 2505
3849 2512
3850 2512
3851 2511
3852 2513
3853 2512
3854 2512
3855 2513
3856 2513
3857 2511
3858 2511
3859 2512
3860 2511
3861 2512
3862 2511
3863 2511
3864 2510
3865 2512
3866 2512
3867 2511
3868 2511
3869 2512
3870 2510
3871 2510
3872 2511
3873 2511
3874 2510
3875 2515
3876 2511
3877 2511
3878 2511
3879 2512
3880 2511
3881 2513
3882 2514
3883 2511
3884 2511
3885 2511
3886 2511
3887 2511
3888 2509
3889 2510
3890 2510
3891 2511
3892 2510
3893 2513
3894 2511
3895 2510
3896 2510
3897 2514
3898 2510
3899 2506
3900 2509
3901 2510
3902 2510
3903 2509
3904 2511
3905 2511
3906 2510
3907 2510
3908 2510
3909 2510
3910 2510
3911 2510
3912 2509
3913 2510
3914 2504
3915 2509
3916 2509
3917 2509
3918 2509
3919 2509
3920 2509
3921 2510
3922 2518
3923 2510
3924 2508
3925 2507
3926 2512
3927 2506
3928 2504
3929 2504
3930 2504
3931 2509
3932 2506
3933 2504
3934 2504
3935 2514
3936 2511
3937 2507
3938 2518
3939 2517
3940 2503
3941 9999
3942 9999
3943 2503
3944 2503
3945 2507
3946 2503
3947 2511
3948 2503
3949 2512
3950 2505
3951 2510
3952 2503
3953 2511
3954 2515
3955 2509
3956 2503
3957 2510
3958 2510
3959 2509
3960 2510
3961 2511
3962 2503
3963 2512
3964 2503
3965 2510
3966 2517
3967 2512
3968 2507
3969 2516
3970 2507
3971 2503
3972 2514
3973 2512
3974 9999
3975 9999
3976 2509
3977 2515
3978 9999
3979 2511
3980 9999
3981 9999
3982 2503
3983 9999
3984 2503
3985 2504
3986 2505
3987 2502
3988 2509
3989 2509
3990 9999
3991 2514
3992 9999
3993 2508
3994 2509
3995 2509
3996 2510
3997 2510
3998 2509
3999 2511
4000 2510
4001 2510
4002 2509
4003 9999
4004 2510
4005 2509
4006 2509
4007 2509
4008 9999
4009 9999
4010 2509
4011 9999
4012 2509
4013 2508
4014 9999
4015 9999
4016 9999
4017 2508
4018 2509
4019 9999
4020 2508
4021 2506
4103 2511
4104 2510
4105 2511
4106 2507
4107 2511
4108 2502
4109 2513
4110 2502
4111 2511
4112 2502
4113 2511
4114 2502
4115 2512
4116 2502
4117 2502
4118 2511
4119 2510
4120 2502
4121 2504
4122 2512
4123 2503
4124 2503
4125 2503
4126 2503
4127 2506
4128 2503
4129 2503
4130 2510
4131 2503
4132 2505
4133 2515
4134 2503
4135 2517
4136 2511
4137 2512
4138 2504
4139 2507
4140 2511
4141 2511
4142 2510
4143 2512
4144 2503
4145 2511
4146 2511
4147 2510
4148 2513
4149 2516
4150 2516
4151 2513
4152 2512
4153 2512
4338 2516
4339 2516
4340 2515
4341 2510
4342 2515
4343 2509
4344 2516
4345 2521
4346 2515
4347 2516
4348 2515
4349 2521
4350 2509
4351 2507
4352 2515
4353 2515
4354 2507
4355 2518
4356 2511
4357 2514
4358 2515
4359 2516
4360 2520
4361 2521
4362 2516
4363 2516
4364 2516
4365 2520
4366 2514
4367 2516
4368 2516
4369 2516
4370 2521
4371 2509

