1942 2522
1943 2522
1944 2522
1945 2525
1946 2525
1947 2522
1948 2521
1949 2527
1950 2519
1951 2519
1952 2518
1953 2517
1954 2518
1955 2518
1956 2515
1957 2513
1958 2512
1959 2511
1960 2511
1961 2511
1962 2510
1963 2513
1964 2509
1965 2510
1966 2507
1967 2506
1968 2507
1969 2507
1970 2506
1971 2506
1972 2505
1973 2506
1974 2507
1975 2507
1976 2508
1977 2509
1978 2509
1979 2508
1980 2508
1981 2509
1982 2508
1983 2509
1984 2510
1985 2509
1986 2510
1987 2509
1988 2510
1989 2509
1990 2510
1991 2510
1992 2510
1993 2511
1994 2512
1995 2512
1996 2513
1997 2518
1998 2514
1999 2516
2000 2515
2001 2514
2002 2514
2003 2514
2004 2514
2005 2514
2006 2514
2007 2514
2008 2514
2009 2514
2010 2514
2011 2514
2012 2514
2013 2514
2014 2513
2015 2512
2016 2514
2017 2512
2018 2511
2019 2510
2020 2510
2021 2510
2022 2510
2023 2511
2024 2511
2025 2511
2026 2512
2027 2512
2028 2515
2029 2515
2030 2513
2031 2513
2032 2513
2033 2514
2034 2515
2035 2514
2036 2516
2037 2515
2038 2515
2039 2515
2040 2514
2041 2514
2042 2515
2043 2515
2044 2516
2045 2515
2046 2516
2047 2516
2048 2516
2049 2516
2050 2516
2051 2515
2052 2515
2053 2514
2054 2514
2055 2514
2056 2514
2057 2514
2058 2514
2059 2514
2060 2514
2061 2516
2062 2514
2063 2517
2064 2515
2065 2515
2066 2515
2067 2515
2068 2514
2069 2515
2070 2515
2071 2516
2072 2517
2073 2516
2074 2517
2075 2516
2076 2516
2077 2515
2078 2515
2079 2515
2080 2523
2081 2517
2082 2515
2083 2515
2084 2515
2085 2520
2086 2515
2087 2514
2088 2514
2089 2514
2090 2513
2091 2514
2092 2515
2093 2515
2094 2527
2095 2517
2096 2517
2097 2526
2098 2517
2099 2518
2100 2519
2101 2519
2102 2524
2103 2525
2104 2525
2105 2525
2106 2518
2107 2519
2108 2519
2109 2516
2110 2528
2111 2521
2112 2518
2113 2519
2114 2517
2115 2519
2116 2520
2117 2524
2118 2529
2119 2518
2120 2516
2121 2520
2122 2518
2123 2522
2124 2518
2125 2520
2126 2522
2127 2519
2128 2517
2129 2518
2130 2518
2131 2517
2132 2517
2133 2516
2134 2517
2135 2517
2136 2517
2137 2516
2138 2516
2139 2515
2140 2515
2141 2519
2142 2521
2143 2516
2144 2517
2145 2522
2146 2517
2147 2522
2148 2524
2149 2520
2150 2520
2151 2519
2152 2519
2153 2519
2154 2520
2155 2526
2156 2518
2157 2518
2158 2521
2159 2519
2160 2522
2161 2518
2162 2523
2163 2524
2164 2518
2165 2519
2166 2518
2167 2518
2168 2518
2169 2520
2170 2522
2171 2518
2172 2518
2173 2518
2174 2519
2175 2521
2176 2519
2177 2519
2178 2519
2179 2519
2180 2519
2181 2518
2182 2518
2183 2519
2184 2519
2185 2518
2186 2519
2187 2520
2188 2520
2189 2521
2190 2522
2191 2522
2192 2522
2193 2523
2194 2523
2195 2523
2196 2525
2197 2525
2198 2525
2199 2525
2200 2524
2201 2524
2202 2523
2203 2522
2204 2523
2205 2523
2206 2524
2207 2523
2208 2524
2209 2524
2210 2524
2211 2523
2212 2534
2213 2522
2214 2522
2215 2521
2216 2522
2217 2524
2218 2524
2219 2523
2220 2524
2221 2526
2222 2526
2223 2524
2224 2528
2225 2525
2226 2529
2227 2525
2228 2525
2229 2525
2230 2525
2231 2530
2232 2526
2233 2526
2234 2525
2235 2529
2236 2528
2237 2527
2238 2527
2239 2525
2240 2525
2241 2524
2242 2524
2243 2528
2244 2523
2245 2524
2246 2526
2247 2526
2248 2523
2249 2523
2250 2523
2251 2522
2252 2522
2253 2523
2254 2521
2255 2522
2256 2522
2257 2523
2258 2524
2259 2524
2260 2523
2261 2523
2262 2523
2263 2523
2264 2522
2265 2525
2266 2526
2267 2520
2268 2521
2269 2521
2270 2521
2271 2520
2272 2522
2273 2521
2274 2521
2275 2521
2276 2521
2277 2522
2278 2521
2279 2521
2280 2522
2281 2522
2282 2522
2283 2522
2284 2522
2285 2524
2286 2526
2287 2522
2288 2523
2289 2522
2290 2523
2291 2524
2292 2523
2293 2523
2294 2523
2295 2523
2296 2523
2297 2523
2298 2523
2299 2523
2300 2523
2301 2523
2302 2524
2303 2524
2304 2521
2305 2521
2306 2521
2307 2521
2308 2522
2309 2522
2310 2523
2311 2523
2312 2521
2313 2522
2314 2522
2315 2523
2316 2522
2317 2522
2318 2523
2319 2524
2320 2525
2321 2524
2322 2523
2323 2524
2324 2523
2325 2523
2326 2523
2327 2523
2328 2522
2329 2522
2330 2522
2331 2522
2332 2522
2333 2522
2334 2521
2335 2521
2336 2521
2337 2521
2338 2521
2339 2522
2340 2530
2341 2525
2342 2521
2343 2520
2344 2534
2345 2534
2346 2524
2347 2530
2348 2525
2349 2534
2350 2528
2351 2528
2352 2534
2353 2532
2354 2534
2355 2532
2356 2531
2357 2528
2358 2534
2359 2514
2360 2529
2361 2532
2362 2534
2363 2529
2364 2521
2365 2534
2366 2514
2367 2531
2368 2530
2369 2533
2370 2532
2371 2532
2372 2534
2373 2533
2374 2532
2375 2526
2376 2533
2377 2524
2378 2529
2379 2520
2380 2520
2381 2522
2382 2522
2383 2522
2384 2521
2385 2521
2386 2521
2387 2521
2388 2522
2389 2521
2390 2522
2391 2522
2392 2522
2393 2522
2394 2522
2395 2522
2396 2521
2397 2521
2398 2522
2399 2522
2400 2521
2401 2522
2402 2523
2403 2523
2404 2523
2405 2524
2406 2522
2407 2523
2408 2523
2409 2523
2410 2523
2411 2523
2412 2522
2413 2523
2414 2523
2415 2523
2416 2523
2417 2523
2418 2523
2419 2523
2420 2522
2421 2522
2422 2529
2423 2522
2424 2521
2425 2521
2426 2520
2427 2521
2428 2521
2429 2521
2430 2521
2431 2521
2432 2521
2433 2520
2434 2520
2435 2520
2436 2521
2437 2520
2438 2519
2439 2519
2440 2519
2441 2520
2442 2520
2443 2522
2444 2518
2445 2519
2446 2519
2447 2523
2448 2522
2449 2522
2450 2522
2451 2528
2452 2523
2453 2522
2454 2522
2455 2522
2456 2523
2457 2523
2458 2523
2459 2522
2460 2521
2461 2522
2462 2522
2463 2522
2464 2522
2465 2523
2466 2523
2467 2523
2468 2523
2469 2523
2470 2523
2471 2523
2472 2522
2473 2523
2474 2526
2475 2523
2476 2527
2477 2527
2478 2526
2479 2529
2480 2529
2481 2525
2482 2529
2483 2529
2484 2523
2485 2523
2486 2527
2487 2532
2488 2523
2489 2523
2490 2522
2491 2526
2492 2522
2493 2523
2494 2523
2495 2523
2496 2523
2497 2523
2498 2523
2499 2522
2500 2523
2501 2531
2502 2525
2503 2531
2504 2522
2505 2523
2506 2525
2507 2529
2508 2523
2509 2523
2510 2523
2511 2523
2512 2524
2513 2524
2514 2525
2515 2524
2516 2524
2517 2526
2518 2522
2519 2521
2520 2526
2521 2525
2522 2522
2523 2522
2524 2523
2525 2523
2526 2523
2527 2530
2528 2529
2529 2531
2530 2522
2531 2531
2532 2522
2533 2528
2534 2527
2535 2523
2536 2523
2537 2523
2538 2525
2539 2526
2540 2527
2541 2523
2542 2522
2543 2521
2544 2520
2545 2523
2546 2521
2547 2521
2548 2521
2549 2521
2550 2521
2551 2520
2552 2525
2553 2521
2554 2520
2555 2519
2556 2519
2557 2517
2558 2516
2559 2516
2560 2517
2561 2517
2562 2516
2563 2516
2564 2519
2565 2518
2566 2528
2567 2526
2568 2522
2569 2519
2570 2525
2571 2523
2572 2524
2573 2524
2574 2520
2575 2522
2576 2517
2577 2516
2578 2524
2579 2516
2580 2516
2581 2526
2582 2515
2583 2521
2584 2524
2585 2524
2586 2523
2587 2515
2588 2515
2589 2515
2590 2525
2591 2524
2592 2524
2593 2518
2594 2523
2595 2522
2596 2529
2597 2521
2598 2522
2599 2522
2600 2514
2601 2514
2602 2514
2603 2514
2604 2514
2605 2521
2606 2518
2607 2518
2608 2519
2609 2519
2610 2520
2611 2519
2612 2518
2613 2519
2614 2518
2615 2519
2616 2519
2617 2520
2618 2518
2619 2518
2620 2518
2621 2521
2622 2521
2623 2519
2624 2519
2625 2518
2626 2518
2627 2518
2628 2519
2629 2520
2630 2520
2631 2523
2632 2520
2633 2521
2634 2519
2635 2520
2636 2519
2637 2519
2638 2519
2639 2519
2640 2519
2641 2519
2642 2519
2643 2520
2644 2519
2645 2519
2646 2519
2647 2519
2648 2522
2649 2523
2650 2519
2651 2523
2652 2518
2653 2524
2654 2526
2655 2520
2656 2520
2657 2520
2658 2520
2659 2518
2660 2522
2661 2519
2662 2519
2663 2519
2664 2519
2665 2526
2666 2518
2667 2520
2668 2519
2669 2520
2670 2519
2671 2519
2672 2519
2673 2519
2674 2520
2675 2519
2676 2519
2677 2520
2678 2520
2679 2519
2680 2520
2681 2520
2682 2519
2683 2520
2684 2519
2685 2530
2686 2520
2687 2519
2688 2519
2689 2519
2690 2519
2691 2520
2692 2520
2693 2520
2694 2519
2695 2525
2696 2518
2697 2519
2698 2519
2699 2519
2700 2519
2701 2520
2702 2519
2703 2519
2704 2518
2705 2522
2706 2519
2707 2519
2708 2519
2709 2518
2710 2518
2711 2518
2712 2518
2713 2519
2714 2519
2715 2519
2716 2518
2717 2518
2718 2518
2719 2518
2720 2519
2721 2521
2722 2519
2723 2521
2724 2521
2725 2519
2726 2519
2727 2519
2728 2518
2729 2519
2730 2518
2731 2522
2732 2517
2733 2518
2734 2519
2735 2519
2736 2517
2737 2517
2738 2517
2739 2516
2740 2517
2741 2517
2742 2517
2743 2516
2744 2517
2745 2517
2746 2516
2747 2518
2748 2518
2749 2517
2750 2520
2751 2517
2752 2517
2753 2516
2754 2517
2755 2519
2756 2516
2757 2517
2758 2516
2759 2516
2760 2515
2761 2515
2762 2515
2763 2516
2764 2516
2765 2516
2766 2516
2767 2516
2768 2517
2769 2515
2770 2515
2771 2515
2772 2515
2773 2515
2774 2515
2775 2515
2776 2515
2777 2516
2778 2516
2779 2515
2780 2515
2781 2516
2782 2516
2783 2516
2784 2515
2785 2514
2786 2517
2787 2520
2788 2516
2789 2514
2790 2514
2791 2514
2792 2515
2793 2514
2794 2514
2795 2514
2796 2520
2797 2519
2798 2513
2799 2513
2800 2513
2801 2513
2802 2512
2803 2513
2804 2513
2805 2513
2806 2513
2807 2512
2808 2512
2809 2517
2810 2513
2811 2513
2812 2519
2813 2512
2814 2511
2815 2512
2816 2512
2817 2514
2818 2512
2819 2512
2820 2512
2821 2512
2822 2512
2823 2513
2824 2515
2825 2514
2826 2511
2827 2511
2828 2512
2829 2512
2830 2512
2831 2512
2832 2512
2833 2512
2834 2512
2835 2512
2836 2513
2837 2513
2838 2513
2839 2513
2840 2512
2841 2513
2842 2513
2843 2513
2844 2513
2845 2514
2846 2512
2847 2512
2848 2512
2849 2512
2850 2511
2851 2511
2852 2513
2853 2511
2854 2515
2855 2511
2856 2511
2857 2514
2858 2511
2859 2511
2860 2514
2861 2515
2862 2510
2863 2510
2864 2514
2865 2514
2866 2513
2867 2509
2868 2509
2869 2511
2870 2511
2871 2510
2872 2510
2873 2512
2874 2512
2875 2511
2876 2511
2877 2511
2878 2512
2879 2512
2880 2512
2881 2512
2882 2512
2883 2511
2884 2511
2885 2512
2886 2512
2887 2511
2888 2512
2889 2511
2890 2510
2891 2510
2892 2511
2893 2511
2894 2511
2895 2511
2896 2511
2897 2511
2898 2512
2899 2511
2900 2510
2901 2510
2902 2510
2903 2511
2904 2511
2905 2510
2906 2512
2907 2511
2908 2512
2909 2511
2910 2512
2911 2513
2912 2513
2913 2513
2914 2513
2915 2512
2916 2514
2917 2512
2918 2512
2919 2513
2920 2513
2921 2513
2922 2513
2923 2512
2924 2512
2925 2514
2926 2512
2927 2512
2928 2512
2929 2512
2930 2511
2931 2511
2932 2512
2933 2512
2934 2513
2935 2512
2936 2511
2937 2511
2938 2512
2939 2512
2940 2512
2941 2511
2942 2512
2943 2512
2944 2512
2945 2512
2946 2512
2947 2511
2948 2512
2949 2512
2950 2513
2951 2511
2952 2511
2953 2511
2954 2512
2955 2511
2956 2511
2957 2511
2958 2511
2959 2511
2960 2511
2961 2511
2962 2511
2963 2512
2964 2512
2965 2511
2966 2511
2967 2511
2968 2511
2969 2511
2970 2511
2971 2511
2972 2511
2973 2510
2974 2510
2975 2510
2976 2510
2977 2510
2978 2511
2979 2510
2980 2511
2981 2512
2982 2512
2983 2511
2984 2511
2985 2511
2986 2511
2987 2511
2988 2511
2989 2511
2990 2511
2991 2510
2992 2510
2993 2509
2994 2512
2995 2510
2996 2509
2997 2510
2998 2509
2999 2513
3000 2513
3001 2510
3002 2511
3003 2511
3004 2511
3005 2511
3006 2511
3007 2511
3008 2511
3009 2511
3010 2511
3011 2511
3012 2511
3013 2510
3014 2511
3015 2510
3016 2510
3017 2511
3018 2513
3019 2510
3020 2510
3021 2512
3022 2509
3023 2509
3024 2509
3025 2508
3026 2509
3027 2508
3028 2509
3029 2509
3030 2509
3031 2509
3032 2510
3033 2509
3034 2515
3035 2517
3036 2510
3037 2509
3038 2512
3039 2508
3040 2517
3041 2517
3042 2509
3043 2509
3044 2514
3045 2513
3046 2509
3047 2510
3048 2509
3049 2510
3050 2510
3051 2510
3052 2509
3053 2512
3054 2509
3055 2510
3056 2509
3057 2508
3058 2508
3059 2507
3060 2508
3061 2508
3062 2508
3063 2509
3064 2511
3065 2509
3066 2509
3067 2512
3068 2511
3069 2512
3070 2508
3071 2509
3072 2509
3073 2509
3074 2509
3075 2511
3076 2509
3077 2508
3078 2508
3079 2507
3080 2507
3081 2506
3082 2506
3083 2506
3084 2506
3085 2507
3086 2508
3087 2509
3088 2509
3089 2509
3090 2510
3091 2509
3092 2508
3093 2508
3094 2508
3095 2507
3096 2506
3097 2506
3098 2506
3099 2507
3100 2515
3101 2506
3102 2506
3103 2506
3104 2506
3105 2507
3106 2509
3107 2507
3108 2506
3109 2506
3110 2506
3111 2510
3112 2508
3113 2507
3114 2506
3115 2506
3116 2507
3117 2508
3118 2515
3119 2508
3120 2508
3121 2507
3122 2516
3123 2511
3124 2508
3125 2508
3126 2508
3127 2507
3128 2507
3129 2507
3130 2507
3131 2516
3132 2508
3133 2508
3134 2508
3135 2511
3136 2507
3137 2508
3138 2508
3139 2510
3140 2506
3141 2506
3142 2510
3143 2510
3144 2506
3145 2506
3146 2506
3147 2507
3148 2507
3149 2506
3150 2507
3151 2509
3152 2509
3153 2509
3154 2506
3155 2506
3156 2506
3157 2505
3158 2505
3159 2505
3160 2505
3161 2506
3162 2506
3163 2510
3164 2506
3165 2506
3166 2507
3167 2508
3168 2507
3169 2506
3170 2506
3171 2511
3172 2506
3173 2506
3174 2505
3175 2507
3176 2507
3177 2505
3178 2507
3179 2508
3180 2508
3181 2507
3182 2506
3183 2506
3184 2505
3185 2505
3186 2505
3187 2505
3188 2505
3189 2505
3190 2504
3191 2505
3192 2504
3193 2505
3194 2504
3195 2503
3196 2503
3197 2505
3198 2504
3199 2502
3200 2504
3201 2502
3202 2501
3203 2501
3204 2507
3205 2501
3206 2501
3207 2508
3208 2505
3209 2509
3210 2500
3211 2500
3212 2500
3213 2500
3214 2501
3215 2501
3216 2501
3217 2505
3218 2501
3219 2501
3220 2501
3221 2501
3222 2501
3223 2503
3224 2501
3225 2501
3226 2500
3227 2501
3228 2500
3229 2501
3230 2500
3231 2501
3232 2502
3233 2501
3234 2504
3235 2505
3236 2501
3237 2508
3238 2502
3239 2502
3240 2503
3241 2502
3242 2502
3243 2502
3244 2502
3245 2502
3246 2502
3247 2502
3248 2502
3249 2501
3250 2502
3251 2502
3252 2502
3253 2502
3254 2502
3255 2501
3256 2501
3257 2501
3258 2502
3259 2502
3260 2502
3261 2501
3262 2501
3263 2501
3264 2501
3265 2502
3266 2505
3267 2506
3268 2502
3269 2502
3270 2502
3271 2502
3272 2502
3273 2502
3274 2502
3275 2502
3276 2502
3277 2502
3278 2502
3279 2502
3280 2502
3281 2502
3282 2502
3283 2501
3284 2502
3285 2501
3286 2501
3287 2501
3288 2501
3289 2502
3290 2501
3291 2503
3292 2500
3293 2500
3294 2501
3295 2500
3296 2500
3297 2500
3298 2503
3299 2498

1942 9999
1943 9999
1944 9999
1945 9999
1946 9999
1947 9999
1948 9999
1949 9999
1950 9999
1951 2531
1952 2532
1953 2532
1954 2536
1955 2535
1956 2533
1957 2536
1958 2538
1959 2534
1960 2535
1961 2533
1962 2535
1963 2534
1964 2535
1965 2542
1966 2536
1967 2536
1968 2536
1969 2538
1970 2537
1971 2537
1972 2542
1973 2543
1974 2534
1975 2535
1976 2536
1977 2534
1978 2534
1979 2533
1980 2532
1981 2535
1982 2539
1983 2542
1984 2535
1985 2535
1986 2541
1987 2530
1988 2537
1989 2536
1990 2529
1991 2529
1992 2535
1993 2529
1994 2530
1995 2537
1996 2534
1997 2534
1998 2527
1999 2528
2000 9999
2001 2529
2002 2528
2003 9999
2004 2528
2005 9999
2006 2528
2007 2528
2008 9999
2009 2528
2010 2528
2011 2528
2012 2530
2013 2529
2014 2535
2015 2530
2016 2529
2017 2529
2018 2529
2019 2530
2020 2532
2021 2532
2022 2532
2023 2531
2024 2530
2025 2531
2026 2530
2027 2527
2028 2529
2029 2535
2030 2529
2031 2528
2032 2528
2033 2528
2034 9999
2035 9999
2036 2533
2037 2531
2038 2527
2039 9999
2040 2526
2041 2527
2042 9999
2043 2527
2044 9999
2045 9999
2046 9999
2047 9999
2048 9999
2049 9999
2050 9999
2051 9999
2052 2530
2053 2526
2054 2529
2055 2529
2056 9999
2057 2528
2058 2528
2059 9999
2060 2528
2061 9999
2062 9999
2063 9999
2064 2528
2065 9999
2066 2530
2067 9999
2068 9999
2069 2528
2070 9999
2071 2528
2072 9999
2073 9999
2074 9999
2075 9999
2076 2528
2077 9999
2078 2528
2079 2527
2080 9999
2081 2533
2082 2536
2083 9999
2084 9999
2085 9999
2086 2528
2087 9999
2088 2530
2089 2528
2090 2529
2091 2529
2092 2529
2093 2528
2094 9999
2095 9999
2096 9999
2097 9999
2098 9999
2099 9999
2100 9999
2101 9999
2102 9999
2103 9999
2104 9999
2105 9999
2106 9999
2107 9999
2108 9999
2109 9999
2110 9999
2111 9999
2112 9999
2113 9999
2114 2532
2115 2531
2116 9999
2117 9999
2118 9999
2119 2535
2120 2528
2121 9999
2122 9999
2123 9999
2124 9999
2125 9999
2126 9999
2127 9999
2128 9999
2129 9999
2130 9999
2131 2535
2132 2530
2133 9999
2134 2536
2135 9999
2136 2535
2137 9999
2138 9999
2139 2531
2140 2532
2141 9999
2142 9999
2143 2531
2144 2532
2145 2534
2146 9999
2147 9999
2148 9999
2149 9999
2150 9999
2151 2532
2152 9999
2153 9999
2154 9999
2155 9999
2156 2530
2157 9999
2158 2534
2159 2532
2160 9999
2161 9999

