2137 2520
2138 2521
2139 2521
2140 2520
2141 2520
2142 2521
2143 2521
2144 2521
2145 2522
2146 2522
2147 2522
2148 2522
2149 2523
2150 2527
2151 2521
2152 2521
2153 2521
2154 2522
2155 2521
2156 2522
2157 2520
2158 2520
2159 2521
2160 2520
2161 2520
2162 2520
2163 2519
2164 2522
2165 2522
2166 2522
2167 2522
2168 2531
2169 2525
2170 2519
2171 2521
2172 2521
2173 2521
2174 2521
2175 2521
2176 2520
2177 2521
2178 2521
2179 2521
2180 2521
2181 2520
2182 2520
2183 2520
2184 2520
2185 2520
2186 2520
2187 2521
2188 2521
2189 2530
2190 2521
2191 2527
2192 2521
2193 2524
2194 2529
2195 2520
2196 2529
2197 2521
2198 2519
2199 2520
2200 2520
2201 2520
2202 2519
2203 2519
2204 2520
2205 2520
2206 2519
2207 2520
2208 2521
2209 2522
2210 2520
2211 2520
2212 2521
2213 2521
2214 2521
2215 2521
2216 2521
2217 2521
2218 2521
2219 2520
2220 2519
2221 2523
2222 2523
2223 2529
2224 2530
2225 2530
2226 2531
2227 2529
2228 2520
2229 2519
2230 2520
2231 2520
2232 2529
2233 2520
2234 2520
2235 2519
2236 2519
2237 2518
2238 2519
2239 2518
2240 2519
2241 2518
2242 2518
2243 2518
2244 2518
2245 2518
2246 2522
2247 2518
2248 2518
2249 2518
2250 2518
2251 2518
2252 2518
2253 2518
2254 2518
2255 2518
2256 2518
2257 2518
2258 2527
2259 2518
2260 2519
2261 2518
2262 2518
2263 2517
2264 2517
2265 2517
2266 2517
2267 2518
2268 2517
2269 2517
2270 2516
2271 2516
2272 2516
2273 2515
2274 2515
2275 2515
2276 2515
2277 2517
2278 2518
2279 2514
2280 2515
2281 2517
2282 2519
2283 2514
2284 2512
2285 2511
2286 2512
2287 2519
2288 2514
2289 2521
2290 2515
2291 2515
2292 2513
2293 2514
2294 2514
2295 2514
2296 2514
2297 2514
2298 2514
2299 2515
2300 2515
2301 2523
2302 2516
2303 2514
2304 2515
2305 2515
2306 2514
2307 2515
2308 2518
2309 2518
2310 2517
2311 2517
2312 2515
2313 2515
2314 2515
2315 2516
2316 2514
2317 2518
2318 2515
2319 2514
2320 2515
2321 2515
2322 2514
2323 2514
2324 2513
2325 2514
2326 2514
2327 2514
2328 2514
2329 2523
2330 2515
2331 2514
2332 2514
2333 2513
2334 2513
2335 2514
2336 2514
2337 2513
2338 2513
2339 2513
2340 2517
2341 2513
2342 2514
2343 2515
2344 2514
2345 2513
2346 2513
2347 2513
2348 2511
2349 2516
2350 2524
2351 2523
2352 2506
2353 2505
2354 2508
2355 2509
2356 2510
2357 2512
2358 2512
2359 2512
2360 2511
2361 2510
2362 2510
2363 2510
2364 2510
2365 2510
2366 2510
2367 2511
2368 2511
2369 2511
2370 2511
2371 2512
2372 2511
2373 2512
2374 2511
2375 2512
2376 2512
2377 2512
2378 2512
2379 2513
2380 2513
2381 2517
2382 2516
2383 2515
2384 2515
2385 2515
2386 2517
2387 2515
2388 2515
2389 2515
2390 2515
2391 2516
2392 2514
2393 2515
2394 2515
2395 2515
2396 2516
2397 2516
2398 2516
2399 2515
2400 2515
2401 2515
2402 2516
2403 2515
2404 2515
2405 2519
2406 2516
2407 2518
2408 2524
2409 2515
2410 2515
2411 2514
2412 2515
2413 2515
2414 2518
2415 2524
2416 2516
2417 2515
2418 2516
2419 2517
2420 2514
2421 2514
2422 2513
2423 2514
2424 2514
2425 2513
2426 2516
2427 2514
2428 2514
2429 2514
2430 2514
2431 2514
2432 2516
2433 2514
2434 2514
2435 2516
2436 2516
2437 2516
2438 2516
2439 2517
2440 2518
2441 2519
2442 2520
2443 2519
2444 2518
2445 2518
2446 2518
2447 2518
2448 2515
2449 2514
2450 2514
2451 2514
2452 2515
2453 2515
2454 2515
2455 2515
2456 2516
2457 2515
2458 2518
2459 2518
2460 2518
2461 2519
2462 2517
2463 2518
2464 2518
2465 2518
2466 2518
2467 2527
2468 2517
2469 2517
2470 2519
2471 2519
2472 2518
2473 2517
2474 2518
2475 2518
2476 2518
2477 2518
2478 2517
2479 2516
2480 2516
2481 2516
2482 2517
2483 2517
2484 2517
2485 2519
2486 2518
2487 2518
2488 2517
2489 2516
2490 2515
2491 2515
2492 2515
2493 2514
2494 2518
2495 2517
2496 2514
2497 2515
2498 2514
2499 2515
2500 2516
2501 2517
2502 2515
2503 2515
2504 2516
2505 2515
2506 2515
2507 2515
2508 2515
2509 2516
2510 2516
2511 2517
2512 2519
2513 2519
2514 2517
2515 2516
2516 2516
2517 2516
2518 2516
2519 2519
2520 2520
2521 2522
2522 2524
2523 2524
2524 2521
2525 2521
2526 2520
2527 2519
2528 2528
2529 2516
2530 2528
2531 2527
2532 2527
2533 2516
2534 2530
2535 2515
2536 2530
2537 2531
2538 2513
2539 2513
2540 2512
2541 2528
2542 2517
2543 2518
2544 2519
2545 2521
2546 2522
2547 2523
2548 2517
2549 2523
2550 2517
2551 2518
2552 2518
2553 2516
2554 2531
2555 2531
2556 2511
2557 2511
2558 2511
2559 2513
2560 2513
2561 2513
2562 2513
2563 2513
2564 2513
2565 2517
2566 2517
2567 2517
2568 2512
2569 2513
2570 2513
2571 2513
2572 2512
2573 2512
2574 2512
2575 2511
2576 2511
2577 2511
2578 2510
2579 2510
2580 2523
2581 2529
2582 2525
2583 2509
2584 2511
2585 2513
2586 2511
2587 2511
2588 2511
2589 2522
2590 2519
2591 2519
2592 2519
2593 2517
2594 2515
2595 2514
2596 2514
2597 2514
2598 2515
2599 2514
2600 2515
2601 2515
2602 2516
2603 2516
2604 2516
2605 2516
2606 2516
2607 2517
2608 2517
2609 2516
2610 2519
2611 2519
2612 2519
2613 2516
2614 2520
2615 2519
2616 2519
2617 2517
2618 2515
2619 2516
2620 2515
2621 2517
2622 2526
2623 2518
2624 2515
2625 2516
2626 2515
2627 2515
2628 2516
2629 2519
2630 2516
2631 2516
2632 2516
2633 2516
2634 2515
2635 2516
2636 2516
2637 2516
2638 2515
2639 2515
2640 2515
2641 2516
2642 2515
2643 2516
2644 2517
2645 2515
2646 2515
2647 2515
2648 2515
2649 2515
2650 2515
2651 2515
2652 2514
2653 2515
2654 2515
2655 2515
2656 2515
2657 2515
2658 2516
2659 2516
2660 2516
2661 2515
2662 2515
2663 2515
2664 2514
2665 2515
2666 2515
2667 2517
2668 2518
2669 2515
2670 2519
2671 2518
2672 2515
2673 2515
2674 2515
2675 2515
2676 2516
2677 2516
2678 2515
2679 2518
2680 2517
2681 2517
2682 2516
2683 2517
2684 2516
2685 2517
2686 2514
2687 2516
2688 2516
2689 2517
2690 2516
2691 2516
2692 2520
2693 2515
2694 2517
2695 2516
2696 2518
2697 2519
2698 2516
2699 2517
2700 2517
2701 2517
2702 2522
2703 2518
2704 2516
2705 2515
2706 2517
2707 2518
2708 2518
2709 2515
2710 2516
2711 2516
2712 2516
2713 2516
2714 2515
2715 2518
2716 2519
2717 2516
2718 2517
2719 2518
2720 2515
2721 2515
2722 2517
2723 2515
2724 2516
2725 2517
2726 2519
2727 2518
2728 2519
2729 2516
2730 2515
2731 2514
2732 2522
2733 2523
2734 2520
2735 2527
2736 2516
2737 2516
2738 2517
2739 2516
2740 2516
2741 2516
2742 2516
2743 2514
2744 2516
2745 2516
2746 2514
2747 2513
2748 2513
2749 2513
2750 2513
2751 2513
2752 2513
2753 2513
2754 2513
2755 2513
2756 2513
2757 2513
2758 2513
2759 2513
2760 2512
2761 2513
2762 2513
2763 2514
2764 2514
2765 2515
2766 2513
2767 2513
2768 2516
2769 2513
2770 2511
2771 2511
2772 2511
2773 2513
2774 2513
2775 2512
2776 2512
2777 2512
2778 2512
2779 2512
2780 2512
2781 2512
2782 2512
2783 2512
2784 2512
2785 2512
2786 2512
2787 2511
2788 2512
2789 2511
2790 2511
2791 2510
2792 2511
2793 2510
2794 2510
2795 2510
2796 2511
2797 2512
2798 2512
2799 2510
2800 2511
2801 2511
2802 2512
2803 2511
2804 2511
2805 2510
2806 2510
2807 2510
2808 2510
2809 2510
2810 2510
2811 2511
2812 2511
2813 2511
2814 2510
2815 2510
2816 2511
2817 2511
2818 2511
2819 2511
2820 2512
2821 2512
2822 2511
2823 2511
2824 2515
2825 2512
2826 2511
2827 2513
2828 2513
2829 2512
2830 2512
2831 2513
2832 2512
2833 2513
2834 2513
2835 2513
2836 2513
2837 2513
2838 2513
2839 2512
2840 2512
2841 2512
2842 2511
2843 2512
2844 2511
2845 2511
2846 2511
2847 2512
2848 2512
2849 2510
2850 2512
2851 2515
2852 2514
2853 2510
2854 2515
2855 2510
2856 2511
2857 2511
2858 2513
2859 2513
2860 2512
2861 2510
2862 2511
2863 2511
2864 2511
2865 2511
2866 2511
2867 2511
2868 2512
2869 2511
2870 2511
2871 2510
2872 2510
2873 2510
2874 2511
2875 2511
2876 2512
2877 2514
2878 2512
2879 2513
2880 2521
2881 2510
2882 2511
2883 2511
2884 2511
2885 2511
2886 2512
2887 2511
2888 2514
2889 2511
2890 2511
2891 2512
2892 2511
2893 2512
2894 2512
2895 2511
2896 2511
2897 2515
2898 2511
2899 2511
2900 2511
2901 2515
2902 2511
2903 2513
2904 2512
2905 2512
2906 2511
2907 2510
2908 2513
2909 2512
2910 2512
2911 2512
2912 2510
2913 2511
2914 2514
2915 2512
2916 2511
2917 2511
2918 2511
2919 2511
2920 2513
2921 2510
2922 2510
2923 2510
2924 2511
2925 2510
2926 2510
2927 2511
2928 2511
2929 2510
2930 2511
2931 2511
2932 2511
2933 2512
2934 2512
2935 2512
2936 2515
2937 2512
2938 2511
2939 2512
2940 2510
2941 2510
2942 2514
2943 2510
2944 2510
2945 2510
2946 2511
2947 2511
2948 2511
2949 2510
2950 2510
2951 2510
2952 2510
2953 2510
2954 2511
2955 2511
2956 2511
2957 2511
2958 2511
2959 2511
2960 2511
2961 2510
2962 2510
2963 2510
2964 2510
2965 2510
2966 2510
2967 2510
2968 2510
2969 2510
2970 2511
2971 2511
2972 2511
2973 2515
2974 2510
2975 2511
2976 2511
2977 2511
2978 2511
2979 2511
2980 2511
2981 2510
2982 2510
2983 2509
2984 2510
2985 2511
2986 2509
2987 2510
2988 2509
2989 2509
2990 2515
2991 2515
2992 2510
2993 2510
2994 2510
2995 2510
2996 2510
2997 2512
2998 2511
2999 2510
3000 2510
3001 2514
3002 2512
3003 2509
3004 2509
3005 2508
3006 2510
3007 2511
3008 2511
3009 2512
3010 2510
3011 2511
3012 2511
3013 2512
3014 2511
3015 2510
3016 2510
3017 2509
3018 2508
3019 2508
3020 2507
3021 2507
3022 2507
3023 2507
3024 2508
3025 2513
3026 2507
3027 2507
3028 2507
3029 2506
3030 2506
3031 2507
3032 2507
3033 2506
3034 2507
3035 2507
3036 2506
3037 2506
3038 2506
3039 2511
3040 2506
3041 2506
3042 2506
3043 2506
3044 2506
3045 2506
3046 2507
3047 2506
3048 2506
3049 2506
3050 2506
3051 2505
3052 2505
3053 2505
3054 2508
3055 2510
3056 2505
3057 2511
3058 2515
3059 2505
3060 2505
3061 2505
3062 2507
3063 2507
3064 2507
3065 2508
3066 2512
3067 2508
3068 2512
3069 2507
3070 2507
3071 2507
3072 2508
3073 2508
3074 2508
3075 2509
3076 2507
3077 2507
3078 2506
3079 2506
3080 2506
3081 2506
3082 2507
3083 2509
3084 2510
3085 2511
3086 2512
3087 2512
3088 2511
3089 2512
3090 2515
3091 2515
3092 2510
3093 2510
3094 2509
3095 2508
3096 2515
3097 2521
3098 2523
3099 2523
3100 2522
3101 2522
3102 2524
3103 2512
3104 2515
3105 2508
3106 2509
3107 2510
3108 2510
3109 2510
3110 2510
3111 2510
3112 2510
3113 2510
3114 2510
3115 2510
3116 2510
3117 2511
3118 2515
3119 2520
3120 2513
3121 2516
3122 2513
3123 2511
3124 2514
3125 2513
3126 2513
3127 2513
3128 2514
3129 2514
3130 2515
3131 2515
3132 2515
3133 2513
3134 2522
3135 2516
3136 2521
3137 2513
3138 2514
3139 2513
3140 2513
3141 2514
3142 2515
3143 2514
3144 2516
3145 2512
3146 2515
3147 2511
3148 2512
3149 2512
3150 2513
3151 2512
3152 2516
3153 2510
3154 2510
3155 2510
3156 2509
3157 2510
3158 2510
3159 2513
3160 2515
3161 2516
3162 2513
3163 2512
3164 2514
3165 2519
3166 2518
3167 2508
3168 2506
3169 2519
3170 2519
3171 2519
3172 2506
3173 2516
3174 2514
3175 2517
3176 2517
3177 2518
3178 2510
3179 2513
3180 2504
3181 2505
3182 2504
3183 2505
3184 2505
3185 2505
3186 2505
3187 2505
3188 2505
3189 2501
3190 2496
3191 2496
3192 2497
3193 2498
3194 2498
3195 2499
3196 2499
3197 2501
3198 2501
3199 2498
3200 2501
3201 2497
3202 2495
3203 2496
3204 2494
3205 2506
3206 2501
3207 2493
3208 2495
3209 2495
3210 2496
3211 2501
3212 2497
3213 2499
3214 2502
3215 2501
3216 2505
3217 2506
3218 2502
3219 2512
3220 2503
3221 2505
3222 2505
3223 2504
3224 2504
3225 2506
3226 2505
3227 2505
3228 2504
3229 2505
3230 2505
3231 2506
3232 2505
3233 2509
3234 2505
3235 2504
3236 2504
3237 2502
3238 2503
3239 2515
3240 2507
3241 2504
3242 2503
3243 2503
3244 2510
3245 2502
3246 2515
3247 2510
3248 2502
3249 2514
3250 2516
3251 2500
3252 2498
3253 2497
3254 2497
3255 2497
3256 2500
3257 2501
3258 2503
3259 2505
3260 2508
3261 2497
3262 2496
3263 2498
3264 2501
3265 2497
3266 2495
3267 2502
3268 2507
3269 2509
3270 2497
3271 2496
3272 2507
3273 2496
3274 2497
3275 2495
3276 2496
3277 2506
3278 2498
3279 2498
3280 2499
3281 2504
3282 2497
3283 2499
3284 2499
3285 2499
3286 2499
3287 2498
3288 2499
3289 2498
3290 2499
3291 2499
3292 2498
3293 2498
3294 2498
3295 2497
3296 2499
3297 2498
3298 2499
3299 2508
3300 2499
3301 2499
3302 2499
3303 2500
3304 2500
3305 2500
3306 2499
3307 2500
3308 2500
3309 2501
3310 2499
3311 2499
3312 2499
3313 2498
3314 2498
3315 2498
3316 2497
3317 2497
3318 2497
3319 2496
3320 2496
3321 2495
3322 2495
3323 2495
3324 2494
3325 2494
3326 2493
3327 2494
3328 2493
3329 2492
3330 2494
3331 2492
3332 2493
3333 2495
3334 2496
3335 2496
3336 2496
3337 2498
3338 2483
3339 2485
3340 2493
3341 2488
3342 2493
3343 2492
3344 2492
3345 2489
3346 2489
3347 2492
3348 2487
3349 2494
3350 2487
3351 2489
3352 2484
3353 2485
3354 2486
3355 2487
3356 2487
3357 2487
3358 2486
3359 2486
3360 2485
3361 2485
3362 2485
3363 2486
3364 2485
3365 2485
3366 2485
3367 2488
3368 2484
3369 2484
3370 2489
3371 2489
3372 2486
3373 2488
3374 2486
3375 2486
3376 2486
3377 2488
3378 2488
3379 2487
3380 2490
3381 2491
3382 2496
3383 2498
3384 2490
3385 2490
3386 2495
3387 2501
3388 2498
3389 2498
3390 2501
3391 2497
3392 2499
3393 2495
3394 2491
3395 2489
3396 2496
3397 2492
3398 2496
3399 2492
3400 2490
3401 2492
3402 2492
3403 2494
3404 2494
3405 2494
3406 2499
3407 2496
3408 2496
3409 2495
3410 2495
3411 2494
3412 2494
3413 2493
3414 2493
3415 2500
3416 2498
3417 2494
3418 2497
3419 2497
3420 2497
3421 2503
3422 2504
3423 2506
3424 2503
3425 2494
3426 2491
3427 2493
3428 2497
3429 2498
3430 2496
3431 2497
3432 2499
3433 2496
3434 2496
3435 2504
3436 2504
3437 2505
3438 2505
3439 2492
3440 2502
3441 2498
3442 2499
3443 2502
3444 2499
3445 2501
3446 2502
3447 2503
3448 2499
3449 2500
3450 2496
3451 2502
3452 2499
3453 2504
3454 2501
3455 2500
3456 2500
3457 2500
3458 2501
3459 2501
3460 2501
3461 2501
3462 2501
3463 2501
3464 2501
3465 2501
3466 2502
3467 2501
3468 2501
3469 2501
3470 2501
3471 2501
3472 2500
3473 2498
3474 2496
3475 2494
3476 2498
3477 2494
3478 2493
3479 2494
3480 2493
3481 2494
3482 2495
3483 2493
3484 2492
3485 2493
3486 2493
3487 2492
3488 2489
3489 2489
3490 2491
3491 2490
3492 2490
3493 2490
3494 2490
3495 2490
3496 2491
3497 2492
3498 2493
3499 2492
3500 2488
3501 2492
3502 2492
3503 2492
3504 2492
3505 2492
3506 2493
3507 2493
3508 2493
3509 2493
3510 2493
3511 2490
3512 2501
3513 2490
3514 2490
3515 2492
3516 2491
3517 2494
3518 2494
3519 2489
3520 2489
3521 2491
3522 2490
3523 2493
3524 2493
3525 2496
3526 2496
3527 2495
3528 2495
3529 2493
3530 2493
3531 2496
3532 2491
3533 2491
3534 2491
3535 2491
3536 2490
3537 2490
3538 2488
3539 2488
3540 2491
3541 2491
3542 2485
3543 2484
3544 2483
3545 2483
3546 2481
3547 2482
3548 2483
3549 2483
3550 2485
3551 2483
3552 2485
3553 2485

