4248 2503
4249 2503
4250 2503
4251 2502
4252 2502
4253 2502
4254 2504
4255 2504
4256 2502
4257 2503
4258 2503
4259 2506
4260 2503
4261 2506
4262 2503
4263 2503
4264 2504
4265 2504
4266 2504
4267 2504
4268 2503
4269 2503
4270 2504
4271 2504
4272 2504
4273 2505
4274 2504
4275 2506
4276 2508
4277 2505
4278 2505
4279 2504
4280 2504
4281 2504
4282 2504
4283 2504
4284 2503
4285 2504
4286 2504
4287 2504
4288 2512
4289 2503
4290 2503
4291 2503
4292 2503
4293 2503
4294 2503
4295 2503
4296 2504
4297 2504
4298 2503
4299 2503
4300 2506
4301 2504
4302 2504
4303 2510
4304 2505
4305 2505
4306 2504
4307 2504
4308 2504
4309 2505
4310 2506
4311 2504
4312 2504
4313 2504
4314 2504
4315 2504
4316 2504
4317 2504
4318 2505
4319 2505
4320 2505
4321 2508
4322 2504
4323 2504
4324 2505
4325 2503
4326 2505
4327 2503
4328 2503
4329 2504
4330 2503
4331 2503
4332 2504
4333 2509
4334 2503
4335 2503
4336 2505
4337 2504
4338 2504
4339 2504
4340 2504
4341 2505
4342 2505
4343 2506
4344 2506
4345 2507
4346 2508
4347 2505
4348 2509
4349 2505
4350 2509
4351 2512
4352 2506
4353 2510
4354 2510
4355 2510
4356 2506
4357 2511
4358 2505
4359 2506
4360 2506
4361 2507
4362 2507
4363 2508
4364 2508
4365 2511
4366 2512
4367 2509
4368 2508
4369 2508
4370 2511
4371 2509
4372 2508
4373 2507
4374 2508
4375 2508
4376 2508
4377 2513
4378 2508
4379 2508
4380 2513
4381 2509
4382 2512
4383 2511
4384 2509
4385 2510
4386 2509
4387 2509
4388 2509
4389 2510
4390 2512
4391 2512
4392 2512
4393 2513
4394 2512
4395 2507
4396 2508
4397 2508
4398 2508
4399 2508
4400 2508
4401 2508
4402 2508
4403 2508
4404 2508
4405 2506
4406 2512
4407 2510
4408 2508
4409 2513
4410 2505
4411 2502
4412 2503
4413 2503
4414 2504
4415 2504
4416 2504
4417 2502
4418 2509
4419 2512
4420 2512
4421 2508
4422 2509
4423 2513
4424 2513
4425 2498
4426 2512
4427 2512
4428 2512
4429 2509
4430 2508
4431 2505
4432 2505
4433 2501
4434 2502
4435 2501
4436 2501
4437 2504
4438 2505
4439 2507
4440 2507
4441 2504
4442 2506
4443 2505
4444 2506
4445 2505
4446 2505
4447 2505
4448 2505
4449 2506
4450 2506
4451 2506
4452 2506
4453 2506
4454 2506
4455 2506
4456 2506
4457 2507
4458 2507
4459 2506
4460 2507
4461 2506
4462 2506
4463 2506
4464 2506
4465 2505
4466 2505
4467 2505
4468 2505
4469 2506
4470 2505
4471 2505
4472 2505
4473 2505
4474 2506
4475 2505
4476 2505
4477 2505
4478 2505
4479 2506
4480 2506
4481 2506
4482 2506
4483 2505
4484 2505
4485 2505
4486 2505
4487 2505
4488 2504
4489 2504
4490 2504
4491 2505
4492 2505
4493 2505
4494 2504
4495 2504
4496 2504
4497 2503
4498 2504
4499 2505
4500 2504
4501 2504
4502 2504
4503 2504
4504 2504
4505 2504
4506 2504
4507 2504
4508 2504
4509 2503
4510 2504
4511 2504
4512 2503
4513 2504
4514 2504
4515 2504
4516 2504
4517 2508
4518 2504
4519 2508
4520 2503
4521 2503
4522 2502
4523 2503
4524 2502
4525 2502
4526 2502
4527 2502
4528 2506
4529 2508
4530 2504
4531 2503
4532 2508
4533 2502
4534 2502
4535 2503
4536 2503
4537 2504
4538 2503
4539 2503
4540 2503
4541 2507
4542 2503
4543 2503
4544 2502
4545 2503
4546 2502
4547 2502
4548 2502
4549 2502
4550 2502
4551 2502
4552 2503
4553 2503
4554 2503
4555 2506
4556 2502
4557 2507
4558 2504
4559 2502
4560 2502
4561 2507
4562 2503
4563 2502
4564 2502
4565 2502
4566 2502
4567 2503
4568 2508
4569 2503
4570 2504
4571 2507
4572 2503
4573 2502
4574 2502
4575 2509
4576 2502
4577 2502
4578 2502
4579 2502
4580 2503
4581 2502
4582 2501
4583 2502
4584 2506
4585 2502
4586 2502
4587 2506
4588 2502
4589 2502
4590 2502
4591 2502
4592 2502
4593 2502
4594 2506
4595 2502
4596 2503
4597 2502
4598 2502
4599 2502
4600 2502
4601 2502
4602 2502
4603 2502
4604 2502
4605 2502
4606 2503
4607 2502
4608 2502
4609 2501
4610 2502
4611 2502
4612 2502
4613 2502
4614 2503
4615 2501
4616 2501
4617 2501
4618 2501
4619 2502
4620 2502
4621 2504
4622 2503
4623 2502
4624 2506
4625 2502
4626 2502
4627 2502
4628 2502
4629 2502
4630 2505
4631 2506
4632 2505
4633 2506
4634 2501
4635 2501
4636 2501
4637 2502
4638 2502
4639 2502
4640 2505
4641 2505
4642 2502
4643 2501
4644 2501
4645 2501
4646 2502
4647 2502
4648 2503
4649 2505
4650 2505
4651 2506
4652 2502
4653 2503
4654 2502
4655 2506
4656 2501
4657 2505
4658 2501
4659 2501
4660 2502
4661 2502
4662 2502
4663 2502
4664 2502
4665 2501
4666 2501
4667 2502
4668 2501
4669 2502
4670 2502
4671 2501
4672 2502
4673 2501
4674 2501
4675 2502
4676 2503
4677 2502
4678 2501
4679 2503
4680 2503
4681 2504
4682 2503
4683 2505
4684 2503
4685 2506
4686 2502
4687 2502
4688 2502
4689 2503
4690 2504
4691 2504
4692 2504
4693 2503
4694 2506
4695 2502
4696 2502
4697 2502
4698 2502
4699 2502
4700 2502
4701 2502
4702 2502
4703 2502
4704 2503
4705 2503
4706 2502
4707 2502
4708 2504
4709 2502
4710 2502
4711 2502
4712 2505
4713 2502
4714 2502
4715 2502
4716 2507
4717 2504
4718 2503
4719 2502
4720 2502
4721 2505
4722 2505
4723 2502
4724 2502
4725 2502
4726 2502
4727 2501
4728 2501
4729 2503
4730 2503
4731 2503
4732 2502
4733 2503
4734 2502
4735 2503
4736 2503
4737 2502
4738 2502
4739 2502
4740 2503
4741 2502
4742 2502
4743 2503
4744 2502
4745 2503
4746 2504
4747 2503
4748 2503
4749 2502
4750 2502
4751 2501
4752 2502
4753 2502
4754 2503
4755 2503
4756 2503
4757 2502
4758 2503
4759 2502
4760 2503
4761 2503
4762 2502
4763 2502
4764 2502
4765 2502
4766 2501
4767 2502
4768 2502
4769 2502
4770 2501
4771 2501
4772 2501
4773 2501
4774 2501
4775 2503
4776 2502
4777 2501
4778 2502
4779 2501
4780 2501
4781 2501
4782 2501
4783 2501
4784 2501
4785 2501
4786 2501
4787 2501
4788 2501
4789 2501
4790 2501
4791 2500
4792 2500
4793 2500
4794 2501
4795 2501
4796 2501
4797 2501
4798 2501
4799 2502
4800 2502
4801 2501
4802 2501
4803 2502
4804 2502
4805 2502
4806 2501
4807 2501
4808 2501
4809 2502
4810 2501
4811 2501
4812 2501
4813 2501
4814 2501
4815 2501
4816 2501
4817 2501
4818 2501
4819 2502
4820 2500
4821 2500
4822 2501
4823 2501
4824 2501
4825 2501
4826 2502
4827 2501
4828 2501
4829 2501
4830 2499
4831 2500
4832 2500
4833 2499
4834 2501
4835 2502
4836 2500
4837 2499
4838 2502
4839 2501
4840 2500
4841 2500
4842 2500
4843 2506
4844 2500
4845 2504
4846 2502
4847 2501
4848 2502
4849 2500
4850 2500
4851 2500
4852 2500
4853 2500
4854 2500
4855 2500
4856 2500
4857 2502
4858 2502
4859 2500
4860 2500
4861 2503
4862 2501
4863 2500
4864 2500
4865 2499
4866 2500
4867 2500
4868 2500
4869 2499
4870 2500
4871 2500
4872 2500
4873 2500
4874 2499
4875 2499
4876 2500
4877 2500
4878 2499
4879 2500
4880 2500
4881 2499
4882 2499
4883 2500
4884 2500
4885 2500
4886 2499
4887 2499
4888 2500
4889 2500
4890 2499
4891 2500
4892 2500
4893 2499
4894 2500
4895 2499
4896 2499
4897 2500
4898 2500
4899 2500
4900 2500
4901 2500
4902 2499
4903 2500
4904 2500
4905 2500
4906 2499
4907 2499
4908 2500
4909 2500
4910 2500
4911 2499
4912 2499
4913 2499
4914 2500
4915 2500
4916 2499
4917 2499
4918 2499
4919 2499
4920 2499
4921 2499
4922 2499
4923 2499
4924 2499
4925 2499
4926 2499
4927 2499
4928 2498
4929 2498
4930 2500
4931 2499
4932 2499
4933 2499
4934 2499
4935 2499
4936 2499
4937 2499
4938 2499
4939 2499
4940 2499
4941 2499
4942 2499
4943 2499
4944 2499
4945 2499
4946 2499
4947 2499
4948 2499
4949 2499
4950 2499
4951 2499
4952 2499
4953 2498
4954 2499
4955 2499
4956 2499
4957 2499
4958 2499
4959 2499
4960 2499
4961 2499
4962 2499
4963 2499
4964 2499
4965 2499
4966 2499
4967 2499
4968 2499
4969 2499
4970 2499
4971 2498
4972 2499
4973 2499
4974 2499
4975 2499
4976 2499
4977 2499
4978 2499
4979 2499
4980 2499
4981 2499
4982 2499
4983 2499
4984 2499
4985 2499
4986 2499
4987 2499
4988 2499
4989 2499
4990 2499
4991 2499
4992 2499
4993 2499
4994 2499
4995 2499
4996 2499
4997 2499
4998 2499
4999 2499
5000 2499
5001 2499
5002 2499
5003 2499
5004 2499
5005 2499
5006 2499
5007 2499
5008 2499
5009 2499
5010 2498
5011 2501
5012 2502
5013 2499
5014 2498
5015 2499
5016 2499
5017 2499
5018 2498
5019 2498
5020 2498
5021 2499
5022 2498
5023 2498
5024 2498
5025 2499
5026 2499
5027 2499
5028 2498
5029 2498
5030 2499
5031 2499
5032 2499
5033 2499
5034 2499
5035 2499
5036 2498
5037 2499
5038 2498
5039 2498
5040 2498
5041 2498
5042 2498
5043 2498
5044 2498
5045 2498
5046 2498
5047 2498
5048 2498
5049 2497
5050 2498
5051 2498
5052 2498
5053 2497
5054 2497

4501 2546
4502 2548
4503 2548
4504 2548
4505 2548
4506 2553
4507 2552
4508 2547
4509 2549
4510 2547
4511 2550
4512 2553
4513 2552
4514 2546
4515 2539
4516 2545
4517 2540
4518 2548
4519 2541
4520 2545
4521 2545
4522 2547
4523 2542
4524 2550
4525 2546
4526 2547
4527 2552
4528 2540
4529 2552
4530 2552
4531 2544
4532 2543
4533 2539
4534 2544
4535 2546
4536 2545
4537 2545
4538 2544
4539 2542
4540 2542
4541 2545
4542 2543
4543 2550
4544 2547
4545 2544
4546 2544
4547 2539
4548 2545
4549 2544
4550 2548
4551 2543
4552 2538
4553 2537
4554 2551
4555 2546
4556 2540
4557 2542
4558 2551
4559 2545
4560 2544
4561 2539
4562 2542
4563 2542
4564 2543
4565 2545
4566 2536
4567 2537
4568 2543
4569 2548
4570 2536
4571 2542
4572 2543
4573 2544
4574 2544
4575 2540
4576 2542
4577 2545
4578 2536
4579 2536
4580 2543
4581 2539
4582 2542
4583 2543
4584 2546
4585 2546
4586 2540
4587 2539
4588 2549
4589 2542
4590 2541
4591 2543
4592 2541
4593 2541
4594 2541
4595 2542
4596 2541
4597 2538
4598 2539
4599 2540
4600 2540
4601 2545
4602 2542
4603 2543
4604 2548
4605 2544
4606 2540
4607 2539
4608 2540
4609 2540
4610 2542
4611 2540
4612 2543
4613 2539
4614 2538
4615 2540
4616 2538
4617 2540
4618 2542
4619 2542
4620 2548
4621 2544
4622 2543
4623 2534
4624 2539
4625 2548
4626 2544
4627 2539
4628 2539
4629 2539
4630 2540
4631 2539
4632 2540
4633 2540
4634 2534
4635 2540
4636 2541
4637 2540
4638 2539
4639 2539
4640 2535
4641 2536
4642 2546
4643 2540
4644 2533
4645 2539
4646 2545
4647 2540
4648 2540
4649 2539
4650 2539
4651 2539
4652 2540
4653 2540
4654 2544
4655 2539
4656 2538
4657 2539
4658 2539
4659 2538
4660 2540
4661 2539
4662 2539
4663 2537
4930 2538
4931 2534
4932 2534
4933 2535
4934 2534
4935 2534
4936 2536
4937 2534
4938 2537
4939 2534
4940 2534
4941 2535
4942 2535
4943 2534
4944 2535
4945 2538
4946 2537
4947 2533
4948 2534
4949 2533
4950 2532
4951 2532
4952 2532
4953 2533
4954 2532
4955 2535
4956 2535
4957 2533
4958 2534
4959 2533
4960 2533
4961 2533
4962 2533
4963 2533
4964 2533
4965 2533
4966 2534
4967 2533
4968 2540
4969 2540
4970 2532
4971 2532
4972 2532
4973 2532
4974 2532
4975 2532
4976 2539
4977 2531
4978 2531
4979 2531
4980 2531
4981 2532

