4788 2518
4789 2520
4790 2519
4791 2519
4792 2520
4793 2523
4794 2521
4795 2523
4796 2524
4797 2522
4798 2520
4799 2520
4800 2519
4801 2519
4802 2520
4803 2519
4804 2519
4805 2519
4806 2522
4807 2522
4808 2520
4809 2524
4810 2520
4811 2521
4812 2519
4813 2520
4814 2522
4815 2519
4816 2519
4817 2516
4818 2520
4819 2516
4820 2516
4821 2523
4822 2519
4823 2519
4824 2519
4825 2518
4826 2519
4827 2516
4828 2518
4829 2516
4830 2516
4831 2518
4832 2516
4833 2515
4834 2518
4835 2515
4836 2516
4837 2516
4838 2515
4839 2514
4840 2519
4841 2515
4842 2516
4843 2516
4844 2515
4845 2515
4846 2515
4847 2521
4848 2524
4849 2515
4850 2515
4851 2517
4852 2517
4853 2516
4854 2516
4855 2516
4856 2516
4857 2516
4858 2515
4859 2519
4860 2515
4861 2517
4862 2516
4863 2515
4864 2516
4865 2521
4866 2516
4867 2517
4868 2516
4869 2517
4870 2517
4871 2519
4872 2519
4873 2516
4874 2516
4875 2515
4876 2517
4877 2516
4878 2515
4879 2516
4880 2515
4881 2518
4882 2517
4883 2518
4884 2515
4885 2515
4886 2515
4887 2514
4888 2514
4889 2515
4890 2514
4891 2515
4892 2514
4893 2514
4894 2515
4895 2515
4896 2515
4897 2515
4898 2521
4899 2515
4900 2515
4901 2514
4902 2514
4903 2514
4904 2514
4905 2514
4906 2515
4907 2515
4908 2515
4909 2514
4910 2514
4911 2513
4912 2513
4913 2513
4914 2514
4915 2512
4916 2522
4917 2513
4918 2520
4919 2508
4920 2517
4921 2521
4922 2515
4923 2513
4924 2517
4925 2513
4926 2513
4927 2512
4928 2517
4929 2512
4930 2512
4931 2512
4932 2516
4933 2512
4934 2512
4935 2512
4936 2516
4937 2516
4938 2516
4939 2516
4940 2512
4941 2511
4942 2511
4943 2512
4944 2512
4945 2512
4946 2512
4947 2513
4948 2512
4949 2513
4950 2513
4951 2512
4952 2512
4953 2512
4954 2512
4955 2515
4956 2515
4957 2512
4958 2512
4959 2512
4960 2512
4961 2512
4962 2511
4963 2514
4964 2511
4965 2511
4966 2512
4967 2512
4968 2513
4969 2514
4970 2512
4971 2512
4972 2511
4973 2511
4974 2511
4975 2511
4976 2511
4977 2512
4978 2512
4979 2511
4980 2511
4981 2511
4982 2511
4983 2512
4984 2511
4985 2511
4986 2511
4987 2511
4988 2511
4989 2512
4990 2512
4991 2511
4992 2511
4993 2511
4994 2511
4995 2511
4996 2511
4997 2511
4998 2515
4999 2511
5000 2511
5001 2511
5002 2510
5003 2511
5004 2511
5005 2511
5006 2511
5007 2511
5008 2510
5009 2511
5010 2511
5011 2511
5012 2511
5013 2513
5014 2512
5015 2511
5016 2511
5017 2511
5018 2511
5019 2511
5020 2510
5021 2511
5022 2511
5023 2511
5024 2511
5025 2511
5026 2512
5027 2513
5028 2513
5029 2512
5030 2513
5031 2513
5032 2513
5033 2513
5034 2513
5035 2516
5036 2513
5037 2513
5038 2512
5039 2513
5040 2512
5041 2512
5042 2512
5043 2512
5044 2512
5045 2512
5046 2516
5047 2512
5048 2513
5049 2512
5050 2513
5051 2513
5052 2512
5053 2512
5054 2512
5055 2512
5056 2512
5057 2513
5058 2512
5059 2511
5060 2511
5061 2516
5062 2516
5063 2513
5064 2516
5065 2509
5066 2508
5067 2509
5068 2513
5069 2512
5070 2512
5071 2508
5072 2516
5073 2510
5074 2510
5075 2510
5076 2510
5077 2511
5078 2513
5079 2509
5080 2509
5081 2509
5082 2509
5083 2509
5084 2510
5085 2508
5086 2509
5087 2510
5088 2512
5089 2510
5090 2509
5091 2510
5092 2510
5093 2511
5094 2511
5095 2512
5096 2512
5097 2510
5098 2511
5099 2512
5100 2512
5101 2511
5102 2514
5103 2511
5104 2511
5105 2511
5106 2510
5107 2512
5108 2511
5109 2510
5110 2511
5111 2511
5112 2515
5113 2513
5114 2513
5115 2514
5116 2511
5117 2511
5118 2511
5119 2511
5120 2511
5121 2511
5122 2512
5123 2512
5124 2511
5125 2511
5126 2510
5127 2511
5128 2511
5129 2511
5130 2511
5131 2509
5132 2508
5133 2507
5134 2509
5135 2508
5136 2506
5137 2504
5138 2506
5139 2504
5140 2504
5141 2505
5142 2507
5143 2506
5144 2505
5145 2504
5146 2503
5147 2505
5148 2504
5149 2505
5150 2510
5151 2511
5152 2506
5153 2505
5154 2505
5155 2506
5156 2508
5157 2506
5158 2505
5159 2505
5160 2504
5161 2504
5162 2507
5163 2503
5164 2504
5165 2506
5166 2502
5167 2506
5168 2503
5169 2502
5170 2503
5171 2508
5172 2505
5173 2502
5174 2502
5175 2505
5176 2501
5177 2501
5178 2501
5179 2501
5180 2501
5181 2506
5182 2500
5183 2501
5184 2504
5185 2502
5186 2502
5187 2502
5188 2502
5189 2501
5190 2501
5191 2505
5192 2504
5193 2500
5194 2501
5195 2501
5196 2501
5197 2502
5198 2502
5199 2503
5200 2501
5201 2502
5202 2502
5203 2507
5204 2501
5205 2501
5206 2505
5207 2499
5208 2501
5209 2502
5210 2501
5211 2502
5212 2501
5213 2501
5214 2501
5215 2500
5216 2500
5217 2500
5218 2500
5219 2501
5220 2501
5221 2501
5222 2502
5223 2501
5224 2500
5225 2500
5226 2500
5227 2500
5228 2500
5229 2501
5230 2500
5231 2501
5232 2502
5233 2501
5234 2501
5235 2500
5236 2500
5237 2499
5238 2499
5239 2500
5240 2500
5241 2500
5242 2501
5243 2501
5244 2501
5245 2501
5246 2502
5247 2501
5248 2500
5249 2501
5250 2501
5251 2502
5252 2500
5253 2499
5254 2504
5255 2500
5256 2500
5257 2499
5258 2499
5259 2500
5260 2500
5261 2503
5262 2501
5263 2501
5264 2500
5265 2501
5266 2500
5267 2499
5268 2501
5269 2499
5270 2503
5271 2503
5272 2499
5273 2499
5274 2500
5275 2504
5276 2502
5277 2502
5278 2501
5279 2501
5280 2500
5281 2502
5282 2502
5283 2502
5284 2501
5285 2501
5286 2500
5287 2501
5288 2500
5289 2503
5290 2500
5291 2499
5292 2499
5293 2503
5294 2502
5295 2502
5296 2501
5297 2500
5298 2500
5299 2500
5300 2499
5301 2499
5302 2499
5303 2498
5304 2499
5305 2499
5306 2499
5307 2499
5308 2502
5309 2499
5310 2505
5311 2499
5312 2499
5313 2499
5314 2501
5315 2500
5316 2499
5317 2499
5318 2499
5319 2498
5320 2499
5321 2499
5322 2498
5323 2499
5324 2498
5325 2499
5326 2498
5327 2498
5328 2498
5329 2498
5330 2498
5331 2498
5332 2498
5333 2499
5334 2498
5335 2498
5336 2501
5337 2500
5338 2499
5339 2498
5340 2499
5341 2504
5342 2500
5343 2501
5344 2503
5345 2504
5346 2498
5347 2499
5348 2508
5349 2501
5350 2502
5351 2499
5352 2499
5353 2501
5354 2500
5355 2500
5356 2501
5357 2498
5358 2499
5359 2500
5360 2498
5361 2500
5362 2500
5363 2499
5364 2499
5365 2498
5366 2501
5367 2503
5368 2500
5369 2498
5370 2501
5371 2503
5372 2503
5373 2498
5374 2502
5375 2501
5376 2501
5377 2498
5378 2498
5379 2507
5380 2499
5381 2499
5382 2499
5383 2499
5384 2499
5385 2499
5386 2499
5387 2499
5388 2499
5389 2499
5390 2499
5391 2499
5392 2499
5393 2499
5394 2499
5395 2499
5396 2499
5397 2499
5398 2499
5399 2499
5400 2499
5401 2501
5402 2502
5403 2504
5404 2504
5405 2501
5406 2499
5407 2498
5408 2499
5409 2499
5410 2499
5411 2499
5412 2499
5413 2499
5414 2499
5415 2499
5416 2498
5417 2500
5418 2499
5419 2499
5420 2499
5421 2499
5422 2498
5423 2499
5424 2498
5425 2499
5426 2499
5427 2498
5428 2498
5429 2498
5430 2498
5431 2499
5432 2499
5433 2499
5434 2499
5435 2499
5436 2499
5437 2499
5438 2499
5439 2499
5440 2499
5441 2499
5442 2499
5443 2499
5444 2499
5445 2499
5446 2499
5447 2499
5448 2499
5449 2499
5450 2499
5451 2499
5452 2499
5453 2499
5454 2499
5455 2499
5456 2499
5457 2499
5458 2499
5459 2500
5460 2500
5461 2499
5462 2500
5463 2500
5464 2500
5465 2500
5466 2499
5467 2500
5468 2499
5469 2500
5470 2500
5471 2500
5472 2500
5473 2500
5474 2499
5475 2500
5476 2503
5477 2500
5478 2499
5479 2499
5480 2499
5481 2500
5482 2500
5483 2500
5484 2499
5485 2500
5486 2500
5487 2500
5488 2500
5489 2500
5490 2499
5491 2499
5492 2499
5493 2500
5494 2499
5495 2499
5496 2499
5497 2499
5498 2499
5499 2499
5500 2500
5501 2500
5502 2499
5503 2499
5504 2500
5505 2500
5506 2500
5507 2500
5508 2500
5509 2500
5510 2500
5511 2500
5512 2500
5513 2500
5514 2500
5515 2500
5516 2500
5517 2500
5518 2500
5519 2500
5520 2500
5521 2499
5522 2499
5523 2499
5524 2500
5525 2500
5526 2499
5527 2498
5528 2498
5529 2499
5530 2498
5531 2497
5532 2497
5533 2498
5534 2498
5535 2498
5536 2498
5537 2498
5538 2498
5539 2499
5540 2498
5541 2498
5542 2497
5543 2499
5544 2500
5545 2498
5546 2498
5547 2498
5548 2498
5549 2498
5550 2498
5551 2498
5552 2498
5553 2498
5554 2498
5555 2498
5556 2497
5557 2497
5558 2498
5559 2498
5560 2498
5561 2505
5562 2498
5563 2497
5564 2497
5565 2497
5566 2497
5567 2497
5568 2497
5569 2497
5570 2497
5571 2497
5572 2497
5573 2497
5574 2497
5575 2496
5576 2497
5577 2497
5578 2497
5579 2497
5580 2496
5581 2497
5582 2496
5583 2497
5584 2496
5585 2496
5586 2497
5587 2497
5588 2497
5589 2497
5590 2497
5591 2496
5592 2496
5593 2496
5594 2496
5595 2496
5596 2497
5597 2496
5598 2496
5599 2496
5600 2496
5601 2496
5602 2496
5603 2496
5604 2496
5605 2496
5606 2496
5607 2496
5608 2496
5609 2496
5610 2496
5611 2496
5612 2496
5613 2496
5614 2496
5615 2496
5616 2496
5617 2496
5618 2496
5619 2496
5620 2496
5621 2495
5622 2496
5623 2495
5624 2495
5625 2495
5626 2495
5627 2495
5628 2495
5629 2495
5630 2495
5631 2495
5632 2495
5633 2495
5634 2495
5635 2495
5636 2495
5637 2495
5638 2495
5639 2495
5640 2495
5641 2495
5642 2495
5643 2495
5644 2495
5645 2495
5646 2495
5647 2495
5648 2495
5649 2495
5650 2496
5651 2495
5652 2495
5653 2495
5654 2495
5655 2496
5656 2496
5657 2496
5658 2496
5659 2495
5660 2496
5661 2496
5662 2496
5663 2496
5664 2496
5665 2495
5666 2495
5667 2495
5668 2501
5669 2497
5670 2498
5671 2501
5672 2500
5673 2503
5674 2502
5675 2502
5676 2498
5677 2497
5678 2499
5679 2495
5680 2494
5681 2494
5682 2495
5683 2495
5684 2494
5685 2494
5686 2494
5687 2494
5688 2494
5689 2494
5690 2494
5691 2494
5692 2494
5693 2493
5694 2494
5695 2494
5696 2494
5697 2494
5698 2494
5699 2494
5700 2493
5701 2493
5702 2494
5703 2493
5704 2494
5705 2493
5706 2493
5707 2494
5708 2493
5709 2493
5710 2493
5711 2493
5712 2493
5713 2493
5714 2493
5715 2493
5716 2493
5717 2492
5718 2493
5719 2492
5720 2492
5721 2493
5722 2492
5723 2492
5724 2493
5725 2492
5726 2492
5727 2492
5728 2492
5729 2492
5730 2492
5731 2492
5732 2492
5733 2492
5734 2492
5735 2492
5736 2492
5737 2492
5738 2492
5739 2492
5740 2492
5741 2492
5742 2492
5743 2492
5744 2492
5745 2492
5746 2491
5747 2492
5748 2492
5749 2492
5750 2491
5751 2491
5752 2491
5753 2491
5754 2491
5755 2491
5756 2491
5757 2491
5758 2491
5759 2491
5760 2491
5761 2491
5762 2491
5763 2491
5764 2491
5765 2491
5766 2491
5767 2491
5768 2491
5769 2491
5770 2491
5771 2491
5772 2491
5773 2491
5774 2491
5775 2491
5776 2491
5777 2491
5778 2491
5779 2491
5780 2491
5781 2491
5782 2491
5783 2491
5784 2491
5785 2490
5786 2491
5787 2491
5788 2491
5789 2490
5790 2491
5791 2490
5792 2491
5793 2491
5794 2491
5795 2490
5796 2491
5797 2491
5798 2491
5799 2490
5800 2491
5801 2491
5802 2491
5803 2490
5804 2491
5805 2491
5806 2492
5807 2491
5808 2491
5809 2491
5810 2491
5811 2490
5812 2490
5813 2490
5814 2490
5815 2490
5816 2490
5817 2490
5818 2490
5819 2490
5820 2490
5821 2490
5822 2490
5823 2490
5824 2491
5825 2490
5826 2490
5827 2489
5828 2489
5829 2489
5830 2489
5831 2488
5832 2488
5833 2488
5834 2488
5835 2488
5836 2488
5837 2488
5838 2488
5839 2488
5840 2488
5841 2488
5842 2488
5843 2488
5844 2488
5845 2488
5846 2488
5847 2487
5848 2487
5849 2487
5850 2487
5851 2487
5852 2487
5853 2487
5854 2487
5855 2487

5346 2513
5347 2513
5348 9999
5349 2520
5350 2516
5351 2516
5352 2519
5353 2513
5354 2520
5355 2522
5356 2523
5357 2526
5358 2518
5359 2518
5360 2520
5361 2522
5362 2518
5363 2518
5364 2515
5365 2519
5366 2518
5367 2519
5368 2521
5369 2516
5370 2527
5371 2519
5372 2520
5373 2515
5374 2522
5375 2526
5376 2515
5377 2520
5378 2513
5379 9999
5380 2514
5381 2518
5382 2520
5383 2523
5384 2520
5385 2513
5386 2513
5387 2518
5388 2521
5389 2519
5390 2520
5391 2520
5392 2519
5393 2522
5394 2518
5395 2513
5396 2519
5397 2519
5398 2513
5399 2513
5400 2513
5401 2513
5402 2521
5403 9999
5404 2516
5405 2521
5406 2513
5407 2526
5408 2521
5409 2515
5410 2520
5411 2519
5412 2520
5413 2519
5414 2518
5415 2526
5416 2525
5417 2514
5418 2523
5419 2520
5420 2521
5421 2521
5422 2520
5423 2519
5424 2521
5425 2521
5426 2522
5427 2521
5428 2521
5429 2521
5430 2525
5431 2520
5432 2522
5433 2528
5434 2528
5435 2521
5436 2526
5437 2523
5438 2522
5439 2521
5440 2522
5441 2522
5442 2521
5443 2522
5444 2522
5445 2523
5446 2524
5447 2520
5448 2517
5449 2515
5450 2514
5451 2516
5452 2518
5453 2523
5454 2514
5455 2523
5456 2516
5457 2523
5458 2524
5459 2514
5460 2524
5461 2523
5462 2514
5463 2524
5464 2524
5465 2525
5466 2516
5467 2515
5468 2526
5469 2525
5470 2514
5471 2522
5472 2524
5473 2526
5474 2516
5475 2527
5476 2526
5477 2526
5478 2525
5479 2525
5480 2526
5481 2527
5482 2525
5483 2526
5484 2526
5485 2526
5486 2526
5487 2525
5488 2526
5489 2524
5490 2526
5491 2532
5492 2529
5493 2524
5494 2523
5495 2521
5496 2518
5497 2527
5498 2526
5499 2526
5500 2526
5501 2525
5502 2526
5503 2525
5504 2524
5505 2529
5506 2518
5507 2529
5508 2530
5509 2526
5510 2528
5511 2528
5512 2520
5513 2527
5514 2531
5515 2529
5516 2518
5517 2518
5518 2525
5519 2524
5520 2525
5521 2524
5522 2529
5523 2524
5524 2524
5525 2525
5526 2528
5527 2524
5528 2524
5529 2525
5530 2517
5531 2519
5532 2518
5533 2529
5534 2527
5535 2529
5536 2518
5537 2531
5538 2527
5539 2517
5540 2529
5541 2529
5542 2531
5543 2529
5544 2517
5545 2517
5546 2521
5547 2528
5548 2520
5549 2517
5550 2522
5551 2526
5552 2525
5553 2521
5554 2527
5555 2526
5556 2521
5557 2529
5558 2525
5559 2521
5560 2521
5561 2519
5562 2521
5563 2517
5564 2518
5565 2526
5566 2525
5567 2531
5568 2525
5569 2526
5570 2522
5571 2517
5572 2529
5573 2517
5574 2524
5575 2526
5576 2525
5577 2525
5578 2529
5579 2530
5580 2524
5581 2523
5582 2522
5583 2524
5584 2525
5585 2525
5586 2527
5587 2521
5588 2526
5589 2528
5590 2526
5591 2527
5592 2525
5593 2520
5594 2521
5595 2526
5596 2525
5597 2525
5598 2526
5599 2527
5600 2524
5601 2529
5602 2527
5603 2521
5604 2520
5605 2523
5606 2522
5607 2528
5608 2520
5609 2524
5610 2527
5611 2524
5612 2528
5613 2530
5614 2524
5615 2523
5616 2524
5617 2523
5618 2523
5619 2527
5620 2517
5621 2527
5622 2520
5623 2527
5624 2530
5625 2527
5626 2526
5627 2528
5628 2530
5629 2524
5630 2525
5631 2517
5632 2517
5633 2524
5634 2525
5635 2524
5636 2522
5637 2524
5638 2524
5639 2524
5640 2523
5641 2523
5642 2522
5643 2529
5644 2525
5645 2526
5646 2523
5647 2523
5648 2516
5649 2529
5650 2523
5651 2528
5652 2521
5653 2523
5654 2516
5655 2525
5656 2516
5657 2516
5658 2516
5659 2525
5660 2523
5661 2522
5662 2525
5663 2522
5664 2522
5665 2529
5666 2526
5667 2520
5668 2519
5669 2518
5670 2519
5671 2525
5672 2525
5673 2529
5674 2528
5675 2530
5676 2520
5677 2529
5678 2520
5679 2518
5680 2520
5681 2523
5682 2522
5683 2521
5684 2522
5685 2522
5686 2522
5687 2521
5688 2527
5689 2518
5690 2523
5691 2530
5692 2522
5693 2523
5694 2524
5695 2524
5696 2523
5697 2530
5698 2525
5699 2518
5700 2521
5701 2517
5702 2522
5703 2520
5704 2521
5705 2517
5706 2527
5707 2531
5708 2524
5709 2524
5710 2528
5711 2519
5712 2522
5713 2524
5714 2526
5715 2527
5716 2526
5717 2526
5718 2531
5719 2524
5720 2524
5721 2522
5722 2531
5723 2528
5724 2517
5725 2520
5726 2531
5727 2529
5728 2524
5729 2525
5730 2525
5731 2519
5732 2519
5733 2524
5734 2523
5735 2524
5736 2522
5737 2528
5738 2517
5739 2525
5740 2524
5741 2517
5742 2528
5743 2517
5744 2524
5745 2523
5746 2525
5747 2530
5748 2524
5749 2523
5750 2526
5751 2524
5752 2524
5753 2524
5754 2524
5755 2524
5756 2524
5757 2524
5758 2524
5759 2523
5760 2523
5761 2524
5762 2520
5763 2523
5764 2523
5765 2524
5766 2524
5767 2524
5768 2531
5769 2522
5770 2523
5771 2521
5772 2523
5773 2522
5774 2520
5775 2522
5776 2528
5777 2527
5778 2525
5779 2524
5780 2523
5781 2516
5782 2524
5783 2523
5784 2524
5785 2524
5786 2523
5787 2522
5788 2521
5789 2522
5790 2523
5791 2521
5792 2522
5793 2522
5794 2520
5795 2522
5796 2527
5797 2521
5798 2521
5799 2527
5800 2520
5801 2520
5802 2517

