2875 2503
2876 2503
2877 2504
2878 2503
2879 2503
2880 2504
2881 2504
2882 2504
2883 2504
2884 2504
2885 2504
2886 2504
2887 2504
2888 2504
2889 2504
2890 2504
2891 2504
2892 2503
2893 2503
2894 2502
2895 2503
2896 2502
2897 2502
2898 2503
2899 2503
2900 2503
2901 2503
2902 2511
2903 2503
2904 2503
2905 2509
2906 2502
2907 2509
2908 2503
2909 2502
2910 2502
2911 2506
2912 2503
2913 2511
2914 2502
2915 2502
2916 2502
2917 2502
2918 2502
2919 2501
2920 2502
2921 2502
2922 2502
2923 2505
2924 2504
2925 2504
2926 2504
2927 2503
2928 2508
2929 2507
2930 2504
2931 2504
2932 2502
2933 2502
2934 2503
2935 2503
2936 2503
2937 2503
2938 2501
2939 2503
2940 2502
2941 2502
2942 2501
2943 2501
2944 2502
2945 2501
2946 2502
2947 2502
2948 2502
2949 2502
2950 2503
2951 2503
2952 2503
2953 2504
2954 2504
2955 2504
2956 2503
2957 2503
2958 2504
2959 2503
2960 2503
2961 2503
2962 2504
2963 2506
2964 2503
2965 2506
2966 2504
2967 2504
2968 2508
2969 2503
2970 2503
2971 2504
2972 2502
2973 2502
2974 2503
2975 2502
2976 2509
2977 2504
2978 2503
2979 2503
2980 2503
2981 2505
2982 2504
2983 2509
2984 2503
2985 2504
2986 2504
2987 2503
2988 2504
2989 2503
2990 2503
2991 2503
2992 2503
2993 2504
2994 2504
2995 2504
2996 2503
2997 2503
2998 2504
2999 2504
3000 2503
3001 2503
3002 2502
3003 2505
3004 2508
3005 2507
3006 2508
3007 2506
3008 2505
3009 2504
3010 2504
3011 2504
3012 2504
3013 2504
3014 2504
3015 2504
3016 2504
3017 2505
3018 2505
3019 2503
3020 2505
3021 2504
3022 2503
3023 2503
3024 2503
3025 2502
3026 2503
3027 2503
3028 2503
3029 2507
3030 2503
3031 2503
3032 2504
3033 2504
3034 2503
3035 2503
3036 2504
3037 2503
3038 2503
3039 2503
3040 2503
3041 2503
3042 2503
3043 2503
3044 2503
3045 2507
3046 2507
3047 2502
3048 2503
3049 2502
3050 2502
3051 2502
3052 2507
3053 2502
3054 2502
3055 2502
3056 2503
3057 2502
3058 2502
3059 2502
3060 2502
3061 2502
3062 2507
3063 2502
3064 2507
3065 2507
3066 2502
3067 2502
3068 2502
3069 2507
3070 2502
3071 2501
3072 2501
3073 2502
3074 2502
3075 2502
3076 2502
3077 2502
3078 2502
3079 2502
3080 2502
3081 2502
3082 2502
3083 2502
3084 2502
3085 2502
3086 2502
3087 2507
3088 2507
3089 2502
3090 2502
3091 2506
3092 2502
3093 2501
3094 2506
3095 2503
3096 2503
3097 2504
3098 2502
3099 2502
3100 2503
3101 2504
3102 2502
3103 2503
3104 2502
3105 2502
3106 2503
3107 2503
3108 2503
3109 2502
3110 2502
3111 2502
3112 2502
3113 2503
3114 2501
3115 2502
3116 2502
3117 2502
3118 2502
3119 2503
3120 2506
3121 2506
3122 2503
3123 2503
3124 2503
3125 2507
3126 2505
3127 2509
3128 2502
3129 2502
3130 2502
3131 2503
3132 2502
3133 2502
3134 2502
3135 2501
3136 2506
3137 2501
3138 2502
3139 2502
3140 2506
3141 2506
3142 2506
3143 2503
3144 2502
3145 2502
3146 2503
3147 2503
3148 2502
3149 2505
3150 2504
3151 2502
3152 2502
3153 2503
3154 2505
3155 2505
3156 2502
3157 2502
3158 2503
3159 2502
3160 2502
3161 2503
3162 2502
3163 2503
3164 2503
3165 2502
3166 2502
3167 2506
3168 2502
3169 2502
3170 2502
3171 2502
3172 2506
3173 2503
3174 2503
3175 2503
3176 2503
3177 2502
3178 2503
3179 2503
3180 2503
3181 2503
3182 2503
3183 2502
3184 2503
3185 2502
3186 2503
3187 2503
3188 2502
3189 2503
3190 2503
3191 2503
3192 2503
3193 2502
3194 2503
3195 2503
3196 2503
3197 2502
3198 2503
3199 2503
3200 2503
3201 2503
3202 2503
3203 2503
3204 2503
3205 2502
3206 2503
3207 2506
3208 2506
3209 2503
3210 2503
3211 2503
3212 2503
3213 2502
3214 2503
3215 2503
3216 2503
3217 2504
3218 2508
3219 2503
3220 2505
3221 2504
3222 2508
3223 2509
3224 2505
3225 2504
3226 2505
3227 2505
3228 2506
3229 2506
3230 2504
3231 2503
3232 2504
3233 2503
3234 2504
3235 2504
3236 2504
3237 2503
3238 2504
3239 2504
3240 2504
3241 2503
3242 2504
3243 2504
3244 2504
3245 2504
3246 2504
3247 2504
3248 2504
3249 2504
3250 2504
3251 2504
3252 2504
3253 2503
3254 2504
3255 2504
3256 2504
3257 2504
3258 2504
3259 2504
3260 2504
3261 2504
3262 2504
3263 2504
3264 2504
3265 2504
3266 2504
3267 2504
3268 2504
3269 2504
3270 2504
3271 2504
3272 2504
3273 2504
3274 2504
3275 2505
3276 2505
3277 2505
3278 2504
3279 2504
3280 2505
3281 2505
3282 2505
3283 2504
3284 2504
3285 2505
3286 2504
3287 2504
3288 2505
3289 2505
3290 2505
3291 2505
3292 2505
3293 2504
3294 2504
3295 2504
3296 2504
3297 2504
3298 2504
3299 2504
3300 2505
3301 2505
3302 2504
3303 2504
3304 2504
3305 2504
3306 2504
3307 2504
3308 2504
3309 2504
3310 2504
3311 2504
3312 2504
3313 2504
3314 2504
3315 2504
3316 2504
3317 2504
3318 2504
3319 2504
3320 2503
3321 2504
3322 2504
3323 2504
3324 2504
3325 2504
3326 2505
3327 2504
3328 2504
3329 2504
3330 2504
3331 2504
3332 2504
3333 2504
3334 2504
3335 2504
3336 2504
3337 2504
3338 2504
3339 2504
3340 2504
3341 2504
3342 2504
3343 2504
3344 2504
3345 2504
3346 2504
3347 2504
3348 2504
3349 2504
3350 2504
3351 2504
3352 2504
3353 2504
3354 2504
3355 2504
3356 2504
3357 2504
3358 2504
3359 2504
3360 2504
3361 2504
3362 2504
3363 2504
3364 2504
3365 2504
3366 2504
3367 2504
3368 2504
3369 2504
3370 2503
3371 2504
3372 2504
3373 2505
3374 2504
3375 2504
3376 2504
3377 2504
3378 2504
3379 2504
3380 2504
3381 2504
3382 2504
3383 2504
3384 2504
3385 2504
3386 2504
3387 2504
3388 2504
3389 2504
3390 2504
3391 2504
3392 2504
3393 2504
3394 2503
3395 2504
3396 2504
3397 2503
3398 2503
3399 2505
3400 2506
3401 2503
3402 2505
3403 2505
3404 2505
3405 2504
3406 2504
3407 2504
3408 2504
3409 2504
3410 2504
3411 2504
3412 2503
3413 2504
3414 2504
3415 2503
3416 2504
3417 2503
3418 2504
3419 2504
3420 2503
3421 2503
3422 2503
3423 2503
3424 2503
3425 2503
3426 2505
3427 2504
3428 2503
3429 2503
3430 2503
3431 2503
3432 2506
3433 2504
3434 2503
3435 2503
3436 2503
3437 2503
3438 2503
3439 2503
3440 2503
3441 2503
3442 2503
3443 2503
3444 2503
3445 2503
3446 2503
3447 2502
3448 2502
3449 2503
3450 2503
3451 2503
3452 2503
3453 2503
3454 2503
3455 2503
3456 2503
3457 2503
3458 2502
3459 2503
3460 2503
3461 2503
3462 2503
3463 2503
3464 2503
3465 2503
3466 2503
3467 2503
3468 2503
3469 2503
3470 2503
3471 2503
3472 2503
3473 2503
3474 2503
3475 2504
3476 2504
3477 2503
3478 2503
3479 2503
3480 2503
3481 2503
3482 2503
3483 2502
3484 2503
3485 2502
3486 2503
3487 2503
3488 2503
3489 2503
3490 2503
3491 2503
3492 2503
3493 2502
3494 2503
3495 2503
3496 2503
3497 2503
3498 2502
3499 2502
3500 2503
3501 2502
3502 2502
3503 2503
3504 2502
3505 2502
3506 2502
3507 2502
3508 2502
3509 2503
3510 2502
3511 2503
3512 2504
3513 2503
3514 2503
3515 2503
3516 2502
3517 2503
3518 2502
3519 2502
3520 2502
3521 2502
3522 2502
3523 2502
3524 2501
3525 2502
3526 2502
3527 2502
3528 2502
3529 2502
3530 2502
3531 2502
3532 2502
3533 2502
3534 2501
3535 2502
3536 2501
3537 2501
3538 2502
3539 2501
3540 2502
3541 2502
3542 2502
3543 2502
3544 2502
3545 2502
3546 2501
3547 2502
3548 2502
3549 2502
3550 2502
3551 2502
3552 2502
3553 2502
3554 2502
3555 2502
3556 2502
3557 2506
3558 2501
3559 2502
3560 2501
3561 2502
3562 2502
3563 2501
3564 2502
3565 2502
3566 2502
3567 2501
3568 2501
3569 2503
3570 2504
3571 2503
3572 2503
3573 2501
3574 2503
3575 2503
3576 2503
3577 2502
3578 2502
3579 2502
3580 2502
3581 2502
3582 2502
3583 2506
3584 2501
3585 2502
3586 2501
3587 2501
3588 2500
3589 2501
3590 2499
3591 2499
3592 2500
3593 2500
3594 2500
3595 2499
3596 2499
3597 2499
3598 2504
3599 2500
3600 2498
3601 2498
3602 2498
3603 2498
3604 2497
3605 2498
3606 2498
3607 2498
3608 2498
3609 2498
3610 2498
3611 2497
3612 2497
3613 2497
3614 2497
3615 2497
3616 2497
3617 2497
3618 2498
3619 2498
3620 2497
3621 2497
3622 2497
3623 2497
3624 2498
3625 2502
3626 2505
3627 2497
3628 2498
3629 2499
3630 2501
3631 2498
3632 2497
3633 2498
3634 2497
3635 2497
3636 2497
3637 2497
3638 2498
3639 2498
3640 2497
3641 2500
3642 2498
3643 2498
3644 2498
3645 2498
3646 2497
3647 2497
3648 2497
3649 2498
3650 2497
3651 2497
3652 2498
3653 2499
3654 2498
3655 2497
3656 2497
3657 2498
3658 2498
3659 2498
3660 2498
3661 2498
3662 2498
3663 2498
3664 2497
3665 2498
3666 2497
3667 2497
3668 2497
3669 2498
3670 2497
3671 2497
3672 2498
3673 2498
3674 2497
3675 2497
3676 2497
3677 2497
3678 2497
3679 2497
3680 2497
3681 2497
3682 2497
3683 2497
3684 2497
3685 2497
3686 2497
3687 2497
3688 2497
3689 2497
3690 2497
3691 2497
3692 2497
3693 2497
3694 2497
3695 2497
3696 2497
3697 2497
3698 2497
3699 2497
3700 2496
3701 2497
3702 2497
3703 2496
3704 2497
3705 2497
3706 2497
3707 2497
3708 2497
3709 2497
3710 2497
3711 2497
3712 2497
3713 2497
3714 2497
3715 2497
3716 2497
3717 2497
3718 2497
3719 2497
3720 2497
3721 2497
3722 2496
3723 2497
3724 2497
3725 2497
3726 2497
3727 2497
3728 2497
3729 2497
3730 2497
3731 2497
3732 2497
3733 2497
3734 2497
3735 2497
3736 2497
3737 2497
3738 2497
3739 2497
3740 2497
3741 2497
3742 2497
3743 2497
3744 2497
3745 2496
3746 2496
3747 2497
3748 2497
3749 2497
3750 2496
3751 2497
3752 2497
3753 2497
3754 2497
3755 2497
3756 2496
3757 2497
3758 2497
3759 2497
3760 2497
3761 2497
3762 2497
3763 2497
3764 2497
3765 2496
3766 2497
3767 2497
3768 2497
3769 2496
3770 2496
3771 2496
3772 2496
3773 2496
3774 2496
3775 2496
3776 2496
3777 2497
3778 2496
3779 2496
3780 2496
3781 2496
3782 2496
3783 2496
3784 2496
3785 2496
3786 2496
3787 2496
3788 2496
3789 2496
3790 2496
3791 2496
3792 2496
3793 2496
3794 2496
3795 2499
3796 2496
3797 2496
3798 2496
3799 2496
3800 2496
3801 2496
3802 2496
3803 2496
3804 2496
3805 2496
3806 2496
3807 2496
3808 2496
3809 2496
3810 2495
3811 2496
3812 2495
3813 2495
3814 2495
3815 2495
3816 2496
3817 2495
3818 2495
3819 2495
3820 2495
3821 2495
3822 2495
3823 2495
3824 2495
3825 2495
3826 2495
3827 2495
3828 2495
3829 2495
3830 2495
3831 2495
3832 2495
3833 2497
3834 2496
3835 2495
3836 2495
3837 2495
3838 2494
3839 2494
3840 2495
3841 2495
3842 2494
3843 2495
3844 2495
3845 2494
3846 2495
3847 2494
3848 2494
3849 2495
3850 2494
3851 2494
3852 2495
3853 2494
3854 2494
3855 2494
3856 2494
3857 2494
3858 2494
3859 2494
3860 2494
3861 2494
3862 2494

3676 2512
3677 2522
3678 2514
3679 2519
3680 2519
3681 2521
3682 2519
3683 2519
3684 2519
3685 2514
3686 2518
3687 2518
3688 2519
3689 2525
3690 2513
3691 2518
3692 2521
3693 2518
3694 2519
3695 2520
3696 2516
3697 2515
3698 2511
3699 2517
3700 2517
3701 2512
3702 2518
3703 2517
3704 2517
3705 2518
3706 2518
3707 2520
3708 2517
3709 2517
3710 2513
3711 2518
3712 2517
3713 2518
3714 2520
3715 2521
3716 2516
3717 2518
3718 2514
3719 2518
3720 2516
3721 2517
3722 2517
3723 2515
3724 2514
3725 2522
3726 2516
3727 2515
3728 2517
3729 2519
3730 2515
3731 2515
3732 2514
3733 2514
3734 2514
3735 2516
3736 2515
3737 2515
3738 2514
3739 2514
3740 2514
3741 2514
3742 2514
3743 2514
3744 2514
3745 2513
3746 2508
3747 2514
3748 2515
3749 2510
3750 2509
3751 2513
3752 2515
3753 2519
3754 2510
3755 2515
3756 2516
3757 9999
3758 9999
3759 2510

