1653 2516
1654 2517
1655 2507
1656 2516
1657 2516
1658 2506
1659 2507
1660 2506
1661 2507
1662 2506
1663 2517
1664 2505
1665 2506
1666 2506
1667 2517
1668 2518
1669 2507
1670 2507
1671 2508
1672 2506
1673 2506
1674 2507
1675 2507
1676 2510
1677 2508
1678 2507
1679 2508
1680 2508
1681 2508
1682 2511
1683 2508
1684 2518
1685 2509
1686 2507
1687 2507
1688 2517
1689 2507
1690 2507
1691 2511
1692 2509
1693 2511
1694 2512
1695 2510
1696 2516
1697 2511
1698 2513
1699 2510
1700 2510
1701 2511
1702 2510
1703 2510
1704 2510
1705 2511
1706 2510
1707 2510
1708 2510
1709 2510
1710 2510
1711 2509
1712 2512
1713 2509
1714 2509
1715 2509
1716 2509
1717 2509
1718 2509
1719 2509
1720 2509
1721 2509
1722 2508
1723 2509
1724 2509
1725 2508
1726 2509
1727 2509
1728 2510
1729 2509
1730 2510
1731 2509
1732 2509
1733 2509
1734 2509
1735 2509
1736 2509
1737 2509
1738 2509
1739 2509
1740 2508
1741 2508
1742 2509
1743 2511
1744 2509
1745 2507
1746 2507
1747 2506
1748 2505
1749 2506
1750 2506
1751 2506
1752 2506
1753 2505
1754 2506
1755 2505
1756 2505
1757 2506
1758 2505
1759 2504
1760 2505
1761 2505
1762 2505
1763 2505
1764 2504
1765 2508
1766 2505
1767 2504
1768 2505
1769 2505
1770 2508
1771 2504
1772 2505
1773 2504
1774 2506
1775 2508
1776 2507
1777 2506
1778 2505
1779 2507
1780 2506
1781 2507
1782 2508
1783 2507
1784 2507
1785 2507
1786 2507
1787 2507
1788 2508
1789 2508
1790 2508
1791 2508
1792 2508
1793 2508
1794 2512
1795 2509
1796 2508
1797 2508
1798 2508
1799 2508
1800 2508
1801 2508
1802 2508
1803 2508
1804 2507
1805 2507
1806 2507
1807 2506
1808 2506
1809 2510
1810 2508
1811 2507
1812 2507
1813 2507
1814 2507
1815 2507
1816 2507
1817 2512
1818 2507
1819 2507
1820 2507
1821 2507
1822 2507
1823 2507
1824 2507
1825 2507
1826 2508
1827 2507
1828 2507
1829 2507
1830 2507
1831 2507
1832 2507
1833 2507
1834 2507
1835 2507
1836 2507
1837 2508
1838 2508
1839 2508
1840 2508
1841 2507
1842 2507
1843 2507
1844 2507
1845 2507
1846 2508
1847 2507
1848 2506
1849 2507
1850 2508
1851 2509
1852 2507
1853 2506
1854 2510
1855 2508
1856 2506
1857 2508
1858 2506
1859 2505
1860 2507
1861 2508
1862 2508
1863 2508
1864 2505
1865 2505
1866 2506
1867 2506
1868 2506
1869 2506
1870 2506
1871 2505
1872 2505
1873 2504
1874 2504
1875 2504
1876 2504
1877 2504
1878 2504
1879 2504
1880 2505
1881 2505
1882 2505
1883 2505
1884 2505
1885 2505
1886 2505
1887 2505
1888 2505
1889 2505
1890 2505
1891 2505
1892 2505
1893 2505
1894 2505
1895 2505
1896 2505
1897 2505
1898 2505
1899 2505
1900 2505
1901 2505
1902 2505
1903 2505
1904 2505
1905 2505
1906 2506
1907 2505
1908 2505
1909 2506
1910 2506
1911 2507
1912 2506
1913 2506
1914 2507
1915 2506
1916 2506
1917 2506
1918 2506
1919 2506
1920 2506
1921 2505
1922 2504
1923 2504
1924 2504
1925 2504
1926 2503
1927 2505
1928 2505
1929 2506
1930 2506
1931 2506
1932 2506
1933 2508
1934 2506
1935 2506
1936 2506
1937 2507
1938 2507
1939 2507
1940 2507
1941 2507
1942 2508
1943 2507
1944 2507
1945 2507
1946 2507
1947 2507
1948 2507
1949 2507
1950 2507
1951 2508
1952 2507
1953 2508
1954 2508
1955 2507
1956 2507
1957 2507
1958 2507
1959 2506
1960 2507
1961 2507
1962 2506
1963 2506
1964 2507
1965 2507
1966 2507
1967 2506
1968 2506
1969 2506
1970 2507
1971 2507
1972 2506
1973 2506
1974 2507
1975 2507
1976 2507
1977 2508
1978 2508
1979 2507
1980 2507
1981 2507
1982 2507
1983 2506
1984 2507
1985 2506
1986 2507
1987 2507
1988 2507
1989 2507
1990 2508
1991 2508
1992 2508
1993 2507
1994 2507
1995 2507
1996 2515
1997 2506
1998 2506
1999 2505
2000 2506
2001 2506
2002 2505
2003 2505
2004 2505
2005 2505
2006 2507
2007 2505
2008 2505
2009 2505
2010 2505
2011 2505
2012 2505
2013 2505
2014 2506
2015 2505
2016 2505
2017 2503
2018 2505
2019 2507
2020 2509
2021 2509
2022 2502
2023 2503
2024 2502
2025 2503
2026 2502
2027 2502
2028 2505
2029 2506
2030 2504
2031 2502
2032 2508
2033 2507
2034 2505
2035 2506
2036 2504
2037 2507
2038 2508
2039 2505
2040 2504
2041 2504
2042 2504
2043 2504
2044 2504
2045 2504
2046 2504
2047 2504
2048 2504
2049 2504
2050 2503
2051 2504
2052 2504
2053 2503
2054 2504
2055 2502
2056 2503
2057 2502
2058 2503
2059 2503
2060 2503
2061 2503
2062 2504
2063 2503
2064 2503
2065 2503
2066 2503
2067 2503
2068 2503
2069 2503
2070 2503
2071 2503
2072 2503
2073 2503
2074 2503
2075 2503
2076 2503
2077 2503
2078 2504
2079 2504
2080 2504
2081 2504
2082 2504
2083 2504
2084 2504
2085 2504
2086 2504
2087 2504
2088 2503
2089 2503
2090 2504
2091 2503
2092 2503
2093 2502
2094 2506
2095 2508
2096 2503
2097 2504
2098 2503
2099 2503
2100 2503
2101 2503
2102 2503
2103 2503
2104 2502
2105 2502
2106 2502
2107 2503
2108 2503
2109 2503
2110 2503
2111 2503
2112 2503
2113 2503
2114 2503
2115 2503
2116 2503
2117 2515
2118 2515
2119 2502
2120 2503
2121 2504
2122 2503
2123 2502
2124 2511
2125 2511
2126 2503
2127 2505
2128 2506
2129 2506
2130 2507
2131 2508
2132 2509
2133 2510
2134 2510
2135 2510
2136 2509
2137 2509
2138 2509
2139 2509
2140 2516
2141 2518
2142 2509
2143 2509
2144 2509
2145 2511
2146 2510
2147 2510
2148 2508
2149 2509
2150 2509
2151 2509
2152 2511
2153 2511
2154 2511
2155 2511
2156 2509
2157 2510
2158 2511
2159 2510
2160 2511
2161 2514
2162 2519
2163 2520
2164 2515
2165 2505
2166 2517
2167 2503
2168 2517
2169 2519
2170 2519
2171 2505
2172 2504
2173 2504
2174 2504
2175 2512
2176 2514
2177 2514
2178 2514
2179 2514
2180 2519
2181 2512
2182 2519
2183 2519
2184 2519
2185 2506
2186 2506
2187 2506
2188 2505
2189 2506
2190 2506
2191 2505
2192 2507
2193 2506
2194 2507
2195 2507
2196 2518
2197 2505
2198 2506
2199 2507
2200 2506
2201 2504
2202 2508
2203 2506
2204 2505
2205 2504
2206 2504
2207 2504
2208 2504
2209 2506
2210 2503
2211 2503
2212 2503
2213 2503
2214 2501
2215 2501
2216 2503
2217 2501
2218 2502
2219 2504
2220 2506
2221 2501
2222 2502
2223 2502
2224 2502
2225 2503
2226 2502
2227 2502
2228 2502
2229 2501
2230 2502
2231 2502
2232 2503
2233 2503
2234 2504
2235 2505
2236 2504
2237 2505
2238 2508
2239 2504
2240 2514
2241 2503
2242 2504
2243 2502
2244 2502
2245 2502
2246 2502
2247 2507
2248 2507
2249 2503
2250 2503
2251 2503
2252 2505
2253 2506
2254 2506
2255 2506
2256 2506
2257 2505
2258 2505
2259 2505
2260 2505
2261 2505
2262 2505
2263 2506
2264 2507
2265 2505
2266 2505
2267 2505
2268 2504
2269 2505
2270 2504
2271 2504
2272 2506
2273 2504
2274 2505
2275 2505
2276 2504
2277 2504
2278 2504
2279 2508
2280 2504
2281 2503
2282 2503
2283 2505
2284 2504
2285 2504
2286 2503
2287 2505
2288 2505
2289 2504
2290 2503
2291 2504
2292 2503
2293 2504
2294 2503
2295 2504
2296 2503
2297 2503
2298 2503
2299 2504
2300 2504
2301 2506
2302 2506
2303 2505
2304 2505
2305 2506
2306 2509
2307 2509
2308 2506
2309 2507
2310 2508
2311 2507
2312 2505
2313 2505
2314 2507
2315 2503
2316 2503
2317 2504
2318 2507
2319 2505
2320 2506
2321 2505
2322 2507
2323 2505
2324 2510
2325 2507
2326 2512
2327 2510
2328 2506
2329 2507
2330 2506
2331 2505
2332 2505
2333 2506
2334 2506
2335 2508
2336 2506
2337 2505
2338 2506
2339 2506
2340 2510
2341 2507
2342 2507
2343 2508
2344 2510
2345 2508
2346 2508
2347 2508
2348 2508
2349 2509
2350 2510
2351 2511
2352 2510
2353 2510
2354 2511
2355 2510
2356 2510
2357 2510
2358 2510
2359 2510
2360 2510
2361 2510
2362 2512
2363 2511
2364 2513
2365 2513
2366 2510
2367 2510
2368 2510
2369 2512
2370 2510
2371 2510
2372 2511
2373 2511
2374 2511
2375 2511
2376 2510
2377 2510
2378 2509
2379 2509
2380 2509
2381 2511
2382 2522
2383 2521
2384 2513
2385 2515
2386 2512
2387 2512
2388 2524
2389 2512
2390 2513
2391 2512
2392 2512
2393 2513
2394 2512
2395 2512
2396 2515
2397 2512
2398 2512
2399 2512
2400 2512
2401 2512
2402 2512
2403 2512
2404 2512
2405 2512
2406 2512
2407 2512
2408 2513
2409 2512
2410 2513
2411 2513
2412 2513
2413 2513
2414 2513
2415 2513
2416 2513
2417 2515
2418 2516
2419 2515
2420 2515
2421 2514
2422 2515
2423 2511
2424 2511
2425 2512
2426 2510
2427 2515
2428 2509
2429 2509
2430 2507
2431 2508
2432 2508
2433 2508
2434 2508
2435 2508
2436 2508
2437 2509
2438 2510
2439 2510
2440 2507
2441 2508
2442 2510
2443 2509
2444 2508
2445 2509
2446 2509
2447 2508
2448 2509
2449 2508
2450 2508
2451 2508
2452 2507
2453 2507
2454 2508
2455 2509
2456 2508
2457 2508
2458 2508
2459 2509
2460 2510
2461 2510
2462 2508
2463 2513
2464 2512
2465 2510
2466 2522
2467 2522
2468 2513
2469 2511
2470 2511
2471 2512
2472 2521
2473 2511
2474 2511
2475 2513
2476 2511
2477 2511
2478 2512
2479 2511
2480 2512
2481 2514
2482 2510
2483 2512
2484 2519
2485 2517
2486 2507
2487 2513
2488 2511
2489 2513
2490 2515
2491 2516
2492 2510
2493 2511
2494 2512
2495 2512
2496 2512
2497 2512
2498 2511
2499 2510
2500 2511
2501 2510
2502 2510
2503 2510
2504 2510
2505 2510
2506 2511
2507 2510
2508 2510
2509 2508
2510 2507
2511 2513
2512 2512
2513 2508
2514 2508
2515 2509
2516 2507
2517 2507
2518 2508
2519 2507
2520 2507
2521 2507
2522 2507
2523 2506
2524 2507
2525 2508
2526 2505
2527 2505
2528 2506
2529 2505
2530 2506
2531 2505
2532 2503
2533 2503
2534 2504
2535 2505
2536 2505
2537 2506
2538 2506
2539 2506
2540 2506
2541 2510
2542 2509
2543 2509
2544 2509
2545 2511
2546 2507
2547 2506
2548 2513
2549 2506
2550 2506
2551 2518
2552 2511
2553 2509
2554 2509
2555 2508
2556 2512
2557 2509
2558 2507
2559 2506
2560 2508
2561 2510
2562 2512
2563 2509
2564 2509
2565 2508
2566 2509
2567 2508
2568 2509
2569 2508
2570 2508
2571 2510
2572 2507
2573 2510
2574 2509
2575 2509
2576 2509
2577 2508
2578 2508
2579 2513
2580 2508
2581 2508
2582 2508
2583 2508
2584 2508
2585 2509
2586 2507
2587 2507
2588 2510
2589 2507
2590 2507
2591 2507
2592 2507
2593 2509
2594 2514
2595 2518
2596 2510
2597 2510
2598 2509
2599 2509
2600 2509
2601 2510
2602 2508
2603 2510
2604 2510
2605 2510
2606 2509
2607 2510
2608 2518
2609 2517
2610 2510
2611 2518
2612 2509
2613 2510
2614 2511
2615 2510
2616 2509
2617 2510
2618 2510
2619 2509
2620 2518
2621 2518
2622 2509
2623 2519
2624 2510
2625 2509
2626 2509
2627 2512
2628 2509
2629 2510
2630 2510
2631 2509
2632 2509
2633 2508
2634 2508
2635 2509
2636 2509
2637 2514
2638 2516
2639 2511
2640 2509
2641 2509
2642 2509
2643 2510
2644 2510
2645 2511
2646 2514
2647 2511
2648 2512
2649 2512
2650 2516
2651 2512
2652 2521
2653 2513
2654 2514
2655 2519
2656 2514
2657 2512
2658 2521
2659 2517
2660 2514
2661 2514
2662 2514
2663 2514
2664 2514
2665 2514
2666 2514
2667 2515
2668 2513
2669 2514
2670 2513
2671 2513
2672 2514
2673 2513
2674 2513
2675 2516
2676 2515
2677 2514
2678 2520
2679 2514
2680 2514
2681 2520
2682 2513
2683 2514
2684 2514
2685 2523
2686 2513
2687 2513
2688 2514
2689 2519
2690 2514
2691 2514
2692 2514
2693 2514
2694 2515
2695 2514
2696 2512
2697 2512
2698 2512
2699 2511
2700 2511
2701 2512
2702 2518
2703 2511
2704 2518
2705 2510
2706 2511
2707 2512
2708 2515
2709 2514
2710 2515
2711 2513
2712 2511
2713 2511
2714 2511
2715 2512
2716 2510
2717 2511
2718 2511
2719 2511
2720 2512
2721 2512
2722 2513
2723 2512
2724 2512
2725 2514
2726 2519
2727 2518
2728 2513
2729 2513
2730 2515
2731 2512
2732 2512
2733 2512
2734 2511
2735 2511
2736 2511
2737 2511
2738 2511
2739 2512
2740 2514
2741 2512
2742 2514
2743 2514
2744 2513
2745 2513
2746 2514
2747 2515
2748 2515
2749 2514
2750 2514
2751 2515
2752 2514
2753 2519
2754 2517
2755 2519
2756 2520
2757 2519
2758 2520
2759 2521
2760 2521
2761 2516
2762 2511
2763 2511
2764 2512
2765 2517
2766 2514
2767 2514
2768 2516
2769 2515
2770 2514
2771 2514
2772 2514
2773 2514
2774 2514
2775 2513
2776 2514
2777 2514
2778 2514
2779 2520
2780 2514
2781 2515
2782 2514
2783 2519
2784 2513
2785 2517
2786 2514
2787 2515
2788 2515
2789 2519
2790 2515
2791 2515
2792 2515
2793 2514
2794 2513
2795 2515
2796 2514
2797 2513
2798 2513
2799 2518
2800 2518
2801 2515
2802 2515
2803 2515
2804 2515
2805 2515
2806 2513
2807 2513
2808 2513
2809 2513
2810 2513
2811 2518
2812 2514
2813 2514
2814 2515
2815 2515
2816 2514
2817 2515
2818 2513
2819 2512
2820 2516
2821 2516
2822 2517
2823 2513
2824 2513
2825 2513
2826 2512
2827 2512
2828 2512
2829 2512
2830 2513
2831 2513
2832 2512
2833 2512
2834 2515
2835 2513
2836 2513
2837 2513
2838 2516
2839 2513
2840 2514
2841 2513
2842 2512
2843 2512
2844 2512
2845 2515
2846 2513
2847 2514
2848 2514
2849 2514
2850 2514
2851 2519
2852 2513
2853 2513
2854 2515
2855 2516
2856 2516
2857 2514
2858 2513
2859 2514
2860 2518
2861 2513
2862 2513
2863 2512
2864 2512
2865 2513
2866 2513
2867 2522
2868 2513
2869 2513
2870 2511
2871 2516
2872 2515
2873 2515
2874 2515
2875 2512
2876 2511
2877 2513
2878 2512
2879 2512
2880 2515
2881 2511
2882 2512
2883 2515
2884 2514
2885 2510
2886 2511
2887 2513
2888 2509
2889 2510
2890 2512
2891 2514
2892 2511
2893 2516
2894 2515
2895 2511
2896 2511
2897 2513
2898 2512
2899 2510
2900 2512
2901 2513
2902 2511
2903 2516
2904 2518
2905 2510
2906 2509
2907 2516
2908 2517
2909 2511
2910 2511
2911 2511
2912 2512
2913 2512
2914 2511
2915 2512
2916 2515
2917 2512
2918 2511
2919 2510
2920 2511
2921 2510
2922 2509
2923 2509
2924 2510
2925 2509
2926 2509
2927 2510
2928 2513
2929 2510
2930 2509
2931 2510
2932 2510
2933 2510
2934 2510
2935 2510
2936 2509
2937 2517
2938 2517
2939 2515
2940 2511
2941 2510
2942 2514
2943 2515
2944 2517
2945 2511
2946 2511
2947 2511
2948 2510
2949 2510
2950 2510
2951 2510
2952 2510
2953 2511
2954 2511
2955 2510
2956 2510
2957 2510
2958 2509
2959 2509
2960 2508
2961 2510
2962 2511
2963 2511
2964 2509
2965 2510
2966 2510
2967 2510
2968 2510
2969 2509
2970 2514
2971 2511
2972 2509
2973 2509
2974 2510
2975 2508
2976 2510
2977 2509
2978 2509
2979 2511
2980 2509
2981 2509
2982 2509
2983 2509
2984 2509
2985 2509
2986 2510
2987 2508
2988 2507
2989 2508
2990 2507
2991 2507
2992 2512
2993 2513
2994 2512
2995 2509
2996 2510
2997 2513
2998 2508
2999 2508
3000 2508
3001 2509
3002 2509
3003 2509
3004 2509
3005 2510
3006 2507
3007 2513
3008 2512
3009 2509
3010 2511
3011 2510
3012 2508
3013 2507
3014 2507
3015 2507
3016 2507
3017 2508
3018 2509
3019 2508
3020 2508
3021 2507
3022 2510
3023 2507
3024 2512
3025 2508
3026 2507
3027 2506
3028 2507
3029 2507
3030 2509
3031 2512
3032 2507
3033 2507
3034 2508
3035 2509
3036 2510
3037 2508
3038 2507
3039 2511
3040 2506
3041 2505
3042 2505
3043 2505
3044 2504
3045 2504
3046 2504
3047 2504
3048 2504
3049 2504
3050 2511
3051 2510
3052 2511
3053 2506
3054 2514
3055 2506
3056 2505
3057 2507
3058 2511
3059 2506
3060 2507
3061 2505
3062 2507
3063 2513
3064 2507
3065 2510
3066 2508
3067 2506
3068 2505
3069 2505
3070 2506
3071 2505
3072 2512
3073 2512
3074 2505
3075 2504
3076 2509
3077 2505
3078 2508
3079 2504
3080 2505
3081 2505
3082 2505
3083 2503
3084 2505
3085 2504
3086 2503
3087 2504
3088 2504
3089 2503
3090 2504
3091 2505
3092 2504
3093 2505
3094 2507
3095 2504
3096 2504
3097 2505
3098 2504
3099 2504
3100 2504
3101 2503
3102 2503
3103 2504
3104 2509
3105 2510
3106 2504
3107 2506
3108 2505
3109 2506
3110 2507
3111 2504
3112 2504
3113 2506
3114 2506
3115 2504
3116 2505
3117 2508
3118 2504
3119 2503
3120 2503
3121 2504
3122 2505
3123 2505
3124 2505
3125 2504
3126 2504
3127 2503
3128 2504
3129 2504
3130 2508
3131 2503
3132 2504
3133 2508
3134 2505
3135 2513
3136 2505
3137 2503
3138 2504
3139 2504
3140 2509
3141 2509
3142 2504
3143 2503
3144 2503
3145 2504
3146 2504
3147 2504
3148 2503
3149 2503
3150 2502
3151 2502
3152 2502
3153 2503
3154 2504
3155 2503
3156 2504
3157 2504
3158 2503
3159 2502
3160 2502
3161 2502
3162 2503
3163 2502
3164 2502
3165 2502
3166 2507
3167 2503
3168 2502
3169 2502
3170 2503
3171 2502
3172 2502
3173 2502
3174 2502
3175 2502
3176 2501
3177 2505
3178 2502
3179 2501
3180 2502
3181 2504
3182 2501
3183 2502
3184 2501
3185 2501
3186 2503
3187 2502
3188 2501
3189 2501
3190 2501
3191 2501
3192 2504
3193 2504
3194 2503
3195 2501
3196 2501
3197 2502
3198 2502
3199 2501
3200 2501
3201 2502
3202 2501
3203 2501
3204 2502
3205 2502
3206 2501
3207 2501
3208 2500
3209 2500
3210 2500
3211 2500
3212 2500
3213 2501
3214 2501
3215 2502
3216 2501
3217 2501
3218 2502
3219 2499
3220 2501
3221 2500
3222 2500
3223 2500
3224 2499
3225 2500
3226 2500
3227 2499
3228 2500
3229 2500
3230 2500
3231 2500
3232 2500
3233 2499
3234 2500
3235 2501
3236 2499
3237 2499
3238 2500
3239 2501
3240 2503
3241 2500
3242 2499
3243 2498
3244 2499
3245 2499
3246 2499
3247 2498
3248 2502
3249 2499
3250 2504
3251 2502
3252 2499
3253 2500
3254 2499
3255 2498
3256 2503
3257 2502
3258 2499
3259 2498
3260 2498
3261 2498
3262 2498
3263 2498
3264 2498
3265 2499
3266 2498
3267 2498
3268 2498
3269 2500
3270 2498
3271 2499
3272 2498
3273 2498
3274 2497
3275 2498
3276 2498
3277 2498
3278 2497
3279 2498
3280 2497
3281 2498
3282 2498
3283 2498
3284 2498
3285 2498
3286 2498
3287 2498
3288 2498
3289 2498
3290 2497
3291 2498
3292 2498
3293 2498
3294 2497
3295 2497
3296 2497
3297 2497
3298 2497
3299 2497
3300 2502
3301 2499
3302 2500
3303 2500
3304 2497
3305 2498
3306 2498
3307 2498
3308 2497
3309 2498
3310 2498
3311 2497
3312 2499
3313 2499
3314 2498
3315 2498
3316 2497
3317 2497
3318 2497
3319 2497
3320 2497
3321 2497
3322 2497
3323 2500
3324 2497
3325 2496
3326 2496
3327 2497
3328 2497
3329 2497
3330 2496
3331 2496
3332 2496
3333 2496
3334 2496
3335 2496
3336 2496
3337 2497
3338 2496
3339 2497
3340 2497
3341 2497
3342 2497
3343 2497
3344 2497
3345 2496
3346 2497
3347 2496
3348 2497
3349 2496
3350 2496
3351 2496
3352 2496
3353 2496
3354 2496
3355 2496
3356 2496
3357 2496
3358 2496
3359 2497
3360 2496
3361 2496
3362 2496
3363 2496
3364 2496
3365 2496
3366 2496
3367 2497
3368 2497
3369 2496
3370 2497
3371 2497
3372 2497
3373 2497
3374 2498
3375 2498
3376 2497
3377 2497
3378 2497
3379 2498
3380 2497
3381 2497
3382 2497
3383 2496
3384 2496
3385 2496
3386 2497
3387 2497
3388 2497
3389 2497
3390 2497
3391 2497
3392 2497
3393 2497
3394 2501
3395 2497
3396 2497
3397 2497
3398 2497
3399 2497
3400 2496
3401 2497
3402 2497
3403 2500
3404 2497
3405 2498
3406 2497
3407 2497
3408 2497
3409 2497
3410 2497
3411 2497
3412 2497
3413 2497
3414 2496
3415 2496
3416 2496
3417 2496
3418 2497
3419 2497
3420 2497
3421 2501
3422 2499
3423 2496
3424 2496
3425 2496
3426 2496
3427 2496
3428 2496
3429 2496
3430 2496
3431 2496
3432 2496
3433 2496
3434 2496
3435 2496
3436 2496
3437 2496
3438 2496
3439 2496
3440 2496
3441 2496
3442 2496
3443 2496
3444 2496
3445 2496
3446 2496
3447 2496
3448 2496
3449 2496
3450 2496
3451 2496
3452 2496
3453 2496
3454 2496
3455 2496
3456 2496
3457 2496
3458 2496
3459 2496
3460 2496
3461 2496
3462 2496
3463 2496
3464 2496
3465 2496
3466 2496
3467 2496
3468 2496
3469 2496
3470 2496
3471 2496
3472 2496
3473 2496
3474 2496
3475 2496
3476 2496
3477 2496
3478 2496
3479 2496
3480 2496
3481 2496
3482 2496
3483 2496
3484 2496
3485 2496
3486 2496
3487 2496
3488 2496
3489 2495
3490 2496
3491 2496
3492 2496
3493 2496
3494 2496
3495 2496
3496 2496
3497 2496
3498 2496
3499 2496
3500 2496
3501 2496
3502 2496
3503 2496
3504 2496
3505 2496
3506 2496
3507 2496
3508 2496
3509 2496
3510 2496
3511 2495
3512 2496
3513 2496
3514 2496
3515 2496
3516 2496
3517 2496
3518 2496
3519 2496
3520 2496
3521 2496
3522 2496
3523 2496
3524 2496
3525 2496
3526 2496
3527 2496
3528 2496
3529 2495
3530 2496
3531 2496
3532 2496
3533 2496
3534 2496
3535 2496
3536 2496
3537 2496
3538 2496
3539 2496
3540 2496
3541 2496
3542 2496
3543 2496
3544 2496
3545 2496
3546 2496
3547 2496
3548 2496
3549 2496
3550 2496
3551 2496
3552 2496
3553 2496
3554 2496
3555 2496
3556 2496
3557 2496
3558 2495
3559 2495
3560 2496
3561 2496
3562 2496
3563 2496
3564 2496
3565 2496
3566 2496
3567 2496
3568 2495
3569 2495
3570 2496
3571 2495
3572 2496
3573 2496
3574 2495
3575 2496
3576 2495
3577 2496
3578 2496
3579 2496
3580 2496
3581 2496
3582 2496
3583 2496
3584 2495
3585 2495
3586 2496
3587 2495
3588 2495
3589 2495
3590 2495
3591 2495
3592 2495
3593 2495
3594 2495
3595 2495
3596 2495
3597 2495
3598 2495
3599 2495
3600 2495
3601 2495
3602 2495
3603 2495
3604 2495
3605 2495
3606 2495
3607 2496
3608 2496
3609 2495
3610 2495
3611 2495
3612 2496
3613 2495
3614 2495
3615 2496
3616 2496
3617 2496
3618 2496
3619 2496
3620 2496
3621 2496
3622 2496
3623 2496
3624 2497
3625 2497
3626 2497
3627 2497
3628 2497
3629 2496
3630 2496
3631 2496
3632 2497
3633 2496
3634 2496
3635 2497
3636 2496
3637 2496
3638 2496
3639 2496
3640 2496
3641 2496
3642 2497
3643 2496
3644 2497
3645 2496
3646 2496
3647 2497
3648 2496
3649 2496
3650 2496
3651 2496
3652 2496
3653 2497
3654 2497
3655 2497
3656 2497
3657 2497
3658 2496
3659 2496
3660 2496
3661 2496
3662 2496
3663 2496
3664 2496
3665 2496
3666 2496
3667 2496
3668 2496
3669 2496
3670 2496
3671 2496
3672 2496
3673 2496
3674 2496
3675 2496
3676 2496
3677 2496
3678 2496
3679 2496
3680 2496
3681 2496
3682 2496
3683 2496
3684 2496
3685 2496
3686 2496
3687 2496
3688 2496
3689 2496
3690 2496
3691 2496
3692 2496
3693 2496
3694 2496
3695 2496
3696 2496
3697 2496
3698 2496
3699 2496
3700 2496
3701 2496
3702 2496
3703 2496
3704 2496
3705 2496
3706 2496
3707 2496
3708 2496
3709 2496
3710 2496
3711 2496
3712 2496
3713 2496
3714 2496
3715 2496
3716 2496
3717 2496
3718 2496
3719 2496
3720 2496
3721 2496
3722 2496
3723 2496
3724 2496
3725 2496
3726 2496
3727 2496
3728 2496
3729 2496
3730 2496
3731 2496
3732 2496
3733 2496
3734 2496
3735 2497
3736 2496
3737 2496
3738 2496
3739 2496
3740 2496
3741 2496
3742 2496
3743 2497
3744 2496
3745 2496
3746 2496
3747 2496
3748 2496
3749 2496
3750 2496
3751 2496
3752 2496
3753 2496
3754 2496
3755 2496
3756 2496
3757 2497
3758 2496
3759 2496
3760 2496
3761 2495
3762 2496
3763 2497
3764 2497
3765 2497
3766 2498
3767 2498
3768 2499
3769 2498
3770 2502
3771 2502
3772 2498
3773 2497
3774 2498
3775 2495
3776 2496
3777 2497
3778 2497
3779 2497
3780 2496
3781 2496
3782 2495
3783 2495
3784 2495
3785 2495
3786 2496
3787 2495
3788 2496
3789 2496
3790 2495
3791 2495
3792 2495
3793 2496
3794 2495
3795 2495
3796 2495
3797 2496
3798 2496
3799 2495
3800 2495
3801 2495
3802 2495
3803 2495
3804 2495
3805 2496
3806 2495
3807 2495
3808 2495
3809 2495
3810 2495
3811 2495
3812 2495
3813 2495
3814 2495
3815 2495
3816 2495
3817 2495
3818 2495
3819 2495
3820 2495
3821 2495
3822 2495
3823 2495
3824 2495
3825 2495
3826 2495
3827 2495
3828 2495
3829 2495
3830 2495
3831 2494
3832 2495
3833 2494
3834 2494
3835 2495
3836 2494
3837 2494
3838 2494
3839 2494
3840 2494
3841 2493
3842 2494
3843 2494
3844 2494
3845 2494
3846 2494
3847 2494
3848 2494
3849 2494
3850 2494
3851 2494
3852 2494
3853 2494
3854 2494

1885 2561
1886 2560
1887 2562
1888 2558
1889 2561
1890 2561
1891 2564
1892 2562
1893 2566
1894 2568
1895 2563
1896 2561
1897 2554
1898 2568
1899 2565
1900 2565
1901 2561
1902 2554
1903 2564
1904 2565
1905 2565
1906 2564
1907 2563
1908 2565
1909 2565
1910 2565
1911 2564
1912 2567
1913 2565
1914 2561
1915 2565
1916 2566
1917 2564
1918 2563
1919 2564
1920 2567
1921 2564
1922 2565
1923 2567
1924 2558
1925 2560
1926 2565
1927 2556
1928 2564
1929 2564
1930 2564
1931 2563
1932 2564
1933 2565
1934 2565
1935 2564
1936 2564
1937 2564
1938 2564
1939 2562
1940 2563
1941 2563
1942 2571
1943 2563
1944 2565
1945 2564
1946 2565
1947 2569
1948 2564
1949 2564
1950 2567
1951 2563
1952 2563
1953 2564
1954 2563
1955 2563
1956 2564
1957 2565
1958 2570
1959 2570
1960 2570
1961 2570
1962 2566
1963 2565
1964 2565
1965 2566
1966 2565
1967 2564
1968 2565
1969 2566
1970 2564
1971 2568
1972 2565
1973 2566
1974 2568
1975 2566
1976 2566
1977 2569
1978 2569
1979 2567
1980 2566
1981 2571
1982 2572
1983 2571
1984 2572
1985 2566
1986 2566
3506 2529
3507 2521
3508 2526
3509 2529
3510 2531
3511 2530
3512 2528
3513 2528
3514 2530
3515 2532
3516 2529
3517 2531
3518 2530
3519 2530
3520 2527
3521 2533
3522 2533
3523 2530
3524 2528
3525 2529
3526 2528
3527 2530
3528 2528
3529 2529
3530 2530
3531 2529
3532 2520
3533 2529
3534 2527
3535 2529
3536 2529
3537 2527
3538 2528
3539 2529
3540 2527
3541 2531
3542 2529
3543 2533
3544 2529
3545 2528
3546 2530
3547 2529
3548 2519
3549 2528
3550 2529
3551 2533
3552 2531
3553 2529
3554 2529
3555 2529
3556 2529
3557 2533
3558 2529
3559 2531
3560 2531
3561 2533
3562 2525
3563 2523
3564 2529
3565 2533
3566 2525
3567 2529
3568 2527
3569 2526
3570 2527
3571 2526
3572 2525
3573 2524
3574 2525
3575 2525
3576 2524
3577 2523
3578 2523
3579 2524
3580 2522
3581 2523
3582 2523
3583 2524
3584 2524
3585 2523
3586 2522
3587 2518
3588 2514
3589 2522
3590 2522
3591 2520
3592 2520
3593 2520
3594 2517
3595 2514
3596 2523
3597 2517
3598 2520
3599 2528
3600 2519
3601 2521
3602 2520
3603 2522
3604 2522
3605 2523
3606 2516
3607 2521
3608 2521
3609 2523
3610 2523
3611 2522
3612 2526
3613 2521
3614 2522
3615 2527
3616 2523
3617 2525
3618 2522
3619 2514
3620 2520
3621 2520
3622 2521
3623 2521
3624 2521
3625 2521
3626 2522
3627 2521
3628 2521
3629 2522
3630 2525
3631 2527
3632 2524
3633 2522
3634 2520
3635 2520
3636 2520
3637 2521
3638 2522
3639 2521
3640 2522
3641 2522
3642 2521
3643 2522
3644 2522
3645 2522
3646 2521
3647 2528
3648 2528
3649 2525
3650 2523
3651 2522
3652 2529
3653 2526
3654 2523
3655 2523
3656 2522
3657 2523
3658 2524
3659 2523
3660 2521
3661 2521
3662 2522
3663 2522
3664 2522
3665 2522
3666 2523
3667 2515
3668 2521
3669 2522
3670 2517
3671 2524
3672 2523
3673 2523
3674 2523
3675 2523
3676 2523
3677 2522
3678 2517
3679 2525
3680 2523
3681 2526
3682 2528
3683 2524
3684 2524
3685 2524
3686 2525
3687 2525
3688 2516
3689 2524
3690 2524
3691 2524
3692 2524
3693 2523
3694 2524
3695 2523
3696 2523
3697 2524
3698 2524
3699 2525
3700 2527
3701 2523
3702 2522
3703 2522
3704 2522
3705 2515
3706 2522
3707 2523
3708 2522
3709 2526
3710 2525
3711 2522
3712 2523
3713 2523
3714 2524
3715 2525
3716 2523
3717 2522
3718 2522
3719 2520
3720 2521
3721 2521
3722 2521
3723 2521
3724 2521
3725 2521
3726 2523
3727 2521
3728 2527
3729 2524
3730 2522
3731 2522
3732 2524
3733 2524
3734 2524
3735 2524
3736 2517
3737 2524
3738 2523
3739 2524
3740 2524
3741 2524
3742 2524
3743 2524
3744 2527
3745 2524
3746 2524
3747 2524
3748 2524
3749 2519
3750 2524
3751 2524
3752 2523
3753 2523
3754 2529

