2882 2501
2883 2501
2884 2501
2885 2501
2886 2501
2887 2504
2888 2505
2889 2502
2890 2507
2891 2507
2892 2511
2893 2503
2894 2502
2895 2502
2896 2502
2897 2505
2898 2502
2899 2501
2900 2501
2901 2503
2902 2503
2903 2504
2904 2504
2905 2502
2906 2503
2907 2503
2908 2503
2909 2510
2910 2502
2911 2502
2912 2503
2913 2502
2914 2503
2915 2507
2916 2508
2917 2508
2918 2503
2919 2502
2920 2502
2921 2506
2922 2505
2923 2504
2924 2500
2925 2501
2926 2501
2927 2501
2928 2501
2929 2502
2930 2502
2931 2502
2932 2502
2933 2508
2934 2511
2935 2504
2936 2505
2937 2506
2938 2512
2939 2505
2940 2504
2941 2505
2942 2507
2943 2508
2944 2503
2945 2504
2946 2504
2947 2503
2948 2503
2949 2504
2950 2504
2951 2504
2952 2505
2953 2504
2954 2504
2955 2504
2956 2505
2957 2504
2958 2504
2959 2504
2960 2508
2961 2509
2962 2505
2963 2506
2964 2508
2965 2505
2966 2505
2967 2505
2968 2505
2969 2505
2970 2505
2971 2505
2972 2505
2973 2504
2974 2505
2975 2505
2976 2505
2977 2505
2978 2506
2979 2506
2980 2510
2981 2506
2982 2506
2983 2506
2984 2505
2985 2506
2986 2504
2987 2504
2988 2504
2989 2504
2990 2504
2991 2504
2992 2504
2993 2503
2994 2504
2995 2506
2996 2503
2997 2503
2998 2503
2999 2503
3000 2503
3001 2503
3002 2504
3003 2504
3004 2504
3005 2504
3006 2504
3007 2504
3008 2504
3009 2504
3010 2504
3011 2505
3012 2505
3013 2504
3014 2504
3015 2504
3016 2505
3017 2504
3018 2508
3019 2503
3020 2504
3021 2504
3022 2504
3023 2507
3024 2503
3025 2503
3026 2504
3027 2507
3028 2503
3029 2503
3030 2503
3031 2504
3032 2512
3033 2508
3034 2507
3035 2507
3036 2507
3037 2507
3038 2503
3039 2503
3040 2507
3041 2503
3042 2503
3043 2502
3044 2503
3045 2503
3046 2503
3047 2507
3048 2507
3049 2502
3050 2503
3051 2503
3052 2503
3053 2502
3054 2503
3055 2503
3056 2502
3057 2503
3058 2502
3059 2502
3060 2502
3061 2504
3062 2503
3063 2503
3064 2504
3065 2503
3066 2503
3067 2503
3068 2503
3069 2503
3070 2503
3071 2504
3072 2504
3073 2505
3074 2504
3075 2504
3076 2503
3077 2503
3078 2502
3079 2502
3080 2501
3081 2502
3082 2505
3083 2505
3084 2502
3085 2503
3086 2501
3087 2503
3088 2503
3089 2501
3090 2501
3091 2505
3092 2502
3093 2502
3094 2503
3095 2503
3096 2505
3097 2504
3098 2504
3099 2503
3100 2506
3101 2503
3102 2503
3103 2504
3104 2507
3105 2504
3106 2507
3107 2504
3108 2503
3109 2503
3110 2503
3111 2505
3112 2505
3113 2503
3114 2504
3115 2503
3116 2504
3117 2505
3118 2502
3119 2506
3120 2506
3121 2503
3122 2502
3123 2508
3124 2506
3125 2500
3126 2501
3127 2502
3128 2504
3129 2505
3130 2497
3131 2509
3132 2508
3133 2503
3134 2504
3135 2505
3136 2510
3137 2494
3138 2496
3139 2511
3140 2510
3141 2505
3142 2502
3143 2504
3144 2504
3145 2497
3146 2498
3147 2500
3148 2500
3149 2514
3150 2504
3151 2504
3152 2502
3153 2501
3154 2502
3155 2503
3156 2505
3157 2503
3158 2503
3159 2507
3160 2511
3161 2507
3162 2505
3163 2503
3164 2506
3165 2504
3166 2503
3167 2505
3168 2505
3169 2505
3170 2503
3171 2503
3172 2504
3173 2503
3174 2504
3175 2503
3176 2504
3177 2503
3178 2504
3179 2503
3180 2507
3181 2503
3182 2502
3183 2503
3184 2503
3185 2504
3186 2505
3187 2507
3188 2502
3189 2502
3190 2502
3191 2502
3192 2508
3193 2506
3194 2510
3195 2504
3196 2502
3197 2505
3198 2500
3199 2500
3200 2501
3201 2501
3202 2506
3203 2504
3204 2500
3205 2504
3206 2503
3207 2502
3208 2509
3209 2507
3210 2503
3211 2502
3212 2502
3213 2502
3214 2503
3215 2504
3216 2503
3217 2503
3218 2503
3219 2502
3220 2506
3221 2502
3222 2502
3223 2502
3224 2502
3225 2503
3226 2502
3227 2502
3228 2502
3229 2503
3230 2503
3231 2503
3232 2502
3233 2503
3234 2503
3235 2503
3236 2503
3237 2502
3238 2502
3239 2503
3240 2503
3241 2503
3242 2503
3243 2502
3244 2502
3245 2502
3246 2502
3247 2502
3248 2502
3249 2503
3250 2502
3251 2502
3252 2502
3253 2502
3254 2502
3255 2502
3256 2502
3257 2502
3258 2502
3259 2502
3260 2502
3261 2503
3262 2503
3263 2503
3264 2503
3265 2503
3266 2503
3267 2503
3268 2503
3269 2503
3270 2503
3271 2503
3272 2503
3273 2503
3274 2503
3275 2503
3276 2503
3277 2503
3278 2503
3279 2503
3280 2502
3281 2502
3282 2502
3283 2502
3284 2502
3285 2502
3286 2502
3287 2502
3288 2502
3289 2502
3290 2503
3291 2502
3292 2503
3293 2502
3294 2502
3295 2505
3296 2503
3297 2504
3298 2502
3299 2502
3300 2502
3301 2502
3302 2502
3303 2502
3304 2502
3305 2502
3306 2501
3307 2502
3308 2502
3309 2506
3310 2502
3311 2502
3312 2502
3313 2501
3314 2505
3315 2505
3316 2501
3317 2501
3318 2502
3319 2501
3320 2501
3321 2501
3322 2501
3323 2501
3324 2502
3325 2501
3326 2501
3327 2502
3328 2501
3329 2502
3330 2502
3331 2502
3332 2502
3333 2501
3334 2501
3335 2501
3336 2501
3337 2501
3338 2500
3339 2500
3340 2500
3341 2500
3342 2501
3343 2503
3344 2501
3345 2504
3346 2501
3347 2501
3348 2500
3349 2501
3350 2500
3351 2500
3352 2500
3353 2502
3354 2505
3355 2503
3356 2501
3357 2501
3358 2500
3359 2502
3360 2502
3361 2504
3362 2499
3363 2499
3364 2500
3365 2500
3366 2499
3367 2501
3368 2504
3369 2501
3370 2499
3371 2502
3372 2501
3373 2501
3374 2501
3375 2500
3376 2500
3377 2500
3378 2500
3379 2501
3380 2501
3381 2500
3382 2501
3383 2500
3384 2505
3385 2504
3386 2500
3387 2501
3388 2501
3389 2500
3390 2500
3391 2500
3392 2500
3393 2501
3394 2500
3395 2500
3396 2500
3397 2500
3398 2499
3399 2500
3400 2500
3401 2500
3402 2500
3403 2500
3404 2499
3405 2500
3406 2500
3407 2501
3408 2499
3409 2504
3410 2501
3411 2498
3412 2499
3413 2502
3414 2498
3415 2499
3416 2499
3417 2499
3418 2499
3419 2499
3420 2498
3421 2499
3422 2499
3423 2499
3424 2499
3425 2499
3426 2503
3427 2500
3428 2503
3429 2502
3430 2500
3431 2499
3432 2499
3433 2499
3434 2499
3435 2499
3436 2499
3437 2499
3438 2499
3439 2499
3440 2499
3441 2499
3442 2499
3443 2499
3444 2499
3445 2499
3446 2499
3447 2499
3448 2499
3449 2499
3450 2499
3451 2499
3452 2499
3453 2499
3454 2499
3455 2499
3456 2499
3457 2499
3458 2499
3459 2498
3460 2499
3461 2499
3462 2498
3463 2499
3464 2499
3465 2499
3466 2499
3467 2499
3468 2499
3469 2498
3470 2499
3471 2498
3472 2498
3473 2498
3474 2498
3475 2498
3476 2498
3477 2498
3478 2498
3479 2498
3480 2498
3481 2498
3482 2498
3483 2498
3484 2498
3485 2498
3486 2498
3487 2498
3488 2498
3489 2498
3490 2498
3491 2498
3492 2498
3493 2498
3494 2498
3495 2498
3496 2498
3497 2498
3498 2498
3499 2498
3500 2498
3501 2498
3502 2498
3503 2498
3504 2498
3505 2498
3506 2498
3507 2498
3508 2498
3509 2498
3510 2498
3511 2498
3512 2498
3513 2498
3514 2498
3515 2497
3516 2498
3517 2498
3518 2498
3519 2498
3520 2498
3521 2498
3522 2498
3523 2498
3524 2498
3525 2498
3526 2498
3527 2498
3528 2498
3529 2498
3530 2498
3531 2498
3532 2498
3533 2498
3534 2498
3535 2498
3536 2498
3537 2498
3538 2498
3539 2498
3540 2498
3541 2498
3542 2498
3543 2498
3544 2498
3545 2498
3546 2498
3547 2498
3548 2498
3549 2498
3550 2498
3551 2498
3552 2497
3553 2498
3554 2498
3555 2498
3556 2497
3557 2498
3558 2497
3559 2497
3560 2498
3561 2498
3562 2497
3563 2498
3564 2498
3565 2498
3566 2498
3567 2498
3568 2498
3569 2498
3570 2498
3571 2498
3572 2498
3573 2498
3574 2498
3575 2498
3576 2498
3577 2498
3578 2498
3579 2498
3580 2498
3581 2498
3582 2498
3583 2498
3584 2498
3585 2498
3586 2498
3587 2498
3588 2498
3589 2498
3590 2498
3591 2498
3592 2498
3593 2498
3594 2498
3595 2498
3596 2498
3597 2498
3598 2498
3599 2498
3600 2498
3601 2498
3602 2498
3603 2498
3604 2498
3605 2498
3606 2498
3607 2498
3608 2498
3609 2498
3610 2498
3611 2498
3612 2498
3613 2498
3614 2498
3615 2498
3616 2498
3617 2498
3618 2498
3619 2498
3620 2498
3621 2498
3622 2498
3623 2498
3624 2498
3625 2498
3626 2498
3627 2497
3628 2498
3629 2498
3630 2498
3631 2497
3632 2497
3633 2497
3634 2497
3635 2502
3636 2498
3637 2497
3638 2497
3639 2497
3640 2498
3641 2498
3642 2498
3643 2498
3644 2498
3645 2498
3646 2498
3647 2498
3648 2498
3649 2497
3650 2497
3651 2497
3652 2497
3653 2497
3654 2498
3655 2498
3656 2498
3657 2498
3658 2497
3659 2497
3660 2497
3661 2498
3662 2497
3663 2497
3664 2497
3665 2497
3666 2497
3667 2497
3668 2497
3669 2498
3670 2498
3671 2497
3672 2498
3673 2497
3674 2497
3675 2498
3676 2497
3677 2497
3678 2497
3679 2497
3680 2500
3681 2502
3682 2496
3683 2498
3684 2497
3685 2497
3686 2497
3687 2497
3688 2498
3689 2498
3690 2498
3691 2497
3692 2498
3693 2496
3694 2496
3695 2496
3696 2496
3697 2497
3698 2496
3699 2495
3700 2495
3701 2495
3702 2495
3703 2495
3704 2495
3705 2495
3706 2495
3707 2495
3708 2495
3709 2495
3710 2495
3711 2495
3712 2495
3713 2494
3714 2494
3715 2494
3716 2495
3717 2495
3718 2495
3719 2494
3720 2495
3721 2494
3722 2494
3723 2494
3724 2494
3725 2494
3726 2495
3727 2494
3728 2494
3729 2494
3730 2495
3731 2495
3732 2495
3733 2494
3734 2494
3735 2494
3736 2495
3737 2494

3463 2537
3464 2536
3465 2536
3466 2535
3467 2536
3468 2536
3469 2536
3470 2541
3471 2536
3472 2535
3473 2536
3474 2527
3475 2533
3476 2537
3477 2530
3478 2535
3479 2536
3480 2540
3481 2535
3482 2536
3483 2536
3484 2534
3485 2535
3486 2536
3487 2536
3488 2536
3489 2533
3490 2535
3491 2536
3492 2535
3493 2535
3494 2536
3495 2535
3496 2534
3497 2536
3498 2538
3499 2535
3500 2536
3501 2537
3502 2527
3503 2535
3504 2529
3505 2532
3506 2535
3507 2536
3508 2534
3509 2535
3510 2536
3511 2536
3512 2534
3513 2534
3514 2535
3515 2534
3516 2535
3517 2535
3518 2534
3519 2536
3520 2535
3521 2536
3522 2536
3523 2535
3524 2533
3525 2534
3526 2534
3527 2534
3528 2534
3529 2534
3530 2534
3531 2533
3532 2535
3533 2535
3534 2535
3535 2533
3536 2538
3537 2537
3538 2535
3539 2534
3540 2534
3541 2535
3542 2537
3543 2535
3544 2534
3545 2534
3546 2534
3547 2534
3548 2535
3549 2535
3550 2535
3551 2537
3552 2536
3553 2537
3554 2536
3555 2535
3556 2534
3557 2534
3558 2535
3559 2535
3560 2535
3561 2535
3562 2538
3563 2534
3564 2535
3565 2537
3566 2539
3567 2528
3568 2535
3569 2536
3570 2539
3571 2537
3572 2534
3573 2535
3574 2536
3575 2535
3576 2534
3577 2538
3578 2538
3579 2536
3580 2537
3581 2541
3582 2537
3583 2536
3584 2530
3585 2536
3586 2538
3587 2537
3588 2537
3589 2536
3590 2536
3591 2540
3592 2541
3593 2535
3594 2536
3595 2536
3596 2537
3597 2536
3598 2540
3599 2537
3600 2542
3601 2534
3602 2535
3603 2540
3604 2531
3605 2539
3606 2540
3607 2540
3608 2538
3609 2529
3610 2543
3611 2537
3612 2537
3613 2535
3614 2539
3615 2536
3616 2534
3617 2539
3618 2536
3619 2536
3620 2536
3621 2535
3622 2536
3623 2535
3624 2542
3625 2535
3626 2535
3627 2536
3628 2536
3629 2535
3630 2537
3631 2537
3632 2536
3633 2537

