2820 2505
2821 2504
2822 2503
2823 2505
2824 2504
2825 2504
2826 2504
2827 2504
2828 2506
2829 2508
2830 2507
2831 2506
2832 2505
2833 2505
2834 2505
2835 2504
2836 2505
2837 2504
2838 2504
2839 2515
2840 2506
2841 2507
2842 2506
2843 2504
2844 2505
2845 2505
2846 2505
2847 2504
2848 2506
2849 2515
2850 2504
2851 2515
2852 2505
2853 2505
2854 2504
2855 2515
2856 2504
2857 2503
2858 2502
2859 2512
2860 2503
2861 2504
2862 2505
2863 2504
2864 2505
2865 2506
2866 2508
2867 2508
2868 2508
2869 2509
2870 2509
2871 2509
2872 2509
2873 2509
2874 2511
2875 2504
2876 2504
2877 2504
2878 2504
2879 2505
2880 2506
2881 2507
2882 2508
2883 2508
2884 2507
2885 2507
2886 2506
2887 2507
2888 2505
2889 2506
2890 2508
2891 2507
2892 2508
2893 2507
2894 2508
2895 2508
2896 2508
2897 2506
2898 2505
2899 2505
2900 2506
2901 2506
2902 2505
2903 2505
2904 2507
2905 2506
2906 2506
2907 2505
2908 2505
2909 2512
2910 2507
2911 2508
2912 2504
2913 2503
2914 2504
2915 2508
2916 2507
2917 2505
2918 2508
2919 2505
2920 2504
2921 2508
2922 2502
2923 2502
2924 2503
2925 2505
2926 2506
2927 2502
2928 2505
2929 2504
2930 2503
2931 2512
2932 2502
2933 2507
2934 2504
2935 2502
2936 2507
2937 2511
2938 2516
2939 2504
2940 2508
2941 2505
2942 2504
2943 2502
2944 2504
2945 2505
2946 2509
2947 2511
2948 2505
2949 2506
2950 2512
2951 2511
2952 2505
2953 2504
2954 2504
2955 2505
2956 2505
2957 2505
2958 2511
2959 2508
2960 2502
2961 2502
2962 2504
2963 2504
2964 2504
2965 2504
2966 2503
2967 2503
2968 2504
2969 2509
2970 2504
2971 2504
2972 2504
2973 2503
2974 2503
2975 2503
2976 2504
2977 2505
2978 2507
2979 2505
2980 2504
2981 2503
2982 2503
2983 2503
2984 2505
2985 2503
2986 2503
2987 2503
2988 2502
2989 2506
2990 2508
2991 2503
2992 2502
2993 2502
2994 2504
2995 2503
2996 2502
2997 2502
2998 2502
2999 2502
3000 2503
3001 2503
3002 2502
3003 2505
3004 2503
3005 2502
3006 2502
3007 2502
3008 2502
3009 2502
3010 2502
3011 2502
3012 2502
3013 2501
3014 2506
3015 2505
3016 2504
3017 2501
3018 2501
3019 2501
3020 2501
3021 2500
3022 2501
3023 2502
3024 2502
3025 2502
3026 2503
3027 2503
3028 2503
3029 2503
3030 2502
3031 2502
3032 2502
3033 2508
3034 2502
3035 2502
3036 2503
3037 2502
3038 2503
3039 2506
3040 2508
3041 2502
3042 2502
3043 2502
3044 2502
3045 2502
3046 2502
3047 2501
3048 2502
3049 2501
3050 2501
3051 2501
3052 2502
3053 2502
3054 2502
3055 2502
3056 2502
3057 2502
3058 2501
3059 2502
3060 2506
3061 2502
3062 2503
3063 2502
3064 2503
3065 2502
3066 2501
3067 2501
3068 2505
3069 2501
3070 2501
3071 2501
3072 2501
3073 2501
3074 2501
3075 2501
3076 2501
3077 2501
3078 2501
3079 2502
3080 2501
3081 2501
3082 2501
3083 2501
3084 2501
3085 2500
3086 2500
3087 2501
3088 2501
3089 2501
3090 2501
3091 2501
3092 2500
3093 2501
3094 2501
3095 2501
3096 2501
3097 2501
3098 2500
3099 2500
3100 2500
3101 2501
3102 2500
3103 2500
3104 2500
3105 2500
3106 2500
3107 2500
3108 2500
3109 2500
3110 2499
3111 2500
3112 2500
3113 2500
3114 2500
3115 2501
3116 2500
3117 2499
3118 2500
3119 2499
3120 2500
3121 2500
3122 2500
3123 2499
3124 2499
3125 2499
3126 2499
3127 2500
3128 2499
3129 2499
3130 2499
3131 2499
3132 2499
3133 2499
3134 2499
3135 2499
3136 2499
3137 2498
3138 2499
3139 2498
3140 2498
3141 2499
3142 2499
3143 2498
3144 2498
3145 2498
3146 2497
3147 2498
3148 2499
3149 2498
3150 2498
3151 2498
3152 2498
3153 2498
3154 2498
3155 2498
3156 2498
3157 2498
3158 2497
3159 2497
3160 2497
3161 2497
3162 2497
3163 2497
3164 2496
3165 2497
3166 2497
3167 2497
3168 2497
3169 2497
3170 2497
3171 2497
3172 2498
3173 2497
3174 2498
3175 2498
3176 2498
3177 2498
3178 2498
3179 2498
3180 2498
3181 2498
3182 2498
3183 2497
3184 2498
3185 2498
3186 2497
3187 2498
3188 2498
3189 2497
3190 2498
3191 2498
3192 2497
3193 2498
3194 2498
3195 2498
3196 2498
3197 2498
3198 2498
3199 2498
3200 2498
3201 2498
3202 2498
3203 2498
3204 2498
3205 2498
3206 2498
3207 2498
3208 2498
3209 2498
3210 2498
3211 2498
3212 2498
3213 2498
3214 2497
3215 2498
3216 2498
3217 2498
3218 2498
3219 2497
3220 2497
3221 2498
3222 2498
3223 2498
3224 2498
3225 2498
3226 2498
3227 2498
3228 2498
3229 2498
3230 2498
3231 2498
3232 2498
3233 2498
3234 2498
3235 2498
3236 2498
3237 2498
3238 2498
3239 2498
3240 2498
3241 2498
3242 2498
3243 2498
3244 2498
3245 2498
3246 2498
3247 2498
3248 2498
3249 2498
3250 2498
3251 2498
3252 2498
3253 2498
3254 2498
3255 2498
3256 2499
3257 2499
3258 2498
3259 2498
3260 2498
3261 2499
3262 2498
3263 2498
3264 2498
3265 2499
3266 2498
3267 2498
3268 2498
3269 2498
3270 2498
3271 2498
3272 2498
3273 2499
3274 2498
3275 2498
3276 2498
3277 2498
3278 2498
3279 2498
3280 2498
3281 2498
3282 2498
3283 2498
3284 2498
3285 2499
3286 2498
3287 2498
3288 2498
3289 2498
3290 2498
3291 2498
3292 2498
3293 2498
3294 2498
3295 2498
3296 2498
3297 2499
3298 2498
3299 2499
3300 2499
3301 2499
3302 2499
3303 2499
3304 2499
3305 2499
3306 2499
3307 2499
3308 2499
3309 2499
3310 2499
3311 2499
3312 2499
3313 2499
3314 2499
3315 2499
3316 2499
3317 2499
3318 2499
3319 2499
3320 2499
3321 2499
3322 2499
3323 2499
3324 2499
3325 2499
3326 2498
3327 2499
3328 2499
3329 2499
3330 2499
3331 2499
3332 2499
3333 2499
3334 2499
3335 2499
3336 2499
3337 2499
3338 2499
3339 2499
3340 2499
3341 2499
3342 2499
3343 2500
3344 2500
3345 2500
3346 2500
3347 2500
3348 2500
3349 2500
3350 2500
3351 2500
3352 2499
3353 2499
3354 2499
3355 2499
3356 2499
3357 2499
3358 2500
3359 2500
3360 2499
3361 2500
3362 2499
3363 2499
3364 2499
3365 2499
3366 2500
3367 2499
3368 2499
3369 2500
3370 2499
3371 2499
3372 2499
3373 2499
3374 2499
3375 2499
3376 2499
3377 2499
3378 2499
3379 2499
3380 2499
3381 2499
3382 2499
3383 2499
3384 2499
3385 2499
3386 2499
3387 2499
3388 2499
3389 2499
3390 2499
3391 2499
3392 2499
3393 2499
3394 2499
3395 2499
3396 2500
3397 2499
3398 2499
3399 2499
3400 2499
3401 2499
3402 2499
3403 2499
3404 2499
3405 2499
3406 2499
3407 2499
3408 2499
3409 2499
3410 2499
3411 2499
3412 2499
3413 2499
3414 2499
3415 2499
3416 2499
3417 2499
3418 2499
3419 2499
3420 2499
3421 2499
3422 2499
3423 2499
3424 2499
3425 2499
3426 2499
3427 2500
3428 2499
3429 2499
3430 2499
3431 2499
3432 2500
3433 2499
3434 2499
3435 2499
3436 2499
3437 2499
3438 2499
3439 2500
3440 2499
3441 2499
3442 2499
3443 2499
3444 2499
3445 2499
3446 2499
3447 2499
3448 2499
3449 2499
3450 2499
3451 2499
3452 2499
3453 2499
3454 2498
3455 2498
3456 2499
3457 2499
3458 2498
3459 2498
3460 2499
3461 2499
3462 2499
3463 2499
3464 2499
3465 2499
3466 2499
3467 2499
3468 2499
3469 2499
3470 2499
3471 2499
3472 2502
3473 2501
3474 2500
3475 2502
3476 2500
3477 2499
3478 2499
3479 2499
3480 2499
3481 2498
3482 2498
3483 2499
3484 2500
3485 2500
3486 2500
3487 2500
3488 2500
3489 2502
3490 2499
3491 2499
3492 2499
3493 2500
3494 2499
3495 2499
3496 2499
3497 2499
3498 2500
3499 2501
3500 2501
3501 2500
3502 2500
3503 2500
3504 2500
3505 2499
3506 2499
3507 2499
3508 2499
3509 2500
3510 2500
3511 2500
3512 2500
3513 2500
3514 2500
3515 2500
3516 2500
3517 2499
3518 2500
3519 2500
3520 2500
3521 2500
3522 2500
3523 2500
3524 2500
3525 2500
3526 2500
3527 2500
3528 2500
3529 2499
3530 2500
3531 2500
3532 2500
3533 2500
3534 2500
3535 2500
3536 2500
3537 2500
3538 2500
3539 2500
3540 2500
3541 2500
3542 2500
3543 2500
3544 2500
3545 2501
3546 2500
3547 2500
3548 2500
3549 2500
3550 2500
3551 2500
3552 2500
3553 2500
3554 2499
3555 2500
3556 2500
3557 2501
3558 2500
3559 2500
3560 2500
3561 2500
3562 2500
3563 2500
3564 2500
3565 2499
3566 2499
3567 2500
3568 2500
3569 2500
3570 2500
3571 2500
3572 2500
3573 2500
3574 2500
3575 2499
3576 2500
3577 2501
3578 2500
3579 2500
3580 2500
3581 2500
3582 2500
3583 2500
3584 2500
3585 2500
3586 2500
3587 2500
3588 2500
3589 2500
3590 2500
3591 2500
3592 2500
3593 2500
3594 2500
3595 2500
3596 2500
3597 2500
3598 2500
3599 2500
3600 2500
3601 2500
3602 2500
3603 2500
3604 2500
3605 2500
3606 2500
3607 2500
3608 2500
3609 2500
3610 2500
3611 2499
3612 2500
3613 2501
3614 2500
3615 2500
3616 2500
3617 2500
3618 2500
3619 2500
3620 2500
3621 2500
3622 2500
3623 2500
3624 2500
3625 2500
3626 2500
3627 2500
3628 2500
3629 2500
3630 2500
3631 2500
3632 2500
3633 2500
3634 2500
3635 2500
3636 2500
3637 2501
3638 2500
3639 2501
3640 2500
3641 2500
3642 2501
3643 2501
3644 2501
3645 2501
3646 2501
3647 2501
3648 2501
3649 2501
3650 2501
3651 2501
3652 2501
3653 2501
3654 2502
3655 2502
3656 2501
3657 2502
3658 2501
3659 2501
3660 2502
3661 2501
3662 2501
3663 2501
3664 2501
3665 2501
3666 2501
3667 2501
3668 2501
3669 2501
3670 2501
3671 2502
3672 2501
3673 2501
3674 2501
3675 2501
3676 2502
3677 2501
3678 2501
3679 2501
3680 2501
3681 2501
3682 2501
3683 2501
3684 2501
3685 2501
3686 2501
3687 2501
3688 2502
3689 2501
3690 2501
3691 2501
3692 2501
3693 2501
3694 2501
3695 2501
3696 2502
3697 2501
3698 2501
3699 2501
3700 2502
3701 2501
3702 2501
3703 2501
3704 2501
3705 2501
3706 2502
3707 2502
3708 2502
3709 2502
3710 2501
3711 2501
3712 2501
3713 2501
3714 2501
3715 2501
3716 2501
3717 2501
3718 2501
3719 2501
3720 2501
3721 2501
3722 2501
3723 2501
3724 2503
3725 2504
3726 2501
3727 2500
3728 2500
3729 2500
3730 2500
3731 2500
3732 2500
3733 2500
3734 2500
3735 2500
3736 2500
3737 2500
3738 2500
3739 2501
3740 2501
3741 2501
3742 2501
3743 2501
3744 2501
3745 2501
3746 2501
3747 2501
3748 2501
3749 2501
3750 2501
3751 2501
3752 2501
3753 2501
3754 2501
3755 2501
3756 2501
3757 2501
3758 2501
3759 2501
3760 2501
3761 2501
3762 2501
3763 2501
3764 2501
3765 2501
3766 2501
3767 2501
3768 2501
3769 2501
3770 2501
3771 2502
3772 2501
3773 2501
3774 2502
3775 2501
3776 2502
3777 2502
3778 2502
3779 2502
3780 2502
3781 2502
3782 2501
3783 2501
3784 2502
3785 2502
3786 2502
3787 2502
3788 2501
3789 2502
3790 2502
3791 2501
3792 2502
3793 2502
3794 2502
3795 2502
3796 2502
3797 2502
3798 2502
3799 2501
3800 2502
3801 2502
3802 2502
3803 2502
3804 2502
3805 2502
3806 2502
3807 2502
3808 2502
3809 2502
3810 2502
3811 2502
3812 2502
3813 2502
3814 2502
3815 2502
3816 2502
3817 2502
3818 2502
3819 2502
3820 2502
3821 2501
3822 2501
3823 2501
3824 2501
3825 2501
3826 2501
3827 2501
3828 2501
3829 2501
3830 2501
3831 2501
3832 2501
3833 2501
3834 2501
3835 2501
3836 2501
3837 2501
3838 2501
3839 2501
3840 2501
3841 2501
3842 2501
3843 2501
3844 2501
3845 2501
3846 2501
3847 2501
3848 2502
3849 2501
3850 2502
3851 2501
3852 2501
3853 2501
3854 2501
3855 2501
3856 2501
3857 2501
3858 2501
3859 2501
3860 2501

3168 2537
3169 2537
3170 2537
3171 2532
3172 2534
3173 2541
3174 2537
3175 2538
3176 2538
3177 2538
3178 2536
3179 2537
3180 2538
3181 2537
3182 2538
3183 2538
3184 2538
3185 2537
3186 2542
3187 2538
3188 2537
3189 2537
3190 2538
3191 2538
3192 2537
3193 2537
3194 2536
3195 2538
3196 2536
3197 2537
3198 2534
3199 2538
3200 2536
3201 2537
3202 2538
3203 2536
3204 2537
3205 2537
3206 2538
3207 2536
3208 2537
3209 2537
3210 2536
3211 2536
3212 2536
3213 2530
3214 2537
3215 2535
3216 2536
3217 2536
3218 2535
3219 2536
3220 2535
3221 2535
3222 2535
3223 2536
3224 2535
3225 2535
3226 2535
3227 2536
3228 2535
3229 2535
3230 2535
3231 2535
3232 2535
3233 2535
3234 2535
3235 2534
3236 2535
3237 2535
3238 2534
3239 2535
3240 2535
3241 2534
3242 2538
3243 2535
3244 2535
3245 2534
3246 2535
3247 2531
3248 2536
3249 2536
3250 2535
3251 2532
3252 2534
3253 2535
3254 2534
3255 2534
3256 2540
3257 2535
3258 2535
3259 2535
3260 2535
3261 2535
3262 2535
3263 2535
3264 2536
3265 2537
3266 2535
3267 2536
3268 2536
3269 2535
3270 2538
3271 2535
3272 2534
3273 2535
3274 2536
3275 2536
3276 2535
3277 2535
3278 2535
3279 2536
3280 2537
3281 2536
3282 2537
3283 2537
3284 2536
3285 2536
3286 2536
3287 2536
3288 2536
3289 2538
3290 2538
3291 2535
3292 2536
3293 2536
3294 2536
3295 2536
3296 2534
3297 2535
3298 2536
3299 2536
3300 2536
3301 2536
3302 2535
3303 2537
3304 2535
3305 2536
3306 2535
3307 2536
3308 2536
3309 2535
3310 2535
3311 2535
3312 2536
3313 2535
3314 2534
3315 2535
3316 2534
3317 2534
3318 2540
3319 2533
3320 2535
3321 2535
3322 2535
3323 2539
3324 2534
3325 2534
3326 2535
3327 2535
3328 2534
3329 2542
3330 2534
3331 2540
3332 2535
3333 2534
3334 2541
3335 2535
3336 2534
3337 2535
3338 2539
3339 2536
3340 2534
3341 2535
3342 2536
3343 2535
3344 2536
3345 2534
3346 2535
3347 2535
3348 2535
3349 2535
3350 2538
3351 2541
3352 2535
3353 2536
3354 2535
3355 2535
3356 2536
3357 2537
3358 2538
3359 2537
3360 2537
3361 2536
3362 2536
3363 2536
3364 2536
3365 2536
3366 2536
3367 2536
3368 2540
3369 2536
3370 2536
3371 2542
3372 2540
3373 2537
3374 2541
3375 2536
3376 2541
3377 2537
3378 2538
3379 2536
3380 2537
3381 2537
3382 2536
3383 2537
3384 2537
3385 2542
3386 2534
3387 2536
3388 2536
3389 2543
3390 2536
3391 2536
3392 2540
3393 2537
3394 2543
3395 2537
3396 2536
3397 2537
3398 2537
3399 2543
3400 2536
3401 2537
3402 2536
3403 2536
3404 2536
3405 2538
3406 2537
3407 2537
3408 2537
3409 2536
3410 2537
3411 2537
3412 2537
3413 2537
3414 2538
3415 2538
3416 2538
3417 2538
3418 2538
3419 2538
3420 2538
3421 2538
3422 2537
3423 2537
3424 2537
3425 2537
3426 2537
3427 2537
3428 2537
3429 2537
3430 2537
3431 2537
3432 2537
3433 2536
3434 2537
3435 2537
3436 2539
3437 2537
3438 2536
3439 2537
3440 2537
3441 2537
3442 2537
3443 2537
3444 2535
3445 2536
3446 2537
3447 2539
3448 2543
3449 2535
3450 2536
3451 2535
3452 2540
3453 2535
3454 2538
3455 2537
3456 2537
3457 2536
3458 2541
3459 2538
3460 2537
3461 2540
3462 2537
3463 2540
3464 2537
3465 2537
3466 2536
3467 2536
3468 2537
3469 2537
3470 2537
3471 2536
3472 2539
3473 2536
3474 2537
3475 2534
3476 2540
3477 2535
3478 2536
3479 2536
3480 2529
3481 2537
3482 2536
3483 2535
3484 2536
3485 2540
3486 2535
3487 2540
3488 2536
3489 2536
3490 2536
3491 2534
3492 2535
3493 2535
3494 2538
3495 2534
3496 2534
3497 2534
3498 2533
3499 2535
3500 2534
3501 2539
3502 2539
3503 2535
3504 2535
3505 2535
3506 2534
3507 2534
3508 2534
3509 2534
3510 2533
3511 2533
3512 2534
3513 2533
3514 2534
3515 2533
3516 2530
3517 2532
3518 2539
3519 2533
3520 2533
3521 2529
3522 2533
3523 2532
3524 2537
3525 2534
3526 2536
3527 2532
3528 2532
3529 2532
3530 2533
3531 2532
3532 2532
3533 2532
3534 2530
3535 2524
3536 2532
3537 2531
3538 2531
3539 2531
3540 2531
3541 2531
3542 2537
3543 2532
3544 2533
3545 2536
3546 2535
3547 2524
3553 2535
3554 2534
3555 2533
3556 2533
3557 2534
3558 2534
3559 2533
3560 2533
3561 2532
3562 2530
3563 2530
3564 2531
3565 2531
3566 2531
3567 2530
3568 2531
3569 2535
3570 2532
3571 2528
3572 2529
3573 2530
3574 2531
3575 2531
3576 2530
3577 2533
3578 2534
3579 2529
3580 2528
3581 2527
3582 2528
3583 2529
3584 2529
3585 2527
3586 2530
3587 2530
3588 2529
3589 2529
3590 2533
3591 2532
3592 2528
3593 2530
3594 2524
3595 2528
3596 2528
3597 2526
3598 2527
3599 2526
3600 2528
3601 2528
3602 2529
3603 2529
3604 2527
3605 2528
3606 2527
3607 2527
3608 2526
3609 2526
3610 2524
3611 2525
3612 2520
3613 2524
3614 2528
3615 2526
3616 2528
3617 2520
3618 2523
3619 2525
3620 2524
3621 2524
3622 2525
3623 2524
3624 2524
3625 2523
3626 2523
3627 2523
3628 2523
3629 2522
3630 2522
3631 2521
3632 2521
3633 2527
3634 2528
3635 2522
3636 2521
3637 2521
3638 2521
3639 2522
3640 2522
3641 2522
3642 2521
3643 2521
3644 2521
3645 2521
3646 2520
3647 2521
3648 2520
3649 2520
3650 2520
3651 2520
3652 2519
3653 2520
3654 2519
3655 9999
3656 2513
3657 2520
3658 2521
3659 2522
3660 2522
3661 2516
3662 2515
3663 2519
3664 9999
3665 9999
3666 2519
3667 2519
3668 2519
3669 2518
3670 2519
3671 2518
3672 2524
3673 2518
3674 2518
3675 2518
3676 2518
3677 2518
3678 2518
3679 2519
3680 2518
3681 2518
3682 2518
3683 2518
3684 2517
3685 2518
3686 2518
3687 2518
3688 2519
3689 2523
3690 2521
3691 2522
3692 2519
3693 2518
3694 2518
3695 2518
3696 2518
3697 2519
3698 2518
3699 2518
3700 2518
3701 2518
3702 2518
3703 2519
3704 2518
3705 2518
3706 2517
3707 2517
3708 9999
3709 2519
3710 2517
3711 2517
3712 2518
3713 2518
3714 2518
3715 2518
3716 2518
3717 2517
3718 2517
3719 2518
3720 2517
3721 2521
3722 2519
3723 2518
3724 2518
3725 2518
3726 2519
3727 2519
3728 2520
3729 2519
3730 2519
3731 2519
3732 2518
3733 2519
3734 2519
3735 2522
3736 2518
3737 2518
3738 2519
3739 2518
3740 2518
3741 2518
3742 2518
3743 2518
3744 2517
3745 2517
3746 2518
3747 2518
3748 2518
3749 2518
3750 2520

