2730 2505
2731 2504
2732 2507
2733 2503
2734 2503
2735 2502
2736 2502
2737 2502
2738 2501
2739 2502
2740 2502
2741 2502
2742 2502
2743 2503
2744 2504
2745 2503
2746 2503
2747 2502
2748 2502
2749 2502
2750 2502
2751 2509
2752 2503
2753 2502
2754 2502
2755 2502
2756 2502
2757 2501
2758 2502
2759 2505
2760 2503
2761 2502
2762 2503
2763 2502
2764 2502
2765 2502
2766 2502
2767 2501
2768 2502
2769 2502
2770 2502
2771 2502
2772 2501
2773 2502
2774 2502
2775 2501
2776 2502
2777 2502
2778 2502
2779 2501
2780 2502
2781 2502
2782 2502
2783 2501
2784 2501
2785 2501
2786 2501
2787 2502
2788 2502
2789 2502
2790 2506
2791 2501
2792 2502
2793 2502
2794 2504
2795 2501
2796 2502
2797 2502
2798 2501
2799 2501
2800 2501
2801 2501
2802 2501
2803 2501
2804 2501
2805 2501
2806 2501
2807 2501
2808 2501
2809 2501
2810 2505
2811 2501
2812 2502
2813 2501
2814 2502
2815 2501
2816 2502
2817 2502
2818 2502
2819 2502
2820 2502
2821 2501
2822 2502
2823 2502
2824 2502
2825 2501
2826 2501
2827 2501
2828 2502
2829 2501
2830 2501
2831 2501
2832 2502
2833 2502
2834 2502
2835 2502
2836 2502
2837 2504
2838 2501
2839 2502
2840 2501
2841 2501
2842 2501
2843 2502
2844 2503
2845 2504
2846 2502
2847 2503
2848 2506
2849 2503
2850 2501
2851 2501
2852 2501
2853 2501
2854 2501
2855 2501
2856 2501
2857 2501
2858 2501
2859 2506
2860 2504
2861 2501
2862 2501
2863 2501
2864 2501
2865 2500
2866 2501
2867 2500
2868 2501
2869 2501
2870 2501
2871 2501
2872 2501
2873 2501
2874 2501
2875 2501
2876 2501
2877 2501
2878 2501
2879 2501
2880 2501
2881 2500
2882 2502
2883 2501
2884 2501
2885 2501
2886 2501
2887 2501
2888 2502
2889 2501
2890 2501
2891 2500
2892 2500
2893 2501
2894 2501
2895 2501
2896 2501
2897 2500
2898 2501
2899 2501
2900 2501
2901 2501
2902 2501
2903 2501
2904 2501
2905 2505
2906 2501
2907 2500
2908 2500
2909 2500
2910 2501
2911 2501
2912 2501
2913 2501
2914 2501
2915 2501
2916 2501
2917 2501
2918 2500
2919 2500
2920 2501
2921 2500
2922 2499
2923 2500
2924 2500
2925 2500
2926 2501
2927 2500
2928 2501
2929 2501
2930 2500
2931 2500
2932 2501
2933 2500
2934 2500
2935 2500
2936 2500
2937 2500
2938 2500
2939 2500
2940 2500
2941 2500
2942 2500
2943 2500
2944 2500
2945 2500
2946 2500
2947 2500
2948 2506
2949 2506
2950 2501
2951 2500
2952 2501
2953 2503
2954 2500
2955 2500
2956 2500
2957 2501
2958 2500
2959 2500
2960 2501
2961 2500
2962 2500
2963 2502
2964 2499
2965 2500
2966 2500
2967 2499
2968 2499
2969 2501
2970 2499
2971 2501
2972 2498
2973 2499
2974 2503
2975 2502
2976 2499
2977 2499
2978 2499
2979 2502
2980 2498
2981 2498
2982 2503
2983 2498
2984 2498
2985 2498
2986 2498
2987 2500
2988 2499
2989 2499
2990 2499
2991 2498
2992 2498
2993 2499
2994 2499
2995 2499
2996 2502
2997 2498
2998 2499
2999 2501
3000 2503
3001 2501
3002 2498
3003 2498
3004 2498
3005 2503
3006 2502
3007 2500
3008 2499
3009 2499
3010 2499
3011 2499
3012 2498
3013 2500
3014 2499
3015 2499
3016 2498
3017 2499
3018 2498
3019 2498
3020 2499
3021 2505
3022 2499
3023 2500
3024 2502
3025 2497
3026 2498
3027 2499
3028 2499
3029 2498
3030 2498
3031 2499
3032 2498
3033 2499
3034 2498
3035 2498
3036 2497
3037 2498
3038 2498
3039 2498
3040 2498
3041 2497
3042 2497
3043 2497
3044 2496
3045 2496
3046 2497
3047 2497
3048 2496
3049 2498
3050 2501
3051 2496
3052 2496
3053 2496
3054 2496
3055 2506
3056 2496
3057 2499
3058 2496
3059 2498
3060 2496
3061 2496
3062 2501
3063 2500
3064 2496
3065 2496
3066 2497
3067 2497
3068 2496
3069 2497
3070 2497
3071 2496
3072 2497
3073 2498
3074 2496
3075 2496
3076 2496
3077 2497
3078 2496
3079 2498
3080 2496
3081 2497
3082 2498
3083 2496
3084 2496
3085 2497
3086 2497
3087 2497
3088 2497
3089 2496
3090 2495
3091 2496
3092 2495
3093 2498
3094 2499
3095 2498
3096 2499
3097 2496
3098 2496
3099 2496
3100 2496
3101 2496
3102 2496
3103 2497
3104 2496
3105 2499
3106 2498
3107 2496
3108 2496
3109 2497
3110 2496
3111 2497
3112 2496
3113 2507
3114 2497
3115 2496
3116 2496
3117 2496
3118 2497
3119 2496
3120 2496
3121 2496
3122 2496
3123 2496
3124 2497
3125 2497
3126 2497
3127 2497
3128 2496
3129 2496
3130 2496
3131 2497
3132 2498
3133 2497
3134 2500
3135 2496
3136 2496
3137 2496
3138 2496
3139 2497
3140 2496
3141 2497
3142 2496
3143 2497
3144 2497
3145 2497
3146 2497
3147 2497
3148 2497
3149 2497
3150 2496
3151 2496
3152 2497
3153 2497
3154 2497
3155 2497
3156 2497
3157 2497
3158 2497
3159 2497
3160 2497
3161 2497
3162 2498
3163 2498
3164 2498
3165 2498
3166 2499
3167 2498
3168 2498
3169 2498
3170 2505
3171 2499
3172 2499
3173 2498
3174 2503
3175 2499
3176 2499
3177 2499
3178 2498
3179 2498
3180 2498
3181 2498
3182 2498
3183 2498
3184 2502
3185 2499
3186 2499
3187 2498
3188 2499
3189 2498
3190 2499
3191 2498
3192 2499
3193 2499
3194 2499
3195 2499
3196 2498
3197 2498
3198 2498
3199 2498
3200 2498
3201 2498
3202 2498
3203 2498
3204 2498
3205 2499
3206 2498
3207 2498
3208 2498
3209 2498
3210 2498
3211 2498
3212 2498
3213 2498
3214 2498
3215 2498
3216 2498
3217 2498
3218 2498
3219 2498
3220 2498
3221 2498
3222 2499
3223 2499
3224 2498
3225 2498
3226 2498
3227 2498
3228 2498
3229 2498
3230 2498
3231 2499
3232 2498
3233 2498
3234 2498
3235 2498
3236 2497
3237 2501
3238 2499
3239 2498
3240 2499
3241 2499
3242 2499
3243 2498
3244 2498
3245 2499
3246 2497
3247 2498
3248 2498
3249 2499
3250 2499
3251 2498
3252 2497
3253 2498
3254 2498
3255 2497
3256 2497
3257 2497
3258 2497
3259 2497
3260 2497
3261 2497
3262 2498
3263 2506
3264 2498
3265 2498
3266 2498
3267 2497
3268 2497
3269 2497
3270 2497
3271 2497
3272 2497
3273 2497
3274 2497
3275 2497
3276 2497
3277 2497
3278 2496
3279 2496
3280 2501
3281 2496
3282 2497
3283 2498
3284 2497
3285 2498
3286 2498
3287 2497
3288 2497
3289 2497
3290 2497
3291 2497
3292 2497
3293 2500
3294 2497
3295 2497
3296 2497
3297 2497
3298 2497
3299 2497
3300 2497
3301 2498
3302 2497
3303 2496
3304 2496
3305 2496
3306 2496
3307 2496
3308 2496
3309 2496
3310 2497
3311 2497
3312 2497
3313 2497
3314 2497
3315 2497
3316 2497
3317 2497
3318 2497
3319 2497
3320 2497
3321 2497
3322 2497
3323 2497
3324 2497
3325 2497
3326 2497
3327 2497
3328 2497
3329 2497
3330 2496
3331 2497
3332 2496
3333 2496
3334 2497
3335 2497
3336 2496
3337 2496
3338 2496
3339 2497
3340 2496
3341 2496
3342 2496
3343 2497
3344 2496
3345 2496
3346 2496
3347 2496
3348 2496
3349 2496
3350 2496
3351 2496
3352 2496
3353 2496
3354 2496
3355 2496
3356 2496
3357 2496
3358 2496
3359 2496
3360 2496
3361 2496
3362 2496
3363 2496
3364 2496
3365 2496
3366 2496
3367 2496
3368 2496
3369 2496
3370 2495
3371 2496
3372 2496
3373 2496
3374 2496
3375 2496
3376 2496
3377 2496
3378 2496
3379 2496
3380 2496
3381 2496
3382 2496
3383 2496
3384 2496
3385 2496
3386 2495
3387 2496
3388 2495
3389 2496
3390 2496
3391 2496
3392 2496
3393 2496
3394 2496
3395 2496
3396 2496
3397 2496
3398 2496
3399 2496
3400 2496
3401 2496
3402 2496
3403 2496
3404 2496
3405 2496
3406 2496
3407 2496
3408 2496
3409 2496
3410 2496
3411 2496
3412 2496
3413 2496
3414 2496
3415 2496
3416 2496
3417 2496
3418 2496
3419 2496
3420 2496
3421 2496
3422 2496
3423 2496
3424 2496
3425 2496
3426 2496
3427 2496
3428 2496
3429 2496
3430 2496
3431 2496
3432 2496
3433 2496
3434 2496
3435 2496
3436 2497
3437 2496
3438 2497
3439 2496
3440 2496
3441 2496
3442 2496
3443 2496
3444 2496
3445 2496
3446 2496
3447 2496
3448 2496
3449 2496
3450 2496
3451 2496
3452 2496
3453 2496
3454 2496
3455 2496
3456 2496
3457 2496
3458 2497
3459 2496
3460 2496
3461 2496
3462 2496
3463 2496
3464 2499
3465 2499
3466 2496
3467 2497
3468 2497
3469 2497
3470 2497
3471 2497
3472 2497
3473 2497
3474 2497
3475 2497
3476 2497
3477 2496
3478 2497
3479 2497
3480 2497
3481 2496
3482 2497
3483 2497
3484 2496
3485 2496
3486 2497
3487 2497
3488 2497
3489 2497
3490 2497
3491 2497
3492 2497
3493 2497
3494 2496
3495 2497
3496 2497
3497 2497
3498 2497
3499 2497
3500 2497
3501 2497
3502 2497
3503 2497
3504 2497
3505 2497
3506 2497
3507 2497
3508 2497
3509 2496
3510 2497
3511 2497
3512 2498
3513 2497
3514 2497
3515 2497
3516 2498
3517 2498
3518 2497
3519 2498
3520 2498
3521 2497
3522 2498
3523 2498
3524 2498
3525 2498
3526 2498
3527 2498
3528 2498
3529 2498
3530 2498
3531 2498
3532 2498
3533 2498
3534 2498
3535 2498
3536 2498
3537 2498
3538 2498
3539 2498
3540 2498
3541 2498
3542 2498
3543 2498
3544 2498
3545 2498
3546 2498
3547 2499
3548 2498
3549 2498
3550 2499
3551 2499
3552 2499
3553 2499
3554 2499
3555 2499
3556 2499
3557 2499
3558 2499
3559 2499
3560 2499
3561 2499
3562 2499
3563 2499
3564 2499
3565 2499
3566 2499
3567 2499
3568 2499
3569 2499
3570 2499
3571 2499
3572 2499
3573 2499
3574 2499
3575 2499
3576 2499
3577 2499
3578 2499
3579 2499
3580 2499
3581 2499
3582 2500
3583 2500
3584 2499
3585 2499
3586 2499
3587 2500
3588 2500
3589 2500
3590 2499
3591 2500
3592 2500
3593 2500
3594 2499
3595 2499
3596 2500
3597 2500
3598 2500
3599 2500
3600 2500
3601 2500
3602 2499
3603 2500
3604 2500
3605 2500
3606 2499
3607 2499
3608 2499
3609 2499
3610 2499
3611 2500
3612 2500
3613 2500
3614 2500
3615 2499
3616 2500
3617 2500
3618 2500
3619 2500
3620 2500
3621 2500
3622 2500
3623 2500
3624 2500
3625 2500
3626 2500
3627 2500
3628 2500
3629 2500
3630 2500
3631 2501
3632 2501
3633 2501
3634 2501
3635 2501
3636 2501
3637 2501
3638 2501
3639 2501
3640 2501
3641 2501
3642 2501
3643 2501
3644 2501
3645 2501
3646 2501
3647 2501
3648 2501
3649 2501
3650 2501
3651 2501
3652 2501
3653 2501
3654 2501
3655 2501
3656 2501
3657 2501
3658 2501
3659 2501
3660 2501
3661 2501
3662 2501
3663 2501
3664 2502
3665 2501
3666 2501
3667 2501
3668 2501
3669 2502
3670 2501
3671 2501
3672 2502
3673 2501
3674 2501
3675 2502
3676 2501
3677 2501
3678 2502
3679 2501
3680 2501
3681 2502
3682 2502
3683 2502
3684 2501
3685 2501
3686 2503
3687 2501
3688 2502
3689 2503
3690 2503
3691 2502
3692 2502
3693 2501
3694 2502
3695 2501
3696 2502
3697 2502
3698 2502
3699 2502
3700 2502
3701 2502
3702 2502
3703 2502
3704 2502
3705 2502
3706 2502
3707 2502
3708 2502
3709 2502
3710 2502
3711 2502
3712 2502
3713 2502
3714 2502
3715 2502
3716 2502
3717 2502
3718 2502
3719 2502
3720 2502
3721 2502
3722 2502
3723 2502
3724 2502
3725 2502
3726 2502
3727 2502
3728 2502
3729 2502
3730 2502
3731 2502
3732 2502
3733 2502
3734 2502
3735 2502
3736 2502
3737 2502
3738 2502
3739 2502
3740 2502
3741 2502
3742 2502
3743 2502
3744 2502
3745 2502
3746 2502
3747 2502
3748 2502
3749 2502
3750 2503
3751 2503
3752 2503
3753 2503
3754 2503
3755 2503
3756 2503
3757 2503
3758 2503
3759 2503
3760 2503
3761 2503
3762 2502
3763 2503
3764 2503
3765 2502
3766 2502
3767 2502
3768 2502
3769 2502
3770 2502
3771 2502
3772 2502
3773 2502
3774 2502
3775 2502
3776 2502
3777 2502
3778 2501
3779 2501
3780 2501
3781 2501
3782 2501
3783 2501
3784 2501
3785 2501
3786 2501
3787 2501
3788 2500
3789 2501
3790 2501
3791 2500
3792 2500
3793 2501
3794 2500
3795 2500
3796 2500
3797 2500
3798 2500
3799 2500
3800 2500
3801 2501
3802 2500
3803 2500
3804 2500
3805 2500
3806 2501
3807 2501
3808 2501
3809 2501
3810 2501
3811 2501
3812 2501
3813 2501
3814 2501
3815 2501
3816 2502
3817 2502
3818 2502
3819 2502
3820 2502
3821 2502
3822 2502
3823 2502
3824 2502
3825 2502
3826 2502
3827 2502
3828 2502
3829 2502
3830 2502
3831 2502
3832 2502
3833 2502
3834 2502
3835 2502
3836 2502
3837 2502
3838 2502
3839 2502
3840 2502
3841 2502
3842 2502
3843 2502
3844 2502
3845 2501
3846 2502
3847 2502
3848 2502
3849 2502
3850 2502
3851 2502
3852 2502
3853 2502
3854 2502
3855 2502

3163 2541
3164 2540
3165 2539
3166 2539
3167 2538
3168 2539
3169 2538
3170 2544
3171 2545
3172 2541
3173 2542
3174 2538
3175 2541
3176 2536
3177 2539
3178 2539
3179 2540
3180 2541
3181 2540
3182 2539
3183 2537
3184 2542
3185 2538
3186 2538
3187 2538
3188 2538
3189 2538
3190 2537
3191 2531
3192 2542
3193 2538
3194 2537
3195 2538
3196 2543
3197 2536
3198 2544
3199 2540
3200 2538
3201 2538
3202 2530
3203 2539
3204 2539
3205 2539
3206 2544
3207 2541
3208 2539
3209 2544
3210 2539
3211 2542
3212 2530
3213 2541
3214 2539
3215 2538
3216 2538
3217 2539
3218 2538
3219 2538
3220 2538
3221 2539
3222 2544
3223 2538
3224 2538
3225 2538
3226 2538
3227 2538
3228 2538
3229 2538
3230 2538
3231 2538
3232 2544
3233 2538
3234 2539
3235 2538
3236 2538
3237 2538
3238 2538
3239 2539
3240 2533
3241 2540
3242 2541
3243 2538
3244 2538
3245 2537
3246 2539
3247 2539
3248 2540
3249 2538
3250 2539
3251 2538
3252 2542
3253 2540
3254 2537
3255 2538
3256 2538
3257 2538
3258 2541
3259 2541
3260 2530
3261 2536
3262 2538
3263 2537
3264 2539
3265 2540
3266 2530
3267 2542
3268 2537
3269 2539
3270 2538
3271 2537
3272 2537
3273 2542
3274 2541
3275 2541
3276 2541
3277 2538
3278 2538
3279 2538
3280 2538
3281 2538
3282 2538
3283 2538
3284 2537
3285 2536
3286 2536
3287 2536
3288 2537
3289 2538
3290 2537
3291 2538
3292 2538
3293 2541
3294 2537
3295 2537
3296 2537
3297 2537
3298 2537
3299 2537
3300 2538
3301 2536
3302 2537
3303 2537
3304 2537
3305 2537
3306 2536
3307 2536
3308 2536
3309 2536
3310 2538
3311 2535
3312 2535
3313 2536
3314 2535
3315 2535
3316 2536
3317 2536
3318 2536
3319 2535
3320 2540
3321 2536
3322 2536
3323 2535
3324 2536
3325 2536
3326 2536
3327 2543
3328 2536
3329 2536
3330 2536
3331 2537
3332 2540
3333 2535
3334 2535
3335 2537
3336 2538
3337 2542
3338 2536
3339 2536
3340 2535
3341 2535
3342 2536
3343 2536
3344 2542
3345 2532
3346 2535
3347 2535
3348 2536
3349 2534
3350 2532
3351 2540
3352 2528
3353 2535
3354 2535
3355 2534
3356 2534
3357 2534
3358 2536
3359 2535
3360 2534
3361 2534
3362 2534
3363 2534
3364 2534
3365 2534
3366 2534
3367 2535
3368 2535
3369 2535
3370 2534
3371 2534
3372 2533
3373 2534
3374 2537
3375 2534
3376 2534
3377 2534
3378 2534
3379 2534
3380 2534
3381 2534
3382 2534
3383 2541
3384 2534
3385 2533
3386 2533
3387 2535
3388 2534
3389 2534
3390 2534
3391 2534
3392 2534
3393 2533
3394 2534
3395 2534
3396 2534
3397 2534
3398 2533
3399 2534
3400 2535
3401 2534
3402 2534
3403 2534
3404 2534
3405 2535
3406 2535
3407 2535
3408 2534
3409 2535
3410 2535
3411 2540
3412 2536
3413 2535
3414 2535
3415 2534
3416 2535
3417 2535
3418 2534
3419 2534
3420 2534
3421 2535
3422 2535
3423 2536
3424 2534
3425 2534
3426 2534
3427 2533
3428 2535
3429 2532
3430 2534
3431 2530
3432 2536
3433 2534
3434 2533
3435 2533
3436 2529
3437 2532
3438 2529
3439 2529
3440 2534
3441 2535
3442 2535
3443 2535
3444 2534
3445 2534
3446 2534
3447 2533
3448 2533
3449 2534
3450 2534
3451 2538
3452 2534
3453 2535
3454 2535
3455 2533
3456 2532
3457 2532
3458 2532
3459 2531
3460 2531
3461 2532
3462 2533
3463 2527
3464 2533
3465 2532
3466 2531
3467 2527
3518 2526
3519 2526
3520 2526
3521 2526
3522 2527
3523 2526
3524 2526
3525 2526
3526 2527
3527 2526
3528 2525
3529 2526
3530 2526
3531 2526
3532 2517
3533 2526
3534 2525
3535 2525
3536 2529
3537 2525
3538 2525
3539 2527
3540 2525
3541 2525
3542 2525
3543 2525
3544 2526
3545 2526
3546 2525
3547 2525
3548 2525
3549 2526
3550 2526
3551 2525
3552 2525
3553 2525
3554 2525
3555 2524
3556 2526
3557 2526
3558 2525
3559 2524
3560 2525
3561 2527
3562 2529
3563 2525
3564 2526
3565 2526
3566 2524
3567 2525
3568 2519
3569 2527
3570 2529
3571 2528
3572 2528
3573 2525
3574 2526
3575 2529
3576 2515
3577 2527
3578 2528
3579 2525
3580 2524
3581 2523
3582 2529
3583 2524
3584 2522
3585 2523
3586 2524
3587 2525
3588 2530
3589 2525
3590 2526
3591 2520
3592 2516
3593 2517
3594 2524
3595 2524
3596 2525
3597 2518
3598 2527
3599 2526
3600 2524
3601 2524
3602 2516
3603 2516
3604 2525
3605 2524
3606 2523
3607 2525
3608 2524
3609 2525
3610 2524
3611 2523
3612 2523
3613 2529
3614 2523
3615 2522
3616 2522
3617 2524
3618 2522
3619 2523
3620 2525
3621 2523
3622 2523
3623 2523
3624 2526
3625 2527
3626 2523
3627 2523
3628 2524
3629 2523
3630 2519
3631 2525
3632 2519
3633 2524
3634 2524
3635 2525
3636 2524
3637 2519
3638 2519
3639 2527
3640 2523
3641 2527
3642 2524
3643 2528
3644 2524
3645 2525
3646 2524
3647 2528
3648 2523
3649 2526
3650 2527
3651 2524
3652 2525
3653 2523
3654 2524
3655 2515
3656 2515
3657 2520
3658 2519
3659 2515
3660 2515
3661 2528
3662 2522
3663 2524
3664 2524
3665 2524
3666 2522
3667 2515
3668 2525
3669 2522
3670 2523
3671 2524
3672 2515
3673 2524
3674 2524
3675 2524
3676 2518
3677 2516
3678 2524
3679 2523
3680 2522
3681 2522
3682 2522
3683 2522
3684 2522
3685 2521
3686 2522
3687 2524
3688 2515
3689 2522
3690 2519
3691 2520
3692 2520
3693 2520
3694 2520
3695 2520
3696 2519
3697 2523
3698 2521
3699 2520
3700 2520
3701 2520
3702 2520
3703 2519
3704 2520
3705 2520
3706 2523
3707 2523
3708 9999
3709 2517
3710 2518
3711 9999
3712 2520
3713 2520
3714 2519
3715 2519
3716 9999
3717 9999
3718 2519
3719 2519
3720 2519
3721 9999
3722 2514
3723 2515
3724 2516
3725 2516
3726 2521
3727 2517
3728 2517
3729 9999
3730 2519
3731 2521
3732 9999
3733 9999
3734 2517
3735 9999
3736 2518
3737 2519
3738 2516
3739 9999
3740 9999
3741 9999
3742 2517
3743 2517
3744 2516
3745 2515
3746 2514
3747 2516
3748 9999
3749 9999
3750 9999
3751 9999
3752 9999
3753 9999
3754 9999
3755 9999
3756 9999
3757 9999
3758 9999
3759 9999
3760 9999
3761 9999
3762 9999
3763 9999
3764 9999
3765 9999
3766 9999
3767 9999
3768 9999
3769 9999
3770 2514
3771 9999
3772 9999
3773 2514
3774 9999
3775 9999
3776 9999
3777 9999
3778 9999
3779 9999
3780 9999
3781 9999
3782 9999
3783 9999
3784 9999
3785 9999
3786 9999
3787 9999
3788 2512
3789 9999
3790 9999
3791 9999
3792 2514
3793 9999
3794 2512
3795 9999
3796 9999
3797 9999
3798 9999
3799 9999
3800 9999
3801 9999
3802 9999
3803 9999
3804 9999
3805 9999
3806 2513
3807 9999
3808 9999
3809 9999
3810 9999
3811 2513
3812 2514
3813 2515
3814 9999
3815 9999
3816 9999
3817 9999
3818 9999
3819 9999
3820 9999
3821 9999
3822 9999
3823 9999

