3571 2531
3572 2531
3573 2531
3574 2531
3575 2533
3576 2534
3577 2529
3578 2529
3579 2530
3580 2530
3581 2531
3582 2530
3583 2530
3584 2530
3585 2530
3586 2529
3587 2529
3588 2529
3589 2530
3590 2538
3591 2532
3592 2532
3593 2531
3594 2533
3595 2531
3596 2531
3597 2531
3598 2530
3599 2530
3600 2531
3601 2532
3602 2529
3603 2529
3604 2529
3605 2531
3606 2531
3607 2531
3608 2531
3609 2530
3610 2530
3611 2533
3612 2534
3613 2528
3614 2529
3615 2529
3616 2529
3617 2528
3618 2528
3619 2528
3620 2528
3621 2529
3622 2529
3623 2530
3624 2530
3625 2530
3626 2529
3627 2530
3628 2530
3629 2529
3630 2529
3631 2529
3632 2530
3633 2531
3634 2531
3635 2537
3636 2531
3637 2534
3638 2529
3639 2529
3640 2531
3641 2531
3642 2529
3643 2528
3644 2528
3645 2529
3646 2532
3647 2527
3648 2528
3649 2528
3650 2528
3651 2529
3652 2532
3653 2531
3654 2531
3655 2530
3656 2530
3657 2529
3658 2529
3659 2529
3660 2529
3661 2528
3662 2529
3663 2528
3664 2531
3665 2528
3666 2529
3667 2528
3668 2531
3669 2528
3670 2532
3671 2531
3672 2528
3673 2528
3674 2528
3675 2527
3676 2527
3677 2528
3678 2527
3679 2527
3680 2528
3681 2529
3682 2528
3683 2528
3684 2528
3685 2529
3686 2529
3687 2528
3688 2532
3689 2528
3690 2529
3691 2529
3692 2530
3693 2539
3694 2529
3695 2538
3696 2530
3697 2530
3698 2529
3699 2528
3700 2529
3701 2529
3702 2529
3703 2528
3704 2528
3705 2530
3706 2529
3707 2529
3708 2528
3709 2529
3710 2528
3711 2530
3712 2531
3713 2531
3714 2531
3715 2536
3716 2529
3717 2530
3718 2531
3719 2531
3720 2530
3721 2530
3722 2530
3723 2532
3724 2528
3725 2532
3726 2528
3727 2530
3728 2529
3729 2528
3730 2529
3731 2529
3732 2529
3733 2529
3734 2529
3735 2529
3736 2529
3737 2529
3738 2529
3739 2529
3740 2529
3741 2529
3742 2529
3743 2529
3744 2529
3745 2529
3746 2529
3747 2529
3748 2529
3749 2529
3750 2530
3751 2529
3752 2530
3753 2530
3754 2528
3755 2530
3756 2531
3757 2531
3758 2529
3759 2531
3760 2529
3761 2528
3762 2528
3763 2529
3764 2530
3765 2530
3766 2530
3767 2530
3768 2530
3769 2530
3770 2531
3771 2531
3772 2532
3773 2531
3774 2531
3775 2531
3776 2531
3777 2530
3778 2531
3779 2535
3780 2531
3781 2535
3782 2531
3783 2532
3784 2532
3785 2535
3786 2532
3787 2532
3788 2532
3789 2532
3790 2532
3791 2531
3792 2530
3793 2529
3794 2531
3795 2533
3796 2532
3797 2531
3798 2532
3799 2531
3800 2532
3801 2530
3802 2529
3803 2528
3804 2528
3805 2528
3806 2528
3807 2528
3808 2528
3809 2529
3810 2532
3811 2528
3812 2528
3813 2528
3814 2529
3815 2528
3816 2527
3817 2527
3818 2528
3819 2528
3820 2532
3821 2527
3822 2528
3823 2527
3824 2527
3825 2528
3826 2527
3827 2531
3828 2527
3829 2540
3830 2527
3831 2527
3832 2528
3833 2539
3834 2527
3835 2527
3836 2531
3837 2528
3838 2529
3839 2529
3840 2530
3841 2530
3842 2528
3843 2528
3844 2532
3845 2538
3846 2528
3847 2530
3848 2539
3849 2529
3850 2528
3851 2528
3852 2528
3853 2528
3854 2528
3855 2529
3856 2529
3857 2529
3858 2528
3859 2529
3860 2528
3861 2528
3862 2530
3863 2527
3864 2528
3865 2528
3866 2527
3867 2528
3868 2528
3869 2532
3870 2532
3871 2532
3872 2529
3873 2528
3874 2528
3875 2528
3876 2528
3877 2528
3878 2528
3879 2535
3880 2527
3881 2528
3882 2527
3883 2534
3884 2528
3885 2528
3886 2528
3887 2527
3888 2527
3889 2527
3890 2527
3891 2528
3892 2527
3893 2538
3894 2527
3895 2527
3896 2527
3897 2526
3898 2526
3899 2527
3900 2528
3901 2527
3902 2528
3903 2529
3904 2529
3905 2530
3906 2530
3907 2530
3908 2530
3909 2530
3910 2530
3911 2530
3912 2530
3913 2529
3914 2528
3915 2529
3916 2529
3917 2529
3918 2530
3919 2529
3920 2529
3921 2529
3922 2529
3923 2529
3924 2528
3925 2535
3926 2528
3927 2532
3928 2531
3929 2529
3930 2529
3931 2528
3932 2529
3933 2528
3934 2528
3935 2528
3936 2528
3937 2529
3938 2529
3939 2529
3940 2528
3941 2529
3942 2529
3943 2529
3944 2529
3945 2529
3946 2529
3947 2529
3948 2529
3949 2529
3950 2529
3951 2529
3952 2530
3953 2528
3954 2529
3955 2529
3956 2529
3957 2529
3958 2529
3959 2529
3960 2530
3961 2530
3962 2533
3963 2529
3964 2530
3965 2530
3966 2530
3967 2532
3968 2531
3969 2530
3970 2530
3971 2530
3972 2528
3973 2529
3974 2529
3975 2528
3976 2528
3977 2531
3978 2529
3979 2528
3980 2528
3981 2528
3982 2527
3983 2528
3984 2528
3985 2527
3986 2527
3987 2526
3988 2530
3989 2526
3990 2526
3991 2526
3992 2526
3993 2525
3994 2526
3995 2525
3996 2524
3997 2525
3998 2524
3999 2524
4000 2524
4001 2524
4002 2524
4003 2524
4004 2525
4005 2526
4006 2527
4007 2527
4008 2527
4009 2526
4010 2527
4011 2526
4012 2526
4013 2535
4014 2529
4015 2535
4016 2535
4017 2527
4018 2528
4019 2528
4020 2527
4021 2535
4022 2527
4023 2528
4024 2527
4025 2528
4026 2527
4027 2527
4028 2527
4029 2527
4030 2527
4031 2526
4032 2527
4033 2525
4034 2526
4035 2526
4036 2526
4037 2526
4038 2526
4039 2526
4040 2526
4041 2526
4042 2526
4043 2526
4044 2527
4045 2526
4046 2526
4047 2525
4048 2525
4049 2527
4050 2528
4051 2526
4052 2526
4053 2527
4054 2532
4055 2533
4056 2531
4057 2532
4058 2533
4059 2532
4060 2525
4061 2528
4062 2528
4063 2525
4064 2525
4065 2524
4066 2533
4067 2525
4068 2532
4069 2526
4070 2525
4071 2524
4072 2524
4073 2525
4074 2525
4075 2526
4076 2525
4077 2525
4078 2525
4079 2526
4080 2525
4081 2525
4082 2533
4083 2525
4084 2524
4085 2524
4086 2524
4087 2524
4088 2524
4089 2525
4090 2524
4091 2523
4092 2525
4093 2524
4094 2524
4095 2526
4096 2527
4097 2524
4098 2523
4099 2523
4100 2522
4101 2528
4102 2531
4103 2524
4104 2528
4105 2524
4106 2525
4107 2524
4108 2524
4109 2523
4110 2523
4111 2524
4112 2523
4113 2523
4114 2523
4115 2523
4116 2531
4117 2523
4118 2524
4119 2523
4120 2524
4121 2524
4122 2526
4123 2532
4124 2525
4125 2529
4126 2524
4127 2528
4128 2527
4129 2530
4130 2526
4131 2529
4132 2524
4133 2523
4134 2523
4135 2523
4136 2523
4137 2525
4138 2524
4139 2522
4140 2523
4141 2524
4142 2523
4143 2523
4144 2523
4145 2523
4146 2522
4147 2523
4148 2523
4149 2523
4150 2523
4151 2523
4152 2522
4153 2521
4154 2521
4155 2521
4156 2524
4157 2520
4158 2521
4159 2521
4160 2521
4161 2521
4162 2521
4163 2521
4164 2522
4165 2522
4166 2521
4167 2521
4168 2524
4169 2521
4170 2521
4171 2525
4172 2520
4173 2521
4174 2521
4175 2521
4176 2521
4177 2521
4178 2521
4179 2521
4180 2521
4181 2520
4182 2521
4183 2521
4184 2521
4185 2521
4186 2520
4187 2520
4188 2520
4189 2520
4190 2520
4191 2520
4192 2520
4193 2520
4194 2521
4195 2521
4196 2520
4197 2520
4198 2520
4199 2520
4200 2521
4201 2521
4202 2521
4203 2521
4204 2522
4205 2525
4206 2522
4207 2523
4208 2523
4209 2524
4210 2524
4211 2524
4212 2525
4213 2520
4214 2521
4215 2521
4216 2525
4217 2525
4218 2522
4219 2522
4220 2522
4221 2523
4222 2522
4223 2522
4224 2521
4225 2525
4226 2524
4227 2524
4228 2521
4229 2521
4230 2520
4231 2521
4232 2521
4233 2520
4234 2521
4235 2528
4236 2520
4237 2520
4238 2520
4239 2522
4240 2521
4241 2520
4242 2521
4243 2521
4244 2521
4245 2520
4246 2530
4247 2530
4248 2520
4249 2520
4250 2520
4251 2521
4252 2521
4253 2523
4254 2522
4255 2522
4256 2522
4257 2520
4258 2521
4259 2521
4260 2523
4261 2521
4262 2522
4263 2522
4264 2521
4265 2521
4266 2519
4267 2520
4268 2519
4269 2519
4270 2520
4271 2519
4272 2519
4273 2519
4274 2522
4275 2518
4276 2518
4277 2518
4278 2522
4279 2521
4280 2518
4281 2519
4282 2518
4283 2518
4284 2518
4285 2517
4286 2517
4287 2518
4288 2518
4289 2517
4290 2517
4291 2517
4292 2517
4293 2517
4294 2516
4295 2517
4296 2517
4297 2517
4298 2517
4299 2517
4300 2517
4301 2518
4302 2522
4303 2522
4304 2518
4305 2519
4306 2519
4307 2519
4308 2520
4309 2520
4310 2521
4311 2529
4312 2520
4313 2519
4314 2518
4315 2529
4316 2529
4317 2518
4318 2518
4319 2518
4320 2518
4321 2518
4322 2518
4323 2522
4324 2517
4325 2518
4326 2518
4327 2518
4328 2517
4329 2517
4330 2517
4331 2517
4332 2517
4333 2517
4334 2517
4335 2517
4336 2517
4337 2518
4338 2517
4339 2517
4340 2517
4341 2517
4342 2518
4343 2518
4344 2518
4345 2518
4346 2518
4347 2518
4348 2518
4349 2518
4350 2518
4351 2518
4352 2518
4353 2518
4354 2518
4355 2518
4356 2519
4357 2519
4358 2519
4359 2519
4360 2521
4361 2527
4362 2519
4363 2520
4364 2520
4365 2519
4366 2518
4367 2519
4368 2519
4369 2519
4370 2519
4371 2519
4372 2518
4373 2518
4374 2518
4375 2519
4376 2518
4377 2518
4378 2518
4379 2517
4380 2518
4381 2518
4382 2516
4383 2516
4384 2517
4385 2517
4386 2517
4387 2517
4388 2517
4389 2528
4390 2517
4391 2521
4392 2517
4393 2517
4394 2517
4395 2518
4396 2518
4397 2518
4398 2518
4399 2518
4400 2518
4401 2517
4402 2518
4403 2518
4404 2518
4405 2518
4406 2518
4407 2518
4408 2518
4409 2518
4410 2518
4411 2518
4412 2518
4413 2519
4414 2518
4415 2518
4416 2519
4417 2518
4418 2519
4419 2518
4420 2519
4421 2518
4422 2518
4423 2518
4424 2518
4425 2518
4426 2518
4427 2518
4428 2519
4429 2519
4430 2519
4431 2519
4432 2518
4433 2519
4434 2519
4435 2519
4436 2519
4437 2520
4438 2520
4439 2520
4440 2521
4441 2520
4442 2519
4443 2519
4444 2521
4445 2520
4446 2520
4447 2520
4448 2520
4449 2521
4450 2520
4451 2521
4452 2521
4453 2521
4454 2521
4455 2521
4456 2521
4457 2521
4458 2521
4459 2524
4460 2522
4461 2528
4462 2520
4463 2520
4464 2520
4465 2520
4466 2520
4467 2521
4468 2519
4469 2520
4470 2520
4471 2518
4472 2518
4473 2519
4474 2517
4475 2516
4476 2517
4477 2516
4478 2517
4479 2517
4480 2517
4481 2517
4482 2517
4483 2518
4484 2516
4485 2516
4486 2517
4487 2518
4488 2519
4489 2519
4490 2518
4491 2518
4492 2517
4493 2519
4494 2519
4495 2516
4496 2519
4497 2516
4498 2519
4499 2522
4500 2518
4501 2517
4502 2520
4503 2521
4504 2517
4505 2520
4506 2520
4507 2518
4508 2525
4509 2515
4510 2521
4511 2528
4512 2521
4513 2519
4514 2523
4515 2517
4516 2516
4517 2521
4518 2521
4519 2521
4520 2525
4521 2516
4522 2522
4523 2516
4524 2516
4525 2516
4526 2516
4527 2516
4528 2516
4529 2517
4530 2518
4531 2516
4532 2520
4533 2520
4534 2519
4535 2517
4536 2526
4537 2520
4538 2520
4539 2517
4540 2516
4541 2519
4542 2524
4543 2523
4544 2521
4545 2522
4546 2523
4547 2519
4548 2520
4549 2521
4550 2518
4551 2518
4552 2517
4553 2526
4554 2520
4555 2518
4556 2520
4557 2518
4558 2517
4559 2518
4560 2519
4561 2520
4562 2520
4563 2516
4564 2516
4565 2517
4566 2520
4567 2516
4568 2522
4569 2520
4570 2520
4571 2517
4572 2517
4573 2517
4574 2517
4575 2523
4576 2522
4577 2521
4578 2518
4579 2518
4580 2520
4581 2521
4582 2520
4583 2517
4584 2517
4585 2517
4586 2518
4587 2517
4588 2522
4589 2518
4590 2518
4591 2517
4592 2517
4593 2518
4594 2518
4595 2518
4596 2519
4597 2516
4598 2515
4599 2515
4600 2520
4601 2523
4602 2522
4603 2524
4604 2518
4605 2518
4606 2517
4607 2518
4608 2521
4609 2519
4610 2519
4611 2518
4612 2524
4613 2518
4614 2523
4615 2521
4616 2519
4617 2519
4618 2518
4619 2517
4620 2519
4621 2521
4622 2522
4623 2518
4624 2522
4625 2519
4626 2518
4627 2519
4628 2519
4629 2519
4630 2520
4631 2519
4632 2519
4633 2518
4634 2524
4635 2518
4636 2518
4637 2519
4638 2518
4639 2518
4640 2519
4641 2519
4642 2519
4643 2518
4644 2519
4645 2519
4646 2518
4647 2520
4648 2518
4649 2523
4650 2521
4651 2519
4652 2519
4653 2519
4654 2518
4655 2518
4656 2519
4657 2518
4658 2519
4659 2519
4660 2519
4661 2520
4662 2519
4663 2519
4664 2518
4665 2519
4666 2520
4667 2525
4668 2519
4669 2519
4670 2519
4671 2523
4672 2518
4673 2519
4674 2519
4675 2518
4676 2519
4677 2519
4678 2519
4679 2519
4680 2519
4681 2518
4682 2519
4683 2518
4684 2518
4685 2518
4686 2519
4687 2518
4688 2518
4689 2518
4690 2518
4691 2518
4692 2519
4693 2519
4694 2518
4695 2518
4696 2519
4697 2518
4698 2518
4699 2518
4700 2518
4701 2518
4702 2518
4703 2518
4704 2518
4705 2519
4706 2519
4707 2518
4708 2518
4709 2518
4710 2517
4711 2520
4712 2518
4713 2518
4714 2521
4715 2518
4716 2519
4717 2519
4718 2519
4719 2519
4720 2518
4721 2518
4722 2519
4723 2518
4724 2519
4725 2518
4726 2518
4727 2518
4728 2518
4729 2518
4730 2518
4731 2519
4732 2518
4733 2518
4734 2518
4735 2518
4736 2518
4737 2518
4738 2518
4739 2518
4740 2518
4741 2518
4742 2518
4743 2519
4744 2517
4745 2518
4746 2518
4747 2519
4748 2518
4749 2518
4750 2518
4751 2518
4752 2518
4753 2518
4754 2518
4755 2519
4756 2522
4757 2518
4758 2519
4759 2518
4760 2519
4761 2518
4762 2518
4763 2519
4764 2520
4765 2519
4766 2519
4767 2525
4768 2522
4769 2517
4770 2522
4771 2522
4772 2518
4773 2518
4774 2517
4775 2518
4776 2518
4777 2519
4778 2518
4779 2518
4780 2518
4781 2519
4782 2519
4783 2519
4784 2519
4785 2519
4786 2520
4787 2518
4788 2519
4789 2519
4790 2519
4791 2518
4792 2524
4793 2519
4794 2519
4795 2519
4796 2519
4797 2522
4798 2524
4799 2519
4800 2519
4801 2519
4802 2519
4803 2521
4804 2519
4805 2520
4806 2521
4807 2518
4808 2521
4809 2523
4810 2521
4811 2519
4812 2521
4813 2521
4814 2521
4815 2519
4816 2518
4817 2519
4818 2519
4819 2519
4820 2519
4821 2519
4822 2519
4823 2520
4824 2523
4825 2522
4826 2519
4827 2519
4828 2519
4829 2519
4830 2519
4831 2523
4832 2520
4833 2519
4834 2519
4835 2518
4836 2519
4837 2519
4838 2519
4839 2518
4840 2519
4841 2519
4842 2518
4843 2518
4844 2521
4845 2521
4846 2522
4847 2521
4848 2520
4849 2518
4850 2518
4851 2519
4852 2519
4853 2519
4854 2519
4855 2521
4856 2523
4857 2518
4858 2519
4859 2518
4860 2525
4861 2518
4862 2519
4863 2519
4864 2518
4865 2521
4866 2523
4867 2520
4868 2525
4869 2524
4870 2518
4871 2518
4872 2522
4873 2525
4874 2523
4875 2520
4876 2521
4877 2525
4878 2515
4879 2520
4880 2518
4881 2519
4882 2517
4883 2516
4884 2516
4885 2520
4886 2518
4887 2516
4888 2515
4889 2513
4890 2525
4891 2512
4892 2513
4893 2513
4894 2513
4895 2517
4896 2514
4897 2513
4898 2515
4899 2513
4900 2514
4901 2514
4902 2514
4903 2514
4904 2514
4905 2514
4906 2514
4907 2514
4908 2514
4909 2514
4910 2514
4911 2514
4912 2514
4913 2514
4914 2514
4915 2514
4916 2514
4917 2514
4918 2515
4919 2515
4920 2514
4921 2514
4922 2515
4923 2515
4924 2514
4925 2513
4926 2514
4927 2514
4928 2514
4929 2515
4930 2514
4931 2514
4932 2513
4933 2513
4934 2511
4935 2513
4936 2514
4937 2514
4938 2517
4939 2517
4940 2519
4941 2518
4942 2515
4943 2515
4944 2517
4945 2517
4946 2514
4947 2514
4948 2514
4949 2514
4950 2515
4951 2515
4952 2515
4953 2514
4954 2515
4955 2515
4956 2515
4957 2514
4958 2513
4959 2513
4960 2514
4961 2515
4962 2515
4963 2515
4964 2515
4965 2515
4966 2515
4967 2515
4968 2515
4969 2514
4970 2514
4971 2514
4972 2514
4973 2513
4974 2521
4975 2517
4976 2514
4977 2513
4978 2513
4979 2513
4980 2512
4981 2513
4982 2515
4983 2514
4984 2515
4985 2516
4986 2516
4987 2516
4988 2516
4989 2515
4990 2515
4991 2515
4992 2515
4993 2515
4994 2515
4995 2515
4996 2515
4997 2515
4998 2515
4999 2515
5000 2515
5001 2515
5002 2516
5003 2516
5004 2515
5005 2515
5006 2516
5007 2515
5008 2515
5009 2515
5010 2515
5011 2515
5012 2516
5013 2521
5014 2516
5015 2517
5016 2516
5017 2516
5018 2516
5019 2521
5020 2518
5021 2518
5022 2518
5023 2517
5024 2521
5025 2518
5026 2516
5027 2517
5028 2517
5029 2517
5030 2523
5031 2515
5032 2515
5033 2517
5034 2516
5035 2516
5036 2515
5037 2515
5038 2516
5039 2516
5040 2516
5041 2516
5042 2516
5043 2516
5044 2515
5045 2516
5046 2516
5047 2516
5048 2515
5049 2516
5050 2516
5051 2516
5052 2519
5053 2516
5054 2516
5055 2515
5056 2515
5057 2515
5058 2515
5059 2515
5060 2514
5061 2515
5062 2514
5063 2515
5064 2515
5065 2514
5066 2514
5067 2515
5068 2525
5069 2522
5070 2528
5071 2517
5072 2516
5073 2517
5074 2518
5075 2529
5076 2527
5077 2522
5078 2522
5079 2522
5080 2525
5081 2521
5082 2523
5083 2518
5084 2519
5085 2517
5086 2519
5087 2523
5088 2519
5089 2522
5090 2524
5091 2514
5092 2519
5093 2520
5094 2519
5095 2517
5096 2520
5097 2522
5098 2516
5099 2518
5100 2518
5101 2521
5102 2521
5103 2520
5104 2519
5105 2519
5106 2520
5107 2525
5108 2523
5109 2518
5110 2514
5111 2516
5112 2512
5113 2520
5114 2518
5115 2515
5116 2518
5117 2522
5118 2522
5119 2520
5120 2519
5121 2517
5122 2530
5123 2516
5124 2521
5125 2519
5126 2523
5127 2512
5128 2523
5129 2524
5130 2525
5131 2525
5132 2526
5133 2527
5134 2528
5135 2527
5136 2528
5137 2528
5138 2528
5139 2528
5140 2530
5141 2530
5142 2534
5143 2529
5144 2529
5145 2529
5146 2528
5147 2528
5148 2529
5149 2528
5150 2527
5151 2528
5152 2528
5153 2527
5154 2533
5155 2527
5156 2527
5157 2525
5158 2531
5159 2529
5160 2528
5161 2527
5162 2532
5163 2534
5164 2532
5165 2541
5166 2530
5167 2534
5168 2532
5169 2530
5170 2531
5171 2532
5172 2531
5173 2528
5174 2528
5175 2529
5176 2528
5177 2528
5178 2529
5179 2528
5180 2529
5181 2528
5182 2528
5183 2528
5184 2528
5185 2528
5186 2530
5187 2531
5188 2528
5189 2528
5190 2528
5191 2528
5192 2528
5193 2527
5194 2528
5195 2528
5196 2528
5197 2527
5198 2528
5199 2528
5200 2528
5201 2526
5202 2527
5203 2527
5204 2528
5205 2527
5206 2526
5207 2526
5208 2526
5209 2528
5210 2526
5211 2525
5212 2525
5213 2525
5214 2525
5215 2525
5216 2524
5217 2523
5218 2523
5219 2523
5220 2522
5221 2522
5222 2522
5223 2521
5224 2521
5225 2520
5226 2519
5227 2520
5228 2519
5229 2519
5230 2519
5231 2517
5232 2517
5233 2518
5234 2518
5235 2523
5236 2515
5237 2515
5238 2519
5239 2526
5240 2525
5241 2517
5242 2518
5243 2518
5244 2519
5245 2519
5246 2519
5247 2519
5248 2520
5249 2520
5250 2520
5251 2520
5252 2520
5253 2520
5254 2520
5255 2520
5256 2520
5257 2519
5258 2519
5259 2520
5260 2520
5261 2519
5262 2523
5263 2520
5264 2520
5265 2520
5266 2520
5267 2520
5268 2520
5269 2520
5270 2519
5271 2518
5272 2519
5273 2519
5274 2519
5275 2518
5276 2518
5277 2518
5278 2518
5279 2518
5280 2517
5281 2517
5282 2516
5283 2515
5284 2514
5285 2513
5286 2519
5287 2518
5288 2514
5289 2513
5290 2512
5291 2513
5292 2513
5293 2518
5294 2513
5295 2513
5296 2512
5297 2512
5298 2516
5299 2512
5300 2512
5301 2512
5302 2510
5303 2517
5304 2513
5305 2514
5306 2515
5307 2515
5308 2516
5309 2516
5310 2516
5311 2520
5312 2520
5313 2516
5314 2516
5315 2516
5316 2526
5317 2517
5318 2517
5319 2517
5320 2517
5321 2518
5322 2517
5323 2518
5324 2518
5325 2518
5326 2517
5327 2517
5328 2517
5329 2517
5330 2517
5331 2517
5332 2517
5333 2517
5334 2516
5335 2516
5336 2516
5337 2516
5338 2515
5339 2515
5340 2515
5341 2519
5342 2515
5343 2517
5344 2510
5345 2511
5346 2519
5347 2517
5348 2517
5349 2517
5350 2518
5351 2516
5352 2515
5353 2514
5354 2515
5355 2515
5356 2514
5357 2514
5358 2513
5359 2511
5360 2511
5361 2512
5362 2511
5363 2512
5364 2512
5365 2512
5366 2512
5367 2512
5368 2512
5369 2511
5370 2511
5371 2511
5372 2511
5373 2511
5374 2511
5375 2510
5376 2511
5377 2510
5378 2510
5379 2510
5380 2510
5381 2510
5382 2510
5383 2509
5384 2509
5385 2508
5386 2508
5387 2508
5388 2507
5389 2508
5390 2507
5391 2507
5392 2506
5393 2506
5394 2505
5395 2504
5396 2502
5397 2501
5398 2501
5399 2501
5400 2500
5401 2500
5402 2500
5403 2501
5404 2500
5405 2500

4239 2570
4240 2571
4241 2571
4242 2569
4243 2569
4244 2569
4245 2569
4246 2569
4247 2568
4248 2563
4249 2568
4250 2569
4251 2566
4252 2577
4253 2577
4254 2567
4255 2567
4256 2568
4257 2573
4258 2565
4259 2567
4260 2563
4261 2566
4262 2567
4263 2567
4264 2567
4265 2562
4266 2571
4267 2565
4268 2567
4269 2567
4270 2569
4271 2569
4272 2574
4273 2563
4274 2562
4275 2562
4276 2572
4277 2570
4278 2575
4279 2566
4280 2563
4281 2562
4282 2561
4283 2560
4284 2571
4285 2571
4286 2564
4287 2572
4288 2560
4289 2562
4290 2566
4291 2571
4292 2560
4293 2569
4294 2572
4295 2571
4296 2571
4297 2559
4298 2569
4299 2570
4300 2560
4301 2563
4302 2563
4303 2565
4304 2569
4305 2569
4306 2558
4307 2569
4308 2564
4309 2560
4310 2558
4311 2565
4312 2564
4313 2564
4314 2561
4315 2564
4316 2571
4317 2563
4318 2558
4319 2562
4320 2564
4321 2562
4322 2563
4323 2564
4324 2556
4325 2558
4326 2563
4327 2564
4328 2563
4329 2556
4330 2557
4331 2560
4332 2561
4333 2559
4334 2557
4335 2566
4336 2559
4337 2561
4338 2562
4339 2564
4340 2560
4341 2561
4342 2563
4343 2561
4344 2561
4345 2562
4346 2563
4347 2554
4348 2567
4349 2557
4350 2564
4351 2554
4352 2568
4353 2563
4354 2564
4355 2564
4356 2562
4357 2562
4358 2563
4359 2566
4360 2562
4361 2565
4362 2563
4363 2554
4364 2563
4365 2562
4366 2564
4367 2559
4368 2563
4369 2562
4370 2555
4371 2554
4372 2561
4373 2562
4374 2565
4375 2558
4376 2559
4377 2561
4378 2560
4379 2561
4380 2554
4381 2555
4382 2566
4383 2559
4384 2554
4385 2555
4386 2555
4387 2566
4388 2559
4389 2561
4390 2564
4391 2564
4392 2566
4393 2555
4394 2566
4395 2559
4396 2567
4397 2559
4398 2557
4399 2558
4400 2559
4401 2560
4402 2555
4403 2555
4404 2563
4405 2562
4406 2558
4407 2556
4408 2557
4409 2567
4410 2564
4411 2568
4412 2565
4413 2564
4414 2556
4415 2558
4416 2563
4417 2565
4418 2570
4419 2567
4420 2561
4421 2561
4422 2557
4423 2560
4424 2562
4425 2562
4426 2562
4427 2561
4428 2556
4429 2560
4430 2569
4431 2560
4432 2568
4433 2562
4434 2562
4435 2558
4436 2562
4437 2561
4438 2568
4439 2561
4440 2561
4441 2562
4442 2563
4443 2563
4444 2567
4445 2564
4446 2561
4447 2563
4448 2562
4449 2561
4450 2562
4451 2564
4452 2559
4453 2559
4454 2561
4455 2560
4456 2553
4457 2553
4458 2564
4459 2556
4460 2560
4461 2559
4462 2560
4463 2564
4464 2566

