1 2494
2 2489
3 2487
4 2486
5 2486
6 2486
7 2487
8 2487
9 2487
10 2487
11 2487
12 2486
13 2487
14 2487
15 2486
16 2487
17 2487
18 2487
19 2487
20 2487
21 2487
22 2487
23 2488
24 2488
25 2487
26 2487
27 2487
28 2487
29 2487
30 2487
31 2487
32 2487
33 2487
34 2487
35 2487
36 2488
37 2488
38 2487
39 2487
40 2487
41 2487
42 2487
43 2487
44 2487
45 2487
46 2487
47 2488
48 2487
49 2487
50 2487
51 2487
52 2487
53 2487
54 2488
55 2488
56 2488
57 2487
58 2487
59 2487
60 2488
61 2488
62 2487
63 2488
64 2488
65 2496
66 2488
67 2490
68 2487
69 2487
70 2491
71 2491
72 2488
73 2486
74 2486
75 2487
76 2489
77 2486
78 2488
79 2488
80 2485
81 2490
82 2487
83 2490
84 2488
85 2489
86 2487
87 2489
88 2487
89 2487
90 2487
91 2487
92 2487
93 2487
94 2497
95 2487
96 2487
97 2489
98 2487
99 2487
100 2487
101 2494
102 2487
103 2487
104 2487
105 2486
106 2486
107 2487
108 2489
109 2490
110 2488
111 2489
112 2491
113 2488
114 2488
115 2489
116 2489
117 2488
118 2488
119 2491
120 2488
121 2488
122 2487
123 2486
124 2487
125 2486
126 2485
127 2500
128 2487
129 2484
130 2490
131 2489
132 2490
133 2489
134 2488
135 2489
136 2488
137 2488
138 2488
139 2488
140 2488
141 2488
142 2488
143 2488
144 2487
145 2486
146 2490
147 2487
148 2482
149 2484
150 2485
151 2482
152 2482
153 2489
154 2489
155 2487
156 2487
157 2496
158 2480
159 2489
160 2480
161 2490
162 2484
163 2484
164 2486
165 2484
166 2484
167 2482
168 2483
169 2480
170 2486
171 2487
172 2481
173 2481
174 2484
175 2482
176 2484
177 2483
178 2482
179 2493
180 2489
181 2489
182 2488
183 2489
184 2489
185 2487
186 2485
187 2497
188 2485
189 2487
190 2488
191 2482
192 2495
193 2495
194 2487
195 2488
196 2488
197 2488
198 2489
199 2489
200 2488
201 2490
202 2488
203 2488
204 2488
205 2488
206 2488
207 2488
208 2496
209 2495
210 2491
211 2491
212 2494
213 2494
214 2488
215 2488
216 2480
217 2490
218 2483
219 2489
220 2485
221 2484
222 2487
223 2487
224 2488
225 2485
226 2489
227 2487
228 2487
229 2487
230 2489
231 2488
232 2490
233 2493
234 2496
235 2496
236 2493
237 2492
238 2492
239 2489
240 2489
241 2489
242 2490
243 2489
244 2490
245 2491
246 2491
247 2491
248 2490
249 2496
250 2491
251 2490
252 2490
253 2490
254 2490
255 2490
256 2490
257 2490
258 2491
259 2491
260 2491
261 2490
262 2490
263 2491
264 2491
265 2490
266 2490
267 2490
268 2490
269 2490
270 2494
271 2490
272 2491
273 2490
274 2491
275 2491
276 2491
277 2491
278 2491
279 2491
280 2492
281 2491
282 2491
283 2491
284 2491
285 2491
286 2490
287 2491
288 2491
289 2491
290 2491
291 2491
292 2491
293 2491
294 2491
295 2490
296 2495
297 2495
298 2491
299 2491
300 2490
301 2491
302 2491
303 2490
304 2491
305 2491
306 2491
307 2490
308 2490
309 2491
310 2491
311 2491
312 2490
313 2490
314 2490
315 2491
316 2491
317 2491
318 2491
319 2490
320 2491
321 2491
322 2491
323 2490
324 2490
325 2490
326 2490
327 2491
328 2491
329 2491
330 2490
331 2493
332 2491
333 2490
334 2490
335 2491
336 2490
337 2490
338 2490
339 2490
340 2490
341 2491
342 2490
343 2490
344 2490
345 2490
346 2490
347 2490
348 2490
349 2490
350 2490
351 2490
352 2490
353 2490
354 2491
355 2491
356 2491
357 2491
358 2490
359 2490
360 2491
361 2491
362 2490
363 2490
364 2490
365 2491
366 2490
367 2491
368 2491
369 2490
370 2490
371 2490
372 2490
373 2490
374 2490
375 2490
376 2490
377 2490
378 2490
379 2490
380 2490
381 2490
382 2490
383 2490
384 2490
385 2490
386 2491
387 2490
388 2490
389 2490
390 2490
391 2490
392 2490
393 2490
394 2490
395 2490
396 2490
397 2490
398 2490
399 2490
400 2490
401 2490
402 2490
403 2490
404 2490
405 2490
406 2490
407 2490
408 2490
409 2490
410 2490
411 2490
412 2490
413 2490
414 2490
415 2490
416 2490
417 2490
418 2490
419 2490
420 2490
421 2491
422 2491
423 2491
424 2491
425 2491
426 2491
427 2491
428 2490
429 2490
430 2490
431 2490
432 2490
433 2491
434 2491
435 2491
436 2491
437 2491
438 2491
439 2491
440 2491
441 2491
442 2490
443 2491
444 2491
445 2490
446 2490
447 2490
448 2490
449 2490
450 2490
451 2490
452 2490
453 2490
454 2490
455 2490
456 2490
457 2490
458 2490
459 2490
460 2491
461 2490
462 2490
463 2490
464 2490
465 2490
466 2490
467 2490
468 2490
469 2490
470 2490
471 2490
472 2490
473 2490
474 2490
475 2490
476 2490
477 2490
478 2490
479 2490
480 2490
481 2490
482 2490
483 2490
484 2490
485 2490
486 2490
487 2490
488 2490
489 2490
490 2490
491 2490
492 2490
493 2490
494 2490
495 2490
496 2490
497 2490
498 2490
499 2490
500 2490
501 2490
502 2490
503 2490
504 2490
505 2490
506 2490
507 2490
508 2490
509 2490
510 2490
511 2490
512 2489
513 2489
514 2489
515 2489
516 2489
517 2489
518 2489
519 2489
520 2489
521 2489
522 2489
523 2489
524 2489
525 2489
526 2489
527 2489
528 2489
529 2489
530 2489
531 2489
532 2489
533 2489
534 2489
535 2488
536 2489
537 2489
538 2489
539 2488
540 2488
541 2488
542 2488
543 2488
544 2488
545 2488
546 2488
547 2488
548 2488
549 2488
550 2488
551 2488
552 2488
553 2488
554 2488
555 2488
556 2488
557 2488
558 2488
559 2488
560 2487
561 2488
562 2487
563 2488
564 2487
565 2487
566 2487
567 2487
568 2487
569 2487
570 2487
571 2487
572 2487
573 2487
574 2487
575 2487
576 2487
577 2487
578 2487
579 2487
580 2487
581 2486
582 2487
583 2487
584 2487
585 2487
586 2487
587 2487
588 2487
589 2487
590 2486
591 2487
592 2487
593 2487
594 2487
595 2486
596 2486
597 2486
598 2487
599 2486
600 2486
601 2486
602 2487
603 2486
604 2486
605 2486
606 2486
607 2486
608 2486
609 2486
610 2486
611 2486
612 2486
613 2486
614 2486
615 2486
616 2486
617 2486
618 2486
619 2486
620 2486
621 2486
622 2486
623 2486
624 2486
625 2486
626 2486
627 2486
628 2486
629 2486
630 2485
631 2485
632 2486
633 2486
634 2486
635 2485
636 2485
637 2485
638 2485
639 2485
640 2485
641 2485
642 2485
643 2485
644 2485
645 2488
646 2486
647 2485
648 2485
649 2485
650 2485
651 2485
652 2485
653 2485
654 2485
655 2485
656 2485
657 2485
658 2484
659 2484
660 2484
661 2484
662 2484
663 2484
664 2484
665 2484
666 2484
667 2484
668 2484
669 2484
670 2484
671 2484
672 2484
673 2484
674 2484
675 2484
676 2484
677 2484
678 2484
679 2484
680 2484
681 2484
682 2484
683 2483
684 2483
685 2483
686 2483
687 2483
688 2483
689 2483
690 2483
691 2483
692 2483
693 2483
694 2483
695 2483
696 2483
697 2483
698 2482
699 2483
700 2483
701 2482
702 2483
703 2483
704 2483
705 2483
706 2483
707 2483
708 2483
709 2482
710 2482
711 2482
712 2482
713 2482
714 2482
715 2482
716 2482
717 2482
718 2482
719 2482
720 2482
721 2482
722 2482
723 2482
724 2482
725 2482
726 2482
727 2482
728 2482
729 2482
730 2482
731 2482
732 2482
733 2482
734 2482
735 2482
736 2482
737 2482
738 2482
739 2482
740 2482
741 2482
742 2482
743 2482
744 2482
745 2482
746 2482
747 2482
748 2482
749 2482
750 2482
751 2482
752 2482
753 2481
754 2481
755 2481
756 2481
757 2481
758 2481
759 2481
760 2481
761 2480
762 2480
763 2480
764 2480
765 2480
766 2480
767 2480
768 2480
769 2480
770 2480
771 2480
772 2479
773 2479
774 2479
775 2479
776 2480
777 2479
778 2479
779 2479
780 2479
781 2479
782 2479
783 2479
784 2479
785 2479
786 2479
787 2479
788 2479
789 2479
790 2478
791 2478
792 2479
793 2479
794 2479
795 2479
796 2478
797 2479
798 2479
799 2479
800 2478
801 2478
802 2479
803 2478
804 2478
805 2478
806 2478
807 2478
808 2479
809 2478
810 2478
811 2478
812 2478
813 2478
814 2478
815 2478
816 2478
817 2478
818 2478
819 2478
820 2478
821 2478
822 2478
823 2477
824 2477
825 2477
826 2477
827 2477
828 2477
829 2477
830 2477
831 2477
832 2477
833 2477
834 2477
835 2477
836 2477
837 2477
838 2477
839 2477
840 2477
841 2477
842 2476
843 2477
844 2476
845 2477
846 2477
847 2477
848 2477
849 2476
850 2476
851 2476
852 2476
853 2476
854 2476
855 2476
856 2476
857 2476
858 2476
859 2476
860 2476
861 2475
862 2475
863 2476
864 2475
865 2476
866 2476
867 2476
868 2475
869 2475
870 2475
871 2475
872 2475
873 2476
874 2475
875 2475
876 2475
877 2475
878 2475
879 2476
880 2475
881 2475
882 2475
883 2475
884 2475
885 2475
886 2475
887 2475
888 2475
889 2475
890 2475
891 2475
892 2474
893 2475
894 2475
895 2475
896 2474
897 2475
898 2475
899 2475
900 2474
901 2474
902 2474
903 2474
904 2474
905 2474
906 2474
907 2474
908 2474
909 2474
910 2474
911 2474
912 2474
913 2474
914 2474
915 2474
916 2474
917 2474
918 2474
919 2473
920 2474
921 2474
922 2473
923 2474
924 2474
925 2473
926 2473
927 2473
928 2473
929 2473
930 2473
931 2473
932 2473
933 2473
934 2473
935 2473
936 2473
937 2472
938 2473
939 2473
940 2473
941 2473
942 2473
943 2473
944 2473
945 2473
946 2473
947 2473
948 2473
949 2472
950 2472
951 2472
952 2472
953 2472
954 2472
955 2472
956 2472
957 2472
958 2472
959 2472
960 2472
961 2472
962 2472
963 2471
964 2472
965 2472
966 2472
967 2471
968 2471
969 2472
970 2472
971 2475
972 2472
973 2472
974 2472
975 2471
976 2471
977 2471
978 2471
979 2471
980 2471
981 2471
982 2471
983 2471
984 2471
985 2471
986 2472
987 2471
988 2471
989 2472
990 2471
991 2471
992 2471
993 2471
994 2471
995 2471
996 2471
997 2471
998 2471
999 2471
1000 2471
1001 2470
1002 2471
1003 2471
1004 2470
1005 2470
1006 2471
1007 2470
1008 2470
1009 2470
1010 2470
1011 2470
1012 2470
1013 2470
1014 2470
1015 2470
1016 2470
1017 2470
1018 2470
1019 2470
1020 2470
1021 2470
1022 2470
1023 2470
1024 2470
1025 2469
1026 2469
1027 2470
1028 2470
1029 2469
1030 2469
1031 2469
1032 2469
1033 2469
1034 2469
1035 2469
1036 2469
1037 2469
1038 2469
1039 2469
1040 2469
1041 2468
1042 2468
1043 2469
1044 2469
1045 2469
1046 2468
1047 2468
1048 2468
1049 2468
1050 2468
1051 2468
1052 2468
1053 2468
1054 2468
1055 2468
1056 2467
1057 2467
1058 2467
1059 2467
1060 2467
1061 2467
1062 2467
1063 2467
1064 2467
1065 2467
1066 2467
1067 2467
1068 2467
1069 2467
1070 2467
1071 2467
1072 2466
1073 2466
1074 2466
1075 2467
1076 2466
1077 2466
1078 2466
1079 2466
1080 2466
1081 2466
1082 2466
1083 2466
1084 2466
1085 2466
1086 2466
1087 2466
1088 2466
1089 2466
1090 2466
1091 2466
1092 2466
1093 2465
1094 2466
1095 2466
1096 2466
1097 2466
1098 2466
1099 2466
1100 2466
1101 2465
1102 2466
1103 2466
1104 2475
1105 2466
1106 2465
1107 2469
1108 2464
1109 2473
1110 2465
1111 2465
1112 2465
1113 2464
1114 2465
1115 2464
1116 2465
1117 2468
1118 2465
1119 2464
1120 2464
1121 2464
1122 2463
1123 2463
1124 2463
1125 2463
1126 2463
1127 2462
1128 2462
1129 2462
1130 2462
1131 2462
1132 2462
1133 2462
1134 2463
1135 2463
1136 2462
1137 2464
1138 2463
1139 2463
1140 2463
1141 2463
1142 2463
1143 2464
1144 2463
1145 2463
1146 2463
1147 2463
1148 2463
1149 2466
1150 2463
1151 2462
1152 2462
1153 2462
1154 2462
1155 2463
1156 2462
1157 2462
1158 2462
1159 2462
1160 2462
1161 2461
1162 2462
1163 2462
1164 2462
1165 2462
1166 2462
1167 2462
1168 2462
1169 2462
1170 2462
1171 2462
1172 2461
1173 2461
1174 2462
1175 2461
1176 2461
1177 2461
1178 2461
1179 2461
1180 2462
1181 2461
1182 2461
1183 2461
1184 2461
1185 2461
1186 2461
1187 2461
1188 2461
1189 2461
1190 2461
1191 2460
1192 2460
1193 2461
1194 2460
1195 2461
1196 2461
1197 2460
1198 2460
1199 2460
1200 2460
1201 2460
1202 2460
1203 2460
1204 2460
1205 2460
1206 2460
1207 2459
1208 2459
1209 2460
1210 2459
1211 2459
1212 2459
1213 2459
1214 2460
1215 2460
1216 2459
1217 2459
1218 2460
1219 2455
1220 2455
1221 2455
1222 2455
1223 2455
1224 2459
1225 2455
1226 2456
1227 2455
1228 2455
1229 2459
1230 2456
1231 2456
1232 2455
1233 2454
1234 2459
1235 2461
1236 2458
1237 2458
1238 2454
1239 2454
1240 2454
1241 2455
1242 2456
1243 2456
1244 2455
1245 2457
1246 2455
1247 2455
1248 2455
1249 2456
1250 2456
1251 2455
1252 2456
1253 2456
1254 2456
1255 2456
1256 2461
1257 2457
1258 2456
1259 2456
1260 2456
1261 2456
1262 2455
1263 2455
1264 2455
1265 2456
1266 2455
1267 2455
1268 2455
1269 2455
1270 2454
1271 2455
1272 2453
1273 2454
1274 2454
1275 2455
1276 2455
1277 2454
1278 2454
1279 2454
1280 2454
1281 2454
1282 2454
1283 2454
1284 2454
1285 2454
1286 2454
1287 2454
1288 2454
1289 2454
1290 2454
1291 2454
1292 2454
1293 2453
1294 2453
1295 2453
1296 2453
1297 2453
1298 2453
1299 2453
1300 2453
1301 2453
1302 2453
1303 2453
1304 2452
1305 2452
1306 2453
1307 2453
1308 2453
1309 2452
1310 2452
1311 2452
1312 2452
1313 2452
1314 2452
1315 2452
1316 2452
1317 2452
1318 2452
1319 2452
1320 2451
1321 2451
1322 2451
1323 2451
1324 2451
1325 2451
1326 2451
1327 2451
1328 2451
1329 2450
1330 2450
1331 2450
1332 2450
1333 2450
1334 2450
1335 2450
1336 2450
1337 2450
1338 2450
1339 2450
1340 2450
1341 2450
1342 2449
1343 2449
1344 2449
1345 2449
1346 2449
1347 2449
1348 2449
1349 2449
1350 2449
1351 2449
1352 2449
1353 2449
1354 2449
1355 2449
1356 2449
1357 2449
1358 2449
1359 2449
1360 2448
1361 2448
1362 2448
1363 2448
1364 2448
1365 2448
1366 2448
1367 2448
1368 2448
1369 2448
1370 2448
1371 2448
1372 2448
1373 2448
1374 2448
1375 2448
1376 2448
1377 2448
1378 2448
1379 2448
1380 2447
1381 2447
1382 2447
1383 2447
1384 2447
1385 2447
1386 2447
1387 2447
1388 2447
1389 2447
1390 2447
1391 2447
1392 2447
1393 2447
1394 2447
1395 2447
1396 2447
1397 2447
1398 2447
1399 2447
1400 2447
1401 2447
1402 2447
1403 2447
1404 2447
1405 2448
1406 2447
1407 2447
1408 2446
1409 2446
1410 2446
1411 2446
1412 2447
1413 2446
1414 2446
1415 2446
1416 2446
1417 2446
1418 2443
1419 2443
1420 2443
1421 2443
1422 2443
1423 2443
1424 2444
1425 2444
1426 2444
1427 2450
1428 2447
1429 2446
1430 2446
1431 2444
1432 2441
1433 2441
1434 2441
1435 2440
1436 2440
1437 2441
1438 2441
1439 2440
1440 2441
1441 2440
1442 2440
1443 2440
1444 2439
1445 2440
1446 2439
1447 2439
1448 2440
1449 2439
1450 2440
1451 2439
1452 2440
1453 2439
1454 2439
1455 2439
1456 2439
1457 2439
1458 2440
1459 2439
1460 2439
1461 2440
1462 2439
1463 2439
1464 2439
1465 2439
1466 2438
1467 2439
1468 2439
1469 2439
1470 2439
1471 2439
1472 2439
1473 2439
1474 2439
1475 2439
1476 2439
1477 2439
1478 2441
1479 2439
1480 2439
1481 2439
1482 2438
1483 2438
1484 2438
1485 2439
1486 2439
1487 2438
1488 2438
1489 2438
1490 2438
1491 2438
1492 2438
1493 2438
1494 2438
1495 2438
1496 2438
1497 2438
1498 2438
1499 2438
1500 2438
1501 2438
1502 2438
1503 2439
1504 2438
1505 2438
1506 2438
1507 2438
1508 2438
1509 2437
1510 2437
1511 2437
1512 2437
1513 2437
1514 2438
1515 2437
1516 2437
1517 2437
1518 2437
1519 2438
1520 2438
1521 2437
1522 2438
1523 2438
1524 2437
1525 2438
1526 2438
1527 2438
1528 2438
1529 2439
1530 2439
1531 2448
1532 2444
1533 2444
1534 2443
1535 2443
1536 2443
1537 2443
1538 2443
1539 2443
1540 2442
1541 2445
1542 2444
1543 2442
1544 2443
1545 2442
1546 2442
1547 2442
1548 2441
1549 2441
1550 2441
1551 2441
1552 2441
1553 2440
1554 2440
1555 2440
1556 2440
1557 2441
1558 2441
1559 2440
1560 2440
1561 2440
1562 2440
1563 2440
1564 2440
1565 2440
1566 2440
1567 2439
1568 2439
1569 2439
1570 2440
1571 2439
1572 2439
1573 2439
1574 2443
1575 2440
1576 2439
1577 2438
1578 2438
1579 2438
1580 2438
1581 2438
1582 2438
1583 2437
1584 2438
1585 2438
1586 2437
1587 2439
1588 2437
1589 2437
1590 2437
1591 2437
1592 2436
1593 2437
1594 2437
1595 2437
1596 2437
1597 2436
1598 2436
1599 2436
1600 2441
1601 2440
1602 2437
1603 2437
1604 2438
1605 2436
1606 2436
1607 2436
1608 2436
1609 2436
1610 2436
1611 2436
1612 2436
1613 2436
1614 2436
1615 2436
1616 2435
1617 2435
1618 2435
1619 2435
1620 2435
1621 2435
1622 2436
1623 2435
1624 2435
1625 2435
1626 2435
1627 2436
1628 2435
1629 2435
1630 2436
1631 2435
1632 2435
1633 2435
1634 2434
1635 2434
1636 2434
1637 2434
1638 2434
1639 2434
1640 2433
1641 2433
1642 2433
1643 2433
1644 2433
1645 2433
1646 2432
1647 2432
1648 2432
1649 2432
1650 2432
1651 2432
1652 2432
1653 2432
1654 2432
1655 2432
1656 2432
1657 2431
1658 2432
1659 2430
1660 2431
1661 2431
1662 2431
1663 2431
1664 2431
1665 2431
1666 2431
1667 2431
1668 2431
1669 2431
1670 2430
1671 2430
1672 2430
1673 2430
1674 2431
1675 2430
1676 2431
1677 2430
1678 2430
1679 2430
1680 2430
1681 2430
1682 2430
1683 2430
1684 2430
1685 2430
1686 2429
1687 2430
1688 2429
1689 2429
1690 2429
1691 2429
1692 2429
1693 2429
1694 2429
1695 2429
1696 2428
1697 2429
1698 2429
1699 2429
1700 2429
1701 2429
1702 2428
1703 2428
1704 2428
1705 2428
1706 2428
1707 2428
1708 2428
1709 2428
1710 2428
1711 2428
1712 2428
1713 2428
1714 2428
1715 2428
1716 2427
1717 2427
1718 2427
1719 2427
1720 2427
1721 2427
1722 2427
1723 2427
1724 2427
1725 2427
1726 2427
1727 2428
1728 2428
1729 2427
1730 2426
1731 2427
1732 2427
1733 2427
1734 2427
1735 2428
1736 2428
1737 2427
1738 2428
1739 2428
1740 2426
1741 2426
1742 2426
1743 2427
1744 2427
1745 2427
1746 2427
1747 2426
1748 2426
1749 2427
1750 2425
1751 2426
1752 2425
1753 2425
1754 2425
1755 2425
1756 2425
1757 2426
1758 2425
1759 2426
1760 2425
1761 2425
1762 2426
1763 2426
1764 2426
1765 2426
1766 2426
1767 2426
1768 2426
1769 2426
1770 2426
1771 2426
1772 2427
1773 2427
1774 2427
1775 2426
1776 2426
1777 2426
1778 2426
1779 2426
1780 2426
1781 2426
1782 2426
1783 2426
1784 2426
1785 2426
1786 2426
1787 2426
1788 2426
1789 2426
1790 2426
1791 2426
1792 2426
1793 2426
1794 2427
1795 2427
1796 2427
1797 2427
1798 2427
1799 2427
1800 2428
1801 2432
1802 2432
1803 2430
1804 2431
1805 2430
1806 2430
1807 2430
1808 2430
1809 2430
1810 2430
1811 2430
1812 2430
1813 2430
1814 2430
1815 2430
1816 2430
1817 2430
1818 2429
1819 2430
1820 2430
1821 2431
1822 2430
1823 2433
1824 2430
1825 2430
1826 2428
1827 2430
1828 2429
1829 2432
1830 2429
1831 2428
1832 2428
1833 2428
1834 2427
1835 2427
1836 2427
1837 2427
1838 2428
1839 2426
1840 2437
1841 2427
1842 2427
1843 2426
1844 2426
1845 2426
1846 2425
1847 2426
1848 2425
1849 2427
1850 2426
1851 2426
1852 2425
1853 2426
1854 2425
1855 2425
1856 2427
1857 2426
1858 2426
1859 2426
1860 2426
1861 2425
1862 2425
1863 2425
1864 2425
1865 2425
1866 2425
1867 2425
1868 2425
1869 2425
1870 2425
1871 2424
1872 2425
1873 2424
1874 2425
1875 2424
1876 2425
1877 2425
1878 2424
1879 2428
1880 2427
1881 2424
1882 2428
1883 2424
1884 2424
1885 2424
1886 2425
1887 2424
1888 2424
1889 2425
1890 2424
1891 2425
1892 2425
1893 2424
1894 2424
1895 2425
1896 2426
1897 2424
1898 2424
1899 2424
1900 2428
1901 2423
1902 2423
1903 2423
1904 2422
1905 2423
1906 2427
1907 2423
1908 2428
1909 2426
1910 2424
1911 2428
1912 2424
1913 2424
1914 2424
1915 2424
1916 2424
1917 2424
1918 2424
1919 2424
1920 2423
1921 2423
1922 2423
1923 2424
1924 2424
1925 2424
1926 2423
1927 2424
1928 2423
1929 2425
1930 2424
1931 2423
1932 2422
1933 2422
1934 2423
1935 2422
1936 2421
1937 2422
1938 2423
1939 2423
1940 2421
1941 2421
1942 2423
1943 2421
1944 2421
1945 2421
1946 2421
1947 2421
1948 2421
1949 2425
1950 2420
1951 2421
1952 2421
1953 2421
1954 2421
1955 2421
1956 2421
1957 2423
1958 2432
1959 2421
1960 2420
1961 2424
1962 2420
1963 2424
1964 2420
1965 2420
1966 2420
1967 2423
1968 2420
1969 2420
1970 2420
1971 2420
1972 2419
1973 2420
1974 2420
1975 2424
1976 2420
1977 2420
1978 2420
1979 2419
1980 2420
1981 2419
1982 2419
1983 2419
1984 2419
1985 2419
1986 2419
1987 2419
1988 2419
1989 2419
1990 2418
1991 2419
1992 2419
1993 2432
1994 2418
1995 2418
1996 2419
1997 2418
1998 2418
1999 2417
2000 2418
2001 2420
2002 2417
2003 2429
2004 2417
2005 2416
2006 2416
2007 2427
2008 2427
2009 2427
2010 2428
2011 2427
2012 2423
2013 2421
2014 2425
2015 2425
2016 2425
2017 2424
2018 2425
2019 2424
2020 2417
2021 2416
2022 2416
2023 2415
2024 2416
2025 2415
2026 2415
2027 2415
2028 2415
2029 2415
2030 2414
2031 2415
2032 2415
2033 2415
2034 2416
2035 2415
2036 2417
2037 2419
2038 2414
2039 2414
2040 2413
2041 2420
2042 2413
2043 2413
2044 2412
2045 2417
2046 2413
2047 2413
2048 2413
2049 2413
2050 2413
2051 2413
2052 2412
2053 2413
2054 2414
2055 2417
2056 2414
2057 2414
2058 2414
2059 2413
2060 2412
2061 2412
2062 2416
2063 2412
2064 2412
2065 2411
2066 2419
2067 2412
2068 2426
2069 2412
2070 2413
2071 2411
2072 2412
2073 2412
2074 2410
2075 2411
2076 2411
2077 2413
2078 2413
2079 2418
2080 2412
2081 2411
2082 2411
2083 2411
2084 2411
2085 2412
2086 2412
2087 2411
2088 2413
2089 2412
2090 2412
2091 2412
2092 2411
2093 2411
2094 2411
2095 2412
2096 2410
2097 2411
2098 2410
2099 2411
2100 2410
2101 2410
2102 2409
2103 2409
2104 2413
2105 2408
2106 2409
2107 2410
2108 2410
2109 2412
2110 2412
2111 2411
2112 2411
2113 2412
2114 2414
2115 2410
2116 2412
2117 2409
2118 2410
2119 2411
2120 2411
2121 2410
2122 2410
2123 2410
2124 2410
2125 2409
2126 2410
2127 2410
2128 2410
2129 2409
2130 2409
2131 2410
2132 2410
2133 2409
2134 2409
2135 2409
2136 2409
2137 2408
2138 2408
2139 2408
2140 2407
2141 2407
2142 2407
2143 2407
2144 2407
2145 2408
2146 2408
2147 2408
2148 2409

462 2522
463 2523
464 2523
465 2515
466 2522
467 2527
468 2515
469 2521
470 2523
471 2513
472 2515
473 2521
474 2517
475 2517
476 2522
477 2525
478 2514
479 2525
480 2521
481 2524
482 2523
483 2514
484 2520
485 2520
486 2520
487 2520
488 2520
489 2526
490 2517
491 2522
492 2513
493 2525
494 2513
495 2513
496 2525
497 2520
498 2521
499 2517
500 2514
501 2519
502 2518
503 2518
504 2518
505 2518
506 2515
507 2518
508 2519
509 2518
510 2521
511 2519
512 2518
513 2518
514 2518
515 2517
516 2517
517 2517
518 2518
519 2517
520 2517
521 2519
522 2518
523 2526
524 2517
525 2516
526 2523
527 2517
528 2517
529 2518
530 2517
531 2517
532 2516
533 2526
534 2517
535 2514
536 2515
537 2520
538 2518
539 2516
540 2516
541 2516
542 2516
543 2516
544 2517
545 2516
546 2516
547 2526
548 2516
549 2517
550 2517
551 2517
552 2517
553 2516
554 2516
555 2516
556 2519
557 2514
558 2525
559 2525
560 2525
561 2525
562 2516
563 2516
564 2516
565 2516
566 2516
567 2515
568 2517
569 2517
570 2516
571 2515
572 2517
573 2517
574 2516
575 2515
576 2516
577 2518
578 2517
579 2516
580 2516
581 2517
582 2522
583 2510
584 2514
585 2515
586 2517
587 2517
588 2516
589 2510
590 2515
591 2517
592 2524
593 2518
594 2515
595 2515
596 2524
597 2517
598 2516
599 2518
600 2515
601 2518
602 2517
603 2516
604 2513
605 2509
606 2518
607 2509
608 2515
609 2519
610 2517
611 2516
612 2521
613 2511
614 2513
615 2516
616 2514
617 2522
618 2509
619 2521
620 2510
621 2509
622 2511
623 2509
624 2509
625 2508
626 2518
627 2518
628 2513
629 2511
630 2512
631 2512
632 2513
633 2513
634 2508
635 2508
636 2521
637 2518
638 2516
639 2508
640 2519
641 2512
642 2512
643 2522
644 2522
645 2508
646 2513
647 2520
648 2511
649 2513
650 2516
651 2508
652 2510
653 2508
654 2511
655 2509
656 2508
657 2509
658 2519
659 2517
660 2522
661 2522
662 2517
663 2518
664 2518
665 2518
666 2508
667 2513
668 2521
669 2512
670 2519
671 2518
672 2518
673 2516
674 2508
675 2517
676 2516
677 2517
678 2515
679 2522
680 2508
681 2517
682 2516
683 2509
684 2516
685 2516
686 2507
687 2508
688 2509
689 2520
690 2516
691 2516
692 2515
693 2508
694 2514
695 2513
696 2511
697 2514
698 2515
699 2516
700 2514
701 2521
702 2512
703 2520
704 2514
705 2517
706 2516
707 2514
708 2514
709 2518
710 2518
711 2514
712 2507
713 2513
714 2514
715 2519
716 2513
717 2513
718 2513
719 2517
720 2521
721 2514
722 2521
723 2513
724 2513
725 2513
726 2513
727 2511
728 2512
729 2512
730 2509
731 2512
732 2519
733 2514
734 2521
735 2512
736 2515
737 2507
738 2511
739 2518
740 2519
741 2521
742 2510
743 2512
744 2509
745 2507
746 2507
747 2511
748 2512
749 2513
750 2515
751 2513
752 2513
753 2507
754 2508
755 2508
756 2507
757 2510
758 2512
759 2510
760 2517
761 2509
762 2510
763 2508
764 2508
765 2506
766 2506
767 2507
768 2507
769 2507
770 2520
771 2520
772 2513
773 2510
774 2510
775 2506
776 2506
777 2512
778 2511
779 2511
780 2514
781 2508
782 2506
783 2506
784 2510
785 2509
786 2505
787 2511
788 2505
789 2509
790 2511
791 2505
792 2505
793 2509
794 2505
795 2513
796 2511
797 2510
798 2511
799 2513
800 2509
801 2505
802 2511
803 2510
804 2510
805 2511
806 2507
807 2510
808 2508
809 2511
810 2508
811 2507
812 2505
813 2506
814 2507
815 2505
816 2505
817 2507
818 2508
819 2505
820 2505
821 2507
822 2507
823 2505
824 2510
825 2506
826 2505
827 2510
828 2516
829 2505
830 2505
831 2504
832 2513
833 2506
834 2506
835 2505
836 2507
837 2518
838 2505
839 2507
840 2504
841 2504
842 2504
843 2505
844 2507
845 2511
846 2517
847 2510
848 2512
849 2516
850 2505
851 2513
852 2508
853 2518
854 2517
855 2512
856 2518
857 2517
858 2514
859 2514
860 2508
861 2512
862 2514
863 2503
864 2510
865 2510
866 2516
867 2517
868 2517
869 2512
870 2512
871 2511
872 2512
873 2511
874 2508
875 2511
876 2511
877 2511
878 2514
879 2517
880 2511
881 2511
882 2506
883 2513
884 2512
885 2513
886 2512
887 2512
888 2512
889 2512
890 2511
891 2509
892 2509
893 2517
894 2510
895 2502
896 2510
897 2502
898 2505
899 2502
900 2516
901 2515
902 2511
903 2511
904 2512
905 2511
906 2513
907 2502
908 2511
909 2511
910 2503
911 2511
912 2513
913 2505
914 2507
915 2509
916 2509
917 2516
918 2509
919 2510
920 2509
921 2510
922 2510
923 2510
924 2509
925 2510
926 2508
927 2509
928 2504
929 2504
930 2509
931 2508
932 2504
933 2508
934 2506
935 2516
936 2511
937 2508
938 2501
939 2503
940 2515
941 2509
942 2505
943 2508
944 2508
945 2501
946 2501
947 2507
948 2506
949 2508
950 2507
951 2514
952 2507
953 2506
954 2508
955 2509
956 2510
957 2505
958 2503
959 2507
960 2508
961 2511
962 2502
963 2507
964 2501
965 2506
966 2512
967 2501
968 2508
969 2502
970 2506
971 2513
972 2515
973 2506
974 2503
975 2513
976 2508
977 2513
978 2511
979 2511
980 2512
981 2507
982 2501
983 2503
984 2501
985 2501
986 2509
987 2514
988 2514
989 2509
990 2509
991 2508
992 2508
993 2506
994 2507
995 2507
996 2508
997 2507
998 2509
999 2509
1000 2509
1001 2507
1002 2513
1003 2508
1004 2507
1005 2507
1006 2506
1007 2506
1008 2505
1009 2507
1010 2507
1011 2507
1012 2507
1013 2509
1014 2508
1015 2506
1016 2507
1017 2506
1018 2506
1019 2504
1020 2506
1021 2506
1022 2506
1023 2505
1024 2504
1025 2505
1026 2505
1027 2505
1028 2505
1029 2504
1030 2501
1031 2500
1032 2504
1033 2505
1034 2513
1035 2499
1036 2505
1037 2504
1038 2504
1039 2503
1040 2504
1041 2504
1042 2502
1043 2503
1044 2502
1045 2502
1046 2502
1047 2502
1048 2503
1049 2499
1050 2502
1051 2501
1052 2501
1053 2499
1054 2499
1055 2503
1056 2502
1057 2502
1058 2502
1059 2501
1060 2503
1061 2503
1062 2502
1063 2504
1064 2500
1065 2498
1066 2512
1067 2498
1068 2503
1069 2503
1070 2503
1071 2497
1072 2497
1073 2497
1074 2497
1075 2497
1076 2502
1077 2502
1078 2498
1079 2497
1080 2506
1081 2500
1082 2505
1083 2496
1084 2496
1085 2496
1086 2496
1087 2507
1088 2510
1089 2495
1090 2495
1091 2495
1092 2495
1093 2496
1094 2495
1095 2504
1096 2506
1097 2504
1098 2494
1099 2499
1100 2498
1101 2494
1102 2494
1103 2496
1104 2502
1105 2496
1106 2508
1107 2494
1108 2495
1109 2500
1110 2499
1111 2499
1112 2493
1113 2505
1114 2507
1115 2501
1116 2501
1117 2498
1118 2494
1119 2492
1120 2503
1121 2493
1122 2492
1123 2492
1124 2492
1125 2502
1126 2494
1127 2505
1128 2495
1129 2491
1130 2492
1131 2494
1132 2498
1133 2499
1134 2500
1135 2493
1136 2499
1137 2497
1138 2490
1139 2499
1140 2504
1141 2490
1142 2491
1143 2492
1144 2490
1145 2492
1146 2494
1147 2490
1148 2498
1149 2494
1150 2494
1151 2489
1152 2495
1153 2497
1154 2499
1155 2500
1156 2490
1157 2502
1158 2488
1159 2488
1160 2494
1161 2488
1162 2501
1163 2488
1164 2502
1165 2494
1166 2498
1167 2492
1168 2494
1169 2501
1170 2497
1171 2494
1172 2501
1173 2496
1174 2487
1175 2495
1176 2494
1177 2498
1178 2495
1179 2495
1180 2494
1181 2491
1182 2490
1183 2487
1184 2493
1185 2493
1186 2492
1187 2490
1188 2495
1189 2496
1190 2488
1191 2499
1192 2494
1193 2496
1194 2485
1195 2488
1196 2490
1197 2490
1198 2485
1199 2485
1200 2494
1201 2488
1202 2489
1203 2489
1204 2488
1205 2488
1206 2488
1207 2488
1208 2488
1209 2488
1210 2488
1211 2488
1212 2488
1213 2487
1214 2487
1215 2487
1216 2486
1217 2485
1218 2486
1219 2486
1220 2485
1221 2487
1222 2486
1223 2486
1224 2491
1225 2484
1226 2488
1227 2485
1228 2485
1229 2485
1230 2485
1231 2488
1232 2482
1233 2481
1234 2480
1235 2483
1236 2491
1237 2479
1238 2482
1239 2481
1240 2479
1241 2479
1242 2479
1243 2480
1244 2490
1245 2480
1246 2485
1247 2478
1248 2488
1249 2484
1250 2483
1251 2485
1252 2478
1253 2477
1254 2489
1255 2482
1256 2482
1257 2485
1258 2485
1259 2483
1260 2478
1261 2483
1262 2482
1263 2482
1264 2481
1265 2482
1266 2482
1267 2474
1268 2481
1269 2481
1270 2481
1271 2481
1272 2480
1273 2481
1274 2480
1275 2481
1276 2478
1277 2479
1278 2479
1279 2479
1280 2477
1281 2477
1282 2478
1283 2472
1284 2480
1285 2478
1286 2473
1287 2477
1288 2476
1289 2478
1290 2470
1291 2470
1292 2477
1293 2477
1294 2477
1295 2477
1296 2476
1297 2477
1298 2477
1299 2481
1300 2476
1301 2477
1302 2475
1303 2476
1304 2476
1305 2476
1306 2475
1307 2474
1308 2475
1309 2476
1310 2475
1311 2475
1312 2474
1313 2475
1314 2474
1315 2475
1316 2475
1317 2480
1318 2475
1319 2475
1320 2475
1321 2475
1322 2477
1323 2477
1324 2475
1325 2477
1326 2479
1327 2475
1328 2478
1329 2475
1330 2475
1331 2473
1332 2474
1333 2474
1334 2473
1335 2473
1336 2472
1337 2471
1338 2471
1339 2474
1340 2473
1341 2472
1342 2473
1343 2473
1344 2473
1345 2472
1346 2469
1347 2472
1348 2472
1349 2472
1350 2473
1351 2472
1352 2472
1353 2467
1354 2472
1355 2472
1356 2472
1357 2472
1358 2471
1359 2471
1360 2472
1361 2472
1362 2472
1363 2472
1364 2473
1365 2475
1366 2474
1367 2474
1368 2473
1369 2474
1370 2474
1371 2473
1372 2477
1373 2477
1374 2470
1375 2476
1376 2476
1377 2474
1378 2476
1379 2476
1380 2475
1381 2475
1382 2475
1383 2474
1384 2475
1385 2478
1386 2472
1387 2484
1388 2475

518 2518
519 2518
520 2518
521 2519
522 2518
523 2526
524 2519
525 2526
526 2523
527 2523
528 2527
529 2519
530 2519
531 2520
532 2530
533 2526
534 2524
535 2534
536 2525
537 2520
538 2520
539 2526
540 2525
541 2524
542 2521
543 2526
544 2526
545 2522
546 2526
547 2527
548 2527
549 2527
550 2529
551 2526
552 2528
553 2521
554 2521
555 2527
556 2534
557 2528
558 2527
559 2527
560 2527
561 2526
562 2526
563 2528
564 2528
565 2528
566 2533
567 2522
568 2528
569 2528
570 2528
571 2522
572 2528
573 2528
574 2524
575 2537
576 2530
577 2528
578 2531
579 2530
580 2530
581 2530
582 2530
583 2530
584 2531
585 2531
586 2531
587 2528
588 2531
589 2531
590 2535
591 2536
592 2533
593 2530
594 2532
595 2525
596 2531
597 2531
598 2526
718 2513
719 2517
720 2523
721 2515
722 2521
723 2526
724 2525
725 2526
726 2520
727 2525
728 2525
729 2530
730 2532
731 2531
732 2532
733 2534
734 2526
735 2540
736 2535
737 2537
738 2537
739 2538
740 2540
741 2540
742 2546
743 2547
744 2547
745 2547
746 2548
747 2549
748 2542
749 2549
750 2550
751 2552
752 2553
753 2554
754 2555
755 2556
756 2556
757 2558
758 2558
759 2558
760 2560
761 2561
762 2561
763 2562
764 2562
765 2563
766 2564
767 2565
768 2565
769 2567
770 2567
771 2567
772 2568
773 2569
774 2569
775 2569
776 2570
777 2571
778 2571
779 2572
780 2573
781 2573
782 2573
783 2573

