3457 2575
3458 2575
3459 2575
3460 2575
3461 2575
3462 2574
3463 2575
3464 2574
3465 2574
3466 2574
3467 2576
3468 2573
3469 2577
3470 2579
3471 2583
3472 2568
3473 2568
3474 2567
3475 2568
3476 2567
3477 2566
3478 2569
3479 2571
3480 2572
3481 2567
3482 2569
3483 2566
3484 2566
3485 2579
3486 2565
3487 2571
3488 2566
3489 2567
3490 2564
3491 2566
3492 2567
3493 2567
3494 2569
3495 2575
3496 2570
3497 2571
3498 2574
3499 2565
3500 2564
3501 2564
3502 2564
3503 2567
3504 2565
3505 2565
3506 2566
3507 2569
3508 2564
3509 2565
3510 2564
3511 2564
3512 2563
3513 2564
3514 2564
3515 2564
3516 2566
3517 2565
3518 2565
3519 2564
3520 2564
3521 2563
3522 2562
3523 2563
3524 2563
3525 2563
3526 2563
3527 2564
3528 2564
3529 2564
3530 2564
3531 2566
3532 2566
3533 2564
3534 2565
3535 2564
3536 2564
3537 2566
3538 2565
3539 2565
3540 2564
3541 2564
3542 2565
3543 2568
3544 2565
3545 2566
3546 2566
3547 2567
3548 2567
3549 2566
3550 2566
3551 2570
3552 2575
3553 2567
3554 2567
3555 2568
3556 2567
3557 2566
3558 2566
3559 2566
3560 2567
3561 2566
3562 2566
3563 2568
3564 2568
3565 2567
3566 2567
3567 2566
3568 2566
3569 2566
3570 2566
3571 2566
3572 2566
3573 2566
3574 2566
3575 2566
3576 2564
3577 2565
3578 2564
3579 2565
3580 2565
3581 2567
3582 2567
3583 2567
3584 2569
3585 2565
3586 2565
3587 2565
3588 2564
3589 2565
3590 2566
3591 2572
3592 2564
3593 2564
3594 2565
3595 2571
3596 2561
3597 2568
3598 2568
3599 2569
3600 2562
3601 2562
3602 2565
3603 2568
3604 2568
3605 2562
3606 2566
3607 2558
3608 2558
3609 2561
3610 2563
3611 2562
3612 2563
3613 2564
3614 2570
3615 2563
3616 2563
3617 2563
3618 2563
3619 2564
3620 2561
3621 2561
3622 2564
3623 2562
3624 2564
3625 2564
3626 2564
3627 2564
3628 2564
3629 2564
3630 2563
3631 2563
3632 2563
3633 2563
3634 2562
3635 2562
3636 2563
3637 2561
3638 2559
3639 2560
3640 2561
3641 2561
3642 2563
3643 2562
3644 2563
3645 2563
3646 2564
3647 2564
3648 2564
3649 2564
3650 2564
3651 2564
3652 2564
3653 2564
3654 2564
3655 2564
3656 2563
3657 2563
3658 2564
3659 2564
3660 2563
3661 2564
3662 2564
3663 2564
3664 2564
3665 2564
3666 2564
3667 2564
3668 2564
3669 2564
3670 2564
3671 2564
3672 2564
3673 2564
3674 2564
3675 2564
3676 2563
3677 2563
3678 2563
3679 2562
3680 2562
3681 2562
3682 2562
3683 2562
3684 2562
3685 2563
3686 2563
3687 2562
3688 2564
3689 2563
3690 2563
3691 2563
3692 2562
3693 2563
3694 2563
3695 2563
3696 2563
3697 2562
3698 2563
3699 2563
3700 2563
3701 2563
3702 2563
3703 2563
3704 2563
3705 2563
3706 2563
3707 2563
3708 2563
3709 2563
3710 2563
3711 2567
3712 2563
3713 2564
3714 2564
3715 2565
3716 2565
3717 2565
3718 2565
3719 2564
3720 2563
3721 2564
3722 2564
3723 2564
3724 2564
3725 2564
3726 2564
3727 2564
3728 2564
3729 2564
3730 2564
3731 2564
3732 2564
3733 2564
3734 2564
3735 2564
3736 2566
3737 2564
3738 2567
3739 2564
3740 2564
3741 2563
3742 2564
3743 2564
3744 2564
3745 2564
3746 2564
3747 2564
3748 2564
3749 2563
3750 2564
3751 2564
3752 2563
3753 2563
3754 2565
3755 2562
3756 2562
3757 2563
3758 2562
3759 2563
3760 2563
3761 2563
3762 2563
3763 2564
3764 2564
3765 2564
3766 2564
3767 2564
3768 2563
3769 2563
3770 2564
3771 2563
3772 2563
3773 2563
3774 2563
3775 2563
3776 2564
3777 2563
3778 2563
3779 2563
3780 2563
3781 2563
3782 2563
3783 2563
3784 2563
3785 2563
3786 2563
3787 2563
3788 2563
3789 2563
3790 2563
3791 2563
3792 2563
3793 2563
3794 2563
3795 2563
3796 2563
3797 2563
3798 2563
3799 2563
3800 2563
3801 2563
3802 2563
3803 2563
3804 2563
3805 2563
3806 2563
3807 2563
3808 2563
3809 2563
3810 2562
3811 2563
3812 2563
3813 2563
3814 2563
3815 2563
3816 2563
3817 2563
3818 2564
3819 2563
3820 2563
3821 2564
3822 2564
3823 2564
3824 2563
3825 2563
3826 2563
3827 2563
3828 2563
3829 2563
3830 2563
3831 2563
3832 2564
3833 2563
3834 2563
3835 2563
3836 2564
3837 2563
3838 2563
3839 2564
3840 2564
3841 2564
3842 2563
3843 2563
3844 2564
3845 2563
3846 2563
3847 2564
3848 2564
3849 2563
3850 2564
3851 2563
3852 2564
3853 2563
3854 2563
3855 2563
3856 2564
3857 2564
3858 2564
3859 2564
3860 2564
3861 2564
3862 2564
3863 2564
3864 2564
3865 2564
3866 2564
3867 2564
3868 2563
3869 2568
3870 2564
3871 2564
3872 2564
3873 2564
3874 2564
3875 2572
3876 2564
3877 2564
3878 2564
3879 2564
3880 2563
3881 2564
3882 2564
3883 2564
3884 2564
3885 2564
3886 2564
3887 2564
3888 2564
3889 2564
3890 2564
3891 2564
3892 2564
3893 2564
3894 2564
3895 2564
3896 2564
3897 2565
3898 2565
3899 2565
3900 2564
3901 2565
3902 2565
3903 2565
3904 2564
3905 2565
3906 2565
3907 2565
3908 2565
3909 2564
3910 2565
3911 2564

3650 2594
3651 2593
3652 2593
3653 2593
3654 2593
3655 2593
3656 2594
3657 2593
3658 2593
3659 2592
3660 2592
3661 2583
3662 2592
3663 2581
3664 2583
3726 2593
3727 2593
3728 2589
3729 2593
3730 2592
3731 2592
3732 2593
3733 2591
3734 2591
3735 2593
3736 2596
3737 2593
3738 2591
3739 2592
3740 2592
3741 2593
3742 2593
3743 2591
3744 2590
3745 2589
3746 2591
3747 2591
3748 2591
3749 2593
3750 2592
3751 2590
3752 2591
3753 2591
3754 2592
3755 2593
3756 2591
3757 2589
3758 2591
3759 2592
3760 2592
3761 2595
3762 2583
3763 2591
3764 2591
3765 2590
3766 2590
3767 2595
3768 2591
3769 2591
3770 2583
3771 2593
3772 2595
3773 2590
3774 2591
3775 2591
3776 2589
3777 2597
3778 2585
3779 2590
3780 2590
3781 2590
3782 2591
3783 2590
3784 2585
3785 2590
3786 2592
3787 2591
3788 2591
3789 2582
3790 2591
3791 2589

