1253 2478
1254 2477
1255 2480
1256 2478
1257 2479
1258 2479
1259 2478
1260 2478
1261 2478
1262 2478
1263 2479
1264 2479
1265 2479
1266 2477
1267 2478
1268 2479
1269 2479
1270 2479
1271 2478
1272 2478
1273 2479
1274 2479
1275 2479
1276 2479
1277 2479
1278 2479
1279 2479
1280 2480
1281 2480
1282 2479
1283 2479
1284 2479
1285 2480
1286 2480
1287 2480
1288 2479
1289 2479
1290 2479
1291 2479
1292 2479
1293 2479
1294 2479
1295 2479
1296 2479
1297 2478
1298 2478
1299 2486
1300 2484
1301 2479
1302 2478
1303 2479
1304 2479
1305 2479
1306 2479
1307 2480
1308 2482
1309 2482
1310 2479
1311 2479
1312 2479
1313 2479
1314 2478
1315 2478
1316 2478
1317 2477
1318 2478
1319 2478
1320 2478
1321 2476
1322 2477
1323 2477
1324 2477
1325 2477
1326 2478
1327 2480
1328 2479
1329 2478
1330 2478
1331 2478
1332 2478
1333 2479
1334 2477
1335 2476
1336 2477
1337 2474
1338 2474
1339 2473
1340 2474
1341 2474
1342 2474
1343 2472
1344 2474
1345 2473
1346 2473
1347 2473
1348 2478
1349 2473
1350 2473
1351 2473
1352 2473
1353 2473
1354 2473
1355 2472
1356 2472
1357 2473
1358 2473
1359 2472
1360 2473
1361 2473
1362 2473
1363 2473
1364 2473
1365 2473
1366 2473
1367 2473
1368 2473
1369 2473
1370 2473
1371 2474
1372 2474
1373 2473
1374 2473
1375 2473
1376 2474
1377 2474
1378 2473
1379 2473
1380 2473
1381 2473
1382 2473
1383 2474
1384 2474
1385 2474
1386 2474
1387 2474
1388 2474
1389 2474
1390 2474
1391 2474
1392 2474
1393 2475
1394 2474
1395 2485
1396 2475
1397 2476
1398 2475
1399 2477
1400 2477
1401 2475
1402 2476
1403 2476
1404 2476
1405 2476
1406 2476
1407 2475
1408 2476
1409 2475
1410 2476
1411 2476
1412 2476
1413 2476
1414 2475
1415 2477
1416 2473
1417 2474
1418 2474
1419 2474
1420 2475
1421 2482
1422 2474
1423 2475
1424 2474
1425 2474
1426 2473
1427 2473
1428 2474
1429 2474
1430 2474
1431 2474
1432 2474
1433 2473
1434 2474
1435 2474
1436 2473
1437 2474
1438 2474
1439 2474
1440 2474
1441 2482
1442 2474
1443 2474
1444 2474
1445 2474
1446 2474
1447 2474
1448 2475
1449 2481
1450 2476
1451 2475
1452 2475
1453 2476
1454 2475
1455 2476
1456 2475
1457 2474
1458 2474
1459 2474
1460 2474
1461 2473
1462 2473
1463 2473
1464 2472
1465 2472
1466 2472
1467 2472
1468 2474
1469 2473
1470 2474
1471 2473
1472 2473
1473 2473
1474 2473
1475 2473
1476 2473
1477 2473
1478 2473
1479 2473
1480 2473
1481 2473
1482 2473
1483 2473
1484 2473
1485 2473
1486 2473
1487 2472
1488 2472
1489 2472
1490 2472
1491 2472
1492 2472
1493 2472
1494 2472
1495 2472
1496 2472
1497 2472
1498 2471
1499 2471
1500 2471
1501 2471
1502 2471
1503 2471
1504 2470
1505 2470
1506 2471
1507 2471
1508 2472
1509 2472
1510 2471
1511 2471
1512 2472
1513 2472
1514 2471
1515 2471
1516 2477
1517 2469
1518 2473
1519 2471
1520 2468
1521 2468
1522 2468
1523 2467
1524 2468
1525 2467
1526 2467
1527 2468
1528 2467
1529 2466
1530 2466
1531 2466
1532 2465
1533 2467
1534 2467
1535 2466
1536 2465
1537 2465
1538 2465
1539 2465
1540 2465
1541 2466
1542 2465
1543 2465
1544 2466
1545 2465
1546 2465
1547 2465
1548 2464
1549 2464
1550 2464
1551 2464
1552 2464
1553 2464
1554 2464
1555 2464
1556 2463
1557 2464
1558 2465
1559 2464
1560 2465
1561 2465
1562 2465
1563 2465
1564 2465
1565 2465
1566 2466
1567 2469
1568 2469
1569 2469
1570 2469
1571 2469
1572 2469
1573 2469
1574 2470
1575 2470
1576 2470
1577 2473
1578 2472
1579 2471
1580 2472
1581 2471
1582 2472
1583 2471
1584 2471
1585 2470
1586 2470
1587 2470
1588 2470
1589 2470
1590 2470
1591 2472
1592 2473
1593 2470
1594 2470
1595 2470
1596 2469
1597 2470
1598 2470
1599 2471
1600 2471
1601 2472
1602 2473
1603 2473
1604 2473
1605 2473
1606 2473
1607 2473
1608 2473
1609 2472
1610 2472
1611 2472
1612 2472
1613 2472
1614 2472
1615 2472
1616 2472
1617 2471
1618 2471
1619 2471
1620 2471
1621 2471
1622 2471
1623 2471
1624 2471
1625 2471
1626 2471
1627 2471
1628 2471
1629 2471
1630 2470
1631 2471
1632 2471
1633 2470
1634 2470
1635 2472
1636 2473
1637 2471
1638 2471
1639 2472
1640 2471
1641 2470
1642 2470
1643 2469
1644 2469
1645 2469
1646 2470
1647 2470
1648 2470
1649 2470
1650 2468
1651 2471
1652 2473
1653 2471
1654 2474
1655 2469
1656 2470
1657 2469
1658 2468
1659 2469
1660 2469
1661 2469
1662 2469
1663 2471
1664 2469
1665 2469
1666 2470
1667 2470
1668 2473
1669 2469
1670 2469
1671 2472
1672 2471
1673 2471
1674 2471
1675 2471
1676 2471
1677 2470
1678 2470
1679 2470
1680 2470
1681 2470
1682 2471
1683 2470
1684 2473
1685 2471
1686 2477
1687 2474

