1121 2434
1122 2436
1123 2439
1124 2438
1125 2438
1126 2437
1127 2436
1128 2437
1129 2441
1130 2438
1131 2436
1132 2435
1133 2435
1134 2434
1135 2432
1136 2431
1137 2431
1138 2432
1139 2431
1140 2431
1141 2431
1142 2430
1143 2429
1144 2430
1145 2430
1146 2430
1147 2432
1148 2427
1149 2426
1150 2426
1151 2426
1152 2426
1153 2426
1154 2426
1155 2426
1156 2426
1157 2426
1158 2426
1159 2426
1160 2426
1161 2428
1162 2426
1163 2429
1164 2429
1165 2426
1166 2425
1167 2425
1168 2425
1169 2428
1170 2425
1171 2425
1172 2436
1173 2438
1174 2428
1175 2425
1176 2428
1177 2427
1178 2426
1179 2426
1180 2425
1181 2425
1182 2425
1183 2424
1184 2425
1185 2429
1186 2424
1187 2424
1188 2424
1189 2424
1190 2424
1191 2424
1192 2424
1193 2424
1194 2424
1195 2425
1196 2425
1197 2425
1198 2425
1199 2425
1200 2424
1201 2426
1202 2428
1203 2424
1204 2424
1205 2424
1206 2424
1207 2423
1208 2424
1209 2423
1210 2424
1211 2423
1212 2425
1213 2426
1214 2426
1215 2425
1216 2424
1217 2425
1218 2425
1219 2424
1220 2424
1221 2424
1222 2424
1223 2424
1224 2424
1225 2424
1226 2424
1227 2424
1228 2424
1229 2424
1230 2424
1231 2424
1232 2424
1233 2424
1234 2424
1235 2424
1236 2425
1237 2426
1238 2426
1239 2425
1240 2426
1241 2425
1242 2426
1243 2426
1244 2426
1245 2426
1246 2425
1247 2426
1248 2426
1249 2426
1250 2426
1251 2426
1252 2428
1253 2426
1254 2426
1255 2426
1256 2426
1257 2426
1258 2427
1259 2427
1260 2425
1261 2425
1262 2425
1263 2425
1264 2425
1265 2425
1266 2425
1267 2425
1268 2425
1269 2425
1270 2426
1271 2425
1272 2426
1273 2427
1274 2427
1275 2427
1276 2429
1277 2430
1278 2433
1279 2425
1280 2426
1281 2426
1282 2425
1283 2425
1284 2425
1285 2424
1286 2424
1287 2424
1288 2424
1289 2424
1290 2424
1291 2424
1292 2424
1293 2424
1294 2424
1295 2424
1296 2424
1297 2424
1298 2425
1299 2424
1300 2423
1301 2423
1302 2423
1303 2423
1304 2423
1305 2423
1306 2423
1307 2424
1308 2425
1309 2426
1310 2423
1311 2424
1312 2424
1313 2423
1314 2422
1315 2422
1316 2421
1317 2425
1318 2423
1319 2423
1320 2422
1321 2422
1322 2422
1323 2422
1324 2423
1325 2421
1326 2422
1327 2423
1328 2424
1329 2422
1330 2422
1331 2421
1332 2422
1333 2422
1334 2422
1335 2422
1336 2422
1337 2422
1338 2422
1339 2422
1340 2423
1341 2422
1342 2422
1343 2421
1344 2422
1345 2421
1346 2421
1347 2420
1348 2421
1349 2419
1350 2425
1351 2420
1352 2420
1353 2423
1354 2420
1355 2420
1356 2420
1357 2420
1358 2421
1359 2420
1360 2420
1361 2420
1362 2420
1363 2420
1364 2420
1365 2420
1366 2420
1367 2419
1368 2419
1369 2419
1370 2420
1371 2419
1372 2419
1373 2419
1374 2419
1375 2419
1376 2419
1377 2419
1378 2419
1379 2418
1380 2418
1381 2418
1382 2418
1383 2418
1384 2418
1385 2418
1386 2417
1387 2417
1388 2418
1389 2417
1390 2417
1391 2417
1392 2417
1393 2416
1394 2417
1395 2419
1396 2419
1397 2416
1398 2416
1399 2416
1400 2415
1401 2417
1402 2417
1403 2416
1404 2418
1405 2417
1406 2417
1407 2417
1408 2417
1409 2416
1410 2419
1411 2420
1412 2417
1413 2415
1414 2416
1415 2415
1416 2414
1417 2415
1418 2416
1419 2414
1420 2415
1421 2413
1422 2414
1423 2414
1424 2414
1425 2414
1426 2413
1427 2413
1428 2413
1429 2413
1430 2414
1431 2414
1432 2414
1433 2414
1434 2415
1435 2415
1436 2415
1437 2414
1438 2415
1439 2415
1440 2414
1441 2414
1442 2413
1443 2413
1444 2413
1445 2413
1446 2412
1447 2412
1448 2412
1449 2412
1450 2411
1451 2411
1452 2412
1453 2411
1454 2411
1455 2412
1456 2412
1457 2411
1458 2411
1459 2411
1460 2411
1461 2411
1462 2411
1463 2411
1464 2411
1465 2411
1466 2411
1467 2411
1468 2411
1469 2411
1470 2411
1471 2411
1472 2411
1473 2411
1474 2411
1475 2411
1476 2411
1477 2411
1478 2411
1479 2411
1480 2411
1481 2412
1482 2411
1483 2411
1484 2412
1485 2413
1486 2411
1487 2411
1488 2411
1489 2411
1490 2412
1491 2412
1492 2412
1493 2411
1494 2412
1495 2412
1496 2411
1497 2411
1498 2411
1499 2411
1500 2411
1501 2411
1502 2411
1503 2411
1504 2411
1505 2410
1506 2410
1507 2410
1508 2410
1509 2410
1510 2410
1511 2410
1512 2410
1513 2410
1514 2410
1515 2410
1516 2409
1517 2410
1518 2410
1519 2409
1520 2409
1521 2409
1522 2409
1523 2409
1524 2410
1525 2409
1526 2409
1527 2409
1528 2408
1529 2408
1530 2408
1531 2408
1532 2409
1533 2408
1534 2409
1535 2408
1536 2408
1537 2407
1538 2407
1539 2407
1540 2407
1541 2407
1542 2407
1543 2407
1544 2408
1545 2408
1546 2408
1547 2408
1548 2408
1549 2409
1550 2409
1551 2408
1552 2408
1553 2409
1554 2409
1555 2408
1556 2407
1557 2407
1558 2407
1559 2406
1560 2407
1561 2409
1562 2409
1563 2408
1564 2408
1565 2408
1566 2408
1567 2408
1568 2409
1569 2409
1570 2408
1571 2408
1572 2408
1573 2408
1574 2408
1575 2408
1576 2408
1577 2408
1578 2407
1579 2407
1580 2407
1581 2407
1582 2407
1583 2406
1584 2406
1585 2407
1586 2407
1587 2407
1588 2411
1589 2407
1590 2408
1591 2407
1592 2407
1593 2406
1594 2406
1595 2406
1596 2406
1597 2406
1598 2406
1599 2407
1600 2407
1601 2407
1602 2407
1603 2407
1604 2408
1605 2411
1606 2411
1607 2408
1608 2420
1609 2409
1610 2411
1611 2408
1612 2412
1613 2410
1614 2413
1615 2409
1616 2409
1617 2408
1618 2409
1619 2408
1620 2409
1621 2409
1622 2408
1623 2408
1624 2408
1625 2408
1626 2408
1627 2408
1628 2408
1629 2408
1630 2408
1631 2409
1632 2408
1633 2410
1634 2409
1635 2409
1636 2408
1637 2408
1638 2409
1639 2408
1640 2408
1641 2408
1642 2408
1643 2409
1644 2408
1645 2407
1646 2407
1647 2408
1648 2407
1649 2407
1650 2407
1651 2409
1652 2406
1653 2406
1654 2406
1655 2407
1656 2407
1657 2407
1658 2407
1659 2407
1660 2407
1661 2407
1662 2408
1663 2408
1664 2408
1665 2408
1666 2408
1667 2408
1668 2408
1669 2408
1670 2409
1671 2410
1672 2409
1673 2410
1674 2410
1675 2410
1676 2410
1677 2410
1678 2411
1679 2412
1680 2411
1681 2411
1682 2412
1683 2411
1684 2411
1685 2411
1686 2410
1687 2410
1688 2410
1689 2410
1690 2410
1691 2413
1692 2412
1693 2419
1694 2415
1695 2411
1696 2411
1697 2410
1698 2409
1699 2421
1700 2410
1701 2409
1702 2410
1703 2418
1704 2410
1705 2413
1706 2414
1707 2409
1708 2412
1709 2410
1710 2409
1711 2421
1712 2409
1713 2409
1714 2409
1715 2408
1716 2410
1717 2407
1718 2411
1719 2410
1720 2410
1721 2409
1722 2411
1723 2409
1724 2409
1725 2409
1726 2408
1727 2408
1728 2408
1729 2409
1730 2409
1731 2409
1732 2409
1733 2410
1734 2410
1735 2414
1736 2417
1737 2412
1738 2413
1739 2413
1740 2419
1741 2414
1742 2414
1743 2421
1744 2421
1745 2419
1746 2420
1747 2421
1748 2423
1749 2423
1750 2420
1751 2419
1752 2420
1753 2421
1754 2421
1755 2420
1756 2420
1757 2421
1758 2420
1759 2420
1760 2420
1761 2420
1762 2421
1763 2418
1764 2418
1765 2423
1766 2420
1767 2418
1768 2419
1769 2418
1770 2419
1771 2419
1772 2418
1773 2420
1774 2420
1775 2421
1776 2410
1777 2411
1778 2412
1779 2411
1780 2411
1781 2417
1782 2419
1783 2411
1784 2411
1785 2412
1786 2417
1787 2415
1788 2416
1789 2410
1790 2412
1791 2412
1792 2418
1793 2419
1794 2419
1795 2419
1796 2419
1797 2419
1798 2422
1799 2425
1800 2426
1801 2419
1802 2418
1803 2420
1804 2418
1805 2414
1806 2414
1807 2413
1808 2417
1809 2404
1810 2404
1811 2417
1812 2412
1813 2414
1814 2407
1815 2405
1816 2412
1817 2411
1818 2390
1819 2397
1820 2396
1821 2394
1822 2389
1823 2387
1824 2389
1825 2389
1826 2386
1827 2387
1828 2383
1829 2384
1830 2383
1831 2383
1832 2382
1833 2382
1834 2383
1835 2382
1836 2381
1837 2380
1838 2380
1839 2380
1840 2380
1841 2378
1842 2379
1843 2379
1844 2378
1845 2377
1846 2391
1847 2383
1848 2393
1849 2375
1850 2375
1851 2393
1852 2392
1853 2382
1854 2385
1855 2376
1856 2377
1857 2380
1858 2378
1859 2383
1860 2379
1861 2380
1862 2379
1863 2380
1864 2380
1865 2381
1866 2379
1867 2380
1868 2380
1869 2380
1870 2381
1871 2381
1872 2381
1873 2382
1874 2381
1875 2382
1876 2385
1877 2380
1878 2379
1879 2380
1880 2378
1881 2384
1882 2383
1883 2384
1884 2384
1885 2386
1886 2384
1887 2389
1888 2386
1889 2383
1890 2384
1891 2378
1892 2382
1893 2378
1894 2380
1895 2380
1896 2385
1897 2381
1898 2382
1899 2383
1900 2381
1901 2381
1902 2381
1903 2381
1904 2381
1905 2384
1906 2385
1907 2386
1908 2385
1909 2385
1910 2383
1911 2386
1912 2384
1913 2384
1914 2384
1915 2383
1916 2383
1917 2383
1918 2393
1919 2388
1920 2391
1921 2392
1922 2389
1923 2393
1924 2382
1925 2393
1926 2382
1927 2380
1928 2380
1929 2381
1930 2379
1931 2382
1932 2384
1933 2384
1934 2384
1935 2386
1936 2385
1937 2388
1938 2388
1939 2388
1940 2387
1941 2387
1942 2382
1943 2383
1944 2390
1945 2386
1946 2382
1947 2378
1948 2378
1949 2386
1950 2387
1951 2391
1952 2390
1953 2391
1954 2378
1955 2378
1956 2379
1957 2395
1958 2382
1959 2388
1960 2387
1961 2389
1962 2385
1963 2384
1964 2385
1965 2386
1966 2386
1967 2386
1968 2386
1969 2384
1970 2384
1971 2385
1972 2385
1973 2385
1974 2384
1975 2383
1976 2386
1977 2386
1978 2385
1979 2387
1980 2385
1981 2384
1982 2397
1983 2399
1984 2399
1985 2398
1986 2400
1987 2396
1988 2396
1989 2395
1990 2395
1991 2396
1992 2395
1993 2395
1994 2395
1995 2396
1996 2395
1997 2395
1998 2396
1999 2395
2000 2395
2001 2396
2002 2396
2003 2396
2004 2396
2005 2396
2006 2396
2007 2395
2008 2395
2009 2395
2010 2394
2011 2394
2012 2394
2013 2394
2014 2394
2015 2395
2016 2395
2017 2395
2018 2395
2019 2394
2020 2395
2021 2395
2022 2395
2023 2395
2024 2394
2025 2394
2026 2394
2027 2394
2028 2394
2029 2395
2030 2394
2031 2395
2032 2395
2033 2395
2034 2395
2035 2397
2036 2396
2037 2396
2038 2396
2039 2396
2040 2396
2041 2395
2042 2396
2043 2395
2044 2396
2045 2397
2046 2396
2047 2398
2048 2397
2049 2397
2050 2400
2051 2396
2052 2397
2053 2396
2054 2397
2055 2395
2056 2396
2057 2396
2058 2396
2059 2397
2060 2397
2061 2397
2062 2396
2063 2396
2064 2397
2065 2398
2066 2400
2067 2398
2068 2395
2069 2396
2070 2396
2071 2397
2072 2397
2073 2396
2074 2397
2075 2396
2076 2396
2077 2396
2078 2397
2079 2398
2080 2399
2081 2400
2082 2397
2083 2397
2084 2400
2085 2396
2086 2396
2087 2400
2088 2397
2089 2398
2090 2399
2091 2398
2092 2398
2093 2401
2094 2402
2095 2398
2096 2399
2097 2398
2098 2399
2099 2398
2100 2398
2101 2398
2102 2398
2103 2398
2104 2398
2105 2398
2106 2397
2107 2399
2108 2399
2109 2400
2110 2399
2111 2399
2112 2399
2113 2399
2114 2400
2115 2399
2116 2399
2117 2399
2118 2399
2119 2399
2120 2400
2121 2409
2122 2406
2123 2400
2124 2400
2125 2400
2126 2400
2127 2400
2128 2400
2129 2400
2130 2400
2131 2400
2132 2400
2133 2400
2134 2402
2135 2400
2136 2400
2137 2400
2138 2401
2139 2401
2140 2403
2141 2402
2142 2402
2143 2403
2144 2402
2145 2403
2146 2402
2147 2405
2148 2403
2149 2406
2150 2402
2151 2403
2152 2405
2153 2406
2154 2406
2155 2402
2156 2404
2157 2402
2158 2402
2159 2402
2160 2403
2161 2402
2162 2402
2163 2402
2164 2402
2165 2402
2166 2403
2167 2411
2168 2403
2169 2405
2170 2404
2171 2408
2172 2408
2173 2404
2174 2403
2175 2404
2176 2402
2177 2408
2178 2403
2179 2404
2180 2404
2181 2403
2182 2404
2183 2406
2184 2404
2185 2406
2186 2406
2187 2405
2188 2405
2189 2405
2190 2406
2191 2405
2192 2405
2193 2405
2194 2405
2195 2406
2196 2405
2197 2405
2198 2405
2199 2405
2200 2405
2201 2405
2202 2405
2203 2405
2204 2406
2205 2405
2206 2406
2207 2406
2208 2406
2209 2407
2210 2406
2211 2405
2212 2405
2213 2405
2214 2405
2215 2405
2216 2405
2217 2405
2218 2404
2219 2404
2220 2404
2221 2404
2222 2404
2223 2404
2224 2404
2225 2404
2226 2404
2227 2405
2228 2405
2229 2406
2230 2411
2231 2405
2232 2406
2233 2406
2234 2406
2235 2406
2236 2405
2237 2408
2238 2407
2239 2406
2240 2407
2241 2406
2242 2406
2243 2406
2244 2406
2245 2406
2246 2406
2247 2406
2248 2406
2249 2406
2250 2406
2251 2407
2252 2408
2253 2406
2254 2404
2255 2406
2256 2406
2257 2404
2258 2406
2259 2405
2260 2405
2261 2405
2262 2405
2263 2405
2264 2404
2265 2407
2266 2405
2267 2404
2268 2403
2269 2402
2270 2409
2271 2402
2272 2402
2273 2402
2274 2402
2275 2403
2276 2403
2277 2404
2278 2409
2279 2403
2280 2401
2281 2401
2282 2401
2283 2401
2284 2407
2285 2408
2286 2405
2287 2400
2288 2401
2289 2400
2290 2400
2291 2402
2292 2400
2293 2400
2294 2399
2295 2399
2296 2399
2297 2399
2298 2399
2299 2399
2300 2400
2301 2405
2302 2401
2303 2400
2304 2399
2305 2399
2306 2399
2307 2400
2308 2400
2309 2399
2310 2398
2311 2398
2312 2398
2313 2400
2314 2398
2315 2400
2316 2402
2317 2404
2318 2397
2319 2396
2320 2396
2321 2396
2322 2396
2323 2396
2324 2396
2325 2403
2326 2396
2327 2396
2328 2395
2329 2396
2330 2395
2331 2396
2332 2396
2333 2395
2334 2395
2335 2395
2336 2394
2337 2394
2338 2394
2339 2394
2340 2394
2341 2392
2342 2393
2343 2399
2344 2394
2345 2393
2346 2392
2347 2392
2348 2392
2349 2399
2350 2392
2351 2392
2352 2392
2353 2393
2354 2393
2355 2393
2356 2393
2357 2393
2358 2393
2359 2393
2360 2393
2361 2395
2362 2399
2363 2398
2364 2398
2365 2399
2366 2401
2367 2400
2368 2398
2369 2399
2370 2399
2371 2399
2372 2399
2373 2401
2374 2400
2375 2403
2376 2400
2377 2399
2378 2399
2379 2401
2380 2401
2381 2400
2382 2400
2383 2400
2384 2400
2385 2400
2386 2405
2387 2401
2388 2400
2389 2400
2390 2399
2391 2399
2392 2399
2393 2407
2394 2402
2395 2400
2396 2400
2397 2403
2398 2399
2399 2398
2400 2399
2401 2398
2402 2398
2403 2398
2404 2398
2405 2399
2406 2398
2407 2403
2408 2403
2409 2398
2410 2400
2411 2399
2412 2398
2413 2398
2414 2398
2415 2398
2416 2398
2417 2398
2418 2397
2419 2397
2420 2397
2421 2397
2422 2397
2423 2397
2424 2397
2425 2397
2426 2397
2427 2401
2428 2396
2429 2397
2430 2399
2431 2397
2432 2397
2433 2397
2434 2396
2435 2396
2436 2397
2437 2396
2438 2397
2439 2397
2440 2400
2441 2396
2442 2396
2443 2395
2444 2397
2445 2395
2446 2394
2447 2394
2448 2394
2449 2394
2450 2394
2451 2394
2452 2394
2453 2394
2454 2394
2455 2394
2456 2393
2457 2393
2458 2398
2459 2398
2460 2398
2461 2395
2462 2395
2463 2395
2464 2396
2465 2397
2466 2401
2467 2401
2468 2395
2469 2399
2470 2395
2471 2400
2472 2394
2473 2394
2474 2394
2475 2393
2476 2393
2477 2393
2478 2392
2479 2392
2480 2392
2481 2390
2482 2390
2483 2390
2484 2390
2485 2390
2486 2394
2487 2389
2488 2389
2489 2389
2490 2389
2491 2388
2492 2388
2493 2388
2494 2388
2495 2388
2496 2388
2497 2387
2498 2387
2499 2386
2500 2387
2501 2387
2502 2387
2503 2387
2504 2387
2505 2387
2506 2386
2507 2386
2508 2385
2509 2386
2510 2386
2511 2385
2512 2385
2513 2385
2514 2385
2515 2385
2516 2387
2517 2385
2518 2384
2519 2385
2520 2385
2521 2384
2522 2384
2523 2384
2524 2384
2525 2385
2526 2384
2527 2386
2528 2383
2529 2383
2530 2387
2531 2383
2532 2383
2533 2383
2534 2383
2535 2385
2536 2384
2537 2384
2538 2383
2539 2389
2540 2384
2541 2389
2542 2383
2543 2382
2544 2382
2545 2382
2546 2381
2547 2381
2548 2382
2549 2380
2550 2381
2551 2382
2552 2381
2553 2381
2554 2380
2555 2380
2556 2380
2557 2379
2558 2379
2559 2379
2560 2379
2561 2379
2562 2379
2563 2379
2564 2379
2565 2378
2566 2382
2567 2378
2568 2378
2569 2378
2570 2378
2571 2380
2572 2381
2573 2378
2574 2377
2575 2379
2576 2377
2577 2377
2578 2377
2579 2378
2580 2377
2581 2377
2582 2378
2583 2377
2584 2378
2585 2377
2586 2380
2587 2377
2588 2377
2589 2377
2590 2377
2591 2378
2592 2377
2593 2377
2594 2378
2595 2377
2596 2377
2597 2377
2598 2377
2599 2377
2600 2377
2601 2376
2602 2377
2603 2377
2604 2377
2605 2377
2606 2377
2607 2377
2608 2377
2609 2377
2610 2377
2611 2377
2612 2377
2613 2377
2614 2377
2615 2377
2616 2377
2617 2376
2618 2376
2619 2376
2620 2379
2621 2377
2622 2377
2623 2377
2624 2377
2625 2381
2626 2376
2627 2384
2628 2376
2629 2377
2630 2377
2631 2377
2632 2376
2633 2376
2634 2376
2635 2376
2636 2376
2637 2376
2638 2375
2639 2376
2640 2375
2641 2379
2642 2376
2643 2376
2644 2376
2645 2375
2646 2375
2647 2376
2648 2375
2649 2375
2650 2374
2651 2375
2652 2376
2653 2375
2654 2375
2655 2376
2656 2376
2657 2376
2658 2376
2659 2376
2660 2375
2661 2376
2662 2374
2663 2375
2664 2375
2665 2375
2666 2375
2667 2375
2668 2375
2669 2375
2670 2375
2671 2375
2672 2374
2673 2374
2674 2374
2675 2374
2676 2375
2677 2374
2678 2374
2679 2374
2680 2374
2681 2374
2682 2374
2683 2374
2684 2374
2685 2375
2686 2374
2687 2374
2688 2374
2689 2374
2690 2376
2691 2374
2692 2374
2693 2374
2694 2374
2695 2374
2696 2374
2697 2373
2698 2373
2699 2373
2700 2374
2701 2374
2702 2373
2703 2373
2704 2373
2705 2373
2706 2373
2707 2373
2708 2373
2709 2373
2710 2373
2711 2372
2712 2373
2713 2372
2714 2372
2715 2372
2716 2372
2717 2372
2718 2372
2719 2372
2720 2372
2721 2372
2722 2372
2723 2371
2724 2371
2725 2371
2726 2371
2727 2371
2728 2372
2729 2371
2730 2371
2731 2371
2732 2371
2733 2370
2734 2371
2735 2371
2736 2371
2737 2372
2738 2372
2739 2372
2740 2373
2741 2374
2742 2374
2743 2372
2744 2372
2745 2373
2746 2372
2747 2371
2748 2373
2749 2371
2750 2370
2751 2371
2752 2370
2753 2370
2754 2370
2755 2372
2756 2372
2757 2371
2758 2371
2759 2371
2760 2371
2761 2374
2762 2372
2763 2371
2764 2371
2765 2376
2766 2375
2767 2370
2768 2370
2769 2371
2770 2371
2771 2372
2772 2377
2773 2371
2774 2371
2775 2370
2776 2370
2777 2369
2778 2369
2779 2371
2780 2369
2781 2369
2782 2370
2783 2379
2784 2372
2785 2374
2786 2378
2787 2380
2788 2375
2789 2375
2790 2378
2791 2378
2792 2379

