1 2497
2 2495
3 2495
4 2494
5 2495
6 2494
7 2495
8 2495
9 2494
10 2495
11 2495
12 2495
13 2494
14 2494
15 2495
16 2495
17 2495
18 2494
19 2494
20 2495
21 2495
22 2495
23 2494
24 2494
25 2494
26 2494
27 2494
28 2493
29 2494
30 2493
31 2494
32 2494
33 2494
34 2494
35 2494
36 2494
37 2494
38 2494
39 2494
40 2494
41 2494
42 2494
43 2494
44 2494
45 2494
46 2494
47 2494
48 2494
49 2494
50 2494
51 2493
52 2493
53 2494
54 2494
55 2494
56 2494
57 2494
58 2493
59 2494
60 2494
61 2493
62 2493
63 2493
64 2493
65 2497
66 2493
67 2493
68 2494
69 2494
70 2493
71 2493
72 2493
73 2493
74 2493
75 2493
76 2494
77 2493
78 2493
79 2493
80 2493
81 2493
82 2493
83 2493
84 2492
85 2493
86 2492
87 2492
88 2492
89 2493
90 2493
91 2492
92 2492
93 2492
94 2493
95 2493
96 2492
97 2492
98 2492
99 2492
100 2492
101 2492
102 2491
103 2491
104 2491
105 2491
106 2491
107 2491
108 2491
109 2491
110 2491
111 2491
112 2490
113 2491
114 2490
115 2491
116 2491
117 2490
118 2490
119 2490
120 2491
121 2490
122 2490
123 2490
124 2490
125 2491
126 2491
127 2491
128 2491
129 2490
130 2491
131 2491
132 2491
133 2491
134 2491
135 2491
136 2491
137 2491
138 2491
139 2491
140 2490
141 2490
142 2490
143 2491
144 2490
145 2491
146 2490
147 2490
148 2490
149 2491
150 2491
151 2490
152 2490
153 2490
154 2490
155 2490
156 2490
157 2490
158 2490
159 2490
160 2490
161 2490
162 2490
163 2490
164 2490
165 2490
166 2490
167 2490
168 2490
169 2490
170 2490
171 2490
172 2490
173 2490
174 2490
175 2490
176 2490
177 2490
178 2490
179 2490
180 2490
181 2490
182 2490
183 2490
184 2490
185 2490
186 2490
187 2490
188 2490
189 2490
190 2490
191 2490
192 2490
193 2490
194 2490
195 2489
196 2489
197 2489
198 2489
199 2489
200 2489
201 2489
202 2489
203 2489
204 2489
205 2489
206 2489
207 2489
208 2489
209 2489
210 2489
211 2490
212 2490
213 2489
214 2489
215 2489
216 2489
217 2489
218 2489
219 2489
220 2489
221 2489
222 2489
223 2489
224 2489
225 2489
226 2489
227 2489
228 2489
229 2489
230 2489
231 2489
232 2489
233 2489
234 2489
235 2489
236 2489
237 2489
238 2489
239 2490
240 2489
241 2490
242 2490
243 2490
244 2489
245 2490
246 2490
247 2489
248 2489
249 2490
250 2490
251 2490
252 2490
253 2490
254 2489
255 2489
256 2489
257 2489
258 2490
259 2489
260 2490
261 2490
262 2490
263 2490
264 2490
265 2489
266 2489
267 2489
268 2489
269 2489
270 2489
271 2489
272 2489
273 2489
274 2489
275 2489
276 2489
277 2489
278 2488
279 2489
280 2488
281 2488
282 2488
283 2488
284 2488
285 2488
286 2488
287 2488
288 2488
289 2488
290 2488
291 2488
292 2488
293 2488
294 2488
295 2488
296 2488
297 2489
298 2489
299 2489
300 2489
301 2489
302 2488
303 2489
304 2489
305 2489
306 2489
307 2488
308 2488
309 2488
310 2488
311 2488
312 2488
313 2488
314 2488
315 2488
316 2488
317 2488
318 2488
319 2488
320 2488
321 2488
322 2488
323 2488
324 2488
325 2488
326 2488
327 2488
328 2487
329 2488
330 2488
331 2488
332 2488
333 2488
334 2488
335 2488
336 2488
337 2488
338 2488
339 2488
340 2488
341 2488
342 2487
343 2488
344 2488
345 2488
346 2488
347 2487
348 2487
349 2487
350 2487
351 2487
352 2487
353 2487
354 2487
355 2487
356 2487
357 2487
358 2487
359 2487
360 2487
361 2487
362 2487
363 2487
364 2487
365 2487
366 2487
367 2487
368 2487
369 2487
370 2487
371 2487
372 2487
373 2487
374 2487
375 2487
376 2487
377 2487
378 2487
379 2487
380 2487
381 2487
382 2487
383 2487
384 2487
385 2487
386 2487
387 2487
388 2487
389 2487
390 2487
391 2487
392 2487
393 2487
394 2487
395 2487
396 2487
397 2487
398 2487
399 2487
400 2487
401 2486
402 2487
403 2487
404 2486
405 2487
406 2486
407 2486
408 2489
409 2488
410 2486
411 2487
412 2487
413 2489
414 2485
415 2485
416 2485
417 2491
418 2486
419 2489
420 2488
421 2489
422 2488
423 2489
424 2488
425 2488
426 2487
427 2486
428 2485
429 2485
430 2487
431 2486
432 2487
433 2487
434 2487
435 2487
436 2487
437 2486
438 2486
439 2487
440 2486
441 2486
442 2487
443 2486
444 2487
445 2487
446 2487
447 2487
448 2487
449 2487
450 2486
451 2487
452 2487
453 2487
454 2487
455 2487
456 2486
457 2487
458 2486
459 2486
460 2486
461 2486
462 2486
463 2486
464 2486
465 2486
466 2486
467 2486
468 2486
469 2486
470 2486
471 2486
472 2486
473 2486
474 2486
475 2486
476 2486
477 2486
478 2486
479 2486
480 2486
481 2486
482 2486
483 2486
484 2486
485 2486
486 2486
487 2486
488 2487
489 2487
490 2487
491 2487
492 2487
493 2487
494 2487
495 2486
496 2487
497 2487
498 2487
499 2487
500 2487
501 2487
502 2487
503 2487
504 2487
505 2487
506 2487
507 2487
508 2487
509 2487
510 2487
511 2487
512 2487
513 2488
514 2487
515 2487
516 2488
517 2487
518 2487
519 2488
520 2488
521 2488
522 2488
523 2488
524 2488
525 2488
526 2488
527 2488
528 2488
529 2488
530 2488
531 2488
532 2488
533 2488
534 2488
535 2488
536 2488
537 2488
538 2488
539 2488
540 2488
541 2488
542 2489
543 2488
544 2488
545 2488
546 2488
547 2488
548 2488
549 2488
550 2488
551 2488
552 2488
553 2488
554 2488
555 2488
556 2488
557 2489
558 2489
559 2488
560 2489
561 2488
562 2489
563 2489
564 2488
565 2488
566 2488
567 2488
568 2488
569 2488
570 2488
571 2488
572 2488
573 2488
574 2489
575 2488
576 2488
577 2488
578 2488
579 2488
580 2488
581 2489
582 2489
583 2489
584 2489
585 2489
586 2488
587 2489
588 2491
589 2488
590 2489
591 2488
592 2488
593 2488
594 2489
595 2489
596 2489
597 2488
598 2489
599 2489
600 2489
601 2489
602 2489
603 2489
604 2489
605 2489
606 2489
607 2489
608 2489
609 2489
610 2489
611 2489
612 2489
613 2489
614 2489
615 2489
616 2489
617 2489
618 2489
619 2489
620 2489
621 2489
622 2489
623 2489
624 2489
625 2489
626 2489
627 2489
628 2489
629 2489
630 2489
631 2489
632 2489
633 2489
634 2489
635 2489
636 2489
637 2489
638 2489
639 2489
640 2489
641 2489
642 2489
643 2489
644 2489
645 2489
646 2489
647 2489
648 2489
649 2489
650 2489
651 2489
652 2489
653 2489
654 2489
655 2489
656 2489
657 2489
658 2489
659 2489
660 2489
661 2489
662 2489
663 2489
664 2489
665 2489
666 2489
667 2489
668 2489
669 2489
670 2489
671 2489
672 2489
673 2489
674 2489
675 2489
676 2489
677 2489
678 2489
679 2489
680 2489
681 2488
682 2489
683 2489
684 2489
685 2489
686 2489
687 2490
688 2489
689 2489
690 2489
691 2489
692 2489
693 2489
694 2489
695 2489
696 2489
697 2488
698 2489
699 2489
700 2489
701 2489
702 2489
703 2489
704 2489
705 2489
706 2489
707 2489
708 2489
709 2489
710 2489
711 2488
712 2489
713 2489
714 2489
715 2489
716 2489
717 2489
718 2489
719 2489
720 2489
721 2489
722 2489
723 2489
724 2489
725 2489
726 2489
727 2489
728 2489
729 2489
730 2489
731 2489
732 2489
733 2489
734 2489
735 2489
736 2489
737 2489
738 2489
739 2488
740 2489
741 2489
742 2489
743 2489
744 2489
745 2489
746 2489
747 2489
748 2489
749 2490
750 2490
751 2490
752 2490
753 2489
754 2489
755 2489
756 2489
757 2489
758 2490
759 2489
760 2489
761 2489
762 2489
763 2489
764 2489
765 2489
766 2488
767 2488
768 2488
769 2488
770 2488
771 2488
772 2488
773 2488
774 2488
775 2488
776 2488
777 2488
778 2489
779 2489
780 2489
781 2489
782 2489
783 2489
784 2489
785 2489
786 2489
787 2489
788 2489
789 2489
790 2489
791 2489
792 2489
793 2490
794 2490
795 2490
796 2490
797 2490
798 2490
799 2491
800 2491
801 2491
802 2491
803 2491
804 2490
805 2490
806 2490
807 2490
808 2490
809 2490
810 2490
811 2490
812 2490
813 2490
814 2490
815 2490
816 2490
817 2490
818 2490
819 2490
820 2490
821 2490
822 2490
823 2490
824 2490
825 2490
826 2490
827 2490
828 2490
829 2490
830 2490
831 2490
832 2490
833 2490
834 2490
835 2490
836 2490
837 2490
838 2490
839 2490
840 2491
841 2490
842 2490
843 2490
844 2491
845 2491
846 2490
847 2490
848 2489
849 2490
850 2494
851 2490
852 2489
853 2489
854 2490
855 2490
856 2489
857 2489
858 2489
859 2489
860 2489
861 2489
862 2490
863 2490
864 2489
865 2489
866 2489
867 2490
868 2490
869 2490
870 2489
871 2489
872 2489
873 2489
874 2489
875 2489
876 2489
877 2489
878 2489
879 2489
880 2489
881 2489
882 2489
883 2489
884 2489
885 2489
886 2489
887 2489
888 2489
889 2488
890 2488
891 2488
892 2488
893 2488
894 2488
895 2488
896 2488
897 2488
898 2488
899 2488
900 2488
901 2488
902 2488
903 2488
904 2488
905 2488
906 2487
907 2487
908 2488
909 2487
910 2487
911 2487
912 2487
913 2487
914 2487
915 2486
916 2491
917 2490
918 2486
919 2488
920 2490
921 2484
922 2483
923 2484
924 2487
925 2486
926 2486
927 2485
928 2486
929 2484
930 2484
931 2483
932 2483
933 2483
934 2483
935 2483
936 2482
937 2482
938 2482
939 2482
940 2482
941 2481
942 2482
943 2481
944 2481
945 2481
946 2482
947 2481
948 2482
949 2482
950 2482
951 2481
952 2482
953 2481
954 2482
955 2482
956 2482
957 2482
958 2482
959 2481
960 2482
961 2482
962 2481
963 2481
964 2481
965 2481
966 2481
967 2481
968 2481
969 2482
970 2482
971 2481
972 2482
973 2482
974 2481
975 2481
976 2482
977 2482
978 2482
979 2482
980 2481
981 2481
982 2482
983 2482
984 2481
985 2482
986 2481
987 2480
988 2482
989 2482
990 2482
991 2481
992 2482
993 2482
994 2481
995 2481
996 2481
997 2482
998 2482
999 2482
1000 2482
1001 2482
1002 2482
1003 2482
1004 2481
1005 2482
1006 2481
1007 2481
1008 2482
1009 2482
1010 2481
1011 2481
1012 2481
1013 2481
1014 2481
1015 2481
1016 2481
1017 2481
1018 2481
1019 2481
1020 2481
1021 2480
1022 2480
1023 2480
1024 2479
1025 2479
1026 2480
1027 2480
1028 2479
1029 2479
1030 2479
1031 2479
1032 2479
1033 2478
1034 2478
1035 2479
1036 2478
1037 2478
1038 2477
1039 2478
1040 2478
1041 2478
1042 2478
1043 2478
1044 2478
1045 2478
1046 2478
1047 2477
1048 2478
1049 2478
1050 2478
1051 2478
1052 2478
1053 2478
1054 2478
1055 2478
1056 2478
1057 2478
1058 2478
1059 2478
1060 2478
1061 2478
1062 2478
1063 2477
1064 2477
1065 2478
1066 2478
1067 2478
1068 2478
1069 2478
1070 2477
1071 2478
1072 2478
1073 2478
1074 2477
1075 2477
1076 2478
1077 2478
1078 2478
1079 2477
1080 2477
1081 2477
1082 2476
1083 2477
1084 2477
1085 2478
1086 2477
1087 2478
1088 2477
1089 2477
1090 2478
1091 2478
1092 2477
1093 2477
1094 2477
1095 2478
1096 2477
1097 2477
1098 2477
1099 2477
1100 2477
1101 2477
1102 2477
1103 2477
1104 2478
1105 2477
1106 2477
1107 2477
1108 2477
1109 2477
1110 2477
1111 2477
1112 2477
1113 2477
1114 2477
1115 2477
1116 2477
1117 2477
1118 2477
1119 2477
1120 2477
1121 2477
1122 2477
1123 2477
1124 2476
1125 2477
1126 2477
1127 2477
1128 2477
1129 2477
1130 2476
1131 2477
1132 2476
1133 2477
1134 2476
1135 2476
1136 2477
1137 2476
1138 2476
1139 2476
1140 2478
1141 2479
1142 2476
1143 2476
1144 2476
1145 2476
1146 2476
1147 2476
1148 2476
1149 2475
1150 2475
1151 2475
1152 2475
1153 2476
1154 2475
1155 2475
1156 2475
1157 2475
1158 2475
1159 2475
1160 2475
1161 2475
1162 2475
1163 2475
1164 2475
1165 2475
1166 2475
1167 2475
1168 2475
1169 2474
1170 2475
1171 2474
1172 2475
1173 2475
1174 2475
1175 2475
1176 2475
1177 2475
1178 2475
1179 2475
1180 2475
1181 2474
1182 2475
1183 2475
1184 2474
1185 2474
1186 2474
1187 2474
1188 2475
1189 2474
1190 2474
1191 2474
1192 2474
1193 2474
1194 2474
1195 2474
1196 2474
1197 2474
1198 2473
1199 2473
1200 2473
1201 2473
1202 2473
1203 2472
1204 2475
1205 2478
1206 2472
1207 2473
1208 2472
1209 2474
1210 2472
1211 2473
1212 2472
1213 2473
1214 2473
1215 2473
1216 2473
1217 2472
1218 2472
1219 2473
1220 2472
1221 2472
1222 2471
1223 2471
1224 2470
1225 2469
1226 2469
1227 2469
1228 2469
1229 2469
1230 2470
1231 2470
1232 2470
1233 2471
1234 2471
1235 2473
1236 2475
1237 2475
1238 2475
1239 2475
1240 2475
1241 2475
1242 2475
1243 2475
1244 2474
1245 2474
1246 2474
1247 2474
1248 2474
1249 2474
1250 2474
1251 2474
1252 2473
1253 2474
1254 2473
1255 2474
1256 2474
1257 2473
1258 2473
1259 2473
1260 2473
1261 2473
1262 2473
1263 2473
1264 2473
1265 2473
1266 2474
1267 2472
1268 2473
1269 2473
1270 2473
1271 2473
1272 2473
1273 2473
1274 2473
1275 2472
1276 2472
1277 2472
1278 2473
1279 2472
1280 2472
1281 2472
1282 2472
1283 2472
1284 2472
1285 2472
1286 2472
1287 2472
1288 2472
1289 2472
1290 2472
1291 2472
1292 2471
1293 2471
1294 2472
1295 2471
1296 2471
1297 2471
1298 2471
1299 2470
1300 2471
1301 2470
1302 2470
1303 2470
1304 2471
1305 2472
1306 2470
1307 2469
1308 2469
1309 2469
1310 2469
1311 2469
1312 2470
1313 2469
1314 2469
1315 2469
1316 2469
1317 2469
1318 2468
1319 2468
1320 2468
1321 2468
1322 2468
1323 2468
1324 2469
1325 2468
1326 2467
1327 2468
1328 2468
1329 2468
1330 2467
1331 2467
1332 2467
1333 2467
1334 2467
1335 2467
1336 2468
1337 2468
1338 2467
1339 2467
1340 2467
1341 2466
1342 2466
1343 2466
1344 2466
1345 2466
1346 2466
1347 2466
1348 2466
1349 2466
1350 2466
1351 2466
1352 2466
1353 2465
1354 2465
1355 2465
1356 2465
1357 2465
1358 2465
1359 2465
1360 2465
1361 2464
1362 2464
1363 2465
1364 2465
1365 2464
1366 2464
1367 2464
1368 2464
1369 2464
1370 2464
1371 2464
1372 2464
1373 2464
1374 2464
1375 2464
1376 2463
1377 2463
1378 2466
1379 2463
1380 2463
1381 2463
1382 2463
1383 2463
1384 2463
1385 2463
1386 2463
1387 2463
1388 2463
1389 2462
1390 2463
1391 2462
1392 2463
1393 2462
1394 2462
1395 2462
1396 2462
1397 2462
1398 2462
1399 2462
1400 2462
1401 2462
1402 2462
1403 2462
1404 2461
1405 2461
1406 2461
1407 2461
1408 2461
1409 2461
1410 2461
1411 2461
1412 2461
1413 2461
1414 2461
1415 2461
1416 2461
1417 2460
1418 2461
1419 2461
1420 2460
1421 2460
1422 2460
1423 2460
1424 2460
1425 2460
1426 2460
1427 2460
1428 2460
1429 2460
1430 2460
1431 2459
1432 2460
1433 2459
1434 2459
1435 2459
1436 2459
1437 2459
1438 2459
1439 2459
1440 2459
1441 2459
1442 2458
1443 2459
1444 2458
1445 2458
1446 2458
1447 2458
1448 2458
1449 2458
1450 2457
1451 2458
1452 2458
1453 2457
1454 2457
1455 2457
1456 2457
1457 2457
1458 2457
1459 2457
1460 2457
1461 2457
1462 2457
1463 2457
1464 2456
1465 2457
1466 2457
1467 2456
1468 2456
1469 2456
1470 2456
1471 2456
1472 2456
1473 2456
1474 2456
1475 2456
1476 2456
1477 2455
1478 2456
1479 2456
1480 2455
1481 2455
1482 2455
1483 2455
1484 2455
1485 2455
1486 2455
1487 2455
1488 2455
1489 2455
1490 2455
1491 2455
1492 2455
1493 2455
1494 2454
1495 2455
1496 2455
1497 2455
1498 2454
1499 2455
1500 2454
1501 2455
1502 2455
1503 2454
1504 2455
1505 2454
1506 2454
1507 2455
1508 2455
1509 2454
1510 2454
1511 2454
1512 2454
1513 2454
1514 2454
1515 2454
1516 2454
1517 2454
1518 2454
1519 2454
1520 2453
1521 2453
1522 2455
1523 2453
1524 2456
1525 2453
1526 2453
1527 2453
1528 2453
1529 2453
1530 2454
1531 2452
1532 2453
1533 2453
1534 2460
1535 2453
1536 2453
1537 2453
1538 2452
1539 2453
1540 2452
1541 2453
1542 2453
1543 2453
1544 2453
1545 2453
1546 2453
1547 2452
1548 2453
1549 2452
1550 2453
1551 2452
1552 2452
1553 2453
1554 2452
1555 2453
1556 2452
1557 2452
1558 2452
1559 2453
1560 2453
1561 2452
1562 2452
1563 2453
1564 2453
1565 2453
1566 2452
1567 2453
1568 2452
1569 2452
1570 2452
1571 2453
1572 2453
1573 2453
1574 2452
1575 2452
1576 2452
1577 2453
1578 2452
1579 2452
1580 2452
1581 2452
1582 2452
1583 2452
1584 2452
1585 2453

432 2514
433 2515
434 2512
435 2508
436 2508
437 2509
438 2509
439 2509
440 2509
441 2509
442 2509
443 2509
444 2509
445 2510
446 2509
447 2510
448 2511
449 2508
450 2509
451 2509
452 2509
453 2512
454 2506
455 2507
456 2511
457 2514
458 2506
459 2509
460 2508
461 2507
462 2502
463 2505
464 2508
465 2508
466 2508
467 2508
468 2511
469 2510
470 2509
471 2509
472 2509
473 2509
474 2509
475 2509
476 2508
477 2508
478 2507
479 2512
480 2507
481 2508
482 2510
483 2508
484 2508
485 2509
486 2502
487 2509
488 2511
489 2510
490 2508
491 2510
492 2510
493 2511
494 2507
495 2508
496 2502
497 2512
498 2510
499 2509
500 2515
501 2514
502 2510
503 2509
504 2509
505 2509
506 2504
507 2504
508 2512
509 2511
510 2503
511 2510
512 2510
513 2507
514 2509
515 2510
516 2501
517 2511
518 2503
519 2503
520 2502
521 2503
522 2509
523 2505
524 2508
525 2508
526 2508
527 2509
528 2500
529 2500
530 2500
531 2510
532 2510
533 2510
534 2510
535 2510
536 2504
537 2500
538 2511
539 2512
540 9999
541 2509
542 2510
543 9999
544 2501
545 9999
546 9999
547 2500
548 9999
549 2511
550 9999
551 9999
570 9999
571 2506
572 2507
573 2508
574 9999
575 2507
576 2505
577 2503
578 2508
579 2502
580 2500
581 9999
582 2501
583 2502
584 9999
585 9999
586 2500
587 9999
588 2505
589 2505
590 9999
591 2500
592 2505
593 2506
594 2504
595 2507
596 2507
597 2507
598 2506
599 2506
600 2506
601 2501
602 2505
603 2505
604 2504
605 2505
606 2506
607 2502
608 2502
609 2506
610 2507
611 2507
612 2509
613 2503
614 2509
615 2506
616 2503
617 2506
618 2505
619 2505
620 2505
621 2505
622 2508
623 2514
624 2516
625 2509
626 2503
627 2503
628 2508
629 2516
630 2505
631 2507
632 2504
633 2505
634 2508
635 2504
636 2504
637 2505
638 2509
639 2514
640 2513
641 2512
642 2514
643 2513
644 2513
645 2513
646 2513
647 2513
648 2515
649 2516
650 2512
651 2512
652 2514
653 2514
654 2513
655 2515
656 2513
657 2512
658 2517
659 2513
660 2512
661 2512
662 2512
663 2513
664 2513
665 2511
666 2511
667 2512
668 2511
669 2511
670 2511
671 2512
672 2512
673 2512
674 2511
675 2511
676 2511
677 2509
678 2511
679 2511
680 2512
681 2510
682 2507
683 2509
684 2510
685 2510
686 2507
687 2505
688 2509
689 2509
690 2509
691 2513
692 2502
693 2508
694 2511
695 2506
696 2508
697 2502
698 2509
699 2510
700 2508
701 9999

