2 2491
3 2491
4 2491
5 2491
6 2491
7 2491
8 2491
9 2491
10 2491
11 2491
12 2491
13 2491
14 2491
15 2491
16 2491
17 2491
18 2491
19 2491
20 2491
21 2491
22 2491
23 2491
24 2491
25 2491
26 2491
27 2491
28 2491
29 2491
30 2491
31 2491
32 2491
33 2491
34 2491
35 2491
36 2491
37 2491
38 2491
39 2491
40 2491
41 2491
42 2491
43 2491
44 2491
45 2491
46 2491
47 2490
48 2491
49 2491
50 2491
51 2491
52 2491
53 2491
54 2491
55 2491
56 2491
57 2491
58 2491
59 2491
60 2491
61 2491
62 2491
63 2491
64 2491
65 2491
66 2491
67 2491
68 2491
69 2491
70 2491
71 2491
72 2491
73 2491
74 2491
75 2491
76 2491
77 2491
78 2491
79 2491
80 2491
81 2491
82 2491
83 2491
84 2491
85 2491
86 2491
87 2491
88 2491
89 2491
90 2491
91 2491
92 2491
93 2491
94 2491
95 2491
96 2491
97 2491
98 2491
99 2491
100 2491
101 2491
102 2491
103 2491
104 2491
105 2490
106 2491
107 2491
108 2491
109 2491
110 2490
111 2491
112 2491
113 2491
114 2491
115 2491
116 2490
117 2490
118 2491
119 2490
120 2490
121 2490
122 2490
123 2490
124 2490
125 2490
126 2490
127 2491
128 2490
129 2490
130 2490
131 2490
132 2490
133 2490
134 2490
135 2489
136 2490
137 2490
138 2490
139 2489
140 2489
141 2489
142 2490
143 2490
144 2490
145 2490
146 2490
147 2490
148 2490
149 2490
150 2490
151 2490
152 2490
153 2490
154 2490
155 2490
156 2490
157 2490
158 2490
159 2490
160 2490
161 2490
162 2490
163 2490
164 2490
165 2490
166 2490
167 2490
168 2490
169 2490
170 2490
171 2490
172 2490
173 2490
174 2490
175 2490
176 2490
177 2490
178 2490
179 2490
180 2490
181 2490
182 2490
183 2490
184 2490
185 2490
186 2490
187 2490
188 2490
189 2490
190 2490
191 2490
192 2490
193 2490
194 2490
195 2490
196 2489
197 2490
198 2490
199 2490
200 2489
201 2489
202 2490
203 2489
204 2489
205 2490
206 2489
207 2489
208 2489
209 2489
210 2489
211 2489
212 2489
213 2489
214 2489
215 2489
216 2489
217 2489
218 2489
219 2489
220 2489
221 2489
222 2489
223 2489
224 2489
225 2489
226 2489
227 2489
228 2489
229 2489
230 2488
231 2488
232 2489
233 2488
234 2489
235 2488
236 2488
237 2488
238 2488
239 2488
240 2488
241 2488
242 2488
243 2488
244 2488
245 2488
246 2488
247 2488
248 2488
249 2488
250 2488
251 2488
252 2488
253 2488
254 2488
255 2488
256 2488
257 2488
258 2488
259 2488
260 2488
261 2488
262 2488
263 2487
264 2487
265 2487
266 2487
267 2487
268 2488
269 2488
270 2487
271 2488
272 2488
273 2487
274 2487
275 2487
276 2487
277 2488
278 2487
279 2487
280 2487
281 2487
282 2487
283 2487
284 2487
285 2487
286 2487
287 2487
288 2487
289 2487
290 2487
291 2486
292 2487
293 2487
294 2487
295 2487
296 2486
297 2487
298 2486
299 2487
300 2487
301 2487
302 2490
303 2487
304 2487
305 2487
306 2486
307 2488
308 2486
309 2486
310 2487
311 2487
312 2487
313 2487
314 2487
315 2487
316 2487
317 2486
318 2488
319 2486
320 2486
321 2486
322 2486
323 2486
324 2486
325 2486
326 2486
327 2486
328 2486
329 2486
330 2486
331 2486
332 2486
333 2486
334 2486
335 2486
336 2486
337 2486
338 2486
339 2486
340 2486
341 2486
342 2486
343 2486
344 2486
345 2486
346 2486
347 2486
348 2486
349 2486
350 2486
351 2486
352 2486
353 2486
354 2485
355 2486
356 2486
357 2486
358 2486
359 2485
360 2485
361 2487
362 2487
363 2487
364 2487
365 2486
366 2486
367 2486
368 2487
369 2486
370 2487
371 2487
372 2487
373 2487
374 2486
375 2487
376 2486
377 2486
378 2486
379 2486
380 2486
381 2486
382 2486
383 2486
384 2486
385 2486
386 2486
387 2486
388 2486
389 2486
390 2486
391 2486
392 2486
393 2486
394 2486
395 2486
396 2486
397 2486
398 2486
399 2486
400 2486
401 2486
402 2486
403 2486
404 2486
405 2486
406 2486
407 2487
408 2487
409 2486
410 2487
411 2486
412 2486
413 2486
414 2486
415 2486
416 2486
417 2486
418 2486
419 2486
420 2486
421 2486
422 2486
423 2486
424 2486
425 2486
426 2486
427 2486
428 2486
429 2486
430 2486
431 2486
432 2486
433 2486
434 2486
435 2486
436 2486
437 2486
438 2486
439 2486
440 2486
441 2486
442 2486
443 2486
444 2486
445 2485
446 2486
447 2486
448 2486
449 2486
450 2486
451 2486
452 2486
453 2486
454 2486
455 2486
456 2486
457 2486
458 2486
459 2486
460 2486
461 2486
462 2486
463 2485
464 2486
465 2486
466 2486
467 2486
468 2486
469 2486
470 2486
471 2486
472 2486
473 2485
474 2486
475 2486
476 2486
477 2485
478 2486
479 2485
480 2486
481 2486
482 2486
483 2486
484 2486
485 2486
486 2486
487 2486
488 2486
489 2486
490 2486
491 2486
492 2486
493 2486
494 2486
495 2486
496 2486
497 2486
498 2486
499 2486
500 2486
501 2486
502 2486
503 2486
504 2486
505 2486
506 2486
507 2486
508 2486
509 2486
510 2486
511 2487
512 2486
513 2486
514 2486
515 2486
516 2486
517 2487
518 2487
519 2487
520 2487
521 2487
522 2487
523 2487
524 2487
525 2486
526 2486
527 2486
528 2487
529 2491
530 2486
531 2486
532 2490
533 2487
534 2487
535 2489
536 2487
537 2491
538 2486
539 2487
540 2487
541 2487
542 2487
543 2487
544 2487
545 2487
546 2487
547 2487
548 2487
549 2487
550 2487
551 2487
552 2492
553 2487
554 2488
555 2487
556 2487
557 2487
558 2487
559 2487
560 2487
561 2487
562 2487
563 2487
564 2487
565 2487
566 2487
567 2487
568 2487
569 2487
570 2487
571 2487
572 2487
573 2487
574 2488
575 2487
576 2487
577 2487
578 2487
579 2488
580 2487
581 2487
582 2488
583 2487
584 2488
585 2487
586 2488
587 2488
588 2487
589 2487
590 2487
591 2487
592 2488
593 2488
594 2488
595 2488
596 2488
597 2488
598 2488
599 2488
600 2487
601 2488
602 2488
603 2488
604 2488
605 2488
606 2488
607 2488
608 2488
609 2488
610 2488
611 2488
612 2488
613 2488
614 2489
615 2488
616 2488
617 2488
618 2488
619 2488
620 2488
621 2488
622 2488
623 2488
624 2488
625 2488
626 2488
627 2488
628 2488
629 2488
630 2488
631 2488
632 2488
633 2488
634 2488
635 2488
636 2488
637 2488
638 2488
639 2488
640 2488
641 2488
642 2488
643 2488
644 2488
645 2488
646 2488
647 2488
648 2488
649 2488
650 2488
651 2488
652 2488
653 2488
654 2488
655 2488
656 2488
657 2488
658 2488
659 2488
660 2488
661 2488
662 2488
663 2488
664 2488
665 2488
666 2488
667 2488
668 2488
669 2488
670 2488
671 2489
672 2488
673 2488
674 2489
675 2489
676 2489
677 2488
678 2489
679 2489
680 2489
681 2489
682 2488
683 2489
684 2489
685 2488
686 2488
687 2489
688 2488
689 2490
690 2488
691 2488
692 2488
693 2488
694 2489
695 2487
696 2488
697 2489
698 2488
699 2489
700 2488
701 2488
702 2489
703 2488
704 2488
705 2488
706 2488
707 2488
708 2489
709 2488
710 2488
711 2488
712 2490
713 2487
714 2491
715 2493
716 2493
717 2489
718 2489
719 2488
720 2488
721 2488
722 2488
723 2488
724 2488
725 2488
726 2488
727 2490
728 2491
729 2491
730 2480
731 2484
732 2485
733 2491
734 2490
735 2488
736 2492
737 2493
738 2494
739 2480
740 2483
741 2483
742 2484
743 2484
744 2485
745 2485
746 2487
747 2486
748 2486
749 2487
750 2486
751 2485
752 2487
753 2490
754 2491
755 2486
756 2486
757 2486
758 2487
759 2488
760 2488
761 2488
762 2489
763 2489
764 2489
765 2489
766 2489
767 2489
768 2488
769 2488
770 2491
771 2490
772 2489
773 2490
774 2493
775 2488
776 2490
777 2489
778 2488
779 2484
780 2484
781 2490
782 2484
783 2491
784 2488
785 2487
786 2489
787 2485
788 2484
789 2485
790 2483
791 2482
792 2481
793 2480
794 2487
795 2478
796 2477
797 2477
798 2477
799 2480
800 2479
910 2489
911 2485
912 2505
913 2505
914 2498
915 2489
916 2489
917 2490
918 2490
919 2490
920 2491
921 2491
922 2490
923 2490
924 2490
925 2489
926 2490
927 2489
928 2492
929 2488
930 2487
931 2489
932 2488
933 2490
934 2493
935 2490
936 2496
937 2495
938 2495
939 2497
940 2491
941 2490
942 2490
943 2490
944 2489
945 2489
946 2490
947 2489
948 2490
949 2491
950 2490
951 2490
952 2490
953 2490
954 2491
955 2491
956 2489
957 2491
958 2492
959 2490
960 2489
961 2489
962 2490
963 2489
964 2490
965 2489
966 2489
967 2490
968 2489
969 2492
970 2489
971 2490
972 2494
973 2489
974 2488
975 2490
976 2490
977 2490
978 2489
979 2489
980 2489
981 2490
982 2489
983 2490
984 2490
985 2490
986 2490
987 2490
988 2490
989 2492
990 2489
991 2489
992 2489
993 2489
994 2489
995 2490
996 2489
997 2489
998 2490
999 2490
1000 2490
1001 2489
1002 2489
1003 2490
1004 2489
1005 2489
1006 2491
1007 2489
1008 2489
1009 2489
1010 2489
1011 2489
1012 2489
1013 2489
1014 2490
1015 2493
1016 2489
1017 2491
1018 2490
1019 2489
1020 2489
1021 2489
1022 2488
1023 2490
1024 2489
1025 2490
1026 2489
1027 2490
1028 2489
1029 2489
1030 2492
1031 2489
1032 2490
1033 2489
1034 2488
1035 2491
1036 2492
1037 2491
1038 2490
1039 2489
1040 2489
1041 2489
1042 2489
1043 2489
1044 2489
1045 2489
1046 2489
1047 2491
1048 2489
1049 2489
1050 2489
1051 2489
1052 2489
1053 2489
1054 2489
1055 2489
1056 2489
1057 2489
1058 2489
1059 2489
1060 2489
1061 2489
1062 2489
1063 2489
1064 2489
1065 2489
1066 2489
1067 2489
1068 2489
1069 2489
1070 2489
1071 2489
1072 2489
1073 2489
1074 2489
1075 2489
1076 2489
1077 2489
1078 2489
1079 2488
1080 2488
1081 2488
1082 2488
1083 2488
1084 2489
1085 2488
1086 2488
1087 2488
1088 2488
1089 2488
1090 2488
1091 2488
1092 2488
1093 2488
1094 2488
1095 2488
1096 2488
1097 2488
1098 2488
1099 2488
1100 2488
1101 2489
1102 2489
1103 2488
1104 2488
1105 2488
1106 2488
1107 2488
1108 2488
1109 2488
1110 2488
1111 2488
1112 2488
1113 2488
1114 2488
1115 2489
1116 2489
1117 2489
1118 2488
1119 2488
1120 2488
1121 2488
1122 2487
1123 2487
1124 2487
1125 2487
1126 2487
1127 2487
1128 2487
1129 2487
1130 2488
1131 2487
1132 2487
1133 2487
1134 2488
1135 2487
1136 2488
1137 2488
1138 2488
1139 2487
1140 2487
1141 2487
1142 2487
1143 2487
1144 2487
1145 2486
1146 2487
1147 2487
1148 2486
1149 2486
1150 2486
1151 2486
1152 2486
1153 2486
1154 2485
1155 2485
1156 2485
1157 2485
1158 2485
1159 2485
1160 2485
1161 2485
1162 2485
1163 2485
1164 2485
1165 2485
1166 2484
1167 2485
1168 2484
1169 2484
1170 2484
1171 2484
1172 2484
1173 2484
1174 2484
1175 2484
1176 2484
1177 2484
1178 2484
1179 2484
1180 2484
1181 2484
1182 2483
1183 2484
1184 2484
1185 2484
1186 2484
1187 2484
1188 2484
1189 2484
1190 2484
1191 2484
1192 2484
1193 2484
1194 2484
1195 2484
1196 2483
1197 2483
1198 2483
1199 2483
1200 2483
1201 2483
1202 2483
1203 2484
1204 2483
1205 2483
1206 2483
1207 2483
1208 2483
1209 2483
1210 2483
1211 2483
1212 2484
1213 2484
1214 2483
1215 2483
1216 2483
1217 2483
1218 2483
1219 2483
1220 2483
1221 2483
1222 2483
1223 2483
1224 2483
1225 2483
1226 2483
1227 2483
1228 2482
1229 2483
1230 2483
1231 2482
1232 2482
1233 2483
1234 2482
1235 2482
1236 2482
1237 2483
1238 2482
1239 2482
1240 2482
1241 2482
1242 2482
1243 2482
1244 2482
1245 2482
1246 2482
1247 2482
1248 2482
1249 2482
1250 2482
1251 2482
1252 2482
1253 2482
1254 2482
1255 2482
1256 2482
1257 2482
1258 2481
1259 2482
1260 2482
1261 2482
1262 2482
1263 2482
1264 2482
1265 2482
1266 2482
1267 2482
1268 2481
1269 2481
1270 2481
1271 2482
1272 2482
1273 2482
1274 2481
1275 2482
1276 2482
1277 2482
1278 2482
1279 2481
1280 2481
1281 2481
1282 2481
1283 2481
1284 2482
1285 2480
1286 2481
1287 2481
1288 2481
1289 2481
1290 2481
1291 2481
1292 2481
1293 2480
1294 2480
1295 2481
1296 2480
1297 2480
1298 2480
1299 2481
1300 2480
1301 2481
1302 2480
1303 2481
1304 2481
1305 2480
1306 2480
1307 2480
1308 2480
1309 2480
1310 2480
1311 2481
1312 2481
1313 2481
1314 2480
1315 2481
1316 2481
1317 2480
1318 2480
1319 2480
1320 2480
1321 2480
1322 2480
1323 2480
1324 2480
1325 2480
1326 2480
1327 2480
1328 2480
1329 2480
1330 2480
1331 2480
1332 2480
1333 2480
1334 2480
1335 2480
1336 2480
1337 2480
1338 2480
1339 2480
1340 2479
1341 2480
1342 2480
1343 2479
1344 2479
1345 2479
1346 2479
1347 2479
1348 2479
1349 2478
1350 2478
1351 2479
1352 2478
1353 2478
1354 2478
1355 2478
1356 2478
1357 2478
1358 2478
1359 2478
1360 2478
1361 2478
1362 2478
1363 2478
1364 2478
1365 2478
1366 2478
1367 2478
1368 2478
1369 2478
1370 2478
1371 2478
1372 2478
1373 2478
1374 2478
1375 2478
1376 2478
1377 2478
1378 2478
1379 2478
1380 2478
1381 2478
1382 2478
1383 2478
1384 2478
1385 2478
1386 2478
1387 2478
1388 2478
1389 2477
1390 2477
1391 2478
1392 2477
1393 2478
1394 2478
1395 2477
1396 2478
1397 2477
1398 2477
1399 2477
1400 2476
1401 2477
1402 2477
1403 2477
1404 2477
1405 2477
1406 2476
1407 2476
1408 2476
1409 2476
1410 2476
1411 2476
1412 2476
1413 2477
1414 2476
1415 2476
1416 2476
1417 2476
1418 2476
1419 2476
1420 2475
1421 2475
1422 2475
1423 2476
1424 2476
1425 2475
1426 2475
1427 2475
1428 2476
1429 2475
1430 2475
1431 2475
1432 2475
1433 2475
1434 2475
1435 2475
1436 2475
1437 2475
1438 2476
1439 2475
1440 2475
1441 2474
1442 2475
1443 2475
1444 2474
1445 2475
1446 2475
1447 2474
1448 2474
1449 2474
1450 2474
1451 2474
1452 2474
1453 2474
1454 2474
1455 2474
1456 2474
1457 2473
1458 2474
1459 2474
1460 2474
1461 2474
1462 2474
1463 2473
1464 2473
1465 2472
1466 2472
1467 2472
1468 2473
1469 2473
1470 2473
1471 2473
1472 2473
1473 2473
1474 2473
1475 2473
1476 2472
1477 2472
1478 2472
1479 2472
1480 2472
1481 2472
1482 2472
1483 2472
1484 2472
1485 2472
1486 2472
1487 2472
1488 2472
1489 2472
1490 2472
1491 2472
1492 2472
1493 2472
1494 2471
1495 2472
1496 2472
1497 2472
1498 2471
1499 2472
1500 2471
1501 2471
1502 2472
1503 2471
1504 2471
1505 2471
1506 2471
1507 2471
1508 2471
1509 2471
1510 2471
1511 2471
1512 2471
1513 2471
1514 2471
1515 2470
1516 2471
1517 2470
1518 2470
1519 2470
1520 2470
1521 2470
1522 2470
1523 2470
1524 2470
1525 2470
1526 2470
1527 2470
1528 2470
1529 2470
1530 2470
1531 2470
1532 2470
1533 2469
1534 2470
1535 2470
1536 2470
1537 2470
1538 2469
1539 2469
1540 2469
1541 2469
1542 2470
1543 2469
1544 2469
1545 2469
1546 2469
1547 2469
1548 2469
1549 2469
1550 2469
1551 2469
1552 2469
1553 2469
1554 2469
1555 2469
1556 2469
1557 2469
1558 2468
1559 2468
1560 2468
1561 2468
1562 2468
1563 2468
1564 2468
1565 2468
1566 2468
1567 2468
1568 2468
1569 2468
1570 2468
1571 2468
1572 2468
1573 2468
1574 2468
1575 2468
1576 2468
1577 2468
1578 2468
1579 2468
1580 2468
1581 2468
1582 2468
1583 2468
1584 2468
1585 2468
1586 2467
1587 2467
1588 2468
1589 2468
1590 2468
1591 2468
1592 2468
1593 2467
1594 2467
1595 2467
1596 2467
1597 2467
1598 2467
1599 2467
1600 2467
1601 2467
1602 2467
1603 2467
1604 2467
1605 2466
1606 2466
1607 2466
1608 2466
1609 2467
1610 2466
1611 2466
1612 2466
1613 2466
1614 2466
1615 2466
1616 2465
1617 2465
1618 2466
1619 2466
1620 2466
1621 2466
1622 2465
1623 2465
1624 2465
1625 2465
1626 2465
1627 2466
1628 2465
1629 2465
1630 2465
1631 2466
1632 2465
1633 2465
1634 2466
1635 2465
1636 2465
1637 2466
1638 2466
1639 2466
1640 2466
1641 2465
1642 2465
1643 2466
1644 2466
1645 2465
1646 2465
1647 2465
1648 2465
1649 2465
1650 2465
1651 2465
1652 2465
1653 2465
1654 2465
1655 2465
1656 2465
1657 2465
1658 2465
1659 2465
1660 2465
1661 2465
1662 2465
1663 2465
1664 2465
1665 2466
1666 2466
1667 2466
1668 2465
1669 2465
1670 2465
1671 2465
1672 2465
1673 2465
1674 2465
1675 2465
1676 2465
1677 2465
1678 2465
1679 2465
1680 2465
1681 2465
1682 2465
1683 2465
1684 2465
1685 2464
1686 2464
1687 2464
1688 2464
1689 2464
1690 2464
1691 2464
1692 2464
1693 2464
1694 2464
1695 2464
1696 2464
1697 2464
1698 2464
1699 2464
1700 2464
1701 2463
1702 2464
1703 2464
1704 2464
1705 2464
1706 2464
1707 2464
1708 2464
1709 2464
1710 2464
1711 2463
1712 2463
1713 2463
1714 2464
1715 2464
1716 2463
1717 2463
1718 2464
1719 2464
1720 2464
1721 2463
1722 2463
1723 2464
1724 2464
1725 2464
1726 2464
1727 2463
1728 2463
1729 2463
1730 2463
1731 2463
1732 2463
1733 2463
1734 2463
1735 2462
1736 2462
1737 2462
1738 2463
1739 2463
1740 2463
1741 2463
1742 2462
1743 2463
1744 2462
1745 2462
1746 2462
1747 2462
1748 2462
1749 2462
1750 2462
1751 2462
1752 2462
1753 2462
1754 2462
1755 2462
1756 2462
1757 2462
1758 2462
1759 2462
1760 2463
1761 2462
1762 2462
1763 2462
1764 2462
1765 2462
1766 2461
1767 2461
1768 2461
1769 2461
1770 2461
1771 2461
1772 2461
1773 2461
1774 2461
1775 2460
1776 2460
1777 2461
1778 2461
1779 2460
1780 2460
1781 2461
1782 2461
1783 2461
1784 2461
1785 2461
1786 2461
1787 2461
1788 2461
1789 2461
1790 2460
1791 2460
1792 2460
1793 2460
1794 2460
1795 2460
1796 2460
1797 2459
1798 2459
1799 2459
1800 2459
1801 2459
1802 2459
1803 2458
1804 2458
1805 2458
1806 2458
1807 2458
1808 2458
1809 2458
1810 2458
1811 2458
1812 2457
1813 2457
1814 2457
1815 2457
1816 2457
1817 2457
1818 2457
1819 2457
1820 2457
1821 2456
1822 2456
1823 2456
1824 2456
1825 2456
1826 2456
1827 2456
1828 2456
1829 2456
1830 2456
1831 2456
1832 2456
1833 2455
1834 2455
1835 2455
1836 2455
1837 2455
1838 2455
1839 2455
1840 2455
1841 2455
1842 2455
1843 2455
1844 2455
1845 2455
1846 2455
1847 2455
1848 2455
1849 2455
1850 2455
1851 2455
1852 2455
1853 2455
1854 2455
1855 2456
1856 2456
1857 2456
1858 2455
1859 2456
1860 2455
1861 2455
1862 2455
1863 2455
1864 2455
1865 2455
1866 2455
1867 2455
1868 2455
1869 2455
1870 2455
1871 2455
1872 2455
1873 2455
1874 2455
1875 2454
1876 2454
1877 2455
1878 2454
1879 2454
1880 2454
1881 2454
1882 2454
1883 2454
1884 2454
1885 2454
1886 2454
1887 2454
1888 2453
1889 2454
1890 2453
1891 2453
1892 2453
1893 2453
1894 2453
1895 2453
1896 2452
1897 2452
1898 2452
1899 2452
1900 2452
1901 2451
1902 2451
1903 2451
1904 2451
1905 2451
1906 2451
1907 2451
1908 2451
1909 2450
1910 2454
1911 2450
1912 2455
1913 2452
1914 2451
1915 2451
1916 2451
1917 2451
1918 2451
1919 2450
1920 2451
1921 2451
1922 2450
1923 2450
1924 2450
1925 2451
1926 2450
1927 2450
1928 2451
1929 2450
1930 2450
1931 2450
1932 2450
1933 2449
1934 2450
1935 2449
1936 2452
1937 2447
1938 2447
1939 2447
1940 2447
1941 2446
1942 2446
1943 2446
1944 2446
1945 2445
1946 2445
1947 2445
1948 2445
1949 2444
1950 2444
1951 2445
1952 2445
1953 2445
1954 2444
1955 2444
1956 2444
1957 2445
1958 2444
1959 2444
1960 2444
1961 2444
1962 2444
1963 2444
1964 2444
1965 2444
1966 2444
1967 2445
1968 2444
1969 2444
1970 2444
1971 2444
1972 2444
1973 2443
1974 2443
1975 2443
1976 2443
1977 2441
1978 2442
1979 2442
1980 2442
1981 2441
1982 2441
1983 2441
1984 2441
1985 2441
1986 2441
1987 2440
1988 2440
1989 2440
1990 2440
1991 2440
1992 2439
1993 2443
1994 2443
1995 2439
1996 2439
1997 2443
1998 2439
1999 2439
2000 2439
2001 2439
2002 2438
2003 2439
2004 2439
2005 2438
2006 2439
2007 2438
2008 2439
2009 2439
2010 2439
2011 2439
2012 2440
2013 2440
2014 2439
2015 2439
2016 2439
2017 2439
2018 2440
2019 2439
2020 2439
2021 2439
2022 2439
2023 2439
2024 2440
2025 2439
2026 2439
2027 2439
2028 2439
2029 2440
2030 2439
2031 2439
2032 2440
2033 2439
2034 2439
2035 2439
2036 2439
2037 2440
2038 2440
2039 2439
2040 2439
2041 2442
2042 2440
2043 2439
2044 2439
2045 2439
2046 2439
2047 2439
2048 2439
2049 2438
2050 2439
2051 2438
2052 2439
2053 2439
2054 2438
2055 2439
2056 2438
2057 2438
2058 2438
2059 2438
2060 2438
2061 2439
2062 2438
2063 2439
2064 2438
2065 2437
2066 2438
2067 2438
2068 2438
2069 2438
2070 2438
2071 2438
2072 2438
2073 2438
2074 2438
2075 2438
2076 2438
2077 2438
2078 2438
2079 2438
2080 2438
2081 2438
2082 2438
2083 2437
2084 2440
2085 2442
2086 2441
2087 2443
2088 2442
2089 2438
2090 2438
2091 2438
2092 2438
2093 2438
2094 2438
2095 2438
2096 2438
2097 2438
2098 2438
2099 2438
2100 2438
2101 2438
2102 2438
2103 2438
2104 2438
2105 2438
2106 2438
2107 2439
2108 2439
2109 2439
2110 2439
2111 2438
2112 2439
2113 2438
2114 2438
2115 2439
2116 2438
2117 2439
2118 2439
2119 2440
2120 2439
2121 2439
2122 2440
2123 2439
2124 2440
2125 2440
2126 2440
2127 2440
2128 2441
2129 2441
2130 2441
2131 2441
2132 2441
2133 2441
2134 2442
2135 2442
2136 2442
2137 2442
2138 2442
2139 2442
2140 2441
2141 2442
2142 2441
2143 2439
2144 2438
2145 2439
2146 2437
2147 2437
2148 2438
2149 2437
2150 2437
2151 2437
2152 2437
2153 2437
2154 2437
2155 2437
2156 2437
2157 2437
2158 2437
2159 2437
2160 2437
2161 2437
2162 2437
2163 2437
2164 2437
2165 2437
2166 2437
2167 2437
2168 2438
2169 2438
2170 2437
2171 2437
2172 2438
2173 2438
2174 2438
2175 2438
2176 2438
2177 2437
2178 2437
2179 2437
2180 2437
2181 2437
2182 2437
2183 2437
2184 2437
2185 2437
2186 2437
2187 2437
2188 2437
2189 2437
2190 2437
2191 2437
2192 2436
2193 2436
2194 2437
2195 2436
2196 2437
2197 2437
2198 2437
2199 2436
2200 2436
2201 2436
2202 2436
2203 2436
2204 2436
2205 2436
2206 2436
2207 2436
2208 2436
2209 2435
2210 2435
2211 2435
2212 2435
2213 2435
2214 2435
2215 2435
2216 2435
2217 2435
2218 2435
2219 2435
2220 2435
2221 2435
2222 2434
2223 2434
2224 2435
2225 2435
2226 2435
2227 2434
2228 2434
2229 2434
2230 2434
2231 2434
2232 2434
2233 2434
2234 2434
2235 2434
2236 2434
2237 2434
2238 2433
2239 2434
2240 2433
2241 2433
2242 2434
2243 2433
2244 2434
2245 2433
2246 2433
2247 2433
2248 2434
2249 2433
2250 2433
2251 2433
2252 2433
2253 2433
2254 2433
2255 2433
2256 2433
2257 2433
2258 2433
2259 2432
2260 2433
2261 2432
2262 2433
2263 2433
2264 2433
2265 2433
2266 2433
2267 2432
2268 2432
2269 2432
2270 2432
2271 2433
2272 2432
2273 2432
2274 2432
2275 2432
2276 2432
2277 2433
2278 2432
2279 2432
2280 2432
2281 2432
2282 2432
2283 2432
2284 2432
2285 2433
2286 2432
2287 2432
2288 2432
2289 2431
2290 2432
2291 2431
2292 2432
2293 2432
2294 2431
2295 2432
2296 2432
2297 2431
2298 2433
2299 2438
2300 2432
2301 2433
2302 2433
2303 2435
2304 2436
2305 2436
2306 2436
2307 2436
2308 2437
2309 2437
2310 2437
2311 2433
2312 2435
2313 2433
2314 2433
2315 2433
2316 2434
2317 2435
2318 2437
2319 2435
2320 2436
2321 2436
2322 2437
2323 2437
2324 2436
2325 2437
2326 2437
2327 2437
2328 2437
2329 2436
2330 2436
2331 2435
2332 2442
2333 2437
2334 2435
2335 2436
2336 2435
2337 2438
2338 2434
2339 2434
2340 2433
2341 2433
2342 2432
2343 2433
2344 2433
2345 2436
2346 2433
2347 2433
2348 2433
2349 2432
2350 2432
2351 2436
2352 2435
2353 2432
2354 2431
2355 2433
2356 2432
2357 2432
2358 2433
2359 2433
2360 2432
2361 2433
2362 2433
2363 2433
2364 2434
2365 2433
2366 2434
2367 2434
2368 2433
2369 2434
2370 2434
2371 2436
2372 2434
2373 2433
2374 2433
2375 2434
2376 2434
2377 2433
2378 2433
2379 2433
2380 2433
2381 2433
2382 2432
2383 2433
2384 2433
2385 2433
2386 2433
2387 2433
2388 2432
2389 2437
2390 2433
2391 2432
2392 2432
2393 2435
2394 2432
2395 2432
2396 2431
2397 2431
2398 2432
2399 2431
2400 2435
2401 2434
2402 2430
2403 2433
2404 2431
2405 2431
2406 2431
2407 2430
2408 2430
2409 2430
2410 2430
2411 2430
2412 2430
2413 2430
2414 2429
2415 2430
2416 2430
2417 2430
2418 2432
2419 2430
2420 2429
2421 2429
2422 2429
2423 2430
2424 2430
2425 2430
2426 2429
2427 2429
2428 2429
2429 2433
2430 2434
2431 2429
2432 2429
2433 2429
2434 2429
2435 2429
2436 2428
2437 2429
2438 2429
2439 2429
2440 2429
2441 2429
2442 2429
2443 2429
2444 2429
2445 2436
2446 2429
2447 2429
2448 2428
2449 2430
2450 2429
2451 2429
2452 2429
2453 2429
2454 2429
2455 2429
2456 2428
2457 2429
2458 2429
2459 2429
2460 2428
2461 2428
2462 2428
2463 2428
2464 2428
2465 2428
2466 2428
2467 2429
2468 2428
2469 2428
2470 2427
2471 2427
2472 2427
2473 2427
2474 2427
2475 2427
2476 2427
2477 2427
2478 2427
2479 2427
2480 2427
2481 2427
2482 2427
2483 2427
2484 2427
2485 2427
2486 2427
2487 2427
2488 2427
2489 2427
2490 2427
2491 2427
2492 2427
2493 2427
2494 2427
2495 2427
2496 2427
2497 2427
2498 2427
2499 2427
2500 2427
2501 2426
2502 2426
2503 2426
2504 2426
2505 2426
2506 2426
2507 2426
2508 2426
2509 2426
2510 2426
2511 2426
2512 2426
2513 2426
2514 2426
2515 2426
2516 2426
2517 2426
2518 2426
2519 2426
2520 2426
2521 2426
2522 2426
2523 2426
2524 2426
2525 2426
2526 2426
2527 2426
2528 2426
2529 2425
2530 2426
2531 2426
2532 2426
2533 2426
2534 2426
2535 2426
2536 2426
2537 2426
2538 2426
2539 2425
2540 2426
2541 2426
2542 2426
2543 2426
2544 2426
2545 2426
2546 2426
2547 2426
2548 2426
2549 2426
2550 2427
2551 2426
2552 2426
2553 2428
2554 2426
2555 2430
2556 2429
2557 2430
2558 2429
2559 2428
2560 2428
2561 2428
2562 2428
2563 2428
2564 2428
2565 2429
2566 2429
2567 2432
2568 2428
2569 2428
2570 2428
2571 2428
2572 2428
2573 2428
2574 2428
2575 2428
2576 2428
2577 2429
2578 2428
2579 2428
2580 2428
2581 2428
2582 2428
2583 2428
2584 2428
2585 2428
2586 2428
2587 2428
2588 2428
2589 2427
2590 2427
2591 2428
2592 2428
2593 2428
2594 2428
2595 2428
2596 2428
2597 2427
2598 2427
2599 2428
2600 2428
2601 2427
2602 2427
2603 2427
2604 2427
2605 2427
2606 2427
2607 2427
2608 2427
2609 2427
2610 2426
2611 2427
2612 2427
2613 2427
2614 2428
2615 2426
2616 2426
2617 2426
2618 2426
2619 2429
2620 2424
2621 2424
2622 2424
2623 2424
2624 2423
2625 2422
2626 2421
2627 2422
2628 2423
2629 2422
2630 2422
2631 2422
2632 2422
2633 2421
2634 2421
2635 2422
2636 2422
2637 2421
2638 2423
2639 2422
2640 2422
2641 2423
2642 2422
2643 2423
2644 2423
2645 2423
2646 2423
2647 2422
2648 2423
2649 2424
2650 2424
2651 2424
2652 2425
2653 2425
2654 2426
2655 2425
2656 2425
2657 2425
2658 2424
2659 2424
2660 2425
2661 2423
2662 2424
2663 2424
2664 2424
2665 2424
2666 2424
2667 2424
2668 2424
2669 2424
2670 2424
2671 2424
2672 2424
2673 2423
2674 2423
2675 2424
2676 2424
2677 2423
2678 2422
2679 2423
2680 2422
2681 2429
2682 2422
2683 2421
2684 2422
2685 2421
2686 2422
2687 2425
2688 2422
2689 2421
2690 2422
2691 2421
2692 2423
2693 2421
2694 2421
2695 2420
2696 2421
2697 2421
2698 2423
2699 2422
2700 2421
2701 2421
2702 2421
2703 2420
2704 2420
2705 2420
2706 2420
2707 2420
2708 2420
2709 2420
2710 2421
2711 2420
2712 2420
2713 2419
2714 2419
2715 2420
2716 2420
2717 2419
2718 2422
2719 2419
2720 2419
2721 2418
2722 2424
2723 2425
2724 2423
2725 2422
2726 2421
2727 2421
2728 2421
2729 2423
2730 2421
2731 2421
2732 2420
2733 2418
2734 2423
2735 2423
2736 2423
2737 2421
2738 2421
2739 2420
2740 2421
2741 2420
2742 2420
2743 2420
2744 2420
2745 2420
2746 2419
2747 2420
2748 2423
2749 2423
2750 2422
2751 2422
2752 2424
2753 2421
2754 2420
2755 2420
2756 2420
2757 2419
2758 2421
2759 2420
2760 2427
2761 2427
2762 2419
2763 2419
2764 2420
2765 2419
2766 2419
2767 2419
2768 2419
2769 2419
2770 2419
2771 2426
2772 2425
2773 2419
2774 2419
2775 2419
2776 2420
2777 2420
2778 2419
2779 2420
2780 2421
2781 2412
2782 2413
2783 2413
2784 2412
2785 2412
2786 2411
2787 2410
2788 2410
2789 2412
2790 2412
2791 2413
2792 2412
2793 2414
2794 2411
2795 2420
2796 2415
2797 2415
2798 2415
2799 2415
2800 2425
2801 2415
2802 2416
2803 2416
2804 2425
2805 2420
2806 2410
2807 2421
2808 2409
2809 2409
2810 2410
2811 2410
2812 2410
2813 2410
2814 2412
2815 2420
2816 2413
2817 2412
2818 2412
2819 2412
2820 2422
2821 2415
2822 2415
2823 2418
2824 2413
2825 2413
2826 2413
2827 2413
2828 2412
2829 2412
2830 2411
2831 2411
2832 2411
2833 2411
2834 2411
2835 2412
2836 2409
2837 2409
2838 2408
2839 2407
2840 2406
2841 2406
2842 2405
2843 2404
2844 2405
2845 2404
2846 2405
2847 2406
2848 2407
2849 2407
2850 2407
2851 2409
2852 2409
2853 2409
2854 2410
2855 2411
2856 2417
2857 2408
2858 2408
2859 2408
2860 2407
2861 2408
2862 2407
2863 2407
2864 2406
2865 2407
2866 2408
2867 2407
2868 2412
2869 2407
2870 2407
2871 2407
2872 2407
2873 2407
2874 2407
2875 2407
2876 2407
2877 2406
2878 2406
2879 2406
2880 2406
2881 2406
2882 2406
2883 2406
2884 2405
2885 2405
2886 2405
2887 2405
2888 2404
2889 2405
2890 2405
2891 2405
2892 2405
2893 2405
2894 2405
2895 2405
2896 2407
2897 2405
2898 2404
2899 2405
2900 2405
2901 2405
2902 2405
2903 2405
2904 2404
2905 2404
2906 2404
2907 2405
2908 2405
2909 2405
2910 2407
2911 2404
2912 2405
2913 2405
2914 2404
2915 2404
2916 2404
2917 2404
2918 2404
2919 2404
2920 2404
2921 2404
2922 2404
2923 2404
2924 2404
2925 2403
2926 2404
2927 2403
2928 2404
2929 2403
2930 2403
2931 2403
2932 2403
2933 2403
2934 2403
2935 2403
2936 2404
2937 2403
2938 2402
2939 2402
2940 2402
2941 2402
2942 2403
2943 2402
2944 2402
2945 2402
2946 2401
2947 2401
2948 2401
2949 2404
2950 2401
2951 2406
2952 2402
2953 2399
2954 2403
2955 2400
2956 2401
2957 2401
2958 2401
2959 2400
2960 2400
2961 2400
2962 2401
2963 2401
2964 2401
2965 2401
2966 2401
2967 2401
2968 2401
2969 2401
2970 2401
2971 2405
2972 2403
2973 2402
2974 2399
2975 2400
2976 2392
2977 2397
2978 2399
2979 2399
2980 2405
2981 2404
2982 2391
2983 2402
2984 2405
2985 2404
2986 2399
2987 2399
2988 2399
2989 2398
2990 2398
2991 2398
2992 2397
2993 2397
2994 2398
2995 2398
2996 2397
2997 2397
2998 2396
2999 2395
3000 2397
3001 2397
3002 2397
3003 2396
3004 2397
3005 2396
3006 2396
3007 2395
3008 2395
3009 2395
3010 2395
3011 2396
3012 2396
3013 2395
3014 2395
3015 2395
3016 2395
3017 2395
3018 2395
3019 2395
3020 2395
3021 2395
3022 2395
3023 2394
3024 2393
3025 2395
3026 2395
3027 2394
3028 2394
3029 2394
3030 2393
3031 2394
3032 2394
3033 2393
3034 2394
3035 2394
3036 2393
3037 2394
3038 2394
3039 2394
3040 2394
3041 2394
3042 2394
3043 2394
3044 2393
3045 2392
3046 2394
3047 2388
3048 2391
3049 2391
3050 2402
3051 2391
3052 2392
3053 2392
3054 2392
3055 2392
3056 2393
3057 2395
3058 2394
3059 2393
3060 2393
3061 2393
3062 2393
3063 2393
3064 2393
3065 2393
3066 2393
3067 2393
3068 2392
3069 2393
3070 2392
3071 2395
3072 2392
3073 2392
3074 2392
3075 2391
3076 2391
3077 2392
3078 2392
3079 2390
3080 2391
3081 2391
3082 2390
3083 2390
3084 2391
3085 2391
3086 2391
3087 2391
3088 2391
3089 2390
3090 2391
3091 2390
3092 2390
3093 2391
3094 2391
3095 2391
3096 2391
3097 2391
3098 2391
3099 2390
3100 2393
3101 2393
3102 2391
3103 2392
3104 2392
3105 2392
3106 2391
3107 2392
3108 2391
3109 2392
3110 2391
3111 2391
3112 2391
3113 2391
3114 2391
3115 2391
3116 2391
3117 2391
3118 2392
3119 2390
3120 2389
3121 2390
3122 2390
3123 2390
3124 2392
3125 2389
3126 2395
3127 2392
3128 2389
3129 2389
3130 2389
3131 2391
3132 2388
3133 2388
3134 2394
3135 2388
3136 2387
3137 2390
3138 2388
3139 2388
3140 2387
3141 2387
3142 2387
3143 2388
3144 2388
3145 2387
3146 2387
3147 2390
3148 2387
3149 2387
3150 2387
3151 2389
3152 2386
3153 2386
3154 2385
3155 2389
3156 2390
3157 2386
3158 2387
3159 2386
3160 2385
3161 2385
3162 2387
3163 2386
3164 2385
3165 2385
3166 2389
3167 2388
3168 2386
3169 2385
3170 2385
3171 2385
3172 2385
3173 2384
3174 2384
3175 2384
3176 2384
3177 2384
3178 2385
3179 2384
3180 2384
3181 2384
3182 2383
3183 2384
3184 2383
3185 2383
3186 2382
3187 2382
3188 2382
3189 2382
3190 2381
3191 2382
3192 2382
3193 2381
3194 2383
3195 2385
3196 2380
3197 2381
3198 2380
3199 2380
3200 2380
3201 2385
3202 2380
3203 2381
3204 2380
3205 2380
3206 2380
3207 2380
3208 2380
3209 2380
3210 2380
3211 2379

192 2510
193 2509
194 2510
195 2516
196 2516
197 2520
198 2516
199 2520
200 2516
201 2507
202 2516
203 2516
204 2515
205 2515
206 2515
207 2515
208 2516
209 2508
210 2506
211 2513
212 2514
213 2516
214 2518
215 2514
216 2515
217 2515
218 2516
219 2515
220 2515
221 2515
222 2515
223 2515
224 2515
225 2519
226 2515
227 2515
228 2515
229 2515
230 2519
231 2517
232 2517
233 2517
234 2508
235 2511
236 2514
237 2514
238 2515
239 2511
240 2516
241 2513
242 2514
243 2517
244 2512
245 2514
246 2506
247 2510
248 2510
249 2512
250 2512
251 2518
252 2512
253 2513
254 2517
255 2504
256 2504
257 2508
258 2513
259 2504
260 2506
261 2507
262 2505
263 2518
264 2505
265 2513
266 2504
267 2512
268 2514
269 2511
270 2505
271 2516
272 2514
273 2509
274 2510
275 2510
276 2511
277 2503
278 2509
279 2511
280 2509
281 2507
282 2506
283 2507
284 2507
285 2508
286 2507
287 2507
288 2507
289 2507
290 2503
291 2507
292 2506
293 2516
294 2507
295 2506
296 2506
297 2507
298 2505
299 2507
300 2507
301 2506
302 2503
303 2515
304 2513
305 2510
306 2503
307 2507
308 2505
309 2507
310 2507
311 2506
312 2506
313 2506
314 2506
315 2506
316 2502
317 2506
318 2516
319 2502
320 2508
321 2508
322 2509
454 2508
455 2501
456 2499
457 2506
458 2506
459 2505
460 2507
461 2506
462 2507
463 2507
464 2507
465 2502
466 2506
467 2502
468 2499
469 2505
470 2500
471 2499
472 2508
473 2507
474 2500
475 2499
476 2501
477 2499
478 2498
479 2502
480 2498
481 2499
482 2507
483 2498
484 2502
485 2498
486 2498
487 2501
488 2500
489 2500
490 2498
491 2507
492 2506
493 2507
494 2506
495 2506
496 2502
497 2501
498 2503
499 2506
500 2502
501 2511
502 2510
503 2505
504 2507
505 2500
506 2499
507 2502
508 2498
509 2498
510 2498
511 2507
512 2505
513 2506
514 2505
515 2498
516 2501
517 9999
518 2506
519 9999
520 9999
521 2501
522 2501
523 9999
524 9999
525 9999
526 9999
527 9999
528 9999
529 9999
530 2500
531 9999
532 9999
533 9999
534 9999
535 9999
536 2503
537 2505
538 2500
539 2501
540 2499
541 2499
542 9999
543 9999
544 9999
545 2505
546 2510
547 2500
548 2503
549 2502
550 2504
551 2499
552 9999
553 2506
554 9999
555 2504
556 2504
557 2504
558 2504
559 2502
560 2499
561 9999
562 2505
563 2504
564 2504
565 2504
566 2504
567 2503
568 2505
569 2504
570 9999
571 9999
572 2504
573 2504
574 2504
575 2504
576 9999
577 2504
578 9999
579 9999
580 2504
581 2505
582 2502
583 2504
584 2505
585 2504
586 2503
587 2503
588 2504
589 2504
590 2504
591 2508
592 2504
593 2504

