3228 2503
3229 2503
3230 2502
3231 2503
3232 2503
3233 2502
3234 2503
3235 2502
3236 2503
3237 2505
3238 2505
3239 2504
3240 2505
3241 2505
3242 2505
3243 2505
3244 2504
3245 2504
3246 2505
3247 2505
3248 2504
3249 2505
3250 2505
3251 2507
3252 2508
3253 2505
3254 2510
3255 2507
3256 2505
3257 2506
3258 2506
3259 2508
3260 2511
3261 2511
3262 2511
3263 2507
3264 2507
3265 2507
3266 2510
3267 2507
3268 2506
3269 2506
3270 2506
3271 2506
3272 2507
3273 2506
3274 2509
3275 2509
3276 2506
3277 2506
3278 2506
3279 2509
3280 2506
3281 2506
3282 2506
3283 2506
3284 2507
3285 2506
3286 2506
3287 2506
3288 2506
3289 2506
3290 2507
3291 2507
3292 2506
3293 2506
3294 2505
3295 2506
3296 2509
3297 2509
3298 2505
3299 2504
3300 2506
3301 2506
3302 2506
3303 2508
3304 2508
3305 2506
3306 2505
3307 2505
3308 2505
3309 2505
3310 2505
3311 2504
3312 2507
3313 2507
3314 2505
3315 2505
3316 2505
3317 2505
3318 2507
3319 2506
3320 2506
3321 2506
3322 2506
3323 2506
3324 2505
3325 2505
3326 2505
3327 2505
3328 2505
3329 2504
3330 2505
3331 2505
3332 2506
3333 2506
3334 2506
3335 2508
3336 2505
3337 2508
3338 2508
3339 2505
3340 2505
3341 2506
3342 2506
3343 2506
3344 2506
3345 2508
3346 2506
3347 2506
3348 2506
3349 2506
3350 2506
3351 2506
3352 2506
3353 2506
3354 2506
3355 2506
3356 2506
3357 2506
3358 2506
3359 2506
3360 2506
3361 2506
3362 2506
3363 2506
3364 2506
3365 2506
3366 2506
3367 2506
3368 2506
3369 2506
3370 2505
3371 2505
3372 2506
3373 2505
3374 2506
3375 2505
3376 2506
3377 2505
3378 2505
3379 2505
3380 2505
3381 2505
3382 2506
3383 2506
3384 2506
3385 2505
3386 2505
3387 2505
3388 2506
3389 2505
3390 2505
3391 2505
3392 2505
3393 2505
3394 2505
3395 2505
3396 2505
3397 2506
3398 2505
3399 2505
3400 2505
3401 2505
3402 2505
3403 2505
3404 2506
3405 2506
3406 2505
3407 2505
3408 2505
3409 2505
3410 2505
3411 2505
3412 2505
3413 2505
3414 2505
3415 2504
3416 2505
3417 2504
3418 2505
3419 2504
3420 2505
3421 2505
3422 2505
3423 2505
3424 2504
3425 2505
3426 2504
3427 2504
3428 2504
3429 2504
3430 2504
3431 2505
3432 2505
3433 2509
3434 2503
3435 2504
3436 2504
3437 2503
3438 2503
3439 2503
3440 2504
3441 2504
3442 2503
3443 2503
3444 2503
3445 2503
3446 2503
3447 2503
3448 2502
3449 2502
3450 2503
3451 2502
3452 2502
3453 2506
3454 2501
3455 2502
3456 2503
3457 2502
3458 2502
3459 2502
3460 2503
3461 2503
3462 2502
3463 2502
3464 2502
3465 2502
3466 2502
3467 2502
3468 2503
3469 2503
3470 2503
3471 2503
3472 2502
3473 2502
3474 2502
3475 2502
3476 2502
3477 2501
3478 2501
3479 2501
3480 2502
3481 2502
3482 2501
3483 2501
3484 2501
3485 2504
3486 2501
3487 2501
3488 2501
3489 2502
3490 2503
3491 2502
3492 2508
3493 2504
3494 2501
3495 2501
3496 2501
3497 2501
3498 2503
3499 2502
3500 2501
3501 2501
3502 2501
3503 2501
3504 2501
3505 2501
3506 2501
3507 2501
3508 2501
3509 2500
3510 2500
3511 2500
3512 2500
3513 2499
3514 2499
3515 2500
3516 2499
3517 2498
3518 2499
3519 2501
3520 2501
3521 2504
3522 2504
3523 2498
3524 2504
3525 2499
3526 2499
3527 2498
3528 2498
3529 2497
3530 2496
3531 2496
3532 2497
3533 2498
3534 2499
3535 2499
3536 2499
3537 2500
3538 2501
3539 2500
3540 2500
3541 2500
3542 2500
3543 2500
3544 2500
3545 2500
3546 2500
3547 2500
3548 2500
3549 2500
3550 2500
3551 2500
3552 2500
3553 2500
3554 2500
3555 2500
3556 2500
3557 2500
3558 2501
3559 2500
3560 2500
3561 2501
3562 2501
3563 2501
3564 2501
3565 2501
3566 2501
3567 2501
3568 2501
3569 2500
3570 2501
3571 2500
3572 2500
3573 2500
3574 2501
3575 2500
3576 2500
3577 2500
3578 2500
3579 2500
3580 2500
3581 2500
3582 2500
3583 2500
3584 2500
3585 2500
3586 2500
3587 2500
3588 2500
3589 2500
3590 2500
3591 2500
3592 2500
3593 2500
3594 2499
3595 2499
3596 2499
3597 2499
3598 2499
3599 2500
3600 2499
3601 2499
3602 2499
3603 2499
3604 2499
3605 2499
3606 2498
3607 2498
3608 2498
3609 2498
3610 2498
3611 2498
3612 2498
3613 2497
3614 2497
3615 2497
3616 2497
3617 2497
3618 2497
3619 2497
3620 2497
3621 2497
3622 2497
3623 2497
3624 2497
3625 2497
3626 2497
3627 2497
3628 2497
3629 2497
3630 2497
3631 2497
3632 2497
3633 2497
3634 2496
3635 2496
3636 2496
3637 2496
3638 2496
3639 2496
3640 2496
3641 2496
3642 2496
3643 2496
3644 2496
3645 2496
3646 2496
3647 2496
3648 2496
3649 2496
3650 2496
3651 2496
3652 2496
3653 2495
3654 2496
3655 2495
3656 2495
3657 2496
3658 2496
3659 2496
3660 2496
3661 2496
3662 2496
3663 2496
3664 2496
3665 2496
3666 2496
3667 2496
3668 2496
3669 2496
3670 2496
3671 2496
3672 2496
3673 2496
3674 2496
3675 2496
3676 2496
3677 2496
3678 2496
3679 2496
3680 2496
3681 2496
3682 2496
3683 2496
3684 2496
3685 2496
3686 2496
3687 2496
3688 2496
3689 2496
3690 2496
3691 2496
3692 2496
3693 2496
3694 2496
3695 2496
3696 2496
3697 2496
3698 2496
3699 2496
3700 2496
3701 2496
3702 2495
3703 2496
3704 2495
3705 2495
3706 2496
3707 2496
3708 2496
3709 2496
3710 2495
3711 2496
3712 2496
3713 2496
3714 2496
3715 2495
3716 2495
3717 2496
3718 2496
3719 2495
3720 2495
3721 2495
3722 2495
3723 2496
3724 2495
3725 2495
3726 2495
3727 2495
3728 2495
3729 2495
3730 2495
3731 2494
3732 2495
3733 2495
3734 2495
3735 2495
3736 2495
3737 2495
3738 2494
3739 2495
3740 2494
3741 2495
3742 2495
3743 2495
3744 2495
3745 2494
3746 2495
3747 2495
3748 2495
3749 2494
3750 2494
3751 2494
3752 2495
3753 2496
3754 2494
3755 2494
3756 2494
3757 2494
3758 2495
3759 2494
3760 2493
3761 2494
3762 2494
3763 2494
3764 2494
3765 2494
3766 2494
3767 2494
3768 2494
3769 2494
3770 2494
3771 2495
3772 2494
3773 2494
3774 2494
3775 2493
3776 2494
3777 2494
3778 2494
3779 2494
3780 2494
3781 2494
3782 2494
3783 2495
3784 2494
3785 2494
3786 2493
3787 2494
3788 2494
3789 2494
3790 2494
3791 2493
3792 2494
3793 2494
3794 2494
3795 2494
3796 2493
3797 2494
3798 2494
3799 2494
3800 2493
3801 2494
3802 2494
3803 2494
3804 2494
3805 2494
3806 2494
3807 2494
3808 2494
3809 2493
3810 2494
3811 2494
3812 2493
3813 2494
3814 2494
3815 2494
3816 2494
3817 2494
3818 2494
3819 2494
3820 2493
3821 2494
3822 2493
3823 2494
3824 2494
3825 2494
3826 2494
3827 2494
3828 2494
3829 2493
3830 2493
3831 2493
3832 2493
3833 2493
3834 2493
3835 2494
3836 2493
3837 2493
3838 2494
3839 2493
3840 2493
3841 2493
3842 2493
3843 2494
3844 2493
3845 2493
3846 2493
3847 2493
3848 2493
3849 2493
3850 2493
3851 2493
3852 2493
3853 2493
3854 2493
3855 2493
3856 2493
3857 2493
3858 2493
3859 2493
3860 2493
3861 2493
3862 2493
3863 2493
3864 2493
3865 2493
3866 2493
3867 2493
3868 2492
3869 2493
3870 2493
3871 2493
3872 2493
3873 2493
3874 2493
3875 2493
3876 2493
3877 2493
3878 2493
3879 2493
3880 2493
3881 2493
3882 2493
3883 2493
3884 2493
3885 2493
3886 2493
3887 2493
3888 2493
3889 2493
3890 2493
3891 2493
3892 2493
3893 2493
3894 2493
3895 2493
3896 2493
3897 2492
3898 2493
3899 2493
3900 2493
3901 2493
3902 2493
3903 2493
3904 2493
3905 2493
3906 2493
3907 2493
3908 2493
3909 2492
3910 2493
3911 2492

3409 2544
3410 2545
3411 2545
3412 2545
3413 2546
3414 2547
3415 2547
3416 2543
3417 2546
3418 2542
3419 2549
3420 2545
3421 2545
3422 2544
3423 2544
3424 2543
3425 2547
3426 2543
3427 2542
3428 2541
3429 2541
3430 2542
3431 2543
3432 2542
3433 2534
3434 2543
3435 2544
3543 2542
3544 2541
3545 2543
3546 2542
3547 2541
3548 2540
3549 2540
3550 2540
3551 2540
3552 2546
3553 2546
3554 2543
3555 2540
3556 2545
3557 2540
3558 2540
3559 2543
3560 2539
3561 2539
3562 2544
3563 2543
3564 2541
3565 2539
3566 2545
3567 2541
3568 2542
3569 2541
3570 2530
3571 2537
3572 2541
3573 2539
3574 2541
3575 2543
3576 2543
3577 2542
3578 2542
3579 2542
3580 2540
3581 2540
3582 2537
3583 2539
3584 2544
3585 2540
3586 2541
3587 2539
3588 2537
3589 2538
3590 2538
3591 2540
3592 2540
3593 2541
3594 2541
3595 2539
3596 2544
3597 2545
3598 2539
3599 2541
3600 2542
3601 2538
3602 2541
3603 2543
3604 2541
3605 2539
3606 2540
3607 2542
3608 2540
3692 2525
3693 2529
3694 2528
3695 2529
3696 2532
3697 2520
3698 2520
3699 2523
3700 2527
3701 2526
3702 2529
3703 2520
3704 2525
3705 2525
3706 2524
3707 2529
3708 2523
3709 2526
3710 2525
3711 2525
3712 2525
3713 2525
3714 2526
3715 2518
3716 2525
3717 2526
3718 2525
3719 2531
3720 2519
3721 2523
3722 2519
3723 2529
3724 2518
3725 2522
3726 2520
3727 2524
3728 2525
3729 2525
3730 2520
3731 2524
3732 2527
3733 2524
3734 2518
3735 2530
3736 2516
3737 2515
3738 2518
3739 2523
3740 2524
3741 2515
3742 2516
3743 2519
3744 2522
3745 2516
3746 2515
3747 2515
3748 2519
3749 2520
3750 2515
3751 2514
3752 2523
3753 2526
3754 2515
3755 2521
3756 2514
3757 2525
3758 2515
3759 2520
3760 2517
3761 2522
3762 2525
3763 2523
3764 2528
3765 2519
3766 2523
3767 2515
3768 2515
3769 2528
3770 2516
3771 2522
3772 2515
3773 2527
3774 2523
3775 2525
3776 2521
3777 2513
3778 2519
3779 2519
3780 2523
3781 2516
3782 2514
3783 2520
3784 2513
3785 2513
3786 2513
3787 2513
3788 2521
3789 2519
3790 2520
3791 2522
3792 2522
3793 2521
3794 2520
3795 2521
3796 2515
3797 2513
3798 2520
3799 2512
3800 2512
3801 2521
3802 2526
3803 2514
3804 2515
3805 2523
3806 2521
3807 2526
3808 2526
3809 2518
3810 2512

