2627 2512
2628 2511
2629 2510
2630 2510
2631 2519
2632 2513
2633 2511
2634 2514
2635 2515
2636 2512
2637 2517
2638 2519
2639 2510
2640 2510
2641 2510
2642 2510
2643 2510
2644 2510
2645 2510
2646 2510
2647 2509
2648 2512
2649 2511
2650 2509
2651 2513
2652 2513
2653 2512
2654 2511
2655 2511
2656 2511
2657 2514
2658 2514
2659 2513
2660 2513
2661 2518
2662 2512
2663 2512
2664 2513
2665 2512
2666 2512
2667 2512
2668 2512
2669 2513
2670 2513
2671 2514
2672 2513
2673 2512
2674 2511
2675 2517
2676 2511
2677 2512
2678 2512
2679 2512
2680 2513
2681 2513
2682 2513
2683 2513
2684 2512
2685 2517
2686 2513
2687 2515
2688 2520
2689 2519
2690 2512
2691 2512
2692 2513
2693 2512
2694 2510
2695 2515
2696 2514
2697 2511
2698 2511
2699 2513
2700 2512
2701 2512
2702 2512
2703 2520
2704 2516
2705 2512
2706 2512
2707 2519
2708 2518
2709 2511
2710 2511
2711 2511
2712 2511
2713 2512
2714 2518
2715 2512
2716 2513
2717 2513
2718 2513
2719 2513
2720 2512
2721 2512
2722 2512
2723 2512
2724 2518
2725 2513
2726 2513
2727 2513
2728 2513
2729 2516
2730 2513
2731 2512
2732 2513
2733 2517
2734 2518
2735 2512
2736 2512
2737 2514
2738 2518
2739 2518
2740 2511
2741 2511
2742 2512
2743 2511
2744 2509
2745 2509
2746 2508
2747 2507
2748 2507
2749 2507
2750 2508
2751 2510
2752 2508
2753 2519
2754 2510
2755 2508
2756 2508
2757 2508
2758 2509
2759 2510
2760 2509
2761 2509
2762 2509
2763 2510
2764 2510
2765 2510
2766 2509
2767 2509
2768 2511
2769 2510
2770 2509
2771 2510
2772 2511
2773 2512
2774 2511
2775 2509
2776 2509
2777 2507
2778 2507
2779 2508
2780 2509
2781 2512
2782 2512
2783 2512
2784 2511
2785 2511
2786 2510
2787 2510
2788 2513
2789 2510
2790 2516
2791 2507
2792 2506
2793 2507
2794 2507
2795 2507
2796 2506
2797 2508
2798 2508
2799 2509
2800 2509
2801 2509
2802 2508
2803 2509
2804 2517
2805 2517
2806 2516
2807 2508
2808 2507
2809 2507
2810 2509
2811 2509
2812 2507
2813 2510
2814 2508
2815 2508
2816 2506
2817 2506
2818 2512
2819 2507
2820 2507
2821 2508
2822 2509
2823 2507
2824 2516
2825 2507
2826 2509
2827 2508
2828 2508
2829 2508
2830 2507
2831 2507
2832 2507
2833 2509
2834 2509
2835 2509
2836 2508
2837 2509
2838 2510
2839 2507
2840 2508
2841 2508
2842 2510
2843 2516
2844 2513
2845 2514
2846 2515
2847 2520
2848 2508
2849 2510
2850 2510
2851 2509
2852 2513
2853 2512
2854 2508
2855 2515
2856 2507
2857 2512
2858 2512
2859 2511
2860 2511
2861 2511
2862 2511
2863 2512
2864 2511
2865 2511
2866 2512
2867 2512
2868 2512
2869 2513
2870 2512
2871 2511
2872 2508
2873 2514
2874 2509
2875 2508
2876 2508
2877 2508
2878 2513
2879 2515
2880 2511
2881 2508
2882 2509
2883 2509
2884 2514
2885 2508
2886 2514
2887 2509
2888 2509
2889 2508
2890 2509
2891 2510
2892 2514
2893 2509
2894 2508
2895 2508
2896 2507
2897 2508
2898 2507
2899 2512
2900 2509
2901 2510
2902 2510
2903 2510
2904 2511
2905 2517
2906 2508
2907 2509
2908 2511
2909 2509
2910 2510
2911 2508
2912 2508
2913 2511
2914 2510
2915 2509
2916 2515
2917 2514
2918 2508
2919 2516
2920 2509
2921 2508
2922 2508
2923 2508
2924 2507
2925 2509
2926 2508
2927 2507
2928 2507
2929 2508
2930 2507
2931 2509
2932 2508
2933 2509
2934 2509
2935 2509
2936 2508
2937 2508
2938 2508
2939 2509
2940 2507
2941 2507
2942 2509
2943 2510
2944 2508
2945 2510
2946 2506
2947 2507
2948 2507
2949 2507
2950 2507
2951 2507
2952 2508
2953 2507
2954 2508
2955 2508
2956 2510
2957 2507
2958 2508
2959 2508
2960 2507
2961 2508
2962 2510
2963 2508
2964 2509
2965 2510
2966 2516
2967 2509
2968 2508
2969 2509
2970 2507
2971 2507
2972 2514
2973 2507
2974 2507
2975 2507
2976 2507
2977 2511
2978 2507
2979 2506
2980 2507
2981 2508
2982 2508
2983 2507
2984 2507
2985 2509
2986 2510
2987 2509
2988 2512
2989 2506
2990 2507
2991 2507
2992 2506
2993 2511
2994 2507
2995 2509
2996 2509
2997 2506
2998 2506
2999 2505
3000 2506
3001 2506
3002 2507
3003 2507
3004 2507
3005 2507
3006 2505
3007 2507
3008 2507
3009 2505
3010 2505
3011 2507
3012 2506
3013 2506
3014 2505
3015 2505
3016 2504
3017 2504
3018 2507
3019 2509
3020 2508
3021 2507
3022 2509
3023 2508
3024 2509
3025 2505
3026 2505
3027 2509
3028 2509
3029 2506
3030 2507
3031 2507
3032 2506
3033 2513
3034 2503
3035 2509
3036 2502
3037 2501
3038 2507
3039 2508
3040 2502
3041 2503
3042 2507
3043 2502
3044 2507
3045 2505
3046 2506
3047 2505
3048 2505
3049 2509
3050 2504
3051 2504
3052 2504
3053 2503
3054 2504
3055 2509
3056 2506
3057 2503
3058 2503
3059 2506
3060 2502
3061 2503
3062 2504
3063 2509
3064 2501
3065 2502
3066 2502
3067 2502
3068 2503
3069 2502
3070 2502
3071 2511
3072 2505
3073 2502
3074 2502
3075 2502
3076 2503
3077 2502
3078 2502
3079 2504
3080 2505
3081 2506
3082 2502
3083 2503
3084 2502
3085 2504
3086 2503
3087 2502
3088 2508
3089 2502
3090 2501
3091 2503
3092 2504
3093 2503
3094 2504
3095 2500
3096 2500
3097 2499
3098 2506
3099 2499
3100 2499
3101 2499
3102 2498
3103 2498
3104 2497
3105 2497
3106 2496
3107 2496
3108 2496
3109 2495
3110 2495
3111 2495
3112 2495
3113 2496
3114 2496
3115 2497
3116 2497
3117 2497
3118 2497
3119 2496
3120 2497
3121 2496
3122 2496
3123 2496
3124 2496
3125 2495
3126 2495
3127 2496
3128 2499
3129 2495
3130 2499
3131 2493
3132 2494
3133 2493
3134 2494
3135 2494
3136 2494
3137 2494
3138 2496
3139 2496
3140 2496
3141 2495
3142 2495
3143 2498
3144 2497
3145 2494
3146 2495
3147 2494
3148 2494
3149 2494
3150 2494
3151 2494
3152 2495
3153 2494
3154 2494
3155 2496
3156 2494
3157 2499
3158 2494
3159 2500
3160 2498
3161 2495
3162 2500
3163 2494
3164 2494
3165 2500
3166 2496
3167 2496
3168 2496
3169 2496
3170 2496
3171 2496
3172 2495
3173 2500
3174 2495
3175 2495
3176 2495
3177 2504
3178 2495
3179 2497
3180 2497
3181 2497
3182 2501
3183 2497
3184 2496
3185 2498
3186 2498
3187 2495
3188 2496
3189 2495
3190 2495
3191 2494
3192 2497
3193 2495
3194 2495
3195 2496
3196 2496
3197 2496
3198 2501
3199 2501
3200 2501
3201 2501
3202 2502
3203 2495
3204 2496
3205 2503
3206 2495
3207 2496
3208 2496
3209 2496
3210 2496
3211 2497
3212 2498
3213 2497
3214 2497
3215 2499
3216 2497
3217 2501
3218 2498
3219 2497
3220 2497
3221 2497
3222 2497
3223 2496
3224 2496
3225 2496
3226 2496
3227 2496
3228 2497
3229 2500
3230 2501
3231 2497
3232 2503
3233 2497
3234 2497
3235 2499
3236 2500
3237 2498
3238 2498
3239 2499
3240 2499
3241 2499
3242 2498
3243 2498
3244 2499
3245 2499
3246 2498
3247 2498
3248 2498
3249 2498
3250 2498
3251 2498
3252 2498
3253 2498
3254 2498
3255 2498
3256 2500
3257 2498
3258 2498
3259 2498
3260 2497
3261 2501
3262 2497
3263 2500
3264 2499
3265 2501
3266 2500
3267 2500
3268 2500
3269 2499
3270 2498
3271 2498
3272 2498
3273 2496
3274 2497
3275 2498
3276 2498
3277 2498
3278 2497
3279 2496
3280 2496
3281 2496
3282 2496
3283 2496
3284 2496
3285 2495
3286 2496
3287 2495
3288 2498
3289 2495
3290 2496
3291 2496
3292 2496
3293 2495
3294 2500
3295 2496
3296 2495
3297 2495
3298 2496
3299 2497
3300 2497
3301 2500
3302 2498
3303 2497
3304 2496
3305 2495
3306 2496
3307 2496
3308 2496
3309 2496
3310 2498
3311 2499
3312 2496
3313 2496
3314 2496
3315 2496
3316 2496
3317 2495
3318 2496
3319 2496
3320 2495
3321 2495
3322 2495
3323 2496
3324 2496
3325 2495
3326 2496
3327 2495
3328 2499
3329 2499
3330 2496
3331 2495
3332 2498
3333 2495
3334 2494
3335 2499
3336 2495
3337 2495
3338 2496
3339 2494
3340 2495
3341 2495
3342 2495
3343 2495
3344 2495
3345 2495
3346 2496
3347 2496
3348 2496
3349 2495
3350 2495
3351 2495
3352 2495
3353 2495
3354 2495
3355 2496
3356 2496
3357 2496
3358 2496
3359 2496
3360 2496
3361 2496
3362 2495
3363 2495
3364 2496
3365 2495
3366 2496
3367 2498
3368 2496
3369 2494
3370 2495
3371 2495
3372 2499
3373 2494
3374 2495
3375 2495
3376 2495
3377 2495
3378 2495
3379 2495
3380 2495
3381 2496
3382 2496
3383 2495
3384 2499
3385 2495
3386 2497
3387 2498
3388 2496
3389 2495
3390 2495
3391 2495
3392 2494
3393 2496
3394 2496
3395 2496
3396 2496
3397 2496
3398 2496
3399 2496
3400 2495
3401 2495
3402 2496
3403 2495
3404 2495
3405 2495
3406 2495
3407 2496
3408 2495
3409 2495
3410 2496
3411 2495
3412 2495
3413 2495
3414 2495
3415 2495
3416 2495
3417 2495
3418 2495
3419 2496
3420 2495
3421 2495
3422 2495
3423 2495
3424 2495
3425 2495
3426 2495
3427 2495
3428 2495
3429 2495
3430 2495
3431 2495
3432 2495
3433 2495
3434 2495
3435 2495
3436 2495
3437 2495
3438 2495
3439 2495
3440 2495
3441 2495
3442 2495
3443 2495
3444 2495
3445 2495
3446 2495
3447 2495
3448 2495
3449 2495
3450 2495
3451 2495
3452 2495
3453 2495
3454 2495
3455 2495
3456 2495
3457 2495
3458 2495
3459 2495
3460 2495
3461 2495
3462 2495
3463 2495
3464 2495
3465 2495
3466 2495
3467 2495
3468 2495
3469 2494
3470 2495
3471 2494
3472 2495
3473 2494
3474 2494
3475 2494
3476 2494
3477 2495
3478 2495
3479 2494
3480 2494
3481 2494
3482 2494
3483 2495
3484 2494
3485 2494
3486 2494
3487 2495
3488 2494
3489 2494
3490 2494
3491 2494
3492 2494
3493 2494
3494 2495
3495 2494
3496 2494
3497 2495
3498 2495
3499 2494
3500 2494
3501 2494
3502 2494
3503 2494
3504 2494
3505 2494
3506 2494
3507 2494
3508 2494
3509 2494
3510 2494
3511 2494
3512 2494
3513 2494
3514 2494
3515 2494
3516 2494
3517 2494
3518 2494
3519 2494
3520 2494
3521 2494
3522 2494
3523 2494
3524 2494
3525 2494
3526 2494
3527 2494
3528 2494
3529 2494
3530 2494
3531 2494
3532 2494
3533 2495
3534 2494
3535 2494
3536 2494
3537 2494
3538 2494
3539 2495
3540 2495
3541 2494
3542 2495
3543 2495
3544 2494
3545 2494
3546 2494
3547 2494
3548 2494
3549 2494
3550 2494
3551 2494
3552 2494
3553 2494
3554 2494
3555 2494
3556 2494
3557 2494
3558 2494
3559 2494
3560 2494
3561 2494
3562 2494
3563 2494
3564 2494
3565 2494
3566 2494
3567 2494
3568 2494
3569 2494
3570 2494
3571 2494
3572 2494
3573 2494
3574 2493
3575 2494
3576 2493
3577 2493
3578 2493
3579 2493
3580 2493
3581 2493
3582 2494
3583 2493
3584 2494
3585 2494
3586 2493
3587 2493
3588 2493
3589 2493
3590 2493
3591 2493
3592 2493
3593 2494
3594 2494
3595 2493
3596 2494
3597 2493
3598 2493
3599 2493
3600 2493
3601 2493
3602 2493
3603 2494
3604 2494
3605 2494
3606 2494
3607 2493
3608 2494
3609 2494
3610 2493
3611 2493
3612 2494
3613 2494
3614 2493
3615 2493
3616 2493
3617 2493
3618 2493
3619 2493
3620 2494
3621 2494
3622 2494
3623 2493
3624 2493
3625 2493
3626 2494
3627 2494
3628 2494
3629 2494
3630 2494
3631 2494
3632 2494
3633 2493
3634 2493
3635 2493
3636 2493
3637 2493
3638 2493
3639 2493
3640 2493
3641 2493
3642 2494
3643 2494
3644 2493
3645 2493
3646 2493
3647 2493
3648 2494
3649 2494
3650 2493
3651 2493
3652 2493
3653 2492
3654 2498
3655 2494
3656 2494
3657 2493
3658 2493
3659 2494
3660 2494
3661 2493
3662 2494
3663 2494
3664 2493
3665 2493
3666 2493
3667 2493
3668 2493
3669 2493
3670 2493
3671 2493
3672 2494
3673 2493
3674 2493
3675 2494
3676 2493
3677 2493
3678 2493
3679 2493
3680 2493
3681 2493
3682 2494
3683 2494
3684 2493
3685 2493
3686 2493
3687 2493
3688 2493
3689 2494
3690 2494
3691 2494
3692 2493
3693 2493
3694 2493
3695 2493
3696 2493
3697 2494
3698 2493
3699 2493
3700 2494
3701 2494
3702 2494
3703 2494
3704 2494
3705 2494
3706 2493
3707 2494
3708 2494
3709 2493
3710 2493
3711 2494
3712 2494
3713 2494
3714 2494
3715 2494
3716 2494
3717 2494
3718 2494
3719 2494
3720 2494
3721 2494
3722 2494
3723 2494
3724 2494
3725 2494
3726 2494
3727 2494
3728 2494
3729 2494
3730 2494
3731 2493
3732 2494
3733 2494
3734 2493
3735 2493
3736 2494
3737 2494
3738 2493
3739 2493
3740 2493
3741 2493
3742 2492
3743 2492
3744 2493
3745 2492
3746 2492
3747 2493
3748 2492
3749 2492
3750 2492
3751 2493
3752 2493
3753 2492
3754 2492
3755 2492
3756 2492
3757 2492
3758 2492
3759 2492
3760 2493
3761 2493
3762 2492
3763 2493
3764 2493
3765 2493
3766 2493
3767 2493
3768 2493
3769 2493
3770 2493
3771 2493
3772 2493
3773 2493
3774 2493
3775 2493
3776 2493
3777 2493
3778 2492
3779 2493
3780 2493
3781 2493
3782 2493
3783 2493
3784 2493
3785 2493
3786 2493
3787 2493
3788 2493
3789 2493
3790 2493
3791 2493
3792 2493
3793 2493
3794 2493
3795 2493
3796 2493
3797 2493
3798 2493
3799 2493
3800 2493
3801 2493
3802 2493
3803 2493
3804 2493
3805 2493
3806 2492
3807 2493
3808 2493
3809 2493
3810 2493
3811 2493
3812 2493
3813 2493
3814 2493
3815 2492
3816 2493
3817 2493
3818 2492
3819 2492
3820 2492
3821 2492
3822 2492
3823 2492
3824 2492
3825 2492
3826 2492
3827 2492
3828 2492
3829 2492
3830 2492
3831 2492
3832 2492
3833 2492
3834 2492
3835 2492
3836 2492
3837 2492
3838 2492
3839 2492
3840 2492
3841 2492
3842 2492
3843 2492
3844 2492
3845 2492
3846 2492
3847 2492
3848 2492
3849 2492
3850 2492
3851 2492
3852 2492
3853 2492
3854 2492
3855 2492
3856 2492
3857 2492
3858 2492
3859 2492
3860 2492
3861 2492
3862 2492
3863 2492
3864 2492
3865 2492
3866 2492
3867 2492
3868 2492
3869 2492
3870 2492
3871 2492
3872 2492
3873 2492
3874 2492
3875 2492
3876 2492
3877 2492
3878 2493
3879 2492
3880 2492
3881 2493
3882 2492
3883 2492
3884 2492
3885 2492
3886 2492
3887 2492
3888 2492
3889 2493
3890 2492
3891 2492
3892 2492
3893 2493
3894 2493
3895 2492
3896 2492
3897 2492
3898 2492
3899 2493
3900 2492
3901 2492
3902 2492
3903 2492
3904 2492
3905 2492
3906 2492
3907 2492
3908 2492
3909 2492
3910 2491
3911 2491
3912 2491
3913 2491
3914 2492

3516 2530
3517 2531
3518 2518
3519 2519
3520 2525
3521 2525
3522 2526
3523 2530
3524 2524
3525 2526
3526 2523
3527 2524
3528 2525
3529 2524
3530 2525
3531 2525
3532 2525
3533 2526
3534 2526
3535 2526
3536 2524
3537 2521
3538 2523
3539 2526
3540 2524
3541 2523
3542 2519
3543 2517
3544 2523
3545 2524
3546 2517
3547 2526
3548 2525
3549 2517
3550 2517
3551 2531
3552 2530
3553 2517
3554 2528
3555 2528
3556 2518
3557 2519
3558 2523
3559 2519
3560 2518
3561 2531
3562 2521
3563 2529
3564 2531
3565 2526
3566 2526
3567 2530
3568 2526
3569 2519
3570 2524
3571 2521
3572 2524
3573 2525
3574 2521
3575 2516
3576 2516
3577 2517
3578 2521
3579 2516
3580 2520
3581 2523
3582 2522
3583 2524
3584 2524
3585 2520
3586 2522
3587 2524
3588 2524
3589 2526
3590 2518
3591 2515
3797 2525
3798 2528
3799 2525
3800 2526
3801 2529
3802 2528
3803 2527
3804 2524
3805 2523
3806 2526
3807 2525
3808 2526
3809 2527
3810 2526
3811 2524
3812 2521
3813 2534
3814 2523
3815 2521
3816 2526
3817 2529
3818 2520
3819 2522
3820 2529
3821 2527
3822 2523
3823 2528
3824 2527
3825 2526
3826 2528
3827 2527
3828 2526
3829 2530
3830 2526
3831 2527
3832 2531
3833 2524
3834 2528
3835 2532
3836 2527
3837 2525
3838 2527
3839 2527
3840 2527
3841 2526
3842 2527
3843 2527
3844 2526
3845 2527
3846 2526
3847 2525
3848 2526
3849 2528
3850 2528
3851 2531
3852 2528
3853 2530
3854 2526
3855 2526
3856 2526
3857 2526
3858 2523
3859 2529
3860 2525
3861 2520
3862 2526
3863 2526
3864 2524
3865 2529
3866 2528
3867 2526
3868 2519
3869 2521
3870 2529
3871 2529
3872 2531
3873 2530
3874 2531
3875 2528
3876 2531
3877 2521
3878 2522
3879 2535
3880 2534
3881 2521
3882 2525
3883 2528
3884 2527
3885 2533
3886 2528
3887 2529

