2 2492
3 2492
4 2492
5 2492
6 2492
7 2492
8 2492
9 2492
10 2492
11 2492
12 2492
13 2492
14 2492
15 2492
16 2492
17 2492
18 2492
19 2492
20 2492
21 2492
22 2492
23 2492
24 2492
25 2492
26 2492
27 2492
28 2492
29 2493
30 2493
31 2493
32 2493
33 2493
34 2493
35 2493
36 2493
37 2493
38 2493
39 2493
40 2493
41 2493
42 2493
43 2493
44 2493
45 2493
46 2493
47 2493
48 2493
49 2493
50 2493
51 2493
52 2493
53 2493
54 2493
55 2493
56 2493
57 2493
58 2493
59 2493
60 2493
61 2493
62 2493
63 2493
64 2493
65 2493
66 2493
67 2493
68 2493
69 2493
70 2493
71 2493
72 2493
73 2494
74 2493
75 2493
76 2493
77 2493
78 2493
79 2493
80 2493
81 2493
82 2493
83 2494
84 2493
85 2494
86 2493
87 2493
88 2493
89 2494
90 2493
91 2493
92 2493
93 2493
94 2493
95 2493
96 2494
97 2495
98 2489
99 2489
100 2493
101 2494
102 2492
103 2493
104 2495
105 2492
106 2492
107 2495
108 2492
109 2492
110 2493
111 2492
112 2493
113 2493
114 2493
115 2493
116 2493
117 2492
118 2492
119 2492
120 2493
121 2493
122 2493
123 2493
124 2493
125 2495
126 2495
127 2490
128 2495
129 2495
130 2484
131 2493
132 2494
133 2492
134 2492
135 2492
136 2483
137 2494
138 2493
139 2492
140 2492
141 2492
142 2491
143 2503
144 2503
145 2498
146 2493
147 2501
148 2483
149 2483
150 2482
151 2488
152 2487
153 2498
154 2495
155 2495
156 2496
157 2496
158 2498
159 2498
160 2501
161 2499
162 2502
163 2499
164 2497
165 2496
166 2500
167 2494
168 2494
169 2497
170 2495
171 2495
172 2496
173 2488
174 2494
175 2494
176 2495
177 2490
178 2500
179 2492
180 2497
181 2490
182 2491
183 2490
184 2491
185 2491
186 2491
187 2493
188 2491
189 2489
190 2489
191 2489
192 2490
193 2491
194 2491
195 2490
196 2491
197 2490
198 2491
199 2490
200 2490
201 2490
202 2490
203 2491
204 2493
205 2494
206 2490
207 2491
208 2491
209 2491
210 2491
211 2491
212 2490
213 2490
214 2491
215 2491
216 2489
217 2490
218 2490
219 2490
220 2490
221 2490
222 2489
223 2489
224 2489
225 2489
226 2489
227 2489
228 2489
229 2489
230 2488
231 2488
232 2488
233 2489
234 2489
235 2489
236 2489
237 2488
238 2488
239 2488
240 2488
241 2488
242 2488
243 2488
244 2488
245 2488
246 2488
247 2488
248 2488
249 2488
250 2488
251 2488
252 2488
253 2488
254 2488
255 2487
256 2487
257 2487
258 2487
259 2487
260 2487
261 2487
262 2487
263 2488
264 2488
265 2488
266 2487
267 2488
268 2487
269 2487
270 2487
271 2487
272 2487
273 2487
274 2487
275 2487
276 2487
277 2488
278 2487
279 2487
280 2487
281 2487
282 2487
283 2487
284 2487
285 2487
286 2487
287 2487
288 2487
289 2487
290 2488
291 2488
292 2488
293 2487
294 2488
295 2488
296 2488
297 2488
298 2488
299 2488
300 2487
301 2488
302 2487
303 2487
304 2487
305 2487
306 2488
307 2487
308 2488
309 2487
310 2487
311 2487
312 2488
313 2488
314 2487
315 2487
316 2487
317 2487
318 2487
319 2488
320 2488
321 2487
322 2487
323 2487
324 2488
325 2487
326 2487
327 2487
328 2487
329 2487
330 2487
331 2487
332 2487
333 2487
334 2487
335 2487
336 2487
337 2487
338 2487
339 2487
340 2487
341 2487
342 2487
343 2487
344 2487
345 2487
346 2487
347 2487
348 2487
349 2487
350 2487
351 2487
352 2487
353 2487
354 2487
355 2487
356 2487
357 2486
358 2486
359 2486
360 2486
361 2486
362 2486
363 2486
364 2486
365 2486
366 2486
367 2486
368 2486
369 2486
370 2486
371 2486
372 2486
373 2486
374 2486
375 2486
376 2486
377 2486
378 2486
379 2486
380 2486
381 2486
382 2486
383 2486
384 2486
385 2486
386 2486
387 2486
388 2486
389 2486
390 2486
391 2486
392 2486
393 2486
394 2486
395 2486
396 2486
397 2486
398 2486
399 2486
400 2486
401 2486
402 2486
403 2486
404 2486
405 2486
406 2486
407 2486
408 2486
409 2486
410 2486
411 2486
412 2486
413 2486
414 2486
415 2486
416 2486
417 2487
418 2487
419 2487
420 2486
421 2487
422 2487
423 2487
424 2487
425 2487
426 2487
427 2487
428 2487
429 2487
430 2487
431 2487
432 2487
433 2487
434 2487
435 2487
436 2487
437 2487
438 2487
439 2487
440 2487
441 2487
442 2487
443 2487
444 2487
445 2487
446 2487
447 2487
448 2487
449 2487
450 2487
451 2487
452 2487
453 2487
454 2487
455 2487
456 2487
457 2487
458 2487
459 2487
460 2487
461 2487
462 2487
463 2487
464 2487
465 2487
466 2487
467 2487
468 2487
469 2488
470 2487
471 2487
472 2487
473 2487
474 2488
475 2493
476 2487
477 2487
478 2487
479 2486
480 2487
481 2486
482 2487
483 2487
484 2487
485 2487
486 2487
487 2487
488 2487
489 2487
490 2487
491 2487
492 2487
493 2487
494 2486
495 2487
496 2487
497 2487
498 2487
499 2487
500 2487
501 2487
502 2487
503 2487
504 2487
505 2487
506 2487
507 2487
508 2488
509 2488
510 2487
511 2487
512 2487
513 2487
514 2487
515 2487
516 2487
517 2487
518 2487
519 2487
520 2487
521 2487
522 2487
523 2487
524 2487
525 2486
526 2486
527 2487
528 2487
529 2487
530 2487
531 2487
532 2487
533 2487
534 2487
535 2487
536 2487
537 2487
538 2487
539 2487
540 2487
541 2487
542 2487
543 2487
544 2487
545 2487
546 2487
547 2487
548 2487
549 2487
550 2487
551 2487
552 2487
553 2490
554 2487
555 2487
556 2487
557 2487
558 2487
559 2487
560 2487
561 2487
562 2487
563 2487
564 2488
565 2487
566 2488
567 2488
568 2487
569 2488
570 2488
571 2488
572 2487
573 2488
574 2488
575 2488
576 2488
577 2487
578 2488
579 2488
580 2488
581 2488
582 2487
583 2488
584 2487
585 2488
586 2488
587 2488
588 2488
589 2488
590 2488
591 2488
592 2488
593 2488
594 2488
595 2488
596 2487
597 2488
598 2488
599 2488
600 2488
601 2488
602 2487
603 2489
604 2488
605 2488
606 2488
607 2487
608 2492
609 2488
610 2488
611 2488
612 2488
613 2489
614 2489
615 2488
616 2488
617 2488
618 2488
619 2488
620 2488
621 2488
622 2488
623 2489
624 2488
625 2488
626 2488
627 2489
628 2488
629 2488
630 2488
631 2489
632 2489
633 2488
634 2489
635 2489
636 2489
637 2489
638 2489
639 2489
640 2489
641 2489
642 2489
643 2489
644 2489
645 2489
646 2489
647 2489
648 2490
649 2489
650 2489
651 2489
652 2489
653 2490
654 2490
655 2490
656 2490
657 2490
658 2490
659 2490
660 2490
661 2490
662 2490
663 2490
664 2490
665 2490
666 2490
667 2490
668 2490
669 2489
670 2490
671 2490
672 2490
673 2490
674 2490
675 2490
676 2490
677 2490
678 2490
679 2490
680 2490
681 2490
682 2490
683 2490
684 2490
685 2490
686 2490
687 2490
688 2490
689 2490
690 2490
691 2490
692 2490
693 2490
694 2490
695 2490
696 2490
697 2490
698 2490
699 2490
700 2490
701 2490
702 2490
703 2490
704 2491
705 2490
706 2490
707 2490
708 2490
709 2491
710 2491
711 2491
712 2490
713 2490
714 2490
715 2490
716 2490
717 2491
718 2491
719 2491
720 2491
721 2490
722 2490
723 2490
724 2490
725 2490
726 2490
727 2491
728 2491
729 2490
730 2490
731 2490
732 2490
733 2491
734 2491
735 2490
736 2490
737 2490
738 2490
739 2490
740 2490
741 2491
742 2490
743 2491
744 2491
745 2490
746 2491
747 2490
748 2491
749 2490
750 2490
751 2491
752 2490
753 2491
754 2490
755 2491
756 2491
757 2491
758 2491
759 2491
760 2490
761 2490
762 2490
763 2490
764 2490
765 2490
766 2490
767 2490
768 2490
769 2490
770 2490
771 2490
772 2490
773 2490
774 2490
775 2491
776 2490
777 2491
778 2490
779 2490
780 2490
781 2490
782 2490
783 2490
784 2490
785 2490
786 2490
787 2490
788 2490
789 2490
790 2490
791 2490
792 2490
793 2490
794 2490
795 2490
796 2490
797 2489
798 2490
799 2490
800 2490
801 2490
802 2490
803 2490
804 2490
805 2490
806 2490
807 2490
808 2490
809 2490
810 2490
811 2490
812 2490
813 2490
814 2490
815 2490
816 2490
817 2490
818 2490
819 2490
820 2489
821 2490
822 2489
823 2489
824 2489
825 2490
826 2490
827 2490
828 2490
829 2490
830 2490
831 2490
832 2490
833 2490
834 2490
835 2490
836 2490
837 2490
838 2490
839 2490
840 2489
841 2489
842 2489
843 2489
844 2490
845 2490
846 2489
847 2489
848 2489
849 2490
850 2490
851 2489
852 2490
853 2489
854 2489
855 2490
856 2490
857 2490
858 2489
859 2491
860 2490
861 2490
862 2490
863 2490
864 2490
865 2490
866 2490
867 2490
868 2490
869 2490
870 2490
871 2490
872 2490
873 2490
874 2490
875 2490
876 2490
877 2490
878 2490
879 2490
880 2490
881 2489
882 2490
883 2490
884 2490
885 2490
886 2489
887 2490
888 2490
889 2489
890 2490
891 2490
892 2490
893 2490
894 2490
895 2490
896 2490
897 2490
898 2490
899 2490
900 2490
901 2490
902 2490
903 2490
904 2490
905 2490
906 2490
907 2490
908 2490
909 2490
910 2490
911 2490
912 2490
913 2490
914 2490
915 2490
916 2490
917 2489
918 2489
919 2489
920 2489
921 2489
922 2489
923 2489
924 2489
925 2489
926 2489
927 2489
928 2489
929 2489
930 2489
931 2489
932 2489
933 2489
934 2489
935 2489
936 2489
937 2490
938 2490
939 2491
940 2492
941 2488
942 2489
943 2489
944 2489
945 2489
946 2489
947 2489
948 2489
949 2489
950 2489
951 2489
952 2489
953 2489
954 2489
955 2489
956 2489
957 2489
958 2489
959 2489
960 2489
961 2489
962 2489
963 2489
964 2489
965 2489
966 2492
967 2488
968 2488
969 2489
970 2490
971 2490
972 2491
973 2488
974 2489
975 2489
976 2489
977 2489
978 2489
979 2489
980 2489
981 2488
982 2488
983 2491
984 2488
985 2488
986 2492
987 2489
988 2489
989 2492
990 2488
991 2489
992 2489
993 2489
994 2489
995 2489
996 2491
997 2489
998 2489
999 2489
1000 2489
1001 2488
1002 2491
1003 2491
1004 2487
1005 2490
1006 2490
1007 2488
1008 2488
1009 2488
1010 2488
1011 2489
1012 2488
1013 2490
1014 2488
1015 2487
1016 2488
1017 2488
1018 2488
1019 2488
1020 2488
1021 2488
1022 2488
1023 2488
1024 2489
1025 2488
1026 2488
1027 2488
1028 2488
1029 2488
1030 2488
1031 2488
1032 2488
1033 2488
1034 2488
1035 2488
1036 2488
1037 2487
1038 2488
1039 2488
1040 2488
1041 2488
1042 2488
1043 2488
1044 2488
1045 2488
1046 2488
1047 2488
1048 2488
1049 2488
1050 2488
1051 2488
1052 2488
1053 2488
1054 2488
1055 2488
1056 2488
1057 2488
1058 2488
1059 2488
1060 2488
1061 2488
1062 2488
1063 2488
1064 2488
1065 2488
1066 2488
1067 2488
1068 2488
1069 2488
1070 2488
1071 2488
1072 2488
1073 2488
1074 2488
1075 2488
1076 2488
1077 2488
1078 2488
1079 2488
1080 2488
1081 2488
1082 2488
1083 2488
1084 2488
1085 2488
1086 2488
1087 2488
1088 2488
1089 2488
1090 2488
1091 2488
1092 2488
1093 2489
1094 2489
1095 2489
1096 2489
1097 2489
1098 2489
1099 2489
1100 2489
1101 2489
1102 2489
1103 2489
1104 2489
1105 2489
1106 2489
1107 2488
1108 2488
1109 2489
1110 2489
1111 2488
1112 2488
1113 2488
1114 2488
1115 2488
1116 2488
1117 2488
1118 2488
1119 2488
1120 2488
1121 2488
1122 2488
1123 2487
1124 2488
1125 2488
1126 2487
1127 2487
1128 2487
1129 2487
1130 2487
1131 2487
1132 2487
1133 2487
1134 2487
1135 2487
1136 2487
1137 2487
1138 2487
1139 2487
1140 2488
1141 2488
1142 2488
1143 2488
1144 2488
1145 2488
1146 2488
1147 2488
1148 2488
1149 2488
1150 2488
1151 2488
1152 2488
1153 2488
1154 2488
1155 2488
1156 2488
1157 2488
1158 2488
1159 2488
1160 2488
1161 2488
1162 2488
1163 2488
1164 2488
1165 2488
1166 2488
1167 2487
1168 2488
1169 2487
1170 2488
1171 2487
1172 2487
1173 2487
1174 2487
1175 2487
1176 2487
1177 2487
1178 2487
1179 2487
1180 2487
1181 2487
1182 2487
1183 2487
1184 2487
1185 2487
1186 2486
1187 2486
1188 2486
1189 2487
1190 2487
1191 2487
1192 2486
1193 2486
1194 2486
1195 2486
1196 2486
1197 2486
1198 2485
1199 2486
1200 2485
1201 2485
1202 2485
1203 2485
1204 2485
1205 2485
1206 2484
1207 2484
1208 2484
1209 2484
1210 2484
1211 2484
1212 2484
1213 2484
1214 2484
1215 2484
1216 2484
1217 2484
1218 2484
1219 2483
1220 2484
1221 2483
1222 2484
1223 2484
1224 2483
1225 2483
1226 2483
1227 2484
1228 2483
1229 2483
1230 2483
1231 2483
1232 2483
1233 2483
1234 2482
1235 2483
1236 2483
1237 2483
1238 2483
1239 2483
1240 2482
1241 2483
1242 2482
1243 2483
1244 2482
1245 2482
1246 2482
1247 2482
1248 2482
1249 2482
1250 2482
1251 2482
1252 2482
1253 2483
1254 2483
1255 2482
1256 2482
1257 2482
1258 2482
1259 2482
1260 2482
1261 2483
1262 2482
1263 2482
1264 2482
1265 2482
1266 2482
1267 2482
1268 2482
1269 2482
1270 2482
1271 2482
1272 2482
1273 2482
1274 2482
1275 2482
1276 2482
1277 2482
1278 2482
1279 2481
1280 2481
1281 2482
1282 2482
1283 2482
1284 2482
1285 2482
1286 2482
1287 2481
1288 2482
1289 2482
1290 2481
1291 2482
1292 2481
1293 2482
1294 2481
1295 2481
1296 2481
1297 2481
1298 2481
1299 2481
1300 2481
1301 2481
1302 2480
1303 2481
1304 2481
1305 2481
1306 2480
1307 2481
1308 2481
1309 2480
1310 2480
1311 2480
1312 2480
1313 2480
1314 2480
1315 2480
1316 2480
1317 2480
1318 2480
1319 2480
1320 2480
1321 2480
1322 2480
1323 2480
1324 2480
1325 2480
1326 2480
1327 2480
1328 2480
1329 2480
1330 2480
1331 2480
1332 2480
1333 2480
1334 2480
1335 2480
1336 2480
1337 2480
1338 2479
1339 2479
1340 2479
1341 2479
1342 2479
1343 2479
1344 2479
1345 2479
1346 2479
1347 2479
1348 2479
1349 2479
1350 2479
1351 2479
1352 2479
1353 2479
1354 2478
1355 2479
1356 2478
1357 2479
1358 2479
1359 2478
1360 2479
1361 2479
1362 2479
1363 2480
1364 2480
1365 2480
1366 2480
1367 2480
1368 2480
1369 2480
1370 2480
1371 2480
1372 2480
1373 2480
1374 2480
1375 2480
1376 2480
1377 2480
1378 2480
1379 2480
1380 2480
1381 2480
1382 2480
1383 2479
1384 2479
1385 2479
1386 2479
1387 2479
1388 2479
1389 2479
1390 2479
1391 2479
1392 2479
1393 2479
1394 2479
1395 2479
1396 2479
1397 2479
1398 2479
1399 2479
1400 2479
1401 2479
1402 2479
1403 2479
1404 2479
1405 2479
1406 2479
1407 2479
1408 2479
1409 2479
1410 2479
1411 2479
1412 2478
1413 2479
1414 2479
1415 2479
1416 2478
1417 2478
1418 2478
1419 2478
1420 2478
1421 2478
1422 2478
1423 2478
1424 2478
1425 2478
1426 2478
1427 2478
1428 2478
1429 2478
1430 2478
1431 2478
1432 2478
1433 2478
1434 2478
1435 2478
1436 2478
1437 2478
1438 2478
1439 2478
1440 2478
1441 2478
1442 2478
1443 2477
1444 2478
1445 2478
1446 2478
1447 2478
1448 2477
1449 2477
1450 2477
1451 2477
1452 2477
1453 2479
1454 2477
1455 2477
1456 2477
1457 2477
1458 2477
1459 2477
1460 2477
1461 2477
1462 2477
1463 2477
1464 2477
1465 2477
1466 2477
1467 2477
1468 2477
1469 2477
1470 2477
1471 2477
1472 2476
1473 2476
1474 2476
1475 2476
1476 2476
1477 2476
1478 2476
1479 2476
1480 2476
1481 2476
1482 2476
1483 2476
1484 2476
1485 2476
1486 2476
1487 2476
1488 2476
1489 2476
1490 2476
1491 2476
1492 2476
1493 2476
1494 2476
1495 2476
1496 2476
1497 2476
1498 2476
1499 2476
1500 2476
1501 2475
1502 2476
1503 2475
1504 2475
1505 2476
1506 2475
1507 2475
1508 2475
1509 2475
1510 2475
1511 2475
1512 2475
1513 2475
1514 2475
1515 2475
1516 2475
1517 2475
1518 2475
1519 2475
1520 2475
1521 2475
1522 2475
1523 2475
1524 2475
1525 2475
1526 2475
1527 2474
1528 2474
1529 2475
1530 2475
1531 2474
1532 2474
1533 2474
1534 2475
1535 2475
1536 2474
1537 2474
1538 2474
1539 2474
1540 2474
1541 2474
1542 2474
1543 2474
1544 2474
1545 2474
1546 2474
1547 2474
1548 2474
1549 2474
1550 2474
1551 2474
1552 2474
1553 2474
1554 2474
1555 2474
1556 2474
1557 2474
1558 2473
1559 2473
1560 2473
1561 2474
1562 2474
1563 2473
1564 2474
1565 2473
1566 2473
1567 2473
1568 2473
1569 2473
1570 2473
1571 2473
1572 2473
1573 2473
1574 2473
1575 2473
1576 2473
1577 2473
1578 2473
1579 2473
1580 2473
1581 2472
1582 2472
1583 2472
1584 2472
1585 2472
1586 2472
1587 2472
1588 2472
1589 2472
1590 2472
1591 2472
1592 2472
1593 2472
1594 2472
1595 2472
1596 2472
1597 2472
1598 2472
1599 2471
1600 2472
1601 2472
1602 2472
1603 2472
1604 2471
1605 2471
1606 2471
1607 2471
1608 2471
1609 2471
1610 2471
1611 2471
1612 2471
1613 2471
1614 2471
1615 2471
1616 2471
1617 2471
1618 2471
1619 2471
1620 2471
1621 2471
1622 2471
1623 2471
1624 2471
1625 2471
1626 2471
1627 2471
1628 2471
1629 2471
1630 2471
1631 2471
1632 2471
1633 2471
1634 2471
1635 2470
1636 2471
1637 2471
1638 2471
1639 2471
1640 2471
1641 2471
1642 2470
1643 2471
1644 2471
1645 2470
1646 2470
1647 2470
1648 2471
1649 2470
1650 2470
1651 2470
1652 2470
1653 2470
1654 2470
1655 2470
1656 2470
1657 2470
1658 2470
1659 2469
1660 2469
1661 2470
1662 2470
1663 2469
1664 2470
1665 2470
1666 2469
1667 2469
1668 2469
1669 2469
1670 2469
1671 2469
1672 2469
1673 2469
1674 2469
1675 2469
1676 2468
1677 2469
1678 2468
1679 2469
1680 2469
1681 2469
1682 2469
1683 2469
1684 2468
1685 2467
1686 2468
1687 2468
1688 2469
1689 2468
1690 2469
1691 2468
1692 2469
1693 2468
1694 2468
1695 2470
1696 2469
1697 2469
1698 2469
1699 2469
1700 2468
1701 2469
1702 2469
1703 2468
1704 2468
1705 2469
1706 2469
1707 2468
1708 2468
1709 2468
1710 2468
1711 2468
1712 2468
1713 2468
1714 2468
1715 2468
1716 2468
1717 2468
1718 2468
1719 2468
1720 2468
1721 2468
1722 2468
1723 2468
1724 2468
1725 2468
1726 2468
1727 2468
1728 2468
1729 2468
1730 2468
1731 2468
1732 2468
1733 2468
1734 2468
1735 2468
1736 2468
1737 2468
1738 2468
1739 2468
1740 2468
1741 2468
1742 2467
1743 2467
1744 2467
1745 2467
1746 2467
1747 2467
1748 2467
1749 2467
1750 2467
1751 2467
1752 2467
1753 2467
1754 2467
1755 2467
1756 2467
1757 2467
1758 2467
1759 2467
1760 2467
1761 2467
1762 2467
1763 2467
1764 2467
1765 2466
1766 2466
1767 2466
1768 2467
1769 2466
1770 2466
1771 2466
1772 2466
1773 2466
1774 2466
1775 2466
1776 2466
1777 2466
1778 2466
1779 2466
1780 2466
1781 2466
1782 2465
1783 2465
1784 2465
1785 2466
1786 2465
1787 2465
1788 2465
1789 2465
1790 2465
1791 2465
1792 2465
1793 2465
1794 2465
1795 2465
1796 2465
1797 2464
1798 2464
1799 2464
1800 2464
1801 2464
1802 2464
1803 2464
1804 2464
1805 2464
1806 2464
1807 2464
1808 2463
1809 2464
1810 2464
1811 2463
1812 2463
1813 2463
1814 2463
1815 2463
1816 2463
1817 2463
1818 2463
1819 2463
1820 2463
1821 2463
1822 2463
1823 2463
1824 2463
1825 2462
1826 2463
1827 2463
1828 2463
1829 2463
1830 2463
1831 2462
1832 2463
1833 2462
1834 2462
1835 2462
1836 2462
1837 2462
1838 2462
1839 2462
1840 2462
1841 2462
1842 2462
1843 2462
1844 2461
1845 2461
1846 2461
1847 2461
1848 2461
1849 2461
1850 2461
1851 2461
1852 2461
1853 2461
1854 2461
1855 2461
1856 2461
1857 2461
1858 2461
1859 2461
1860 2461
1861 2461
1862 2461
1863 2461
1864 2461
1865 2461
1866 2460
1867 2460
1868 2460
1869 2462
1870 2465
1871 2461
1872 2461
1873 2461
1874 2460
1875 2460
1876 2460
1877 2460
1878 2460
1879 2460
1880 2460
1881 2460
1882 2460
1883 2460
1884 2460
1885 2459
1886 2459
1887 2459
1888 2459
1889 2459
1890 2459
1891 2459
1892 2459
1893 2458
1894 2459
1895 2458
1896 2458
1897 2458
1898 2458
1899 2458
1900 2458
1901 2458
1902 2458
1903 2458
1904 2458
1905 2458
1906 2459
1907 2457
1908 2457
1909 2457
1910 2457
1911 2457
1912 2457
1913 2457
1914 2457
1915 2457
1916 2457
1917 2457
1918 2456
1919 2456
1920 2457
1921 2456
1922 2456
1923 2456
1924 2456
1925 2456
1926 2456
1927 2456
1928 2456
1929 2456
1930 2456
1931 2456
1932 2456
1933 2456
1934 2456
1935 2456
1936 2456
1937 2456
1938 2456
1939 2456
1940 2456
1941 2456
1942 2456
1943 2456
1944 2456
1945 2456
1946 2456
1947 2455
1948 2455
1949 2456
1950 2455
1951 2455
1952 2455
1953 2455
1954 2455
1955 2455
1956 2455
1957 2455
1958 2455
1959 2455
1960 2455
1961 2455
1962 2456
1963 2455
1964 2455
1965 2455
1966 2455
1967 2455
1968 2456
1969 2456
1970 2456
1971 2455
1972 2455
1973 2455
1974 2455
1975 2455
1976 2455
1977 2455
1978 2456
1979 2455
1980 2455
1981 2455
1982 2455
1983 2455
1984 2455
1985 2455
1986 2455
1987 2454
1988 2455
1989 2455
1990 2455
1991 2454
1992 2455
1993 2455
1994 2454
1995 2454
1996 2454
1997 2455
1998 2454
1999 2455
2000 2455
2001 2455
2002 2454
2003 2461
2004 2455
2005 2455
2006 2454
2007 2455
2008 2454
2009 2454
2010 2454
2011 2455
2012 2454
2013 2455
2014 2455
2015 2455
2016 2454
2017 2454
2018 2456
2019 2455
2020 2455
2021 2454
2022 2455
2023 2455
2024 2455
2025 2455
2026 2455
2027 2455
2028 2455
2029 2455
2030 2451
2031 2454
2032 2450
2033 2450
2034 2449
2035 2449
2036 2449
2037 2449
2038 2447
2039 2447
2040 2447
2041 2447
2042 2446
2043 2446
2044 2446
2045 2446
2046 2446
2047 2446
2048 2446
2049 2446
2050 2449
2051 2445
2052 2446
2053 2446
2054 2446
2055 2446
2056 2446
2057 2446
2058 2446
2059 2446
2060 2446
2061 2446
2062 2446
2063 2446
2064 2446
2065 2445
2066 2446
2067 2445
2068 2445
2069 2445
2070 2445
2071 2445
2072 2445
2073 2445
2074 2445
2075 2445
2076 2445
2077 2445
2078 2445
2079 2445
2080 2445
2081 2445
2082 2444
2083 2444
2084 2444
2085 2444
2086 2444
2087 2444
2088 2444
2089 2444
2090 2444
2091 2444
2092 2444
2093 2444
2094 2444
2095 2444
2096 2444
2097 2443
2098 2443
2099 2443
2100 2443
2101 2443
2102 2443
2103 2442
2104 2443
2105 2442
2106 2442
2107 2442
2108 2442
2109 2442
2110 2443
2111 2442
2112 2442
2113 2442
2114 2442
2115 2442
2116 2442
2117 2441
2118 2442
2119 2442
2120 2445
2121 2441
2122 2441
2123 2441
2124 2444
2125 2442
2126 2442
2127 2442
2128 2442
2129 2442
2130 2442
2131 2442
2132 2442
2133 2442
2134 2442
2135 2442
2136 2442
2137 2442
2138 2442
2139 2442
2140 2442
2141 2441
2142 2441
2143 2441
2144 2441
2145 2441
2146 2441
2147 2441
2148 2441
2149 2441
2150 2441
2151 2441
2152 2441
2153 2441
2154 2441
2155 2441
2156 2441
2157 2442
2158 2442
2159 2441
2160 2442
2161 2445
2162 2445
2163 2445
2164 2445
2165 2445
2166 2447
2167 2445
2168 2445
2169 2445
2170 2445
2171 2444
2172 2444
2173 2444
2174 2444
2175 2444
2176 2443
2177 2443
2178 2444
2179 2443
2180 2443
2181 2443
2182 2443
2183 2443
2184 2443
2185 2443
2186 2443
2187 2443
2188 2442
2189 2443
2190 2442
2191 2443
2192 2443
2193 2443
2194 2443
2195 2444
2196 2442
2197 2443
2198 2443
2199 2444
2200 2443
2201 2443
2202 2442
2203 2443
2204 2444
2205 2442
2206 2444
2207 2443
2208 2443
2209 2442
2210 2442
2211 2443
2212 2444
2213 2443
2214 2443
2215 2443
2216 2443
2217 2443
2218 2442
2219 2442
2220 2442
2221 2442
2222 2442
2223 2441
2224 2441
2225 2443
2226 2442
2227 2441
2228 2441
2229 2441
2230 2442
2231 2442
2232 2441
2233 2442
2234 2442
2235 2441
2236 2441
2237 2441
2238 2441
2239 2441
2240 2441
2241 2443
2242 2441
2243 2441
2244 2440
2245 2440
2246 2440
2247 2440
2248 2440
2249 2439
2250 2439
2251 2439
2252 2440
2253 2440
2254 2439
2255 2439
2256 2439
2257 2439
2258 2439
2259 2439
2260 2439
2261 2439
2262 2439
2263 2439
2264 2439
2265 2438
2266 2438
2267 2438
2268 2437
2269 2437
2270 2437
2271 2437
2272 2437
2273 2439
2274 2437
2275 2437
2276 2438
2277 2437
2278 2437
2279 2436
2280 2437
2281 2437
2282 2437
2283 2437
2284 2437
2285 2437
2286 2437
2287 2437
2288 2438
2289 2436
2290 2439
2291 2436
2292 2436
2293 2436
2294 2436
2295 2436
2296 2436
2297 2436
2298 2435
2299 2436
2300 2436
2301 2436
2302 2435
2303 2436
2304 2435
2305 2435
2306 2436
2307 2435
2308 2435
2309 2435
2310 2435
2311 2435
2312 2435
2313 2435
2314 2435
2315 2435
2316 2435
2317 2434
2318 2435
2319 2434
2320 2434
2321 2434
2322 2434
2323 2434
2324 2434
2325 2434
2326 2434
2327 2434
2328 2434
2329 2433
2330 2433
2331 2433
2332 2433
2333 2433
2334 2433
2335 2433
2336 2433
2337 2433
2338 2433
2339 2433
2340 2433
2341 2432
2342 2436
2343 2432
2344 2432
2345 2432
2346 2432
2347 2432
2348 2433
2349 2432
2350 2432
2351 2432
2352 2432
2353 2432
2354 2432
2355 2432
2356 2432
2357 2432
2358 2431
2359 2432
2360 2432
2361 2432
2362 2432
2363 2432
2364 2431
2365 2431
2366 2431
2367 2431
2368 2431
2369 2431
2370 2431
2371 2431
2372 2431
2373 2430
2374 2431
2375 2431
2376 2431
2377 2431
2378 2431
2379 2431
2380 2431
2381 2431
2382 2431
2383 2431
2384 2431
2385 2431
2386 2431
2387 2430
2388 2431
2389 2431
2390 2431
2391 2431
2392 2431
2393 2431
2394 2431
2395 2430
2396 2431
2397 2430
2398 2431
2399 2431
2400 2430
2401 2431
2402 2430
2403 2431
2404 2430
2405 2431
2406 2431
2407 2431
2408 2431
2409 2431
2410 2430
2411 2430
2412 2430
2413 2430
2414 2431
2415 2430
2416 2431
2417 2431
2418 2430
2419 2431
2420 2431
2421 2431
2422 2430
2423 2430
2424 2431
2425 2430
2426 2431
2427 2431
2428 2430
2429 2430
2430 2430
2431 2430
2432 2430
2433 2430
2434 2429
2435 2430
2436 2430
2437 2430
2438 2430
2439 2431
2440 2432
2441 2431
2442 2430
2443 2430
2444 2430
2445 2430
2446 2430
2447 2430
2448 2430
2449 2430
2450 2431
2451 2430
2452 2431
2453 2431
2454 2432
2455 2433
2456 2430
2457 2431
2458 2437
2459 2431
2460 2431
2461 2430
2462 2430
2463 2431
2464 2431
2465 2433
2466 2433
2467 2434
2468 2435
2469 2437
2470 2435
2471 2432
2472 2437
2473 2433
2474 2435
2475 2434
2476 2434
2477 2433
2478 2438
2479 2434
2480 2433
2481 2426
2482 2431
2483 2429
2484 2428
2485 2430
2486 2430
2487 2431
2488 2430
2489 2431
2490 2431
2491 2430
2492 2430
2493 2431
2494 2431
2495 2431
2496 2431
2497 2431
2498 2431
2499 2431
2500 2432
2501 2432
2502 2432
2503 2432
2504 2432
2505 2432
2506 2429
2507 2433
2508 2432
2509 2431
2510 2431
2511 2431
2512 2435
2513 2432
2514 2432
2515 2435
2516 2436
2517 2432
2518 2432
2519 2432
2520 2432
2521 2431
2522 2434
2523 2431
2524 2431
2525 2430
2526 2430
2527 2431
2528 2430
2529 2429
2530 2436
2531 2430
2532 2430
2533 2431
2534 2430
2535 2432
2536 2432
2537 2434
2538 2429
2539 2430
2540 2429
2541 2430
2542 2430
2543 2433
2544 2429
2545 2429
2546 2429
2547 2430
2548 2429
2549 2429
2550 2431
2551 2432
2552 2430
2553 2428
2554 2428
2555 2429
2556 2428
2557 2429
2558 2429
2559 2428
2560 2428
2561 2430
2562 2428
2563 2428
2564 2428
2565 2429
2566 2427
2567 2428
2568 2428
2569 2429
2570 2429
2571 2427
2572 2427
2573 2427
2574 2426
2575 2426
2576 2426
2577 2426
2578 2426
2579 2427
2580 2427
2581 2426
2582 2426
2583 2426
2584 2426
2585 2426
2586 2425
2587 2425
2588 2425
2589 2425
2590 2425
2591 2424
2592 2426
2593 2430
2594 2424
2595 2427
2596 2424
2597 2427
2598 2425
2599 2424
2600 2424
2601 2424
2602 2424
2603 2424

1 9999
2 2517
3 2517
4 2515
5 2516
6 2516
7 2516
8 2516
9 2516
10 2517
11 2515
12 2515
13 2516
14 2516
15 2515
16 2516
17 2514
18 2515
19 2516
20 2515
21 2516
22 2515
23 2517
24 2516
25 2520
26 2519
27 2517
28 2517
29 2517
30 2518
31 2518
32 2518
33 2519
34 2517
35 2517
36 2517
37 2517
38 2517
39 2517
40 2517
41 2517
42 2517
43 2517
44 2517
45 2517
46 2522
47 2518
48 2512
49 2519
50 2513
51 2514
52 2518
53 2515
54 2519
55 2519
56 2514
57 2512
218 2511
219 2510
220 2507
221 2507
222 2507
223 2517
224 2518
225 2512
226 2513
227 2511
228 2512
229 2513
230 2513
231 2514
232 2513
233 2516
234 2512
235 2511
236 2514
237 2515
238 2515
239 2512
240 2511
241 2511
242 2511
243 2511
244 2509
245 2512
246 2517
247 2508
248 2513
249 2514
250 2511
251 2508
252 2510
253 2510
254 2510
255 2510
256 2510
257 2510
258 2509
259 2510
260 2510
261 2510
262 2510
263 2510
264 2510
265 2510
266 2510
267 2507
268 2509
269 2508
270 2509
271 2509
272 2509
273 2509
274 2509
275 2509
276 2510
277 2511
278 2509
279 2509
280 2509
281 2509
282 2509
283 2508
284 2510
285 2510
286 2510
287 2509
288 2514
289 2510
290 2510
291 2510
292 2510
293 2510
294 2509
295 2510
296 2510
297 2510
298 2510
299 2510
300 2510
301 2510
302 2511
303 2510
304 2510
305 2510
306 2510
307 2510
308 2510
309 2510
310 2510
311 2510
312 2510
313 2510
314 2510
315 2510
316 2509
317 2510
318 2510
319 2509
320 2510
321 2510
322 2510
323 2510
324 2510
325 2510
326 2510
327 2510
328 2510
329 2510
1011 2527
1012 2526
1013 2525
1014 2527
1015 2535
1016 2524
1017 2524
1018 2523
1019 2529
1020 2529
1021 2531
1022 2527
1023 2528
1024 2523
1025 2522
1026 2522
1027 2521
1028 2521
1029 2519
1030 2519
1031 2523
1032 2522
1033 2520
1034 2525
1035 2527
1036 2524
1037 2517
1038 2528
1039 2526
1040 2528
1041 2527
1042 2520
1043 2520
1044 2526
1045 2523
1046 2523
1047 2526
1048 2515
1049 2525
1050 2521
1051 2515
1052 2523
1053 2515
1054 2524
1055 2524
1056 2526
1057 2516
1058 2520
1059 2520
1060 2519
1061 2519
1062 2524
1063 2521
1064 2520
1065 2521
1066 2519
1067 2518
1068 2512
1069 2520
1070 2518
1071 2519
1072 2518
1073 2519
1074 2518
1075 2518
1076 2519
1077 2520
1078 2516
1079 2519
1080 2511
1081 2513
1082 2520
1083 2519
1084 2518
1085 2518
1086 2518
1087 2522
1088 2517
1089 2517
1090 2518
1091 2511
1092 2521
1093 2516
1094 2516
1095 2511
1096 2516
1097 2516
1098 2516
1099 2516
1100 2516
1101 2515
1102 2516
1103 2514
1104 2515
1105 2515
1106 2515
1107 2514
1108 2515
1109 2516
1110 2512
1111 2515
1112 2515
1113 2518
1114 2511
1115 2517
1116 2515
1117 2514
1118 2515
1119 2516
1120 2516
1121 2512
1122 2524
1123 2516
1124 2516
1125 2514
1126 2515
1127 2515
1128 2511
1129 2519
1130 2516
1131 2516
1132 2515
1133 2513
1134 2512
1135 2516
1136 2514
1137 2514
1138 2514
1139 2513
1140 2515
1141 2524
1142 2518
1143 2513
1144 2516
1145 2516
1146 2516
1147 2516
1148 2516
1149 2516
1150 2519
1151 2510
1152 2512
1153 2511
1154 2520
1155 2521
1156 2516
1157 2515
1158 2517
1159 2516
1160 2516
1161 2514
1162 2510
1163 2516
1164 2515
1165 2516
1166 2515
1167 2515
1168 2513
1169 2515
1170 2516
1171 2515
1172 2516
1173 2515
1174 2516
1175 2514
1176 2515
1177 2522
1178 2510
1179 2516
1180 2510
1181 2510
1182 2510
1183 2514
1184 2514
1185 2513
1186 2514
1187 2515
1188 2515
1189 2514
1190 2520
1191 2515
1192 2513
1193 2520
1194 2513
1195 2516
1196 2514
1197 2519
1198 2514
1199 2515
1200 2514
1201 2513
1202 2514
1203 2514
1204 2513
1205 2513
1206 2514
1207 2513
1208 2513
1209 2513
1210 2513
1211 2513
1212 2513
1213 2513
1214 2513
1215 2513
1216 2512
1217 2513
1218 2513
1219 2513
1220 2514
1221 2523
1222 2513
1223 2519
1224 2520
1225 2512
1226 2511
1227 2519
1228 2513
1229 2515
1230 2515
1231 2513
1232 2512
1233 2512
1234 2511
1235 2512
1236 2515
1237 2514
1238 2514
1239 2513
1240 2513
1241 2514
1242 2514
1243 2519
1244 2517
1245 2511
1246 2512
1247 2509
1248 2514
1249 2511
1250 2518
1251 2517
1252 2521
1253 2513
1254 2515
1255 2516
1256 2514
1257 2516
1258 2508
1259 2519
1260 2509
1261 2515
1262 2515
1263 2510
1264 2509
1265 2508
1266 2508
1267 2517
1268 2508
1269 2522
1270 2511
1271 2513
1272 2513
1273 2509
1274 2521
1275 2508
1276 2513
1277 2521
1278 2519
1279 2508
1280 2515
1281 2515
1282 2511
1283 2521
1284 2520
1285 2512
1286 2507
1287 2507
1288 2517
1289 2516
1290 2519
1291 2521
1292 2517
1293 2509
1294 2509
1295 2507
1296 2513
1297 2516
1298 2511
1299 2521
1300 2513
1301 2513
1302 2513
1303 2519
1304 2512
1305 2508
1306 2520
1307 2512
1308 2518
1309 2512
1310 2506
1311 2516
1312 2510
1313 2507
1314 2520
1315 2514
1316 2512
1317 2519
1318 2520
1319 2515
1320 2518
1321 2511
1322 2515
1323 2509
1324 2511
1325 2511
1326 2511
1327 2511
1328 2511
1329 2511
1330 2511
1331 2511
1332 2512
1333 2511
1334 2511
1335 2511
1336 2510
1337 2512
1338 2509
1339 2507
1340 2509
1341 2511
1342 2508
1343 2517
1344 2506
1345 2512
1346 2512
1347 2519
1348 2507
1349 2511
1350 2510
1351 2512
1352 2512
1353 2511
1354 2505
1355 2504
1356 2510
1357 2505
1358 2506
1359 2509
1360 2515
1361 2510
1362 2507
1363 2510
1364 2514
1365 2512
1366 2512
1367 2505
1368 2511
1369 2512
1370 2504
1371 2511
1372 2505
1373 2509
1374 2512
1375 2512
1376 2504
1377 2511
1378 2504
1379 2511
1380 2503
1381 2506
1382 2504
1383 2512
1384 2503
1385 2517
1386 2511
1387 2509
1388 2510
1389 2504
1390 2512
1391 2512
1392 2511
1393 2512
1394 2511
1395 2509
1396 2511
1397 2510
1398 2511
1399 2510
1400 2511
1401 2511
1402 2510
1403 2510
1404 2515
1405 2511
1406 2511
1407 2503
1408 2506
1409 2511
1410 2511
1411 2517
1412 2510
1413 2511
1414 2510
1415 2511
1416 2517
1417 2510
1418 2517
1419 2517
1420 2515
1421 2510
1422 2510
1423 2509
1424 2510
1425 2505
1426 2509
1427 2510
1428 2506
1429 2510
1430 2511
1431 2512
1432 2509
1433 2509
1434 2507
1435 2509
1436 2509
1437 2511
1438 2508
1439 2511
1440 2508
1441 2502
1442 2504
1443 2516
1444 2507
1445 2509
1446 2508
1447 2511
1448 2504
1449 2502
1450 2510
1451 2515
1452 2511
1453 2516
1454 2508
1455 2514
1456 2513
1457 2512
1458 2509
1459 2515
1460 2510
1461 2509
1462 2502
1463 2511
1464 2511
1465 2516
1466 2512
1467 2515
1468 2511
1469 2515
1470 2513
1471 2508
1472 2511
1473 2511
1474 2510
1475 2511
1476 2511
1477 2511
1478 2510
1479 2511
1480 2510
1481 2515
1482 2509
1483 2512
1484 2512
1485 2515
1486 2513
1487 2511
1488 2511
1489 2511
1490 2510
1491 2510
1492 2511
1493 2511
1494 2511
1495 2502
1496 2514
1497 2513
1498 2508
1499 2510
1500 2502
1501 2510
1502 2511
1503 2503
1504 2503
1505 2508
1506 2502
1507 2501
1508 2504
1509 2501
1510 2511
1511 2514
1512 2501
1513 2515
1514 2505
1515 2511
1516 2511
1517 2510
1518 2510
1519 2515
1520 2510
1521 2511
1522 2511
1523 2511
1524 2502
1525 2510
1526 2512
1527 2514
1528 2514
1529 2510
1530 2510
1531 2510
1532 2510
1533 2509
1534 2502
1535 2509
1536 2509
1537 2509
1538 2513
1539 2509
1540 2510
1541 2510
1542 2501
1543 2515
1544 2510
1545 2510
1546 2510
1547 2509
1548 2510
1549 2509
1550 2510
1551 2510
1552 2509
1553 2510
1554 2510
1555 2510
1556 2515
1557 2510
1558 2510
1559 2510
1560 2501
1561 2511
1562 2509
1563 2509
1564 2513
1565 2504
1566 2514
1567 2501
1568 2508
1569 2509
1570 2512
1571 2508
1572 2502
1573 2503
1574 2503
1575 2507
1576 2512
1577 2512
1578 2516
1579 2510
1580 2513
1581 2511
1582 2505
1583 2503
1584 2502
1585 2502
1586 2508
1587 2509
1588 2508
1589 2507
1590 2506
1591 2509
1592 2516
1593 2515
1594 2509
1595 2507
1596 2505
1597 2511
1598 2508
1599 2514
1600 2507
1601 2506
1602 2506
1603 2507
1604 2507
1605 2507
1606 2506
1607 2511
1608 2504
1609 2516
1610 2511
1611 2509
1612 2505
1613 2508
1614 2514
1615 2506
1616 2511
1617 2506
1618 2507
1619 2510
1620 2506
1621 2507
1622 2505
1623 2505
1624 2504
1625 2511
1626 2511
1627 2512
1628 2507
1629 2515
1630 2504
1631 2505
1632 2505
1633 2505
1634 2506
1635 2509
1636 2508
1637 2503
1638 2506
1639 2507
1640 2514
1641 2506
1642 2505
1643 2505
1644 2505
1645 2505
1646 2506
1647 2506
1648 2506
1649 2506
1650 2506
1651 2507
1652 2513
1653 2500
1654 2500
1655 2504
1656 2509
1657 2503
1658 2504
1659 2504
1660 2502
1661 2504
1662 2504
1663 2504
1664 2503
1665 2504
1666 2504
1667 2503
1668 2503
1669 2499
1670 2502
1671 2512
1672 2503
1673 2499
1674 2503
1675 2502
1676 2502
1677 2503
1678 2503
1679 2501
1680 2498
1681 2499
1682 2501
1683 2502
1684 2503
1685 2502
1686 2502
1687 2502
1688 2504
1689 2500
1690 2502
1691 2503
1692 2510
1693 2501
1694 2509
1695 2497
1696 2509
1697 2511
1698 2504
1699 2504
1700 2497
1701 2504
1702 2505
1703 2497
1704 2502
1705 2508
1706 2497
1707 2501
1708 2503
1709 2500
1710 2497
1711 2508
1712 2503
1713 2506
1714 2504
1715 2504
1716 2503
1717 2508
1718 2503
1719 2499
1720 2503
1721 2505
1722 2503
1723 2505
1724 2507
1725 2507
1726 2503
1727 2503
1728 2505
1729 2497
1730 2497
1731 2507
1732 2507
1733 2508
1734 2507
1735 2511
1736 2506
1737 2507
1738 2504
1739 2508
1740 2508
1741 2503
1742 2503
1743 2505
1744 2504
1745 2501
1746 2501
1747 2500
1748 2498
1749 2500
1750 2496
1751 2501
1752 2501
1753 2501
1754 2502
1755 2501
1756 2498
1757 2494
1758 2501
1759 2501
1760 2500
1761 2500
1762 2500
1763 2499
1764 2500
1765 2499
1766 2502
1767 2500
1768 2495
1769 2500
1770 2499
1771 2499
1772 2499
1773 2498
1774 2498
1775 2498
1776 2497
1777 2498
1778 2497
1779 2497
1780 2498
1781 2498
1782 2496
1783 2496
1784 2497
1785 2498
1786 2497
1787 2496
1788 2496
1789 2496
1790 2496
1791 2495
1792 2495
1793 2494
1794 2495
1795 2499
1796 2492
1797 2493
1798 2495
1799 2495
1800 2493
1801 2493
1802 2493
1803 2492
1804 2491
1805 2492
1806 2493
1807 2491
1808 2492
1809 2486
1810 2491
1811 2484
1812 2490
1813 2484
1814 2489
1815 2490
1816 2489
1817 2484
1818 2489
1819 2489
1820 2488
1821 2490
1822 2488
1823 2491
1824 2487
1825 2484
1826 2489
1827 2483
1828 2487

1377 2542
1378 2548
1379 2542
1380 2540
1381 2540
1382 2539
1383 2539
1384 2537
1385 2535
1386 2535
1387 2533
1388 2534
1389 2533
1390 2532
1391 2530
1392 2530
1393 2530
1394 2529
1395 2529
1396 2528
1397 2527
1398 2526
1399 2526
1400 2525
1401 2524
1402 2524
1403 2523
1404 2521
1405 2522
1406 2522
1407 2521
1408 2515
1409 2521
1410 2520
1411 2518
1412 2519
1413 2512
1414 2511
1415 2511
1416 2518
1417 2510
1418 2517
1419 2517
1420 2515

