1 2493
2 2495
3 2495
4 2495
5 2495
6 2495
7 2495
8 2495
9 2494
10 2494
11 2495
12 2495
13 2495
14 2495
15 2495
16 2495
17 2494
18 2495
19 2494
20 2495
21 2494
22 2494
23 2494
24 2494
25 2494
26 2494
27 2494
28 2494
29 2494
30 2494
31 2494
32 2494
33 2494
34 2494
35 2494
36 2494
37 2494
38 2494
39 2495
40 2494
41 2494
42 2494
43 2494
44 2494
45 2494
46 2494
47 2494
48 2494
49 2493
50 2494
51 2494
52 2494
53 2494
54 2494
55 2493
56 2494
57 2493
58 2493
59 2494
60 2494
61 2493
62 2494
63 2493
64 2493
65 2493
66 2493
67 2493
68 2494
69 2493
70 2493
71 2493
72 2493
73 2493
74 2493
75 2493
76 2494
77 2493
78 2493
79 2493
80 2493
81 2493
82 2493
83 2493
84 2492
85 2493
86 2492
87 2493
88 2492
89 2492
90 2492
91 2492
92 2492
93 2492
94 2492
95 2492
96 2492
97 2492
98 2492
99 2492
100 2492
101 2492
102 2492
103 2492
104 2492
105 2492
106 2492
107 2492
108 2492
109 2492
110 2492
111 2492
112 2492
113 2492
114 2492
115 2492
116 2492
117 2492
118 2491
119 2492
120 2492
121 2491
122 2492
123 2492
124 2491
125 2491
126 2492
127 2492
128 2492
129 2492
130 2492
131 2491
132 2491
133 2491
134 2491
135 2491
136 2491
137 2491
138 2493
139 2492
140 2492
141 2492
142 2492
143 2492
144 2492
145 2491
146 2491
147 2492
148 2492
149 2491
150 2491
151 2491
152 2491
153 2495
154 2497
155 2491
156 2492
157 2493
158 2491
159 2492
160 2492
161 2491
162 2491
163 2491
164 2491
165 2491
166 2492
167 2493
168 2494
169 2491
170 2491
171 2491
172 2491
173 2491
174 2491
175 2491
176 2491
177 2491
178 2491
179 2491
180 2491
181 2491
182 2491
183 2491
184 2491
185 2491
186 2491
187 2491
188 2491
189 2491
190 2491
191 2491
192 2492
193 2491
194 2491
195 2491
196 2491
197 2491
198 2491
199 2491
200 2490
201 2491
202 2491
203 2491
204 2491
205 2491
206 2491
207 2491
208 2491
209 2491
210 2491
211 2491
212 2491
213 2490
214 2490
215 2490
216 2491
217 2491
218 2491
219 2491
220 2491
221 2491
222 2490
223 2490
224 2490
225 2490
226 2490
227 2490
228 2490
229 2490
230 2490
231 2489
232 2489
233 2490
234 2490
235 2490
236 2490
237 2490
238 2490
239 2490
240 2490
241 2490
242 2490
243 2490
244 2490
245 2490
246 2490
247 2489
248 2489
249 2489
250 2489
251 2490
252 2490
253 2490
254 2489
255 2489
256 2489
257 2489
258 2489
259 2489
260 2489
261 2489
262 2489
263 2489
264 2489
265 2489
266 2489
267 2490
268 2489
269 2489
270 2489
271 2489
272 2489
273 2489
274 2489
275 2489
276 2489
277 2489
278 2489
279 2489
280 2489
281 2489
282 2489
283 2489
284 2489
285 2489
286 2489
287 2489
288 2489
289 2489
290 2489
291 2489
292 2489
293 2488
294 2489
295 2489
296 2489
297 2489
298 2489
299 2489
300 2489
301 2489
302 2488
303 2489
304 2488
305 2488
306 2489
307 2489
308 2488
309 2488
310 2488
311 2488
312 2488
313 2488
314 2489
315 2488
316 2488
317 2488
318 2488
319 2488
320 2488
321 2488
322 2487
323 2493
324 2489
325 2488
326 2488
327 2488
328 2487
329 2487
330 2487
331 2487
332 2487
333 2486
334 2487
335 2487
336 2486
337 2486
338 2486
339 2486
340 2486
341 2486
342 2486
343 2486
344 2487
345 2489
346 2486
347 2486
348 2485
349 2485
350 2484
351 2484
352 2485
353 2485
354 2488
355 2485
356 2484
357 2483
358 2483
359 2483
360 2483
361 2483
362 2488
363 2482
364 2482
365 2481
366 2482
367 2482
368 2483
369 2483
370 2482
371 2482
372 2482
373 2482
374 2482
375 2481
376 2481
377 2481
378 2493
379 2481
380 2480
381 2480
382 2480
383 2479
384 2478
385 2480
386 2477
387 2480
388 2476
389 2479
390 2476
391 2477
392 2476
393 2475
394 2475
395 2474
396 2475
397 2473
398 2474
399 2475
400 2476
401 2475
402 2472
403 2470
404 2468
405 2468
406 2473
407 2469
408 2467
409 2466
410 2466
411 2467
412 2466
413 2465
414 2465
415 2465
416 2465
417 2464
418 2465
419 2463
420 2464
421 2463
422 2462
423 2462
424 2463
425 2462
426 2461
427 2461
428 2461
429 2461
430 2461
1058 2465
1059 2464
1060 2465
1061 2465
1062 2465
1063 2466
1064 2467
1065 2468
1066 2468
1067 2471
1068 2471
1069 2471
1070 2472
1071 2472
1072 2473
1073 2474
1074 2474
1075 2475
1076 2475
1077 2475
1078 2476
1079 2476
1080 2477
1081 2477
1082 2477
1083 2478
1084 2478
1085 2478
1086 2478
1087 2478
1088 2478
1089 2478
1090 2478
1091 2478
1092 2478
1093 2479
1094 2479
1095 2480
1096 2480
1097 2480
1098 2480
1099 2480
1100 2482
1101 2482
1102 2483
1103 2480
1104 2480
1105 2480
1106 2481
1107 2481
1108 2481
1109 2480
1110 2480
1111 2480
1112 2479
1113 2481
1114 2481
1115 2481
1116 2481
1117 2482
1118 2482
1119 2482
1120 2482
1121 2486
1122 2483
1123 2483
1124 2484
1125 2484
1126 2484
1127 2485
1128 2484
1129 2484
1130 2485
1131 2484
1132 2484
1133 2484
1134 2484
1135 2485
1136 2485
1137 2485
1138 2485
1139 2486
1140 2486
1141 2486
1142 2486
1143 2486
1144 2487
1145 2487
1146 2487
1147 2488
1148 2493
1149 2488
1150 2488
1151 2492
1152 2490
1153 2488
1154 2488
1155 2488
1156 2488
1157 2487
1158 2487
1159 2487
1160 2487
1161 2487
1162 2487
1163 2487
1164 2487
1165 2487
1166 2487
1167 2488
1168 2487
1169 2486
1170 2486
1171 2486
1172 2486
1173 2486
1174 2486
1175 2486
1176 2486
1177 2486
1178 2486
1179 2487
1180 2486
1181 2486
1182 2486
1183 2486
1184 2485
1185 2485
1186 2485
1187 2485
1188 2485
1189 2485
1190 2485
1191 2486
1192 2485
1193 2485
1194 2485
1195 2485
1196 2485
1197 2485
1198 2484
1199 2485
1200 2485
1201 2485
1202 2485
1203 2485
1204 2485
1205 2489
1206 2488
1207 2484
1208 2485
1209 2485
1210 2485
1211 2485
1212 2484
1213 2484
1214 2485
1215 2485
1216 2485
1217 2485
1218 2484
1219 2485
1220 2484
1221 2485
1222 2485
1223 2485
1224 2484
1225 2484
1226 2484
1227 2484
1228 2485
1229 2484
1230 2484
1231 2484
1232 2485
1233 2485
1234 2484
1235 2485
1236 2485
1237 2485
1238 2484
1239 2484
1240 2485
1241 2484
1242 2484
1243 2484
1244 2484
1245 2484
1246 2484
1247 2484
1248 2484
1249 2484
1250 2484
1251 2484
1252 2484
1253 2484
1254 2484
1255 2483
1256 2484
1257 2484
1258 2484
1259 2484
1260 2484
1261 2484
1262 2484
1263 2484
1264 2484
1265 2484
1266 2484
1267 2484
1268 2483
1269 2484
1270 2484
1271 2484
1272 2484
1273 2484
1274 2484
1275 2484
1276 2484
1277 2484
1278 2484
1279 2484
1280 2484
1281 2484
1282 2484
1283 2484
1284 2484
1285 2483
1286 2483
1287 2484
1288 2484
1289 2484
1290 2483
1291 2483
1292 2483
1293 2483
1294 2484
1295 2483
1296 2483
1297 2483
1298 2483
1299 2483
1300 2483
1301 2483
1302 2483
1303 2483
1304 2483
1305 2483
1306 2483
1307 2483
1308 2483
1309 2483
1310 2483
1311 2483
1312 2482
1313 2483
1314 2483
1315 2483
1316 2483
1317 2483
1318 2483
1319 2483
1320 2483
1321 2483
1322 2483
1323 2483
1324 2483
1325 2483
1326 2483
1327 2483
1328 2483
1329 2483
1330 2483
1331 2483
1332 2483
1333 2483
1334 2483
1335 2483
1336 2482
1337 2483
1338 2483
1339 2483
1340 2483
1341 2483
1342 2484
1343 2484
1344 2483
1345 2484
1346 2483
1347 2483
1348 2483
1349 2483
1350 2484
1351 2484
1352 2484
1353 2484
1354 2484
1355 2484
1356 2484
1357 2484
1358 2484
1359 2484
1360 2484
1361 2484
1362 2484
1363 2484
1364 2485
1365 2485
1366 2484
1367 2488
1368 2485
1369 2485
1370 2485
1371 2485
1372 2485
1373 2485
1374 2485
1375 2484
1376 2489
1377 2485
1378 2485
1379 2485
1380 2487
1381 2486
1382 2485
1383 2485
1384 2485
1385 2485
1386 2485
1387 2486
1388 2486
1389 2485
1390 2485
1391 2485
1392 2484
1393 2485
1394 2485
1395 2485
1396 2485
1397 2485
1398 2486
1399 2488
1400 2495
1401 2485
1402 2487
1403 2485
1404 2483
1405 2483
1406 2483
1407 2482
1408 2482
1409 2483
1410 2482
1411 2482
1412 2481
1413 2481
1414 2481
1415 2480
1416 2481
1417 2481
1418 2481
1419 2481
1420 2481
1421 2481
1422 2481
1423 2480
1424 2480
1425 2481
1426 2481
1427 2481
1428 2482
1429 2481
1430 2481
1431 2480
1432 2485
1433 2485
1434 2481
1435 2481
1436 2481
1437 2481
1438 2482
1439 2482
1440 2482
1441 2481
1442 2481
1443 2481
1444 2481
1445 2481
1446 2481
1447 2481
1448 2481
1449 2481
1450 2480
1451 2481
1452 2481
1453 2481
1454 2481
1455 2481
1456 2481
1457 2481
1458 2481
1459 2481
1460 2481
1461 2481
1462 2480
1463 2481
1464 2481
1465 2480
1466 2480
1467 2480
1468 2480
1469 2480
1470 2480
1471 2480
1472 2479
1473 2480
1474 2480
1475 2480
1476 2480
1477 2480
1478 2480
1479 2480
1480 2480
1481 2480
1482 2480
1483 2480
1484 2480
1485 2480
1486 2480
1487 2480
1488 2480
1489 2480
1490 2480
1491 2480
1492 2480
1493 2480
1494 2479
1495 2480
1496 2480
1497 2480
1498 2480
1499 2480
1500 2480
1501 2480
1502 2480
1503 2480
1504 2480
1505 2479
1506 2479
1507 2480
1508 2480
1509 2480
1510 2480
1511 2480
1512 2480
1513 2480
1514 2480
1515 2480
1516 2480
1517 2480
1518 2480
1519 2480
1520 2480
1521 2480
1522 2480
1523 2480
1524 2480
1525 2481
1526 2481
1527 2481
1528 2481
1529 2481
1530 2482
1531 2481
1532 2481
1533 2481
1534 2482
1535 2482
1536 2482
1537 2482
1538 2482
1539 2481
1540 2481
1541 2482
1542 2482
1543 2481
1544 2482
1545 2481
1546 2481
1547 2479
1548 2478
1549 2482
1550 2480
1551 2480
1552 2480
1553 2480
1554 2480
1555 2479
1556 2479
1557 2480
1558 2480
1559 2479
1560 2479
1561 2479
1562 2478
1563 2478
1564 2477
1565 2478
1566 2476
1567 2476
1568 2476
1569 2476
1570 2475
1571 2474
1572 2474
1573 2474
1574 2474
1575 2473
1576 2473
1577 2473
1578 2473
1579 2473
1580 2473
1581 2473
1582 2473
1583 2472
1584 2473
1585 2472
1586 2472
1587 2472
1588 2473
1589 2472
1590 2472
1591 2472
1592 2472
1593 2472
1594 2472
1595 2473
1596 2472
1597 2473
1598 2473
1599 2472
1600 2472
1601 2472
1602 2472
1603 2472
1604 2471
1605 2472
1606 2472
1607 2471
1608 2471
1609 2471
1610 2471
1611 2471
1612 2471
1613 2471
1614 2471
1615 2471
1616 2471
1617 2471
1618 2471
1619 2471
1620 2471
1621 2471
1622 2471
1623 2471
1624 2471
1625 2471
1626 2471
1627 2471
1628 2471
1629 2471
1630 2471
1631 2470
1632 2470
1633 2470
1634 2470
1635 2470
1636 2470
1637 2470
1638 2469
1639 2470
1640 2469
1641 2469
1642 2469
1643 2469
1644 2469
1645 2469
1646 2469
1647 2469
1648 2469
1649 2469
1650 2469
1651 2468
1652 2469
1653 2468
1654 2469
1655 2469
1656 2469
1657 2468
1658 2468
1659 2468
1660 2468
1661 2468
1662 2469
1663 2468
1664 2468
1665 2468
1666 2468
1667 2469
1668 2468
1669 2468
1670 2468
1671 2469
1672 2469
1673 2472
1674 2471
1675 2471
1676 2471
1677 2472
1678 2471
1679 2471
1680 2471
1681 2472
1682 2471
1683 2468
1684 2468
1685 2468
1686 2468
1687 2468
1688 2468
1689 2469
1690 2468
1691 2468
1692 2467
1693 2468
1694 2467
1695 2468
1696 2468
1697 2468
1698 2467
1699 2471
1700 2469
1701 2469
1702 2469
1703 2469
1704 2468
1705 2468
1706 2468
1707 2467
1708 2466
1709 2467
1710 2466
1711 2466
1712 2467
1713 2467
1714 2467
1715 2469
1716 2469
1717 2468
1718 2468
1719 2469
1720 2467
1721 2467
1722 2468
1723 2470
1724 2470
1725 2471
1726 2471
1727 2469
1728 2468
1729 2468
1730 2469
1731 2469
1732 2468
1733 2468
1734 2468
1735 2469
1736 2468
1737 2468
1738 2468
1739 2468
1740 2468
1741 2468
1742 2468
1743 2468
1744 2468
1745 2468
1746 2468
1747 2467
1748 2465
1749 2464
1750 2464
1751 2464
1752 2464
1753 2464
1754 2463
1755 2463
1756 2463
1757 2462
1758 2462
1759 2462
1760 2462
1761 2462
1762 2462
1763 2462
1764 2461
1765 2462
1766 2461
1767 2461
1768 2461
1769 2460
1770 2460
1771 2460
1772 2460
1773 2459
1774 2459
1775 2459
1776 2459
1777 2459
1778 2459
1779 2459
1780 2458
1781 2458
1782 2458
1783 2458
1784 2458
1785 2458
1786 2458
1787 2458
1788 2458
1789 2459
1790 2458
1791 2463
1792 2462
1793 2463
1794 2462
1795 2461
1796 2459
1797 2463
1798 2460
1799 2459
1800 2459
1801 2459
1802 2458
1803 2458
1804 2458
1805 2457
1806 2456
1807 2456
1808 2455
1809 2455
1810 2455
1811 2454
1812 2454
1813 2454
1814 2454
1815 2454
1816 2454
1817 2454
1818 2454
1819 2454
1820 2453
1821 2453
1822 2453
1823 2453
1824 2453
1825 2453
1826 2453
1827 2453
1828 2453
1829 2453
1830 2453
1831 2453
1832 2453
1833 2453
1834 2452
1835 2452
1836 2452
1837 2452
1838 2452
1839 2452
1840 2451
1841 2451
1842 2453
1843 2453
1844 2452
1845 2451
1846 2450
1847 2450
1848 2451
1849 2451
1850 2450
1851 2450
1852 2450
1853 2452
1854 2452
1855 2450
1856 2453
1857 2450
1858 2450
1859 2451
1860 2449
1861 2448
1862 2448
1863 2448
1864 2448
1865 2448
1866 2448
1867 2448
1868 2448
1869 2447
1870 2447
1871 2447
1872 2447
1873 2446
1874 2446
1875 2446
1876 2446
1877 2446
1878 2446
1879 2446
1880 2446
1881 2446
1882 2445
1883 2445
1884 2445
1885 2445
1886 2445
1887 2445
1888 2445
1889 2445
1890 2445
1891 2445
1892 2445
1893 2445
1894 2445
1895 2445
1896 2444
1897 2444
1898 2444
1899 2444
1900 2444
1901 2444
1902 2445
1903 2445
1904 2445
1905 2445
1906 2446
1907 2447
1908 2444
1909 2444
1910 2444
1911 2443
1912 2443
1913 2443
1914 2443
1915 2443
1916 2442
1917 2442
1918 2442
1919 2442
1920 2442
1921 2442
1922 2442
1923 2442
1924 2442
1925 2442
1926 2442
1927 2441
1928 2441
1929 2441
1930 2441
1931 2441
1932 2441
1933 2441
1934 2441
1935 2441
1936 2441
1937 2441
1938 2441
1939 2441
1940 2440
1941 2440
1942 2440
1943 2440
1944 2440
1945 2440
1946 2440
1947 2439
1948 2440
1949 2440
1950 2439
1951 2439
1952 2439
1953 2439
1954 2439
1955 2440
1956 2439
1957 2439
1958 2443
1959 2440
1960 2440
1961 2439
1962 2440
1963 2440
1964 2441
1965 2441
1966 2441
1967 2442
1968 2442
1969 2441
1970 2441
1971 2440
1972 2439
1973 2438
1974 2441
1975 2441
1976 2438
1977 2437
1978 2437
1979 2437
1980 2436
1981 2436
1982 2436
1983 2436
1984 2436
1985 2436
1986 2436
1987 2436
1988 2436
1989 2436
1990 2436
1991 2438
1992 2437
1993 2436
1994 2435
1995 2435
1996 2435
1997 2435
1998 2435
1999 2435
2000 2435
2001 2435
2002 2435
2003 2434
2004 2434
2005 2434
2006 2434
2007 2434
2008 2434
2009 2434
2010 2434
2011 2433
2012 2433
2013 2433
2014 2433
2015 2433
2016 2433
2017 2433
2018 2432
2019 2432
2020 2432
2021 2432
2022 2431
2023 2431
2024 2431
2025 2431
2026 2431
2027 2431
2028 2431
2029 2431
2030 2431
2031 2431
2032 2431
2033 2431
2034 2431
2035 2430
2036 2431
2037 2431
2038 2430
2039 2430
2040 2431
2041 2431
2042 2431
2043 2431
2044 2431
2045 2430
2046 2430
2047 2430
2048 2430
2049 2430
2050 2430
2051 2430
2052 2430
2053 2430
2054 2430
2055 2430
2056 2430
2057 2430
2058 2430
2059 2430
2060 2430
2061 2430
2062 2430
2063 2430
2064 2431
2065 2430
2066 2430
2067 2430
2068 2430
2069 2431
2070 2431
2071 2431
2072 2431
2073 2431
2074 2432
2075 2431
2076 2432
2077 2433
2078 2433
2079 2434
2080 2435
2081 2434
2082 2434
2083 2434
2084 2434
2085 2434
2086 2434
2087 2434
2088 2434
2089 2434
2090 2434
2091 2434
2092 2434
2093 2434
2094 2434
2095 2433
2096 2434
2097 2433
2098 2433
2099 2433
2100 2433
2101 2433
2102 2433
2103 2433
2104 2433
2105 2433
2106 2433
2107 2432
2108 2432
2109 2432
2110 2433
2111 2432
2112 2433
2113 2433
2114 2432
2115 2433
2116 2433
2117 2433
2118 2433
2119 2433
2120 2433
2121 2433
2122 2433
2123 2433
2124 2433
2125 2433
2126 2433
2127 2433
2128 2433
2129 2433
2130 2433
2131 2434
2132 2433
2133 2432
2134 2432
2135 2432
2136 2431
2137 2431
2138 2430
2139 2430
2140 2431
2141 2429
2142 2430
2143 2430
2144 2429
2145 2429
2146 2429
2147 2429
2148 2429
2149 2428
2150 2427
2151 2427
2152 2427
2153 2427
2154 2427
2155 2428
2156 2427
2157 2427
2158 2427
2159 2427
2160 2427
2161 2427
2162 2427
2163 2427
2164 2427
2165 2427
2166 2427
2167 2427
2168 2427
2169 2427
2170 2427
2171 2427
2172 2427
2173 2427
2174 2428
2175 2428
2176 2428
2177 2428
2178 2428
2179 2428
2180 2428
2181 2428
2182 2428
2183 2428
2184 2428
2185 2428
2186 2428
2187 2428
2188 2428
2189 2429
2190 2431
2191 2432
2192 2432
2193 2432
2194 2432
2195 2431
2196 2431
2197 2432
2198 2430
2199 2430
2200 2430
2201 2431
2202 2431
2203 2431
2204 2430
2205 2431
2206 2430
2207 2430
2208 2430
2209 2429
2210 2430
2211 2431
2212 2430
2213 2428
2214 2427
2215 2426
2216 2426
2217 2425
2218 2425
2219 2425
2220 2425
2221 2425
2222 2425
2223 2425
2224 2425
2225 2425
2226 2425
2227 2425
2228 2425
2229 2425
2230 2424
2231 2424
2232 2424
2233 2431
2234 2424
2235 2424
2236 2424
2237 2423
2238 2423
2239 2423
2240 2424
2241 2427
2242 2432
2243 2422
2244 2422
2245 2431
2246 2421
2247 2432
2248 2420
2249 2421
2250 2421
2251 2420
2252 2421
2253 2420
2254 2420
2255 2421
2256 2422
2257 2420
2258 2420
2259 2421
2260 2420
2261 2420
2262 2420
2263 2420
2264 2420
2265 2420
2266 2421
2267 2420
2268 2421
2269 2421
2270 2421
2271 2420
2272 2420
2273 2420
2274 2420
2275 2420
2276 2420
2277 2420
2278 2420
2279 2420
2280 2420
2281 2421
2282 2421
2283 2421
2284 2420
2285 2425
2286 2420
2287 2424
2288 2422
2289 2421
2290 2423
2291 2421
2292 2421
2293 2421
2294 2421
2295 2421
2296 2420
2297 2421
2298 2421
2299 2421
2300 2421
2301 2421
2302 2421
2303 2421
2304 2427
2305 2421
2306 2420
2307 2420
2308 2421
2309 2420
2310 2420
2311 2420
2312 2420
2313 2421
2314 2420
2315 2420
2316 2420
2317 2422
2318 2421
2319 2423
2320 2421
2321 2420
2322 2420
2323 2420
2324 2420
2325 2420
2326 2420
2327 2420
2328 2419
2329 2419
2330 2419
2331 2419
2332 2419
2333 2419
2334 2419
2335 2419
2336 2419
2337 2419
2338 2419
2339 2419
2340 2419
2341 2419
2342 2419
2343 2419
2344 2419
2345 2419
2346 2418
2347 2419
2348 2419
2349 2418
2350 2419
2351 2418
2352 2419
2353 2419
2354 2418
2355 2419
2356 2419
2357 2419
2358 2419
2359 2419
2360 2419
2361 2418
2362 2418
2363 2419
2364 2419
2365 2419
2366 2419
2367 2419
2368 2419
2369 2419
2370 2419
2371 2419
2372 2419
2373 2419
2374 2419
2375 2419
2376 2419
2377 2419
2378 2419
2379 2419
2380 2419
2381 2419
2382 2419
2383 2419
2384 2419
2385 2419
2386 2419
2387 2419
2388 2419
2389 2419
2390 2419
2391 2419
2392 2419
2393 2418
2394 2419
2395 2419
2396 2419
2397 2418
2398 2419
2399 2418
2400 2418
2401 2419
2402 2419
2403 2418
2404 2418
2405 2419
2406 2419
2407 2419
2408 2417
2409 2418
2410 2418
2411 2418
2412 2418
2413 2418
2414 2418
2415 2418
2416 2418
2417 2417
2418 2418
2419 2417
2420 2417
2421 2417
2422 2418
2423 2418
2424 2418
2425 2418
2426 2418
2427 2417
2428 2417
2429 2417
2430 2417
2431 2417
2432 2418
2433 2417
2434 2416
2435 2417
2436 2417
2437 2417
2438 2420
2439 2417
2440 2417
2441 2417
2442 2417
2443 2417
2444 2417
2445 2417
2446 2417
2447 2417
2448 2418
2449 2417
2450 2417
2451 2416
2452 2418
2453 2419
2454 2416
2455 2417
2456 2417
2457 2417
2458 2417
2459 2417
2460 2417
2461 2417
2462 2417
2463 2418
2464 2416
2465 2417
2466 2417
2467 2416
2468 2417
2469 2416
2470 2418
2471 2416
2472 2417
2473 2416
2474 2420
2475 2416
2476 2416
2477 2416
2478 2416
2479 2418
2480 2415
2481 2416
2482 2416
2483 2416
2484 2416
2485 2416
2486 2416
2487 2415
2488 2416
2489 2416
2490 2416
2491 2416
2492 2415
2493 2415
2494 2416
2495 2415
2496 2415
2497 2416
2498 2416
2499 2416
2500 2416
2501 2415
2502 2415
2503 2416
2504 2417
2505 2416
2506 2416
2507 2416
2508 2417
2509 2416
2510 2415
2511 2415
2512 2415
2513 2415
2514 2415
2515 2417
2516 2415
2517 2417
2518 2416
2519 2418
2520 2415
2521 2415
2522 2415
2523 2415
2524 2415
2525 2415
2526 2415
2527 2415
2528 2415
2529 2415
2530 2415
2531 2415
2532 2415
2533 2415
2534 2415
2535 2415
2536 2415
2537 2415
2538 2415
2539 2415
2540 2415
2541 2415
2542 2415
2543 2415
2544 2415
2545 2415
2546 2416
2547 2416
2548 2416
2549 2415
2550 2416
2551 2416
2552 2416
2553 2416
2554 2415
2555 2416
2556 2416
2557 2416
2558 2416
2559 2415
2560 2415
2561 2415
2562 2415
2563 2415
2564 2415
2565 2415
2566 2415
2567 2416
2568 2415
2569 2415
2570 2415
2571 2415
2572 2415
2573 2415
2574 2415
2575 2415
2576 2416
2577 2416
2578 2416
2579 2416
2580 2416
2581 2416
2582 2417
2583 2417
2584 2416
2585 2417
2586 2417
2587 2416
2588 2416
2589 2416
2590 2416
2591 2416
2592 2416
2593 2417
2594 2417
2595 2417
2596 2416
2597 2417
2598 2417
2599 2417
2600 2417
2601 2417
2602 2417
2603 2418
2604 2418
2605 2418
2606 2419
2607 2419
2608 2420
2609 2420
2610 2420
2611 2420
2612 2420
2613 2420
2614 2419
2615 2419
2616 2419
2617 2419
2618 2420
2619 2419
2620 2419
2621 2420
2622 2419
2623 2419
2624 2419
2625 2419
2626 2419
2627 2419
2628 2419
2629 2419
2630 2419
2631 2418
2632 2418
2633 2418
2634 2418
2635 2418
2636 2418
2637 2418
2638 2418
2639 2418
2640 2419
2641 2418
2642 2418
2643 2418
2644 2418
2645 2418
2646 2418
2647 2418
2648 2418
2649 2418
2650 2418
2651 2418
2652 2418
2653 2418
2654 2418
2655 2418
2656 2418
2657 2418
2658 2418
2659 2418
2660 2418
2661 2418
2662 2418
2663 2417
2664 2418
2665 2417
2666 2419
2667 2419
2668 2419
2669 2419
2670 2418
2671 2418
2672 2418
2673 2418
2674 2418
2675 2419
2676 2419
2677 2418
2678 2418
2679 2418
2680 2418
2681 2418
2682 2418
2683 2418
2684 2418
2685 2418
2686 2418
2687 2418
2688 2418
2689 2418
2690 2418
2691 2418
2692 2418
2693 2418
2694 2418
2695 2418
2696 2418
2697 2418
2698 2418
2699 2418
2700 2418
2701 2418
2702 2417
2703 2418
2704 2418
2705 2418
2706 2418
2707 2417
2708 2417
2709 2418
2710 2418
2711 2418
2712 2418
2713 2417
2714 2417
2715 2416
2716 2417
2717 2417
2718 2417
2719 2417
2720 2416
2721 2417
2722 2418
2723 2417
2724 2418
2725 2418
2726 2417
2727 2417
2728 2418
2729 2418
2730 2417
2731 2417
2732 2417
2733 2417
2734 2417
2735 2417
2736 2420
2737 2417
2738 2417
2739 2417
2740 2417
2741 2418
2742 2418
2743 2418
2744 2417
2745 2417
2746 2417
2747 2417
2748 2416
2749 2416
2750 2417
2751 2416
2752 2416
2753 2416
2754 2416
2755 2416
2756 2416
2757 2416
2758 2416
2759 2416
2760 2416
2761 2416
2762 2416
2763 2415
2764 2416
2765 2415
2766 2416
2767 2416
2768 2416
2769 2416
2770 2415
2771 2416
2772 2418
2773 2416
2774 2416
2775 2416
2776 2416
2777 2416
2778 2417
2779 2416
2780 2416
2781 2420
2782 2416
2783 2416
2784 2415
2785 2415
2786 2415
2787 2415
2788 2415
2789 2415
2790 2416
2791 2415
2792 2415
2793 2415
2794 2415
2795 2416
2796 2415
2797 2415
2798 2415
2799 2416
2800 2415
2801 2415
2802 2415
2803 2415
2804 2416
2805 2416
2806 2416
2807 2416
2808 2416
2809 2416
2810 2416
2811 2416
2812 2416
2813 2416
2814 2417
2815 2417
2816 2417
2817 2416
2818 2415
2819 2416
2820 2416
2821 2415
2822 2415
2823 2418
2824 2417
2825 2415
2826 2415
2827 2416
2828 2421
2829 2414
2830 2413
2831 2414
2832 2414
2833 2413
2834 2413
2835 2414
2836 2414
2837 2413
2838 2413
2839 2413
2840 2412
2841 2412
2842 2412
2843 2412
2844 2413
2845 2413
2846 2412
2847 2413
2848 2413
2849 2412
2850 2413
2851 2412
2852 2411
2853 2412
2854 2411
2855 2411
2856 2412
2857 2411
2858 2410
2859 2411
2860 2410
2861 2410
2862 2411
2863 2410
2864 2410
2865 2410
2866 2408
2867 2408
2868 2407
2869 2406
2870 2406
2871 2406
2872 2406
2873 2405
2874 2405
2875 2404
2876 2405
2877 2404
2878 2404
2879 2404
2880 2403
2881 2403
2882 2404
2883 2404
2884 2404
2885 2403
2886 2403
2887 2404
2888 2404
2889 2405
2890 2406
2891 2405
2892 2406
2893 2407
2894 2407
2895 2406
2896 2406
2897 2406
2898 2406
2899 2406
2900 2406
2901 2406
2902 2405
2903 2406
2904 2405
2905 2408
2906 2408
2907 2408
2908 2404
2909 2405
2910 2405
2911 2404
2912 2404
2913 2404
2914 2404
2915 2404
2916 2404
2917 2404
2918 2403
2919 2404
2920 2403
2921 2403
2922 2404
2923 2403
2924 2404
2925 2404
2926 2404
2927 2404
2928 2403
2929 2403
2930 2405
2931 2403
2932 2402
2933 2402
2934 2402
2935 2402
2936 2402
2937 2402
2938 2402
2939 2402
2940 2402
2941 2401
2942 2402
2943 2402
2944 2401
2945 2401
2946 2401
2947 2401
2948 2402
2949 2401
2950 2402
2951 2403
2952 2402
2953 2401
2954 2400
2955 2401
2956 2401
2957 2401
2958 2401
2959 2401
2960 2401
2961 2400
2962 2404
2963 2407
2964 2401
2965 2400
2966 2401
2967 2402
2968 2402
2969 2402
2970 2402
2971 2402
2972 2401
2973 2402
2974 2405
2975 2401
2976 2401
2977 2401
2978 2400
2979 2401
2980 2400
2981 2401
2982 2398
2983 2398
2984 2398
2985 2398
2986 2398
2987 2398
2988 2398
2989 2398
2990 2399
2991 2399
2992 2399
2993 2398
2994 2398
2995 2398
2996 2396
2997 2398
2998 2398
2999 2397
3000 2397
3001 2397
3002 2397
3003 2397
3004 2397
3005 2397
3006 2398
3007 2397
3008 2396
3009 2396
3010 2396
3011 2396
3012 2396
3013 2397
3014 2397
3015 2397
3016 2395
3017 2396
3018 2395
3019 2395
3020 2395
3021 2396
3022 2395
3023 2395
3024 2394
3025 2394
3026 2394
3027 2394
3028 2393
3029 2393
3030 2393
3031 2393
3032 2403
3033 2393
3034 2392
3035 2393
3036 2393
3037 2393
3038 2393
3039 2393
3040 2393
3041 2393
3042 2394
3043 2393
3044 2394
3045 2394
3046 2394
3047 2394
3048 2394
3049 2393
3050 2394
3051 2393
3052 2393
3053 2396
3054 2399
3055 2399
3056 2396
3057 2393
3058 2394
3059 2393
3060 2395
3061 2394
3062 2395
3063 2394
3064 2395
3065 2394
3066 2395
3067 2394
3068 2394
3069 2394
3070 2394
3071 2401
3072 2396
3073 2398
3074 2398
3075 2393
3076 2394
3077 2392
3078 2392
3079 2392
3080 2392
3081 2396
3082 2390
3083 2393
3084 2390
3085 2390
3086 2389
3087 2389
3088 2388
3089 2389
3090 2389
3091 2389
3092 2389
3093 2388
3094 2388
3095 2388
3096 2387
3097 2391
3098 2388
3099 2389
3100 2388
3101 2388
3102 2390
3103 2389
3104 2388
3105 2394
3106 2389
3107 2387
3108 2392
3109 2398
3110 2392
3111 2396
3112 2393
3113 2393
3114 2398
3115 2392
3116 2392
3117 2392
3118 2392
3119 2392
3120 2396
3121 2397
3122 2396
3123 2399
3124 2393
3125 2392
3126 2392
3127 2394
3128 2395
3129 2392
3130 2392
3131 2393
3132 2393
3133 2393
3134 2393
3135 2393
3136 2393
3137 2393
3138 2392
3139 2393
3140 2393
3141 2392
3142 2393
3143 2392
3144 2392
3145 2392
3146 2392
3147 2398
3148 2394
3149 2394
3150 2393
3151 2393
3152 2393
3153 2397
3154 2391
3155 2391
3156 2392
3157 2393
3158 2392
3159 2392
3160 2392
3161 2391
3162 2391
3163 2390
3164 2392
3165 2391
3166 2393
3167 2397
3168 2390
3169 2391
3170 2391
3171 2391
3172 2391
3173 2393
3174 2391
3175 2390
3176 2390
3177 2390
3178 2391
3179 2390
3180 2390
3181 2390
3182 2391
3183 2390
3184 2390
3185 2389
3186 2389
3187 2389
3188 2390
3189 2389
3190 2389
3191 2390
3192 2389
3193 2390
3194 2389
3195 2389
3196 2389
3197 2389
3198 2389
3199 2389
3200 2390
3201 2389
3202 2389
3203 2389
3204 2389
3205 2389
3206 2389
3207 2389
3208 2388
3209 2389
3210 2388
3211 2388
3212 2388
3213 2387
3214 2387
3215 2387
3216 2387
3217 2388
3218 2387
3219 2387
3220 2387
3221 2387
3222 2386
3223 2386
3224 2386
3225 2387
3226 2386
3227 2386
3228 2386
3229 2387
3230 2386
3231 2386
3232 2386
3233 2386
3234 2386
3235 2386
3236 2385
3237 2385
3238 2388
3239 2385
3240 2386
3241 2388
3242 2386
3243 2386
3244 2385
3245 2386
3246 2385
3247 2385
3248 2386
3249 2385
3250 2385
3251 2385
3252 2385
3253 2385
3254 2385
3255 2385
3256 2384
3257 2383
3258 2388
3259 2388
3260 2384
3261 2386
3262 2385
3263 2387
3264 2395
3265 2384
3266 2384
3267 2384
3268 2384
3269 2385
3270 2384
3271 2384
3272 2384
3273 2384
3274 2388
3275 2384
3276 2384
3277 2383
3278 2383
3279 2383
3280 2382
3281 2382
3282 2382
3283 2383
3284 2383
3285 2383
3286 2382
3287 2382
3288 2382
3289 2381
3290 2383
3291 2378
3292 2385
3293 2391
3294 2388
3295 2388

2400 2458
2401 2459
2402 2459
2403 2459
2404 2459
2405 2459
2406 2455
2407 2462
2408 2458
2409 2454
2410 2464
2411 2458
2412 2461
2413 2456
2414 2462
2415 2458
2416 2460
2417 2457
2418 2456
2419 2452
2420 2453
2421 2457
2422 2456
2423 2456
2424 2455
2425 2455
2426 2452
2427 2454
2428 2452
2429 2453
2430 2452
2431 2453
2432 2453
2433 2452
2434 2452
2435 2453
2436 2452
2437 2453
2438 2453
2439 2453
2440 2455
2441 2450
2442 2451
2443 2450
2444 2450
2445 2450
2446 2449
2447 2449
2448 2449
2449 2449
2450 2450
2451 2449
2452 2449
2453 2448
2454 2447
2455 2448
2456 2448
2457 2447
2458 2447
2459 2447
2460 2448
2461 2447
2462 2447
2463 2446
2464 2447
2465 2446
2466 2445
2467 2444
2468 2444
2469 2444
2470 2443
2471 2445
2472 2445
2473 2442
2474 2444
2475 2443
2476 2446
2477 2442
2478 2442
2479 2439
2480 2441
2481 2442
2482 2440
2483 2441
2484 2442
2485 2446
2486 2440
2487 2445
2488 2442
2489 2443
2490 2440
2491 2437
2492 2436
2493 2438
2494 2442
2495 2441
2496 2440
2497 2439
2498 2439
2499 2440
2500 2434
2501 2441
2502 2438
2503 2438
2504 2433
2505 2438
2506 2436
2507 2439
2508 2441
2509 2442
2510 2440
2511 2440
2512 2438
2513 2437
2514 2439
2515 2440
2516 2435
2517 2439
2518 2441
2519 2438
2520 2439
2521 2438
2522 2438
2523 2437
2524 2438
2525 2442
2526 2439
2527 2445
2528 2439
2529 2439
2530 2439
2531 2431
2532 2445
2533 2439
2534 2437
2535 2433
2536 2439
2537 2435
2538 2430
2539 2437
2540 2440
2541 2435
2542 2435
2543 2436
2544 2430
2545 2435
2546 2434
2547 2430
2548 2430
2549 2430

