3957 2525
3958 2524
3959 2525
3960 2524
3961 2525
3962 2525
3963 2525
3964 2525
3965 2526
3966 2526
3967 2525
3968 2525
3969 2527
3970 2526
3971 2526
3972 2526
3973 2526
3974 2525
3975 2525
3976 2525
3977 2526
3978 2526
3979 2523
3980 2525
3981 2525
3982 2524
3983 2523
3984 2523
3985 2523
3986 2523
3987 2523
3988 2522
3989 2529
3990 2524
3991 2524
3992 2523
3993 2523
3994 2523
3995 2523
3996 2524
3997 2530
3998 2522
3999 2523
4000 2523
4001 2522
4002 2522
4003 2523
4004 2522
4005 2521
4006 2521
4007 2521
4008 2521
4009 2521
4010 2521
4011 2521
4012 2531
4013 2521
4014 2522
4015 2521
4016 2521
4017 2521
4018 2523
4019 2522
4020 2521
4021 2522
4022 2522
4023 2522
4024 2521
4025 2521
4026 2521
4027 2522
4028 2521
4029 2521
4030 2521
4031 2522
4032 2521
4033 2521
4034 2521
4035 2521
4036 2521
4037 2521
4038 2521
4039 2521
4040 2521
4041 2521
4042 2521
4043 2520
4044 2521
4045 2520
4046 2522
4047 2521
4048 2521
4049 2521
4050 2522
4051 2521
4052 2520
4053 2520
4054 2520
4055 2520
4056 2520
4057 2521
4058 2520
4059 2520
4060 2520
4061 2521
4062 2521
4063 2522
4064 2522
4065 2519
4066 2519
4067 2519
4068 2518
4069 2517
4070 2517
4071 2516
4072 2516
4073 2515
4074 2516
4075 2515
4076 2515
4077 2515
4078 2512
4079 2513
4080 2514
4081 2513
4082 2512
4083 2512
4084 2512
4085 2511
4086 2511
4087 2510
4088 2512
4089 2512
4090 2512
4091 2513
4092 2513
4093 2514
4094 2514
4095 2514
4096 2514
4097 2515
4098 2515
4099 2516
4100 2518
4101 2518
4102 2519
4103 2520
4104 2521
4105 2521
4106 2521
4107 2521
4108 2521
4109 2521
4110 2521
4111 2521
4112 2520
4113 2520
4114 2519
4115 2520
4116 2520
4117 2520
4118 2520
4119 2520
4120 2521
4121 2521
4122 2524
4123 2524
4124 2524
4125 2524
4126 2524
4127 2526
4128 2526
4129 2527
4130 2526
4131 2525
4132 2524
4133 2524
4134 2526
4135 2527
4136 2528
4137 2529
4138 2522
4139 2529
4140 2522
4141 2522
4142 2523
4143 2523
4144 2522
4145 2522
4146 2522
4147 2522
4148 2522
4149 2522
4150 2522
4151 2522
4152 2522
4153 2521
4154 2522
4155 2522
4156 2522
4157 2522
4158 2523
4159 2522
4160 2522
4161 2522
4162 2522
4163 2522
4164 2522
4165 2522
4166 2522
4167 2522
4168 2522
4169 2522
4170 2522
4171 2522
4172 2522
4173 2523
4174 2523
4175 2523
4176 2522
4177 2522
4178 2521
4179 2521
4180 2521
4181 2522
4182 2522
4183 2521
4184 2522
4185 2520
4186 2519
4187 2522
4188 2522
4189 2522
4190 2523
4191 2524
4192 2520
4193 2520
4194 2519
4195 2519
4196 2524
4197 2519
4198 2520
4199 2519
4200 2520
4201 2520
4202 2520
4203 2520
4204 2519
4205 2520
4206 2520
4207 2521
4208 2523
4209 2522
4210 2523
4211 2523
4212 2522
4213 2521
4214 2521
4215 2520
4216 2520
4217 2521
4218 2519
4219 2520
4220 2520
4221 2520
4222 2519
4223 2522
4224 2520
4225 2519
4226 2521
4227 2522
4228 2519
4229 2520
4230 2521
4231 2520
4232 2520
4233 2520
4234 2524
4235 2521
4236 2521
4237 2521
4238 2520
4239 2521
4240 2521
4241 2520
4242 2519
4243 2518
4244 2518
4245 2517
4246 2518
4247 2518
4248 2518
4249 2518
4250 2517
4251 2518
4252 2518
4253 2518
4254 2519
4255 2519
4256 2519
4257 2519
4258 2519
4259 2519
4260 2519
4261 2519
4262 2519
4263 2519
4264 2519
4265 2520
4266 2518
4267 2520
4268 2523
4269 2521
4270 2519
4271 2524
4272 2521
4273 2522
4274 2522
4275 2520
4276 2520
4277 2520
4278 2519
4279 2519
4280 2519
4281 2519
4282 2519
4283 2520
4284 2519
4285 2519
4286 2519
4287 2519
4288 2518
4289 2519
4290 2519
4291 2519
4292 2518
4293 2519
4294 2519
4295 2519
4296 2520
4297 2520
4298 2522
4299 2523
4300 2523
4301 2519
4302 2519
4303 2521
4304 2522
4305 2520
4306 2521
4307 2520
4308 2521
4309 2521
4310 2521
4311 2519
4312 2520
4313 2520
4314 2519
4315 2520
4316 2520
4317 2520
4318 2521
4319 2520
4320 2520
4321 2520
4322 2522
4323 2523
4324 2520
4325 2520
4326 2521
4327 2519
4328 2520
4329 2520
4330 2521
4331 2522
4332 2519
4333 2519
4334 2519
4335 2519
4336 2520
4337 2521
4338 2522
4339 2520
4340 2520
4341 2520
4342 2520
4343 2520
4344 2519
4345 2519
4346 2519
4347 2520
4348 2519
4349 2519
4350 2519
4351 2519
4352 2519
4353 2520
4354 2520
4355 2521
4356 2521
4357 2521
4358 2520
4359 2519
4360 2520
4361 2519
4362 2519
4363 2520
4364 2519
4365 2520
4366 2520
4367 2520
4368 2520
4369 2520
4370 2520
4371 2520
4372 2521
4373 2521
4374 2521
4375 2521
4376 2521
4377 2520
4378 2519
4379 2519
4380 2519
4381 2518
4382 2522
4383 2519
4384 2520
4385 2522
4386 2521
4387 2521
4388 2520
4389 2521
4390 2521
4391 2520
4392 2519
4393 2519
4394 2518
4395 2519
4396 2518
4397 2518
4398 2518
4399 2519
4400 2519
4401 2519
4402 2519
4403 2519
4404 2519
4405 2519
4406 2520
4407 2519
4408 2520
4409 2520
4410 2520
4411 2520
4412 2520
4413 2520
4414 2521
4415 2521
4416 2521
4417 2521
4418 2522
4419 2522
4420 2521
4421 2521
4422 2521
4423 2521
4424 2521
4425 2519
4426 2520
4427 2520
4428 2519
4429 2519
4430 2519
4431 2519
4432 2519
4433 2519
4434 2520
4435 2519
4436 2519
4437 2519
4438 2520
4439 2521
4440 2521
4441 2521
4442 2520
4443 2529
4444 2520
4445 2521
4446 2520
4447 2520
4448 2521
4449 2521
4450 2521
4451 2522
4452 2528
4453 2522
4454 2522
4455 2522
4456 2522
4457 2521
4458 2522
4459 2522
4460 2522
4461 2522
4462 2522
4463 2522
4464 2522
4465 2522
4466 2522
4467 2521
4468 2522
4469 2523
4470 2522
4471 2521
4472 2522
4473 2531
4474 2521
4475 2520
4476 2521
4477 2522
4478 2522
4479 2518
4480 2517
4481 2517
4482 2516
4483 2516
4484 2517
4485 2517
4486 2518
4487 2518
4488 2518
4489 2518
4490 2517
4491 2519
4492 2517
4493 2517
4494 2517
4495 2517
4496 2517
4497 2517
4498 2517
4499 2517
4500 2518
4501 2516
4502 2516
4503 2516
4504 2516
4505 2516
4506 2516
4507 2516
4508 2515
4509 2515
4510 2515
4511 2515
4512 2515
4513 2515
4514 2515
4515 2515
4516 2515
4517 2515
4518 2515
4519 2515
4520 2516
4521 2516
4522 2519
4523 2516
4524 2515
4525 2515
4526 2514
4527 2514
4528 2515
4529 2514
4530 2515
4531 2516
4532 2516
4533 2516
4534 2516
4535 2517
4536 2517
4537 2524
4538 2517
4539 2516
4540 2515
4541 2515
4542 2515
4543 2514
4544 2513
4545 2513
4546 2514
4547 2513
4548 2512
4549 2512
4550 2512
4551 2519
4552 2512
4553 2513
4554 2513
4555 2512
4556 2512
4557 2512
4558 2512
4559 2513
4560 2514
4561 2515
4562 2516
4563 2516
4564 2517
4565 2519
4566 2519
4567 2518
4568 2516
4569 2515
4570 2516
4571 2518
4572 2516
4573 2520
4574 2515
4575 2516
4576 2517
4577 2517
4578 2517
4579 2517
4580 2516
4581 2523
4582 2521
4583 2517
4584 2517
4585 2522
4586 2521
4587 2522
4588 2518
4589 2518
4590 2517
4591 2518
4592 2518
4593 2519
4594 2517
4595 2517
4596 2517
4597 2517
4598 2518
4599 2518
4600 2522
4601 2517
4602 2522
4603 2518
4604 2523
4605 2516
4606 2517
4607 2518
4608 2517
4609 2517
4610 2517
4611 2518
4612 2518
4613 2518
4614 2517
4615 2519
4616 2518
4617 2518
4618 2518
4619 2517
4620 2517
4621 2516
4622 2516
4623 2517
4624 2517
4625 2517
4626 2518
4627 2518
4628 2517
4629 2517
4630 2519
4631 2517
4632 2516
4633 2522
4634 2517
4635 2517
4636 2517
4637 2516
4638 2517
4639 2517
4640 2519
4641 2517
4642 2517
4643 2517
4644 2517
4645 2516
4646 2517
4647 2516
4648 2520
4649 2516
4650 2521
4651 2521
4652 2521
4653 2517
4654 2517
4655 2518
4656 2519
4657 2526
4658 2519
4659 2518
4660 2518
4661 2518
4662 2519
4663 2519
4664 2519
4665 2520
4666 2519
4667 2519
4668 2519
4669 2522
4670 2522
4671 2519
4672 2519
4673 2520
4674 2518
4675 2519
4676 2518
4677 2519
4678 2519
4679 2519
4680 2519
4681 2519
4682 2519
4683 2519
4684 2519
4685 2518
4686 2519
4687 2520
4688 2521
4689 2521
4690 2519
4691 2519
4692 2518
4693 2519
4694 2518
4695 2520
4696 2521
4697 2521
4698 2520
4699 2519
4700 2519
4701 2518
4702 2518
4703 2519
4704 2521
4705 2521
4706 2522
4707 2516
4708 2516
4709 2517
4710 2521
4711 2517
4712 2518
4713 2518
4714 2518
4715 2518
4716 2518
4717 2518
4718 2518
4719 2518
4720 2519
4721 2521
4722 2518
4723 2517
4724 2517
4725 2516
4726 2517
4727 2520
4728 2519
4729 2520
4730 2517
4731 2516
4732 2517
4733 2514
4734 2524
4735 2521
4736 2518
4737 2521
4738 2517
4739 2518
4740 2518
4741 2519
4742 2524
4743 2516
4744 2518
4745 2520
4746 2520
4747 2519
4748 2519
4749 2516
4750 2516
4751 2515
4752 2517
4753 2516
4754 2517
4755 2517
4756 2517
4757 2518
4758 2515
4759 2513
4760 2521
4761 2519
4762 2516
4763 2515
4764 2515
4765 2515
4766 2515
4767 2515
4768 2514
4769 2515
4770 2515
4771 2515
4772 2513
4773 2514
4774 2513
4775 2513
4776 2513
4777 2513
4778 2516
4779 2513
4780 2517
4781 2514
4782 2514
4783 2513
4784 2517
4785 2515
4786 2514
4787 2514
4788 2514
4789 2514
4790 2514
4791 2515
4792 2515
4793 2514
4794 2514
4795 2514
4796 2518
4797 2518
4798 2519
4799 2515
4800 2517
4801 2517
4802 2515
4803 2516
4804 2515
4805 2515
4806 2519
4807 2515
4808 2514
4809 2515
4810 2515
4811 2523
4812 2516
4813 2518
4814 2514
4815 2516
4816 2516
4817 2515
4818 2514
4819 2515
4820 2516
4821 2521
4822 2515
4823 2526
4824 2514
4825 2526
4826 2518
4827 2526
4828 2516
4829 2518
4830 2516
4831 2514
4832 2513
4833 2514
4834 2514
4835 2515
4836 2514
4837 2526
4838 2515
4839 2514
4840 2514
4841 2515
4842 2515
4843 2515
4844 2514
4845 2514
4846 2513
4847 2513
4848 2520
4849 2513
4850 2517
4851 2516
4852 2516
4853 2513
4854 2513
4855 2517
4856 2514
4857 2514
4858 2514
4859 2514
4860 2516
4861 2514
4862 2514
4863 2514
4864 2514
4865 2514
4866 2513
4867 2514
4868 2516
4869 2513
4870 2514
4871 2514
4872 2515
4873 2514
4874 2514
4875 2519
4876 2513
4877 2513
4878 2515
4879 2516
4880 2516
4881 2513
4882 2513
4883 2513
4884 2515
4885 2515
4886 2513
4887 2513
4888 2513
4889 2514
4890 2514
4891 2513
4892 2513
4893 2513
4894 2514
4895 2514
4896 2513
4897 2513
4898 2513
4899 2513
4900 2514
4901 2513
4902 2513
4903 2513
4904 2513
4905 2512
4906 2513
4907 2513
4908 2513
4909 2513
4910 2514
4911 2514
4912 2515
4913 2515
4914 2514
4915 2513
4916 2513
4917 2515
4918 2514
4919 2514
4920 2514
4921 2514
4922 2514
4923 2515
4924 2515
4925 2515
4926 2515
4927 2514
4928 2515
4929 2514
4930 2514
4931 2513
4932 2513
4933 2513
4934 2514
4935 2513
4936 2513
4937 2514
4938 2517
4939 2514
4940 2512
4941 2514
4942 2516
4943 2512
4944 2514
4945 2514
4946 2514
4947 2516
4948 2515
4949 2514
4950 2514
4951 2513
4952 2513
4953 2512
4954 2513
4955 2512
4956 2513
4957 2513
4958 2514
4959 2512
4960 2513
4961 2512
4962 2512
4963 2513
4964 2512
4965 2512
4966 2513
4967 2512
4968 2513
4969 2513
4970 2519
4971 2513
4972 2513
4973 2513
4974 2520
4975 2514
4976 2515
4977 2512
4978 2516
4979 2516
4980 2509
4981 2509
4982 2509
4983 2509
4984 2509
4985 2509
4986 2509
4987 2510
4988 2512
4989 2511
4990 2512
4991 2512
4992 2511
4993 2510
4994 2510
4995 2511
4996 2511
4997 2516
4998 2515
4999 2512
5000 2511
5001 2516
5002 2512
5003 2513
5004 2513
5005 2512
5006 2510
5007 2517
5008 2514
5009 2512
5010 2513
5011 2511
5012 2512
5013 2511
5014 2516
5015 2511
5016 2512
5017 2511
5018 2511
5019 2511
5020 2511
5021 2511
5022 2511
5023 2511
5024 2511
5025 2514
5026 2513
5027 2514
5028 2514
5029 2509
5030 2510
5031 2510
5032 2508
5033 2508
5034 2511
5035 2508
5036 2509
5037 2509
5038 2508
5039 2513
5040 2512
5041 2511
5042 2509
5043 2510
5044 2510
5045 2509
5046 2510
5047 2510
5048 2510
5049 2510
5050 2510
5051 2510
5052 2510
5053 2510
5054 2510
5055 2510
5056 2509
5057 2511
5058 2510
5059 2509
5060 2509
5061 2510
5062 2510
5063 2510
5064 2510
5065 2510
5066 2510
5067 2509
5068 2509
5069 2509
5070 2509
5071 2509
5072 2512
5073 2507
5074 2516
5075 2508
5076 2518
5077 2509
5078 2511
5079 2511
5080 2509
5081 2509
5082 2508
5083 2508
5084 2507
5085 2511
5086 2508
5087 2508
5088 2508
5089 2510
5090 2509
5091 2509
5092 2508
5093 2508
5094 2507
5095 2507
5096 2512
5097 2508
5098 2508
5099 2508
5100 2507
5101 2507
5102 2509
5103 2508
5104 2508
5105 2507
5106 2507
5107 2507
5108 2507
5109 2507
5110 2507
5111 2509
5112 2513
5113 2508
5114 2507
5115 2512
5116 2507
5117 2512
5118 2508
5119 2508
5120 2508
5121 2513
5122 2513
5123 2516
5124 2510
5125 2511
5126 2510
5127 2509
5128 2509
5129 2508
5130 2509
5131 2509
5132 2509
5133 2508
5134 2509
5135 2508
5136 2508
5137 2507
5138 2520
5139 2508
5140 2508
5141 2506
5142 2507
5143 2512
5144 2509
5145 2510
5146 2513
5147 2509
5148 2509
5149 2508
5150 2507
5151 2508
5152 2508
5153 2508
5154 2509
5155 2509
5156 2509
5157 2510
5158 2510
5159 2511
5160 2510
5161 2510
5162 2510
5163 2510
5164 2510
5165 2509
5166 2509
5167 2509
5168 2511

4056 2532
4057 9999
4058 2535
4059 9999
4060 2533
4061 9999
4062 9999
4063 9999
4064 9999
4065 9999
4066 2533
4067 2536
4068 2537
4069 9999
4070 2537
4071 2531
4072 2531
4073 2531
4074 2533
4075 2535
4076 2534
4077 2534
4078 2536
4079 2536
4080 2532
4081 2536
4082 2531
4083 2537
4084 2532
4085 2531
4086 2530
4087 2534
4088 2533
4089 2534
4090 2535
4091 2534
4092 2526
4093 2536
4094 2530
4095 2531
4096 2534
4097 9999
4098 2531
4099 9999
4100 9999
4101 2533
4102 2534
4195 2564
4196 2563
4200 2566
4201 2554
4202 2563
4203 2561
4204 2567
4205 2561
4206 2560
4207 2558
4208 2559
4209 2559
4210 2560
4211 2555
4212 2560
4213 2556
4214 2559
4215 2556
4216 2558
4217 2558
4218 2557
4219 2558
4220 2559
4221 2555
4222 2557
4223 2557
4224 2557
4225 2559
4226 2558
4227 2559
4228 2558

