1 2501
2 2498
3 2499
4 2498
5 2498
6 2498
7 2498
8 2498
9 2498
10 2498
11 2498
12 2497
13 2497
14 2497
15 2497
16 2496
17 2497
18 2497
19 2497
20 2497
21 2496
22 2496
23 2496
24 2496
25 2495
26 2495
27 2495
28 2494
29 2496
30 2505
31 2495
32 2496
33 2495
34 2496
35 2496
36 2495
37 2497
38 2495
39 2495
40 2495
41 2494
42 2494
43 2494
44 2494
45 2494
46 2494
47 2494
48 2493
49 2494
50 2494
51 2494
52 2494
53 2494
54 2493
55 2493
56 2493
57 2493
58 2493
59 2493
60 2493
61 2494
62 2493
63 2493
64 2493
65 2493
66 2493
67 2493
68 2493
69 2493
70 2493
71 2492
72 2492
73 2493
74 2492
75 2493
76 2493
77 2493
78 2493
79 2492
80 2493
81 2492
82 2492
83 2492
84 2493
85 2493
86 2493
87 2493
88 2493
89 2493
90 2493
91 2492
92 2492
93 2492
94 2492
95 2492
96 2492
97 2492
98 2492
99 2491
100 2493
101 2492
102 2493
103 2492
104 2493
105 2492
106 2493
107 2492
108 2493
109 2492
110 2492
111 2492
112 2492
113 2492
114 2492
115 2492
116 2492
117 2492
118 2492
119 2492
120 2492
121 2492
122 2492
123 2492
124 2491
125 2494
126 2491
127 2492
128 2492
129 2492
130 2492
131 2492
132 2492
133 2492
134 2492
135 2492
136 2492
137 2492
138 2492
139 2492
140 2492
141 2492
142 2491
143 2491
144 2491
145 2491
146 2491
147 2491
148 2491
149 2491
150 2491
151 2492
152 2491
153 2491
154 2491
155 2491
156 2491
157 2491
158 2491
159 2491
160 2491
161 2491
162 2491
163 2491
164 2491
165 2491
166 2491
167 2491
168 2491
169 2491
170 2491
171 2491
172 2491
173 2491
174 2491
175 2491
176 2491
177 2491
178 2491
179 2491
180 2491
181 2490
182 2490
183 2491
184 2491
185 2491
186 2491
187 2491
188 2491
189 2491
190 2491
191 2491
192 2491
193 2491
194 2490
195 2490
196 2490
197 2490
198 2490
199 2490
200 2490
201 2490
202 2490
203 2490
204 2490
205 2490
206 2490
207 2490
208 2490
209 2490
210 2490
211 2491
212 2490
213 2490
214 2490
215 2490
216 2490
217 2490
218 2490
219 2490
220 2490
221 2490
222 2490
223 2490
224 2490
225 2490
226 2490
227 2490
228 2490
229 2490
230 2490
231 2490
232 2490
233 2490
234 2490
235 2490
236 2490
237 2490
238 2490
239 2490
240 2489
241 2489
242 2490
243 2490
244 2490
245 2490
246 2490
247 2490
248 2489
249 2490
250 2490
251 2490
252 2490
253 2490
254 2489
255 2489
256 2489
257 2489
258 2489
259 2489
260 2490
261 2489
262 2490
263 2489
264 2489
265 2489
266 2490
267 2489
268 2489
269 2489
270 2489
271 2489
272 2489
273 2489
274 2489
275 2489
276 2489
277 2489
278 2489
279 2489
280 2489
281 2489
282 2489
283 2489
284 2489
285 2489
286 2489
287 2489
288 2488
289 2489
290 2488
291 2489
292 2488
293 2489
294 2489
295 2489
296 2489
297 2488
298 2489
299 2489
300 2489
301 2489
302 2489
303 2488
304 2488
305 2488
306 2488
307 2489
308 2488
309 2492
310 2491
311 2491
312 2491
313 2491
314 2488
315 2488
316 2489
317 2488
318 2488
319 2488
320 2488
321 2488
322 2489
323 2489
324 2489
325 2490
326 2490
327 2490
328 2490
329 2489
330 2490
331 2489
332 2489
333 2490
334 2490
335 2489
336 2489
337 2489
338 2489
339 2489
340 2489
341 2489
342 2489
343 2489
344 2489
345 2489
346 2489
347 2489
348 2492
349 2490
350 2489
351 2488
352 2488
353 2489
354 2489
355 2489
356 2489
357 2489
358 2489
359 2488
360 2488
361 2488
362 2489
363 2489
364 2489
365 2489
366 2489
367 2489
368 2489
369 2488
370 2488
371 2489
372 2489
373 2488
374 2488
375 2489
376 2489
377 2493
378 2490
379 2488
380 2488
381 2488
382 2489
383 2488
384 2488
385 2490
386 2489
387 2488
388 2488
389 2488
390 2488
391 2491
392 2488
393 2488
394 2489
395 2489
396 2488
397 2489
398 2488
399 2488
400 2488
401 2489
402 2489
403 2488
404 2488
405 2488
406 2488
407 2488
408 2488
409 2488
410 2488
411 2488
412 2488
413 2489
414 2488
415 2489
416 2488
417 2489
418 2489
419 2488
420 2488
421 2489
422 2489
423 2488
424 2488
425 2488
426 2489
427 2488
428 2488
429 2488
430 2489
431 2489
432 2489
433 2489
434 2488
435 2488
436 2489
437 2488
438 2488
439 2488
440 2488
441 2487
442 2487
443 2488
444 2488
445 2487
446 2488
447 2488
448 2487
449 2488
450 2488
451 2488
452 2488
453 2487
454 2488
455 2488
456 2487
457 2487
458 2487
459 2488
460 2488
461 2488
462 2488
463 2487
464 2488
465 2487
466 2487
467 2487
468 2487
469 2487
470 2488
471 2487
472 2487
473 2487
474 2487
475 2488
476 2488
477 2487
478 2487
479 2487
480 2487
481 2487
482 2487
483 2488
484 2488
485 2488
486 2487
487 2488
488 2488
489 2488
490 2487
491 2487
492 2487
493 2487
494 2487
495 2488
496 2487
497 2488
498 2488
499 2488
500 2487
501 2487
502 2487
503 2487
504 2487
505 2488
506 2487
507 2487
508 2487
509 2487
510 2487
511 2487
512 2487
513 2487
514 2487
515 2487
516 2487
517 2487
518 2487
519 2487
520 2487
521 2487
522 2487
523 2487
524 2487
525 2487
526 2487
527 2487
528 2487
529 2487
530 2487
531 2487
532 2487
533 2487
534 2487
535 2487
536 2487
537 2487
538 2487
539 2487
540 2487
541 2487
542 2487
543 2487
544 2487
545 2487
546 2487
547 2489
548 2487
549 2487
550 2487
551 2487
552 2487
553 2487
554 2487
555 2487
556 2487
557 2487
558 2487
559 2487
560 2487
561 2487
562 2487
563 2487
564 2487
565 2487
566 2488
567 2487
568 2487
569 2487
570 2487
571 2487
572 2487
573 2488
574 2487
575 2488
576 2488
577 2487
578 2487
579 2487
580 2487
581 2487
582 2487
583 2487
584 2488
585 2487
586 2488
587 2488
588 2487
589 2488
590 2488
591 2487
592 2488
593 2488
594 2487
595 2488
596 2487
597 2488
598 2487
599 2487
600 2489
601 2488
602 2489
603 2486
604 2487
605 2489
606 2489
607 2488
608 2488
609 2488
610 2489
611 2488
612 2488
613 2487
614 2487
615 2488
616 2488
617 2488
618 2488
619 2496
620 2489
621 2489
622 2490
623 2490
624 2488
625 2488
626 2488
627 2488
628 2488
629 2488
630 2488
631 2489
632 2488
633 2488
634 2488
635 2488
636 2488
637 2488
638 2488
639 2488
640 2489
641 2488
642 2488
643 2488
644 2488
645 2488
646 2488
647 2488
648 2488
649 2488
650 2488
651 2488
652 2487
653 2488
654 2489
655 2488
656 2488
657 2488
658 2488
659 2488
660 2488
661 2489
662 2488
663 2488
664 2489
665 2488
666 2488
667 2488
668 2489
669 2489
670 2489
671 2488
672 2488
673 2489
674 2489
675 2489
676 2489
677 2489
678 2489
679 2489
680 2489
681 2489
682 2489
683 2489
684 2488
685 2489
686 2489
687 2489
688 2489
689 2489
690 2489
691 2489
692 2489
693 2489
694 2489
695 2489
696 2489
697 2489
698 2489
699 2489
700 2489
701 2489
702 2489
703 2489
704 2489
705 2489
706 2489
707 2489
708 2489
709 2489
710 2489
711 2489
712 2489
713 2489
714 2489
715 2490
716 2489
717 2489
718 2489
719 2489
720 2489
721 2489
722 2489
723 2489
724 2489
725 2489
726 2489
727 2489
728 2490
729 2489
730 2489
731 2490
732 2489
733 2489
734 2490
735 2494
736 2490
737 2489
738 2490
739 2490
740 2489
741 2489
742 2490
743 2489
744 2489
745 2489
746 2489
747 2490
748 2490
749 2490
750 2490
751 2490
752 2490
753 2490
754 2490
755 2490
756 2490
757 2490
758 2490
759 2490
760 2490
761 2490
762 2490
763 2490
764 2490
765 2490
766 2490
767 2490
768 2490
769 2490
770 2490
771 2490
772 2490
773 2490
774 2491
775 2491
776 2491
777 2490
778 2490
779 2491
780 2491
781 2491
782 2491
783 2491
784 2491
785 2490
786 2491
787 2491
788 2491
789 2491
790 2491
791 2491
792 2493
793 2491
794 2491
795 2492
796 2492
797 2491
798 2491
799 2492
800 2492
801 2492
802 2492
803 2492
804 2492
805 2492
806 2492
807 2491
808 2491
809 2491
810 2491
811 2492
812 2491
813 2491
814 2491
815 2491
816 2491
817 2491
818 2491
819 2491
820 2491
821 2491
822 2492
823 2492
824 2491
825 2491
826 2491
827 2491
828 2492
829 2491
830 2491
831 2491
832 2491
833 2491
834 2491
835 2491
836 2491
837 2491
838 2491
839 2491
840 2491
841 2491
842 2491
843 2491
844 2491
845 2490
846 2491
847 2491
848 2491
849 2491
850 2491
851 2491
852 2491
853 2491
854 2491
855 2491
856 2491
857 2491
858 2491
859 2491
860 2490
861 2491
862 2491
863 2491
864 2491
865 2491
866 2491
867 2490
868 2491
869 2490
870 2490
871 2490
872 2490
873 2490
874 2490
875 2490
876 2490
877 2490
878 2490
879 2490
880 2490
881 2490
882 2490
883 2490
884 2490
885 2490
886 2490
887 2490
888 2490
889 2490
890 2490
891 2491
892 2491
893 2491
894 2491
895 2491
896 2491
897 2491
898 2491
899 2491
900 2491
901 2491
902 2491
903 2491
904 2491
905 2491
906 2491
907 2491
908 2490
909 2490
910 2491
911 2491
912 2490
913 2491
914 2490
915 2490
916 2490
917 2490
918 2490
919 2490
920 2491
921 2491
922 2491
923 2491
924 2491
925 2491
926 2491
927 2491
928 2491
929 2491
930 2491
931 2491
932 2491
933 2491
934 2491
935 2491
936 2491
937 2491
938 2491
939 2491
940 2491
941 2491
942 2491
943 2491
944 2491
945 2491
946 2491
947 2490
948 2491
949 2491
950 2492
951 2491
952 2491
953 2491
954 2491
955 2491
956 2491
957 2491
958 2494
959 2491
960 2491
961 2491
962 2491
963 2491
964 2491
965 2491
966 2491
967 2491
968 2491
969 2491
970 2491
971 2491
972 2491
973 2491
974 2491
975 2491
976 2491
977 2491
978 2491
979 2491
980 2491
981 2491
982 2491
983 2491
984 2491
985 2491
986 2490
987 2490
988 2491
989 2491
990 2491
991 2491
992 2491
993 2491
994 2491
995 2491
996 2491
997 2491
998 2491
999 2491
1000 2491
1001 2491
1002 2490
1003 2490
1004 2491
1005 2490
1006 2490
1007 2491
1008 2491
1009 2491
1010 2491
1011 2491
1012 2491
1013 2491
1014 2491
1015 2494
1016 2491
1017 2490
1018 2491
1019 2494
1020 2491
1021 2493
1022 2491
1023 2490
1024 2490
1025 2491
1026 2491
1027 2491
1028 2491
1029 2491
1030 2491
1031 2491
1032 2491
1033 2491
1034 2491
1035 2491
1036 2490
1037 2490
1038 2490
1039 2491
1040 2490
1041 2490
1042 2490
1043 2495
1044 2491
1045 2490
1046 2490
1047 2491
1048 2491
1049 2490
1050 2490
1051 2490
1052 2491
1053 2490
1054 2490
1055 2490
1056 2490
1057 2491
1058 2491
1059 2493
1060 2490
1061 2490
1062 2490
1063 2490
1064 2490
1065 2490
1066 2490
1067 2490
1068 2490
1069 2490
1070 2490
1071 2490
1072 2490
1073 2489
1074 2490
1075 2490
1076 2490
1077 2490
1078 2490
1079 2490
1080 2490
1081 2490
1082 2490
1083 2490
1084 2490
1085 2490
1086 2490
1087 2489
1088 2490
1089 2489
1090 2489
1091 2490
1092 2490
1093 2489
1094 2490
1095 2490
1096 2490
1097 2490
1098 2490
1099 2490
1100 2490
1101 2489
1102 2489
1103 2489
1104 2490
1105 2490
1106 2489
1107 2490
1108 2489
1109 2489
1110 2489
1111 2489
1112 2490
1113 2490
1114 2490
1115 2490
1116 2490
1117 2490
1118 2490
1119 2490
1120 2490
1121 2490
1122 2490
1123 2490
1124 2490
1125 2490
1126 2490
1127 2490
1128 2490
1129 2490
1130 2490
1131 2490
1132 2490
1133 2490
1134 2490
1135 2490
1136 2490
1137 2490
1138 2490
1139 2490
1140 2490
1141 2490
1142 2490
1143 2490
1144 2490
1145 2490
1146 2490
1147 2490
1148 2490
1149 2490
1150 2490
1151 2490
1152 2490
1153 2490
1154 2490
1155 2490
1156 2490
1157 2490
1158 2490
1159 2490
1160 2490
1161 2490
1162 2490
1163 2490
1164 2490
1165 2490
1166 2490
1167 2490
1168 2490
1169 2490
1170 2490
1171 2490
1172 2490
1173 2490
1174 2490
1175 2490
1176 2490
1177 2490
1178 2490
1179 2490
1180 2490
1181 2490
1182 2491
1183 2491
1184 2491
1185 2490
1186 2490
1187 2491
1188 2491
1189 2491
1190 2491
1191 2490
1192 2491
1193 2491
1194 2491
1195 2491
1196 2491
1197 2491
1198 2491
1199 2491
1200 2490
1201 2491
1202 2491
1203 2491
1204 2491
1205 2491
1206 2491
1207 2491
1208 2490
1209 2490
1210 2490
1211 2490
1212 2490
1213 2490
1214 2490
1215 2490
1216 2490
1217 2490
1218 2490
1219 2490
1220 2490
1221 2490
1222 2490
1223 2490
1224 2490
1225 2490
1226 2489
1227 2489
1228 2489
1229 2489
1230 2489
1231 2489
1232 2490
1233 2489
1234 2489
1235 2489
1236 2489
1237 2489
1238 2489
1239 2490
1240 2489
1241 2489
1242 2489
1243 2489
1244 2489
1245 2489
1246 2489
1247 2489
1248 2489
1249 2489
1250 2489
1251 2489
1252 2489
1253 2489
1254 2489
1255 2489
1256 2489
1257 2489
1258 2489
1259 2489
1260 2489
1261 2489
1262 2489
1263 2489
1264 2489
1265 2490
1266 2489
1267 2491
1268 2489
1269 2488
1270 2489
1271 2487
1272 2488
1273 2488
1274 2488
1275 2488
1276 2488
1277 2488
1278 2488
1279 2489
1280 2488
1281 2489
1282 2488
1283 2488
1284 2488
1285 2488
1286 2488
1287 2488
1288 2488
1289 2488
1290 2488
1291 2488
1292 2488
1293 2488
1294 2488
1295 2488
1296 2488
1297 2488
1298 2488
1299 2488
1300 2488
1301 2488
1302 2488
1303 2488
1304 2488
1305 2488
1306 2488
1307 2488
1308 2488
1309 2488
1310 2488
1311 2488
1312 2488
1313 2488
1314 2488
1315 2488
1316 2488
1317 2488
1318 2488
1319 2488
1320 2488
1321 2487
1322 2487
1323 2488
1324 2487
1325 2487
1326 2488
1327 2487
1328 2487
1329 2488
1330 2487
1331 2487
1332 2487
1333 2487
1334 2487
1335 2487
1336 2487
1337 2487
1338 2487
1339 2487
1340 2487
1341 2487
1342 2487
1343 2487
1344 2487
1345 2487
1346 2487
1347 2487
1348 2486
1349 2486
1350 2486
1351 2487
1352 2487
1353 2487
1354 2487
1355 2487
1356 2486
1357 2486
1358 2486
1359 2486
1360 2486
1361 2486
1362 2486
1363 2486
1364 2486
1365 2486
1366 2486
1367 2486
1368 2486
1369 2486
1370 2486
1371 2486
1372 2486
1373 2486
1374 2486
1375 2486
1376 2486
1377 2486
1378 2486
1379 2486
1380 2486
1381 2486
1382 2485
1383 2485
1384 2485
1385 2485
1386 2485
1387 2485
1388 2485
1389 2485
1390 2485
1391 2485
1392 2485
1393 2485
1394 2485
1395 2485
1396 2485
1397 2485
1398 2485
1399 2485
1400 2485
1401 2485
1402 2485
1403 2485
1404 2484
1405 2485
1406 2485
1407 2484
1408 2484
1409 2484
1410 2484
1411 2484
1412 2484
1413 2484
1414 2484
1415 2484
1416 2484
1417 2484
1418 2484
1419 2484
1420 2484
1421 2484
1422 2484
1423 2483
1424 2483
1425 2484
1426 2483
1427 2483
1428 2483
1429 2482
1430 2482
1431 2482
1432 2482
1433 2482
1434 2482
1435 2482
1436 2483
1437 2481
1438 2481
1439 2481
1440 2481
1441 2481
1442 2481
1443 2481
1444 2482
1445 2481
1446 2481
1447 2481
1448 2482
1449 2482
1450 2482
1451 2482
1452 2481
1453 2481
1454 2481
1455 2481
1456 2481
1457 2480
1458 2479
1459 2478
1460 2477
1461 2478
1462 2477
1463 2477
1464 2477
1465 2477
1466 2477
1467 2477
1468 2477
1469 2476
1470 2477
1471 2476
1472 2476
1473 2476
1474 2476
1475 2476
1476 2476
1477 2476
1478 2476
1479 2476
1480 2476
1481 2476
1482 2476
1483 2475
1484 2475
1485 2475
1486 2475
1487 2475
1488 2475
1489 2475
1490 2475
1491 2475
1492 2475
1493 2475
1494 2475
1495 2474
1496 2475
1497 2474
1498 2474
1499 2474
1500 2474
1501 2474
1502 2474
1503 2474
1504 2474
1505 2474
1506 2474
1507 2474
1508 2474
1509 2473
1510 2473
1511 2473
1512 2473
1513 2473
1514 2473
1515 2473
1516 2473
1517 2473
1518 2473
1519 2473
1520 2473
1521 2473
1522 2473
1523 2473
1524 2473
1525 2473
1526 2473
1527 2473
1528 2473
1529 2473
1530 2473
1531 2472
1532 2473
1533 2473
1534 2473
1535 2472
1536 2472
1537 2472
1538 2472
1539 2472
1540 2471
1541 2471
1542 2472
1543 2472
1544 2472
1545 2472
1546 2471
1547 2471
1548 2472
1549 2472
1550 2471
1551 2471
1552 2471
1553 2471
1554 2471
1555 2471
1556 2471
1557 2471
1558 2471
1559 2471
1560 2471
1561 2471
1562 2471
1563 2470
1564 2471
1565 2470
1566 2471
1567 2471
1568 2470
1569 2470
1570 2470
1571 2470
1572 2470
1573 2470
1574 2470
1575 2471
1576 2470
1577 2471
1578 2470
1579 2470
1580 2471
1581 2470
1582 2471
1583 2471
1584 2471
1585 2471
1586 2471
1587 2471
1588 2473
1589 2471
1590 2471
1591 2471
1592 2471
1593 2471
1594 2471
1595 2471
1596 2471
1597 2471
1598 2471
1599 2471
1600 2471
1601 2471
1602 2471
1603 2471
1604 2470
1605 2471
1606 2471
1607 2471
1608 2471
1609 2470
1610 2470
1611 2470
1612 2470
1613 2470
1614 2470
1615 2470
1616 2470
1617 2470
1618 2470
1619 2470
1620 2470
1621 2470
1622 2470
1623 2470
1624 2469
1625 2470
1626 2470
1627 2470
1628 2470
1629 2469
1630 2470
1631 2470
1632 2470
1633 2470
1634 2470
1635 2470
1636 2469
1637 2469
1638 2469
1639 2469
1640 2469
1641 2469
1642 2469
1643 2469
1644 2469
1645 2469
1646 2469
1647 2469
1648 2469
1649 2469
1650 2469
1651 2469
1652 2468
1653 2469
1654 2469
1655 2468
1656 2468
1657 2468
1658 2468
1659 2468
1660 2469
1661 2468
1662 2468
1663 2468
1664 2468
1665 2468
1666 2467
1667 2468
1668 2468
1669 2467
1670 2468
1671 2468
1672 2468
1673 2468
1674 2467
1675 2467
1676 2468
1677 2468
1678 2468
1679 2468
1680 2468
1681 2467
1682 2467
1683 2467
1684 2468
1685 2467
1686 2467
1687 2467
1688 2467
1689 2467
1690 2467
1691 2467
1692 2467
1693 2467
1694 2467
1695 2467
1696 2467
1697 2467
1698 2467
1699 2467
1700 2467
1701 2474
1702 2467
1703 2467
1704 2467
1705 2467
1706 2466
1707 2467
1708 2467
1709 2466
1710 2467
1711 2467
1712 2467
1713 2467
1714 2467
1715 2467
1716 2467
1717 2466
1718 2466
1719 2466
1720 2466
1721 2466
1722 2466
1723 2466
1724 2466
1725 2466
1726 2466
1727 2466
1728 2466
1729 2466
1730 2466
1731 2466
1732 2466
1733 2466
1734 2466
1735 2466
1736 2466
1737 2466
1738 2466
1739 2466
1740 2466
1741 2466
1742 2466
1743 2466
1744 2466
1745 2466
1746 2465
1747 2465
1748 2466
1749 2466
1750 2466
1751 2466
1752 2466
1753 2466
1754 2466
1755 2465
1756 2465
1757 2465
1758 2466
1759 2465
1760 2465
1761 2465
1762 2465
1763 2465
1764 2465
1765 2465
1766 2465
1767 2465
1768 2465
1769 2465
1770 2465
1771 2465
1772 2465
1773 2465
1774 2465
1775 2465
1776 2465
1777 2465
1778 2465
1779 2465
1780 2465
1781 2465
1782 2464
1783 2464
1784 2464
1785 2464
1786 2464
1787 2464
1788 2464
1789 2464
1790 2464
1791 2464
1792 2464
1793 2464
1794 2464
1795 2464
1796 2464
1797 2464
1798 2464
1799 2464
1800 2464
1801 2464
1802 2464
1803 2464
1804 2464
1805 2464
1806 2464
1807 2464
1808 2464
1809 2464
1810 2464
1811 2464
1812 2464
1813 2464
1814 2464
1815 2464
1816 2464
1817 2464
1818 2464
1819 2464
1820 2464
1821 2464
1822 2464
1823 2463
1824 2464
1825 2464
1826 2463
1827 2464
1828 2464
1829 2464
1830 2463
1831 2464
1832 2464
1833 2464
1834 2464
1835 2464
1836 2464
1837 2464
1838 2463
1839 2464
1840 2464
1841 2463
1842 2463
1843 2463
1844 2463
1845 2463
1846 2463
1847 2463
1848 2463
1849 2463
1850 2463
1851 2463
1852 2463
1853 2463
1854 2463
1855 2463
1856 2463
1857 2463
1858 2463
1859 2463
1860 2463
1861 2463
1862 2463
1863 2463
1864 2463
1865 2463
1866 2463
1867 2463
1868 2463
1869 2463
1870 2463
1871 2463
1872 2463
1873 2463
1874 2463
1875 2463
1876 2462
1877 2463
1878 2463
1879 2463
1880 2463
1881 2463
1882 2463
1883 2462
1884 2462
1885 2462
1886 2462
1887 2462
1888 2462
1889 2462
1890 2462
1891 2462
1892 2462
1893 2462
1894 2462
1895 2462
1896 2462
1897 2462
1898 2461
1899 2461
1900 2461
1901 2462
1902 2462
1903 2462
1904 2461
1905 2462
1906 2461
1907 2461
1908 2461
1909 2461
1910 2461
1911 2461
1912 2461
1913 2461
1914 2461
1915 2461
1916 2461
1917 2461
1918 2461
1919 2461
1920 2461
1921 2461
1922 2461
1923 2461
1924 2461
1925 2461
1926 2461
1927 2461
1928 2461
1929 2461
1930 2461
1931 2461
1932 2461
1933 2461
1934 2460
1935 2461
1936 2460
1937 2461
1938 2461
1939 2461
1940 2461
1941 2461
1942 2461
1943 2461
1944 2461
1945 2461
1946 2461
1947 2464
1948 2470
1949 2462
1950 2461
1951 2461
1952 2461
1953 2462
1954 2461
1955 2461
1956 2461
1957 2461
1958 2461
1959 2465
1960 2461
1961 2461
1962 2466
1963 2466
1964 2464
1965 2463
1966 2464
1967 2463
1968 2462
1969 2464
1970 2461
1971 2462
1972 2461
1973 2461
1974 2461
1975 2461
1976 2464
1977 2460
1978 2461
1979 2461
1980 2460
1981 2460
1982 2461
1983 2460
1984 2460
1985 2461
1986 2461
1987 2461
1988 2461
1989 2461
1990 2461
1991 2461
1992 2464
1993 2464
1994 2462
1995 2462
1996 2462
1997 2463
1998 2465
1999 2465
2000 2465
2001 2463
2002 2464
2003 2465
2004 2466
2005 2466
2006 2465
2007 2464
2008 2464
2009 2464
2010 2463
2011 2463
2012 2463
2013 2463
2014 2464
2015 2463
2016 2463
2017 2462
2018 2462
2019 2462
2020 2462
2021 2462
2022 2461
2023 2461
2024 2461
2025 2461
2026 2461
2027 2461
2028 2461
2029 2461
2030 2461
2031 2461
2032 2461
2033 2460
2034 2460
2035 2460
2036 2460
2037 2460
2038 2460
2039 2459
2040 2459
2041 2459
2042 2459
2043 2459
2044 2459
2045 2458
2046 2459
2047 2459
2048 2459
2049 2459
2050 2459
2051 2458
2052 2458
2053 2458
2054 2457
2055 2457
2056 2457
2057 2457
2058 2457
2059 2457
2060 2457
2061 2457
2062 2457
2063 2456
2064 2457
2065 2457
2066 2457
2067 2456
2068 2456
2069 2456
2070 2456
2071 2456
2072 2456
2073 2455
2074 2455
2075 2455
2076 2455
2077 2455
2078 2455
2079 2455
2080 2455
2081 2454
2082 2454
2083 2455
2084 2454
2085 2454
2086 2454
2087 2454
2088 2454
2089 2454
2090 2454
2091 2453
2092 2453
2093 2454
2094 2454
2095 2454
2096 2453
2097 2453
2098 2453
2099 2453
2100 2453

705 2517
706 2507
707 2511
708 2510
709 2511
710 2512
711 2511
712 2512
713 2510
714 2511
715 2503
716 2509
717 2509
718 2510
719 2507
720 2512
721 2513
722 2510
723 2511
724 2511
725 2504
726 2509
727 2510
728 2507
729 2514
730 2513
731 2504
732 2504
733 2510
734 2505
735 2507
736 2514
737 2511
738 2510
739 2506
740 2507
741 2505
742 2508
743 2505
744 2505
745 2510
746 2513
747 2513
748 2508
749 2508
750 2509
751 2510
752 2509
753 2512
754 2505
755 2509
756 2510
757 2510
758 2510
759 2510
760 2512
761 2505
762 2510
763 2510
764 2509
765 2508
766 2512
767 2511
768 2508
769 2505
770 2508
771 2506
772 2510
773 2508
774 2505
775 2511
776 2512
777 2506
778 2510
779 2511
780 2511
781 2506
782 2506
783 2516
784 2510
785 2510
786 2510
787 2506
788 2509
789 2507
790 2514
791 2515
792 2510
793 2514
794 2507
795 2507
796 2512
797 2513
798 2515
799 2515
800 2514
801 2513
802 2519
803 2515
804 2506
805 2507
806 2510
807 2516
808 2512
809 2513
810 2514
811 2517
812 2516
813 2506
814 2506
815 2506
816 2520
817 2513
818 2513
819 2513
820 2513
821 2513
822 2507
823 2508
824 2513
825 2511
826 2518
827 2513
828 2513
829 2514
830 2514
831 2519
832 2506
833 2510
834 2508
835 2515
836 2513
837 2506
838 2513
839 2514
840 2508
841 2514
842 2507
843 2513
844 2509
845 2512
846 2508
847 2519
848 2517
849 2518
850 2519
851 2518
852 2512
853 2518
854 2517
855 2517
856 2523
857 2521
858 2517
859 2518
860 2518
861 2512
862 2514
863 2513
864 2518
865 2511
866 2516
867 2517
868 2516
869 2515
870 2516
871 2516
872 2510
873 2515
874 2521
875 2510
876 2515
877 2510
878 2512
879 2516
880 2515
881 2516
882 2515
883 2509
884 2515
885 2512
886 2520
887 2518
888 2514
889 2514
890 2514
891 2513
892 2507
893 2510
894 2513
895 2514
896 2518
897 2506
898 2511
899 2512
900 2515
1196 2513
1197 2512
1198 2512
1199 2513
1200 2512
1201 2512
1202 2512
1203 2512
1204 2512
1205 2512
1206 2512
1207 2512
1208 2513
1209 2512
1210 2512
1211 2512
1212 2512
1213 2512
1214 2512
1215 2512
1216 2512
1217 2512
1218 2513
1219 2512
1220 2512
1221 2512
1222 2513
1223 2513
1224 2512
1225 2513
1226 2513
1227 2512
1228 2512
1229 2512
1230 2513
1231 2512
1232 2512
1233 2514
1234 2513
1235 2513
1236 2511
1237 2516
1238 2513
1239 2513
1240 2512
1241 2511
1242 2512
1243 2513
1244 2511
1245 2510
1246 2507
1247 2512
1248 2509
1249 2513
1250 2505
1251 2513
1252 2513
1253 2513
1254 2505
1255 2512
1256 2509
1257 2513
1258 2513
1259 2513
1260 2519
1261 2513
1262 2513
1263 2513
1264 2514
1265 2514
1266 2515
1267 2505
1268 2505
1269 2511
1270 2510
1271 2507
1272 2516
1273 2512
1274 2505
1275 2512
1276 2511
1277 2512
1278 2512
1279 2512
1280 2510
1281 2513
1282 2511
1283 2508
1284 2515
1285 2505
1286 2513
1287 2512
1288 2505
1289 2514
1290 2505
1291 2514
1292 2514
1293 2514
1294 2514
1295 2514
1296 2508
1297 2513
1298 2506
1299 2507
1300 2513
1301 2515
1302 2512
1303 2513
1304 2511
1305 2509
1306 2513
1307 2514
1308 2514
1309 2509
1310 2512
1311 2518
1312 2515
1313 2514
1314 2510
1315 2513
1316 2508
1317 2512
1318 2513
1319 2513
1320 2514
1321 2514
1322 2513
1323 2514
1324 2516
1325 2516
1326 2513
1327 2512
1328 2510
1329 2513
1330 2514
1331 2513
1332 2513
1333 2513
1334 2513
1335 2513
1336 2513
1337 2511
1338 2505
1339 2505
1340 2507
1341 2514
1342 2513
1343 2513
1344 2513
1345 2513
1346 2513
1347 2513
1348 2512
1349 2511
1350 2513
1351 2513
1352 2511
1353 2508
1354 2512
1355 2512
1356 2512
1357 2514
1358 2512
1359 2516
1360 2513
1361 2513
1362 2511
1363 2512
1364 2513
1365 2511
1366 2506
1367 2513
1368 2512
1369 2513
1370 2511
1371 2512
1372 2515
1373 2516
1374 2505
1375 2507
1376 2517
1377 2513
1378 2514
1379 2512
1380 2519
1381 2509
1382 2512
1383 2512
1384 2513
1385 2505
1386 2513
1387 2505
1388 2513
1389 2511
1390 2518
1391 2513
1392 2518
1393 2508
1394 2510
1395 2507
1396 2507
1397 2509
1398 2510
1399 2512
1400 2510
1401 2509
1402 2513
1403 2513
1404 2513
1405 2511
1406 2513
1407 2505
1408 2512
1409 2512
1410 2512
1411 2508
1412 2517
1413 2512
1414 2513
1415 2513
1416 2511
1417 2506
1418 2512
1419 2513
1420 2519
1421 2517
1711 2503
1712 2502
1713 2502
1714 2504
1715 2503
1716 2497
1717 2500
1718 2500
1719 2498
1720 2503
1721 2502
1722 2501
1723 2501
1724 2501
1725 2501
1726 2493
1727 2499
1728 2500
1729 2505
1730 2499
1731 2498
1732 2500
1733 2500
1734 2501
1735 2500
1736 2499
1737 2500
1738 2499
1739 2499
1740 2499
1741 2499
1742 2500
1743 2499
1744 2498
1745 2500
1746 2498
1747 2498
1748 2498
1749 2497
1750 2498
1751 2499
1752 2499
1753 2498
1754 2497
1755 2498
1756 2499
1757 2498
1758 2498
1759 2498
1760 2497
1761 2497
1762 2498
1763 2498
1764 2498
1765 2497
1766 2496
1767 2497
1768 2496
1769 2496
1770 2497
1771 2497
1772 2497
1773 2497
1774 2499
1775 2498
1776 2497
1777 2497
1778 2490
1779 2496
1780 2497
1781 2498
1782 2497
1783 2495
1784 2495
1785 2497
1786 2497
1787 2496
1788 2497
1789 2498
1790 2496
1791 2491
1792 2497
1793 2495
1794 2495
1795 2496
1796 2496
1797 2496
1798 2496
1799 2494
1800 2492
1801 2495
1802 2494
1803 2494
1804 2495
1805 2495
1806 2495
1807 2494
1808 2495
1809 2494
1810 2495
1811 2495
1812 2495
1813 2492
1814 2494
1815 2494
1816 2494
1817 2493
1818 2495
1819 2494
1820 2492
1821 2486
1822 2486
1823 2492
1824 2488
1825 2490
1826 2494
1827 2488
1828 2493
1829 2493
1830 2490
1831 2485
1832 2488
1833 2497
1834 2490
1835 2490
1836 2492
1837 2490
1838 2492
1839 2492
1840 2490
1841 2491
1842 2492
1843 2485
1844 2490
1845 2491
1846 2491
1847 2490
1848 2484
1849 2488
1850 2489
1851 2488
1852 2483
1853 2492
1854 2488
1855 2489
1856 2489
1857 2489
1858 2491
1859 2492
1860 2489
1861 2492
1862 2491
1863 2488
1864 2487
1865 2488
1866 2487
1867 2489
1868 2489
1869 2492
1870 2483
1871 2487
1872 2488
1873 2493
1874 2487
1875 2487
1876 2489
1877 2487
1878 2488
1879 2487
1880 2485
1881 2487
1882 2488
1883 2490
1884 2488
1885 2487
1886 2480
1887 2482
1888 2482
1889 2494
1890 2488
1891 2487
1892 2488
1893 2487
1894 2484
1895 2489
1896 2485
1897 2490
1898 2483
1899 2486
1900 2491
1901 2492
1902 2483
1903 2482
1904 2493
1905 2486
1906 2479
1907 2482
1908 2486
1909 2481
1910 2485
1911 2483
1912 2484
1913 2478
1914 2484
1915 2483
1916 2483
1917 2485
1918 2484
1919 2484
1920 2484
1921 2484
1922 2487
1923 2488
1924 2486
1925 2477
1926 2477
1927 2485
1928 2483
1929 2491
1930 2477
1931 2482
1932 2476
1933 2482
1934 2488
1935 2484
1936 2482
1937 2481

