3 2504
4 2499
5 2498
6 2498
7 2499
8 2498
9 2498
10 2498
11 2498
12 2498
13 2499
14 2499
15 2498
16 2498
17 2498
18 2498
19 2497
20 2498
21 2497
22 2497
23 2498
24 2498
25 2498
26 2498
27 2497
28 2497
29 2497
30 2498
31 2497
32 2497
33 2497
34 2497
35 2498
36 2497
37 2497
38 2497
39 2497
40 2497
41 2497
42 2496
43 2497
44 2496
45 2496
46 2497
47 2497
48 2496
49 2496
50 2496
51 2496
52 2496
53 2496
54 2496
55 2496
56 2496
57 2496
58 2496
59 2496
60 2496
61 2496
62 2496
63 2496
64 2496
65 2496
66 2496
67 2498
68 2496
69 2496
70 2496
71 2495
72 2498
73 2496
74 2495
75 2496
76 2495
77 2495
78 2496
79 2495
80 2495
81 2495
82 2495
83 2495
84 2495
85 2495
86 2495
87 2495
88 2495
89 2495
90 2495
91 2495
92 2495
93 2495
94 2495
95 2495
96 2495
97 2495
98 2495
99 2495
100 2495
101 2495
102 2494
103 2497
104 2494
105 2495
106 2494
107 2494
108 2494
109 2494
110 2494
111 2494
112 2494
113 2494
114 2494
115 2493
116 2494
117 2494
118 2493
119 2497
120 2494
121 2494
122 2493
123 2493
124 2493
125 2494
126 2494
127 2494
128 2494
129 2494
130 2493
131 2493
132 2493
133 2493
134 2493
135 2493
136 2493
137 2493
138 2493
139 2493
140 2493
141 2493
142 2493
143 2493
144 2493
145 2493
146 2493
147 2493
148 2493
149 2493
150 2493
151 2493
152 2493
153 2492
154 2492
155 2492
156 2492
157 2492
158 2492
159 2492
160 2492
161 2492
162 2492
163 2492
164 2492
165 2492
166 2492
167 2492
168 2492
169 2492
170 2492
171 2492
172 2492
173 2492
174 2492
175 2492
176 2492
177 2492
178 2492
179 2492
180 2492
181 2492
182 2492
183 2492
184 2492
185 2492
186 2491
187 2492
188 2492
189 2491
190 2492
191 2492
192 2492
193 2491
194 2491
195 2491
196 2491
197 2491
198 2491
199 2492
200 2491
201 2491
202 2491
203 2491
204 2491
205 2491
206 2490
207 2490
208 2491
209 2491
210 2491
211 2491
212 2491
213 2491
214 2491
215 2491
216 2491
217 2491
218 2491
219 2491
220 2491
221 2490
222 2490
223 2490
224 2490
225 2490
226 2491
227 2490
228 2490
229 2490
230 2490
231 2490
232 2490
233 2490
234 2490
235 2490
236 2490
237 2489
238 2489
239 2490
240 2490
241 2490
242 2489
243 2489
244 2490
245 2490
246 2490
247 2490
248 2490
249 2490
250 2490
251 2489
252 2490
253 2489
254 2490
255 2490
256 2490
257 2490
258 2490
259 2490
260 2490
261 2489
262 2490
263 2490
264 2490
265 2490
266 2490
267 2490
268 2490
269 2489
270 2489
271 2489
272 2489
273 2489
274 2489
275 2489
276 2489
277 2489
278 2489
279 2489
280 2489
281 2489
282 2489
283 2489
284 2489
285 2489
286 2489
287 2489
288 2489
289 2489
290 2491
291 2492
292 2489
293 2489
294 2489
295 2488
296 2488
297 2488
298 2489
299 2489
300 2489
301 2489
302 2489
303 2489
304 2489
305 2488
306 2488
307 2489
308 2488
309 2488
310 2488
311 2488
312 2489
313 2489
314 2489
315 2489
316 2489
317 2489
318 2489
319 2489
320 2489
321 2489
322 2489
323 2488
324 2488
325 2488
326 2488
327 2488
328 2499
329 2489
330 2489
331 2488
332 2489
333 2488
334 2489
335 2489
336 2488
337 2489
338 2489
339 2489
340 2489
341 2489
342 2489
343 2489
344 2488
345 2489
346 2489
347 2488
348 2488
349 2488
350 2488
351 2488
352 2488
353 2489
354 2488
355 2488
356 2488
357 2488
358 2488
359 2488
360 2488
361 2488
362 2488
363 2488
364 2488
365 2488
366 2488
367 2488
368 2488
369 2488
370 2488
371 2489
372 2488
373 2489
374 2489
375 2489
376 2489
377 2489
378 2489
379 2489
380 2489
381 2488
382 2489
383 2488
384 2489
385 2489
386 2489
387 2488
388 2489
389 2488
390 2488
391 2488
392 2489
393 2488
394 2488
395 2488
396 2488
397 2488
398 2488
399 2488
400 2488
401 2488
402 2488
403 2488
404 2488
405 2488
406 2488
407 2488
408 2488
409 2488
410 2488
411 2488
412 2488
413 2488
414 2488
415 2488
416 2487
417 2488
418 2488
419 2488
420 2488
421 2488
422 2488
423 2488
424 2488
425 2488
426 2488
427 2488
428 2488
429 2488
430 2488
431 2488
432 2488
433 2488
434 2488
435 2488
436 2488
437 2488
438 2488
439 2488
440 2488
441 2488
442 2488
443 2488
444 2488
445 2488
446 2488
447 2488
448 2488
449 2488
450 2488
451 2488
452 2488
453 2488
454 2488
455 2489
456 2488
457 2488
458 2488
459 2489
460 2488
461 2488
462 2489
463 2489
464 2489
465 2489
466 2489
467 2489
468 2490
469 2489
470 2490
471 2491
472 2489
473 2489
474 2489
475 2490
476 2489
477 2490
478 2490
479 2490
480 2490
481 2490
482 2490
483 2490
484 2490
485 2490
486 2490
487 2490
488 2489
489 2490
490 2490
491 2489
492 2489
493 2489
494 2489
495 2489
496 2488
497 2488
498 2488
499 2488
500 2488
501 2488
502 2488
503 2488
504 2487
505 2487
506 2487
507 2487
508 2487
509 2487
510 2487
511 2487
512 2487
513 2487
514 2487
515 2488
516 2488
517 2488
518 2489
519 2488
520 2489
521 2489
522 2488
523 2488
524 2488
525 2489
526 2488
527 2488
528 2488
529 2488
530 2488
531 2488
532 2488
533 2488
534 2488
535 2488
536 2488
537 2487
538 2488
539 2487
540 2488
541 2487
542 2487
543 2487
544 2487
545 2487
546 2487
547 2487
548 2488
549 2487
550 2487
551 2487
552 2487
553 2486
554 2486
555 2486
556 2487
557 2486
558 2487
559 2487
560 2487
561 2487
562 2487
563 2487
564 2486
565 2487
566 2487
567 2487
568 2487
569 2486
570 2487
571 2487
572 2487
573 2488
574 2486
575 2486
576 2486
577 2485
578 2485
579 2485
580 2484
581 2484
582 2484
583 2484
584 2483
585 2483
586 2483
587 2483
588 2483
589 2483
590 2483
591 2483
592 2483
593 2483
594 2483
595 2483
596 2483
597 2483
598 2484
599 2484
600 2484
601 2484
602 2483
603 2484
604 2483
605 2484
606 2484
607 2484
608 2484
609 2484
610 2484
611 2484
612 2484
613 2485
614 2485
615 2485
616 2485
617 2485
618 2485
619 2485
620 2485
621 2485
622 2485
623 2485
624 2485
625 2485
626 2485
627 2485
628 2485
629 2485
630 2485
631 2485
632 2485
633 2485
634 2485
635 2485
636 2485
637 2485
638 2485
639 2485
640 2485
641 2485
642 2485
643 2485
644 2485
645 2485
646 2485
647 2485
648 2485
649 2485
650 2485
651 2486
652 2486
653 2486
654 2486
655 2486
656 2486
657 2486
658 2486
659 2486
660 2486
661 2486
662 2486
663 2486
664 2486
665 2486
666 2486
667 2486
668 2486
669 2486
670 2486
671 2486
672 2486
673 2486
674 2486
675 2486
676 2486
677 2486
678 2486
679 2486
680 2486
681 2486
682 2486
683 2486
684 2486
685 2487
686 2486
687 2486
688 2487
689 2486
690 2486
691 2487
692 2487
693 2487
694 2487
695 2487
696 2486
697 2486
698 2486
699 2486
700 2486
701 2486
702 2486
703 2486
704 2486
705 2486
706 2486
707 2486
708 2486
709 2486
710 2486
711 2486
712 2485
713 2486
714 2486
715 2486
716 2486
717 2486
718 2486
719 2486
720 2486
721 2486
722 2486
723 2486
724 2486
725 2486
726 2486
727 2486
728 2486
729 2486
730 2486
731 2486
732 2486
733 2486
734 2486
735 2486
736 2486
737 2486
738 2486
739 2487
740 2487
741 2487
742 2487
743 2487
744 2487
745 2487
746 2487
747 2487
748 2487
749 2487
750 2487
751 2487
752 2487
753 2488
754 2487
755 2487
756 2487
757 2487
758 2487
759 2486
760 2487
761 2487
762 2487
763 2486
764 2486
765 2486
766 2486
767 2486
768 2486
769 2486
770 2486
771 2486
772 2486
773 2485
774 2486
775 2485
776 2485
777 2485
778 2485
779 2485
780 2485
781 2486
782 2485
783 2485
784 2485
785 2486
786 2486
787 2485
788 2485
789 2485
790 2485
791 2485
792 2485
793 2485
794 2484
795 2485
796 2485
797 2485
798 2485
799 2485
800 2485
801 2485
802 2485
803 2485
804 2485
805 2485
806 2485
807 2485
808 2486
809 2485
810 2485
811 2485
812 2485
813 2485
814 2485
815 2485
816 2485
817 2485
818 2484
819 2485
820 2485
821 2485
822 2484
823 2484
824 2484
825 2484
826 2484
827 2484
828 2484
829 2484
830 2484
831 2485
832 2484
833 2485
834 2484
835 2485
836 2484
837 2484
838 2484
839 2485
840 2484
841 2484
842 2485
843 2485
844 2485
845 2485
846 2485
847 2485
848 2485
849 2485
850 2485
851 2485
852 2485
853 2485
854 2486
855 2485
856 2485
857 2485
858 2486
859 2485
860 2485
861 2485
862 2485
863 2486
864 2486
865 2485
866 2485
867 2486
868 2486
869 2486
870 2486
871 2486
872 2486
873 2486
874 2486
875 2486
876 2486
877 2487
878 2488
879 2487
880 2491
881 2491
882 2485
883 2484
884 2489
885 2485
886 2484
887 2485
888 2485
889 2485
890 2485
891 2486
892 2485
893 2486
894 2486
895 2486
896 2486
897 2486
898 2487
899 2486
900 2486
901 2486
902 2487
903 2487
904 2487
905 2487
906 2487
907 2486
908 2487
909 2487
910 2487
911 2487
912 2487
913 2487
914 2487
915 2487
916 2486
917 2487
918 2487
919 2487
920 2487
921 2487
922 2487
923 2487
924 2487
925 2487
926 2487
927 2487
928 2486
929 2486
930 2487
931 2486
932 2486
933 2486
934 2486
935 2486
936 2486
937 2485
938 2485
939 2485
940 2485
941 2485
942 2486
943 2486
944 2485
945 2485
946 2485
947 2485
948 2485
949 2485
950 2485
951 2485
952 2486
953 2491
954 2492
955 2498
956 2498
957 2498
958 2498
959 2486
960 2498
961 2496
962 2484
963 2484
964 2478
965 2478
966 2478
967 2478
968 2478
969 2483
970 2484
971 2485
972 2486
973 2478
974 2495
975 2481
976 2486
977 2489
978 2486
979 2486
980 2486
981 2486
982 2486
983 2486
984 2486
985 2486
986 2486
987 2486
988 2486
989 2486
990 2486
991 2486
992 2486
993 2486
994 2486
995 2486
996 2486
997 2486
998 2486
999 2486
1000 2486
1001 2486
1002 2486
1003 2486
1004 2486
1005 2486
1006 2486
1007 2486
1008 2486
1009 2486
1010 2486
1011 2486
1012 2486
1013 2486
1014 2486
1015 2486
1016 2486
1017 2486
1018 2486
1019 2486
1020 2486
1021 2486
1022 2486
1023 2486
1024 2486
1025 2486
1026 2486
1027 2486
1028 2486
1029 2486
1030 2486
1031 2486
1032 2486
1033 2486
1034 2486
1035 2486
1036 2486
1037 2486
1038 2486
1039 2486
1040 2486
1041 2486
1042 2486
1043 2486
1044 2486
1045 2486
1046 2486
1047 2486
1048 2486
1049 2486
1050 2487
1051 2487
1052 2486
1053 2487
1054 2486
1055 2486
1056 2486
1057 2486
1058 2486
1059 2486
1060 2487
1061 2487
1062 2487
1063 2486
1064 2486
1065 2487
1066 2487
1067 2487
1068 2487
1069 2487
1070 2487
1071 2487
1072 2487
1073 2487
1074 2487
1075 2486
1076 2487
1077 2487
1078 2487
1079 2486
1080 2486
1081 2486
1082 2486
1083 2486
1084 2485
1085 2490
1086 2490
1087 2485
1088 2486
1089 2486
1090 2485
1091 2486
1092 2486
1093 2485
1094 2485
1095 2485
1096 2485
1097 2485
1098 2485
1099 2486
1100 2486
1101 2486
1102 2486
1103 2488
1104 2488
1105 2487
1106 2486
1107 2487
1108 2486
1109 2486
1110 2485
1111 2485
1112 2485
1113 2485
1114 2485
1115 2485
1116 2484
1117 2484
1118 2484
1119 2484
1120 2484
1121 2486
1122 2483
1123 2483
1124 2483
1125 2483
1126 2483
1127 2483
1128 2482
1129 2483
1130 2482
1131 2483
1132 2481
1133 2481
1134 2482
1135 2481
1136 2481
1137 2482
1138 2481
1139 2481
1140 2481
1141 2481
1142 2481
1143 2481
1144 2481
1145 2481
1146 2481
1147 2481
1148 2481
1149 2481
1150 2480
1151 2481
1152 2481
1153 2480
1154 2480
1155 2480
1156 2480
1157 2480
1158 2480
1159 2480
1160 2480
1161 2480
1162 2480
1163 2480
1164 2479
1165 2479
1166 2479
1167 2479
1168 2480
1169 2479
1170 2480
1171 2478
1172 2478
1173 2479
1174 2478
1175 2479
1176 2479
1177 2479
1178 2478
1179 2479
1180 2479
1181 2479
1182 2479
1183 2479
1184 2479
1185 2479
1186 2479
1187 2479
1188 2479
1189 2478
1190 2478
1191 2478
1192 2478
1193 2478
1194 2477
1195 2479
1196 2478
1197 2478
1198 2478
1199 2478
1200 2478
1201 2478
1202 2478
1203 2478
1204 2477
1205 2477
1206 2477
1207 2477
1208 2477
1209 2477
1210 2477
1211 2477
1212 2477
1213 2477
1214 2477
1215 2477
1216 2477
1217 2477
1218 2477
1219 2477
1220 2479
1221 2477
1222 2477
1223 2477
1224 2477
1225 2477
1226 2477
1227 2477
1228 2477
1229 2477
1230 2477
1231 2477
1232 2477
1233 2477
1234 2477
1235 2477
1236 2476
1237 2476
1238 2476
1239 2476
1240 2476
1241 2476
1242 2480
1243 2476
1244 2476
1245 2476
1246 2476
1247 2475
1248 2475
1249 2475
1250 2475
1251 2475
1252 2475
1253 2474
1254 2473
1255 2472
1256 2471
1257 2470
1258 2473
1259 2469
1260 2471
1261 2467
1262 2465
1263 2467
1264 2465
1265 2467
1266 2474
1267 2478
1268 2464

8 2521
9 2521
10 2523
11 2528
12 2525
13 2521
14 2530
15 2523
16 2524
17 2524
18 2533
19 2526
20 2530
21 2527
22 2526
23 2522
24 2520
25 2525
26 2524
27 2523
28 2524
29 2524
30 2523
31 2522
32 2527
33 2521
34 2526
35 2524
36 2524
37 2520
38 2520
39 2516
40 2522
41 2519
42 2518
43 2520
44 2518
45 2523
46 2521
47 2528
48 2519
49 2520
50 2517
51 2522
52 2518
53 2519
54 2522
55 2517
56 2518
57 2521
58 2515
59 2519
60 2514
61 2522
62 2513
63 2515
64 2513
65 2512
66 2516
67 2513
68 2518
69 2516
70 2523
71 2514
72 2525
73 2513
74 2514
75 2517
76 2519
77 2511
78 2521
79 2516
80 2518
81 2517
82 2510
83 2512
84 2516
85 2512
86 2515
87 2511
88 2515
89 2512
90 2514
91 2514
92 2513
93 2514
94 2513
95 2513
96 2517
97 2512
98 2513
99 2513
100 2514
101 2513
102 2513
103 2513
104 2513
105 2512
106 2513
107 2513
108 2512
109 2511
110 2511
111 2508
112 2510
113 2509
114 2512
115 2510
116 2510
117 2522
118 2516
119 2512
120 2510
121 2511
122 2508
123 2511
124 2511
125 2511
126 2512
127 2512
128 2513
129 2510
130 2515
131 2513
132 2520
133 2519
134 2506
135 2510
136 2517
137 2509
138 2510
139 2514
140 2515
141 2512
142 2512
143 2512
144 2511
145 2511
146 2512
147 2511
148 2511
149 2511
150 2512
151 2510
152 2510
153 2508
154 2506
155 2510
156 2510
157 2510
158 2510
159 2510
160 2511
161 2511
162 2511
163 2511
164 2510
165 2511
166 2510
167 2511
168 2511
169 2511
170 2511
171 2511
172 2511
173 2511
174 2510
175 2510
176 2510
177 2512
178 2510
179 2511
180 9999
181 9999
182 9999
183 2512
184 2510
185 9999
186 2503
187 2509
188 2516
189 2504
190 2512
191 2509
192 2509
193 2510
194 9999
195 9999
196 2503
197 9999
198 2512
199 2513
200 2509
201 2509
202 2510
203 2510
204 2509
205 2510
206 2513
207 2504
208 2503
209 2510
210 2509
211 2510
212 2510
213 2510
214 2512
215 2510
216 2509
217 2506
218 2513
219 2509
220 2510
221 2510
222 2512
223 2513
224 2511
225 2505
226 2513
227 2513
228 2519
229 2509
230 2510
231 2511
232 2506
233 2508
234 2508
235 2508
236 2516
237 2514
238 2517
239 2507
240 2517
241 2514
242 2512
243 2515
244 2513
245 2508
246 2507
247 2514
248 2508
249 2508
250 2509
251 2521
252 2508
253 2518
254 2508
255 2508
256 2508
257 2508
258 2509
259 2517
260 2523
261 2517
262 2509
263 2510
264 2519
265 2509
266 2509
267 2510
268 2510
269 2511
270 2510
271 2510
272 2510
273 2510
274 2510
275 2512
276 2511
277 2510
278 2510
279 2510
280 2510
281 2517
282 2518
283 2519
284 2520
285 2517
286 2510
287 2511
288 2511
289 2511
290 2521
291 2511
292 2511
293 2515
294 2511
295 2514
296 2511
297 2515
298 2513
299 2513
300 2511
301 2512
302 2519
303 2511
304 2520
305 2511
306 2513
307 2515
308 2512
309 2514
310 2512
311 2512
312 2516
313 2512
314 2512
315 2514
316 2512
317 2516
318 2517
319 2512
320 2518
321 2521
322 2512
323 2515
324 2515
325 2524
326 2521
327 2513
328 2513
329 2513
330 2513
331 2521
505 2513
506 2507
507 2511
508 2516
509 2509
510 2520
511 2515
512 2518
513 2509
514 2513
515 2511
516 2513
517 2515
518 2513
519 2515
520 2511
521 2519
522 2514
523 2508
524 2518
525 2514
526 2517
527 2513
528 2513
529 2513
530 2512
531 2513
532 2512
533 2513
534 2515
535 2511
536 2512
537 2511
538 2511
539 2514
540 2509
541 2513
542 2513
543 2510
544 2511
545 2517
546 2513
547 2520
548 2520
549 2518
550 2511
551 2511
552 2510
553 2512
554 2513
555 2518
556 2513
557 2512
558 2507
559 2507
560 2509
561 2511
562 2510
563 2519
564 2509
565 2509
566 2509
567 2511
568 2512
569 2513
570 2517
571 2515
572 2511
573 2510
574 2512
575 2512
576 2514
577 2511
578 2510
579 2510
580 2508
581 2510
582 2511
583 2508
584 2510
585 2508
586 2509
587 2509
588 2507
589 2508
590 2508
591 2506
592 2507
593 2506
594 2507
595 2506
596 2507
597 2506
598 2511
599 2507
600 2503
601 2504
602 2505
603 2506
604 2507
605 2505
606 2511
607 2505
608 2507
609 2508
610 2505
611 2506
612 2507
613 2504
614 2504
615 2508
616 2506
617 2507
618 2506
619 2506
620 2511
621 2505
622 2503
623 2509
624 2509
625 2506
626 2507
627 2505
628 2507
629 2504
630 2514
631 2506
632 2510
633 2506
634 2506
635 2505
636 2505
637 2509
638 2505
639 2504
640 2508
641 2504
642 2505
643 2504
644 2503
645 2505
646 2505
647 2505
648 2505
649 2504
650 2504
651 2505
652 2504
653 2504
654 2503
655 2504
656 2503
657 2499
658 2504
659 2503
660 2504
661 2504
662 2504
663 2504
664 2503
665 2503
666 2504
667 2503
668 2504
669 2504
670 2504
671 2507
672 2503
673 2504
674 2504
675 2504
676 2504
677 2503
678 2503
679 2504
680 2504
681 2504
682 2503
683 2504
684 2503
685 2504
686 2508
687 2504
688 2502
689 2503
690 2502
691 2502
692 2501
693 2502
694 2505
695 2502
696 2503

