5104 2503
5105 2503
5106 2503
5107 2507
5108 2503
5109 2503
5110 2503
5111 2503
5112 2503
5113 2502
5114 2503
5115 2504
5116 2503
5117 2503
5118 2504
5119 2508
5120 2503
5121 2503
5122 2504
5123 2503
5124 2503
5125 2505
5126 2503
5127 2503
5128 2506
5129 2506
5130 2506
5131 2506
5132 2503
5133 2503
5134 2503
5135 2503
5136 2502
5137 2503
5138 2503
5139 2505
5140 2505
5141 2504
5142 2504
5143 2504
5144 2504
5145 2504
5146 2507
5147 2503
5148 2503
5149 2504
5150 2503
5151 2503
5152 2503
5153 2504
5154 2503
5155 2504
5156 2503
5157 2504
5158 2509
5159 2504
5160 2509
5161 2506
5162 2504
5163 2505
5164 2508
5165 2507
5166 2510
5167 2505
5168 2506
5169 2505
5170 2504
5171 2505
5172 2504
5173 2503
5174 2505
5175 2503
5176 2503
5177 2504
5178 2505
5179 2504
5180 2504
5181 2504
5182 2504
5183 2504
5184 2504
5185 2503
5186 2504
5187 2504
5188 2503
5189 2504
5190 2504
5191 2504
5192 2504
5193 2504
5194 2503
5195 2507
5196 2507
5197 2504
5198 2504
5199 2505
5200 2504
5201 2504
5202 2504
5203 2505
5204 2503
5205 2505
5206 2503
5207 2505
5208 2505
5209 2505
5210 2505
5211 2505
5212 2504
5213 2505
5214 2506
5215 2505
5216 2505
5217 2505
5218 2505
5219 2504
5220 2505
5221 2505
5222 2505
5223 2505
5224 2505
5225 2505
5226 2505
5227 2505
5228 2505
5229 2505
5230 2505
5231 2505
5232 2505
5233 2505
5234 2505
5235 2505
5236 2505
5237 2504
5238 2505
5239 2504
5240 2504
5241 2505
5242 2505
5243 2504
5244 2504
5245 2504
5246 2505
5247 2504
5248 2504
5249 2504
5250 2504
5251 2504
5252 2504
5253 2504
5254 2504
5255 2504
5256 2504
5257 2505
5258 2513
5259 2503
5260 2505
5261 2503
5262 2503
5263 2504
5264 2504
5265 2503
5266 2504
5267 2504
5268 2504
5269 2504
5270 2504
5271 2505
5272 2506
5273 2506
5274 2504
5275 2506
5276 2506
5277 2504
5278 2505
5279 2505
5280 2504
5281 2504
5282 2504
5283 2505
5284 2504
5285 2503
5286 2503
5287 2504
5288 2504
5289 2504
5290 2504
5291 2503
5292 2504
5293 2504
5294 2503
5295 2503
5296 2504
5297 2503
5298 2503
5299 2503
5300 2503
5301 2503
5302 2503
5303 2503
5304 2503
5305 2503
5306 2503
5307 2503
5308 2503
5309 2503
5310 2503
5311 2503
5312 2503
5313 2503
5314 2503
5315 2503
5316 2503
5317 2503
5318 2503
5319 2503
5320 2503
5321 2503
5322 2503
5323 2502
5324 2503
5325 2503
5326 2503
5327 2503
5328 2503
5329 2503
5330 2503
5331 2503
5332 2503
5333 2503
5334 2503
5335 2504
5336 2504
5337 2503
5338 2502
5339 2502
5340 2503
5341 2502
5342 2504
5343 2503
5344 2503
5345 2503
5346 2504
5347 2503
5348 2501
5349 2502
5350 2503
5351 2501
5352 2501
5353 2501
5354 2501
5355 2502
5356 2501
5357 2501
5358 2502
5359 2502
5360 2502
5361 2501
5362 2501
5363 2503
5364 2501
5365 2501
5366 2502
5367 2502
5368 2502
5369 2502
5370 2502
5371 2502
5372 2502
5373 2502
5374 2502
5375 2502
5376 2502
5377 2502
5378 2501
5379 2502
5380 2502
5381 2502
5382 2502
5383 2502
5384 2502
5385 2502
5386 2502
5387 2502
5388 2502
5389 2502
5390 2502
5391 2502
5392 2502
5393 2502
5394 2502
5395 2502
5396 2502
5397 2502
5398 2502
5399 2502
5400 2502
5401 2502
5402 2502
5403 2502
5404 2502
5405 2502
5406 2502
5407 2502
5408 2502
5409 2502
5410 2502
5411 2502
5412 2502
5413 2502
5414 2502
5415 2502
5416 2502
5417 2502
5418 2502
5419 2502
5420 2502
5421 2502
5422 2502
5423 2502
5424 2502
5425 2502
5426 2502
5427 2502
5428 2502
5429 2502
5430 2502
5431 2502
5432 2502
5433 2502
5434 2502
5435 2502
5436 2502
5437 2502
5438 2502
5439 2502
5440 2502
5441 2502
5442 2502
5443 2502
5444 2502
5445 2502
5446 2502
5447 2502
5448 2502
5449 2502
5450 2502
5451 2502
5452 2502
5453 2502
5454 2502
5455 2502
5456 2501
5457 2502
5458 2502
5459 2502
5460 2501
5461 2502
5462 2502
5463 2502
5464 2502
5465 2506
5466 2501
5467 2502
5468 2502
5469 2502
5470 2502
5471 2503
5472 2501
5473 2502
5474 2502
5475 2502
5476 2501
5477 2501
5478 2502
5479 2501
5480 2499
5481 2501
5482 2503
5483 2500
5484 2501
5485 2498
5486 2501
5487 2510
5488 2500
5489 2502
5490 2502
5491 2502
5492 2503
5493 2502
5494 2501
5495 2502
5496 2502
5497 2502
5498 2502
5499 2502
5500 2502
5501 2502
5502 2502
5503 2502
5504 2502
5505 2502
5506 2501
5507 2502
5508 2501
5509 2502
5510 2502
5511 2502
5512 2502
5513 2502
5514 2501
5515 2502
5516 2502
5517 2502
5518 2502
5519 2502
5520 2501
5521 2501
5522 2501
5523 2502
5524 2501
5525 2501
5526 2501
5527 2501
5528 2502
5529 2501
5530 2502
5531 2501
5532 2502
5533 2502
5534 2502
5535 2502
5536 2501
5537 2501
5538 2501
5539 2502
5540 2501
5541 2502
5542 2502
5543 2501
5544 2501
5545 2501
5546 2501
5547 2501
5548 2501
5549 2501
5550 2501
5551 2501
5552 2500
5553 2501
5554 2500
5555 2500
5556 2500
5557 2500
5558 2500
5559 2500
5560 2500
5561 2500
5562 2500
5563 2500
5564 2499
5565 2500
5566 2500
5567 2499
5568 2500
5569 2499
5570 2500
5571 2500
5572 2499
5573 2499
5574 2499
5575 2499
5576 2499
5577 2499
5578 2499
5579 2499
5580 2499
5581 2499
5582 2499
5583 2499
5584 2499
5585 2499
5586 2503
5587 2504
5588 2501
5589 2501
5590 2496
5591 2496
5592 2495
5593 2498
5594 2499
5595 2494
5596 2494
5597 2496
5598 2496
5599 2495
5600 2494
5601 2494
5602 2495
5603 2495
5604 2496
5605 2497
5606 2496
5607 2496
5608 2496
5609 2497
5610 2496
5611 2496
5612 2497
5613 2497
5614 2497
5615 2497
5616 2496
5617 2496
5618 2496
5619 2496
5620 2496
5621 2496
5622 2496
5623 2496
5624 2496
5625 2496
5626 2496
5627 2496
5628 2496
5629 2496
5630 2496
5631 2497
5632 2496
5633 2496
5634 2496
5635 2496
5636 2502
5637 2495
5638 2495
5639 2496
5640 2496
5641 2496
5642 2495
5643 2495
5644 2496
5645 2495
5646 2496
5647 2496
5648 2498
5649 2496
5650 2495
5651 2496
5652 2495
5653 2496
5654 2495
5655 2496
5656 2496
5657 2496
5658 2496
5659 2495
5660 2495
5661 2496
5662 2495
5663 2496
5664 2495
5665 2496
5666 2496
5667 2496
5668 2496
5669 2496
5670 2495
5671 2496
5672 2496
5673 2496
5674 2495
5675 2495
5676 2495
5677 2496
5678 2496
5679 2496
5680 2496
5681 2496
5682 2496
5683 2496
5684 2496
5685 2496
5686 2496
5687 2496
5688 2496
5689 2496
5690 2496
5691 2496
5692 2496
5693 2496
5694 2496
5695 2496
5696 2496
5697 2496
5698 2496
5699 2496
5700 2496
5701 2496
5702 2496
5703 2496
5704 2496
5705 2496
5706 2496
5707 2496
5708 2496
5709 2496
5710 2496
5711 2496
5712 2496
5713 2496
5714 2497
5715 2496
5716 2498
5717 2497
5718 2496
5719 2496
5720 2496
5721 2496
5722 2496
5723 2496
5724 2496
5725 2496
5726 2496
5727 2496
5728 2496
5729 2496
5730 2496
5731 2496
5732 2496
5733 2496
5734 2496
5735 2496
5736 2496
5737 2496
5738 2496
5739 2496
5740 2495
5741 2496
5742 2496
5743 2496
5744 2495
5745 2495
5746 2496
5747 2495
5748 2495
5749 2495
5750 2495
5751 2495
5752 2495
5753 2495
5754 2495
5755 2495
5756 2495
5757 2495
5758 2495
5759 2494
5760 2495
5761 2495
5762 2495
5763 2495
5764 2495
5765 2495
5766 2495
5767 2495
5768 2495
5769 2495
5770 2495
5771 2495
5772 2494
5773 2495
5774 2495
5775 2495
5776 2495
5777 2495
5778 2495
5779 2495
5780 2495
5781 2495
5782 2495
5783 2495
5784 2496
5785 2495
5786 2495
5787 2495
5788 2495
5789 2495
5790 2495
5791 2495
5792 2495
5793 2495
5794 2495
5795 2495
5796 2495
5797 2495
5798 2495
5799 2495
5800 2495
5801 2495
5802 2495
5803 2495
5804 2495
5805 2495
5806 2495
5807 2495
5808 2496
5809 2495
5810 2495
5811 2495
5812 2495
5813 2495
5814 2495
5815 2495
5816 2496
5817 2495
5818 2495
5819 2496
5820 2495
5821 2495
5822 2496
5823 2496
5824 2496

5581 2524
5582 2526
5583 2522
5584 2529
5585 2529
5586 2525
5587 2520
5588 2529
5589 2530
5590 2529
5591 2519
5592 2519
5593 2529
5594 2530
5595 2526
5596 2523
5597 2522
5598 2521
5599 2522
5600 2520
5601 2529
5602 2518
5603 2526
5604 2526
5605 2523
5606 2527
5607 2518
5608 2518
5609 2526
5610 2525
5611 2520
5612 2518
5613 2531
5614 2520
5615 2517
5616 2518
5617 2528
5618 2520
5619 2517
5620 2525
5621 2518
5622 2519
5623 2521
5624 2523
5625 2517
5626 2517
5627 2519
5628 2531
5629 2524
5630 2523
5631 2527
5632 2518
5633 2517
5634 2528
5635 2523
5636 2523
5637 2528
5638 2532
5639 2526
5640 2526
5641 2528
5642 2526
5643 2524
5644 2526
5645 2523
5646 2524
5647 2522
5648 2523
5649 2524
5650 2524
5651 2524
5652 2523
5653 2522
5654 2526
5655 2527
5656 2518
5657 2522
5658 2524
5659 2524
5660 2524
5661 2524
5662 2524
5663 2524
5664 2524
5665 2523
5666 2523
5667 2526
5668 2523
5669 2523
5670 2519
5671 2523
5672 2524
5673 2524
5674 2527
5675 2526
5676 2528
5677 2530
5678 2526
5679 2524
5680 2524
5681 2528
5682 2524
5683 2524
5684 2522
5685 2521
5686 2521
5687 2522
5688 2523
5689 2524
5690 2523
5691 2526
5692 2522
5693 2523
5694 2527
5695 2523
5696 2523
5697 2523
5698 2519
5699 2517
5700 2524
5701 2529
5702 2527
5703 2522
5704 2525
5705 2527
5706 2524
5707 2518
5708 2527
5709 2529
5710 2522
5711 2520
5712 2522
5713 2522
5714 2523
5715 2527
5716 2530
5717 2516
5718 2516
5719 2522
5720 2528
5721 2516
5722 2516
5723 2523
5724 2522
5725 2519
5726 2516
5727 2522
5728 2521
5729 2521
5730 2522
5731 2525
5732 2521
5733 2516

