4852 2519
4853 2518
4854 2520
4855 2519
4856 2520
4857 2519
4858 2518
4859 2520
4860 2519
4861 2519
4862 2519
4863 2520
4864 2520
4865 2516
4866 2516
4867 2517
4868 2522
4869 2519
4870 2518
4871 2521
4872 2527
4873 2523
4874 2519
4875 2515
4876 2525
4877 2527
4878 2530
4879 2518
4880 2517
4881 2517
4882 2517
4883 2517
4884 2517
4885 2518
4886 2518
4887 2519
4888 2523
4889 2519
4890 2518
4891 2518
4892 2518
4893 2518
4894 2517
4895 2517
4896 2520
4897 2520
4898 2518
4899 2518
4900 2518
4901 2518
4902 2518
4903 2518
4904 2518
4905 2518
4906 2517
4907 2517
4908 2517
4909 2517
4910 2517
4911 2517
4912 2517
4913 2520
4914 2521
4915 2516
4916 2517
4917 2516
4918 2517
4919 2517
4920 2517
4921 2518
4922 2518
4923 2519
4924 2518
4925 2517
4926 2516
4927 2516
4928 2516
4929 2517
4930 2516
4931 2516
4932 2517
4933 2517
4934 2516
4935 2516
4936 2517
4937 2516
4938 2517
4939 2517
4940 2516
4941 2516
4942 2516
4943 2516
4944 2516
4945 2517
4946 2517
4947 2516
4948 2516
4949 2516
4950 2516
4951 2516
4952 2516
4953 2516
4954 2516
4955 2516
4956 2515
4957 2519
4958 2515
4959 2515
4960 2515
4961 2515
4962 2515
4963 2516
4964 2515
4965 2515
4966 2525
4967 2526
4968 2526
4969 2514
4970 2514
4971 2517
4972 2514
4973 2513
4974 2517
4975 2514
4976 2513
4977 2514
4978 2514
4979 2515
4980 2514
4981 2514
4982 2514
4983 2514
4984 2514
4985 2514
4986 2519
4987 2515
4988 2514
4989 2516
4990 2513
4991 2514
4992 2515
4993 2514
4994 2513
4995 2514
4996 2516
4997 2513
4998 2515
4999 2513
5000 2513
5001 2513
5002 2513
5003 2513
5004 2512
5005 2514
5006 2513
5007 2513
5008 2513
5009 2514
5010 2511
5011 2513
5012 2511
5013 2511
5014 2516
5015 2510
5016 2515
5017 2515
5018 2508
5019 2514
5020 2513
5021 2513
5022 2511
5023 2512
5024 2511
5025 2511
5026 2514
5027 2511
5028 2513
5029 2514
5030 2506
5031 2504
5032 2504
5033 2503
5034 2504
5035 2503
5036 2503
5037 2502
5038 2504
5039 2500
5040 2508
5041 2515
5042 2508
5043 2513
5044 2509
5045 2509
5046 2509
5047 2508
5048 2508
5049 2511
5050 2512
5051 2514
5052 2510
5053 2514
5054 2505
5055 2516
5056 2517
5057 2516
5058 2515
5059 2519
5060 2517
5061 2517
5062 2515
5063 2512
5064 2515
5065 2516
5066 2508
5067 2505
5068 2504
5069 2505
5070 2505
5071 2505
5072 2505
5073 2504
5074 2505
5075 2506
5076 2506
5077 2507
5078 2508
5079 2507
5080 2506
5081 2506
5082 2507
5083 2514
5084 2515
5085 2512
5086 2516
5087 2514
5088 2512
5089 2511
5090 2516
5091 2512
5092 2511
5093 2512
5094 2508
5095 2510
5096 2505
5097 2504
5098 2503
5099 2505
5100 2503
5101 2501
5102 2500
5103 2506
5104 2500
5105 2502
5106 2505
5107 2505
5108 2501
5109 2504
5110 2501
5111 2501
5112 2507
5113 2507
5114 2501
5115 2503
5116 2502
5117 2501
5118 2502
5119 2502
5120 2502
5121 2503
5122 2506
5123 2503
5124 2502
5125 2501
5126 2506
5127 2506
5128 2506
5129 2503
5130 2502
5131 2502
5132 2503
5133 2507
5134 2502
5135 2503
5136 2503
5137 2503
5138 2502
5139 2503
5140 2503
5141 2504
5142 2505
5143 2506
5144 2504
5145 2504
5146 2505
5147 2502
5148 2504
5149 2503
5150 2504
5151 2502
5152 2505
5153 2503
5154 2505
5155 2502
5156 2502
5157 2503
5158 2503
5159 2502
5160 2502
5161 2502
5162 2503
5163 2503
5164 2502
5165 2502
5166 2502
5167 2507
5168 2502
5169 2506
5170 2506
5171 2503
5172 2509
5173 2502
5174 2502
5175 2502
5176 2502
5177 2505
5178 2503
5179 2503
5180 2503
5181 2503
5182 2503
5183 2502
5184 2503
5185 2502
5186 2502
5187 2502
5188 2503
5189 2503
5190 2502
5191 2502
5192 2503
5193 2502
5194 2502
5195 2502
5196 2503
5197 2503
5198 2503
5199 2506
5200 2502
5201 2503
5202 2507
5203 2507
5204 2502
5205 2502
5206 2502
5207 2503
5208 2501
5209 2502
5210 2504
5211 2501
5212 2506
5213 2507
5214 2500
5215 2501
5216 2504
5217 2501
5218 2502
5219 2502
5220 2502
5221 2502
5222 2503
5223 2505
5224 2502
5225 2502
5226 2502
5227 2502
5228 2502
5229 2502
5230 2502
5231 2502
5232 2502
5233 2502
5234 2502
5235 2502
5236 2502
5237 2502
5238 2501
5239 2501
5240 2501
5241 2502
5242 2502
5243 2503
5244 2504
5245 2503
5246 2503
5247 2503
5248 2502
5249 2503
5250 2502
5251 2502
5252 2505
5253 2501
5254 2501
5255 2512
5256 2502
5257 2503
5258 2502
5259 2503
5260 2502
5261 2503
5262 2503
5263 2503
5264 2503
5265 2506
5266 2504
5267 2503
5268 2503
5269 2502
5270 2502
5271 2503
5272 2501
5273 2505
5274 2503
5275 2503
5276 2504
5277 2501
5278 2502
5279 2502
5280 2504
5281 2503
5282 2501
5283 2503
5284 2503
5285 2504
5286 2503
5287 2502
5288 2502
5289 2502
5290 2502
5291 2505
5292 2502
5293 2505
5294 2509
5295 2502
5296 2502
5297 2502
5298 2501
5299 2500
5300 2501
5301 2501
5302 2503
5303 2502
5304 2500
5305 2506
5306 2504
5307 2501
5308 2501
5309 2500
5310 2500
5311 2501
5312 2501
5313 2500
5314 2500
5315 2504
5316 2502
5317 2501
5318 2503
5319 2504
5320 2507
5321 2503
5322 2501
5323 2502
5324 2502
5325 2502
5326 2500
5327 2502
5328 2506
5329 2502
5330 2502
5331 2501
5332 2501
5333 2501
5334 2506
5335 2501
5336 2501
5337 2500
5338 2501
5339 2502
5340 2501
5341 2501
5342 2501
5343 2500
5344 2501
5345 2503
5346 2501
5347 2501
5348 2501
5349 2501
5350 2502
5351 2501
5352 2501
5353 2501
5354 2501
5355 2501
5356 2501
5357 2501
5358 2501
5359 2501
5360 2501
5361 2501
5362 2501
5363 2501
5364 2501
5365 2501
5366 2500
5367 2500
5368 2500
5369 2501
5370 2501
5371 2501
5372 2501
5373 2501
5374 2501
5375 2501
5376 2501
5377 2501
5378 2501
5379 2502
5380 2501
5381 2502
5382 2502
5383 2502
5384 2501
5385 2501
5386 2501
5387 2501
5388 2501
5389 2501
5390 2501
5391 2501
5392 2501
5393 2501
5394 2501
5395 2501
5396 2501
5397 2501
5398 2501
5399 2501
5400 2501
5401 2501
5402 2501
5403 2501
5404 2501
5405 2501
5406 2501
5407 2501
5408 2501
5409 2501
5410 2501
5411 2501
5412 2501
5413 2501
5414 2501
5415 2502
5416 2501
5417 2502
5418 2501
5419 2501
5420 2501
5421 2501
5422 2501
5423 2501
5424 2502
5425 2501
5426 2501
5427 2501
5428 2501
5429 2501
5430 2501
5431 2501
5432 2501
5433 2501
5434 2500
5435 2501
5436 2501
5437 2501
5438 2501
5439 2500
5440 2499
5441 2502
5442 2502
5443 2500
5444 2503
5445 2500
5446 2501
5447 2501
5448 2501
5449 2501
5450 2501
5451 2501
5452 2501
5453 2501
5454 2501
5455 2501
5456 2501
5457 2500
5458 2507
5459 2504
5460 2509
5461 2505
5462 2505
5463 2505
5464 2506
5465 2508
5466 2507
5467 2500
5468 2500
5469 2500
5470 2501
5471 2500
5472 2501
5473 2501
5474 2501
5475 2500
5476 2501
5477 2500
5478 2501
5479 2501
5480 2500
5481 2500
5482 2500
5483 2500
5484 2500
5485 2500
5486 2500
5487 2500
5488 2500
5489 2500
5490 2500
5491 2500
5492 2500
5493 2500
5494 2500
5495 2500
5496 2500
5497 2500
5498 2500
5499 2500
5500 2500
5501 2500
5502 2500
5503 2500
5504 2500
5505 2500
5506 2500
5507 2500
5508 2500
5509 2500
5510 2500
5511 2499
5512 2499
5513 2499
5514 2499
5515 2499
5516 2499
5517 2499
5518 2499
5519 2499
5520 2500
5521 2499
5522 2499
5523 2499
5524 2499
5525 2499
5526 2499
5527 2499
5528 2498
5529 2499
5530 2499
5531 2498
5532 2499
5533 2499
5534 2499
5535 2499
5536 2499
5537 2498
5538 2498
5539 2498
5540 2499
5541 2499
5542 2499
5543 2499
5544 2498
5545 2499
5546 2499
5547 2498
5548 2498
5549 2498
5550 2498
5551 2498
5552 2498
5553 2498
5554 2498
5555 2499
5556 2498
5557 2499
5558 2498
5559 2498
5560 2498
5561 2498
5562 2498
5563 2499
5564 2499
5565 2498
5566 2498
5567 2498
5568 2498
5569 2498
5570 2498
5571 2498
5572 2499
5573 2499
5574 2498
5575 2498
5576 2498
5577 2498
5578 2498
5579 2498
5580 2498
5581 2499
5582 2502
5583 2497
5584 2498
5585 2498
5586 2498
5587 2498
5588 2498
5589 2498
5590 2498
5591 2498
5592 2498
5593 2498
5594 2498
5595 2498
5596 2498
5597 2498
5598 2498
5599 2498
5600 2497
5601 2498
5602 2497
5603 2498
5604 2498
5605 2498
5606 2498
5607 2498
5608 2498
5609 2498
5610 2498
5611 2497
5612 2497
5613 2498
5614 2498
5615 2498
5616 2506
5617 2499
5618 2498
5619 2501
5620 2497
5621 2499
5622 2497
5623 2498
5624 2498
5625 2498
5626 2498
5627 2497
5628 2499
5629 2497
5630 2497
5631 2497
5632 2497
5633 2500
5634 2499
5635 2498
5636 2498
5637 2498
5638 2498
5639 2498
5640 2497
5641 2496
5642 2496
5643 2496
5644 2497
5645 2496
5646 2496
5647 2496
5648 2496
5649 2496
5650 2496
5651 2496
5652 2496
5653 2496
5654 2496
5655 2496
5656 2495
5657 2496
5658 2496
5659 2496
5660 2496
5661 2496
5662 2496
5663 2496
5664 2496
5665 2496
5666 2495
5667 2497
5668 2496
5669 2497
5670 2497
5671 2497
5672 2497
5673 2497
5674 2496
5675 2496
5676 2495
5677 2496
5678 2495
5679 2495
5680 2494
5681 2495
5682 2494
5683 2494
5684 2494
5685 2494
5686 2494
5687 2494
5688 2494
5689 2494
5690 2495
5691 2494
5692 2495
5693 2494
5694 2494
5695 2494
5696 2494
5697 2494
5698 2494
5699 2494
5700 2494
5701 2495
5702 2494
5703 2494
5704 2494
5705 2494
5706 2494
5707 2494
5708 2494
5709 2494
5710 2493
5711 2493
5712 2493
5713 2493
5714 2493
5715 2493
5716 2493
5717 2493
5718 2493
5719 2493
5720 2493
5721 2493
5722 2493
5723 2493
5724 2491
5725 2491
5726 2491
5727 2491
5728 2491
5729 2491
5730 2491
5731 2491
5732 2491
5733 2490
5734 2490
5735 2490
5736 2490
5737 2490
5738 2490
5739 2490
5740 2490
5741 2490
5742 2490
5743 2490
5744 2490
5745 2490
5746 2490
5747 2490
5748 2490
5749 2490
5750 2490
5751 2490
5752 2489
5753 2489
5754 2489
5755 2489
5756 2489
5757 2489
5758 2489
5759 2489
5760 2489
5761 2489
5762 2489
5763 2489
5764 2489
5765 2489
5766 2489
5767 2489
5768 2489
5769 2489
5770 2489
5771 2488
5772 2488
5773 2488
5774 2488
5775 2488
5776 2488
5777 2488
5778 2488
5779 2488
5780 2488
5781 2488
5782 2496
5783 2490
5784 2490
5785 2488
5786 2496
5787 2488
5788 2487
5789 2488
5790 2488
5791 2488
5792 2487
5793 2487
5794 2487
5795 2487
5796 2487
5797 2487
5798 2487
5799 2487
5800 2487
5801 2487
5802 2487
5803 2487
5804 2487
5805 2487
5806 2487
5807 2487
5808 2487
5809 2487
5810 2487
5811 2487
5812 2487
5813 2487
5814 2487
5815 2487
5816 2487
5817 2487
5818 2487
5819 2487
5820 2487
5821 2487
5822 2487
5823 2487

5487 2520
5488 2534
5489 2527
5490 2534
5491 2533
5492 2527
5493 2528
5494 2527
5495 2526
5496 2526
5497 2526
5498 2527
5499 2525
5500 2526
5501 2526
5502 2525
5503 2527
5504 2526
5505 2525
5506 2525
5507 2524
5508 2524
5509 2525
5510 2525
5511 2526
5512 2523
5513 2526
5514 2526
5515 2527
5516 2528
5517 2525
5518 2525
5519 2525
5520 2526
5521 2526
5522 2526
5523 2518
5524 2518
5525 2520
5526 2526
5527 2526
5528 2527
5529 2517
5530 2526
5531 2522
5532 2517
5533 2527
5534 2527
5535 2521
5536 2528
5537 2529
5538 2529
5539 2529
5540 2525
5541 2525
5542 2525
5543 2518
5544 2517
5545 2530
5546 2529
5547 2516
5548 2517
5549 2519
5550 2517
5551 2517
5552 2521
5553 2525
5554 2517
5555 2524
5556 2530
5557 2516
5558 2524
5559 2523
5560 2522
5561 2523
5562 2523
5563 2529
5564 2524
5565 2524
5566 2525
5567 2522
5568 2522
5569 2522
5570 2523
5571 2523
5572 2519
5573 2522
5574 2523
5575 2519
5576 2516
5577 2517
5578 2525
5579 2523
5580 2518
5581 2528
5582 2522
5583 2524
5584 2523
5585 2523
5586 2528
5587 2521
5588 2524
5589 2523
5590 2524
5591 2522
5592 2522
5593 2522
5594 2522
5595 2521
5596 2522
5597 2522
5598 2522
5599 2522
5600 2520
5601 2526
5602 2515
5603 2523
5604 2515
5605 2515
5606 2524
5607 2523
5608 2527
5609 2522
5610 2522
5611 2523
5612 2523
5613 2522
5614 2523
5615 2521
5616 2522
5617 2523
5618 2521
5619 2522
5620 2522
5621 2524
5622 2528
5623 2519
5624 2521
5625 2523
5626 2524
5627 2516
5628 2524
5629 2524
5630 2522
5631 2523
5632 2523
5633 2529
5634 2515
5635 2523
5636 2523
5637 2522
5638 2522
5639 2525
5640 2527
5641 2522
5642 2517
5643 2517
5644 2523
5645 2517
5646 2518
5647 2515
5648 2523
5649 2518
5650 2516
5651 2523
5652 2524
5653 2521
5654 2524
5655 2516
5656 2518
5657 2523
5658 2516
5659 2516
5660 2516
5661 2525
5662 2516
5663 2516
5664 2522
5665 2523
5666 2523
5667 2523
5668 2523
5669 2523
5670 2522
5671 2523
5672 2519
5673 2524
5674 2526
5675 2528
5676 2521
5677 2529
5678 2517
5679 2525
5680 2526
5681 2525
5682 2519
5683 2531
5684 2525
5685 2518
5686 2530
5687 2518
5688 2528
5689 2525
5690 2525
5691 2521
5692 2524
5693 2520
5694 2519
5695 2524
5696 2525
5697 2527
5698 2519
5699 2529
5700 2522
5701 2522
5702 2526
5703 2526
5704 2519
5705 2519
5706 2525
5707 2526
5708 2530
5709 2530
5710 2523
5711 2526
5712 2524
5713 2522
5714 2524
5715 2530
5716 2531
5717 2531
5718 2527
5719 2522
5720 2533
5721 2533
5722 2527
5723 2530
5724 2527
5725 2529
5726 2522
5727 2529
5728 2528
5729 2532
5730 2529
5731 2531
5732 2530
5733 2529
5734 2529
5735 2530
5736 2529
5737 2535
5738 2529
5739 2529
5740 2529
5741 2530
5742 2523
5743 2528
5744 2522
5745 2530
5746 2529
5747 2529

