2179 2410
2180 2408
2181 2407
2182 2410
2183 2412
2184 2414
2185 2409
2186 2408
2187 2409
2188 2410
2189 2409
2190 2409
2191 2409
2192 2409
2193 2410
2194 2408
2195 2408
2196 2407
2197 2409
2198 2408
2199 2410
2200 2409
2201 2410
2202 2408
2203 2409
2204 2408
2205 2408
2206 2409
2207 2407
2208 2409
2209 2409
2210 2409
2211 2409
2212 2412
2213 2409
2214 2407
2215 2416
2216 2409
2217 2408
2218 2409
2219 2414
2220 2407
2221 2407
2222 2409
2223 2407
2224 2407
2225 2406
2226 2405
2227 2410
2228 2407
2229 2408
2230 2411
2231 2412
2232 2409
2233 2409
2234 2409
2235 2411
2236 2407
2237 2408
2238 2410
2239 2409
2240 2411
2241 2409
2242 2408
2243 2409
2244 2409
2245 2409
2246 2409
2247 2408
2248 2409
2249 2418
2250 2409
2251 2409
2252 2408
2253 2408
2254 2408
2255 2409
2256 2409
2257 2409
2258 2409
2259 2408
2260 2409
2261 2409
2262 2409
2263 2409
2264 2409
2265 2409
2266 2409
2267 2409
2268 2410
2269 2409
2270 2409
2271 2409
2272 2409
2273 2409
2274 2409
2275 2410
2276 2410
2277 2409
2278 2409
2279 2409
2280 2409
2281 2409
2282 2409
2283 2409
2284 2410
2285 2408
2286 2409
2287 2409
2288 2409
2289 2409
2290 2410
2291 2409
2292 2410
2293 2410
2294 2410
2295 2412
2296 2411
2297 2411
2298 2411
2299 2411
2300 2411
2301 2411
2302 2412
2303 2413
2304 2413
2305 2413
2306 2413
2307 2412
2308 2412
2309 2413
2310 2413
2311 2413
2312 2413
2313 2413
2314 2413
2315 2414
2316 2414
2317 2414
2318 2417
2319 2416
2320 2416
2321 2415
2322 2418
2323 2414
2324 2416
2325 2417
2326 2417
2327 2419
2328 2419
2329 2416
2330 2417
2331 2417
2332 2417
2333 2417
2334 2417
2335 2418
2336 2416
2337 2416
2338 2417
2339 2419
2340 2417
2341 2419
2342 2416
2343 2417
2344 2417
2345 2417
2346 2418
2347 2417
2348 2417
2349 2417
2350 2417
2351 2417
2352 2416
2353 2417
2354 2416
2355 2416
2356 2417
2357 2417
2358 2417
2359 2417
2360 2417
2361 2417
2362 2416
2363 2418
2364 2418
2365 2419
2366 2416
2367 2416
2368 2416
2369 2417
2370 2416
2371 2416
2372 2417
2373 2417
2374 2417
2375 2418
2376 2416
2377 2416
2378 2416
2379 2415
2380 2415
2381 2415
2382 2415
2383 2415
2384 2415
2385 2415
2386 2415
2387 2415
2388 2416
2389 2416
2390 2416
2391 2415
2392 2415
2393 2415
2394 2415
2395 2415
2396 2416
2397 2415
2398 2416
2399 2416
2400 2415
2401 2416
2402 2416
2403 2416
2404 2416
2405 2416
2406 2416
2407 2416
2408 2416
2409 2416
2410 2417
2411 2418
2412 2417
2413 2416
2414 2417
2415 2417
2416 2417
2417 2417
2418 2418
2419 2418
2420 2418
2421 2418
2422 2418
2423 2418
2424 2417
2425 2418
2426 2418
2427 2419
2428 2418
2429 2418
2430 2418
2431 2418
2432 2419
2433 2419
2434 2419
2435 2419
2436 2418
2437 2419
2438 2418
2439 2419
2440 2418
2441 2419
2442 2419
2443 2419
2444 2419
2445 2419
2446 2419
2447 2420
2448 2420
2449 2420
2450 2420
2451 2419
2452 2420
2453 2420
2454 2420
2455 2420
2456 2421
2457 2420
2458 2420
2459 2421
2460 2421
2461 2420
2462 2421
2463 2419
2464 2420
2465 2421
2466 2421
2467 2421
2468 2421
2469 2423
2470 2421
2471 2421
2472 2420
2473 2420
2474 2420
2475 2422
2476 2421
2477 2421
2478 2421
2479 2420
2480 2420
2481 2420
2482 2420
2483 2421
2484 2420
2485 2420
2486 2421
2487 2421
2488 2422
2489 2422
2490 2422
2491 2421
2492 2421
2493 2422
2494 2421
2495 2423
2496 2423
2497 2420
2498 2420
2499 2424
2500 2421
2501 2421
2502 2421
2503 2420
2504 2421
2505 2421
2506 2421
2507 2421
2508 2421
2509 2422
2510 2421
2511 2421
2512 2421
2513 2421
2514 2421
2515 2421
2516 2421
2517 2420
2518 2421
2519 2421
2520 2421
2521 2421
2522 2421
2523 2422
2524 2423
2525 2421
2526 2420
2527 2421
2528 2421
2529 2421
2530 2421
2531 2421
2532 2421
2533 2422
2534 2422
2535 2421
2536 2422
2537 2421
2538 2422
2539 2422
2540 2421
2541 2421
2542 2422
2543 2422
2544 2422
2545 2422
2546 2422
2547 2421
2548 2424
2549 2421
2550 2422
2551 2422
2552 2421
2553 2428
2554 2422
2555 2423
2556 2422
2557 2422
2558 2423
2559 2424
2560 2423
2561 2424
2562 2424
2563 2430
2564 2426
2565 2424
2566 2425
2567 2425
2568 2425
2569 2424
2570 2425
2571 2425
2572 2425
2573 2425
2574 2426
2575 2427
2576 2427
2577 2430
2578 2425
2579 2425
2580 2426
2581 2426
2582 2427
2583 2427
2584 2427
2585 2428
2586 2428
2587 2428
2588 2430
2589 2429
2590 2429
2591 2429
2592 2429
2593 2430
2594 2431
2595 2427
2596 2430
2597 2430
2598 2431
2599 2431
2600 2431
2601 2431
2602 2431
2603 2431
2604 2430
2605 2429
2606 2431
2607 2432
2608 2431
2609 2431
2610 2431
2611 2431
2612 2431
2613 2431
2614 2431
2615 2429
2616 2429
2617 2429
2618 2430
2619 2430
2620 2430
2621 2429
2622 2429
2623 2429
2624 2429
2625 2429
2626 2428
2627 2428
2628 2428
2629 2429
2630 2428
2631 2428
2632 2428
2633 2427
2634 2427
2635 2427
2636 2427
2637 2427
2638 2427
2639 2427
2640 2427
2641 2427
2642 2427
2643 2427
2644 2428
2645 2428
2646 2428
2647 2427
2648 2428
2649 2428
2650 2428
2651 2428
2652 2428
2653 2428
2654 2428
2655 2428
2656 2428
2657 2428
2658 2428
2659 2429
2660 2428
2661 2428
2662 2427
2663 2427
2664 2427
2665 2427
2666 2427
2667 2427
2668 2427
2669 2428
2670 2427
2671 2427
2672 2427
2673 2426
2674 2426
2675 2427
2676 2428
2677 2428
2678 2429
2679 2429
2680 2428
2681 2428
2682 2427
2683 2429
2684 2429
2685 2429
2686 2430
2687 2427
2688 2428
2689 2428
2690 2428
2691 2427
2692 2430
2693 2427
2694 2430
2695 2429
2696 2428
2697 2428
2698 2428
2699 2429
2700 2427
2701 2428
2702 2430
2703 2430
2704 2431
2705 2430
2706 2429
2707 2434
2708 2430
2709 2430
2710 2429
2711 2428
2712 2428
2713 2428
2714 2428
2715 2428
2716 2428
2717 2428
2718 2428
2719 2428
2720 2427
2721 2429
2722 2428
2723 2428
2724 2429
2725 2429
2726 2429
2727 2430
2728 2430
2729 2430
2730 2430
2731 2429
2732 2430
2733 2431
2734 2429
2735 2429
2736 2430
2737 2430
2738 2429
2739 2430
2740 2428
2741 2429
2742 2429
2743 2430
2744 2429
2745 2429
2746 2429
2747 2429
2748 2430
2749 2431
2750 2433
2751 2432
2752 2435
2753 2434
2754 2433
2755 2434
2756 2434
2757 2433
2758 2433
2759 2433
2760 2433
2761 2433
2762 2433
2763 2433
2764 2434
2765 2433
2766 2433
2767 2433
2768 2434
2769 2434
2770 2434
2771 2434
2772 2434
2773 2434
2774 2434
2775 2434
2776 2434
2777 2434
2778 2434
2779 2434
2780 2434
2781 2434
2782 2435
2783 2435
2784 2435
2785 2435
2786 2435
2787 2436
2788 2442
2789 2435
2790 2436
2791 2436
2792 2435
2793 2436
2794 2436
2795 2436
2796 2436
2797 2436
2798 2436
2799 2437
2800 2436
2801 2436
2802 2437
2803 2436
2804 2436
2805 2436
2806 2436
2807 2437
2808 2437
2809 2437
2810 2437
2811 2437
2812 2437
2813 2438
2814 2438
2815 2438
2816 2438
2817 2437
2818 2438
2819 2438
2820 2438
2821 2438
2822 2438
2823 2438
2824 2438
2825 2439
2826 2438
2827 2438
2828 2437
2829 2435
2830 2434
2831 2437
2832 2436
2833 2435
2834 2432
2835 2432
2836 2432
2837 2433
2838 2432
2839 2432
2840 2432
2841 2432
2842 2433
2843 2433
2844 2433
2845 2433
2846 2433
2847 2433
2848 2433
2849 2433
2850 2433
2851 2433
2852 2433
2853 2433
2854 2433
2855 2433
2856 2433
2857 2433
2858 2433
2859 2434
2860 2433
2861 2434
2862 2434
2863 2434
2864 2435
2865 2434
2866 2434
2867 2434
2868 2434
2869 2434
2870 2435
2871 2435
2872 2435
2873 2435
2874 2435
2875 2435
2876 2435
2877 2435
2878 2435
2879 2435
2880 2435
2881 2435
2882 2436
2883 2436
2884 2436
2885 2436
2886 2436
2887 2436
2888 2436
2889 2436
2890 2437
2891 2437
2892 2437
2893 2437
2894 2437
2895 2438
2896 2438
2897 2438
2898 2437
2899 2438
2900 2438
2901 2439
2902 2439
2903 2439
2904 2439
2905 2440
2906 2440
2907 2440
2908 2440
2909 2440
2910 2441
2911 2440
2912 2440
2913 2440
2914 2440
2915 2440
2916 2440
2917 2440
2918 2440
2919 2440
2920 2440
2921 2440
2922 2440
2923 2440
2924 2440
2925 2440
2926 2441
2927 2440
2928 2440
2929 2440
2930 2441
2931 2441
2932 2441
2933 2441
2934 2441
2935 2440
2936 2441
2937 2443
2938 2443
2939 2443
2940 2442
2941 2443
2942 2442
2943 2443
2944 2444
2945 2446
2946 2444
2947 2445
2948 2445
2949 2445
2950 2445
2951 2445
2952 2445
2953 2444
2954 2446
2955 2445
2956 2445
2957 2445
2958 2446
2959 2446
2960 2446
2961 2445
2962 2446
2963 2445
2964 2445
2965 2446
2966 2446
2967 2446
2968 2446
2969 2446
2970 2446
2971 2445
2972 2446
2973 2446
2974 2448
2975 2445
2976 2445
2977 2448
2978 2446
2979 2446
2980 2447
2981 2447
2982 2447
2983 2447
2984 2447
2985 2447
2986 2447
2987 2447
2988 2448
2989 2448
2990 2448
2991 2448
2992 2448
2993 2448
2994 2448
2995 2448
2996 2449
2997 2448
2998 2448
2999 2448
3000 2449
3001 2449
3002 2449
3003 2449
3004 2449
3005 2449
3006 2449
3007 2450
3008 2450
3009 2450
3010 2450
3011 2451
3012 2450
3013 2457
3014 2451
3015 2452
3016 2452
3017 2452
3018 2453
3019 2453
3020 2453
3021 2453
3022 2455
3023 2454
3024 2453
3025 2455
3026 2455
3027 2455
3028 2455
3029 2455
3030 2455
3031 2456
3032 2456
3033 2456
3034 2456
3035 2456
3036 2456
3037 2456
3038 2456
3039 2456
3040 2456
3041 2456
3042 2456
3043 2456
3044 2457
3045 2457
3046 2457
3047 2457
3048 2457
3049 2457
3050 2458
3051 2458
3052 2457
3053 2458
3054 2458
3055 2458
3056 2457
3057 2458
3058 2458
3059 2458
3060 2459
3061 2459
3062 2459
3063 2459
3064 2459
3065 2460
3066 2462
3067 2462
3068 2463
3069 2460
3070 2461
3071 2461
3072 2461
3073 2461
3074 2461
3075 2462
3076 2462
3077 2462
3078 2462
3079 2462
3080 2462
3081 2462
3082 2462
3083 2462
3084 2462
3085 2462
3086 2462
3087 2462
3088 2462
3089 2462
3090 2461
3091 2463
3092 2463
3093 2463
3094 2463
3095 2463
3096 2463
3097 2463
3098 2463
3099 2463
3100 2463
3101 2463
3102 2463
3103 2463
3104 2463
3105 2464
3106 2465
3107 2465
3108 2467
3109 2466
3110 2466
3111 2465
3112 2466
3113 2466
3114 2466
3115 2467
3116 2468
3117 2467
3118 2468
3119 2468
3120 2467
3121 2467
3122 2468
3123 2469
3124 2470
3125 2470
3126 2468
3127 2469
3128 2469
3129 2470
3130 2470
3131 2467
3132 2471
3133 2468
3134 2467
3135 2467
3136 2466
3137 2466
3138 2467
3139 2467
3140 2467
3141 2467
3142 2467
3143 2467
3144 2467
3145 2467
3146 2467
3147 2467
3148 2467
3149 2467
3150 2467
3151 2467
3152 2467
3153 2468
3154 2468
3155 2468
3156 2467
3157 2467
3158 2467
3159 2468
3160 2468
3161 2468
3162 2469
3163 2469
3164 2469
3165 2469
3166 2469
3167 2469
3168 2470
3169 2470
3170 2470
3171 2471
3172 2471
3173 2471
3174 2471
3175 2471
3176 2471
3177 2471
3178 2471
3179 2475
3180 2474
3181 2474
3182 2474
3183 2475
3184 2476
3185 2475
3186 2475
3187 2475
3188 2475
3189 2476
3190 2475
3191 2476
3192 2476
3193 2476
3194 2477
3195 2476
3196 2476
3197 2474
3198 2473
3199 2473
3200 2472
3201 2472
3202 2472
3203 2472
3204 2472
3205 2472
3206 2472
3207 2472
3208 2472
3209 2472
3210 2472
3211 2472
3212 2472
3213 2472
3214 2472
3215 2472
3216 2472
3217 2472
3218 2472
3219 2472
3220 2472
3221 2472
3222 2472
3223 2473
3224 2473
3225 2473
3226 2473
3227 2473
3228 2473
3229 2473
3230 2473
3231 2473
3232 2473
3233 2473
3234 2473
3235 2473
3236 2473
3237 2474
3238 2474
3239 2473
3240 2474
3241 2474
3242 2473
3243 2473
3244 2474
3245 2474
3246 2474
3247 2474
3248 2474
3249 2475
3250 2473
3251 2474
3252 2474
3253 2474
3254 2475
3255 2474
3256 2475
3257 2475
3258 2475
3259 2475
3260 2475
3261 2475
3262 2474
3263 2474
3264 2475
3265 2475
3266 2475
3267 2476
3268 2476
3269 2475
3270 2475
3271 2476
3272 2476
3273 2475
3274 2476
3275 2476
3276 2477
3277 2477
3278 2477
3279 2477
3280 2477
3281 2477
3282 2477
3283 2477
3284 2477
3285 2477
3286 2477
3287 2478
3288 2478
3289 2478
3290 2478
3291 2478
3292 2478
3293 2478
3294 2479
3295 2478
3296 2478
3297 2479
3298 2479
3299 2479
3300 2479
3301 2478
3302 2477
3303 2478
3304 2479
3305 2478
3306 2478
3307 2479
3308 2479
3309 2479
3310 2479
3311 2479
3312 2479
3313 2479
3314 2479
3315 2479
3316 2481
3317 2480
3318 2480
3319 2481
3320 2480
3321 2480
3322 2480
3323 2480
3324 2480
3325 2480
3326 2480
3327 2481
3328 2480
3329 2481
3330 2480
3331 2481
3332 2481
3333 2481
3334 2481
3335 2482
3336 2482
3337 2480
3338 2481
3339 2481
3340 2480
3341 2482
3342 2481
3343 2481
3344 2480
3345 2481
3346 2481
3347 2481
3348 2481
3349 2482
3350 2482
3351 2482
3352 2482
3353 2483
3354 2482
3355 2483
3356 2482
3357 2482
3358 2483
3359 2483
3360 2483
3361 2483
3362 2483
3363 2483
3364 2484
3365 2483
3366 2483
3367 2483
3368 2483
3369 2484
3370 2484
3371 2484
3372 2484
3373 2484
3374 2484
3375 2485
3376 2485
3377 2485
3378 2485
3379 2485
3380 2485
3381 2484
3382 2485
3383 2484
3384 2485
3385 2485
3386 2484
3387 2484
3388 2485
3389 2485
3390 2485
3391 2485
3392 2485
3393 2485
3394 2485
3395 2485
3396 2485
3397 2485
3398 2486
3399 2486
3400 2486
3401 2486
3402 2487
3403 2494
3404 2493
3405 2487
3406 2488
3407 2488
3408 2488
3409 2488
3410 2489
3411 2489
3412 2488
3413 2489
3414 2488
3415 2488
3416 2489
3417 2488
3418 2489
3419 2489
3420 2489
3421 2489
3422 2489
3423 2489
3424 2489
3425 2489
3426 2489
3427 2489
3428 2489
3429 2489
3430 2489
3431 2489
3432 2488
3433 2489
3434 2489
3435 2489
3436 2490
3437 2489
3438 2489
3439 2488
3440 2488
3441 2488
3442 2489
3443 2489
3444 2488
3445 2488
3446 2487
3447 2487
3448 2488
3449 2488
3450 2487
3451 2488
3452 2488
3453 2489
3454 2489
3455 2488
3456 2488
3457 2488
3458 2488
3459 2488
3460 2488
3461 2489
3462 2489
3463 2488
3464 2488
3465 2488
3466 2488
3467 2488
3468 2488
3469 2488
3470 2488
3471 2488
3472 2488
3473 2488
3474 2486
3475 2488
3476 2488
3477 2488
3478 2487
3479 2488
3480 2488
3481 2488
3482 2488
3483 2487
3484 2487
3485 2487
3486 2488
3487 2488
3488 2487
3489 2487
3490 2487
3491 2488
3492 2488
3493 2488
3494 2487
3495 2487
3496 2488
3497 2488
3498 2487
3499 2488
3500 2488
3501 2488
3502 2487
3503 2488
3504 2488
3505 2488
3506 2488
3507 2488
3508 2488
3509 2487
3510 2487
3511 2488
3512 2488
3513 2488
3514 2488
3515 2488
3516 2489
3517 2489
3518 2488
3519 2489
3520 2489
3521 2489
3522 2489
3523 2489
3524 2489
3525 2489
3526 2489
3527 2489
3528 2489
3529 2489
3530 2489
3531 2489
3532 2489
3533 2489
3534 2489
3535 2491
3536 2489
3537 2489
3538 2490
3539 2490
3540 2490
3541 2490
3542 2490
3543 2491
3544 2489
3545 2490
3546 2490
3547 2490
3548 2490
3549 2490
3550 2491
3551 2491
3552 2491
3553 2491
3554 2490
3555 2490
3556 2490
3557 2490
3558 2491
3559 2491
3560 2491
3561 2491
3562 2491
3563 2491
3564 2491
3565 2491
3566 2491
3567 2492
3568 2492
3569 2492
3570 2492
3571 2492
3572 2492
3573 2491
3574 2492
3575 2491
3576 2491
3577 2492
3578 2491
3579 2492
3580 2491
3581 2491
3582 2491
3583 2491
3584 2491
3585 2491
3586 2491
3587 2491
3588 2491
3589 2492
3590 2492
3591 2492
3592 2492
3593 2492
3594 2492
3595 2492
3596 2492
3597 2491
3598 2492
3599 2492
3600 2492
3601 2492
3602 2492
3603 2492
3604 2492
3605 2492
3606 2492
3607 2492
3608 2492
3609 2492
3610 2492
3611 2492
3612 2492
3613 2492
3614 2492
3615 2492
3616 2492
3617 2492
3618 2492
3619 2492
3620 2492
3621 2492
3622 2491
3623 2492
3624 2492
3625 2491
3626 2492
3627 2492
3628 2492
3629 2492
3630 2492
3631 2492
3632 2492
3633 2492
3634 2492
3635 2492
3636 2492
3637 2492
3638 2492
3639 2492
3640 2492
3641 2492
3642 2492
3643 2492
3644 2493
3645 2493
3646 2493
3647 2493
3648 2493
3649 2493
3650 2493
3651 2493
3652 2493
3653 2493
3654 2493
3655 2492
3656 2493
3657 2492
3658 2494
3659 2494
3660 2493
3661 2493
3662 2493
3663 2493
3664 2494
3665 2494
3666 2493
3667 2494
3668 2494
3669 2493
3670 2494
3671 2494
3672 2494
3673 2494
3674 2493
3675 2493
3676 2493
3677 2494
3678 2494
3679 2494
3680 2494
3681 2494
3682 2494
3683 2494
3684 2494
3685 2494
3686 2494
3687 2494
3688 2494
3689 2494
3690 2494
3691 2494
3692 2494
3693 2494
3694 2494
3695 2494
3696 2494
3697 2494
3698 2494
3699 2494
3700 2494
3701 2494
3702 2494
3703 2494
3704 2494
3705 2494
3706 2494
3707 2494
3708 2495
3709 2495
3710 2494
3711 2494
3712 2494
3713 2494
3714 2494
3715 2494
3716 2494
3717 2494
3718 2494
3719 2494
3720 2494
3721 2494
3722 2494
3723 2494
3724 2494
3725 2494
3726 2494
3727 2494
3728 2494
3729 2495
3730 2494
3731 2495
3732 2495
3733 2494
3734 2494
3735 2493
3736 2494
3737 2494
3738 2494
3739 2494
3740 2494
3741 2494
3742 2493
3743 2494
3744 2494
3745 2494
3746 2494
3747 2494
3748 2494
3749 2494
3750 2494
3751 2494
3752 2494
3753 2494
3754 2494
3755 2495
3756 2494
3757 2494
3758 2496
3759 2496
3760 2494
3761 2494
3762 2494
3763 2494
3764 2495
3765 2495
3766 2494
3767 2494
3768 2494
3769 2494
3770 2495
3771 2497
3772 2495
3773 2496
3774 2494
3775 2494
3776 2495
3777 2497
3778 2495
3779 2498
3780 2501
3781 2495
3782 2495
3783 2495
3784 2494
3785 2494
3786 2495
3787 2494
3788 2494
3789 2494
3790 2494
3791 2495
3792 2494
3793 2495
3794 2495
3795 2494
3796 2495
3797 2495
3798 2495
3799 2494
3800 2495
3801 2495
3802 2495
3803 2495
3804 2495
3805 2495
3806 2495
3807 2496
3808 2495
3809 2496
3810 2494
3811 2494
3812 2495
3813 2496
3814 2495
3815 2496
3816 2495
3817 2495
3818 2495
3819 2495
3820 2496
3821 2495
3822 2496
3823 2496
3824 2496
3825 2495
3826 2495
3827 2494
3828 2494
3829 2495
3830 2495
3831 2496
3832 2496
3833 2495
3834 2495
3835 2495
3836 2495
3837 2496
3838 2496
3839 2496
3840 2496
3841 2496
3842 2496
3843 2496
3844 2496
3845 2496
3846 2496
3847 2497
3848 2497
3849 2497
3850 2496
3851 2497
3852 2497
3853 2496
3854 2496
3855 2496
3856 2497
3857 2496
3858 2497
3859 2496
3860 2496
3861 2496
3862 2497
3863 2496
3864 2497
3865 2496
3866 2496
3867 2496
3868 2496
3869 2497
3870 2497
3871 2498
3872 2498
3873 2498
3874 2498
3875 2498
3876 2498
3877 2498
3878 2499
3879 2499
3880 2499
3881 2499
3882 2498
3883 2498
3884 2498
3885 2499
3886 2499
3887 2498
3888 2498
3889 2498
3890 2498
3891 2498
3892 2498
3893 2498
3894 2498
3895 2498
3896 2498
3897 2498
3898 2498
3899 2498
3900 2500
3901 2499
3902 2498
3903 2498
3904 2499
3905 2496
3906 2498
3907 2499
3908 2498
3909 2499
3910 2498
3911 2499
3912 2500
3913 2499
3914 2500
3915 2498
3916 2501
3917 2497
3918 2499
3919 2499
3920 2499
3921 2499
3922 2499
3923 2501
3924 2500
3925 2499
3926 2498
3927 2499
3928 2500
3929 2500
3930 2499
3931 2504
3932 2502
3933 2499
3934 2498
3935 2500
3936 2500
3937 2499
3938 2499
3939 2499
3940 2500
3941 2500
3942 2500
3943 2500
3944 2500
3945 2500
3946 2501
3947 2501
3948 2501
3949 2500
3950 2500
3951 2500
3952 2500
3953 2500
3954 2501
3955 2500
3956 2500
3957 2500
3958 2500
3959 2501
3960 2500
3961 2500
3962 2500
3963 2500
3964 2500
3965 2500
3966 2500
3967 2500
3968 2500
3969 2500
3970 2501
3971 2500
3972 2500
3973 2499
3974 2501
3975 2499
3976 2503
3977 2499
3978 2499
3979 2502
3980 2501
3981 2500
3982 2499
3983 2501
3984 2501
3985 2501
3986 2500
3987 2505
3988 2498
3989 2498
3990 2496
3991 2499
3992 2500
3993 2500
3994 2500
3995 2498
3996 2499
3997 2502
3998 2506
3999 2501
4000 2500
4001 2500
4002 2503
4003 2503
4004 2501
4005 2508
4006 2502
4007 2503
4008 2498
4009 2498
4010 2503
4011 2497
4012 2498
4013 2497
4014 2492
4015 2494
4016 2493
4017 2492
4018 2497
4019 2498
4020 2496
4021 2493
4022 2494
4023 2500
4024 2499
4025 2493
4026 2498
4027 2500
4028 2496
4029 2494
4030 2495
4031 2493
4032 2494
4033 2489
4034 2494
4035 2493
4036 2494
4037 2493
4038 2492
4039 2493
4040 2495
4041 2491
4042 2493
4043 2497
4044 2494
4045 2494
4046 2495
4047 2495
4048 2495
4049 2495
4050 2496
4051 2496
4052 2495
4053 2495
4054 2490
4055 2503
4056 2483
4057 2498
4058 2497
4059 2490
4060 2489
4061 2485
4062 2496
4147 2482
4148 2484
4149 2486
4150 2487
4151 2486
4152 2488
4153 2489
4154 2493
4155 2492
4156 2498
4157 2493
4158 2494
4159 2492
4160 2492
4161 2494
4162 2495
4163 2496
4164 2495
4165 2495
4166 2494
4167 2494
4168 2494
4169 2494
4170 2493
4171 2492
4172 2494
4173 2493
4174 2497
4175 2490
4176 2502
4177 2492
4178 2494
4179 2492
4180 2493
4181 2501
4182 2492
4183 2500
4184 2493
4185 2493
4186 2494
4187 2493
4188 2493
4189 2493
4190 2495
4191 2495
4192 2495
4193 2494
4194 2494
4195 2493
4196 2493
4197 2493
4198 2493
4199 2495
4200 2494
4201 2493
4202 2493
4203 2493
4204 2494
4205 2493
4206 2492
4207 2493
4208 2490
4209 2491
4210 2493
4211 2491
4212 2497
4213 2495
4214 2494
4215 2499
4216 2492
4217 2491
4218 2491
4219 2487
4220 2492
4221 2499
4222 2489
4223 2496
4224 2496
4225 2496
4226 2497
4227 2497
4228 2497
4229 2496
4230 2497
4231 2498
4232 2498
4233 2496
4234 2497
4235 2497
4236 2497
4237 2497
4238 2497
4239 2497
4240 2497
4241 2497
4242 2497
4243 2498
4244 2498
4245 2497
4246 2497
4247 2497
4248 2497
4249 2497
4250 2497
4251 2498
4252 2497
4253 2497
4254 2497
4255 2497
4256 2498
4257 2498
4258 2497
4259 2497
4260 2498
4261 2497
4262 2497
4263 2497
4264 2498
4265 2498
4266 2497
4267 2497
4268 2497
4269 2498
4270 2498
4271 2497
4272 2497
4273 2497
4274 2498
4275 2498
4276 2498
4277 2497
4278 2497
4279 2498
4280 2498
4281 2498
4282 2498
4283 2497
4284 2497
4285 2497
4286 2497
4287 2497
4288 2497
4289 2497
4290 2498
4291 2498
4292 2497
4293 2497
4294 2497
4295 2497
4296 2498
4297 2497
4298 2497
4299 2497
4300 2497
4301 2497
4302 2497
4303 2497
4304 2497
4305 2497
4306 2497
4307 2497
4308 2497
4309 2497
4310 2497
4311 2497
4312 2497
4313 2497
4314 2497
4315 2497
4316 2497
4317 2497
4318 2497
4319 2496
4320 2497
4321 2497
4322 2497
4323 2497
4324 2497
4325 2497
4326 2497
4327 2497
4328 2497
4329 2497
4330 2497
4331 2497
4332 2497
4333 2497
4334 2497
4335 2497
4336 2497
4337 2497
4338 2497
4339 2497
4340 2497
4341 2497
4342 2498
4343 2498
4344 2497
4345 2497
4346 2497
4347 2497
4348 2497
4349 2498
4350 2497
4351 2498
4352 2497
4353 2497
4354 2497
4355 2497
4356 2497
4357 2497
4358 2497
4359 2497
4360 2497
4361 2497
4362 2497
4363 2497
4364 2496
4365 2496
4366 2497
4367 2497
4368 2496
4369 2496
4370 2496
4371 2496
4372 2497
4373 2496
4374 2496
4375 2496
4376 2496
4377 2496
4378 2496
4379 2496
4380 2495
4381 2496
4382 2496
4383 2497
4384 2496
4385 2496
4386 2498
4387 2496
4388 2501
4389 2496
4390 2496
4391 2496
4392 2496
4393 2496
4394 2496
4395 2496
4396 2500
4397 2496
4398 2496
4399 2496
4400 2496
4401 2496
4402 2497
4403 2496
4404 2496
4405 2496
4406 2496
4407 2496
4408 2496
4409 2496
4410 2496
4411 2496
4412 2496
4413 2495
4414 2496
4415 2496
4416 2496
4417 2496
4418 2496
4419 2496
4420 2496
4421 2496
4422 2495
4423 2496
4424 2495
4425 2496
4426 2496
4427 2496
4428 2496
4429 2496
4430 2496
4431 2496
4432 2496
4433 2496
4434 2496
4435 2496
4436 2496
4437 2496
4438 2495
4439 2495
4440 2495
4441 2495
4442 2496
4443 2496
4444 2496
4445 2496
4446 2496
4447 2496
4448 2496
4449 2495
4450 2495
4451 2495
4452 2495
4453 2496
4454 2496
4455 2495
4456 2495
4457 2495
4458 2495
4459 2495
4460 2495
4461 2495
4462 2495
4463 2495
4464 2496
4465 2496
4466 2495
4467 2495
4468 2495
4469 2495
4470 2495
4471 2496
4472 2496
4473 2495
4474 2496
4475 2496
4476 2495
4477 2496
4478 2496
4479 2495
4480 2495
4481 2496
4482 2496
4483 2496
4484 2495
4485 2496
4486 2495
4487 2496
4488 2496
4489 2495
4490 2495
4491 2495
4492 2496
4493 2495
4494 2495
4495 2496
4496 2495
4497 2495
4498 2495
4499 2495
4500 2495
4501 2495
4502 2495
4503 2496
4504 2496
4505 2496
4506 2495
4507 2496
4508 2495
4509 2496
4510 2495
4511 2495
4512 2495
4513 2495
4514 2496
4515 2496
4516 2496
4517 2495
4518 2495
4519 2496
4520 2496
4521 2495
4522 2500
4523 2497
4524 2495
4525 2495
4526 2496
4527 2496
4528 2500
4529 2494
4530 2498
4531 2496
4532 2496
4533 2497
4534 2495
4535 2496
4536 2498
4537 2496
4538 2496
4539 2497
4540 2496
4541 2496
4542 2497
4543 2497
4544 2496
4545 2497
4546 2496
4547 2496
4548 2495
4549 2496
4550 2497
4551 2496
4552 2496
4553 2496
4554 2496
4555 2496
4556 2496
4557 2496
4558 2496
4559 2496
4560 2496
4561 2496
4562 2496
4563 2495
4564 2496
4565 2496
4566 2496
4567 2497
4568 2498
4569 2497
4570 2496
4571 2496
4572 2495
4573 2496
4574 2496
4575 2497
4576 2497
4577 2496
4578 2497
4579 2497
4580 2497
4581 2497
4582 2497
4583 2496
4584 2496
4585 2496
4586 2496
4587 2496
4588 2497
4589 2497
4590 2497
4591 2496
4592 2497
4593 2496
4594 2497
4595 2496
4596 2496
4597 2496
4598 2497
4599 2496
4600 2496
4601 2497
4602 2497
4603 2496
4604 2496
4605 2496
4606 2496
4607 2497
4608 2496
4609 2496
4610 2497
4611 2496
4612 2496
4613 2496
4614 2497
4615 2497
4616 2497
4617 2496
4618 2496
4619 2496
4620 2496
4621 2497
4622 2496
4623 2497
4624 2497
4625 2497
4626 2497
4627 2497
4628 2497
4629 2496
4630 2496
4631 2496
4632 2497
4633 2497
4634 2496
4635 2497
4636 2497
4637 2496
4638 2497
4639 2497
4640 2497
4641 2496
4642 2497
4643 2497
4644 2497
4645 2497
4646 2497
4647 2497
4648 2497
4649 2497
4650 2497
4651 2497
4652 2497
4653 2497
4654 2497
4655 2497
4656 2497
4657 2497
4658 2497
4659 2497
4660 2498
4661 2497
4662 2497
4663 2497
4664 2497
4665 2498
4666 2497
4667 2497
4668 2497
4669 2497
4670 2497
4671 2497
4672 2497
4673 2497
4674 2497
4675 2497
4676 2498
4677 2498
4678 2497
4679 2497
4680 2497
4681 2497
4682 2498
4683 2498
4684 2498
4685 2498
4686 2498
4687 2498
4688 2498
4689 2498
4690 2498
4691 2498
4692 2497
4693 2497
4694 2498
4695 2497
4696 2498
4697 2498
4698 2498
4699 2498
4700 2498
4701 2498
4702 2498
4703 2498
4704 2499
4705 2498
4706 2499
4707 2498
4708 2498
4709 2498
4710 2498
4711 2498
4712 2498
4713 2498
4714 2498
4715 2498
4716 2498
4717 2498
4718 2498
4719 2498
4720 2498
4721 2498
4722 2498
4723 2499
4724 2499
4725 2499
4726 2499
4727 2498
4728 2498
4729 2499
4730 2499
4731 2500
4732 2501
4733 2500
4734 2500
4735 2500
4736 2500
4737 2500
4738 2500
4739 2499
4740 2501
4741 2501
4742 2500
4743 2501
4744 2500
4745 2500
4746 2500
4747 2499
4748 2500
4749 2501
4750 2501
4751 2501
4752 2500
4753 2500
4754 2500
4755 2506

2239 2431
2240 2430
2241 2429
2242 2429
2243 2426
2244 2430
2245 2432
2246 2432
2247 2435
2248 2423
2249 9999
2250 2431
2251 2430
2252 2435
2253 2428
2254 2431
2255 2431
2256 2433
2257 2431
2258 2431
2259 2431
2260 2430
2261 2430
2262 2432
2263 2430
2264 2430
2265 2432
2266 2430
2267 2440
2268 2430
2269 2431
2270 2431
2271 2438
2272 2435
2273 2434
2274 2432
2275 2432
2276 2432
2277 2433
2278 2430
2279 2434
2280 2430
2281 2432
2282 2432
2283 2432
2284 2432
2285 2433
2286 2434
2287 2434
2288 2435
2289 2433
2290 2432
2291 2433
2292 2431
2293 2433
2294 2432
2295 2433
2296 2432
2297 2432
2298 2431
2299 2430
2300 2431
2301 2431
2302 2430
2303 2430
2304 2430
2305 2430
2306 2430
2307 2439
2308 2431
2309 2431
2310 2441
2311 2431
2312 2431
2313 2439
2314 2431
2315 2439
2316 2440
2317 2437
2318 2436
2319 2443
2320 2440
2321 2440
2322 2436
2323 2435
2324 2437
2325 2435
2326 2434
2327 2435
2328 2438
2329 2434
2330 2442
2331 2435
2332 2439
2333 2434
2334 2434
2335 2434
2336 2443
2337 2438
2338 2447
2339 2444
2340 2446
2341 2437
2342 2437
2343 2436
2344 2440
2345 2435
2346 2435
2347 2442
2348 2440
2349 2443
2350 2450
2351 2437
2352 2448
2353 2440
2354 2450
2355 2451
2356 2450
2357 2438
2358 2445
2359 2437
2360 2437
2361 2437
2362 2442
2363 2445
2364 2443
2365 2442
2366 2441
2367 2438
2368 2441
2369 2446
2370 2445
2371 2445
2372 2443
2373 2445
2374 2446
2375 2447
2376 2446
2377 2446
2378 2446
2379 2448
2380 2447
2381 2446
2382 2450
2383 2449
2384 2447
2385 2447
2386 2449
2387 2445
2388 2445
2389 2454
2390 2445
2391 2449
2392 2452
2393 2454
2394 2449
2395 2448
2396 2441
2397 2450
2398 2450
2399 2450
2400 2449
2401 2449
2402 2448
2403 2450
2404 2449
2405 2448
2406 2447
2407 2449
2408 2449
2409 2448
2410 2450
2411 2449
2412 2449
2413 2448
2414 2448
2415 2448
2416 2454
2417 2450
2418 2449
2419 2451
2420 2451
2421 2450
2422 2449
2423 2450
2424 2450
2425 2458
2426 2451
2427 2455
2428 2454
2429 2451
2430 2452
2431 2452
2432 2454
2433 2454
2434 2458
2435 2453
2436 2459
2437 2454
2438 2454
2439 2454
2440 2454
2441 2456
2442 2452
2443 2454
2444 2455
2445 2459
2446 2448
2447 2457
2448 2460
2449 2454
2450 2452
2451 2453
2452 2454
2453 2453
2454 2454
2455 2453
2456 2460
2457 2460
2458 2453
2459 2452
2460 2452
2461 2453
2462 2448
2463 2458
2464 2456
2465 2458
2466 2456
2467 2456
2468 2456
2469 2454
2470 2454
2471 2460
2472 2456
2473 2454
2474 2454
2475 2455
2476 2452
2477 2453
2478 2453
2479 2453
2480 2457
2481 2455
2482 2449
2483 2449
2484 2451
2485 2453
2486 2454
2487 2450
2488 2455
2489 2453
2490 2453
2491 2450
2492 2450
2493 2455
2828 9999
2829 9999
2830 9999
2831 9999
2832 9999
2833 9999
2834 2449
2835 9999
2836 2456
2837 2452
2838 2447
2839 9999
2840 2450
2841 2448
2842 2456
2843 2447
2844 2448
2845 2449
2846 2449
2847 2449
2848 2448
2849 2448
2850 2449
2851 2449
2852 2449
2853 2449
2854 2449
2855 9999
2856 2449
2857 9999
2858 2448
2859 2449
2860 2448
2861 2449
2862 2449
2863 2448
2864 9999
2865 9999
2866 2450
2867 2450
2868 2450
2869 2451
2870 9999
2871 9999
2872 9999
2873 9999
2874 2447
3260 2497
3261 2496
3262 2497
3263 2492
3264 2490
3265 2494
3266 2495
3267 2495
3268 2494
3269 2490
3270 2491
3271 2491
3272 2503
3273 2497
3274 2495
3275 2495
3276 2495
3277 2496
3278 2496
3279 2491
3280 2496
3281 2493
3282 2495
3283 2494
3284 2497
3285 2491
3286 2497
3287 2502
3288 2491
3289 2498
3290 2501
3291 2497
3292 2497
3293 2497
3294 2494
3295 2499
3296 2497
3297 2498
3298 2497
3299 2494
3300 2497
3301 2494
3302 2493
3303 2492
3304 2497
3305 2493
3306 2499
3307 2492
3308 2502
3309 2494
3310 2492
3311 2493
3312 2494
3313 2499
3314 2498
3315 2501
3316 2495
3317 2495
3318 2506
3319 2493
3320 2500
3321 2504
3322 2501
3323 2493
3324 2499
3325 2499
3326 2493
3327 2493
3328 2498
3329 2497
3330 2495
3331 2496
3332 2500
3333 2499
3334 2494
3335 2501
3336 2494
3337 2495
3338 2503
3339 2494
3340 2495
3341 2494
3342 2506
3343 2497
3344 2496
3345 2499
3346 2494
3347 2496
3348 2495
3349 2501
3350 2494
3351 2494
3352 2495
3353 9999
3354 2500
3355 2502
3356 2495
3357 2497
3358 2500
3359 2498
3360 2495
3361 2497
3362 2502
3363 2499
3364 2497
3365 2508
3366 2498
3367 2498
3368 2499
3369 2499
3370 2498
3371 2497
3372 9999
3373 9999
3374 2498
3375 2501
3376 2498
3377 2498
3378 2497
3379 2498
3380 2497
3381 2498
3382 9999
3383 2496
3384 9999
3385 2500
3386 2496
3387 2496
3388 2497
3389 2497
3390 2499
3391 2498
3392 2499
3393 2506
3394 2500
3395 2497
3396 2500
3397 2501
3398 9999
3399 2504
3400 2499
3401 9999
3402 9999
3403 9999
3404 9999
3405 9999
3406 9999
3407 9999
3408 2508
3409 2511
3410 2510
3411 2506
3412 9999
3413 9999
3414 9999
3415 2510
3416 2506
3417 9999
3418 2503
3419 2503
3420 2501
3421 9999
3422 2501
3423 9999
3424 9999
3425 9999
3426 9999
3427 9999
3428 9999
3429 9999
3430 9999
3431 9999
3432 9999
3433 2506
3434 9999
3435 9999
3436 2502
3437 9999
3438 9999
3439 9999
3440 9999
3441 9999
3442 2506
3443 9999
3444 9999
3445 9999
3446 2499
3447 2499
3448 2501
3449 9999
3450 2501
3451 2500
3452 2503
3453 2503
3454 9999
3455 2502
3456 2501
3457 9999
3458 2501
3459 2502
3460 9999
3461 2505
3462 9999
3463 2504
3464 2501
3465 9999
3466 2503
3467 2504
3468 2510
3469 2508
3470 2508
3471 2507
3472 2505
3473 2505
3474 2502
3475 2505
3476 2507
3477 2505
3478 2504
3479 2515
3480 2504
3481 2513
3482 2508
3483 2507
3484 2509
3485 2511
3486 2510
3487 2510
3488 2506
3489 2509
3490 2520
3491 2509
3492 2511
3493 2512
3494 2514
3495 2515
3496 2514
3497 2517
3498 2515
3499 2517
3500 2521
3501 2516
3502 2518
3503 2515
3504 2515
3505 2518
3506 2517
3507 2516
3508 2512
3509 2523
3510 2521
3511 2512
3512 2519
3513 2516
3514 2515
3515 2517
3516 2518
3517 2518
3518 2515
3519 2521
3520 2519
3521 2519
3522 2517
3523 2518
3524 2520
3525 2518
3526 2517
3527 2517
3528 2522
3529 2519
3530 2513
3531 2526
3532 2524
3533 2519
3534 2521
3535 2518
3536 2520
3537 2521
3538 2522
3539 2514
3540 2523
3541 2523
3542 2522
3543 2518
3544 2517
3545 2516
3546 2514
3547 2521
3548 2514
3549 2517
3550 2514
3551 2518
3552 2515
3553 2514
3554 2520
3555 2519
3556 2525
3557 2522
3558 2519
3559 2526
3560 2514
3561 2514
3562 2519
3563 2527
3564 2521
3565 2525
3566 2519
3567 2517
3568 2522
3569 2525
3570 2523
3571 2517
3572 2525
3573 2521
3574 2527
3575 2524
3576 2524
3577 2522
3578 2514
3579 2521
3580 2514
3581 2528
3582 2514
3583 2520
3584 2517
3585 2520
3586 2518
3587 2519
3588 2525
3589 2513
3590 2513
3591 2522
3592 2527
3593 2515
3594 2517
3595 2521
3596 2523
3597 2513
3598 2520
3599 2521
3600 2521
3601 2520
3602 2521
3603 2521
3604 2516
3605 2521
3606 2520
3607 2520
3608 2522
3609 2520
3610 2513
3611 2524
3612 2520
3613 2521
3614 2520
3615 2527
3616 2521
3617 2524
3618 2513
3619 2513
3620 2520
3621 2513
3622 2519
3623 2515
3624 2515
3625 2513
3626 2513
3627 2526
3628 2519
3629 2520
3630 2513
3631 2513
3632 2520
3633 2516
3634 2521
3635 2521
3636 2516
3637 2519
3638 2515
3639 2515
3640 2521
3641 2520
3642 2520
3643 2520
3644 2521
3645 2514
3646 2524
3647 2520
3648 2528
3649 2519
3650 2525
3651 2523
3652 2522
3653 2528
3654 2520
3655 2516
3656 2518
3657 2530
3658 2520
3659 2521
3660 2516
3661 2520
3662 2522
3663 2518
3664 2525
3665 2522
3666 2528
3667 2522
3668 2526
3669 2530
3670 2531
3671 2531
3672 2523
3673 2527
3674 2521
3675 2526
3676 2528
3677 2518
3678 2527
3679 2526
3680 2527
3681 2526
3682 2524
3683 2526
3684 2527
3685 2519
3686 2530
3687 2531
3688 2524
3689 2527
3690 2534
3691 2532
3692 2520
3693 2532
3694 2528
3695 2528
3696 2528
3697 2526
3698 2524
3699 2523
3700 2528
3701 2529
3702 2531
3703 2527
3704 2527
3705 2526
3706 2525
3707 2527
3708 2529
3709 2528
3710 2527
3711 2521
3712 2529
3713 2524
3714 2524
3715 2526
3716 2532
3717 2528
3718 2528
3719 2522
3720 2527
3721 2524
3722 2530
3723 2530
3724 2531
3725 2526
3726 2519
3727 2531
3728 2532
3729 2532
3730 2526
3731 2532
3732 2525
3733 2530
3734 2517
3735 2522
3736 2530
3737 2531
3738 2526
3739 2526
3740 2522
3741 2525
3742 2524
3743 2519
3744 2517
3745 2523
3746 2523
3747 2529
3748 2523
3749 2517
3750 2516
3751 2516
3752 2522
3753 2517
3754 2523
3755 2519
3756 2522
3757 2530
3758 2517
3759 2523
3760 2517
3761 2516
3762 2521
3763 2528
3764 2523
3765 2521
3766 2516
3767 2522
3768 2524
3769 2522
3770 2517
3771 2515
3772 2516
3773 2521
3774 2523
3775 2517
3776 2529
3777 2524
3778 2515
3779 2520
3780 2517
3781 2515
3782 2515
3783 2519
3784 2522
3785 2514
3786 2515
3787 2515
3788 2520
3789 2518
3790 2514
3791 2521
3792 2519
3793 2519
3794 2515
3795 2519
3796 2513
3797 2522
3798 2513
3799 2521
3800 2513
3801 2514
3802 2512
3803 2524
3804 2513
3805 2512
3806 2512
3807 2519
3808 2511
3809 2514
3810 2512
3811 2511
3812 2511
3813 2511
3814 2510
3815 2513
3816 2514
3817 2510
3818 2512
3819 2524
3820 2509
3821 2509
3822 2522
3823 2509
4365 2517
4366 2524
4367 2524
4368 2522
4369 2528
4370 2520
4371 2517
4372 2519
4373 2523
4374 2516
4375 2521
4376 2525
4377 2523
4378 2519
4379 2517
4380 2522
4381 2524
4382 2516
4383 2521
4384 2524
4385 2524
4386 2525
4387 2524
4388 2523
4389 2525
4390 2525
4391 2523
4392 2523
4393 2516
4394 2525
4395 2523
4396 2523
4397 2527
4398 2522
4399 2516
4400 2516
4401 2516
4402 2516
4403 2516
4404 2516
4405 2516
4406 2522
4407 2520
4408 2523
4409 2516
4410 2516
4411 2522
4412 2526
4413 2519
4414 2522
4415 2516
4416 2518
4417 2518
4418 2516
4419 2516
4420 2523
4421 2517
4422 2516
4423 2525
4424 2520
4425 2516
4426 2519
4427 2519
4428 2518
4429 2517
4430 2517
4431 2521
4432 2517
4433 2516
4434 2517
4435 2516
4436 2519
4437 2519
4438 2519
4439 2518
4440 2517
4441 2518
4442 2519
4443 2517
4444 2516
4445 2517
4446 2518
4447 2516
4448 2519
4449 2524
4450 2517
4451 2516
4452 2517
4453 2530
4454 2520
4455 2522
4456 2516
4457 2516
4458 2516
4459 2529
4460 2519
4461 2521
4462 2520
4463 2516
4464 2519
4465 2527
4466 2518
4467 2526
4468 2520
4469 2516
4470 2522
4471 2516
4472 2516
4473 2516
4474 2525
4475 2518
4476 2522
4477 2517
4478 2525
4479 2521
4480 2520
4481 2520
4482 2530
4483 2517
4484 2523
4485 2529
4486 2522
4487 2530
4488 2524
4489 2525
4490 2529
4491 2519
4492 2518
4493 2517
4494 2522
4495 2517
4496 2522
4497 2521
4498 2520
4499 2520
4500 2516
4501 2516
4502 2516
4503 2518
4504 2525
4505 2522
4506 2519
4507 2520
4508 2522
4509 2518
4510 2522
4511 2528
4512 2526
4513 2520
4514 2517
4515 2521
4516 2523
4517 2519
4518 2521
4519 2524
4520 2519
4521 2529
4522 2526
4523 2530
4524 2517
4525 2522
4526 2518
4527 2529
4528 2529
4529 2525
4530 2526
4531 2527
4532 2517
4533 2528
4534 2517
4535 2530
4536 2528
4537 2529
4538 2521
4539 2531
4540 2518
4541 2519
4542 2528
4543 2528
4544 2519
4545 2521
4546 2523
4547 2519
4548 2523
4549 2519
4550 2518
4551 2524
4552 2523
4553 2519
4613 2521
4614 2520
4615 2518
4616 2519
4617 2519
4618 2519
4619 2525
4620 2519
4621 2519
4622 2520
4623 2520
4624 2519
4625 2519
4626 2519
4627 2519
4628 2519
4629 2520
4630 2519
4631 2517
4632 2519
4633 2525
4634 2523
4635 2516
4636 2519
4637 2519
4638 2519
4639 2519
4640 2519
4641 2521
4642 2519
4643 2519
4644 2520
4645 2519
4646 2519
4647 2519
4648 2519
4649 2520
4650 2520
4651 2520
4652 2520
4653 2520
4654 2521
4655 2521
4656 2520
4657 2520
4658 2518
4659 2520
4660 2521
4661 2520
4662 2520
4663 2519
4664 2519
4665 2514
4666 2519
4667 2520
4668 2522
4669 2523
4670 2519
4671 2521
4672 2520
4673 2521
4674 2520
4675 2521
4676 2520
4677 2521
4678 2522
4679 2521
4680 2518
4681 2519
4682 2521
4683 2521
4684 2520
4685 2520
4686 2523
4687 2521
4688 2520
4689 2521
4690 2520
4691 2519
4692 2519
4693 2520
4694 2520
4695 2520
4696 2515
4697 2520
4698 2520
4699 2520
4700 2520
4701 2519
4702 2517
4703 2521
4704 2513
4705 2522
4706 2519
4707 2519
4708 2516
4709 2525
4710 2526
4711 2519
4712 2520
4713 2515
4714 2515
4715 2514
4716 2520
4717 2523
4718 2522
4719 2523
4720 2526
4721 2528
4722 2521
4723 2523
4724 2520
4725 2521
4726 2518
4727 2514
4728 2516
4729 2516
4730 2516
4731 2514
4732 2519
4733 2518
4734 2521
4735 2520
4736 2520
4737 2516
4738 2517
4739 2516
4740 2520
4741 2520
4742 2519
4743 2519
4744 2521
4745 2522
4746 2517
4747 2521
4748 2515
4749 2528
4750 2528

