2779 2418
2780 2423
2781 2416
2782 2416
2783 2416
2784 2418
2785 2417
2786 2416
2787 2416
2788 2417
2789 2417
2790 2417
2791 2417
2792 2417
2793 2416
2794 2417
2795 2416
2796 2422
2797 2416
2798 2415
2799 2422
2800 2421
2801 2421
2802 2421
2803 2420
2804 2421
2805 2421
2806 2421
2807 2421
2808 2420
2809 2421
2810 2420
2811 2420
2812 2419
2813 2420
2814 2420
2815 2421
2816 2421
2817 2421
2818 2420
2819 2419
2820 2419
2821 2418
2822 2419
2823 2419
2824 2418
2825 2418
2826 2419
2827 2419
2828 2419
2829 2419
2830 2419
2831 2419
2832 2419
2833 2419
2834 2419
2835 2419
2836 2419
2837 2419
2838 2420
2839 2419
2840 2420
2841 2420
2842 2419
2843 2420
2844 2420
2845 2420
2846 2420
2847 2420
2848 2421
2849 2420
2850 2421
2851 2422
2852 2421
2853 2420
2854 2419
2855 2420
2856 2419
2857 2419
2858 2419
2859 2419
2860 2419
2861 2419
2862 2418
2863 2418
2864 2418
2865 2419
2866 2418
2867 2417
2868 2419
2869 2419
2870 2418
2871 2419
2872 2419
2873 2419
2874 2419
2875 2418
2876 2419
2877 2418
2878 2418
2879 2419
2880 2419
2881 2419
2882 2419
2883 2419
2884 2419
2885 2419
2886 2419
2887 2419
2888 2418
2889 2418
2890 2418
2891 2418
2892 2418
2893 2418
2894 2418
2895 2418
2896 2419
2897 2418
2898 2418
2899 2418
2900 2419
2901 2419
2902 2419
2903 2420
2904 2420
2905 2418
2906 2418
2907 2424
2908 2426
2909 2421
2910 2430
2911 2428
2912 2427
2913 2423
2914 2420
2915 2421
2916 2421
2917 2420
2918 2425
2919 2423
2920 2418
2921 2418
2922 2419
2923 2421
2924 2425
2925 2420
2926 2420
2927 2420
2928 2421
2929 2420
2930 2420
2931 2419
2932 2420
2933 2419
2934 2419
2935 2420
2936 2419
2937 2419
2938 2419
2939 2419
2940 2419
2941 2419
2942 2419
2943 2419
2944 2418
2945 2419
2946 2419
2947 2419
2948 2419
2949 2419
2950 2419
2951 2419
2952 2419
2953 2419
2954 2419
2955 2419
2956 2419
2957 2419
2958 2419
2959 2420
2960 2420
2961 2419
2962 2420
2963 2420
2964 2420
2965 2421
2966 2421
2967 2421
2968 2421
2969 2421
2970 2422
2971 2421
2972 2422
2973 2422
2974 2422
2975 2422
2976 2423
2977 2423
2978 2423
2979 2423
2980 2423
2981 2423
2982 2424
2983 2424
2984 2424
2985 2424
2986 2425
2987 2424
2988 2424
2989 2425
2990 2425
2991 2425
2992 2425
2993 2424
2994 2425
2995 2425
2996 2425
2997 2424
2998 2425
2999 2425
3000 2425
3001 2425
3002 2425
3003 2424
3004 2425
3005 2426
3006 2426
3007 2425
3008 2425
3009 2426
3010 2425
3011 2426
3012 2426
3013 2426
3014 2429
3015 2431
3016 2427
3017 2428
3018 2428
3019 2427
3020 2427
3021 2427
3022 2427
3023 2427
3024 2427
3025 2427
3026 2429
3027 2431
3028 2429
3029 2428
3030 2430
3031 2429
3032 2430
3033 2431
3034 2430
3035 2428
3036 2430
3037 2429
3038 2430
3039 2431
3040 2430
3041 2430
3042 2431
3043 2430
3044 2432
3045 2430
3046 2432
3047 2433
3048 2432
3049 2432
3050 2433
3051 2433
3052 2432
3053 2433
3054 2433
3055 2433
3056 2432
3057 2432
3058 2433
3059 2433
3060 2433
3061 2434
3062 2434
3063 2435
3064 2434
3065 2433
3066 2434
3067 2434
3068 2434
3069 2434
3070 2435
3071 2434
3072 2433
3073 2434
3074 2434
3075 2437
3076 2436
3077 2434
3078 2434
3079 2435
3080 2434
3081 2436
3082 2434
3083 2434
3084 2434
3085 2434
3086 2436
3087 2436
3088 2434
3089 2433
3090 2435
3091 2437
3092 2435
3093 2436
3094 2436
3095 2436
3096 2437
3097 2436
3098 2436
3099 2438
3100 2437
3101 2437
3102 2437
3103 2437
3104 2435
3105 2435
3106 2437
3107 2437
3108 2436
3109 2436
3110 2436
3111 2437
3112 2436
3113 2437
3114 2436
3115 2437
3116 2436
3117 2440
3118 2438
3119 2438
3120 2438
3121 2439
3122 2440
3123 2442
3124 2441
3125 2440
3126 2439
3127 2439
3128 2443
3129 2441
3130 2443
3131 2440
3132 2440
3133 2441
3134 2441
3135 2441
3136 2441
3137 2440
3138 2441
3139 2440
3140 2440
3141 2439
3142 2441
3143 2441
3144 2440
3145 2440
3146 2440
3147 2440
3148 2440
3149 2440
3150 2440
3151 2441
3152 2442
3153 2442
3154 2440
3155 2442
3156 2442
3157 2442
3158 2441
3159 2441
3160 2441
3161 2441
3162 2440
3163 2441
3164 2440
3165 2441
3166 2443
3167 2441
3168 2444
3169 2440
3170 2441
3171 2440
3172 2441
3173 2441
3174 2441
3175 2441
3176 2441
3177 2443
3178 2443
3179 2444
3180 2444
3181 2444
3182 2444
3183 2444
3184 2443
3185 2443
3186 2443
3187 2444
3188 2444
3189 2443
3190 2444
3191 2445
3192 2445
3193 2444
3194 2444
3195 2444
3196 2443
3197 2443
3198 2445
3199 2443
3200 2442
3201 2442
3202 2443
3203 2443
3204 2444
3205 2444
3206 2443
3207 2443
3208 2443
3209 2445
3210 2444
3211 2443
3212 2444
3213 2444
3214 2444
3215 2443
3216 2444
3217 2444
3218 2444
3219 2446
3220 2444
3221 2445
3222 2445
3223 2446
3224 2447
3225 2447
3226 2446
3227 2447
3228 2447
3229 2447
3230 2448
3231 2448
3232 2448
3233 2449
3234 2448
3235 2448
3236 2447
3237 2448
3238 2448
3239 2448
3240 2448
3241 2447
3242 2447
3243 2446
3244 2446
3245 2446
3246 2445
3247 2446
3248 2446
3249 2446
3250 2446
3251 2446
3252 2447
3253 2466
3254 2447
3255 2447
3256 2447
3257 2447
3258 2448
3259 2448
3260 2448
3261 2448
3262 2448
3263 2449
3264 2449
3265 2451
3266 2451
3267 2451
3268 2452
3269 2452
3270 2453
3271 2454
3272 2454
3273 2453
3274 2453
3275 2454
3276 2454
3277 2453
3278 2454
3279 2455
3280 2455
3281 2454
3282 2454
3283 2454
3284 2454
3285 2454
3286 2455
3287 2455
3288 2455
3289 2456
3290 2456
3291 2457
3292 2459
3293 2458
3294 2455
3295 2457
3296 2460
3297 2461
3298 2462
3299 2461
3300 2461
3301 2462
3302 2462
3303 2459
3304 2461
3305 2460
3306 2468
3307 2468
3308 2463
3309 2464
3310 2461
3311 2461
3312 2460
3313 2463
3314 2466
3315 2471
3316 2463
3317 2464
3318 2463
3319 2464
3320 2465
3321 2465
3322 2466
3323 2468
3324 2468
3325 2468
3326 2468
3327 2469
3328 2471
3329 2469
3330 2469
3331 2471
3332 2471
3333 2472
3334 2472
3335 2471
3336 2470
3337 2476
3338 2472
3339 2472
3340 2470
3341 2470
3342 2470
3343 2468
3344 2471
3345 2471
3346 2471
3347 2467
3348 2466
3349 2466
3350 2469
3351 2467
3352 2466
3353 2468
3354 2467
3355 2469
3356 2468
3357 2469
3358 2469
3359 2469
3360 2470
3361 2470
3362 2470
3363 2472
3364 2473
3365 2473
3366 2473
3367 2472
3368 2471
3369 2471
3370 2471
3371 2471
3372 2471
3373 2471
3374 2476
3375 2474
3376 2481
3377 2481
3378 2484
3379 2485
3380 2483
3381 2485
3382 2483
3383 2484
3384 2476
3385 2484
3386 2485
3387 2477
3388 2479
3389 2476
3390 2478
3391 2478
3392 2478
3393 2476
3394 2479
3395 2476
3396 2476
3397 2476
3398 2474
3399 2474
3400 2474
3401 2475
3402 2474
3403 2475
3404 2474
3405 2473
3406 2473
3407 2472
3408 2473
3409 2472
3410 2473
3411 2472
3412 2472
3413 2472
3414 2472
3415 2472
3416 2472
3417 2472
3418 2471
3419 2472
3420 2472
3421 2472
3422 2472
3423 2472
3424 2479
3425 2473
3426 2473
3427 2473
3428 2474
3429 2473
3430 2474
3431 2474
3432 2475
3433 2475
3434 2476
3435 2476
3436 2475
3437 2476
3438 2475
3439 2475
3440 2475
3441 2475
3442 2474
3443 2474
3444 2477
3445 2474
3446 2474
3447 2474
3448 2474
3449 2474
3450 2473
3451 2473
3452 2474
3453 2474
3454 2474
3455 2475
3456 2475
3457 2475
3458 2473
3459 2475
3460 2476
3461 2477
3462 2477
3463 2477
3464 2476
3465 2476
3466 2476
3467 2476
3468 2477
3469 2478
3470 2479
3471 2480
3472 2481
3473 2484
3474 2479
3475 2479
3476 2480
3477 2480
3478 2480
3479 2482
3480 2480
3481 2481
3482 2480
3483 2480
3484 2481
3485 2482
3486 2481
3487 2482
3488 2483
3489 2481
3490 2481
3491 2481
3492 2481
3493 2481
3494 2481
3495 2481
3496 2481
3497 2481
3498 2481
3499 2480
3500 2481
3501 2481
3502 2481
3503 2481
3504 2481
3505 2480
3506 2480
3507 2480
3508 2480
3509 2481
3510 2480
3511 2480
3512 2480
3513 2479
3514 2479
3515 2479
3516 2479
3517 2479
3518 2478
3519 2478
3520 2478
3521 2479
3522 2479
3523 2478
3524 2493
3525 2478
3526 2493
3527 2479
3528 2479
3529 2479
3530 2478
3531 2479
3532 2479
3533 2479
3534 2480
3535 2480
3536 2482
3537 2482
3538 2482
3539 2481
3540 2481
3541 2480
3542 2478
3543 2478
3544 2478
3545 2478
3546 2478
3547 2478
3548 2478
3549 2478
3550 2478
3551 2479
3552 2479
3553 2478
3554 2479
3555 2478
3556 2479
3557 2479
3558 2478
3559 2480
3560 2479
3561 2479
3562 2480
3563 2479
3564 2480
3565 2479
3566 2479
3567 2480
3568 2480
3569 2489
3570 2481
3571 2481
3572 2481
3573 2480
3574 2481
3575 2481
3576 2480
3577 2480
3578 2478
3579 2480
3580 2480
3581 2484
3582 2481
3583 2481
3584 2481
3585 2483
3586 2483
3587 2483
3588 2483
3589 2483
3590 2483
3591 2483
3592 2483
3593 2483
3594 2484
3595 2482
3596 2486
3597 2486
3598 2486
3599 2484
3600 2485
3601 2486
3602 2486
3603 2487
3604 2487
3605 2487
3606 2488
3607 2488
3608 2488
3609 2490
3610 2490
3611 2487
3612 2486
3613 2488
3614 2488
3615 2488
3616 2488
3617 2488
3618 2489
3619 2488
3620 2488
3621 2488
3622 2488
3623 2490
3624 2488
3625 2489
3626 2487
3627 2487
3628 2487
3629 2488
3630 2488
3631 2488
3632 2487
3633 2488
3634 2488
3635 2489
3636 2489
3637 2489
3638 2489
3639 2488
3640 2489
3641 2490
3642 2490
3643 2490
3644 2490
3645 2491
3646 2490
3647 2490
3648 2491
3649 2491
3650 2491
3651 2491
3652 2492
3653 2492
3654 2492
3655 2492
3656 2493
3657 2493
3658 2493
3659 2493
3660 2496
3661 2494
3662 2493
3663 2494
3664 2494
3665 2494
3666 2493
3667 2496
3668 2495
3669 2496
3670 2495
3671 2495
3672 2496
3673 2496
3674 2496
3675 2496
3676 2497
3677 2496
3678 2496
3679 2497
3680 2497
3681 2498
3682 2499
3683 2498
3684 2499
3685 2499
3686 2498
3687 2500
3688 2499
3689 2499
3690 2499
3691 2500
3692 2501
3693 2501
3694 2500
3695 2500
3696 2500
3697 2501
3698 2501
3699 2500
3700 2500
3701 2500
3702 2500
3703 2500
3704 2500
3705 2500
3706 2499
3707 2499
3708 2498
3709 2499
3710 2498
3711 2497
3712 2498
3713 2496
3714 2497
3715 2496
3716 2497
3717 2496
3718 2496
3719 2495
3720 2496
3721 2496
3722 2496
3723 2496
3724 2496
3725 2497
3726 2497
3727 2496
3728 2496
3729 2496
3730 2500
3731 2498
3732 2497
3733 2498
3734 2498
3735 2498
3736 2498
3737 2499
3738 2498
3739 2499
3740 2503
3741 2504
3742 2504
3743 2507
3744 2505
3745 2506
3746 2504
3747 2503
3748 2502
3749 2502
3750 2500
3751 2501
3752 2500
3753 2500
3754 2501
3755 2504
3756 2503
3757 2502
3758 2503
3759 2504
3760 2502
3761 2501
3762 2502
3763 2500
3764 2503
3765 2501
3766 2502
3767 2503
3768 2504
3769 2504
3770 2503
3771 2505
3772 2505
3773 2504
3774 2504
3775 2504
3776 2508
3777 2505
3778 2512
3779 2508
3780 2504
3781 2506
3782 2504
3783 2503
3784 2503
3785 2504
3786 2503
3787 2503
3788 2502
3789 2501
3790 2501
3791 2502
3792 2502
3793 2501
3794 2501
3795 2500
3796 2503
3797 2502
3798 2501
3799 2501
3800 2500
3801 2501
3802 2500
3803 2501
3804 2501
3805 2500
3806 2499
3807 2499
3808 2498
3809 2497
3810 2498
3811 2499
3812 2498
3813 2496
3814 2496
3815 2495
3816 2495
3817 2496
3818 2495
3819 2501
3820 2492
3821 2498
3822 2494
3823 2493
3824 2498
3825 2492
3826 2493
3827 2493
3828 2493
3829 2497
3830 2491
3831 2492
3832 2489
3833 2489
3834 2489
3835 2489
3836 2491
3837 2498
3838 2492
3839 2491
3840 2486
3841 2490
3842 2490
3843 2491
3844 2490
3845 2492
3846 2490
3847 2490
3848 2490
3849 2491
3850 2489
3851 2495
3852 2490
3853 2493
3854 2496
3855 2495
3856 2495
3857 2495
3858 2496
3859 2497
3860 2494
3861 2501
3862 2498
3863 2497
3864 2498
3865 2499
3866 2502
3867 2499
3868 2499
3869 2499
3870 2500
3871 2501
3872 2501
3873 2501
3874 2501
3875 2503
3876 2501
3877 2501
3878 2501
3879 2502
3880 2501
3881 2501
3882 2502
3883 2502
3884 2502
3885 2502
3886 2502
3887 2501
3888 2501
3889 2501
3890 2501
3891 2500
3892 2500
3893 2501
3894 2501
3895 2501
3896 2501
3897 2502
3898 2502
3899 2501
3900 2502
3901 2502
3902 2503
3903 2501
3904 2501
3905 2499
3906 2501
3907 2501
3908 2501
3909 2503
3910 2502
3911 2502
3912 2502
3913 2502
3914 2503
3915 2503
3916 2504
3917 2504
3918 2504
3919 2502
3920 2503
3921 2506
3922 2505
3923 2507
3924 2506
3925 2509
3926 2506
3927 2513
3928 2509
3929 2509
3930 2514
3931 2509
3932 2513
3933 2511
3934 2510
3935 2512
3936 2514
3937 2511
3938 2513
3939 2513
3940 2514
3941 2513
3942 2511
3943 2514
3944 2500
3945 2510
3946 2514
3947 2514
3948 2507
3949 2504
3950 2503
3951 2511
3952 2516
3953 2511
3954 2503
3955 2501
3956 2503
3957 2499
3958 2499
3959 2506
3960 2512
3961 2511
3962 2500
3963 2499
3964 2501
3965 2505
3966 2503
3967 2502
3968 2508
3969 2501
3970 2500
3971 2505
3972 2505
3973 2504
3974 2510
3975 2504
3976 2505
3977 2505
3978 2505
3979 2506
3980 2505
3981 2505
3982 2506
3983 2505
3984 2509
3985 2508
3986 2509
3987 2511
3988 2512
3989 2511
3990 2506
3991 2513
3992 2513
3993 2515
3994 2513
3995 2523
3996 2514
3997 2504
3998 2523
3999 2505
4000 2505
4001 2512
4002 2514
4003 2513
4004 2512
4005 2510
4006 2515
4007 2513
4008 2515
4009 2518
4010 2512
4011 2514
4012 2514
4013 2516
4014 2521
4015 2508
4016 2521
4017 2510
4018 2513
4019 2516
4020 2514
4021 2523
4022 2520
4023 2520
4024 2508
4025 2518
4026 2518
4027 2518
4433 2487
4434 2487
4435 2488
4436 2487
4437 2488
4438 2489
4439 2489
4440 2489
4441 2489
4442 2489
4443 2489
4444 2489
4445 2490
4446 2490
4447 2490
4448 2489
4449 2491
4450 2489
4451 2491
4452 2490
4453 2491
4454 2491
4455 2491
4456 2491
4457 2491
4458 2491
4459 2490
4460 2491
4461 2492
4462 2492
4463 2492
4464 2492
4465 2492
4466 2492
4467 2492
4468 2493
4469 2492
4470 2493
4471 2493
4472 2493
4473 2494
4474 2494
4475 2494
4476 2494
4477 2493
4478 2494
4479 2494
4480 2495
4481 2495
4482 2495
4483 2495
4484 2495
4485 2495
4486 2495
4487 2496
4488 2495
4489 2496
4490 2497
4491 2497
4492 2497
4493 2497
4494 2498
4495 2497
4496 2498
4497 2498
4498 2498
4499 2498
4500 2498
4501 2499
4502 2498
4503 2498
4504 2499
4505 2499
4506 2499
4507 2500
4508 2500
4509 2500
4510 2500
4511 2500
4512 2501
4513 2501
4514 2507
4515 2501
4516 2501
4517 2502
4518 2502
4519 2502
4520 2503
4521 2502
4522 2503
4523 2503
4524 2503
4525 2503
4526 2502
4527 2503
4528 2503
4529 2503
4530 2503
4531 2503
4532 2503
4533 2504
4534 2503
4535 2503
4536 2503
4537 2503
4538 2504
4539 2504
4540 2504
4541 2504
4542 2504
4543 2504
4544 2505
4545 2505
4546 2504
4547 2504
4548 2504
4549 2504
4550 2504
4551 2505
4552 2505
4553 2505
4554 2505
4555 2505
4556 2505
4557 2505
4558 2505
4559 2505
4560 2505
4561 2505
4562 2506
4563 2506
4564 2506
4565 2506
4566 2506
4567 2506
4568 2506
4569 2506
4570 2507
4571 2506
4572 2506
4573 2506
4574 2507
4575 2506
4576 2506
4577 2506
4578 2505
4579 2510
4580 2509
4581 2509
4582 2509
4583 2509
4584 2509
4585 2509
4586 2509
4587 2509
4588 2511
4589 2508
4590 2509
4591 2509
4592 2509
4593 2509
4594 2508
4595 2508
4596 2508
4597 2508
4598 2508
4599 2510
4600 2508
4601 2506
4602 2507
4603 2508
4604 2507
4605 2506
4606 2509
4607 2507
4608 2506
4609 2507
4610 2505
4611 2506
4612 2506
4613 2505
4614 2505
4615 2505
4616 2506
4617 2504
4618 2503
4619 2502
4620 2501
4621 2501
4622 2501
4623 2501
4624 2500
4625 2502
4626 2501
4627 2501
4628 2501
4629 2501
4630 2500
4631 2501
4632 2501
4633 2500
4634 2501
4635 2501
4636 2501
4637 2501
4638 2501
4639 2500
4640 2500
4641 2501
4642 2501
4643 2500
4644 2501
4645 2502
4646 2502
4647 2502
4648 2500
4649 2500
4650 2499
4651 2500
4652 2500
4653 2500
4654 2500
4655 2500
4656 2500
4657 2500
4658 2499
4659 2500
4660 2500
4661 2499
4662 2499
4663 2498
4664 2498
4665 2499
4666 2499
4667 2499
4668 2499
4669 2499
4670 2500
4671 2500
4672 2500
4673 2498
4674 2499
4675 2499
4676 2499
4677 2499
4678 2499
4679 2499
4680 2498
4681 2499
4682 2501
4683 2500
4684 2500
4685 2500
4686 2501
4687 2498
4688 2502
4689 2501
4690 2499
4691 2498
4692 2501
4693 2499
4694 2499
4695 2499
4696 2499
4697 2499
4698 2499
4699 2500
4700 2501
4701 2500
4702 2500
4703 2498
4704 2501
4705 2501
4706 2500
4707 2500
4708 2501
4709 2500
4710 2502
4711 2501
4712 2501
4713 2503
4714 2499
4715 2500
4716 2500
4717 2500
4718 2500
4719 2499
4720 2500
4721 2499
4722 2499
4723 2499
4724 2499
4725 2499
4726 2500
4727 2499
4728 2499
4729 2500
4730 2500
4731 2500
4732 2500
4733 2500
4734 2500
4735 2500
4736 2500
4737 2500
4738 2500
4739 2500
4740 2499
4741 2499
4742 2499
4743 2499
4744 2499
4745 2499
4746 2499
4747 2499
4748 2500
4749 2499
4750 2499
4751 2499
4752 2500
4753 2499
4754 2499
4755 2499
4756 2500
4757 2499
4758 2499
4759 2499
4760 2499
4761 2499
4762 2499
4763 2499
4764 2500
4765 2499
4766 2499
4767 2499
4768 2499
4769 2499
4770 2499
4771 2499
4772 2500
4773 2500
4774 2500
4775 2499
4776 2500
4777 2499
4778 2499
4779 2499
4780 2499
4781 2499
4782 2498
4783 2499
4784 2500
4785 2499
4786 2500
4787 2499
4788 2499
4789 2499
4790 2499
4791 2500
4792 2500
4793 2500
4794 2500
4795 2499
4796 2500
4797 2500
4798 2500
4799 2500
4800 2500
4801 2500
4802 2500
4803 2500
4804 2500
4805 2500
4806 2501
4807 2500
4808 2500
4809 2500
4810 2500
4811 2501
4812 2500
4813 2501
4814 2500
4815 2501
4816 2500
4817 2501
4818 2501
4819 2501
4820 2500
4821 2501
4822 2501
4823 2501
4824 2501
4825 2501
4826 2503
4827 2502
4828 2501
4829 2503
4830 2502
4831 2502
4832 2501
4833 2503
4834 2503
4835 2503
4836 2503
4837 2505
4838 2503
4839 2503
4840 2504
4841 2504
4842 2503
4843 2506
4844 2506
4845 2504
4846 2504
4847 2504
4848 2504
4849 2507
4850 2507
4851 2507
4852 2505
4853 2504
4854 2503
4855 2504
4856 2507
4857 2504
4858 2503
4859 2507
4860 2506
4861 2505
4862 2504
4863 2504
4864 2504
4865 2504
4866 2505
4867 2503
4868 2503
4869 2504
4870 2508
4871 2503
4872 2504
4873 2506
4874 2506
4875 2504
4876 2505
4877 2505
4878 2505
4879 2505
4880 2505
4881 2505
4882 2505
4883 2505
4884 2505
4885 2505
4886 2505
4887 2505
4888 2505
4889 2505
4890 2505
4891 2505
4892 2505
4893 2505
4894 2505
4895 2505
4896 2505
4897 2504
4898 2504
4899 2504
4900 2504
4901 2505
4902 2505
4903 2505
4904 2505
4905 2504
4906 2505
4907 2505
4908 2504
4909 2504
4910 2504
4911 2504
4912 2504
4913 2504
4914 2503
4915 2503
4916 2503
4917 2503
4918 2503
4919 2503
4920 2503
4921 2502
4922 2502
4923 2503
4924 2502
4925 2502
4926 2502
4927 2502
4928 2502
4929 2502
4930 2502
4931 2501
4932 2501
4933 2502
4934 2501
4935 2502
4936 2502
4937 2502
4938 2502
4939 2502
4940 2502
4941 2502
4942 2502
4943 2502
4944 2502
4945 2502
4946 2502
4947 2502
4948 2502
4949 2503
4950 2502
4951 2502
4952 2502
4953 2502
4954 2502
4955 2502
4956 2502
4957 2503
4958 2502
4959 2502
4960 2502
4961 2502
4962 2502
4963 2502
4964 2502
4965 2503
4966 2502
4967 2503
4968 2502
4969 2502
4970 2502
4971 2503
4972 2502
4973 2502
4974 2502
4975 2502
4976 2502
4977 2502
4978 2502
4979 2502
4980 2502
4981 2503
4982 2502
4983 2503
4984 2503
4985 2503
4986 2504
4987 2504
4988 2503
4989 2503
4990 2503
4991 2503
4992 2503
4993 2503
4994 2503
4995 2503
4996 2503
4997 2503
4998 2503
4999 2503
5000 2503
5001 2503
5002 2503
5003 2503
5004 2503
5005 2503
5006 2503
5007 2503
5008 2503
5009 2503
5010 2503
5011 2503
5012 2504
5013 2503
5014 2504
5015 2504
5016 2504
5017 2504
5018 2504
5019 2504
5020 2504
5021 2504
5022 2504
5023 2504
5024 2504
5025 2504
5026 2504
5027 2504
5028 2504
5029 2504
5030 2505
5031 2504
5032 2504
5033 2504
5034 2505
5035 2504
5036 2504
5037 2505
5038 2505
5039 2505
5040 2505
5041 2505
5042 2505
5043 2505
5044 2505
5045 2505
5046 2505
5047 2505
5048 2505
5049 2505
5050 2506
5051 2505
5052 2506
5053 2505
5054 2506
5055 2505
5056 2505
5057 2505
5058 2506
5059 2506
5060 2505
5061 2506
5062 2505
5063 2506
5064 2506
5065 2505
5066 2505
5067 2505
5068 2505
5069 2505
5070 2505
5071 2505
5072 2506
5073 2506
5074 2505
5075 2506
5076 2506
5077 2506
5078 2506
5079 2506
5080 2506
5081 2505
5082 2506
5083 2506
5084 2506
5085 2506
5086 2506
5087 2506
5088 2505
5089 2505
5090 2506
5091 2506
5092 2506
5093 2505
5094 2505
5095 2505
5096 2505
5097 2506
5098 2506
5099 2506
5100 2506
5101 2506
5102 2506
5103 2506
5104 2507
5105 2506
5106 2506
5107 2506
5108 2506

4677 2514
4678 2516
4679 2513
4680 2519
4681 2520
4682 2514
4683 9999
4684 2519
4685 2515
4686 9999
4687 2516
4688 2522
4689 2516
4690 2517
4691 2517
4692 2517
4693 2517
4694 2516
4695 2516
4696 2515
4697 2516
4698 2516
4699 2515
4700 9999
4701 2524
4702 2517
4703 2525
4704 2521
4705 9999
4706 2520
4707 2515
4708 2514
4709 2521
4710 2521
4711 2517
4712 2513
4713 9999
4714 2513
4715 2516
4716 2514
4717 2517
4718 2519
4719 2517
4720 2518
4721 2521
4722 2519
4723 2512
4724 2517
4725 2517
4726 2517
4727 2517
4728 2519
4729 2518
4730 2513
4731 2517
4732 2517
4733 2522
4734 2517
4735 2517
4736 2517
4737 2517
4738 2517
4739 2520
4740 2518
4741 2519
4742 2518
4743 2518
4744 2518
4745 2516
4746 2516
4747 2516
4748 2517
4749 2513
4750 2517
4751 2522
4752 2517
4753 2519
4754 2517
4755 2518
4756 2518
4757 2520
4758 2519
4759 2518
4760 2518
4761 2517
4762 2518
4763 2518
4764 2518
4765 2518
4766 2518
4767 2520
4768 2520
4769 2520
4770 2522
4771 2524
4772 2519
4773 2514
4774 2515
4775 2518
4776 2517
4777 2519
4778 2519
4779 2519
4780 2522
4781 2522
4782 2520
4783 2517
4784 2522
4785 2520
4786 2516
4787 2523
4788 2523
4789 2527
4790 2525
4791 2520
4792 2525
4793 2521
4794 2518
4795 2517
4796 2522
4797 2521
4798 2522
4799 2523
4800 2520
4801 2519
4802 2522
4803 2519
4804 2519
4805 2522
4806 2519
4807 2520
4808 2521
4809 2520
4810 2520
4811 2516
4812 2519
4813 2520
4814 2520
4815 2520
4816 2520
4817 2519
4818 2518
4819 2519
4820 2519
4821 2518
4822 2518
4823 2518
4824 2526
4825 2522
4826 2522
4827 2525
4828 2523
4829 2525
4830 2523
4831 2523
4832 2521
4833 2530
4834 2521
4835 2518
4836 2521
4837 2518
4838 2522
4839 2522
4840 2522
4841 2523
4842 2521
4843 2528

