1 2502
2 2493
3 2493
4 2493
5 2494
6 2493
7 2493
8 2493
9 2493
10 2493
11 2493
12 2493
13 2493
14 2493
15 2493
16 2493
17 2493
18 2493
19 2493
20 2493
21 2493
22 2493
23 2493
24 2493
25 2493
26 2493
27 2493
28 2493
29 2493
30 2493
31 2493
32 2493
33 2493
34 2493
35 2493
36 2493
37 2493
38 2493
39 2493
40 2493
41 2493
42 2493
43 2493
44 2493
45 2493
46 2493
47 2493
48 2493
49 2492
50 2493
51 2493
52 2493
53 2492
54 2492
55 2493
56 2493
57 2492
58 2493
59 2492
60 2492
61 2493
62 2493
63 2492
64 2492
65 2492
66 2492
67 2492
68 2492
69 2492
70 2492
71 2492
72 2493
73 2492
74 2492
75 2492
76 2492
77 2492
78 2492
79 2492
80 2492
81 2492
82 2492
83 2492
84 2492
85 2495
86 2492
87 2493
88 2492
89 2492
90 2492
91 2493
92 2493
93 2493
94 2493
95 2493
96 2493
97 2492
98 2493
99 2493
100 2493
101 2493
102 2493
103 2493
104 2492
105 2493
106 2493
107 2492
108 2492
109 2492
110 2492
111 2492
112 2492
113 2492
114 2492
115 2492
116 2492
117 2492
118 2492
119 2492
120 2492
121 2492
122 2492
123 2492
124 2492
125 2491
126 2492
127 2493
128 2492
129 2491
130 2494
131 2492
132 2492
133 2492
134 2492
135 2492
136 2493
137 2494
138 2490
139 2493
140 2491
141 2493
142 2492
143 2492
144 2488
145 2487
146 2490
147 2494
148 2492
149 2490
150 2491
151 2493
152 2493
153 2493
154 2493
155 2494
156 2492
1367 2483
1368 2480
1369 2480
1370 2483
1371 2485
1372 2478
1373 2480
1374 2477
1375 2476
1376 2477
1377 2476
1378 2476
1379 2476
1380 2476
1381 2476
1382 2475
1383 2476
1384 2476
1385 2476
1386 2476
1387 2476
1388 2475
1389 2476
1390 2476
1391 2477
1392 2477
1393 2477
1394 2478
1395 2478
1396 2478
1397 2479
1398 2479
1399 2480
1400 2480
1401 2482
1402 2482
1403 2482
1404 2483
1405 2483
1406 2483
1407 2484
1408 2484
1409 2483
1410 2484
1411 2483
1412 2483
1413 2483
1414 2484
1415 2484
1416 2484
1417 2485
1418 2483
1419 2487
1420 2487
1421 2484
1422 2483
1423 2483
1424 2482
1425 2481
1426 2481
1427 2481
1428 2481
1429 2480
1430 2480
1431 2480
1432 2480
1433 2479
1434 2480
1435 2480
1436 2480
1437 2479
1438 2479
1439 2479
1440 2479
1441 2479
1442 2479
1443 2479
1444 2479
1445 2479
1446 2480
1447 2480
1448 2480
1449 2479
1450 2479
1451 2479
1452 2478
1453 2478
1454 2478
1455 2485
1456 2485
1457 2478
1458 2478
1459 2478
1460 2478
1461 2477
1462 2477
1463 2477
1464 2477
1465 2477
1466 2477
1467 2477
1468 2477
1469 2477
1470 2476
1471 2476
1472 2477
1473 2476
1474 2477
1475 2477
1476 2476
1477 2477
1478 2476
1479 2477
1480 2477
1481 2477
1482 2478
1483 2478
1484 2479
1485 2485
1486 2486
1487 2478
1488 2478
1489 2478
1490 2476
1491 2476
1492 2475
1493 2476
1494 2476
1495 2476
1496 2476
1497 2476
1498 2475
1499 2475
1500 2475
1501 2475
1502 2474
1503 2474
1504 2474
1505 2474
1506 2475
1507 2475
1508 2475
1509 2474
1510 2476
1511 2475
1512 2475
1513 2475
1514 2475
1515 2475
1516 2475
1517 2474
1518 2474
1519 2476
1520 2472
1521 2472
1522 2472
1523 2471
1524 2471
1525 2471
1526 2471
1527 2471
1528 2472
1529 2472
1530 2472
1531 2473
1532 2473
1533 2474
1534 2472
1535 2471
1536 2471
1537 2472
1538 2472
1539 2471
1540 2471
1541 2471
1542 2471
1543 2471
1544 2471
1545 2472
1546 2472
1547 2479
1548 2475
1549 2473
1550 2474
1551 2472
1552 2473
1553 2472
1554 2472
1555 2472
1556 2472
1557 2472
1558 2473
1559 2473
1560 2473
1561 2473
1562 2481
1563 2473
1564 2474
1565 2474
1566 2474
1567 2488
1568 2474
1569 2474
1570 2475
1571 2475
1572 2475
1573 2475
1574 2474
1575 2474
1576 2474
1577 2474
1578 2473
1579 2473
1580 2473
1581 2472
1582 2472
1583 2472
1584 2471
1585 2471
1586 2471
1587 2471
1588 2471
1589 2471
1590 2471
1591 2471
1592 2471
1593 2471
1594 2472
1595 2471
1596 2472
1597 2473
1598 2473
1599 2473
1600 2473
1601 2473
1602 2473
1603 2473
1604 2474
1605 2473
1606 2472
1607 2472
1608 2473
1609 2473
1610 2473
1611 2472
1612 2472
1613 2472
1614 2472
1615 2472
1616 2472
1617 2474
1618 2473
1619 2472
1620 2472
1621 2472
1622 2472
1623 2472
1624 2473
1625 2473
1626 2474
1627 2477
1628 2473
1629 2474
1630 2474
1631 2474
1632 2474
1633 2474
1634 2475
1635 2475
1636 2475
1637 2474
1638 2474
1639 2474
1640 2475
1641 2474
1642 2474
1643 2474
1644 2473
1645 2474
1646 2473
1647 2473
1648 2474
1649 2473
1650 2473
1651 2473
1652 2474
1653 2474
1654 2473
1655 2471
1656 2471
1657 2471
1658 2471
1659 2471
1660 2471
1661 2471
1662 2472
1663 2472
1664 2471
1665 2471
1666 2472
1667 2471
1668 2472
1669 2472
1670 2473
1671 2476
1672 2472
1673 2473
1674 2472
1675 2472
1676 2472
1677 2472
1678 2471
1679 2472
1680 2471
1681 2472
1682 2473
1683 2473
1684 2472
1685 2472
1686 2471
1687 2471
1688 2471
1689 2471
1690 2471
1691 2471
1692 2472
1693 2472
1694 2471
1695 2471
1696 2471
1697 2471
1698 2472
1699 2472
1700 2471
1701 2471
1702 2471
1703 2470
1704 2470
1705 2471
1706 2471
1707 2471
1708 2471
1709 2471
1710 2470
1711 2470
1712 2469
1713 2469
1714 2470
1715 2470
1716 2469
1717 2469
1718 2469
1719 2469
1720 2469
1721 2470
1722 2470
1723 2470
1724 2470
1725 2469
1726 2469
1727 2469
1728 2469
1729 2469
1730 2469
1731 2470
1732 2469
1733 2470
1734 2470
1735 2472
1736 2472
1737 2472
1738 2475
1739 2471
1740 2471
1741 2471
1742 2471
1743 2471
1744 2472
1745 2472
1746 2472
1747 2473
1748 2472
1749 2472
1750 2472
1751 2474
1752 2471
1753 2470
1754 2470
1755 2470
1756 2470
1757 2470
1758 2470
1759 2469
1760 2469
1761 2469
1762 2468
1763 2468
1764 2468
1765 2468
1766 2468
1767 2468
1768 2468
1769 2467
1770 2467
1771 2468
1772 2468
1773 2468
1774 2468
1775 2468
1776 2468
1777 2468
1778 2468
1779 2468
1780 2468
1781 2468
1782 2468
1783 2468
1784 2467
1785 2467
1786 2467
1787 2467
1788 2468
1789 2468
1790 2468
1791 2467
1792 2468
1793 2467
1794 2468
1795 2467
1796 2467
1797 2472
1798 2467
1799 2466
1800 2466
1801 2468
1802 2468
1803 2467
1804 2466
1805 2466
1806 2469
1807 2469
1808 2467
1809 2467
1810 2467
1811 2466
1812 2466
1813 2466
1814 2466
1815 2465
1816 2465
1817 2465
1818 2465
1819 2465
1820 2466
1821 2465
1822 2465
1823 2465
1824 2466
1825 2465
1826 2466
1827 2466
1828 2468
1829 2465
1830 2465
1831 2465
1832 2464
1833 2463
1834 2465
1835 2466
1836 2466
1837 2466
1838 2464
1839 2465
1840 2466
1841 2465
1842 2465
1843 2465
1844 2463
1845 2465
1846 2464
1847 2465
1848 2464
1849 2460
1850 2460
1851 2459
1852 2459
1853 2459
1854 2458
1855 2463
1856 2457
1857 2458
1858 2457
1859 2457
1860 2456
1861 2455
1862 2459
1863 2456
1864 2456
1865 2456
1866 2456
1867 2456
1868 2456
1869 2456
1870 2456
1871 2456
1872 2456
1873 2455
1874 2454
1875 2454
1876 2454
1877 2454
1878 2454
1879 2454
1880 2454
1881 2454
1882 2453
1883 2453
1884 2453
1885 2452
1886 2452
1887 2451
1888 2451
1889 2450
1890 2451
1891 2450
1892 2450
1893 2450
1894 2450
1895 2449
1896 2450
1897 2450
1898 2450
1899 2450
1900 2449
1901 2450
1902 2450
1903 2450
1904 2449
1905 2449
1906 2449
1907 2448
1908 2448
1909 2448
1910 2447
1911 2447
1912 2446
1913 2446
1914 2446
1915 2445
1916 2445
1917 2445
1918 2444
1919 2444
1920 2444
1921 2445
1922 2444
1923 2443
1924 2446
1925 2442
1926 2442
1927 2442
1928 2443
1929 2443
1930 2444
1931 2443
1932 2442
1933 2442
1934 2441
1935 2441
1936 2441
1937 2440
1938 2440
1939 2441
1940 2440
1941 2441
1942 2441
1943 2440
1944 2440
1945 2440
1946 2440
1947 2440
1948 2440
1949 2440
1950 2440
1951 2439
1952 2440
1953 2440
1954 2440
1955 2440
1956 2440
1957 2440
1958 2440
1959 2441
1960 2441
1961 2441
1962 2440
1963 2439
1964 2439
1965 2438
1966 2439
1967 2441
1968 2438
1969 2438
1970 2437
1971 2437
1972 2437
1973 2436
1974 2435
1975 2435
1976 2435
1977 2435
1978 2435
1979 2435
1980 2435
1981 2435
1982 2434
1983 2434
1984 2434
1985 2434
1986 2434
1987 2434
1988 2434
1989 2433
1990 2433
1991 2433
1992 2433
1993 2433
1994 2432
1995 2432
1996 2432
1997 2432
1998 2432
1999 2431
2000 2431
2001 2431
2002 2430
2003 2430
2004 2430
2005 2430
2006 2430
2007 2430
2008 2430
2009 2430
2010 2429
2011 2429
2012 2429
2013 2429
2014 2429
2015 2429
2016 2429
2017 2429
2018 2429
2019 2429
2020 2429
2021 2429
2022 2428
2023 2429
2024 2428
2025 2428
2026 2428
2027 2428
2028 2428
2029 2428
2030 2428
2031 2428
2032 2428
2033 2428
2034 2428
2035 2427
2036 2428
2037 2428
2038 2427
2039 2427
2040 2427
2041 2427
2042 2427
2043 2427
2044 2427
2045 2427
2046 2427
2047 2427
2048 2427
2049 2427
2050 2426
2051 2427
2052 2427
2053 2426
2054 2426
2055 2426
2056 2426
2057 2425
2058 2425
2059 2425
2060 2425
2061 2425
2062 2424
2063 2424
2064 2424
2065 2424
2066 2424
2067 2425
2068 2424
2069 2424
2070 2424
2071 2424
2072 2424
2073 2424
2074 2424
2075 2424
2076 2424
2077 2424
2078 2425
2079 2425
2080 2425
2081 2425
2082 2425
2083 2425
2084 2425
2085 2426
2086 2426
2087 2425
2088 2425
2089 2424
2090 2425
2091 2425
2092 2425
2093 2425
2094 2425
2095 2425
2096 2425
2097 2425
2098 2425
2099 2425
2100 2425
2101 2425
2102 2425
2103 2425
2104 2425
2105 2425
2106 2425
2107 2424
2108 2425
2109 2424
2110 2424
2111 2424
2112 2424
2113 2424
2114 2428
2115 2428
2116 2427
2117 2427
2118 2429
2119 2429
2120 2428
2121 2431
2122 2428
2123 2427
2124 2428
2125 2428
2126 2428
2127 2428
2128 2428
2129 2428
2130 2428
2131 2428
2132 2428
2133 2429
2134 2430
2135 2430
2136 2430
2137 2431
2138 2431
2139 2431
2140 2430
2141 2430
2142 2430
2143 2430
2144 2430
2145 2430
2146 2430
2147 2430
2148 2429
2149 2429
2150 2429
2151 2429
2152 2429
2153 2429
2154 2428
2155 2428
2156 2428
2157 2428
2158 2428
2159 2428
2160 2428
2161 2428
2162 2428
2163 2427
2164 2427
2165 2427
2166 2427
2167 2426
2168 2426
2169 2426
2170 2426
2171 2426
2172 2426
2173 2426
2174 2426
2175 2426
2176 2426
2177 2426
2178 2425
2179 2425
2180 2434
2181 2426
2182 2426
2183 2426
2184 2426
2185 2427
2186 2426
2187 2426
2188 2422
2189 2422
2190 2421
2191 2422
2192 2422
2193 2422
2194 2422
2195 2422
2196 2423
2197 2422
2198 2422
2199 2422
2200 2421
2201 2421
2202 2423
2203 2423
2204 2422
2205 2425
2206 2425
2207 2423
2208 2422
2209 2423
2210 2423
2211 2423
2212 2423
2213 2422
2214 2421
2215 2425
2216 2421
2217 2422
2218 2422
2219 2422
2220 2421
2221 2422
2222 2422
2223 2427
2224 2423
2225 2424
2226 2424
2227 2424
2228 2426
2229 2424
2230 2425
2231 2424
2232 2424
2233 2424
2234 2423
2235 2430
2236 2422
2237 2422
2238 2423
2239 2422
2240 2425
2241 2424
2242 2421
2243 2422
2244 2422
2245 2422
2246 2422
2247 2422
2248 2422
2249 2426
2250 2422
2251 2422
2252 2423
2253 2422
2254 2421
2255 2420
2256 2423
2257 2421
2258 2422
2259 2421
2260 2422
2261 2424
2262 2423
2263 2423
2264 2422
2265 2422
2266 2422
2267 2423
2268 2422
2269 2422
2270 2422
2271 2422
2272 2423
2273 2422
2274 2422
2275 2422
2276 2422
2277 2422
2278 2422
2279 2422
2280 2424
2281 2421
2282 2421
2283 2422
2284 2422
2285 2421
2286 2421
2287 2421
2288 2421
2289 2421
2290 2421
2291 2421
2292 2421
2293 2421
2294 2421
2295 2421
2296 2420
2297 2420
2298 2420
2299 2419
2300 2420
2301 2419
2302 2420
2303 2420
2304 2419
2305 2420
2306 2421
2307 2421
2308 2420
2309 2418
2310 2421
2311 2420
2312 2419
2313 2419
2314 2420
2315 2422
2316 2420
2317 2419
2318 2419
2319 2419
2320 2419
2321 2419
2322 2421
2323 2419
2324 2419
2325 2419
2326 2419
2327 2419
2328 2419
2329 2420
2330 2419
2331 2419
2332 2420
2333 2420
2334 2420
2335 2420
2336 2419
2337 2420
2338 2420
2339 2420
2340 2424
2341 2420
2342 2421
2343 2419
2344 2419
2345 2419
2346 2419
2347 2419
2348 2419
2349 2419
2350 2418
2351 2419
2352 2418
2353 2418
2354 2418
2355 2418
2356 2418
2357 2418
2358 2420
2359 2417
2360 2417
2361 2417
2362 2417
2363 2417
2364 2417
2365 2417
2366 2417
2367 2417
2368 2416
2369 2416
2370 2416
2371 2415
2372 2415
2373 2415
2374 2415
2375 2415
2376 2414
2377 2415
2378 2415
2379 2418
2380 2415
2381 2414
2382 2414
2383 2414
2384 2414
2385 2414
2386 2414
2387 2413
2388 2413
2389 2413
2390 2413
2391 2413
2392 2413
2393 2413
2394 2413
2395 2413
2396 2413
2397 2414
2398 2413
2399 2413
2400 2414
2401 2414
2402 2414
2403 2413
2404 2414
2405 2413
2406 2413
2407 2413
2408 2414
2409 2414
2410 2414
2411 2418
2412 2412
2413 2413
2414 2413
2415 2413
2416 2413
2417 2414
2418 2414
2419 2413
2420 2413
2421 2413
2422 2413
2423 2413
2424 2413
2425 2413
2426 2413
2427 2412
2428 2413
2429 2413
2430 2413
2431 2413
2432 2413
2433 2413
2434 2413
2435 2413
2436 2413
2437 2413
2438 2413
2439 2414
2440 2414
2441 2413
2442 2413
2443 2413
2444 2413
2445 2412
2446 2412
2447 2417
2448 2412
2449 2413
2450 2413
2451 2412
2452 2412
2453 2413
2454 2413
2455 2413
2456 2412
2457 2413
2458 2412
2459 2412
2460 2412
2461 2412
2462 2412
2463 2412
2464 2412
2465 2412
2466 2412
2467 2412
2468 2412
2469 2412
2470 2413
2471 2413
2472 2412
2473 2412
2474 2413
2475 2413
2476 2413
2477 2413
2478 2412
2479 2412
2480 2412
2481 2413
2482 2413
2483 2413
2484 2413
2485 2412
2486 2413
2487 2412
2488 2413
2489 2412
2490 2412
2491 2413
2492 2413
2493 2412
2494 2412
2495 2412
2496 2412
2497 2412
2498 2412
2499 2412
2500 2412
2501 2412
2502 2412
2503 2412
2504 2412
2505 2412
2506 2412
2507 2412
2508 2411
2509 2412
2510 2412
2511 2412
2512 2418
2513 2412
2514 2412
2515 2412
2516 2412
2517 2411
2518 2411
2519 2411
2520 2412
2521 2411
2522 2411
2523 2411
2524 2411
2525 2411
2526 2411
2527 2411
2528 2413
2529 2411
2530 2411
2531 2411
2532 2410
2533 2412
2534 2411
2535 2411
2536 2411
2537 2411
2538 2411
2539 2411
2540 2411
2541 2410
2542 2411
2543 2410
2544 2410
2545 2414
2546 2413
2547 2412
2548 2414
2549 2414
2550 2410
2551 2410
2552 2410
2553 2410
2554 2410
2555 2410
2556 2410
2557 2410
2558 2410
2559 2410
2560 2414
2561 2418
2562 2410
2563 2410
2564 2410
2565 2410
2566 2410
2567 2410
2568 2410
2569 2410
2570 2410
2571 2412
2572 2411
2573 2410
2574 2411
2575 2410
2576 2409
2577 2410
2578 2410
2579 2410
2580 2410
2581 2410
2582 2410
2583 2410
2584 2409
2585 2409
2586 2410
2587 2409
2588 2409
2589 2409
2590 2410
2591 2410
2592 2409
2593 2409
2594 2409
2595 2409
2596 2409
2597 2409
2598 2409
2599 2409
2600 2409
2601 2409
2602 2409
2603 2409
2604 2410
2605 2409
2606 2409
2607 2410
2608 2409
2609 2410
2610 2410
2611 2409
2612 2410
2613 2410
2614 2411
2615 2410
2616 2410
2617 2410
2618 2410
2619 2410
2620 2410
2621 2410
2622 2409
2623 2410
2624 2411
2625 2410
2626 2410
2627 2410
2628 2410
2629 2425
2630 2424
2631 2411
2632 2411
2633 2412
2634 2412
2635 2412
2636 2412
2637 2413
2638 2413
2639 2413
2640 2413
2641 2413
2642 2413
2643 2413
2644 2412
2645 2412
2646 2413
2647 2413
2648 2414
2649 2414
2650 2414
2651 2414
2652 2413
2653 2413
2654 2414
2655 2415
2656 2415
2657 2414
2658 2413
2659 2414
2660 2414
2661 2413
2662 2413
2663 2413
2664 2414
2665 2414
2666 2414
2667 2414
2668 2414
2669 2414
2670 2414
2671 2414
2672 2414
2673 2414
2674 2414
2675 2413
2676 2414
2677 2414
2678 2413
2679 2414
2680 2413
2681 2413
2682 2419
2683 2413
2684 2413
2685 2413
2686 2413
2687 2413
2688 2412
2689 2413
2690 2413
2691 2412
2692 2413
2693 2412
2694 2412
2695 2412
2696 2412
2697 2412
2698 2412
2699 2412
2700 2412
2701 2412
2702 2413
2703 2412
2704 2413
2705 2412
2706 2412
2707 2413
2708 2413
2709 2412
2710 2412
2711 2413
2712 2413
2713 2413
2714 2413
2715 2413
2716 2413
2717 2413
2718 2413
2719 2413
2720 2413
2721 2413
2722 2413
2723 2413
2724 2412
2725 2412
2726 2412
2727 2413
2728 2412
2729 2412
2730 2412
2731 2413
2732 2412
2733 2413
2734 2412
2735 2412
2736 2412
2737 2412
2738 2412
2739 2412
2740 2413
2741 2413
2742 2413
2743 2412
2744 2416
2745 2412
2746 2412
2747 2412
2748 2413
2749 2413
2750 2413
2751 2415
2752 2413
2753 2412
2754 2413
2755 2412
2756 2412
2757 2412
2758 2412
2759 2412
2760 2412
2761 2412
2762 2412
2763 2412
2764 2413
2765 2413
2766 2413
2767 2413
2768 2413
2769 2413
2770 2413
2771 2413
2772 2413
2773 2413
2774 2412
2775 2412
2776 2412
2777 2412
2778 2412
2779 2412
2780 2412
2781 2413
2782 2412
2783 2412
2784 2412
2785 2412
2786 2412
2787 2412
2788 2413
2789 2413
2790 2412
2791 2412
2792 2412
2793 2412
2794 2412
2795 2412
2796 2412
2797 2412
2798 2415
2799 2412
2800 2412
2801 2412
2802 2412
2803 2411
2804 2411
2805 2412
2806 2412
2807 2412
2808 2411
2809 2411
2810 2411
2811 2411
2812 2411
2813 2411
2814 2411
2815 2412
2816 2411
2817 2411
2818 2411
2819 2411
2820 2411
2821 2412
2822 2412
2823 2412
2824 2412
2825 2415
2826 2415
2827 2413
2828 2413
2829 2412
2830 2412
2831 2411
2832 2415
2833 2414
2834 2410
2835 2418
2836 2414
2837 2413
2838 2410
2839 2413
2840 2409
2841 2413
2842 2409
2843 2409
2844 2412
2845 2417
2846 2415
2847 2415
2848 2414
2849 2409
2850 2414
2851 2410
2852 2412
2853 2409
2854 2408
2855 2408
2856 2408
2857 2408
2858 2408
2859 2408
2860 2408
2861 2408
2862 2408
2863 2410
2864 2409
2865 2408
2866 2408
2867 2408
2868 2413
2869 2407
2870 2407
2871 2407
2872 2407
2873 2407
2874 2407
2875 2407
2876 2408
2877 2408
2878 2410
2879 2407
2880 2407
2881 2407
2882 2409
2883 2406
2884 2406
2885 2406
2886 2406
2887 2408
2888 2406
2889 2411
2890 2409
2891 2410
2892 2412
2893 2412
2894 2411
2895 2410
2896 2410
2897 2411
2898 2409
2899 2410
2900 2409
2901 2411
2902 2412
2903 2412
2904 2413
2905 2413
2906 2413
2907 2409
2908 2410
2909 2410
2910 2413
2911 2411
2912 2409
2913 2411
2914 2410
2915 2414
2916 2411
2917 2409
2918 2410
2919 2413
2920 2409
2921 2408
2922 2406
2923 2412
2924 2410
2925 2406
2926 2412
2927 2411
2928 2412
2929 2416
2930 2414
2931 2412
2932 2412
2933 2411
2934 2414
2935 2411
2936 2411
2937 2408
2938 2407
2939 2410
2940 2409
2941 2408
2942 2408
2943 2409
2944 2408
2945 2409
2946 2417
2947 2409
2948 2409
2949 2409
2950 2409
2951 2409
2952 2409
2953 2409
2954 2409
2955 2409
2956 2409
2957 2409
2958 2412
2959 2409
2960 2410
2961 2408
2962 2408
2963 2408
2964 2408
2965 2408
2966 2408
2967 2408
2968 2408
2969 2407
2970 2407
2971 2407
2972 2407
2973 2414
2974 2406
2975 2406
2976 2406
2977 2406
2978 2406
2979 2406
2980 2406
2981 2406
2982 2406
2983 2405
2984 2405
2985 2405
2986 2407
2987 2405
2988 2406
2989 2405
2990 2405
2991 2405
2992 2405
2993 2406
2994 2406
2995 2406
2996 2406
2997 2405
2998 2409
2999 2405
3000 2405
3001 2407
3002 2406
3003 2409
3004 2405
3005 2405
3006 2408
3007 2405
3008 2406
3009 2406
3010 2406
3011 2405
3012 2405
3013 2409
3014 2405
3015 2405
3016 2405
3017 2405
3018 2404
3019 2403
3020 2409
3021 2403
3022 2402
3023 2403
3024 2403
3025 2402
3026 2402
3027 2402
3028 2404
3029 2403
3030 2400
3031 2400
3032 2400
3033 2400
3034 2400
3035 2400
3036 2400
3037 2406
3038 2400
3039 2400
3040 2400
3041 2409
3042 2405
3043 2400
3044 2399
3045 2400
3046 2400
3047 2400
3048 2399
3049 2400
3050 2399
3051 2400
3052 2400
3053 2400
3054 2400
3055 2400
3056 2400
3057 2400
3058 2401
3059 2400
3060 2399
3061 2399
3062 2399
3063 2403
3064 2404
3065 2401
3066 2399
3067 2400
3068 2400
3069 2400
3070 2406
3071 2401
3072 2402
3073 2401
3074 2401
3075 2402
3076 2402
3077 2402
3078 2402
3079 2402
3080 2402
3081 2404
3082 2402
3083 2402
3084 2403
3085 2401
3086 2401
3087 2402
3088 2401
3089 2402
3090 2401
3091 2401
3092 2401
3093 2401
3094 2401
3095 2401
3096 2403
3097 2400
3098 2400
3099 2399
3100 2400
3101 2400
3102 2399
3103 2399
3104 2399
3105 2400
3106 2402
3107 2399
3108 2399
3109 2399
3110 2398
3111 2404
3112 2398
3113 2399
3114 2401
3115 2398
3116 2398
3117 2398
3118 2398
3119 2398
3120 2397
3121 2397
3122 2398
3123 2396
3124 2395
3125 2395
3126 2395
3127 2399
3128 2395
3129 2395
3130 2395
3131 2395
3132 2395
3133 2394
3134 2394
3135 2396
3136 2394
3137 2393
3138 2393
3139 2393
3140 2394
3141 2394
3142 2394
3143 2394
3144 2394
3145 2394
3146 2394
3147 2394
3148 2394
3149 2394
3150 2393
3151 2393
3152 2394
3153 2393
3154 2393
3155 2392
3156 2392
3157 2392
3158 2392
3159 2392
3160 2392
3161 2388
3162 2388
3163 2386
3164 2393
3165 2392
3166 2388
3167 2387
3168 2396
3169 2386
3170 2386
3171 2386
3172 2385
3173 2385
3174 2386
3175 2385
3176 2385
3177 2385
3178 2386
3179 2387
3180 2386
3181 2385
3182 2385
3183 2388
3184 2394
3185 2392
3186 2399
3187 2386
3188 2397
3189 2389
3190 2393
3191 2384
3192 2385

18 2588
19 2589
20 2591
21 2588
22 2590
23 2588
24 2586
25 2587
26 2578
27 2580
28 2579
29 2575
30 2568
31 2575
32 2575
33 2566
34 2567
35 2574
36 2566
37 2565
38 2570
39 2563
40 2558
41 2558
42 2562
43 2554
44 2560
45 2554
46 2550
47 2555
48 2555
49 2542
50 2544
51 2544
52 2551
53 2537
54 2537
55 2536
56 2533
57 2535
58 2536
59 2537
60 2528
61 2532
62 2529
63 2535
64 2529
65 2532
66 2531
67 2522
68 2524
69 2524
70 2522
71 2522
72 2523
73 2509
74 2520
75 2519
76 2517
77 2515
78 9999
79 9999
80 9999
81 9999
2497 2445
2498 2446
2499 2446
2500 2445
2501 2449
2502 2449
2503 2446
2504 2447
2505 2446
2506 2446
2507 2445
2508 2445
2509 2445
2510 2445
2511 2444
2512 2443
2513 2443
2514 2441
2515 2449
2516 2444
2517 2443
2518 2443
2519 2443
2520 2443
2521 2443
2522 2441
2523 2442
2524 2441
2525 2442
2526 2441
2527 2442
2528 2442
2529 2441
2530 2443
2531 2440
2532 2447
2533 2442
2534 2443
2535 2442
2536 2441
2537 2442
2538 2442
2539 2442
2540 2446
2541 2441
2542 2432
2543 2446
2544 2445
2545 2444
2546 2444
2547 2443
2548 2442
2549 2440
2550 2441
2551 2443
2552 2434
2553 2431
2554 2436
2555 2436
2556 2436
2557 2436
2558 2439
2559 2437
2560 2436
2561 2441
2562 2436
2563 2437
2564 2437
2565 2439
2566 2436
2567 2437
2568 2437
2569 2437
2570 2438
2571 2437
2572 2428
2573 2428
2574 2437
2575 2437
2576 2438
2577 2437
2578 2438
2579 2437
2580 2438
2581 2436
2582 2438
2583 2438
2584 2436
2585 2434
2586 2436
2587 2434
2588 2434
2589 2434
2590 2435
2591 2433
2592 2433
2593 2435
2594 2435
2595 2431
2596 2433
2597 2432
2598 2433
2599 2432
2600 2432
2601 2432
2602 2430
2603 2431
2604 2430
2605 2431
2606 2424
2607 2430
2608 2431
2609 2424
2610 2424
2611 2432
2612 2433
2613 2436
2614 2430
2615 2433
2616 2433
2617 2427
2618 2429
2619 2428
2620 2428
2621 2428
2622 2429
2623 2429
2624 9999
2625 9999
2626 9999
2627 2426
2628 2425
2629 9999
2630 9999
2631 2424
2632 2423
2633 9999
2634 9999
2635 9999
2636 9999
2637 9999
2638 9999
2639 9999

