1889 2340
1890 2340
1891 2340
1892 2338
1893 2352
1894 2354
1895 2355
1896 2342
1897 2344
1898 2340
1899 2340
1900 2340
1901 2361
1902 2359
1903 2361
1904 2363
1905 2363
1906 2361
1907 2364
1908 2365
1909 2365
1910 2353
1911 2360
1912 2363
1913 2364
1914 2365
1915 2365
1916 2365
1917 2364
1918 2359
1919 2355
1920 2366
1921 2370
1922 2363
1923 2374
1924 2367
1925 2357
1926 2359
1927 2365
1928 2377
1929 2366
1930 2376
1931 2376
1932 2374
1933 2376
1934 2374
1935 2377
1936 2376
1937 2376
1938 2376
1939 2376
1940 2377
1941 2376
1942 2378
1943 2376
1944 2379
1945 2381
1946 2382
1947 2378
1948 2379
1949 2381
1950 2381
1951 2382
1952 2386
1953 2386
1954 2390
1955 2380
1956 2382
1957 2381
1958 2382
1959 2381
1960 2380
1961 2383
1962 2384
1963 2383
1964 2397
1965 2391
1966 2388
1967 2389
1968 2391
1969 2392
1970 2395
1971 2385
1972 2398
1973 2388
1974 2386
1975 2390
1976 2391
1977 2392
1978 2386
1979 2387
1980 2387
1981 2387
1982 2388
1983 2397
1984 2388
1985 2391
1986 2392
1987 2394
1988 2395
1989 2393
1990 2394
1991 2393
1992 2390
1993 2385
1994 2388
1995 2389
1996 2398
1997 2396
1998 2394
1999 2396
2000 2394
2001 2397
2002 2397
2003 2398
2004 2398
2005 2403
2006 2387
2007 2394
2008 2401
2009 2402
2010 2403
2011 2403
2012 2403
2013 2402
2014 2398
2015 2398
2016 2397
2017 2398
2018 2398
2019 2398
2020 2398
2021 2398
2022 2398
2023 2397
2024 2402
2025 2398
2026 2396
2027 2397
2028 2396
2029 2396
2030 2395
2031 2395
2032 2395
2033 2395
2034 2395
2035 2395
2036 2395
2037 2399
2038 2396
2039 2396
2040 2394
2041 2395
2042 2395
2043 2393
2044 2393
2045 2393
2046 2399
2047 2393
2048 2393
2049 2393
2050 2393
2051 2393
2052 2393
2053 2394
2054 2394
2055 2394
2056 2394
2057 2394
2058 2395
2059 2394
2060 2394
2061 2395
2062 2395
2063 2394
2064 2394
2065 2395
2066 2394
2067 2394
2068 2394
2069 2394
2070 2394
2071 2394
2072 2393
2073 2393
2074 2393
2075 2394
2076 2394
2077 2394
2078 2394
2079 2394
2080 2394
2081 2394
2082 2394
2083 2394
2084 2394
2085 2394
2086 2394
2087 2394
2088 2394
2089 2394
2090 2394
2091 2395
2092 2394
2093 2395
2094 2395
2095 2396
2096 2396
2097 2395
2098 2395
2099 2396
2100 2396
2101 2396
2102 2395
2103 2395
2104 2395
2105 2395
2106 2396
2107 2396
2108 2395
2109 2395
2110 2395
2111 2395
2112 2395
2113 2397
2114 2394
2115 2396
2116 2396
2117 2395
2118 2395
2119 2395
2120 2395
2121 2395
2122 2396
2123 2396
2124 2396
2125 2397
2126 2402
2127 2399
2128 2396
2129 2399
2130 2398
2131 2398
2132 2395
2133 2395
2134 2394
2135 2394
2136 2394
2137 2394
2138 2393
2139 2393
2140 2392
2141 2392
2142 2398
2143 2392
2144 2393
2145 2393
2146 2393
2147 2395
2148 2394
2149 2394
2150 2394
2151 2393
2152 2393
2153 2393
2154 2394
2155 2394
2156 2394
2157 2393
2158 2394
2159 2394
2160 2394
2161 2394
2162 2394
2163 2394
2164 2394
2165 2394
2166 2396
2167 2395
2168 2395
2169 2395
2170 2394
2171 2394
2172 2395
2173 2395
2174 2395
2175 2395
2176 2394
2177 2394
2178 2395
2179 2398
2180 2395
2181 2395
2182 2400
2183 2400
2184 2409
2185 2407
2186 2396
2187 2396
2188 2395
2189 2403
2190 2392
2191 2395
2192 2408
2193 2401
2194 2410
2195 2392
2196 2391
2197 2392
2198 2402
2199 2393
2200 2393
2201 2404
2202 2398
2203 2394
2204 2405
2205 2403
2206 2403
2207 2403
2208 2391
2209 2404
2210 2408
2211 2392
2212 2401
2213 2412
2214 2396
2215 2397
2216 2397
2217 2413
2218 2404
2219 2405
2220 2396
2221 2401
2222 2405
2223 2402
2224 2411
2225 2408
2226 2402
2227 2399
2228 2405
2229 2401
2230 2401
2231 2401
2232 2402
2233 2406
2234 2407
2235 2408
2236 2402
2237 2403
2238 2412
2239 2411
2240 2403
2241 2417
2242 2411
2243 2401
2244 2407
2245 2413
2246 2404
3107 2308
3108 2304
3109 2303
3110 2302
3111 2303
3112 2305
3113 2316
3114 2316
3115 2308
3116 2316
3117 2308
3118 2307
3119 2307
3120 2308
3121 2309
3122 2318
3123 2315
3124 2311
3125 2311
3126 2313
3127 2314
3128 2316
3129 2323
3130 2316
3131 2313
3132 2311
3133 2320
3134 2314
3135 2321
3136 2321
3137 2321
3138 2318
3139 2319
3140 2322
3141 2318
3142 2318
3143 2318
3144 2318
3145 2321
3146 2320
3147 2324
3148 2320
3149 2326
3150 2322
3151 2322
3152 2323
3153 2333
3154 2332
3155 2331
3156 2325
3157 2326
3158 2328
3159 2328
3160 2329
3161 2330
3162 2339
3163 2331
3164 2331
3165 2331
3166 2337
3167 2335
3168 2346
3169 2337
3170 2336
3171 2336
3172 2339
3173 2348
3174 2338
3175 2343
3176 2349
3177 2343
3178 2341
3179 2341
3180 2342
3181 2341
3182 2342
3183 2344
3184 2344
3185 2345
3186 2347
3187 2349
3188 2351
3189 2352
3190 2345
3191 2352
3192 2354
3193 2350
3194 2354
3195 2347
3196 2345
3197 2345
3198 2345
3199 2346
3200 2346
3201 2345
3202 2344
3203 2344
3204 2347
3205 2344
3206 2344
3207 2343
3208 2343
3209 2343
3210 2343
3211 2346
3212 2342
3213 2341
3214 2342
3215 2344
3216 2343
3217 2347
3218 2343
3219 2342
3220 2343
3221 2340
3222 2341
3223 2340
3224 2341
3225 2340
3226 2340
3227 2341
3228 2341
3229 2343
3230 2341
3231 2342
3232 2336
3233 2342
3234 2340
3235 2338
3236 2339
3237 2342
3238 2341
3239 2336
3240 2334
3241 2334
3242 2335
3243 2336
3244 2336
3245 2337
3246 2336
3247 2336
3248 2333
3249 2332
3250 2333
3251 2333
3252 2331
3253 2333
3254 2334
3255 2333
3256 2332
3257 2340
3258 2330
3259 2330
3260 2331
3261 2330
3262 2329
3263 2331
3264 2329
3265 2329
3266 2330
3267 2329
3268 2329
3269 2329
3270 2330
3271 2329
3272 2328
3273 2327
3274 2327
3275 2327
3276 2323
3277 2325
3278 2324
3279 2323
3280 2323
3281 2323
3282 2323
3283 2325
3284 2320
3285 2320
3286 2320
3287 2320
3288 2320
3289 2320
3290 2319
3291 2319
3292 2319
3293 2320
3294 2322
3295 2321
3296 2322
3297 2322
3298 2323
3299 2323
3300 2321
3301 2322
3302 2321
3303 2320
3304 2320
3305 2321
3306 2320
3307 2321
3308 2321
3309 2322
3310 2321
3311 2321
3312 2324
3313 2321
3314 2320
3315 2319
3316 2318
3317 2320
3318 2321
3319 2320
3320 2319
3321 2318
3322 2321
3323 2320
3324 2318
3325 2320
3326 2323
3327 2317
3328 2319
3329 2321
3330 2319
3331 2319
3332 2318
3333 2318
3334 2317
3335 2317
3336 2316
3337 2315
3338 2320
3339 2319
3340 2317
3341 2317
3342 2317
3343 2319
3344 2318
3345 2318
3346 2320
3347 2317
3348 2322
3349 2315
3350 2316
3351 2318
3352 2317
3353 2317
3354 2315
3355 2319
3356 2316
3357 2316
3358 2316
3359 2315
3360 2316
3361 2317
3362 2316
3363 2315
3364 2313
3365 2315
3366 2316
3367 2315
3368 2315
3369 2318
3370 2317
3371 2315
3372 2317
3373 2319
3374 2320
3375 2315
3376 2315
3377 2316
3378 2322
3379 2314
3380 2319
3381 2320
3382 2321
3383 2320
3384 2316
3385 2314
3386 2312
3387 2312
3388 2317
3389 2318
3390 2311
3391 2319
3392 2312
3393 2312
3394 2312
3395 2313
3396 2314
3397 2312
3398 2312
3399 2311
3400 2314
3401 2313
3402 2312
3403 2312
3404 2312
3405 2311
3406 2311
3407 2315
3408 2311
3409 2311
3410 2313
3411 2310
3412 2311
3413 2311
3414 2311
3415 2310
3416 2312
3417 2309
3418 2315
3419 2310
3420 2309
3421 2308
3422 2312
3423 2314
3424 2313
3425 2308
3426 2307
3427 2310
3428 2310
3429 2308
3430 2308
3431 2313
3432 2308
3433 2307
3434 2307
3435 2308
3436 2308
3437 2308
3438 2307
3439 2307
3440 2309
3441 2308
3442 2307
3443 2307
3444 2307
3445 2306
3446 2306
3447 2308
3448 2307
3449 2307
3450 2307
3451 2306
3452 2306
3453 2307
3454 2305
3455 2307
3456 2304
3457 2305
3458 2309
3459 2307
3460 2309
3461 2312
3462 2312
3463 2310
3464 2307
3465 2319
3466 2317
3467 2308
3468 2305
3469 2308
3470 2306
3471 2312
3472 2308
3473 2309
3474 2302
3475 2316
3476 2299
3477 2308
3478 2301
3479 2299
3480 2298
3481 2313
3482 2307
3483 2303
3484 2301
3485 2303
3486 2297
3487 2307
3488 2317
3489 2302
3490 2303
3491 2298
3492 2298
3493 2299
3494 2309
3495 2310
3496 2311
3497 2315
3498 2314
3499 2309
3500 2317
3501 2309
3502 2300
3503 2300
3504 2305
3505 2316
3506 2316
3507 2297
3508 2297
3509 2310
3510 2296
3511 2297
3512 2296
3513 2303
3514 2303
3515 2297
3516 2296
3517 2296
3518 2296
3519 2296
3520 2309
3521 2307
3522 2304
3523 2298
3524 2295
3525 2304
3526 2307
3527 2315
3528 2299
3529 2301
3530 2315
3531 2300
3532 2298
3533 2306
3534 2296
3535 2306
3536 2299
3537 2306
3538 2306
3539 2308
3540 2304
3541 2303
3542 2299
3543 2301
3544 2300
3545 2303
3546 2303
3547 2305
3548 2304
3549 2305
3550 2301
3551 2302
3552 2303
3553 2308
3554 2308
3555 2305
3556 2303
3557 2304
3558 2301
3559 2301
3560 2303
3561 2303
3562 2302
3563 2310
3564 2302
3565 2301
3566 2301
3567 2300
3568 2302
3569 2302
3570 2302
3571 2302
3572 2302
3573 2301
3574 2301
3575 2301
3576 2299
3577 2299
3578 2304
3579 2300
3580 2298
3581 2298
3582 2298
3583 2300
3584 2304
3585 2299
3586 2300
3587 2304
3588 2305
3589 2304
3590 2301
3591 2300
3592 2302
3593 2305
3594 2303
3595 2300
3596 2301
3597 2301
3598 2302
3599 2303
3600 2300
3601 2301
3602 2303
3603 2306
3604 2305
3605 2310
3606 2310
3607 2304
3608 2303
3609 2303
3610 2302
3611 2305
3612 2301
3613 2300
3614 2299
3615 2300
3616 2299
3617 2301
3618 2298
3619 2298
3620 2311
3621 2301
3622 2302
3623 2301
3624 2299
3625 2302
3626 2303
3627 2297
3628 2303
3629 2300
3630 2301
3631 2303
3632 2303
3633 2312
3634 2311
3635 2313
3636 2313
3637 2307
3638 2319
3639 2313
3640 2311
3641 2314
3642 2315
3643 2314
3644 2316
3645 2318
3646 2320
3647 2321
3648 2326
3649 2322
3650 2326
3651 2325

3112 2366
3113 2366
3114 2366
3115 2366
3116 2366
3117 2366
3118 2373
3119 2368
3120 2374
3121 2375
3122 2369
3123 2370
3124 2373
3125 2377
3126 2372
3127 2378
3128 2378
3129 2375
3130 2374
3131 2376
3132 2376
3133 2377
3134 2379
3135 2386
3136 2383
3137 2383
3138 2381
3139 2386
3140 2386
3141 2389
3142 2396
3143 2387
3144 2384
3145 2395
3146 2395
3147 2387
3148 2386
3149 2387
3150 2398
3151 2395
3152 2392
3153 2389
3154 2396
3155 2390
3156 2391
3157 2396
3158 2403
3159 2402
3160 2399
3161 2395
3162 2407
3163 2406
3164 2396
3165 2397
3166 2398
3167 2412
3168 2405
3169 2410
3170 2403
3171 2407
3172 2410
3173 2407
3174 2408
3175 2411
3176 2412
3177 2417
3178 2418
3179 2414
3180 2411
3181 2421
3182 2422
3183 2422
3184 2410
3185 2419
3186 2418
3187 2416
3188 2422
3189 2419
3190 2418
3191 2418
3192 2422
3193 2417
3194 2423
3195 2421
3196 2422
3197 2422
3198 2424
3199 2418
3200 2416
3201 2418
3202 2422
3203 2414
3204 2418
3205 2422
3206 2422
3207 2418
3208 2418
3209 2418
3210 2418
3211 2419
3212 2421
3213 2423
3214 2425
3215 2426
3216 2419
3217 2426
3218 2422
3219 2421
3220 2418
3221 2420
3222 2420
3223 2420
3224 2421
3225 2426
3226 2420
3227 2422
3228 2417
3229 2424
3230 2419
3231 2420
3232 2423
3233 2420
3234 2411
3235 2425
3236 2425
3237 2417
3238 2425
3239 2419
3240 2423
3241 2424
3242 2423
3243 2421
3244 2416
3245 2423
3246 2417
3247 2418
3248 2423
3249 2416
3250 2424
3251 2417
3252 2423
3253 2422
3254 2415
3255 2413
3256 2416
3257 2423
3258 2416
3259 2418
3260 2421
3261 2420
3262 2421
3263 2419
3264 2418
3265 2420
3266 2415
3267 2418
3268 2416
3269 2418
3270 2417
3271 2418
3272 2416
3273 2420
3274 2415
3275 2416
3276 2420
3277 2421
3278 2413
3279 2421
3280 2413
3281 2414
3282 2409
3283 2407
3284 2418
3285 2407
3286 2421
3287 2408
3288 2417
3289 2421
3290 2415
3291 2415
3292 2420
3293 2416
3294 2417
3295 2416
3296 2420
3297 2420
3298 2410
3299 2413
3300 2417
3301 2410
3302 2417
3303 2412
3304 2410
3305 2419
3306 2415
3307 2408
3308 2409
3309 2409
3310 2414
3311 2409
3312 2414
3313 2407
3314 2410
3315 2408
3316 2407
3317 2408
3318 2414
3319 2407
3320 2408
3321 2406
3322 2407
3323 2406
3324 2404
3325 2405
3326 2406
3327 2405
3328 2407
3329 2415
3330 2407
3331 2405
3332 2405
3333 2406
3334 2408
3335 2407
3336 2407
3337 2413
3338 2404
3339 2413
3340 2411
3341 2408
3342 2410
3343 2403
3344 2406
3345 2416
3346 2406
3347 2415
3348 2405
3349 2403
3350 2403
3351 2406
3352 2403
3353 2405
3354 2404
3355 2402
3356 2401
3357 2401
3358 2411
3359 2412
3360 2410
3361 2402
3362 2406
3363 2405
3364 2409
3365 2401
3366 2407
3367 2402
3368 2402
3369 2401
3370 2409
3371 2402
3372 2411
3373 2407
3374 2400
3375 2400
3376 2414
3377 2404
3378 2403
3379 2402
3380 2403
3381 2400
3382 2400
3383 2402
3384 2400
3385 2407
3386 2406
3387 2401
3388 2401
3389 2402
3390 2402
3391 2402
3392 2400
3393 2402
3394 2402
3395 2404
3396 2408
3397 2403
3398 2407
3399 2411
3400 2410
3401 2408
3402 2408
3403 2406
3404 2406
3405 2402
3406 2401
3407 2403
3408 2402
3409 2405
3410 2409
3411 2402
3412 2406
3413 2408
3414 2407
3415 2401
3416 2407
3417 2403
3418 2403
3419 2401
3420 2403
3421 2408
3422 2407
3423 2410
3424 2404
3425 2402
3426 2410
3427 2399
3428 2410
3429 2407
3430 2409
3431 2398
3432 2399
3433 2397
3434 2400
3435 2404
3436 2399
3437 2398
3438 2407
3439 2402
3440 2400
3441 2398
3442 2399
3443 2398
3444 2401
3445 2405
3446 2397
3447 2401
3448 2405
3449 2398
3450 2398
3451 2399
3452 2399
3453 2397
3454 2397
3455 2398
3456 2405
3457 2398
3458 2404
3459 2399
3460 2402
3461 2398
3462 2406
3463 2401
3464 2404
3465 2401
3466 2405
3467 2403
3468 2405
3469 2405
3470 2405
3471 2400
3472 2403
3473 2394
3474 2395
3475 2396
3476 2399
3477 2404
3478 2403
3479 2397
3480 2390
3481 2400
3482 2390
3483 2399
3484 2402
3485 2403
3486 2395
3487 2398
3488 2388
3489 2395
3490 2401
3491 2392
3492 2398
3493 2398
3494 2397
3495 2398
3496 2399
3497 2399
3498 2396
3499 2387
3500 2387
3501 2396
3502 2391
3503 2387
3504 2398
3505 2400
3506 2388
3507 2395
3508 2389
3509 2392
3510 2391
3511 2393
3512 2395
3513 2385
3514 2389
3515 2392
3516 2388
3517 2391
3518 2387
3519 2386
3520 2387
3521 2386
3522 2390
3523 2388
3524 2383
3525 2391
3526 2395
3527 2386
3528 2386
3529 2394
3530 2396
3531 2386
3532 2387
3533 2387
3534 2389
3535 2386
3536 2391
3537 2393
3538 2394
3539 2390
3540 2387
3541 2389
3542 2392
3543 2386
3544 2386
3545 2387
3546 2389
3547 2390
3548 2388
3549 2394
3550 2391
3551 2388
3552 2390
3553 2389
3554 2393
3555 2393
3556 2389
3557 2389
3558 2385
3559 2389
3560 2384
3561 2384
3562 2388
3563 2386
3564 2383
3565 2381
3566 2382
3567 2386
3568 2388
3569 2384
3570 2380
3571 2380
3572 2380
3573 2379
3574 2381
3575 2380
3576 2390
3577 2379
3578 2378
3579 2379
3580 2382
3581 2376
3582 2377
3583 2376
3584 2381
3585 2382
3586 2380
3587 2384
3588 2379
3589 2383
3590 2378
3591 2375
3592 2378
3593 2386
3594 2385
3595 2388
3596 2381
3597 2387
3598 2375
3599 2376
3600 2376
3601 2385
3602 2378
3603 2375
3604 2381
3605 2372
3606 2380
3607 2370
3608 2382
3609 2376
3610 2382
3611 2369
3612 2372
3613 2367
3614 2369
3615 2373
3616 2379
3617 2378
3618 2377
3619 2377
3620 2376
3621 2375
3622 2373
3623 2371
3624 2376
3625 2372
3626 2374
3627 2363
3628 2364
3629 2370
3630 2368
3631 2363
3632 2364
3633 2368
3634 2366
3635 2371
3636 2371
3637 2365
3638 2368
3639 2368
3640 2374
3641 2369
3642 2370
3643 2368
3644 2375
3645 2383
3646 2382
3647 2383
3648 2383
3649 2379
3650 2381
3651 2388
3652 9999
3653 9999
3654 9999
3655 9999
3656 9999
3657 9999

