3 2494
4 2495
5 2494
6 2494
7 2494
8 2494
9 2494
10 2494
11 2494
12 2494
13 2494
14 2494
15 2494
16 2494
17 2494
18 2494
19 2494
20 2494
21 2494
22 2494
23 2494
24 2493
25 2493
26 2493
27 2493
28 2493
29 2493
30 2493
31 2493
32 2493
33 2493
34 2493
35 2493
36 2493
37 2493
38 2493
39 2493
40 2493
41 2493
42 2493
43 2492
44 2493
45 2492
46 2493
47 2492
48 2493
49 2492
50 2492
51 2492
52 2493
53 2492
54 2492
55 2492
56 2492
57 2492
58 2492
59 2492
60 2492
61 2492
62 2492
63 2492
64 2493
65 2492
66 2492
67 2493
68 2492
69 2492
70 2492
71 2492
72 2492
73 2492
74 2492
75 2492
76 2492
77 2492
78 2492
79 2492
80 2491
81 2492
82 2492
83 2492
84 2492
85 2492
86 2492
87 2492
88 2492
89 2492
90 2492
91 2491
92 2492
93 2491
94 2491
95 2492
96 2492
97 2492
98 2493
99 2492
100 2492
101 2492
102 2491
103 2492
104 2492
105 2491
106 2491
107 2491
108 2491
109 2491
110 2491
111 2491
112 2491
113 2491
114 2491
115 2491
116 2491
117 2491
118 2491
119 2491
120 2491
121 2491
122 2491
123 2491
124 2491
125 2491
126 2491
127 2491
128 2491
129 2491
130 2491
131 2491
132 2491
133 2491
134 2491
135 2491
136 2491
137 2491
138 2491
139 2491
140 2491
141 2491
142 2491
143 2490
144 2490
145 2490
146 2491
147 2491
148 2490
149 2490
150 2490
151 2491
152 2490
153 2490
154 2490
155 2490
156 2490
157 2490
158 2490
159 2490
160 2490
161 2491
162 2491
163 2490
164 2490
165 2490
166 2490
167 2490
168 2491
169 2490
170 2491
171 2491
172 2491
173 2490
174 2490
175 2490
176 2490
177 2490
178 2490
179 2490
180 2490
181 2490
182 2490
183 2490
184 2490
185 2490
186 2490
187 2490
188 2490
189 2490
190 2490
191 2490
192 2490
193 2490
194 2490
195 2490
196 2490
197 2490
198 2490
199 2490
200 2490
201 2490
202 2490
203 2490
204 2490
205 2490
206 2490
207 2490
208 2490
209 2490
210 2490
211 2490
212 2490
213 2490
214 2490
215 2489
216 2489
217 2489
218 2490
219 2490
220 2489
221 2489
222 2490
223 2489
224 2489
225 2489
226 2490
227 2489
228 2489
229 2489
230 2489
231 2489
232 2491
233 2489
234 2490
235 2490
236 2491
237 2490
238 2489
239 2489
240 2489
241 2490
242 2489
243 2489
244 2489
245 2490
246 2498
247 2492
248 2489
249 2489
250 2489
251 2489
252 2489
253 2489
254 2489
255 2488
256 2488
257 2489
258 2489
259 2489
260 2489
261 2489
262 2488
263 2488
264 2488
265 2488
266 2488
267 2488
268 2489
269 2489
270 2488
271 2489
272 2490
273 2489
274 2489
275 2488
276 2488
277 2489
278 2488
279 2488
280 2488
281 2488
282 2488
283 2488
284 2489
285 2488
286 2488
287 2488
288 2488
289 2488
290 2488
291 2488
292 2488
293 2488
294 2488
295 2488
296 2488
297 2488
298 2490
299 2488
300 2487
301 2487
302 2487
303 2488
304 2487
305 2488
306 2488
307 2488
308 2488
309 2488
310 2488
311 2487
312 2487
313 2487
314 2487
315 2488
316 2488
317 2487
318 2488
319 2487
320 2488
321 2487
322 2487
323 2487
324 2487
325 2487
326 2487
327 2487
328 2487
329 2487
330 2487
331 2487
332 2487
333 2487
334 2487
335 2487
336 2487
337 2487
338 2487
339 2487
340 2487
341 2487
342 2487
343 2487
344 2487
345 2487
346 2487
347 2487
348 2488
349 2487
350 2487
351 2487
352 2487
353 2487
354 2487
355 2487
356 2486
357 2487
358 2487
359 2487
360 2487
361 2487
362 2486
363 2487
364 2487
365 2487
366 2487
367 2487
368 2487
369 2487
370 2487
371 2487
372 2487
373 2487
374 2487
375 2487
376 2487
377 2487
378 2487
379 2486
380 2487
381 2487
382 2487
383 2487
384 2487
385 2487
386 2487
387 2486
388 2487
389 2487
390 2487
391 2487
392 2487
393 2487
394 2487
395 2487
396 2487
397 2487
398 2487
399 2487
400 2487
401 2487
402 2487
403 2487
404 2487
405 2487
406 2487
407 2487
408 2487
409 2487
410 2487
411 2487
412 2487
413 2487
414 2487
415 2487
416 2486
417 2486
418 2486
419 2487
420 2486
421 2487
422 2486
423 2486
424 2486
425 2486
426 2486
427 2487
428 2486
429 2486
430 2486
431 2486
432 2487
433 2487
434 2487
435 2487
436 2487
437 2486
438 2487
439 2486
440 2486
441 2487
442 2487
443 2487
444 2487
445 2487
446 2487
447 2487
448 2487
449 2487
450 2487
451 2487
452 2487
453 2487
454 2487
455 2487
456 2487
457 2487
458 2487
459 2487
460 2487
461 2487
462 2487
463 2487
464 2487
465 2487
466 2487
467 2487
468 2487
469 2487
470 2487
471 2487
472 2487
473 2487
474 2487
475 2487
476 2487
477 2487
478 2487
479 2487
480 2488
481 2487
482 2487
483 2487
484 2487
485 2487
486 2486
487 2486
488 2488
489 2487
490 2487
491 2487
492 2487
493 2487
494 2487
495 2487
496 2487
497 2488
498 2488
499 2488
500 2487
501 2487
502 2487
503 2487
504 2487
505 2488
506 2487
507 2488
508 2488
509 2487
510 2487
511 2487
512 2488
513 2488
514 2488
515 2488
516 2488
517 2488
518 2488
519 2488
520 2488
521 2488
522 2488
523 2488
524 2488
525 2488
526 2487
527 2487
528 2488
529 2488
530 2487
531 2488
532 2487
533 2487
534 2488
535 2488
536 2488
537 2488
538 2488
539 2488
540 2488
541 2488
542 2488
543 2488
544 2488
545 2488
546 2488
547 2488
548 2488
549 2488
550 2488
551 2488
552 2488
553 2488
554 2488
555 2488
556 2488
557 2488
558 2488
559 2488
560 2488
561 2488
562 2488
563 2488
564 2488
565 2488
566 2488
567 2488
568 2488
569 2488
570 2488
571 2488
572 2489
573 2489
574 2488
575 2488
576 2491
577 2489
578 2488
579 2488
580 2491
581 2488
582 2489
583 2489
584 2489
585 2489
586 2489
587 2489
588 2489
589 2489
590 2489
591 2489
592 2489
593 2489
594 2489
595 2489
596 2489
597 2489
598 2489
599 2489
600 2489
601 2489
602 2489
603 2489
604 2489
605 2489
606 2489
607 2489
608 2489
609 2490
610 2490
611 2490
612 2490
613 2489
614 2490
615 2490
616 2490
617 2490
618 2490
619 2490
620 2490
621 2490
622 2490
623 2490
624 2490
625 2490
626 2490
627 2490
628 2490
629 2490
630 2490
631 2490
632 2490
633 2489
634 2490
635 2490
636 2490
637 2490
638 2490
639 2490
640 2490
641 2490
642 2490
643 2490
644 2490
645 2490
646 2490
647 2490
648 2490
649 2490
650 2491
651 2491
652 2491
653 2491
654 2491
655 2491
656 2491
657 2491
658 2491
659 2491
660 2491
661 2491
662 2491
663 2490
664 2490
665 2491
666 2491
667 2491
668 2491
669 2491
670 2491
671 2491
672 2490
673 2490
674 2490
675 2491
676 2491
677 2492
678 2491
679 2495
680 2491
681 2490
682 2491
683 2490
684 2490
685 2490
686 2491
687 2493
688 2490
689 2492
690 2490
691 2493
692 2492
693 2492
694 2488
695 2489
696 2490
697 2490
698 2491
699 2493
700 2492
701 2491
702 2491
703 2491
704 2493
705 2495
706 2494
707 2494
708 2491
709 2488
710 2491
711 2489
712 2490
713 2491
714 2491
715 2492
716 2491
717 2491
718 2490
719 2491
720 2491
721 2491
722 2491
723 2491
724 2491
725 2492
726 2491
727 2491
728 2495
729 2491
730 2491
731 2491
732 2491
733 2491
734 2491
735 2491
736 2491
737 2491
738 2492
739 2491
740 2491
741 2491
742 2491
743 2491
744 2491
745 2491
746 2491
747 2491
748 2491
749 2491
750 2491
751 2491
752 2491
753 2491
754 2491
755 2491
756 2491
757 2491
758 2491
759 2491
760 2491
761 2491
762 2491
763 2491
764 2491
765 2491
766 2491
767 2491
768 2491
769 2491
770 2491
771 2491
772 2491
773 2491
774 2491
775 2491
776 2491
777 2491
778 2491
779 2491
780 2491
781 2491
782 2491
783 2491
784 2491
785 2491
786 2492
787 2491
788 2491
789 2491
790 2491
791 2491
792 2491
793 2491
794 2491
795 2491
796 2491
797 2491
798 2491
799 2491
800 2491
801 2491
802 2491
803 2491
804 2491
805 2491
806 2491
807 2491
808 2491
809 2491
810 2491
811 2491
812 2490
813 2490
814 2490
815 2491
816 2490
817 2490
818 2490
819 2490
820 2490
821 2490
822 2490
823 2490
824 2490
825 2490
826 2490
827 2490
828 2490
829 2490
830 2490
831 2490
832 2490
833 2490
834 2490
835 2490
836 2490
837 2490
838 2490
839 2491
840 2490
841 2490
842 2490
843 2490
844 2490
845 2490
846 2490
847 2490
848 2490
849 2490
850 2490
851 2490
852 2490
853 2490
854 2490
855 2490
856 2490
857 2490
858 2490
859 2490
860 2490
861 2490
862 2490
863 2490
864 2490
865 2490
866 2490
867 2490
868 2490
869 2489
870 2489
871 2490
872 2490
873 2490
874 2491
875 2490
876 2490
877 2490
878 2491
879 2490
880 2489
881 2493
882 2491
883 2490
884 2490
885 2489
886 2490
887 2489
888 2490
889 2491
890 2491
891 2490
892 2491
893 2490
894 2495
895 2494
896 2491
897 2492
898 2489
899 2489
900 2489
901 2489
902 2490
903 2490
904 2490
905 2489
906 2489
907 2489
908 2489
909 2489
910 2489
911 2489
912 2489
913 2489
914 2489
915 2489
916 2489
917 2489
918 2489
919 2489
920 2489
921 2489
922 2490
923 2490
924 2490
925 2490
926 2490
927 2490
928 2490
929 2490
930 2490
931 2490
932 2490
933 2490
934 2490
935 2490
936 2490
937 2490
938 2490
939 2490
940 2490
941 2490
942 2490
943 2490
944 2490
945 2490
946 2490
947 2490
948 2490
949 2490
950 2490
951 2490
952 2490
953 2490
954 2490
955 2490
956 2490
957 2490
958 2490
959 2490
960 2490
961 2491
962 2490
963 2491
964 2491
965 2491
966 2491
967 2491
968 2491
969 2490
970 2490
971 2490
972 2490
973 2490
974 2490
975 2490
976 2490
977 2490
978 2490
979 2490
980 2490
981 2490
982 2490
983 2490
984 2490
985 2490
986 2490
987 2490
988 2490
989 2490
990 2490
991 2490
992 2490
993 2489
994 2490
995 2490
996 2489
997 2489
998 2489
999 2489
1000 2490
1001 2489
1002 2489
1003 2489
1004 2489
1005 2489
1006 2489
1007 2489
1008 2489
1009 2489
1010 2489
1011 2489
1012 2489
1013 2489
1014 2489
1015 2489
1016 2489
1017 2489
1018 2489
1019 2489
1020 2489
1021 2489
1022 2489
1023 2489
1024 2489
1025 2489
1026 2489
1027 2489
1028 2489
1029 2488
1030 2488
1031 2488
1032 2488
1033 2488
1034 2488
1035 2488
1036 2488
1037 2488
1038 2488
1039 2488
1040 2488
1041 2488
1042 2488
1043 2488
1044 2488
1045 2488
1046 2488
1047 2488
1048 2488
1049 2488
1050 2487
1051 2487
1052 2487
1053 2487
1054 2488
1055 2487
1056 2487
1057 2487
1058 2488
1059 2487
1060 2488
1061 2487
1062 2487
1063 2488
1064 2487
1065 2487
1066 2487
1067 2487
1068 2487
1069 2486
1070 2487
1071 2487
1072 2487
1073 2487
1074 2486
1075 2487
1076 2487
1077 2487
1078 2487
1079 2486
1080 2486
1081 2486
1082 2486
1083 2486
1084 2486
1085 2486
1086 2487
1087 2487
1088 2487
1089 2487
1090 2486
1091 2486
1092 2486
1093 2486
1094 2486
1095 2486
1096 2486
1097 2486
1098 2486
1099 2486
1100 2486
1101 2486
1102 2486
1103 2486
1104 2486
1105 2486
1106 2486
1107 2486
1108 2486
1109 2486
1110 2486
1111 2486
1112 2486
1113 2486
1114 2486
1115 2486
1116 2486
1117 2485
1118 2486
1119 2485
1120 2485
1121 2485
1122 2485
1123 2485
1124 2485
1125 2485
1126 2485
1127 2485
1128 2485
1129 2485
1130 2485
1131 2485
1132 2485
1133 2485
1134 2485
1135 2485
1136 2485
1137 2486
1138 2486
1139 2485
1140 2486
1141 2485
1142 2485
1143 2485
1144 2485
1145 2485
1146 2485
1147 2485
1148 2485
1149 2485
1150 2485
1151 2485
1152 2485
1153 2484
1154 2484
1155 2484
1156 2484
1157 2484
1158 2484
1159 2484
1160 2484
1161 2484
1162 2484
1163 2484
1164 2484
1165 2484
1166 2484
1167 2484
1168 2484
1169 2484
1170 2484
1171 2484
1172 2484
1173 2483
1174 2484
1175 2484
1176 2484
1177 2484
1178 2483
1179 2484
1180 2483
1181 2483
1182 2483
1183 2484
1184 2484
1185 2483
1186 2483
1187 2483
1188 2483
1189 2483
1190 2483
1191 2483
1192 2483
1193 2483
1194 2483
1195 2483
1196 2483
1197 2483
1198 2483
1199 2483
1200 2483
1201 2483
1202 2483
1203 2483
1204 2483
1205 2483
1206 2483
1207 2483
1208 2483
1209 2483
1210 2483
1211 2482
1212 2483
1213 2483
1214 2482
1215 2482
1216 2482
1217 2482
1218 2482
1219 2482
1220 2482
1221 2482
1222 2482
1223 2482
1224 2482
1225 2482
1226 2482
1227 2482
1228 2482
1229 2482
1230 2482
1231 2482
1232 2482
1233 2482
1234 2482
1235 2482
1236 2482
1237 2482
1238 2482
1239 2481
1240 2481
1241 2481
1242 2482
1243 2481
1244 2481
1245 2482
1246 2481
1247 2481
1248 2481
1249 2481
1250 2481
1251 2481
1252 2481
1253 2481
1254 2481
1255 2481
1256 2481
1257 2481
1258 2481
1259 2481
1260 2481
1261 2481
1262 2481
1263 2481
1264 2481
1265 2481
1266 2480
1267 2480
1268 2480
1269 2480
1270 2481
1271 2481
1272 2481
1273 2480
1274 2481
1275 2481
1276 2481
1277 2481
1278 2481
1279 2481
1280 2481
1281 2481
1282 2481
1283 2481
1284 2481
1285 2481
1286 2481
1287 2481
1288 2481
1289 2481
1290 2481
1291 2480
1292 2480
1293 2480
1294 2480
1295 2480
1296 2480
1297 2480
1298 2480
1299 2480
1300 2480
1301 2480
1302 2480
1303 2480
1304 2480
1305 2480
1306 2480
1307 2480
1308 2480
1309 2479
1310 2479
1311 2479
1312 2479
1313 2479
1314 2479
1315 2479
1316 2479
1317 2479
1318 2479
1319 2479
1320 2479
1321 2479
1322 2479
1323 2479
1324 2479
1325 2479
1326 2479
1327 2479
1328 2479
1329 2479
1330 2478
1331 2478
1332 2478
1333 2479
1334 2479
1335 2478
1336 2478
1337 2478
1338 2478
1339 2478
1340 2479
1341 2479
1342 2479
1343 2479
1344 2479
1345 2478
1346 2478
1347 2478
1348 2478
1349 2478
1350 2478
1351 2478
1352 2478
1353 2478
1354 2478
1355 2478
1356 2478
1357 2478
1358 2478
1359 2478
1360 2478
1361 2478
1362 2478
1363 2478
1364 2478
1365 2478
1366 2478
1367 2478
1368 2477
1369 2477
1370 2477
1371 2477
1372 2477
1373 2477
1374 2477
1375 2477
1376 2477
1377 2477
1378 2477
1379 2476
1380 2477
1381 2476
1382 2476
1383 2476
1384 2476
1385 2476
1386 2476
1387 2476
1388 2476
1389 2476
1390 2476
1391 2475
1392 2475
1393 2475
1394 2475
1395 2475
1396 2475
1397 2475
1398 2475
1399 2475
1400 2475
1401 2474
1402 2474
1403 2474
1404 2474
1405 2474
1406 2474
1407 2474
1408 2474
1409 2474
1410 2474
1411 2474
1412 2474
1413 2474
1414 2474
1415 2474
1416 2474
1417 2474
1418 2474
1419 2474
1420 2474
1421 2474
1422 2474
1423 2474
1424 2474
1425 2474
1426 2474
1427 2474
1428 2474
1429 2474
1430 2474
1431 2474
1432 2474
1433 2474
1434 2474
1435 2474
1436 2474
1437 2474
1438 2473
1439 2474
1440 2474
1441 2473
1442 2473
1443 2473
1444 2473
1445 2473
1446 2473
1447 2473
1448 2473
1449 2473
1450 2473
1451 2473
1452 2473
1453 2472
1454 2472
1455 2473
1456 2473
1457 2473
1458 2472
1459 2472
1460 2472
1461 2472
1462 2472
1463 2472
1464 2472
1465 2472
1466 2472
1467 2472
1468 2472
1469 2472
1470 2472
1471 2472
1472 2472
1473 2472
1474 2471
1475 2471
1476 2472
1477 2471
1478 2471
1479 2471
1480 2471
1481 2471
1482 2471
1483 2471
1484 2471
1485 2471
1486 2471
1487 2471
1488 2471
1489 2471
1490 2471
1491 2471
1492 2471
1493 2471
1494 2471
1495 2471
1496 2471
1497 2471
1498 2471
1499 2471
1500 2471
1501 2471
1502 2471
1503 2470
1504 2471
1505 2471
1506 2471
1507 2470
1508 2470
1509 2470
1510 2471
1511 2470
1512 2470
1513 2470
1514 2470
1515 2470
1516 2470
1517 2470
1518 2471
1519 2471
1520 2471
1521 2471
1522 2471
1523 2471
1524 2472
1525 2471
1526 2471
1527 2471
1528 2471
1529 2470
1530 2470
1531 2471
1532 2471
1533 2470
1534 2470
1535 2471
1536 2470
1537 2470
1538 2470
1539 2470
1540 2470
1541 2470
1542 2470
1543 2470
1544 2470
1545 2470
1546 2470
1547 2469
1548 2469
1549 2469
1550 2470
1551 2470
1552 2470
1553 2469
1554 2469
1555 2469
1556 2469
1557 2469
1558 2469
1559 2469
1560 2469
1561 2469
1562 2469
1563 2470
1564 2470
1565 2473
1566 2470
1567 2469
1568 2469
1569 2469
1570 2469
1571 2469
1572 2469
1573 2469
1574 2468
1575 2468
1576 2470
1577 2469
1578 2469
1579 2468
1580 2468
1581 2468
1582 2468
1583 2469
1584 2468
1585 2469
1586 2469
1587 2469
1588 2469
1589 2468
1590 2469
1591 2469
1592 2469
1593 2468
1594 2468
1595 2469
1596 2469
1597 2468
1598 2469
1599 2469
1600 2469
1601 2469
1602 2469
1603 2472
1604 2469
1605 2469
1606 2469
1607 2469
1608 2468
1609 2469
1610 2469
1611 2470
1612 2469
1613 2469
1614 2469
1615 2468
1616 2468
1617 2468
1618 2468
1619 2468
1620 2468
1621 2468
1622 2468
1623 2468
1624 2468
1625 2468
1626 2468
1627 2468
1628 2468
1629 2468
1630 2467
1631 2468
1632 2467
1633 2468
1634 2468
1635 2468
1636 2467
1637 2468
1638 2468
1639 2469
1640 2469
1641 2469
1642 2468
1643 2468
1644 2468
1645 2468
1646 2468
1647 2468
1648 2468
1649 2468
1650 2469
1651 2468
1652 2468
1653 2468
1654 2468
1655 2468
1656 2468
1657 2468
1658 2468
1659 2468
1660 2468
1661 2467
1662 2467
1663 2468
1664 2468
1665 2468
1666 2468
1667 2467
1668 2468
1669 2467
1670 2467
1671 2467
1672 2467
1673 2467
1674 2467
1675 2467
1676 2468
1677 2468
1678 2467
1679 2467
1680 2467
1681 2468
1682 2467
1683 2467
1684 2467
1685 2467
1686 2467
1687 2467
1688 2467
1689 2467
1690 2467
1691 2467
1692 2467
1693 2467
1694 2467
1695 2467
1696 2467
1697 2467
1698 2467
1699 2467
1700 2467
1701 2467
1702 2467
1703 2467
1704 2467
1705 2467
1706 2466
1707 2467
1708 2467
1709 2467
1710 2467
1711 2467
1712 2467
1713 2467
1714 2467
1715 2471
1716 2467
1717 2467
1718 2467
1719 2467
1720 2467
1721 2467
1722 2467
1723 2467
1724 2467
1725 2467
1726 2467
1727 2467
1728 2467
1729 2467
1730 2467
1731 2467
1732 2471
1733 2467
1734 2469
1735 2466
1736 2466
1737 2471
1738 2466
1739 2466
1740 2466
1741 2466
1742 2466
1743 2466
1744 2466
1745 2466
1746 2466
1747 2475
1748 2475
1749 2476
1750 2475
1751 2466
1752 2466
1753 2466
1754 2475
1755 2474
1756 2475
1757 2475
1758 2474
1759 2475
1760 2474
1761 2474
1762 2474
1763 2473
1764 2474
1765 2474
1766 2474
1767 2475
1768 2473
1769 2473
1770 2473
1771 2473
1772 2473
1773 2473
1774 2473
1775 2473
1776 2473
1777 2473
1778 2473
1779 2473
1780 2473
1781 2473
1782 2473
1783 2473
1784 2473
1785 2473
1786 2473
1787 2473
1788 2473
1789 2473
1790 2473
1791 2466
1792 2466
1793 2465
1794 2465
1795 2465
1796 2466
1797 2466
1798 2466
1799 2467
1800 2466
1801 2466
1802 2466
1803 2465
1804 2464
1805 2464
1806 2464
1807 2464
1808 2464
1809 2464
1810 2464
1811 2467
1812 2464
1813 2464
1814 2463
1815 2463
1816 2463
1817 2463
1818 2464
1819 2463
1820 2463
1821 2463
1822 2463
1823 2465
1824 2463
1825 2463
1826 2462
1827 2462
1828 2462
1829 2462
1830 2471
1831 2472
1832 2470
1833 2462
1834 2462
1835 2461
1836 2461
1837 2461
1838 2461
1839 2470
1840 2462
1841 2463
1842 2469
1843 2461
1844 2471
1845 2463
1846 2462
1847 2463
1848 2462
1849 2462
1850 2463
1851 2462
1852 2463
1853 2462
1854 2462
1855 2461
1856 2462
1857 2462
1858 2461
1859 2462
1860 2461
1861 2461
1862 2461
1863 2461
1864 2461
1865 2461
1866 2460
1867 2461
1868 2461
1869 2460
1870 2460
1871 2461
1872 2460
1873 2460
1874 2460
1875 2460
1876 2460
1877 2460
1878 2460
1879 2460
1880 2463
1881 2459
1882 2460
1883 2460
1884 2460
1885 2459
1886 2459
1887 2459
1888 2459
1889 2460
1890 2458
1891 2459
1892 2458
1893 2457
1894 2457
1895 2457
1896 2457
1897 2457
1898 2457
1899 2458
1900 2463
1901 2467
1902 2462
1903 2464
1904 2463
1905 2462
1906 2464
1907 2463
1908 2462
1909 2461
1910 2463
1911 2463
1912 2462
1913 2462
1914 2462
1915 2462
1916 2461
1917 2462
1918 2461
1919 2460
1920 2460
1921 2460
1922 2466
1923 2461
1924 2462
1925 2460
1926 2458
1927 2459
1928 2458
1929 2458
1930 2459
1931 2459
1932 2457
1933 2459
1934 2454
1935 2461
1936 2456
1937 2455
1938 2455
1939 2456
1940 2454
1941 2456
1942 2456
1943 2455
1944 2455
1945 2455
1946 2454
1947 2455
1948 2454
1949 2455
1950 2455
1951 2455
1952 2453
1953 2454
1954 2454
1955 2455
1956 2454
1957 2454
1958 2454
1959 2454
1960 2454
1961 2454
1962 2454
1963 2453
1964 2453
1965 2454
1966 2453
1967 2457
1968 2454
1969 2454
1970 2453
1971 2456
1972 2453
1973 2453
1974 2453
1975 2453
1976 2452
1977 2451
1978 2452
1979 2452
1980 2455
1981 2453
1982 2453
1983 2452
1984 2452
1985 2452
1986 2452
1987 2451
1988 2456
1989 2451
1990 2451
1991 2451
1992 2451
1993 2451
1994 2451
1995 2450
1996 2452
1997 2452
1998 2451
1999 2451
2000 2450
2001 2452
2002 2451
2003 2451
2004 2450
2005 2450
2006 2450
2007 2451
2008 2450
2009 2450
2010 2450
2011 2450
2012 2450
2013 2451
2014 2450
2015 2449
2016 2450
2017 2450
2018 2450
2019 2450
2020 2449
2021 2449
2022 2450
2023 2449
2024 2449
2025 2449
2026 2449
2027 2449
2028 2450
2029 2449
2030 2448
2031 2449
2032 2451
2033 2450
2034 2450
2035 2450
2036 2449
2037 2449
2038 2449
2039 2449
2040 2449
2041 2448
2042 2449
2043 2453
2044 2449
2045 2449
2046 2448
2047 2448
2048 2448
2049 2449
2050 2448
2051 2448
2052 2448
2053 2448
2054 2447
2055 2447
2056 2447
2057 2447
2058 2447
2059 2447
2060 2447
2061 2447
2062 2447
2063 2447
2064 2446
2065 2446
2066 2447
2067 2447
2068 2446
2069 2447
2070 2447
2071 2446
2072 2447
2073 2447
2074 2447
2075 2447
2076 2447
2077 2447
2078 2447
2079 2447
2080 2447
2081 2447
2082 2447
2083 2447
2084 2446
2085 2447
2086 2447
2087 2447
2088 2446
2089 2447
2090 2446
2091 2446
2092 2446
2093 2446
2094 2446
2095 2446
2096 2445
2097 2445
2098 2445
2099 2447
2100 2446
2101 2446
2102 2450
2103 2446
2104 2445
2105 2445
2106 2445
2107 2446
2108 2445
2109 2445
2110 2445
2111 2445
2112 2445
2113 2444
2114 2444
2115 2444
2116 2444
2117 2444
2118 2444
2119 2444
2120 2444
2121 2444
2122 2444
2123 2444
2124 2444
2125 2443
2126 2443
2127 2443
2128 2443
2129 2443
2130 2442
2131 2442
2132 2443
2133 2443
2134 2443
2135 2443
2136 2443
2137 2442
2138 2442
2139 2443
2140 2443
2141 2443
2142 2442
2143 2443
2144 2443
2145 2443
2146 2443
2147 2443
2148 2442
2149 2442
2150 2443
2151 2442
2152 2442
2153 2442
2154 2442
2155 2442
2156 2442
2157 2442
2158 2442
2159 2442
2160 2443
2161 2443
2162 2442
2163 2443
2164 2442
2165 2443
2166 2442
2167 2442
2168 2442
2169 2442
2170 2442
2171 2442
2172 2442
2173 2442
2174 2442
2175 2442
2176 2442
2177 2442
2178 2442
2179 2442
2180 2442
2181 2442
2182 2442
2183 2442
2184 2442
2185 2442
2186 2443
2187 2442
2188 2442
2189 2442
2190 2442
2191 2442
2192 2442
2193 2442
2194 2442
2195 2442
2196 2442
2197 2441
2198 2441
2199 2441
2200 2442
2201 2441
2202 2441
2203 2441
2204 2441
2205 2441
2206 2441
2207 2441
2208 2441
2209 2441
2210 2442
2211 2442
2212 2441
2213 2441
2214 2441
2215 2440
2216 2440
2217 2441
2218 2441
2219 2441
2220 2441
2221 2441
2222 2442
2223 2441
2224 2441
2225 2441
2226 2441
2227 2441
2228 2441
2229 2441
2230 2441
2231 2440
2232 2440

571 2511
572 2514
573 2508
574 2506
575 2510
576 2512
577 2513
578 2508
579 2510
580 2510
581 2511
582 2514
583 2511
584 2511
585 2511
586 2510
587 2511
588 2511
589 2505
590 2511
591 2509
592 2509
593 2507
594 2510
595 2508
596 2511
597 2509
598 2505
599 2511
600 2505
601 2510
602 2511
603 2511
604 2511
605 2512
606 2511
607 2511
608 2508
609 2514
610 2512
611 2506
612 2508
613 2509
614 2509
615 2511
616 2514
617 2508
618 2514
619 2509
620 2513
621 2511
622 2510
623 2510
624 2510
625 2509
626 2509
627 2511
628 2507
629 2511
630 2511
631 2506
632 2511
633 2507
634 2508
635 2509
636 2510
637 2511
638 2510
639 2511
640 2515
641 2510
642 2511
643 2509
644 2510
645 2515
646 2504
647 2510
648 2506
649 2518
650 2504
651 2509
652 2505
653 2506
654 2509
655 2510
656 2509
657 2506
658 2504
659 2503
660 2510
661 2510
662 2511
663 2508
664 2512
665 2515
666 2506
667 2512
668 2506
669 2503
670 2511
671 2510
672 2511
673 2505
674 2505
675 2503
676 2517
677 2517
678 2503
679 9999
680 2505
681 2512
682 2504
683 2512
684 2508
685 2507
686 2509
687 9999
688 2518
689 2504
690 2515
691 2509
692 2511
693 2505
694 2505
695 2508
696 2519
697 2507
698 2508
699 2509
700 2518
701 2516
702 2509
703 2508
704 2518
705 2516
706 2518
707 2519
708 2515
709 2514
710 2509
711 2514
712 2511
713 2513
714 2514
715 2514
716 2515
717 2510
718 2512
719 2511
720 2511
721 2507
722 2517
723 2511
724 2512
725 2511
726 2516
727 2508
728 2510
729 2513
730 2520
731 2515
732 2510
733 2514
734 2510
735 2509
736 2509
737 2522
738 2511
739 2510
740 2509
741 2509
742 2516
743 2511
744 2509
745 2523
746 2518
747 2523
748 2510
749 2511
750 2518
751 2521
752 2514
753 2524
754 2510
755 2511
756 2516
757 2524
758 2509
759 2517
760 2517
761 2521
762 2509
763 2511
764 2519
765 2515
766 2516
767 2513
768 2515
769 2508
770 2508
771 2508
772 2513
773 2515
774 2515
775 2515
776 2518
777 2514
778 2514
779 2514
780 2516
781 2510
782 2511
783 2508
784 2507
785 2514
786 2514
787 2509
788 2506
789 2506
790 2506
791 2514
792 2510
793 2506
794 2506
795 2508
796 2507
797 2510
798 2513
799 2512
800 2507
801 2512
802 2506
803 2506
804 2505
805 2515
806 2514
807 2510
808 2504
809 2505
810 2515
811 2510
812 2510
813 2516
814 2503
815 2507
816 2503
817 2513
818 2503

