1549 2494
1550 2495
1551 2496
1552 2496
1553 2496
1554 2495
1555 2495
1556 2496
1557 2496
1558 2496
1559 2495
1560 2496
1561 2495
1562 2495
1563 2496
1564 2495
1565 2496
1566 2496
1567 2496
1568 2496
1569 2496
1570 2496
1571 2496
1572 2496
1573 2496
1574 2496
1575 2502
1576 2496
1577 2503
1578 2500
1579 2499
1580 2497
1581 2495
1582 2495
1583 2496
1584 2495
1585 2496
1586 2494
1587 2494
1588 2494
1589 2495
1590 2494
1591 2498
1592 2495
1593 2496
1594 2498
1595 2495
1596 2495
1597 2495
1598 2497
1599 2495
1600 2495
1601 2494
1602 2494
1603 2494
1604 2494
1605 2495
1606 2495
1607 2496
1608 2496
1609 2496
1610 2497
1611 2497
1612 2497
1613 2497
1614 2497
1615 2497
1616 2497
1617 2497
1618 2497
1619 2497
1620 2498
1621 2498
1622 2498
1623 2498
1624 2498
1625 2497
1626 2498
1627 2498
1628 2498
1629 2497
1630 2497
1631 2498
1632 2502
1633 2505
1634 2499
1635 2498
1636 2499
1637 2499
1638 2499
1639 2499
1640 2499
1641 2499
1642 2499
1643 2499
1644 2499
1645 2499
1646 2499
1647 2499
1648 2499
1649 2500
1650 2499
1651 2499
1652 2499
1653 2499
1654 2499
1655 2499
1656 2500
1657 2500
1658 2499
1659 2499
1660 2500
1661 2500
1662 2500
1663 2500
1664 2500
1665 2500
1666 2500
1667 2500
1668 2499
1669 2500
1670 2500
1671 2500
1672 2503
1673 2500
1674 2500
1675 2500
1676 2500
1677 2500
1678 2500
1679 2500
1680 2500
1681 2500
1682 2500
1683 2499
1684 2500
1685 2499
1686 2502
1687 2501
1688 2500
1689 2501
1690 2499
1691 2500
1692 2500
1693 2500
1694 2501
1695 2501
1696 2501
1697 2500
1698 2500
1699 2500
1700 2500
1701 2500
1702 2501
1703 2500
1704 2500
1705 2500
1706 2507
1707 2502
1708 2501
1709 2501
1710 2501
1711 2500
1712 2503
1713 2502
1714 2506
1715 2503
1716 2502
1717 2502
1718 2501
1719 2505
1720 2501
1721 2500
1722 2501
1723 2501
1724 2500
1725 2501
1726 2502
1727 2501
1728 2500
1729 2500
1730 2506
1731 2500
1732 2499
1733 2499
1734 2503
1735 2500
1736 2501
1737 2502
1738 2501
1739 2500
1740 2504
1741 2500
1742 2500
1743 2503
1744 2501
1745 2501
1746 2497
1747 2504
1748 2500
1749 2498
1750 2502
1751 2495
1752 2495
1753 2494
1754 2495
1755 2495
1756 2494
1757 2503
1758 2494
1759 2494
1760 2496
1761 2496
1762 2498
1763 2497
1764 2498
1765 2499
1766 2499
1767 2498
1768 2498
1769 2504
1770 2502
1771 2502
1772 2502
1773 2504
1774 2504
1775 2501
1776 2498
1777 2501
1778 2498
1779 2498
1780 2498
1781 2498
1782 2498
1783 2498
1784 2501
1785 2502
1786 2501
1787 2503
1788 2499
1789 2499
1790 2498
1791 2498
1792 2497
1793 2500
1794 2497
1795 2498
1796 2504
1797 2498
1798 2499
1799 2499
1800 2498
1801 2499
1802 2500
1803 2501
1804 2510
1805 2504
1806 2506
1807 2508
1808 2509
1809 2500
1810 2510
1811 2499
1812 2507
1813 2499
1814 2502
1815 2499
1816 2496
1817 2495
1818 2497
1819 2499
1820 2501
1821 2499
1822 2503
1823 2504
1824 2499
1825 2498
1826 2502
1827 2504
1828 2507
1829 2506
1830 2498
1831 2498
1832 2505
1833 2504
1834 2511
1835 2516
1836 2506
1837 2517
1838 2507
1839 2510
1840 2517
1841 2516
1842 2513
1843 2513
1844 2511
1845 2507
1846 2506
1847 2505
1848 2505
1849 2505
1850 2504
1851 2505
1852 2523
1853 2505
1854 2507
1855 2517
1856 2516
1857 2516
1858 2516
1859 2516
1860 2516
1861 2516
1862 2517
1863 2520
1864 2516
1865 2516
1866 2518
1867 2516
1868 2516
1869 2516
1870 2516
1871 2516
1872 2516
1873 2517
1874 2520
1875 2516
1876 2517
1877 2516
1878 2516
1879 2515
1880 2519
1881 2516
1882 2516
1883 2515
1884 2515
1885 2516
1886 2516
1887 2516
1888 2516
1889 2515
1890 2516
1891 2516
1892 2515
1893 2515
1894 2516
1895 2516
1896 2516
1897 2515
1898 2515
1899 2516
1900 2515
1901 2515
1902 2516
1903 2515
1904 2515
1905 2515
1906 2515
1907 2515
1908 2514
1909 2514
1910 2514
1911 2515
1912 2514
1913 2514
1914 2514
1915 2517
1916 2514
1917 2513
1918 2516
1919 2514
1920 2517
1921 2515
1922 2515
1923 2515
1924 2514
1925 2514
1926 2514
1927 2514
1928 2514
1929 2513
1930 2513
1931 2514
1932 2514
1933 2514
1934 2513
1935 2513
1936 2513
1937 2513
1938 2513
1939 2513
1940 2513
1941 2512
1942 2513
1943 2513
1944 2512
1945 2512
1946 2512
1947 2512
1948 2513
1949 2512
1950 2512
1951 2513
1952 2513
1953 2513
1954 2513
1955 2512
1956 2512
1957 2512
1958 2512
1959 2512
1960 2512
1961 2512
1962 2512
1963 2512
1964 2512
1965 2512
1966 2512
1967 2513
1968 2515
1969 2513
1970 2513
1971 2512
1972 2511
1973 2512
1974 2511
1975 2512
1976 2512
1977 2511
1978 2511
1979 2512
1980 2512
1981 2511
1982 2511
1983 2511
1984 2511
1985 2511
1986 2512
1987 2512
1988 2511
1989 2512
1990 2512
1991 2512
1992 2511
1993 2514
1994 2515
1995 2511
1996 2510
1997 2512
1998 2513
1999 2511
2000 2511
2001 2516
2002 2516
2003 2511
2004 2510
2005 2511
2006 2511
2007 2511
2008 2511
2009 2512
2010 2511
2011 2510
2012 2511
2013 2511
2014 2511
2015 2510
2016 2515
2017 2514
2018 2510
2019 2515
2020 2511
2021 2511
2022 2511
2023 2511
2024 2511
2025 2511
2026 2511
2027 2511
2028 2513
2029 2512
2030 2511
2031 2510
2032 2514
2033 2514
2034 2514
2035 2510
2036 2512
2037 2511
2038 2511
2039 2514
2040 2511
2041 2511
2042 2512
2043 2515
2044 2511
2045 2510
2046 2512
2047 2511
2048 2510
2049 2511
2050 2510
2051 2514
2052 2511
2053 2512
2054 2511
2055 2512
2056 2512
2057 2511
2058 2511
2059 2510
2060 2511
2061 2511
2062 2510
2063 2510
2064 2510
2065 2510
2066 2510
2067 2511
2068 2510
2069 2510
2070 2510
2071 2510
2072 2503
2073 2504
2074 2503
2075 2503
2076 2503
2077 2505
2078 2505
2079 2507
2080 2506
2081 2502
2082 2502
2083 2504
2084 2504
2085 2501
2086 2502
2087 2503
2088 2504
2089 2504
2090 2504
2091 2504
2092 2505
2093 2504
2094 2503
2095 2503
2096 2502
2097 2506
2098 2500
2099 2506
2100 2504
2101 2503
2102 2496
2103 2498
2104 2502
2105 2496
2106 2497
2107 2496
2108 2498
2109 2494
2110 2495
2111 2496
2112 2496
2113 2500
2114 2501
2115 2497
2116 2498
2117 2500
2118 2503
2119 2490
2120 2498
2121 2496
2122 2497
2123 2497
2124 2497
2125 2492
2126 2493
2127 2493
2128 2494
2129 2494
2130 2494
2131 2494
2132 2494
2133 2494
2134 2494
2135 2494
2136 2493
2137 2494
2138 2493
2139 2493
2140 2493
2141 2493
2142 2493
2143 2494
2144 2493
2145 2493
2146 2493
2147 2493
2148 2493
2149 2493
2150 2493
2151 2493
2152 2492
2153 2493
2154 2498
2155 2497
2156 2497
2157 2496
2158 2501
2159 2500
2160 2496
2161 2498
2162 2495
2163 2495
2164 2491
2165 2490
2166 2490
2167 2489
2168 2490
2169 2491
2170 2494
2171 2496
2172 2496
2173 2495
2174 2494
2175 2494
2176 2494
2177 2495
2178 2494
2179 2495
2180 2494
2181 2494
2182 2494
2183 2494
2184 2493
2185 2494
2186 2494
2187 2494
2188 2494
2189 2493
2190 2493
2191 2493
2192 2492
2193 2493
2194 2493
2195 2493
2196 2492
2197 2491
2198 2491
2199 2491
2200 2495
2201 2494
2202 2493
2203 2491
2204 2502
2205 2486
2206 2487
2207 2489
2208 2489
2209 2488
2210 2491
2211 2489
2212 2491
2213 2492
2214 2491
2215 2491
2216 2491
2217 2491
2218 2490
2219 2491
2220 2491
2221 2491
2222 2492
2223 2491
2224 2491
2225 2492
2226 2492
2227 2492
2228 2493
2229 2492
2230 2492
2231 2493
2232 2492
2233 2494
2234 2493
2235 2492
2236 2493
2237 2492
2238 2492
2239 2493
2240 2493
2241 2493
2242 2493
2243 2493
2244 2493
2245 2493
2246 2493
2247 2493
2248 2493
2249 2492
2250 2493
2251 2493
2252 2493
2253 2493
2254 2493
2255 2493
2256 2493
2257 2494
2258 2493
2259 2493
2260 2492
2261 2492
2262 2492
2263 2492
2264 2492
2265 2493
2266 2492
2267 2493
2268 2493
2269 2493
2270 2492
2271 2493
2272 2493
2273 2493
2274 2493
2275 2493
2276 2493
2277 2492
2278 2493
2279 2492
2280 2493
2281 2493
2282 2492
2283 2492
2284 2492
2285 2493
2286 2492
2287 2492
2288 2492
2289 2493
2290 2493
2291 2493
2292 2492
2293 2492
2294 2492
2295 2492
2296 2492
2297 2496
2298 2492
2299 2492
2300 2492
2301 2492
2302 2492
2303 2492
2304 2492
2305 2492
2306 2492
2307 2492
2308 2492
2309 2492
2310 2491
2311 2492
2312 2492
2313 2491
2314 2491
2315 2492
2316 2492
2317 2491
2318 2491
2319 2492
2320 2495
2321 2491
2322 2491
2323 2491
2324 2491
2325 2492
2326 2491
2327 2490
2328 2492
2329 2494
2330 2491
2331 2491
2332 2490
2333 2490
2334 2494
2335 2492
2336 2491
2337 2492
2338 2491
2339 2491
2340 2491
2341 2492
2342 2492
2343 2492
2344 2491
2345 2491
2346 2491
2347 2491
2348 2492
2349 2491
2350 2492
2351 2492
2352 2491
2353 2491
2354 2491
2355 2491
2356 2492
2357 2491
2358 2491
2359 2491
2360 2491
2361 2491
2362 2491
2363 2492
2364 2492
2365 2491
2366 2491
2367 2491
2368 2491
2369 2492
2370 2492
2371 2492
2372 2491
2373 2491
2374 2491
2375 2491
2376 2491
2377 2491
2378 2491
2379 2494
2380 2491
2381 2491
2382 2491
2383 2491
2384 2491
2385 2491
2386 2491
2387 2491
2388 2491
2389 2491
2390 2491
2391 2491
2392 2492
2393 2492
2394 2492
2395 2492
2396 2492
2397 2492
2398 2492
2399 2492
2400 2492
2401 2492
2402 2492
2403 2492
2404 2492
2405 2492
2406 2492
2407 2491
2408 2491
2409 2492
2410 2492
2411 2492
2412 2492
2413 2492
2414 2492
2415 2491
2416 2491
2417 2492
2418 2492
2419 2491
2420 2491
2421 2491
2422 2491
2423 2491
2424 2491
2425 2491
2426 2491
2427 2491
2428 2491
2429 2491
2430 2491
2431 2491
2432 2491
2433 2491
2434 2491
2435 2491
2436 2491
2437 2491
2438 2491
2439 2491
2440 2491
2441 2491
2442 2491
2443 2491
2444 2491
2445 2491
2446 2491
2447 2491
2448 2491
2449 2491
2450 2491
2451 2491
2452 2491
2453 2491
2454 2491
2455 2491
2456 2492
2457 2492
2458 2492
2459 2491
2460 2491
2461 2491
2462 2491
2463 2492
2464 2492
2465 2492
2466 2492
2467 2491
2468 2491
2469 2491
2470 2491
2471 2491
2472 2491
2473 2491
2474 2492
2475 2491
2476 2491
2477 2491
2478 2491
2479 2491
2480 2491
2481 2491
2482 2491
2483 2491
2484 2491
2485 2491
2486 2491
2487 2491
2488 2491
2489 2491
2490 2491
2491 2492
2492 2491
2493 2491
2494 2491
2495 2491
2496 2491
2497 2491
2498 2491
2499 2491
2500 2491
2501 2491
2502 2491
2503 2491
2504 2491
2505 2491
2506 2491
2507 2491
2508 2491
2509 2491
2510 2491
2511 2491
2512 2491
2513 2491
2514 2491
2515 2491
2516 2491
2517 2491
2518 2491
2519 2491
2520 2491
2521 2491
2522 2491
2523 2491
2524 2491
2525 2491
2526 2491
2527 2491
2528 2491
2529 2491
2530 2491
2531 2491
2532 2491
2533 2491
2534 2491
2535 2490
2536 2490
2537 2490
2538 2491
2539 2490
2540 2490
2541 2490
2542 2490
2543 2490
2544 2490
2545 2490
2546 2490
2547 2490
2548 2490
2549 2490
2550 2490
2551 2490
2552 2490
2553 2490
2554 2490
2555 2490
2556 2490
2557 2490
2558 2490
2559 2490
2560 2490
2561 2490
2562 2490
2563 2490
2564 2490
2565 2491
2566 2491
2567 2491
2568 2490
2569 2490
2570 2490
2571 2490
2572 2490
2573 2490
2574 2490
2575 2490
2576 2490
2577 2490
2578 2490
2579 2490
2580 2490
2581 2490
2582 2489
2583 2489
2584 2490
2585 2490
2586 2490
2587 2490
2588 2490
2589 2490
2590 2490
2591 2490
2592 2490
2593 2490
2594 2489
2595 2489
2596 2490
2597 2490
2598 2490
2599 2490
2600 2489
2601 2490
2602 2489
2603 2490
2604 2489
2605 2489
2606 2489
2607 2490
2608 2489
2609 2490
2610 2489
2611 2489
2612 2489
2613 2489
2614 2489
2615 2489
2616 2489
2617 2489
2618 2489
2619 2489
2620 2489
2621 2489
2622 2490
2623 2489
2624 2489
2625 2489
2626 2489
2627 2489
2628 2489
2629 2489
2630 2490
2631 2489
2632 2489
2633 2489
2634 2490
2635 2489
2636 2488
2637 2489
2638 2489
2639 2489
2640 2488
2641 2489
2642 2488
2643 2488
2644 2489
2645 2488
2646 2489
2647 2489
2648 2488
2649 2488
2650 2488
2651 2488
2652 2493
2653 2490
2654 2489
2655 2489
2656 2488
2657 2489
2658 2489
2659 2488
2660 2488
2661 2487
2662 2487
2663 2488
2664 2487
2665 2489
2666 2487
2667 2493
2668 2488
2669 2488
2670 2489
2671 2489
2672 2488
2673 2489
2674 2489
2675 2489
2676 2489
2677 2489
2678 2489
2679 2489
2680 2489
2681 2489
2682 2489
2683 2489
2684 2489
2685 2489
2686 2489
2687 2489
2688 2488
2689 2488
2690 2488
2691 2488
2692 2488
2693 2488
2694 2488
2695 2488
2696 2488
2697 2488
2698 2488
2699 2488
2700 2488
2701 2488
2702 2488
2703 2488
2704 2488
2705 2487
2706 2488
2707 2488
2708 2488
2709 2488
2710 2488
2711 2488
2712 2488
2713 2488
2714 2488
2715 2488
2716 2488
2717 2488
2718 2488
2719 2488
2720 2488
2721 2488
2722 2488
2723 2488
2724 2488
2725 2488
2726 2488
2727 2488
2728 2488
2729 2488
2730 2488
2731 2488
2732 2488
2733 2488
2734 2488
2735 2488
2736 2488
2737 2488
2738 2488
2739 2488
2740 2488
2741 2488
2742 2488
2743 2488
2744 2488
2745 2488
2746 2488
2747 2488
2748 2488
2749 2488
2750 2487
2751 2487
2752 2487
2753 2487
2754 2487
2755 2487
2756 2487
2757 2487
2758 2487
2759 2487
2760 2487
2761 2487
2762 2487
2763 2487
2764 2487
2765 2487
2766 2487
2767 2487
2768 2487
2769 2487
2770 2487
2771 2487
2772 2487
2773 2487
2774 2486
2775 2486
2776 2487
2777 2487
2778 2487
2779 2486
2780 2486
2781 2486
2782 2486
2783 2486
2784 2486
2785 2486
2786 2486
2787 2486
2788 2486
2789 2486
2790 2486
2791 2486
2792 2486
2793 2486
2794 2486
2795 2487
2796 2486
2797 2487
2798 2486
2799 2486
2800 2486
2801 2487
2802 2486
2803 2486
2804 2486
2805 2486
2806 2486
2807 2486
2808 2486
2809 2486
2810 2486
2811 2486
2812 2486
2813 2486
2814 2486
2815 2486
2816 2486
2817 2486
2818 2486
2819 2486
2820 2486
2821 2486
2822 2486
2823 2486
2824 2486
2825 2486
2826 2486
2827 2486
2828 2486
2829 2486
2830 2486
2831 2486
2832 2486
2833 2486
2834 2486
2835 2486
2836 2486
2837 2486
2838 2486
2839 2486
2840 2486
2841 2486
2842 2486
2843 2486
2844 2486
2845 2486
2846 2486
2847 2486
2848 2486
2849 2486
2850 2486
2851 2486
2852 2486
2853 2486
2854 2486
2855 2486
2856 2486
2857 2486
2858 2486
2859 2487
2860 2486
2861 2486
2862 2486
2863 2486
2864 2486
2865 2486
2866 2486
2867 2486
2868 2486
2869 2486
2870 2486
2871 2486
2872 2486
2873 2485
2874 2485
2875 2486
2876 2486
2877 2486
2878 2486
2879 2486
2880 2485
2881 2485
2882 2486
2883 2486
2884 2486
2885 2486
2886 2486
2887 2485
2888 2485
2889 2488
2890 2489
2891 2485
2892 2486
2893 2486
2894 2485
2895 2486
2896 2486
2897 2486
2898 2487
2899 2488
2900 2485
2901 2485
2902 2485
2903 2484
2904 2484
2905 2484
2906 2489
2907 2485
2908 2485
2909 2485
2910 2485
2911 2485
2912 2486
2913 2486
2914 2486
2915 2486
2916 2491
2917 2485
2918 2490
2919 2486
2920 2486
2921 2486
2922 2489
2923 2489
2924 2485
2925 2486
2926 2486
2927 2485
2928 2486
2929 2486
2930 2486
2931 2485
2932 2484
2933 2485
2934 2486
2935 2485
2936 2485
2937 2485
2938 2485
2939 2485
2940 2487
2941 2491
2942 2486
2943 2486
2944 2487
2945 2486
2946 2486
2947 2485
2948 2486
2949 2485
2950 2485
2951 2485
2952 2485
2953 2485
2954 2485
2955 2485
2956 2485
2957 2485
2958 2485
2959 2485
2960 2485
2961 2485
2962 2485
2963 2485
2964 2485
2965 2485
2966 2485
2967 2486
2968 2485
2969 2485
2970 2486
2971 2486
2972 2486
2973 2486
2974 2486
2975 2486
2976 2486
2977 2486
2978 2486
2979 2486
2980 2486
2981 2486
2982 2486
2983 2486
2984 2486
2985 2486
2986 2486
2987 2486
2988 2486
2989 2486
2990 2485
2991 2486
2992 2486
2993 2485
2994 2485
2995 2485
2996 2485
2997 2486
2998 2486
2999 2486
3000 2486
3001 2486
3002 2485
3003 2486
3004 2486
3005 2486
3006 2486
3007 2486
3008 2486
3009 2486
3010 2486
3011 2486
3012 2487
3013 2486
3014 2486
3015 2486
3016 2486
3017 2486
3018 2486
3019 2486
3020 2486
3021 2486
3022 2486
3023 2486
3024 2486
3025 2486
3026 2486
3027 2486
3028 2486
3029 2486
3030 2486
3031 2486
3032 2486
3033 2486
3034 2486
3035 2487
3036 2487
3037 2487
3038 2487
3039 2487
3040 2487
3041 2487
3042 2489
3043 2487
3044 2488
3045 2491
3046 2487
3047 2487
3048 2487
3049 2488
3050 2487
3051 2487
3052 2488
3053 2487
3054 2492
3055 2487
3056 2488
3057 2492
3058 2487
3059 2487
3060 2487
3061 2487
3062 2488
3063 2487
3064 2487
3065 2487
3066 2488
3067 2487
3068 2487
3069 2487
3070 2491
3071 2488
3072 2487
3073 2487
3074 2487
3075 2487
3076 2487
3077 2487
3078 2487
3079 2487
3080 2487
3081 2487
3082 2487
3083 2487
3084 2487
3085 2488
3086 2488
3087 2487
3088 2487
3089 2487
3090 2487
3091 2488
3092 2488
3093 2488
3094 2488
3095 2488
3096 2488
3097 2488
3098 2488
3099 2488
3100 2488
3101 2488
3102 2488
3103 2488
3104 2488
3105 2488
3106 2488
3107 2488
3108 2488
3109 2488
3110 2488
3111 2488
3112 2488
3113 2488
3114 2488
3115 2487
3116 2487
3117 2488
3118 2488
3119 2488
3120 2488
3121 2488
3122 2488
3123 2488
3124 2488
3125 2488
3126 2488
3127 2488
3128 2489
3129 2489
3130 2488
3131 2488
3132 2489
3133 2488
3134 2488
3135 2488
3136 2488
3137 2489
3138 2489
3139 2489
3140 2489
3141 2489
3142 2489
3143 2488
3144 2488
3145 2489
3146 2489
3147 2489
3148 2489
3149 2489
3150 2489
3151 2489
3152 2489
3153 2489
3154 2489
3155 2489
3156 2489
3157 2489
3158 2489
3159 2489
3160 2489
3161 2489
3162 2489
3163 2489
3164 2489
3165 2489
3166 2489
3167 2489
3168 2490
3169 2490
3170 2489
3171 2490
3172 2489
3173 2490
3174 2489
3175 2489
3176 2489
3177 2489
3178 2489
3179 2489
3180 2489
3181 2489
3182 2489
3183 2489
3184 2489
3185 2489
3186 2489
3187 2489
3188 2488
3189 2489
3190 2488
3191 2489
3192 2489
3193 2489
3194 2489
3195 2489
3196 2489
3197 2489
3198 2489
3199 2489
3200 2488
3201 2488
3202 2489
3203 2489
3204 2489
3205 2489
3206 2489
3207 2489
3208 2489
3209 2489
3210 2489
3211 2489
3212 2489
3213 2490
3214 2489
3215 2488
3216 2490
3217 2489
3218 2490
3219 2490
3220 2492
3221 2490
3222 2489
3223 2488
3224 2490
3225 2489
3226 2490
3227 2489
3228 2489
3229 2490
3230 2491
3231 2491
3232 2492
3233 2492
3234 2489
3235 2490
3236 2488
3237 2491
3238 2489
3239 2488
3240 2489
3241 2488
3242 2489
3243 2489
3244 2488
3245 2489
3246 2488
3247 2490
3248 2490
3249 2490
3250 2488
3251 2489
3252 2488
3253 2488
3254 2489
3255 2488
3256 2489
3257 2488
3258 2490
3259 2489
3260 2489
3261 2488
3262 2489
3263 2489
3264 2487
3265 2490
3266 2491
3267 2487
3268 2487
3269 2491
3270 2488
3271 2487
3272 2485
3273 2484
3274 2486
3275 2498
3276 2485
3277 2484
3278 2485
3279 2486
3280 2488
3281 2489
3282 2489
3283 2481
3284 2480
3285 2480
3286 2480
3287 2480
3288 2488
3289 2489
3290 2488
3291 2488
3292 2488
3293 2488
3294 2480
3295 2485
3296 2483
3297 2484
3298 2484
3299 2480
3300 2483
3301 2480
3302 2482
3303 2482
3304 2484
3305 2491
3306 2480
3307 2490
3308 2480
3309 2480
3310 2480
3311 2481
3312 2482
3313 2481
3314 2481
3315 2496
3316 2481
3317 2494
3318 2494
3319 2482
3320 2496
3321 2486
3322 2480
3323 2485
3324 2482
3325 2481
3326 2490
3327 2487
3328 2490
3329 2488
3330 2484
3331 2495
3332 2485
3333 2489
3334 2480
3335 2481
3336 2483
3337 2498
3338 2480
3339 2499
3340 2491
3341 2496
3342 2495
3343 2492
3344 2496
3345 2494
3346 2493
3347 2496
3348 2491
3349 2489
3350 2490
3351 2484
3352 2490
3353 2488
3354 2489
3355 2489
3356 2492
3357 2488
3358 2492
3359 2489
3360 2490
3361 2490
3362 2492
3363 2497
3364 2488
3365 2489
3366 2488
3367 2486
3368 2486
3369 2490
3370 2487
3371 2493
3372 2488
3373 2489
3374 2488
3375 2489
3376 2486
3377 2487
3378 2483
3379 2495
3380 2485
3381 2486
3382 2486
3383 2487
3384 2500
3385 2484
3386 2482
3387 2480
3388 2480
3389 2495
3390 2489
3391 2489
3392 2490
3393 2490
3394 2490
3395 2491
3396 2490
3397 2491
3398 2490
3399 2490
3400 2492
3401 2489
3402 2489
3403 2489
3404 2493
3405 2490
3406 2490
3407 2490
3408 2489
3409 2489
3410 2489
3411 2489
3412 2490
3413 2490
3414 2490
3415 2494
3416 2490
3417 2490
3418 2490
3419 2490
3420 2490
3421 2490
3422 2490
3423 2490
3424 2490
3425 2491
3426 2490
3427 2491
3428 2490
3429 2491
3430 2491
3431 2491
3432 2491
3433 2491
3434 2491
3435 2491
3436 2491
3437 2491
3438 2491
3439 2491
3440 2491
3441 2491
3442 2491
3443 2491
3444 2491
3445 2491
3446 2491
3447 2491
3448 2491
3449 2491
3450 2491
3451 2490
3452 2491
3453 2491
3454 2490
3455 2490
3456 2490
3457 2491
3458 2490
3459 2490
3460 2490
3461 2491
3462 2490
3463 2491
3464 2491
3465 2490
3466 2490
3467 2490
3468 2490
3469 2490
3470 2490
3471 2490
3472 2490
3473 2490
3474 2490
3475 2491
3476 2491
3477 2490
3478 2491
3479 2491
3480 2491
3481 2490
3482 2490
3483 2491
3484 2490
3485 2491
3486 2491
3487 2491
3488 2491
3489 2490
3490 2490
3491 2490
3492 2490
3493 2490
3494 2491
3495 2490
3496 2489
3497 2490
3498 2489
3499 2490
3500 2490
3501 2490
3502 2490
3503 2490
3504 2490
3505 2490
3506 2490
3507 2490
3508 2490
3509 2490
3510 2490
3511 2494
3512 2489
3513 2489
3514 2490
3515 2490
3516 2489
3517 2490
3518 2490
3519 2490
3520 2490
3521 2489
3522 2490
3523 2490
3524 2490
3525 2490
3526 2490
3527 2490
3528 2490
3529 2489
3530 2489
3531 2489
3532 2490
3533 2490
3534 2490
3535 2490
3536 2490
3537 2490
3538 2490
3539 2490
3540 2490
3541 2490
3542 2489
3543 2489
3544 2490
3545 2490
3546 2490
3547 2490
3548 2489
3549 2489
3550 2489
3551 2489
3552 2490
3553 2489
3554 2490
3555 2490
3556 2489
3557 2489
3558 2489
3559 2489
3560 2489
3561 2489
3562 2490
3563 2489
3564 2490
3565 2489
3566 2489
3567 2490
3568 2489
3569 2489
3570 2489
3571 2490
3572 2489
3573 2489
3574 2489
3575 2489
3576 2490
3577 2490
3578 2490
3579 2490
3580 2490
3581 2490
3582 2490
3583 2490
3584 2490
3585 2490
3586 2489
3587 2489
3588 2489
3589 2489
3590 2489
3591 2489
3592 2489
3593 2489
3594 2489
3595 2489
3596 2489
3597 2489
3598 2489
3599 2489
3600 2489
3601 2489
3602 2489
3603 2489
3604 2489
3605 2489
3606 2489
3607 2489
3608 2489
3609 2489
3610 2489
3611 2489
3612 2489
3613 2489
3614 2489
3615 2489
3616 2489
3617 2489
3618 2489
3619 2489
3620 2489
3621 2489
3622 2489
3623 2489
3624 2489
3625 2489
3626 2489
3627 2489
3628 2489
3629 2489
3630 2489
3631 2489
3632 2489
3633 2488
3634 2488
3635 2488
3636 2488
3637 2488
3638 2488
3639 2488
3640 2488
3641 2488
3642 2488
3643 2488
3644 2488
3645 2488
3646 2488
3647 2488
3648 2488
3649 2488
3650 2488
3651 2489
3652 2489
3653 2488
3654 2489
3655 2489
3656 2488
3657 2489
3658 2489
3659 2489
3660 2488
3661 2488
3662 2488
3663 2488
3664 2488
3665 2488
3666 2488
3667 2488
3668 2488
3669 2488
3670 2488
3671 2488
3672 2488
3673 2488
3674 2488
3675 2487
3676 2488
3677 2488
3678 2488
3679 2488
3680 2488
3681 2488
3682 2487
3683 2488
3684 2487
3685 2487
3686 2487
3687 2487
3688 2487
3689 2487
3690 2487
3691 2487
3692 2487
3693 2487
3694 2487
3695 2487
3696 2487
3697 2486
3698 2487
3699 2487
3700 2486
3701 2487
3702 2487
3703 2486
3704 2486
3705 2486
3706 2487
3707 2487
3708 2486
3709 2486
3710 2487
3711 2486
3712 2486
3713 2486
3714 2486
3715 2486
3716 2486
3717 2486
3718 2486
3719 2486
3720 2486
3721 2486
3722 2486
3723 2486
3724 2486
3725 2486
3726 2486
3727 2486
3728 2486
3729 2486
3730 2486
3731 2486
3732 2486
3733 2486
3734 2486
3735 2486
3736 2486
3737 2486
3738 2486
3739 2486
3740 2486
3741 2486
3742 2486
3743 2486
3744 2486
3745 2486
3746 2486
3747 2486
3748 2486
3749 2486
3750 2486
3751 2486
3752 2486
3753 2485
3754 2486
3755 2486
3756 2486
3757 2485
3758 2485
3759 2485
3760 2485
3761 2485
3762 2485
3763 2485
3764 2486
3765 2486
3766 2485
3767 2485
3768 2484
3769 2485
3770 2485
3771 2485
3772 2484
3773 2485
3774 2484
3775 2484
3776 2485
3777 2484
3778 2483
3779 2484
3780 2484
3781 2484
3782 2484
3783 2484
3784 2484
3785 2484
3786 2484
3787 2484
3788 2484
3789 2484
3790 2484
3791 2484
3792 2484
3793 2484
3794 2484
3795 2484
3796 2484
3797 2484
3798 2484
3799 2484
3800 2484
3801 2483
3802 2483
3803 2484
3804 2484
3805 2483
3806 2483
3807 2483
3808 2483
3809 2483
3810 2483
3811 2483
3812 2483
3813 2483
3814 2483
3815 2483
3816 2483
3817 2482
3818 2483
3819 2482
3820 2482
3821 2482
3822 2485
3823 2485
3824 2482
3825 2482
3826 2482
3827 2482
3828 2482

2446 2507
2447 2512
2448 2514
2449 2512
2450 2517
2451 2510
2452 2513
2453 2521
2454 2507
2455 2507
2456 2515
2457 2514
2458 2511
2459 2513
2460 2513
2461 2518
2462 2511
2463 2511
2464 2512
2465 2517
2466 2513
2467 2515
2468 2515
2469 2512
2470 2513
2471 2509
2472 2511
2473 2506
2474 2515
2475 2520
2476 2520
2477 2506
2478 2518
2479 2509
2480 2517
2481 2516
2482 2515
2483 2512
2484 2506
2485 2517
2486 2515
2487 2513
2488 2516
2489 2510
2490 2515
2491 2515
2492 2515
2493 2519
2494 2513
2495 2510
2496 2506
2497 2509
2498 2510
2499 2510
2500 2514
2501 2519
2502 2507
2503 2505
2504 2513
2505 2512
2506 2515
2507 2511
2508 2511
2509 2509
2510 2506
2511 2513
2512 2511
2513 2511
2514 2512
2515 2505
2516 2510
2517 2510
2693 2503
2694 9999
2695 9999
2696 2505
2697 2505
2698 2504
2699 9999
2700 2505
2701 2505
2702 2510
2703 2510
2704 2509
2705 2509
2706 2508
2707 2509
2708 2513
2709 2511
2710 2517
2711 2512
2712 2520
2713 2512
2714 2512
2715 2514
2716 2513
2717 2514
2718 2512
2719 2516
2720 2513
2721 2513
2722 2516
2723 2521
2724 2519
2725 2511
2726 2512
2727 2507
2728 2520
2729 2516
2730 2514
2731 2515
2732 2513
2733 2517
2734 2518
2735 2516
2736 2511
2737 2508
2738 2511
2739 2511
2740 2507
2741 2512
2742 2511
2743 2510
2744 2511
2745 2512
2746 2511
2747 2511
2748 2508
2749 2508
2750 2509
2751 2508
2752 2508
2753 2508
2754 2509
2755 2508
2756 2508
2757 2507
2758 2508
2759 2507
2760 2508
2761 2508
2762 2508
2763 2508
2764 2508
2765 2508
2766 2508
2767 2508
2768 2508
2769 2508
2770 2516
2771 2507
2772 2507
2773 2508
2774 2507
2775 2507
2776 2507
2777 2507
2778 2507
2779 2507
2780 2507
2781 2506
2782 2507
2783 2507
2784 2508
2785 2508
2786 2507
2787 2508
2788 2507
2789 2507
2790 2507
2791 2507
2792 2508
2793 2508
2794 2508
2795 2507
2796 2507
2797 2508
2798 2507
2799 2508
2800 2507
2801 2508
2802 2508
2803 2508
2804 2508
2805 2512
2806 2508
2807 2508
2808 2513
2809 2508
2810 2505
2811 2509
2812 2508
2813 2508
2814 2508
2815 2508
2816 2508
2817 2512
2818 2508
2819 2508
2820 2508
2821 2508
2822 2508
2823 2507
2824 2508
2825 2506
3651 2516
3652 2517
3653 2517
3654 2521
3655 2517
3656 2517
3657 2517
3658 2515
3659 2516
3660 2518
3661 2516
3662 2518
3663 2516
3664 2516
3665 2516
3666 2514
3667 2516
3668 2516
3669 2517
3670 2516
3671 2515
3672 2517
3673 2520
3674 2520
3675 2519
3676 2514
3677 2516
3678 2515
3679 2516
3680 2515
3681 2523
3682 2513
3683 2516
3684 2511
3685 2516
3686 2515
3687 2515
3688 2516
3689 2515
3690 2516
3691 2515
3692 2517
3693 2515
3694 2523
3695 2516
3696 2515
3697 2522
3698 2515
3699 2515
3700 2516
3701 2514
3702 2516
3703 2519
3704 2509
3705 2515
3706 2516
3707 2516
3708 2516
3709 2516
3710 2515
3711 2516
3712 2514
3713 2514
3714 2513
3715 2517
3716 2523
3717 2518
3718 2516
3719 2514
3720 2516
3721 2515
3722 2516
3723 2515
3724 2511
3725 2515
3726 2511
3727 2515
3728 2515
3729 2515
3730 2515
3731 2514
3732 2516
3733 2515
3734 2516
3735 2515
3736 2515
3737 2518
3738 2516
3739 2516
3740 2516
3741 2515
3742 2516
3743 2514
3744 2514
3745 2516
3746 2515
3747 2516
3748 2516
3749 2516
3750 2515
3751 2515
3752 2509
3753 2513
3754 2515
3755 2508

3676 2514
3677 2516
3678 2515
3679 2516
3680 2515
3681 2523
3682 2524
3683 2516
3684 2515
3685 2516
3686 2516
3687 2516
3688 2516
3689 2516
3690 2517
3691 2526
3692 2525
3693 2520
3694 2525
3695 2525
3696 2525
3697 2522
3698 2526
3699 2520
3700 2519
3701 2526
3702 2527
3703 2527
3704 2522
3705 2529
3706 2528
3707 2528
3708 2527
3709 2528
3710 2521
3711 2530
3712 2521
3713 2524
3714 2522
3715 2527
3716 2528
3717 2525
3718 2535
3719 2528
3720 2522
3721 2529
3722 2527
3723 2528
3724 2534
3725 2528
3726 2525
3727 2528
3728 2528
3729 2528
3730 2528
3731 2529
3732 2529
3733 2529
3734 2529
3735 2530
3736 2525
3737 2529
3738 2530
3739 2530
3740 2529
3741 2535
3742 2530
3743 2533
3744 2530
3745 2533
3746 2532
3747 2532
3748 2530
3749 2526
3750 2532
3751 2531

