2229 2416
2230 2416
2231 2416
2232 2416
2233 2415
2234 2416
2235 2416
2236 2417
2237 2417
2238 2416
2239 2415
2240 2415
2241 2416
2242 2417
2243 2413
2244 2414
2245 2414
2246 2415
2247 2416
2248 2414
2249 2420
2250 2415
2251 2416
2252 2416
2253 2417
2254 2416
2255 2420
2256 2417
2257 2417
2258 2416
2259 2417
2260 2417
2261 2417
2262 2417
2263 2417
2264 2417
2265 2418
2266 2416
2267 2417
2268 2416
2269 2417
2270 2416
2271 2416
2272 2416
2273 2417
2274 2418
2275 2425
2276 2415
2277 2426
2278 2414
2279 2420
2280 2414
2281 2419
2282 2419
2283 2418
2284 2414
2285 2413
2286 2424
2287 2416
2288 2414
2289 2414
2290 2412
2291 2414
2292 2413
2293 2413
2294 2413
2295 2413
2296 2413
2297 2414
2298 2420
2299 2421
2300 2422
2301 2422
2302 2411
2303 2411
2304 2411
2305 2411
2306 2411
2307 2411
2308 2411
2309 2423
2310 2411
2311 2422
2312 2423
2313 2411
2314 2411
2315 2422
2316 2413
2317 2412
2318 2414
2319 2412
2320 2412
2321 2412
2322 2412
2323 2426
2324 2417
2325 2416
2326 2413
2327 2414
2328 2415
2329 2413
2330 2413
2331 2414
2332 2414
2333 2414
2334 2414
2335 2414
2336 2414
2337 2414
2338 2415
2339 2414
2340 2415
2341 2413
2342 2414
2343 2413
2344 2414
2345 2413
2346 2413
2347 2414
2348 2414
2349 2413
2350 2413
2351 2414
2352 2414
2353 2414
2354 2415
2355 2415
2356 2412
2357 2413
2358 2412
2359 2413
2360 2413
2361 2414
2362 2411
2363 2412
2364 2413
2365 2413
2366 2412
2367 2412
2368 2412
2369 2413
2370 2412
2371 2415
2372 2413
2373 2412
2374 2412
2375 2412
2376 2412
2377 2413
2378 2413
2379 2414
2380 2416
2381 2413
2382 2414
2383 2416
2384 2417
2385 2414
2386 2412
2387 2413
2388 2412
2389 2413
2390 2412
2391 2412
2392 2412
2393 2412
2394 2413
2395 2413
2396 2412
2397 2412
2398 2412
2399 2411
2400 2412
2401 2412
2402 2415
2403 2414
2404 2415
2405 2412
2406 2413
2407 2413
2408 2414
2409 2409
2410 2412
2411 2415
2412 2413
2413 2413
2414 2419
2415 2413
2416 2413
2417 2417
2418 2411
2419 2415
2420 2415
2421 2415
2422 2413
2423 2413
2424 2413
2425 2414
2426 2414
2427 2414
2428 2414
2429 2413
2430 2413
2431 2414
2432 2414
2433 2414
2434 2414
2435 2415
2436 2414
2437 2414
2438 2414
2439 2415
2440 2413
2441 2413
2442 2414
2443 2414
2444 2414
2445 2413
2446 2413
2447 2413
2448 2413
2449 2413
2450 2414
2451 2413
2452 2413
2453 2413
2454 2412
2455 2412
2456 2413
2457 2413
2458 2412
2459 2412
2460 2413
2461 2413
2462 2413
2463 2413
2464 2413
2465 2413
2466 2413
2467 2413
2468 2413
2469 2413
2470 2413
2471 2413
2472 2413
2473 2413
2474 2413
2475 2414
2476 2414
2477 2414
2478 2414
2479 2414
2480 2414
2481 2414
2482 2414
2483 2415
2484 2414
2485 2414
2486 2414
2487 2414
2488 2415
2489 2415
2490 2415
2491 2415
2492 2415
2493 2415
2494 2415
2495 2415
2496 2415
2497 2417
2498 2417
2499 2416
2500 2416
2501 2416
2502 2417
2503 2417
2504 2417
2505 2418
2506 2419
2507 2418
2508 2418
2509 2418
2510 2418
2511 2419
2512 2418
2513 2418
2514 2419
2515 2419
2516 2418
2517 2419
2518 2420
2519 2419
2520 2418
2521 2419
2522 2423
2523 2418
2524 2418
2525 2421
2526 2422
2527 2418
2528 2418
2529 2419
2530 2419
2531 2419
2532 2419
2533 2419
2534 2419
2535 2419
2536 2419
2537 2420
2538 2419
2539 2419
2540 2419
2541 2418
2542 2418
2543 2421
2544 2421
2545 2420
2546 2419
2547 2419
2548 2419
2549 2419
2550 2420
2551 2422
2552 2420
2553 2421
2554 2420
2555 2420
2556 2420
2557 2420
2558 2420
2559 2419
2560 2419
2561 2420
2562 2420
2563 2420
2564 2419
2565 2420
2566 2420
2567 2420
2568 2420
2569 2421
2570 2420
2571 2420
2572 2420
2573 2420
2574 2420
2575 2419
2576 2420
2577 2421
2578 2421
2579 2420
2580 2420
2581 2420
2582 2420
2583 2420
2584 2421
2585 2421
2586 2421
2587 2421
2588 2422
2589 2422
2590 2422
2591 2422
2592 2423
2593 2422
2594 2422
2595 2421
2596 2421
2597 2421
2598 2421
2599 2421
2600 2422
2601 2421
2602 2424
2603 2421
2604 2422
2605 2422
2606 2422
2607 2422
2608 2422
2609 2423
2610 2423
2611 2423
2612 2423
2613 2423
2614 2426
2615 2423
2616 2422
2617 2423
2618 2423
2619 2424
2620 2424
2621 2422
2622 2422
2623 2423
2624 2423
2625 2423
2626 2423
2627 2423
2628 2424
2629 2424
2630 2424
2631 2424
2632 2426
2633 2425
2634 2424
2635 2423
2636 2424
2637 2425
2638 2424
2639 2424
2640 2425
2641 2425
2642 2425
2643 2425
2644 2424
2645 2425
2646 2425
2647 2426
2648 2425
2649 2426
2650 2426
2651 2426
2652 2427
2653 2426
2654 2428
2655 2428
2656 2427
2657 2427
2658 2427
2659 2429
2660 2427
2661 2426
2662 2426
2663 2427
2664 2427
2665 2427
2666 2427
2667 2427
2668 2428
2669 2432
2670 2433
2671 2428
2672 2431
2673 2430
2674 2432
2675 2428
2676 2426
2677 2427
2678 2425
2679 2427
2680 2428
2681 2428
2682 2438
2683 2426
2684 2426
2685 2425
2686 2426
2687 2428
2688 2427
2689 2427
2690 2426
2691 2426
2692 2426
2693 2425
2694 2426
2695 2426
2696 2426
2697 2426
2698 2425
2699 2426
2700 2426
2701 2427
2702 2426
2703 2426
2704 2426
2705 2426
2706 2426
2707 2425
2708 2426
2709 2426
2710 2426
2711 2426
2712 2426
2713 2425
2714 2425
2715 2425
2716 2425
2717 2425
2718 2426
2719 2425
2720 2425
2721 2425
2722 2430
2723 2425
2724 2426
2725 2426
2726 2427
2727 2427
2728 2428
2729 2427
2730 2426
2731 2427
2732 2428
2733 2429
2734 2428
2735 2430
2736 2429
2737 2429
2738 2428
2739 2428
2740 2430
2741 2430
2742 2428
2743 2431
2744 2430
2745 2430
2746 2431
2747 2432
2748 2433
2749 2429
2750 2431
2751 2431
2752 2431
2753 2431
2754 2431
2755 2438
2756 2431
2757 2430
2758 2431
2759 2431
2760 2433
2761 2429
2762 2430
2763 2431
2764 2430
2765 2430
2766 2430
2767 2430
2768 2430
2769 2430
2770 2431
2771 2431
2772 2431
2773 2431
2774 2431
2775 2431
2776 2430
2777 2432
2778 2432
2779 2432
2780 2431
2781 2430
2782 2430
2783 2430
2784 2432
2785 2432
2786 2433
2787 2430
2788 2430
2789 2431
2790 2431
2791 2431
2792 2431
2793 2432
2794 2431
2795 2432
2796 2433
2797 2433
2798 2432
2799 2433
2800 2433
2801 2434
2802 2434
2803 2432
2804 2433
2805 2432
2806 2434
2807 2434
2808 2432
2809 2437
2810 2434
2811 2435
2812 2434
2813 2434
2814 2434
2815 2435
2816 2435
2817 2435
2818 2435
2819 2434
2820 2434
2821 2435
2822 2433
2823 2434
2824 2434
2825 2434
2826 2434
2827 2435
2828 2434
2829 2434
2830 2434
2831 2434
2832 2434
2833 2434
2834 2433
2835 2434
2836 2433
2837 2434
2838 2433
2839 2433
2840 2433
2841 2434
2842 2434
2843 2434
2844 2434
2845 2435
2846 2436
2847 2433
2848 2433
2849 2433
2850 2434
2851 2433
2852 2435
2853 2434
2854 2432
2855 2433
2856 2434
2857 2433
2858 2433
2859 2432
2860 2433
2861 2436
2862 2432
2863 2432
2864 2433
2865 2432
2866 2433
2867 2433
2868 2432
2869 2433
2870 2432
2871 2432
2872 2433
2873 2432
2874 2432
2875 2433
2876 2435
2877 2436
2878 2435
2879 2435
2880 2435
2881 2434
2882 2435
2883 2435
2884 2436
2885 2436
2886 2436
2887 2436
2888 2435
2889 2435
2890 2437
2891 2436
2892 2434
2893 2435
2894 2434
2895 2435
2896 2434
2897 2433
2898 2434
2899 2433
2900 2433
2901 2432
2902 2433
2903 2433
2904 2433
2905 2433
2906 2435
2907 2434
2908 2433
2909 2433
2910 2435
2911 2436
2912 2436
2913 2435
2914 2434
2915 2434
2916 2435
2917 2435
2918 2439
2919 2438
2920 2433
2921 2433
2922 2436
2923 2436
2924 2436
2925 2436
2926 2436
2927 2436
2928 2436
2929 2435
2930 2435
2931 2434
2932 2435
2933 2435
2934 2435
2935 2435
2936 2436
2937 2436
2938 2436
2939 2437
2940 2436
2941 2436
2942 2436
2943 2438
2944 2438
2945 2438
2946 2438
2947 2439
2948 2439
2949 2438
2950 2439
2951 2439
2952 2439
2953 2439
2954 2440
2955 2440
2956 2440
2957 2440
2958 2440
2959 2440
2960 2440
2961 2440
2962 2441
2963 2440
2964 2440
2965 2440
2966 2441
2967 2441
2968 2441
2969 2441
2970 2442
2971 2441
2972 2442
2973 2442
2974 2442
2975 2442
2976 2443
2977 2443
2978 2443
2979 2442
2980 2442
2981 2442
2982 2443
2983 2443
2984 2443
2985 2443
2986 2443
2987 2443
2988 2443
2989 2443
2990 2443
2991 2443
2992 2443
2993 2443
2994 2443
2995 2444
2996 2444
2997 2443
2998 2442
2999 2442
3000 2442
3001 2443
3002 2442
3003 2442
3004 2441
3005 2441
3006 2441
3007 2442
3008 2441
3009 2440
3010 2440
3011 2440
3012 2439
3013 2439
3014 2439
3015 2439
3016 2439
3017 2439
3018 2439
3019 2439
3020 2439
3021 2439
3022 2439
3023 2440
3024 2440
3025 2440
3026 2440
3027 2440
3028 2440
3029 2440
3030 2440
3031 2440
3032 2440
3033 2440
3034 2440
3035 2440
3036 2440
3037 2440
3038 2440
3039 2440
3040 2441
3041 2440
3042 2440
3043 2441
3044 2441
3045 2441
3046 2441
3047 2441
3048 2442
3049 2441
3050 2441
3051 2441
3052 2441
3053 2441
3054 2441
3055 2442
3056 2442
3057 2441
3058 2441
3059 2442
3060 2442
3061 2443
3062 2443
3063 2443
3064 2443
3065 2443
3066 2443
3067 2443
3068 2444
3069 2443
3070 2443
3071 2443
3072 2444
3073 2444
3074 2444
3075 2444
3076 2445
3077 2445
3078 2446
3079 2446
3080 2446
3081 2446
3082 2446
3083 2446
3084 2446
3085 2446
3086 2446
3087 2446
3088 2446
3089 2446
3090 2446
3091 2446
3092 2447
3093 2447
3094 2447
3095 2447
3096 2447
3097 2446
3098 2446
3099 2447
3100 2447
3101 2447
3102 2447
3103 2447
3104 2448
3105 2448
3106 2448
3107 2448
3108 2448
3109 2448
3110 2449
3111 2449
3112 2449
3113 2449
3114 2449
3115 2449
3116 2449
3117 2449
3118 2449
3119 2449
3120 2449
3121 2449
3122 2449
3123 2450
3124 2450
3125 2450
3126 2450
3127 2450
3128 2450
3129 2450
3130 2451
3131 2451
3132 2451
3133 2451
3134 2451
3135 2451
3136 2451
3137 2451
3138 2451
3139 2451
3140 2452
3141 2452
3142 2452
3143 2452
3144 2452
3145 2452
3146 2452
3147 2452
3148 2452
3149 2453
3150 2453
3151 2453
3152 2453
3153 2453
3154 2453
3155 2453
3156 2454
3157 2454
3158 2454
3159 2454
3160 2454
3161 2455
3162 2454
3163 2455
3164 2455
3165 2455
3166 2455
3167 2455
3168 2455
3169 2455
3170 2455
3171 2455
3172 2455
3173 2456
3174 2455
3175 2455
3176 2455
3177 2456
3178 2455
3179 2456
3180 2456
3181 2456
3182 2456
3183 2456
3184 2457
3185 2456
3186 2462
3187 2456
3188 2456
3189 2456
3190 2456
3191 2456
3192 2456
3193 2456
3194 2456
3195 2456
3196 2456
3197 2456
3198 2456
3199 2456
3200 2457
3201 2457
3202 2457
3203 2457
3204 2457
3205 2457
3206 2457
3207 2457
3208 2457
3209 2457
3210 2457
3211 2458
3212 2458
3213 2458
3214 2458
3215 2458
3216 2458
3217 2458
3218 2459
3219 2459
3220 2459
3221 2459
3222 2459
3223 2459
3224 2459
3225 2459
3226 2460
3227 2460
3228 2460
3229 2460
3230 2460
3231 2460
3232 2461
3233 2461
3234 2462
3235 2461
3236 2461
3237 2462
3238 2462
3239 2462
3240 2462
3241 2461
3242 2463
3243 2461
3244 2461
3245 2462
3246 2462
3247 2462
3248 2463
3249 2463
3250 2463
3251 2463
3252 2463
3253 2463
3254 2464
3255 2464
3256 2463
3257 2463
3258 2464
3259 2464
3260 2464
3261 2464
3262 2465
3263 2465
3264 2465
3265 2465
3266 2465
3267 2466
3268 2464
3269 2466
3270 2466
3271 2466
3272 2465
3273 2466
3274 2465
3275 2467
3276 2467
3277 2466
3278 2467
3279 2467
3280 2467
3281 2467
3282 2467
3283 2468
3284 2468
3285 2468
3286 2468
3287 2468
3288 2468
3289 2468
3290 2468
3291 2468
3292 2468
3293 2468
3294 2468
3295 2468
3296 2469
3297 2469
3298 2469
3299 2469
3300 2469
3301 2469
3302 2469
3303 2469
3304 2469
3305 2469
3306 2469
3307 2470
3308 2469
3309 2470
3310 2470
3311 2470
3312 2469
3313 2470
3314 2470
3315 2470
3316 2471
3317 2471
3318 2470
3319 2471
3320 2471
3321 2471
3322 2471
3323 2470
3324 2471
3325 2471
3326 2471
3327 2471
3328 2471
3329 2472
3330 2472
3331 2472
3332 2472
3333 2473
3334 2473
3335 2473
3336 2473
3337 2472
3338 2474
3339 2473
3340 2472
3341 2474
3342 2475
3343 2475
3344 2475
3345 2474
3346 2474
3347 2474
3348 2474
3349 2474
3350 2474
3351 2474
3352 2474
3353 2474
3354 2474
3355 2474
3356 2474
3357 2474
3358 2474
3359 2475
3360 2475
3361 2474
3362 2475
3363 2475
3364 2475
3365 2475
3366 2475
3367 2475
3368 2475
3369 2475
3370 2475
3371 2475
3372 2475
3373 2475
3374 2475
3375 2475
3376 2475
3377 2475
3378 2475
3379 2475
3380 2475
3381 2475
3382 2475
3383 2475
3384 2475
3385 2476
3386 2475
3387 2476
3388 2476
3389 2476
3390 2476
3391 2476
3392 2476
3393 2475
3394 2476
3395 2476
3396 2476
3397 2475
3398 2476
3399 2476
3400 2476
3401 2476
3402 2476
3403 2476
3404 2476
3405 2476
3406 2476
3407 2477
3408 2476
3409 2476
3410 2476
3411 2477
3412 2477
3413 2476
3414 2477
3415 2477
3416 2477
3417 2476
3418 2477
3419 2477
3420 2477
3421 2477
3422 2477
3423 2477
3424 2477
3425 2478
3426 2478
3427 2477
3428 2477
3429 2477
3430 2478
3431 2478
3432 2478
3433 2478
3434 2478
3435 2478
3436 2478
3437 2478
3438 2478
3439 2478
3440 2479
3441 2478
3442 2478
3443 2478
3444 2478
3445 2479
3446 2479
3447 2478
3448 2478
3449 2478
3450 2478
3451 2478
3452 2479
3453 2479
3454 2479
3455 2479
3456 2479
3457 2479
3458 2479
3459 2479
3460 2479
3461 2479
3462 2479
3463 2479
3464 2479
3465 2479
3466 2480
3467 2479
3468 2479
3469 2480
3470 2479
3471 2480
3472 2480
3473 2480
3474 2481
3475 2480
3476 2481
3477 2481
3478 2480
3479 2479
3480 2480
3481 2480
3482 2479
3483 2480
3484 2480
3485 2481
3486 2480
3487 2481
3488 2481
3489 2480
3490 2480
3491 2480
3492 2481
3493 2481
3494 2481
3495 2480
3496 2481
3497 2481
3498 2481
3499 2481
3500 2481
3501 2481
3502 2481
3503 2481
3504 2480
3505 2481
3506 2481
3507 2480
3508 2481
3509 2481
3510 2480
3511 2481
3512 2481
3513 2481
3514 2481
3515 2482
3516 2481
3517 2482
3518 2482
3519 2482
3520 2483
3521 2483
3522 2483
3523 2483
3524 2482
3525 2483
3526 2483
3527 2482
3528 2483
3529 2483
3530 2483
3531 2483
3532 2483
3533 2483
3534 2483
3535 2483
3536 2483
3537 2483
3538 2484
3539 2484
3540 2484
3541 2484
3542 2484
3543 2484
3544 2483
3545 2484
3546 2484
3547 2484
3548 2484
3549 2484
3550 2484
3551 2484
3552 2485
3553 2485
3554 2485
3555 2485
3556 2485
3557 2485
3558 2485
3559 2485
3560 2485
3561 2485
3562 2486
3563 2486
3564 2486
3565 2486
3566 2486
3567 2486
3568 2487
3569 2487
3570 2487
3571 2487
3572 2487
3573 2489
3574 2487
3575 2488
3576 2488
3577 2488
3578 2488
3579 2488
3580 2488
3581 2488
3582 2488
3583 2489
3584 2489
3585 2489
3586 2489
3587 2489
3588 2489
3589 2489
3590 2489
3591 2489
3592 2489
3593 2490
3594 2489
3595 2489
3596 2489
3597 2490
3598 2490
3599 2490
3600 2490
3601 2489
3602 2490
3603 2490
3604 2490
3605 2490
3606 2491
3607 2492
3608 2491
3609 2492
3610 2493
3611 2493
3612 2492
3613 2491
3614 2491
3615 2491
3616 2490
3617 2490
3618 2490
3619 2490
3620 2490
3621 2490
3622 2491
3623 2491
3624 2491
3625 2490
3626 2491
3627 2491
3628 2491
3629 2490
3630 2491
3631 2490
3632 2491
3633 2492
3634 2491
3635 2490
3636 2491
3637 2491
3638 2491
3639 2491
3640 2490
3641 2491
3642 2491
3643 2491
3644 2491
3645 2492
3646 2492
3647 2492
3648 2492
3649 2491
3650 2491
3651 2492
3652 2491
3653 2491
3654 2491
3655 2491
3656 2492
3657 2492
3658 2491
3659 2492
3660 2492
3661 2492
3662 2492
3663 2492
3664 2491
3665 2491
3666 2491
3667 2491
3668 2492
3669 2492
3670 2491
3671 2492
3672 2492
3673 2492
3674 2492
3675 2492
3676 2492
3677 2492
3678 2492
3679 2492
3680 2493
3681 2493
3682 2491
3683 2494
3684 2492
3685 2492
3686 2492
3687 2492
3688 2492
3689 2491
3690 2491
3691 2492
3692 2492
3693 2492
3694 2492
3695 2492
3696 2492
3697 2492
3698 2492
3699 2492
3700 2492
3701 2492
3702 2492
3703 2492
3704 2492
3705 2492
3706 2492
3707 2492
3708 2492
3709 2493
3710 2492
3711 2492
3712 2492
3713 2493
3714 2492
3715 2492
3716 2493
3717 2492
3718 2492
3719 2493
3720 2493
3721 2493
3722 2493
3723 2494
3724 2494
3725 2493
3726 2493
3727 2492
3728 2493
3729 2493
3730 2493
3731 2493
3732 2493
3733 2493
3734 2493
3735 2493
3736 2493
3737 2493
3738 2493
3739 2493
3740 2493
3741 2494
3742 2493
3743 2494
3744 2494
3745 2494
3746 2494
3747 2493
3748 2493
3749 2494
3750 2493
3751 2493
3752 2493
3753 2494
3754 2493
3755 2493
3756 2493
3757 2494
3758 2493
3759 2494
3760 2494
3761 2494
3762 2494
3763 2494
3764 2493
3765 2493
3766 2493
3767 2494
3768 2494
3769 2494
3770 2494
3771 2494
3772 2494
3773 2494
3774 2494
3775 2494
3776 2494
3777 2495
3778 2494
3779 2494
3780 2494
3781 2494
3782 2494
3783 2494
3784 2493
3785 2493
3786 2493
3787 2493
3788 2493
3789 2494
3790 2494
3791 2494
3792 2494
3793 2493
3794 2494
3795 2494
3796 2493
3797 2493
3798 2494
3799 2493
3800 2493
3801 2494
3802 2494
3803 2494
3804 2493
3805 2493
3806 2494
3807 2494
3808 2494
3809 2494
3810 2494
3811 2494
3812 2494
3813 2494
3814 2494
3815 2494
3816 2494
3817 2493
3818 2494
3819 2494
3820 2495
3821 2494
3822 2495
3823 2494
3824 2494
3825 2494
3826 2494
3827 2494
3828 2494
3829 2494
3830 2494
3831 2494
3832 2495
3833 2494
3834 2494
3835 2494
3836 2495
3837 2494
3838 2495
3839 2495
3840 2495
3841 2495
3842 2495
3843 2495
3844 2496
3845 2495
3846 2495
3847 2495
3848 2495
3849 2494
3850 2495
3851 2495
3852 2495
3853 2494
3854 2495
3855 2495
3856 2495
3857 2495
3858 2495
3859 2495
3860 2496
3861 2495
3862 2495
3863 2495
3864 2495
3865 2495
3866 2494
3867 2495
3868 2495
3869 2495
3870 2495
3871 2495
3872 2495
3873 2495
3874 2496
3875 2495
3876 2495
3877 2495
3878 2495
3879 2495
3880 2495
3881 2495
3882 2495
3883 2495
3884 2495
3885 2495
3886 2495
3887 2495
3888 2495
3889 2494
3890 2494
3891 2495
3892 2495
3893 2494
3894 2494
3895 2493
3896 2497
3897 2494
3898 2493
3899 2495
3900 2494
3901 2494
3902 2497
3903 2495
3904 2495
3905 2495
3906 2495
3907 2495
3908 2496
3909 2495
3910 2495
3911 2495
3912 2494
3913 2496
3914 2495
3915 2494
3916 2496
3917 2495
3918 2496
3919 2494
3920 2496
3921 2497
3922 2497
3923 2494
3924 2495
3925 2496
3926 2497
3927 2495
3928 2494
3929 2494
3930 2494
3931 2495
3932 2495
3933 2495
3934 2495
3935 2494
3936 2494
3937 2495
3938 2495
3939 2496
3940 2495
3941 2495
3942 2496
3943 2496
3944 2496
3945 2496
3946 2496
3947 2496
3948 2496
3949 2496
3950 2497
3951 2497
3952 2496
3953 2496
3954 2496
3955 2496
3956 2497
3957 2497
3958 2497
3959 2497
3960 2496
3961 2497
3962 2495
3963 2496
3964 2496
3965 2496
3966 2497
3967 2496
3968 2495
3969 2496
3970 2497
3971 2496
3972 2496
3973 2496
3974 2497
3975 2497
3976 2497
3977 2496
3978 2496
3979 2497
3980 2497
3981 2497
3982 2497
3983 2497
3984 2497
3985 2496
3986 2497
3987 2497
3988 2497
3989 2497
3990 2497
3991 2497
3992 2497
3993 2497
3994 2497
3995 2498
3996 2497
3997 2497
3998 2497
3999 2497
4000 2497
4001 2498
4002 2498
4003 2497
4004 2498
4005 2498
4006 2498
4007 2498
4008 2498
4009 2498
4010 2499
4011 2498
4012 2498
4013 2498
4014 2498
4015 2498
4016 2498
4017 2498
4018 2498
4019 2498
4020 2499
4021 2499
4022 2499
4023 2499
4024 2499
4025 2499
4026 2499
4027 2499
4028 2500
4029 2500
4030 2500
4031 2500
4032 2499
4033 2500
4034 2499
4035 2500
4036 2500
4037 2500
4038 2500
4039 2500
4040 2500
4041 2500
4042 2500
4043 2500
4044 2500
4045 2500
4046 2500
4047 2500
4048 2499
4049 2499
4050 2498
4051 2498
4052 2499
4053 2499
4054 2499
4055 2499
4056 2499
4057 2500
4058 2498
4059 2499
4060 2499
4061 2500
4062 2500
4063 2500
4064 2500
4065 2500
4066 2501
4067 2500
4068 2500
4069 2500
4070 2500
4071 2500
4072 2500
4073 2500
4074 2501
4075 2501
4076 2501
4077 2501
4078 2501
4079 2501
4080 2499
4081 2501
4082 2501
4083 2503
4084 2500
4085 2500
4086 2503
4087 2504
4088 2502
4089 2502
4090 2500
4091 2503
4092 2502
4093 2503
4094 2504
4095 2502
4096 2502
4097 2502
4098 2505
4099 2504
4100 2502
4101 2502
4102 2501
4103 2503
4104 2503
4105 2504
4106 2504
4107 2503
4108 2503
4109 2503
4110 2503
4111 2503
4112 2503
4113 2502
4114 2503
4115 2503
4116 2502
4117 2502
4118 2503
4119 2503
4120 2503
4121 2503
4122 2503
4123 2507
4124 2502
4125 2503
4126 2504
4127 2503
4128 2502
4129 2503
4130 2503
4131 2503
4132 2504
4133 2503
4134 2503
4135 2503
4136 2503
4137 2503
4138 2505
4139 2504
4140 2503
4141 2504
4142 2502
4143 2503
4144 2505
4145 2504
4146 2502
4147 2502
4148 2504
4149 2504
4150 2502
4151 2504
4152 2506
4153 2507
4154 2506
4155 2506
4156 2502
4157 2505
4158 2505
4159 2503
4160 2508
4161 2503
4162 2502
4163 2505
4164 2503
4165 2503
4166 2503
4167 2503
4168 2503
4169 2503
4170 2503
4171 2504
4172 2502
4173 2504
4174 2506
4175 2520
4176 2505
4177 2502
4178 2502
4179 2502
4180 2503
4181 2504
4182 2504
4183 2503
4184 2504
4185 2504
4186 2504
4187 2504
4188 2503
4189 2502
4190 2510
4191 2509
4192 2518
4193 2506
4194 2501
4195 2501
4196 2505
4197 2505
4198 2504
4199 2502
4200 2501
4201 2501
4336 2494
4337 2496
4338 2494
4339 2498
4340 2493
4341 2492
4342 2493
4343 2510
4344 2497
4345 2493
4346 2492
4347 2496
4348 2495
4349 2496
4350 2497
4351 2496
4352 2502
4353 2495
4354 2495
4355 2499
4356 2500
4357 2497
4358 2497
4359 2496
4360 2501
4361 2498
4362 2498
4363 2501
4364 2501
4365 2497
4366 2497
4367 2498
4368 2499
4369 2500
4370 2499
4371 2497
4372 2496
4373 2499
4374 2498
4375 2499
4376 2498
4377 2497
4378 2497
4379 2498
4380 2494
4381 2496
4382 2502
4383 2502
4384 2501
4385 2498
4386 2495
4387 2496
4388 2497
4389 2497
4390 2498
4391 2497
4392 2498
4393 2500
4394 2498
4395 2509
4396 2499
4397 2499
4398 2499
4399 2499
4400 2499
4401 2500
4402 2497
4403 2498
4404 2499
4405 2499
4406 2499
4407 2500
4408 2500
4409 2500
4410 2500
4411 2501
4412 2501
4413 2502
4414 2502
4415 2501
4416 2501
4417 2502
4418 2502
4419 2502
4420 2502
4421 2503
4422 2502
4423 2502
4424 2502
4425 2502
4426 2502
4427 2502
4428 2502
4429 2502
4430 2502
4431 2502
4432 2502
4433 2502
4434 2502
4435 2501
4436 2501
4437 2501
4438 2501
4439 2501
4440 2502
4441 2502
4442 2501
4443 2500
4444 2500
4445 2500
4446 2500
4447 2501
4448 2499
4449 2500
4450 2499
4451 2500
4452 2499
4453 2500
4454 2500
4455 2499
4456 2499
4457 2500
4458 2500
4459 2499
4460 2499
4461 2499
4462 2499
4463 2499
4464 2499
4465 2499
4466 2500
4467 2500
4468 2500
4469 2500
4470 2500
4471 2500
4472 2500
4473 2500
4474 2500
4475 2500
4476 2500
4477 2501
4478 2500
4479 2501
4480 2501
4481 2500
4482 2500
4483 2501
4484 2501
4485 2501
4486 2501
4487 2501
4488 2500
4489 2501
4490 2501
4491 2501
4492 2501
4493 2501
4494 2501
4495 2501
4496 2501
4497 2501
4498 2501
4499 2501
4500 2500
4501 2500
4502 2500
4503 2500
4504 2501
4505 2501
4506 2501
4507 2501
4508 2501
4509 2501
4510 2500
4511 2501
4512 2500
4513 2500
4514 2500
4515 2500
4516 2500
4517 2500
4518 2499
4519 2500
4520 2499
4521 2499
4522 2499
4523 2500
4524 2499
4525 2499
4526 2499
4527 2499
4528 2499
4529 2499
4530 2499
4531 2498
4532 2498
4533 2498
4534 2498
4535 2497
4536 2498
4537 2498
4538 2498
4539 2498
4540 2509
4541 2498
4542 2498
4543 2498
4544 2498
4545 2498
4546 2498
4547 2498
4548 2498
4549 2498
4550 2498
4551 2499
4552 2498
4553 2498
4554 2498
4555 2499
4556 2499
4557 2497
4558 2498
4559 2497
4560 2498
4561 2499
4562 2499
4563 2499
4564 2499
4565 2500
4566 2499
4567 2499
4568 2500
4569 2500
4570 2504
4571 2499
4572 2504
4573 2500
4574 2498
4575 2500
4576 2499
4577 2498
4578 2501
4579 2500
4580 2499
4581 2499
4582 2499
4583 2497
4584 2498
4585 2498
4586 2497
4587 2497
4588 2497
4589 2497
4590 2497
4591 2496
4592 2496
4593 2496
4594 2497
4595 2497
4596 2497
4597 2497
4598 2496
4599 2496
4600 2496
4601 2496
4602 2496
4603 2496
4604 2496
4605 2496
4606 2496
4607 2499
4608 2498
4609 2498
4610 2498
4611 2496
4612 2500
4613 2505
4614 2499
4615 2498
4616 2496
4617 2496
4618 2496
4619 2497
4620 2497
4621 2498
4622 2498
4623 2497
4624 2497
4625 2502
4626 2500
4627 2498
4628 2498
4629 2498
4630 2498
4631 2499
4632 2498
4633 2498
4634 2499
4635 2499
4636 2499
4637 2499
4638 2497
4639 2498
4640 2499
4641 2498
4642 2498
4643 2498
4644 2498
4645 2498
4646 2498
4647 2497
4648 2497
4649 2497
4650 2497
4651 2497
4652 2496
4653 2496
4654 2497
4655 2498
4656 2497
4657 2497
4658 2496
4659 2497
4660 2496
4661 2496
4662 2496
4663 2495
4664 2496
4665 2496
4666 2496
4667 2496
4668 2496
4669 2496
4670 2496
4671 2496
4672 2496
4673 2496
4674 2496
4675 2496
4676 2496
4677 2496
4678 2496
4679 2496
4680 2497
4681 2497
4682 2497
4683 2497
4684 2497
4685 2497
4686 2496
4687 2497
4688 2496
4689 2497
4690 2497
4691 2496
4692 2497
4693 2497
4694 2497
4695 2498
4696 2495
4697 2498
4698 2497
4699 2497
4700 2497
4701 2497
4702 2497
4703 2497
4704 2497
4705 2497
4706 2497
4707 2496
4708 2497
4709 2497
4710 2497
4711 2497
4712 2497
4713 2497
4714 2497
4715 2498
4716 2498
4717 2498
4718 2497
4719 2497
4720 2498
4721 2498
4722 2498
4723 2498
4724 2498
4725 2498
4726 2498
4727 2498
4728 2498
4729 2498
4730 2498
4731 2497
4732 2497
4733 2497
4734 2497
4735 2498
4736 2498
4737 2498
4738 2497
4739 2497
4740 2498
4741 2498
4742 2497
4743 2497
4744 2497
4745 2497
4746 2497
4747 2497
4748 2497
4749 2497
4750 2497
4751 2498
4752 2497
4753 2497
4754 2497
4755 2498
4756 2498
4757 2498
4758 2498
4759 2498
4760 2498
4761 2498
4762 2498
4763 2498
4764 2498
4765 2498
4766 2498
4767 2498
4768 2498
4769 2498
4770 2498
4771 2498
4772 2498
4773 2498
4774 2498
4775 2498
4776 2498
4777 2498
4778 2498
4779 2498
4780 2498
4781 2498
4782 2499
4783 2498
4784 2499
4785 2499
4786 2499
4787 2499
4788 2498
4789 2499
4790 2499
4791 2499
4792 2499
4793 2499
4794 2499
4795 2499
4796 2499
4797 2499
4798 2499
4799 2499
4800 2499
4801 2499
4802 2499
4803 2499
4804 2499
4805 2499
4806 2499
4807 2499
4808 2499
4809 2500
4810 2499
4811 2499
4812 2500
4813 2500
4814 2499
4815 2500
4816 2500
4817 2499
4818 2500
4819 2499
4820 2500
4821 2499
4822 2499
4823 2500
4824 2499
4825 2499
4826 2499
4827 2499
4828 2499
4829 2499
4830 2499
4831 2500
4832 2499
4833 2499
4834 2499
4835 2499
4836 2499
4837 2499
4838 2499
4839 2499
4840 2499
4841 2499
4842 2500
4843 2500
4844 2500
4845 2500
4846 2500
4847 2500
4848 2500
4849 2500
4850 2500
4851 2500
4852 2500
4853 2500
4854 2501
4855 2500
4856 2500
4857 2500
4858 2500
4859 2501
4860 2501
4861 2501
4862 2501
4863 2501
4864 2501
4865 2501
4866 2501
4867 2501
4868 2501
4869 2501
4870 2501
4871 2501
4872 2501
4873 2501
4874 2501
4875 2501
4876 2501
4877 2501
4878 2501
4879 2502
4880 2501
4881 2502
4882 2502
4883 2502
4884 2502
4885 2502
4886 2503
4887 2502
4888 2502
4889 2502
4890 2502
4891 2502
4892 2502
4893 2502
4894 2502
4895 2502
4896 2501
4897 2501
4898 2501
4899 2502
4900 2502
4901 2501
4902 2503
4903 2502
4904 2501
4905 2502
4906 2502
4907 2502
4908 2503
4909 2500
4910 2500
4911 2501
4912 2501
4913 2504
4914 2503
4915 2504
4916 2502
4917 2503
4918 2502
4919 2501
4920 2503
4921 2503
4922 2502
4923 2501
4924 2501
4925 2499
4926 2497
4927 2496
4928 2492
5012 2500
5013 2503
5014 2502
5015 2506
5016 2504
5017 2502
5018 2500
5019 2502
5020 2502
5021 2497
5022 2512
5023 2505
5024 2507
5025 2504
5026 2511
5027 2510
5028 2506
5029 2506
5030 2505
5031 2506
5032 2505
5033 2504
5034 2507
5035 2507
5036 2503
5037 2504
5038 2504
5039 2505
5040 2505
5041 2505
5042 2505
5043 2505
5044 2505
5045 2505
5046 2505
5047 2505
5048 2505
5049 2505
5050 2505
5051 2505
5052 2505
5053 2505
5054 2505
5055 2505
5056 2505
5057 2506
5058 2505
5059 2506
5060 2506
5061 2505
5062 2505
5063 2506
5064 2506
5065 2506
5066 2506
5067 2506
5068 2506
5069 2506
5070 2506
5071 2506
5072 2507
5073 2507
5074 2507
5075 2508
5076 2507
5077 2506
5078 2507
5079 2507
5080 2506
5081 2506
5082 2506
5083 2507
5084 2507
5085 2507
5086 2507
5087 2507
5088 2506
5089 2507
5090 2507
5091 2507
5092 2507
5093 2506
5094 2507
5095 2507
5096 2506
5097 2507
5098 2507
5099 2508
5100 2508
5101 2507
5102 2507
5103 2507
5104 2506
5105 2507
5106 2507
5107 2506
5108 2508
5109 2507

2551 2457
2552 2458
2553 2462
2554 2461
2555 2460
2556 2458
2557 2460
2558 2456
2559 2459
2560 2458
2561 2458
2562 2457
2563 2457
2564 2455
2565 2457
2566 2456
2567 2456
2568 2456
2569 2456
2570 2457
2571 2457
2572 2455
2573 2457
2574 2453
2575 2461
2576 2458
2577 2460
2578 2457
2579 2457
2580 2460
2581 2457
2582 2458
2583 2456
2584 2460
2585 2459
2586 2457
2587 2458
2588 2459
2589 2458
2590 2458
2591 2461
2592 2457
2593 2453
2594 2458
2595 2458
2596 2456
2597 2462
2598 2460
2599 2457
2600 2456
2601 2456
2602 2456
2603 2461
2604 2456
2605 2461
2606 2464
2607 2462
2608 2461
2609 2461
2610 2467
2611 2466
2612 2456
2613 2457
2614 2458
2615 2456
2616 2457
2617 2462
2618 2461
2619 2462
2620 2463
2621 2461
2622 2464
2623 2458
2624 2454
2625 2463
2626 2467
2627 2454
2628 2462
2629 2458
2630 2459
2631 2457
2632 2461
2633 2456
2634 2466
2635 2462
2636 2469
2637 2455
2638 2463
2639 2459
2640 2462
2641 2460
2642 2461
2643 2461
2644 2463
2645 2461
2646 2462
2647 2463
2648 2464
2649 2468
2650 2463
2651 2463
2652 2462
2653 2464
2654 2464
2655 2464
2656 2464
2657 2469
2658 2467
2659 2464
2660 2465
2661 2472
2662 2460
2663 2467
2664 2466
2665 2465
2666 2471
2667 2462
2668 2463
2669 2471
2670 2471
2671 2466
2672 2475
2673 2464
2674 2465
3679 2519
3680 2525
3681 2517
3682 2512
3683 2515
3684 2515
3685 2515
3686 2517
3687 2519
3688 2518
3689 2517
3690 2518
3691 2517
3692 2516
3693 2516
3694 2516
3695 2515
3696 2516
3697 2517
3698 2518
3699 2515
3700 2515
3701 2518
3702 2518
3703 2517
3704 2516
3705 2517
3706 2513
3707 2516
3708 2511
3709 2511
3710 2518
3711 2525
3712 2511
3713 2513
3714 2525
3715 2521
3716 2521
3717 2512
3718 2524
3719 2513
3720 2522
3721 2523
3722 2516
3723 2521
3724 2525
3725 2520
3726 2519
3727 2519
3728 2523
3729 2515
3730 2514
3731 2515
3732 2520
3733 2519
3734 2518
3735 2521
3736 2520
3737 2514
3738 2514
3739 2515
3740 2521
3741 2526
3742 2515
3743 2515
3744 2516
3745 2524
3746 2524
3747 2522
3748 2520
3749 2527
3750 2523
3751 2517
3752 2523
3753 2524
3754 2523
3755 2530
3756 2517
3757 2521
3758 2522
3759 2526
3760 2519
3761 2529
3762 2524
3763 2523
3764 2527
3765 2523
3766 2519
3767 2523
3768 2518
3769 2524
3770 2525
3771 2526
3772 2522
3773 2522
3774 2525
3775 2518
3776 2523
3777 2523
3778 2517
3779 2530
3780 2522
3781 2523
3782 2522
3783 2522
3784 2523
3785 2517
3786 2523
3787 2528
3788 2517
3789 2521
3790 2529
3791 2522
3792 2522
3793 2522
3794 2518
3795 2525
3796 2527
3797 2525
3798 2524
3799 2517
3800 2517
3801 2521
3802 2523
3803 2518
3804 2523
3805 2527
3806 2522
3807 2523
3808 2523
3809 2523
3810 2523
3811 2522
3812 2524
3813 2527
3814 2524
3815 2524
3816 2524
3817 2524
3818 2529
3819 2528
3820 2527
3821 2525
3822 2524
3823 2519
3824 2523
3825 2524
3826 2532
3827 2519
3828 2523
3829 2524
3830 2532
3831 2532
3832 2524
3833 2523
3834 2530
3835 2528
3836 2520
3837 2526
3838 2521
3839 2525
3840 2528
3841 2525
3842 2524
3843 2525
3844 2527
3845 2531
3846 2521
3847 2522
3848 2527
3849 2527
3850 2527
3851 2521
3852 2527
3853 2526
3854 2528
3855 2528
3856 2519
3857 2529
3858 2519
3859 2525
3860 2527
3861 2519
3862 2527
3863 2526
3864 2519
3865 2523
3866 2526
3867 2526
3868 2528
3869 2522
3870 2533
3871 2522
3872 2526
3873 2526
3874 2519
3875 2526
4790 2521
4791 2521
4792 2521
4793 2521
4794 2521
4795 2521
4796 2526
4797 2522
4798 2521
4799 2522
4800 2522
4801 2520
4802 2524
4803 2523
4804 2522
4805 2522
4806 2522
4807 2522
4808 2521
4809 2521
4810 2518
4811 2522
4812 2522
4813 2521
4814 2522
4815 2523
4816 2523
4817 2517
4818 2526
4819 2523
4820 2522
4821 2523
4822 2522
4823 2521
4824 2522
4825 2522
4826 2521
4827 2521
4828 2522
4829 2521
4830 2522
4831 2522
4832 2522
4833 2522
4834 2522
4835 2522
4836 2521
4837 2522
4838 2523
4839 2522
4840 2516
4841 2516
4842 2523
4843 2522
4844 2522
4845 2522
4846 2523
4847 2523
4848 2522
4849 2522
4850 2522
4851 2522
4852 2524
4853 2523
4854 2519
4855 2523
4856 2517
4857 2524
4858 2519
4859 2523
4860 2530
4861 2530
4862 2522
4863 2525
4864 2524
4865 2524
4866 2525
4867 2524
4868 2523
4869 2523
4870 2523
4871 2523
4872 2523
4873 2524
4874 2524
4875 2523
4876 2523
4877 2523
4878 2526
4879 2527
4880 2524
4881 2523
4882 2523
4883 2523
4884 2524
4885 2524
4886 2525
4887 2525
4888 2529
4889 2527
4890 2525
4891 2521
4892 2517
4893 2517
4894 2519
4895 2517
5027 9999
5028 2519
5029 2525
5030 2519
5031 2524
5032 2522
5033 2524
5034 2525
5035 2519
5036 2526
5037 2527
5038 2519
5039 2527
5040 2526
5041 2519
5042 2522
5043 2525
5044 2519
5045 2525
5046 2531
5047 2529
5048 2527
5049 2525
5050 2527
5051 2525
5052 2521
5053 2530
5054 2527
5055 2526
5056 2527
5057 2527
5058 2525
5059 2526
5060 2526
5061 2526
5062 2525
5063 2527
5064 2527
5065 2526
5066 2520
5067 2529
5068 2521
5069 2527
5070 2525
5071 2520
5072 2520
5073 2521
5074 2527
5075 2525
5076 2527
5077 2521
5078 2520
5079 2527
5080 2524
5081 2524
5082 2527
5083 2523
5084 2521
5085 2529
5086 2528
5087 2528
5088 2529
5089 2535
5090 2528
5091 2530
5092 2528
5093 2529
5094 2528
5095 2529
5096 2528
5097 2528
5098 2530
5099 2530
5100 2529
5101 2528
5102 2522
5103 2529
5104 2530
5105 2528
5106 2531

