4152 2395
4153 2395
4154 2395
4155 2395
4156 2396
4157 2396
4158 2396
4159 2395
4160 2394
4161 2389
4162 2389
4163 2389
4164 2394
4165 2397
4166 2394
4167 2394
4168 2395
4169 2394
4170 2394
4171 2395
4172 2395
4173 2395
4174 2395
4175 2395
4176 2395
4177 2395
4178 2395
4179 2394
4180 2393
4181 2394
4182 2394
4183 2394
4184 2394
4185 2393
4186 2395
4187 2396
4188 2396
4189 2395
4190 2395
4191 2395
4192 2395
4193 2395
4194 2396
4195 2395
4196 2395
4197 2395
4198 2395
4199 2396
4200 2396
4201 2397
4202 2397
4203 2397
4204 2398
4205 2397
4206 2398
4207 2398
4208 2399
4209 2399
4210 2399
4211 2398
4212 2398
4213 2399
4214 2399
4215 2399
4216 2398
4217 2399
4218 2399
4219 2398
4220 2401
4221 2402
4222 2406
4223 2401
4224 2403
4225 2403
4226 2403
4227 2402
4228 2402
4229 2402
4230 2404
4231 2404
4232 2405
4233 2410
4234 2406
4235 2407
4236 2406
4237 2408
4238 2408
4239 2409
4240 2408
4241 2409
4242 2410
4243 2411
4244 2409
4245 2409
4246 2411
4247 2414
4248 2416
4249 2411
4250 2410
4251 2411
4252 2412
4253 2411
4254 2411
4255 2411
4256 2411
4257 2412
4258 2413
4259 2412
4260 2411
4261 2412
4262 2415
4263 2413
4264 2412
6105 2506
6106 2506
6107 2506
6108 2506
6109 2506
6110 2506
6111 2506
6112 2506
6113 2506
6114 2506
6115 2506
6116 2506
6117 2507
6118 2507
6119 2506
6120 2507
6121 2506
6122 2506
6123 2507
6124 2506
6125 2506
6126 2506
6127 2506
6128 2506
6129 2506
6130 2506
6131 2506
6132 2506
6133 2506
6134 2506
6135 2505
6136 2505
6137 2505
6138 2506
6139 2504
6140 2505
6141 2506
6142 2504
6143 2504
6144 2504
6145 2503
6146 2503
6147 2503
6148 2503
6149 2502
6150 2502
6151 2502
6152 2503
6153 2500
6154 2501
6155 2500
6156 2501
6157 2501
6158 2501
6159 2500
6160 2500
6161 2500
6162 2498
6163 2500
6164 2500
6165 2499
6166 2499
6167 2499
6168 2498
6169 2498
6170 2498
6171 2498
6172 2498
6173 2497
6174 2497
6175 2497
6176 2496
6177 2497
6178 2496
6179 2496
6180 2496
6181 2497
6182 2496
6183 2496
6184 2497
6185 2497
6186 2497
6187 2497
6188 2497
6189 2497
6190 2497
6191 2497
6192 2497
6193 2497
6194 2497
6195 2497
6196 2497
6197 2497
6198 2497
6199 2497
6200 2497
6201 2497
6202 2497
6203 2497
6204 2498
6205 2497
6206 2497
6207 2498
6208 2497
6209 2497
6210 2497
6211 2498
6212 2498
6213 2497
6214 2498
6215 2497
6216 2498
6217 2497
6218 2498
6219 2497
6220 2497
6221 2497
6222 2497
6223 2497
6224 2498
6225 2498
6226 2497
6227 2498
6228 2497
6229 2498
6230 2498
6231 2497
6232 2498
6233 2498
6234 2498
6235 2498
6236 2498
6237 2498
6238 2498
6239 2498
6240 2497
6241 2497
6242 2498
6243 2498
6244 2498
6245 2499
6246 2498
6247 2498
6248 2497
6249 2498
6250 2498
6251 2498
6252 2498
6253 2498
6254 2498
6255 2498
6256 2498
6257 2498
6258 2498
6259 2498
6260 2499
6261 2498
6262 2498
6263 2499
6264 2499
6265 2500
6266 2499
6267 2499
6268 2499
6269 2499
6270 2499
6271 2499
6272 2500
6273 2499
6274 2499
6275 2499
6276 2499
6277 2499
6278 2499
6279 2500
6280 2499
6281 2499
6282 2499
6283 2499
6284 2499
6285 2499
6286 2499
6287 2499
6288 2499
6289 2499
6290 2500
6291 2500
6292 2499
6293 2500
6294 2499
6295 2500
6296 2499
6297 2499
6298 2499
6299 2500
6300 2499
6301 2499
6302 2500
6303 2500
6304 2499
6305 2499
6306 2499
6307 2500
6308 2500
6309 2500
6310 2499
6311 2499
6312 2499
6313 2500
6314 2499
6315 2500
6316 2500
6317 2500
6318 2500
6319 2500
6320 2500
6321 2499
6322 2499
6323 2499
6324 2500
6325 2500
6326 2500
6327 2500
6328 2500
6329 2500
6330 2500
6331 2500
6332 2500
6333 2500
6334 2500
6335 2499
6336 2499
6337 2500
6338 2500
6339 2499
6340 2500
6341 2500
6342 2499
6343 2500
6344 2500
6345 2502
6346 2501
6347 2500
6348 2499
6349 2500
6350 2500
6351 2500
6352 2500
6353 2501
6354 2500
6355 2501
6356 2500
6357 2500
6358 2500
6359 2500
6360 2500
6361 2501
6362 2500
6363 2500
6364 2500
6365 2500
6366 2500
6367 2500
6368 2501
6369 2499
6370 2499
6371 2500
6372 2500
6373 2500
6374 2500
6375 2500
6376 2500
6377 2500
6378 2500
6379 2500
6380 2500
6381 2500
6382 2500
6383 2500
6384 2500
6385 2500
6386 2500
6387 2500
6388 2500
6389 2500
6390 2499
6391 2500
6392 2500
6393 2500
6394 2500
6395 2500
6396 2501
6397 2501
6398 2501
6399 2500
6400 2500
6401 2500
6402 2501
6403 2501
6404 2501
6405 2501
6406 2501
6407 2501
6408 2501
6409 2501
6410 2500
6411 2501
6412 2501
6413 2501
6414 2501
6415 2501
6416 2501
6417 2501
6418 2501
6419 2501
6420 2501
6421 2501
6422 2501
6423 2501
6424 2501
6425 2502
6426 2502
6427 2502
6428 2502
6429 2502
6430 2502
6431 2502
6432 2502
6433 2501
6434 2502
6435 2502
6436 2501
6437 2501
6438 2501
6439 2501
6440 2502
6441 2502
6442 2502
6443 2501
6444 2502
6445 2502
6446 2501
6447 2501
6448 2501
6449 2502
6450 2502
6451 2502
6452 2502
6453 2502
6454 2502
6455 2502
6456 2502
6457 2502
6458 2502
6459 2502
6460 2502
6461 2502
6462 2502
6463 2502
6464 2502
6465 2502
6466 2502
6467 2502
6468 2502
6469 2502
6470 2502
6471 2502
6472 2502
6473 2502
6474 2503
6475 2503
6476 2503
6477 2503
6478 2502
6479 2503
6480 2503
6481 2503
6482 2502
6483 2503
6484 2503
6485 2502
6486 2503
6487 2503
6488 2503
6489 2503
6490 2503
6491 2503
6492 2503
6493 2503
6494 2503
6495 2502
6496 2503
6497 2503
6498 2503
6499 2503
6500 2503
6501 2503
6502 2503
6503 2503
6504 2503
6505 2503
6506 2503
6507 2503
6508 2503
6509 2504
6510 2503
6511 2503
6512 2503
6513 2503
6514 2503
6515 2503
6516 2502
6517 2502
6518 2502
6519 2503
6520 2502
6521 2503
6522 2503
6523 2503
6524 2503
6525 2503
6526 2503
6527 2503
6528 2503
6529 2503
6530 2503
6531 2503
6532 2503
6533 2504
6534 2503
6535 2503
6536 2503
6537 2503
6538 2503
6539 2503
6540 2503
6541 2502
6542 2503
6543 2504
6544 2503
6545 2503
6546 2503
6547 2502
6548 2503
6549 2504
6550 2503
6551 2503
6552 2503
6553 2503
6554 2504
6555 2503
6556 2503
6557 2503
6558 2503
6559 2504
6560 2504
6561 2503
6562 2503
6563 2503
6564 2503
6565 2504
6566 2503
6567 2503
6568 2503
6569 2503
6570 2504
6571 2505
6572 2505
6573 2504
6574 2504
6575 2504
6576 2504
6577 2504
6578 2504
6579 2504
6580 2504
6581 2504
6582 2504
6583 2504
6584 2505
6585 2504
6586 2504
6587 2504
6588 2504
6589 2504
6590 2504
6591 2505
6592 2504
6593 2504
6594 2504
6595 2504
6596 2505
6597 2507
6598 2505
6599 2505
6600 2504
6601 2503
6602 2504
6603 2504
6604 2504
6605 2504
6606 2504
6607 2503
6608 2503
6609 2504
6610 2504
6611 2511
6612 2506
6613 2503
6614 2503
6615 2503
6616 2503
6617 2503
6618 2504
6619 2503
6620 2504
6621 2504
6622 2503
6623 2504
6624 2503
6625 2504
6626 2503
6627 2503
6628 2503
6629 2503
6630 2504
6631 2504
6632 2504
6633 2503
6634 2512
6635 2504
6636 2503
6637 2504
6638 2503
6639 2503
6640 2503
6641 2504
6642 2504
6643 2501
6644 2513
6645 2503
6646 2504
6647 2504
6648 2503
6649 2503
6650 2504
6651 2504
6652 2505
6653 2504
6654 2505
6655 2503
6656 2503
6657 2506
6658 2505
6659 2504
6660 2504
6661 2503
6662 2503
6663 2503
6664 2503
6665 2503
6666 2509
6667 2509
6668 2504
6669 2505
6670 2508
6671 2506
6672 2503
6673 2503
6674 2503
6675 2503
6676 2505
6677 2506
6678 2505
6679 2504
6680 2503
6681 2505
6682 2505
6683 2506
6684 2505
6685 2505
6686 2506
6687 2505
6688 2504
6689 2504
6690 2504
6691 2505
6692 2505
6693 2505
6694 2505
6695 2506
6696 2506
6697 2506
6698 2507
6699 2507
6700 2507
6701 2508
6702 2507
6703 2509
6704 2509
6705 2510
6706 2511
6707 2511
6708 2516
6709 2514
6710 2511
6711 2516
6712 2516
6713 2518
6714 2517
6715 2515
6716 2514
6717 2514
6718 2512
6719 2517
6720 2517
6721 2517
6722 2529
6723 2519
6724 2515
6725 2521
6726 2518
6727 2519
6728 2525
6729 2520
6730 2521
6731 2523
6732 2524
6733 2522
6734 2521
6735 2520
6736 2522
6737 2521
6738 2522
6739 2520
6740 2524
6741 2522
6742 2523
6743 2522
6744 2522
6745 2521
6746 2522
6747 2521
6748 2522
6749 2523
6750 2523
6751 2523
6752 2521
6753 2521
6754 2523
6755 2523
6756 2523
6757 2523
6758 2523
6759 2522
6760 2523
6761 2525
6762 2523
6763 2528
6764 2523
6765 2523
6766 2523
6767 2526
6768 2525
6769 2523
6770 2523
6771 2522
6772 2524
6773 2524
6774 2524
6775 2523
6776 2523
6777 2525
6778 2524
6779 2524
6780 2525
6781 2523
6782 2524
6783 2524
6784 2524
6785 2524
6786 2524
6787 2525
6788 2524
6789 2525
6790 2525
6791 2526
6792 2524
6793 2525
6794 2524
6795 2526
6796 2526
6797 2528
6798 2525
6799 2525
6800 2526
6801 2527
6802 2525
6803 2526
6804 2525
6805 2525
6806 2525
6807 2528
6808 2526
6809 2526
6810 2527
6811 2528
6812 2526
6813 2526
6814 2526
6815 2526
6816 2526
6817 2525
6818 2527
6819 2528
6820 2528
6821 2527
6822 2528
6823 2528
6824 2528
6825 2528
6826 2527
6827 2526
6828 2527
6829 2527
6830 2528
6831 2528
6832 2528
6833 2529
6834 2529
6835 2529
6836 2528
6837 2528
6838 2528
6839 2529
6840 2529
6841 2529
6842 2529
6843 2529
6844 2529
6845 2530
6846 2528
6847 2530
6848 2530
6849 2529
6850 2530
6851 2530
6852 2530
6853 2532
6854 2529
6855 2529
6856 2530
6857 2529
6858 2532
6859 2530
6860 2531
6861 2531
6862 2530
6863 2531
6864 2530
6865 2530
6866 2531
6867 2530
6868 2531
6869 2531
6870 2531
6871 2530
6872 2529
6873 2530
6874 2528
6875 2528
6876 2528
6877 2529
6878 2529
6879 2531
6880 2528
6881 2528
6882 2529
6883 2528
6884 2528
6885 2529
6886 2528
6887 2528
6888 2528
6889 2528
6890 2528
6891 2528
6892 2528
6893 2528
6894 2528
6895 2528
6896 2528
6897 2528
6898 2528
6899 2529
6900 2529
6901 2528
6902 2528
6903 2529
6904 2528
6905 2528
6906 2528
6907 2527
6908 2528
6909 2528
6910 2527
6911 2527
6912 2528
6913 2528
6914 2527
6915 2528
6916 2528
6917 2528
6918 2528
6919 2527
6920 2528
6921 2528
6922 2529
6923 2529
6924 2527
6925 2529
6926 2528
6927 2528
6928 2529
6929 2528
6930 2528
6931 2527
6932 2528
6933 2528
6934 2528
6935 2529
6936 2528
6937 2528
6938 2528
6939 2533
6940 2528
6941 2528
6942 2528
6943 2529
6944 2528
6945 2529
6946 2529
6947 2529
6948 2528
6949 2528
6950 2528
6951 2529
6952 2529
6953 2530
6954 2536
6955 2531
6956 2531
6957 2531
6958 2531
6959 2531
6960 2535
6961 2524
6962 2521
6963 2531
6964 2530
6965 2530
6966 2536
6967 2531
6968 2538
6969 2539
6970 2526
6971 2521
6972 2527
6973 2521
6974 2520
6975 2520
6976 2524
6977 2533
6978 2522
6979 2520
6980 2520
6981 2520
6982 2520
6983 2520
6984 2520
6985 2535
6986 2520
6987 2519
6988 2525
6989 2526
6990 2529
6991 2520
6992 2519
6993 2522
6994 2523
6995 2520
6996 2519
6997 2527
6998 2526
6999 2521
7000 2521
7001 2520
7002 2522
7003 2522
7004 2523
7005 2522
7006 2521
7007 2526
7008 2525
7009 2524
7010 2523
7011 2520
7012 2524
7013 2522
7014 2526
7015 2520
7016 2521
7017 2519
7018 2531
7019 2534
7020 2522
7021 2523
7022 2523
7023 2530
7024 2521
7025 2522
7026 2523
7027 2520
7028 2520
7029 2527
7030 2526
7031 2521
7032 2520
7033 2520
7034 2523
7035 2537
7036 2521
7037 2529
7038 2521
7039 2530
7040 2521
7041 2530
7042 2528
7043 2522
7044 2524
7045 2524
7046 2524

6258 2518
6259 2520
6260 2527
6261 2513
6262 2514
6263 2518
6264 2525
6265 2518
6266 2525
6267 2524
6268 2525
6269 2519
6270 2520
6271 2514
6272 2518
6273 2516
6274 2523
6275 2524
6276 2518
6277 2521
6278 2522
6279 2522
6280 2519
6281 2523
6282 2526
6283 2519
6284 2519
6285 2519
6286 2521
6287 2522
6288 2521
6289 2522
6290 2523
6291 2523
6292 2522
6293 2521
6294 2521
6295 2520
6296 2522
6297 2529
6298 2517
6299 2516
6300 2521
6301 2522
6302 2524
6303 2524
6304 2523
6305 2528
6306 2529
6307 2531
6308 2527
6309 2517
6310 2517
6311 2523
6312 2517
6313 2527
6314 2526
6315 2530
6316 2530
6317 2522
6318 2518
6319 2522
6320 2523
6321 2522
6322 2522
6323 2532
6324 2522
6325 2522
6326 2519
6327 2524
6328 2524
6329 2520
6330 2525
6331 2525
6332 2519
6333 2524
6334 2533
6335 2519
6336 2527
6337 2519
6338 2520
6339 2525
6340 2527
6341 2526
6342 2533
6343 2520
6344 2526
6345 2532
6346 2530
6347 2520
6348 2525
6349 2532
6350 2532
6351 2526
6352 2524
6353 2527
6354 2521
6355 2528
6356 2527
6357 2524
6358 2528
6359 2524
6360 2523
6361 2521
6362 2527
6363 2524
6364 2528
6365 2522
6366 2528
6367 2521
6368 2529
6369 2527
6370 2524
6371 2521
6372 2526
6373 2523
6374 2521
6375 2524
6376 2524
6377 2533
6378 2529
6379 2536
6380 2529
6381 2534
6382 2524
6383 2524
6384 2532
6385 2528
6386 2528
6387 2522
6388 2526
6389 2529
6390 2532
6391 2527
6392 2525
6393 2524
6394 2535
6395 2530
6396 2533
6397 2536
6398 2525
6399 2530
6400 2528
6401 2522
6402 2522
6403 2535
6404 2522
6405 2527
6406 2531
6407 2529
6408 2534
6409 2529
6410 2526
6411 2532
6412 2525
6413 2532
6414 2524
6415 2523
6416 2534
6417 2534
6418 2529
6419 2535
6420 2523
6421 2536
6422 2530
6423 2531
6424 2524
6425 2532
6426 2529
6427 2530
6428 2524
6429 2536
6430 2523
6431 2523
6432 2527
6433 2530
6434 2534
6435 2533
6436 2532
6437 2528
6438 2527
6439 2529
6440 2533
6441 2529
6442 2529
6443 2530
6444 2536
6445 2529
6446 2529
6447 2524
6448 2529
6449 2528
6450 2523
6451 2531
6452 2531
6453 2530
6454 2530
6455 2529
6456 2528
6457 2529
6458 2529
6459 2528
6460 2528
6461 2529
6462 2524
6463 2530
6464 2531
6465 2530
6466 2530
6467 2528
6468 2529
6469 2532
6470 2530
6471 2530
6472 2530
6473 2530
6474 2530
6475 2530
6476 2531
6477 2531
6478 2530
6479 2530
6480 2530
6481 2530
6482 2530
6483 2530
6484 2530
6485 2531
6486 2534
6487 2532
6488 2524
6489 2530
6490 2533
6491 2531
6492 2531
6493 2531
6494 2531
6495 2531
6496 2531
6497 2532
6498 2535
6499 2536
6500 2536
6501 2537
6502 2535
6503 2534
6504 2530
6505 2530
6506 2536
6507 2536
6508 2536
6509 2534
6510 2525
6511 2536
6512 2535
6513 2526
6514 2532
6515 2528
6516 2536
6517 2527
6518 2529
6519 2526
6520 2529
6521 2533
6522 2529
6523 2533
6524 2534
6525 2533
6526 2532
6527 2533
6528 2539
6529 2532
6530 2532
6531 2534
6532 2531
6533 2533
6534 2524
6535 2534
6536 2529
6537 2528
6538 2529
6539 2529
6540 2529
6541 2527
6542 2527
6543 2528
6544 2523
6545 2535
6546 2536
6547 2529

