2900 2491
2901 2492
2902 2491
2903 2492
2904 2492
2905 2492
2906 2492
2907 2492
2908 2491
2909 2492
2910 2492
2911 2492
2912 2491
2913 2491
2914 2492
2915 2492
2916 2492
2917 2493
2918 2492
2919 2493
2920 2493
2921 2492
2922 2492
2923 2492
2924 2492
2925 2496
2926 2495
2927 2493
2928 2492
2929 2493
2930 2492
2931 2492
2932 2493
2933 2492
2934 2493
2935 2492
2936 2492
2937 2492
2938 2492
2939 2492
2940 2492
2941 2492
2942 2491
2943 2493
2944 2493
2945 2493
2946 2493
2947 2492
2948 2492
2949 2492
2950 2492
2951 2492
2952 2492
2953 2492
2954 2492
2955 2491
2956 2491
2957 2492
2958 2492
2959 2492
2960 2492
2961 2492
2962 2491
2963 2491
2964 2491
2965 2492
2966 2491
2967 2492
2968 2491
2969 2491
2970 2491
2971 2491
2972 2491
2973 2491
2974 2491
2975 2492
2976 2491
2977 2491
2978 2491
2979 2492
2980 2492
2981 2492
2982 2492
2983 2491
2984 2491
2985 2491
2986 2492
2987 2491
2988 2492
2989 2492
2990 2492
2991 2491
2992 2491
2993 2491
2994 2491
2995 2492
2996 2492
2997 2492
2998 2491
2999 2491
3000 2491
3001 2492
3002 2492
3003 2491
3004 2491
3005 2491
3006 2491
3007 2492
3008 2491
3009 2492
3010 2492
3011 2493
3012 2491
3013 2492
3014 2491
3015 2491
3016 2491
3017 2491
3018 2491
3019 2491
3020 2491
3021 2491
3022 2491
3023 2491
3024 2491
3025 2491
3026 2491
3027 2491
3028 2491
3029 2492
3030 2492
3031 2491
3032 2491
3033 2492
3034 2491
3035 2491
3036 2492
3037 2492
3038 2491
3039 2492
3040 2492
3041 2492
3042 2492
3043 2492
3044 2492
3045 2493
3046 2492
3047 2492
3048 2493
3049 2496
3050 2491
3051 2491
3052 2493
3053 2491
3054 2491
3055 2491
3056 2494
3057 2494
3058 2491
3059 2490
3060 2492
3061 2492
3062 2492
3063 2492
3064 2492
3065 2492
3066 2492
3067 2492
3068 2492
3069 2492
3070 2492
3071 2492
3072 2492
3073 2492
3074 2492
3075 2501
3076 2496
3077 2492
3078 2493
3079 2493
3080 2491
3081 2501
3082 2494
3083 2492
3084 2493
3085 2495
3086 2493
3087 2493
3088 2491
3089 2493
3090 2493
3091 2492
3092 2491
3093 2490
3094 2489
3095 2490
3096 2489
3097 2492
3098 2491
3099 2491
3100 2491
3101 2492
3102 2491
3103 2491
3104 2492
3105 2492
3106 2491
3107 2491
3108 2490
3109 2491
3110 2490
3111 2491
3112 2491
3113 2491
3114 2491
3115 2491
3116 2492
3117 2492
3118 2492
3119 2491
3120 2491
3121 2491
3122 2491
3123 2492
3124 2492
3125 2490
3126 2490
3127 2490
3128 2490
3129 2491
3130 2491
3131 2491
3132 2492
3133 2492
3134 2491
3135 2493
3136 2492
3137 2491
3138 2491
3139 2491
3140 2492
3141 2492
3142 2491
3143 2491
3144 2492
3145 2492
3146 2491
3147 2491
3148 2490
3149 2492
3150 2492
3151 2492
3152 2492
3153 2492
3154 2491
3155 2491
3156 2492
3157 2492
3158 2491
3159 2491
3160 2491
3161 2492
3162 2491
3163 2491
3164 2491
3165 2491
3166 2491
3167 2491
3168 2491
3169 2491
3170 2491
3171 2491
3172 2490
3173 2491
3174 2491
3175 2491
3176 2491
3177 2491
3178 2491
3179 2490
3180 2490
3181 2491
3182 2491
3183 2489
3184 2489
3185 2490
3186 2490
3187 2490
3188 2490
3189 2489
3190 2490
3191 2490
3192 2490
3193 2489
3194 2490
3195 2491
3196 2491
3197 2490
3198 2494
3199 2491
3200 2490
3201 2489
3202 2490
3203 2491
3204 2492
3205 2490
3206 2490
3207 2490
3208 2490
3209 2490
3210 2490
3211 2489
3212 2490
3213 2489
3214 2490
3215 2490
3216 2490
3217 2490
3218 2490
3219 2491
3220 2490
3221 2490
3222 2491
3223 2491
3224 2490
3225 2490
3226 2490
3227 2490
3228 2491
3229 2491
3230 2491
3231 2491
3232 2491
3233 2491
3234 2490
3235 2490
3236 2491
3237 2490
3238 2491
3239 2491
3240 2490
3241 2491
3242 2491
3243 2491
3244 2491
3245 2490
3246 2491
3247 2491
3248 2490
3249 2491
3250 2490
3251 2491
3252 2490
3253 2491
3254 2490
3255 2489
3256 2490
3257 2490
3258 2490
3259 2489
3260 2490
3261 2491
3262 2490
3263 2490
3264 2490
3265 2490
3266 2490
3267 2490
3268 2490
3269 2490
3270 2490
3271 2491
3272 2490
3273 2490
3274 2490
3275 2491
3276 2491
3277 2491
3278 2491
3279 2491
3280 2491
3281 2491
3282 2491
3283 2492
3284 2492
3285 2493
3286 2492
3287 2492
3288 2492
3289 2492
3290 2493
3291 2493
3292 2492
3293 2492
3294 2493
3295 2493
3296 2493
3297 2493
3298 2493
3299 2493
3300 2493
3301 2493
3302 2495
3303 2493
3304 2493
3305 2494
3306 2494
3307 2494
3308 2494
3309 2494
3310 2494
3311 2494
3312 2495
3313 2495
3314 2494
3315 2495
3316 2494
3317 2495
3318 2496
3319 2492
3320 2491
3321 2490
3322 2489
3323 2490
3324 2495
3325 2496
3326 2496
3327 2496
3328 2497
3329 2497
3330 2495
3331 2497
3332 2496
3333 2496
3334 2496
3335 2496
3336 2496
3337 2497
3338 2497
3339 2496
3340 2497
3341 2496
3342 2496
3343 2497
3344 2497
3345 2496
3346 2496
3347 2496
3348 2497
3349 2497
3350 2497
3351 2502
3352 2497
3353 2497
3354 2499
3355 2498
3356 2498
3357 2498
3358 2499
3359 2499
3360 2499
3361 2500
3362 2498
3363 2498
3364 2498
3365 2499
3366 2499
3367 2499
3368 2499
3369 2499
3370 2500
3371 2499
3372 2499
3373 2499
3374 2498
3375 2498
3376 2498
3377 2498
3378 2498
3379 2498
3380 2498
3381 2498
3382 2498
3383 2498
3384 2497
3385 2497
3386 2498
3387 2497
3388 2497
3389 2498
3390 2498
3391 2497
3392 2497
3393 2497
3394 2497
3395 2497
3396 2497
3397 2497
3398 2498
3399 2498
3400 2497
3401 2498
3402 2498
3403 2498
3404 2497
3405 2497
3406 2497
3407 2497
3408 2498
3409 2498
3410 2497
3411 2498
3412 2498
3413 2498
3414 2498
3415 2498
3416 2498
3417 2499
3418 2498
3419 2499
3420 2499
3421 2499
3422 2498
3423 2499
3424 2499
3425 2499
3426 2498
3427 2498
3428 2499
3429 2499
3430 2499
3431 2499
3432 2500
3433 2500
3434 2500
3435 2499
3436 2500
3437 2499
3438 2499
3439 2500
3440 2500
3441 2501
3442 2501
3443 2501
3444 2501
3445 2501
3446 2501
3447 2502
3448 2502
3449 2502
3450 2502
3451 2502
3452 2502
3453 2502
3454 2502
3455 2502
3456 2502
3457 2502
3458 2503
3459 2503
3460 2502
3461 2503
3462 2503
3463 2503
3464 2503
3465 2503
3466 2503
3467 2503
3468 2502
3469 2502
3470 2502
3471 2503
3472 2502
3473 2503
3474 2503
3475 2503
3476 2503
3477 2503
3478 2502
3479 2502
3480 2503
3481 2503
3482 2503
3483 2503
3484 2503
3485 2503
3486 2503
3487 2503
3488 2503
3489 2503
3490 2503
3491 2503
3492 2503
3493 2503
3494 2503
3495 2504
3496 2503
3497 2504
3498 2503
3499 2503
3500 2503
3501 2503
3502 2503
3503 2503
3504 2504
3505 2504
3506 2504
3507 2504
3508 2504
3509 2504
3510 2504
3511 2504
3512 2504
3513 2504
3514 2504
3515 2505
3516 2505
3517 2505
3518 2505
3519 2505
3520 2505
3521 2505
3522 2506
3523 2506
3524 2506
3525 2506
3526 2506
3527 2506
3528 2505
3529 2505
3530 2505
3531 2505
3532 2506
3533 2506
3534 2506
3535 2505
3536 2505
3537 2505
3538 2505
3539 2505
3540 2505
3541 2506
3542 2505
3543 2505
3544 2506
3545 2506
3546 2505
3547 2505
3548 2506
3549 2506
3550 2505
3551 2505
3552 2505
3553 2505
3554 2505
3555 2505
3556 2506
3557 2505
3558 2505
3559 2505
3560 2505
3561 2506
3562 2505
3563 2505
3564 2505
3565 2505
3566 2506
3567 2505
3568 2505
3569 2505
3570 2504
3571 2504
3572 2504
3573 2506
3574 2505
3575 2505
3576 2505
3577 2504
3578 2504
3579 2504
3580 2505
3581 2506
3582 2504
3583 2503
3584 2504
3585 2504
3586 2503
3587 2504
3588 2504
3589 2505
3590 2505
3591 2505
3592 2506
3593 2504
3594 2504
3595 2509
3596 2504
3597 2504
3598 2504
3599 2504
3600 2504
3601 2505
3602 2505
3603 2504
3604 2504
3605 2504
3606 2504
3607 2504
3608 2504
3609 2504
3610 2504
3611 2504
3612 2504
3613 2504
3614 2504
3615 2505
3616 2505
3617 2505
3618 2504
3619 2504
3620 2504
3621 2505
3622 2504
3623 2504
3624 2504
3625 2504
3626 2505
3627 2505
3628 2505
3629 2505
3630 2505
3631 2505
3632 2505
3633 2505
3634 2505
3635 2505
3636 2505
3637 2506
3638 2505
3639 2505
3640 2506
3641 2506
3642 2506
3643 2506
3644 2506
3645 2506
3646 2506
3647 2505
3648 2506
3649 2506
3650 2506
3651 2506
3652 2506
3653 2506
3654 2506
3655 2507
3656 2506
3657 2507
3658 2506
3659 2506
3660 2506
3661 2507
3662 2506
3663 2506
3664 2506
3665 2506
3666 2507
3667 2506
3668 2507
3669 2507
3670 2507
3671 2507
3672 2508
3673 2511
3674 2508
3675 2507
3676 2507
3677 2507
3678 2507
3679 2507
3680 2507
3681 2507
3682 2507
3683 2508
3684 2507
3685 2507
3686 2507
3687 2506
3688 2507
3689 2507
3690 2507
3691 2507
3692 2507
3693 2507
3694 2507
3695 2509
3696 2508
3697 2508
3698 2508
3699 2508
3700 2508
3701 2508
3702 2508
3703 2508
3704 2508
3705 2508
3706 2508
3707 2508
3708 2508
3709 2508
3710 2508
3711 2508
3712 2508
3713 2508
3714 2508
3715 2508
3716 2508
3717 2508
3718 2508
3719 2508
3720 2508
3721 2508
3722 2508
3723 2508
3724 2508
3725 2508
3726 2508
3727 2508
3728 2508
3729 2508
3730 2508
3731 2508
3732 2509
3733 2508
3734 2508
3735 2508
3736 2508
3737 2508
3738 2509
3739 2509
3740 2509
3741 2509
3742 2509
3743 2509
3744 2508
3745 2509
3746 2509
3747 2509
3748 2509
3749 2509
3750 2509
3751 2509
3752 2509
3753 2509
3754 2509
3755 2509
3756 2509
3757 2509
3758 2509
3759 2510
3760 2510
3761 2510
3762 2510
3763 2510
3764 2510
3765 2510
3766 2510
3767 2510
3768 2510
3769 2510
3770 2510
3771 2510
3772 2510
3773 2510
3774 2510
3775 2510
3776 2510
3777 2510
3778 2510
3779 2510
3780 2510
3781 2510
3782 2510
3783 2510
3784 2510
3785 2510
3786 2510
3787 2511
3788 2510
3789 2510
3790 2510
3791 2510
3792 2510
3793 2511
3794 2510
3795 2510
3796 2510
3797 2510
3798 2510
3799 2510
3800 2510
3801 2511
3802 2511
3803 2510
3804 2510
3805 2510
3806 2510
3807 2510
3808 2510
3809 2510
3810 2510
3811 2510
3812 2510
3813 2510
3814 2510
3815 2510
3816 2510
3817 2510
3818 2511
3819 2511
3820 2510
3821 2511
3822 2511
3823 2511
3824 2510
3825 2511
3826 2511
3827 2511
3828 2511
3829 2510
3830 2510
3831 2511

3490 2526
3491 2520
3492 2522
3493 2520
3494 2517
3495 9999
3496 2516
3497 9999
3498 2520
3499 2520
3500 2521
3501 2521
3502 2515
3503 2520
3504 2521
3505 2516
3506 2521
3507 2521
3508 2516
3509 2521
3510 2521
3511 9999
3512 2516
3513 9999
3514 9999
3515 9999
3516 9999
3517 9999
3518 2527
3519 2521
3520 9999
3521 9999
3522 9999
3523 9999
3524 9999
3525 9999
3526 9999
3527 9999
3528 9999
3529 2519
3530 2519
3531 2519
3532 2519
3533 2520
3534 2519
3535 9999
3536 2521
3537 2521
3538 9999
3539 2517
3540 9999
3541 2519
3542 2523
3543 2524
3544 2521
3545 2520
3546 2521
3547 2521
3548 2521
3549 2522
3550 2523
3551 2522
3552 2521
3553 2521
3554 2520
3555 2521
3556 2520
3557 2521
3558 2520
3559 2522
3560 9999
3561 2521
3562 2521
3563 2523
3564 2523
3565 2520
3566 2522
3567 2525
3568 2526
3569 2525
3570 2520
3571 2523
3572 2519
3573 9999
3574 2529
3575 9999
3576 2522
3577 2530
3578 2524
3579 2523
3580 2520
3581 2529
3582 2519
3583 2523
3584 2524
3585 2523
3586 2524
3587 2526
3588 2525
3589 2523
3590 9999
3591 2524
3592 9999
3593 2518
3594 2519
3595 9999
3596 2516
3597 2519
3598 2522
3599 2522
3600 2521
3601 9999
3602 9999
3603 2516
3604 2522
3605 2522
3606 2523
3607 2523
3608 2522
3609 2522
3610 9999
3611 2520
3612 2522
3613 2523
3614 2524
3615 9999
3616 2517
3617 9999
3618 2522
3619 2523
3620 2526
3621 2524
3622 2519
3724 2520
3725 2521
3726 2522
3727 2525
3728 2521
3729 2521
3730 2521
3731 9999
3732 2527
3733 2522
3734 2525
3735 2521
3736 9999
3737 2522
3738 2522
3739 9999
3740 9999
3741 2522
3742 2522
3743 2522
3744 2524
3745 2526
3746 2523
3747 2523
3748 2522
3749 9999
3750 2523
3751 2522
3752 2521
3753 9999
3754 2522
3755 2521
3756 2521
3757 2522
3758 2521
3759 9999
3760 9999
3761 9999
3762 9999
3763 9999
3764 2525
3765 2522
3766 2522
3767 9999
3768 2522
3769 9999
3770 2522
3771 2523
3772 9999
3773 9999
3774 2523
3775 9999
3776 2522
3777 2523
3778 9999
3779 2522
3780 2522
3781 9999
3782 9999
3783 9999
3784 2530
3785 9999
3786 2527
3787 9999
3788 9999
3789 9999
3790 9999
3791 2523
3792 2523
3793 9999
3794 9999
3795 9999
3796 9999
3797 9999
3798 9999
3799 9999
3800 9999
3801 9999
3802 9999
3803 9999
3804 2522
3805 9999
3806 9999
3807 9999
3808 9999
3809 9999
3810 9999
3811 9999
3812 9999
3813 9999
3814 9999
3815 9999
3816 9999
3817 9999
3818 9999
3819 9999
3820 9999
3821 9999
3822 9999
3823 9999
3824 2522
3825 9999
3826 9999
3827 9999
3828 9999
3829 9999
3830 9999
3831 9999
3832 9999
3833 9999

