2398 2467
2399 2467
2400 2466
2401 2467
2402 2466
2403 2466
2404 2466
2405 2468
2406 2467
2407 2478
2408 2471
2409 2478
2410 2470
2411 2470
2412 2470
2413 2471
2414 2471
2415 2471
2416 2473
2417 2473
2418 2473
2419 2472
2420 2474
2421 2474
2422 2474
2423 2475
2424 2474
2425 2474
2426 2473
2427 2473
2428 2474
2429 2474
2430 2475
2431 2476
2432 2480
2433 2476
2434 2476
2435 2476
2436 2477
2437 2476
2438 2478
2439 2476
2440 2476
2441 2478
2442 2481
2443 2479
2444 2479
2445 2480
2446 2479
2447 2479
2448 2480
2449 2481
2450 2482
2451 2481
2452 2475
2453 2482
2454 2482
2455 2482
2456 2481
2457 2482
2458 2482
2459 2483
2460 2483
2461 2483
2462 2481
2463 2481
2464 2481
2465 2482
2466 2482
2467 2483
2468 2483
2469 2483
2470 2483
2471 2482
2472 2487
2473 2484
2474 2484
2475 2483
2476 2483
2477 2482
2478 2483
2479 2483
2480 2481
2481 2482
2482 2496
2483 2479
2484 2480
2485 2482
2486 2494
2487 2484
2488 2485
2489 2485
2490 2484
2491 2490
2492 2490
2493 2491
2494 2485
2495 2487
2496 2489
2497 2483
2498 2486
2499 2486
2500 2487
2501 2490
2502 2488
2503 2490
2504 2491
2505 2490
2506 2488
2507 2488
2508 2488
2509 2490
2510 2488
2511 2488
2512 2488
2513 2488
2514 2492
2515 2488
2516 2488
2517 2489
2518 2487
2519 2489
2520 2491
2521 2484
2522 2485
2523 2486
2524 2486
2525 2487
2526 2488
2527 2488
2528 2492
2529 2494
2530 2493
2531 2493
2532 2495
2533 2495
2534 2496
2535 2497
2536 2497
2537 2497
2538 2497
2539 2487
2540 2487
2541 2486
2542 2486
2543 2486
2544 2486
2545 2487
2546 2486
2547 2487
2548 2487
2549 2487
2550 2487
2551 2488
2552 2488
2553 2489
2554 2490
2555 2489
2556 2488
2557 2487
2558 2487
2559 2487
2560 2487
2561 2486
2562 2487
2563 2486
2564 2486
2565 2487
2566 2487
2567 2487
2568 2487
2569 2488
2570 2488
2571 2490
2572 2484
2573 2483
2574 2489
2575 2485
2576 2485
2577 2485
2578 2485
2579 2485
2580 2485
2581 2485
2582 2485
2583 2486
2584 2487
2585 2486
2586 2487
2587 2486
2588 2485
2589 2485
2590 2482
2591 2482
2592 2487
2593 2483
2594 2483
2595 2485
2596 2487
2597 2481
2598 2484
2599 2492
2600 2485
2601 2486
2602 2486
2603 2487
2604 2486
2605 2486
2606 2487
2607 2488
2608 2487
2609 2486
2610 2486
2611 2486
2612 2489
2613 2489
2614 2488
2615 2487
2616 2487
2617 2487
2618 2490
2619 2487
2620 2487
2621 2488
2622 2489
2623 2489
2624 2488
2625 2489
2626 2501
2627 2495
2628 2495
2629 2494
2630 2490
2631 2489
2632 2490
2633 2489
2634 2489
2635 2491
2636 2491
2637 2490
2638 2491
2639 2491
2640 2492
2641 2493
2642 2494
2643 2490
2644 2490
2645 2490
2646 2489
2647 2489
2648 2489
2649 2489
2650 2490
2651 2491
2652 2492
2653 2492
2654 2490
2655 2489
2656 2492
2657 2491
2658 2493
2659 2493
2660 2492
2661 2490
2662 2489
2663 2488
2664 2489
2665 2489
2666 2492
2667 2491
2668 2489
2669 2489
2670 2489
2671 2493
2672 2490
2673 2490
2674 2491
2675 2491
2676 2491
2677 2492
2678 2491
2679 2492
2680 2489
2681 2491
2682 2488
2683 2488
2684 2488
2685 2488
2686 2491
2687 2492
2688 2489
2689 2489
2690 2490
2691 2490
2692 2490
2693 2492
2694 2491
2695 2490
2696 2491
2697 2489
2698 2489
2699 2489
2700 2489
2701 2490
2702 2489
2703 2489
2704 2488
2705 2489
2706 2490
2707 2490
2708 2490
2709 2491
2710 2491
2711 2491
2712 2491
2713 2491
2714 2491
2715 2491
2716 2498
2717 2496
2718 2488
2719 2488
2720 2489
2721 2489
2722 2489
2723 2489
2724 2492
2725 2490
2726 2490
2727 2491
2728 2502
2729 2493
2730 2493
2731 2490
2732 2489
2733 2490
2734 2489
2735 2493
2736 2490
2737 2498
2738 2498
2739 2491
2740 2495
2741 2491
2742 2490
2743 2502
2744 2503
2745 2493
2746 2498
2747 2497
2748 2491
2749 2491
2750 2491
2751 2492
2752 2495
2753 2494
2754 2496
2755 2502
2756 2491
2757 2492
2758 2492
2759 2492
2760 2492
2761 2492
2762 2493
2763 2496
2764 2495
2765 2496
2766 2493
2767 2491
2768 2492
2769 2491
2770 2490
2771 2490
2772 2492
2773 2494
2774 2497
2775 2493
2776 2490
2777 2499
2778 2490
2779 2490
2780 2490
2781 2491
2782 2496
2783 2491
2784 2490
2785 2491
2786 2491
2787 2490
2788 2491
2789 2491
2790 2491
2791 2490
2792 2490
2793 2490
2794 2490
2795 2490
2796 2490
2797 2494
2798 2491
2799 2491
2800 2492
2801 2492
2802 2495
2803 2490
2804 2488
2805 2491
2806 2491
2807 2494
2808 2496
2809 2493
2810 2492
2811 2491
2812 2492
2813 2490
2814 2490
2815 2490
2816 2490
2817 2496
2818 2496
2819 2492
2820 2491
2821 2491
2822 2493
2823 2494
2824 2493
2825 2492
2826 2493
2827 2494
2828 2494
2829 2494
2830 2493
2831 2494
2832 2493
2833 2493
2834 2495
2835 2493
2836 2493
2837 2494
2838 2494
2839 2494
2840 2495
2841 2495
2842 2494
2843 2494
2844 2495
2845 2494
2846 2501
2847 2495
2848 2494
2849 2495
2850 2495
2851 2495
2852 2495
2853 2498
2854 2496
2855 2495
2856 2495
2857 2495
2858 2494
2859 2494
2860 2494
2861 2494
2862 2494
2863 2494
2864 2495
2865 2495
2866 2495
2867 2495
2868 2495
2869 2495
2870 2495
2871 2495
2872 2495
2873 2495
2874 2500
2875 2502
2876 2495
2877 2495
2878 2495
2879 2495
2880 2495
2881 2495
2882 2495
2883 2495
2884 2495
2885 2495
2886 2496
2887 2495
2888 2494
2889 2494
2890 2494
2891 2493
2892 2494
2893 2493
2894 2495
2895 2495
2896 2495
2897 2495
2898 2495
2899 2495
2900 2495
2901 2496
2902 2496
2903 2496
2904 2496
2905 2496
2906 2497
2907 2496
2908 2497
2909 2497
2910 2497
2911 2497
2912 2497
2913 2497
2914 2497
2915 2497
2916 2497
2917 2497
2918 2497
2919 2497
2920 2497
2921 2497
2922 2497
2923 2497
2924 2497
2925 2497
2926 2497
2927 2497
2928 2497
2929 2498
2930 2497
2931 2498
2932 2498
2933 2498
2934 2498
2935 2497
2936 2499
2937 2498
2938 2498
2939 2498
2940 2498
2941 2497
2942 2497
2943 2497
2944 2498
2945 2498
2946 2498
2947 2498
2948 2498
2949 2498
2950 2498
2951 2498
2952 2497
2953 2498
2954 2498
2955 2497
2956 2498
2957 2497
2958 2497
2959 2497
2960 2497
2961 2498
2962 2498
2963 2498
2964 2497
2965 2498
2966 2498
2967 2498
2968 2497
2969 2497
2970 2497
2971 2497
2972 2497
2973 2497
2974 2497
2975 2497
2976 2497
2977 2497
2978 2497
2979 2497
2980 2497
2981 2498
2982 2498
2983 2498
2984 2497
2985 2498
2986 2498
2987 2498
2988 2503
2989 2502
2990 2502
2991 2498
2992 2498
2993 2498
2994 2498
2995 2498
2996 2498
2997 2498
2998 2498
2999 2498
3000 2498
3001 2497
3002 2498
3003 2497
3004 2497
3005 2497
3006 2497
3007 2500
3008 2502
3009 2502
3010 2498
3011 2501
3012 2497
3013 2496
3014 2497
3015 2496
3016 2500
3017 2500
3018 2501
3019 2496
3020 2499
3021 2496
3022 2497
3023 2499
3024 2500
3025 2497
3026 2495

2407 9999
2408 2495
2409 9999
2410 2483
2411 2483
2412 2483
2413 2484
2414 2491
2415 2495
2416 2491
2417 2486
2418 2488
2419 2490
2420 2491
2421 2490
2422 2490
2423 2488
2424 2493
2425 2494
2426 2495
2427 2498
2428 2495
2429 2496
2430 2498
2431 2500
2432 2494
2433 2497
2434 2499
2435 2499
2436 2498
2437 2499
2438 2498
2439 2498
2440 2499
2441 2495
2442 2499
2443 2499
2444 2497
2445 2499
2446 2503
2447 2497
2448 2504
2449 2498
2450 2504
2451 2500
2452 2505
2453 2506
2454 2499
2455 2508
2456 2504
2457 2505
2458 2503
2459 2500
2460 2501
2461 2501
2462 2505
2463 2504
2464 2503
2465 2511
2466 2509
2467 2502
2468 2508
2469 2502
2470 2503
2471 2510
2472 2513
2473 2503
2474 2510
2475 2511
2476 2501
2477 2511
2478 2508
2479 2507
2480 2512
2481 2510
2482 2511
2483 2510
2484 2513
2485 2511
2486 2510
2487 2510
2488 2511
2489 2515
2490 2507
2491 2508
2492 2508
2493 2510
2494 2509
2495 2509
2496 2512
2497 2512
2498 2509
2499 2511
2500 2508
2501 2508
2502 2507
2503 2508
2504 2509
2505 2508
2506 2508
2507 2508
2508 2508
2509 2508
2510 2508
2511 2508
2512 2508
2513 2512
2514 2509
2515 2509
2516 2507
2517 2508
2518 2511
2519 2508
2520 2509
2521 2509
2522 2510
2523 2510
2524 2509
2525 2509
2526 2507
2527 2513
2528 2507
2529 2509
2530 2519
2531 2506
2532 2509
2533 2507
2534 9999
2535 9999
2536 9999
2537 2510
2538 2511
2539 2509
2540 2510
2541 2510
2542 2510
2543 2509
2544 2515
2545 2511
2546 2509
2547 2509
2548 2508
2549 2518
2550 2508
2551 2508
2552 2508
2553 2507
2554 2506
2555 2506
2556 2507
2557 2512
2558 2507
2559 2507
2560 2513
2561 2510
2562 2508
2563 2510
2564 2513
2565 2512
2566 2515
2567 2507
2568 2508
2569 2509
2570 2508
2571 2511
2572 2505
2573 2507
2574 2508
2575 2506
2576 2507
2577 2511
2578 2514
2579 2515
2580 2517
2581 2509
2582 2509
2583 2507
2584 2507
2585 2507
2586 2512
2587 2510
2588 2509
2589 2507
2590 2506
2591 2511
2592 2507
2593 2508
2594 2504
2595 2518
2596 2509
2597 2505
2598 2512
2599 2504
2600 2507
2601 2509
2602 2516
2603 2511
2604 2513
2605 2509
2606 2513
2607 2511
2608 2507
2609 2513
2610 2504

