4539 2518
4540 2511
4541 2510
4542 2512
4543 2510
4544 2511
4545 2511
4546 2512
4547 2511
4548 2513
4549 2510
4550 2510
4551 2510
4552 2511
4553 2523
4554 2510
4555 2511
4556 2512
4557 2515
4558 2513
4559 2514
4560 2515
4561 2514
4562 2515
4563 2514
4564 2513
4565 2514
4566 2514
4567 2515
4568 2516
4569 2513
4570 2520
4571 2520
4572 2513
4573 2511
4574 2512
4575 2514
4576 2512
4577 2512
4578 2512
4579 2512
4580 2512
4581 2516
4582 2513
4583 2513
4584 2512
4585 2515
4586 2512
4587 2512
4588 2512
4589 2513
4590 2514
4591 2515
4592 2515
4593 2514
4594 2513
4595 2520
4596 2516
4597 2519
4598 2513
4599 2513
4600 2513
4601 2512
4602 2513
4603 2512
4604 2511
4605 2516
4606 2511
4607 2511
4608 2510
4609 2510
4610 2509
4611 2509
4612 2509
4613 2509
4614 2510
4615 2517
4616 2515
4617 2514
4618 2514
4619 2517
4620 2513
4621 2520
4622 2515
4623 2515
4624 2516
4625 2515
4626 2515
4627 2515
4628 2514
4629 2514
4630 2515
4631 2515
4632 2515
4633 2514
4634 2514
4635 2516
4636 2512
4637 2517
4638 2520
4639 2520
4640 2518
4641 2513
4642 2513
4643 2512
4644 2510
4645 2511
4646 2513
4647 2512
4648 2512
4649 2510
4650 2511
4651 2511
4652 2510
4653 2510
4654 2510
4655 2510
4656 2511
4657 2511
4658 2512
4659 2511
4660 2510
4661 2511
4662 2511
4663 2512
4664 2513
4665 2513
4666 2513
4667 2513
4668 2519
4669 2514
4670 2514
4671 2515
4672 2515
4673 2515
4674 2515
4675 2514
4676 2514
4677 2516
4678 2515
4679 2514
4680 2518
4681 2518
4682 2515
4683 2519
4684 2516
4685 2515
4686 2515
4687 2515
4688 2515
4689 2515
4690 2515
4691 2515
4692 2515
4693 2516
4694 2517
4695 2515
4696 2519
4697 2517
4698 2519
4699 2518
4700 2518
4701 2518
4702 2514
4703 2516
4704 2515
4705 2515
4706 2515
4707 2516
4708 2516
4709 2516
4710 2515
4711 2515
4712 2515
4713 2514
4714 2513
4715 2514
4716 2514
4717 2514
4718 2514
4719 2519
4720 2514
4721 2519
4722 2518
4723 2515
4724 2515
4725 2515
4726 2515
4727 2515
4728 2523
4729 2517
4730 2516
4731 2517
4732 2517
4733 2516
4734 2515
4735 2514
4736 2513
4737 2517
4738 2513
4739 2514
4740 2518
4741 2519
4742 2514
4743 2514
4744 2515
4745 2515
4746 2515
4747 2515
4748 2515
4749 2516
4750 2515
4751 2515
4752 2520
4753 2515
4754 2514
4755 2520
4756 2513
4757 2513
4758 2512
4759 2523
4760 2516
4761 2513
4762 2513
4763 2513
4764 2513
4765 2514
4766 2514
4767 2515
4768 2514
4769 2514
4770 2514
4771 2514
4772 2513
4773 2518
4774 2515
4775 2514
4776 2514
4777 2513
4778 2514
4779 2514
4780 2514
4781 2514
4782 2513
4783 2513
4784 2513
4785 2516
4786 2516
4787 2512
4788 2512
4789 2515
4790 2510
4791 2511
4792 2510
4793 2510
4794 2511
4795 2516
4796 2514
4797 2516
4798 2512
4799 2512
4800 2512
4801 2511
4802 2513
4803 2511
4804 2511
4805 2510
4806 2510
4807 2510
4808 2509
4809 2510
4810 2513
4811 2517
4812 2510
4813 2510
4814 2510
4815 2512
4816 2515
4817 2512
4818 2510
4819 2515
4820 2511
4821 2510
4822 2510
4823 2510
4824 2509
4825 2509
4826 2509
4827 2512
4828 2509
4829 2512
4830 2512
4831 2510
4832 2509
4833 2512
4834 2516
4835 2513
4836 2510
4837 2509
4838 2515
4839 2513
4840 2509
4841 2509
4842 2510
4843 2509
4844 2508
4845 2507
4846 2511
4847 2510
4848 2508
4849 2508
4850 2512
4851 2512
4852 2509
4853 2508
4854 2509
4855 2508
4856 2507
4857 2511
4858 2511
4859 2508
4860 2508
4861 2513
4862 2518
4863 2509
4864 2514
4865 2507
4866 2507
4867 2512
4868 2513
4869 2507
4870 2508
4871 2510
4872 2510
4873 2510
4874 2507
4875 2508
4876 2507
4877 2507
4878 2506
4879 2507
4880 2509
4881 2505
4882 2505
4883 2508
4884 2505
4885 2512
4886 2507
4887 2507
4888 2508
4889 2511
4890 2507
4891 2508
4892 2511
4893 2508
4894 2507
4895 2507
4896 2507
4897 2509
4898 2508
4899 2509
4900 2509
4901 2509
4902 2507
4903 2506
4904 2507
4905 2507
4906 2506
4907 2505
4908 2506
4909 2506
4910 2505
4911 2506
4912 2511
4913 2507
4914 2510
4915 2510
4916 2507
4917 2507
4918 2509
4919 2515
4920 2510
4921 2511
4922 2507
4923 2511
4924 2507
4925 2509
4926 2509
4927 2506
4928 2507
4929 2507
4930 2506
4931 2506
4932 2505
4933 2505
4934 2506
4935 2509
4936 2511
4937 2511
4938 2505
4939 2505
4940 2505
4941 2505
4942 2505
4943 2506
4944 2510
4945 2510
4946 2506
4947 2506
4948 2507
4949 2508
4950 2510
4951 2505
4952 2504
4953 2505
4954 2508
4955 2505
4956 2508
4957 2506
4958 2506
4959 2505
4960 2505
4961 2505
4962 2505
4963 2506
4964 2512
4965 2512
4966 2510
4967 2505
4968 2504
4969 2509
4970 2515
4971 2505
4972 2504
4973 2505
4974 2506
4975 2510
4976 2505
4977 2505
4978 2504
4979 2508
4980 2505
4981 2507
4982 2512
4983 2506
4984 2515
4985 2507
4986 2505
4987 2506
4988 2505
4989 2509
4990 2508
4991 2507
4992 2510
4993 2508
4994 2509
4995 2505
4996 2508
4997 2505
4998 2505
4999 2511
5000 2513
5001 2507
5002 2506
5003 2507
5004 2508
5005 2512
5006 2509
5007 2506
5008 2506
5009 2506
5010 2506
5011 2505
5012 2506
5013 2507
5014 2511
5015 2509
5016 2506
5017 2505
5018 2505
5019 2505
5020 2506
5021 2509
5022 2504
5023 2505
5024 2505
5025 2505
5026 2505
5027 2505
5028 2506
5029 2507
5030 2506
5031 2515
5032 2506
5033 2507
5034 2516
5035 2508
5036 2506
5037 2506
5038 2507
5039 2510
5040 2506
5041 2506
5042 2506
5043 2505
5044 2505
5045 2506
5046 2504
5047 2505
5048 2506
5049 2506
5050 2506
5051 2510
5052 2506
5053 2506
5054 2505
5055 2509
5056 2505
5057 2508
5058 2510
5059 2505
5060 2507
5061 2507
5062 2507
5063 2503
5064 2504
5065 2505
5066 2505
5067 2504
5068 2503
5069 2504
5070 2506
5071 2510
5072 2504
5073 2504
5074 2505
5075 2504
5076 2504
5077 2509
5078 2503
5079 2504
5080 2505
5081 2509
5082 2504
5083 2508
5084 2508
5085 2505
5086 2506
5087 2506
5088 2508
5089 2504
5090 2504
5091 2503
5092 2502
5093 2507
5094 2507
5095 2502
5096 2511
5097 2509
5098 2507
5099 2502
5100 2503
5101 2503
5102 2503
5103 2502
5104 2503
5105 2507
5106 2502
5107 2502
5108 2503
5109 2503
5110 2502
5111 2503
5112 2504
5113 2503
5114 2503
5115 2503
5116 2504
5117 2503
5118 2502
5119 2501
5120 2502
5121 2502
5122 2501
5123 2501
5124 2505
5125 2502
5126 2502
5127 2502
5128 2502
5129 2501
5130 2500
5131 2501
5132 2501
5133 2501
5134 2501
5135 2500
5136 2500
5137 2501
5138 2500
5139 2500
5140 2500
5141 2500
5142 2500
5143 2501
5144 2501
5145 2501
5146 2500
5147 2501
5148 2501
5149 2505
5150 2504
5151 2502
5152 2501
5153 2501
5154 2501
5155 2501
5156 2501
5157 2501
5158 2502
5159 2501
5160 2501
5161 2501
5162 2501
5163 2501
5164 2500
5165 2500
5166 2502
5167 2501
5168 2501
5169 2501
5170 2508
5171 2501
5172 2500
5173 2500
5174 2500
5175 2499
5176 2502
5177 2500
5178 2505
5179 2500
5180 2500
5181 2500
5182 2500
5183 2500
5184 2500
5185 2500
5186 2504
5187 2501
5188 2501
5189 2500
5190 2500
5191 2500
5192 2500
5193 2503
5194 2500
5195 2500
5196 2499
5197 2500
5198 2500
5199 2500
5200 2501
5201 2500
5202 2500
5203 2501
5204 2500
5205 2499
5206 2499
5207 2501
5208 2501
5209 2500
5210 2500
5211 2501
5212 2499
5213 2499
5214 2499
5215 2500
5216 2500
5217 2501
5218 2500
5219 2500
5220 2500
5221 2501
5222 2503
5223 2500
5224 2501
5225 2500
5226 2499
5227 2500
5228 2499
5229 2503
5230 2509
5231 2499
5232 2506
5233 2499
5234 2499
5235 2499
5236 2499
5237 2498
5238 2498
5239 2498
5240 2499
5241 2499
5242 2499
5243 2498
5244 2498
5245 2498
5246 2498
5247 2498
5248 2498
5249 2498
5250 2498
5251 2498
5252 2498
5253 2498
5254 2498
5255 2498
5256 2498
5257 2498
5258 2498
5259 2498
5260 2498
5261 2498
5262 2498
5263 2498
5264 2498
5265 2497
5266 2497
5267 2497
5268 2497
5269 2497
5270 2497
5271 2497
5272 2497
5273 2497
5274 2497
5275 2497
5276 2497
5277 2497
5278 2497
5279 2497
5280 2497
5281 2497
5282 2497
5283 2497
5284 2497
5285 2497
5286 2497
5287 2497
5288 2497
5289 2497
5290 2497
5291 2497
5292 2497
5293 2497
5294 2497
5295 2497
5296 2497
5297 2497
5298 2497
5299 2497
5300 2497
5301 2497
5302 2497
5303 2497
5304 2497
5305 2497
5306 2497
5307 2497
5308 2497
5309 2498
5310 2496
5311 2497
5312 2497
5313 2497
5314 2497
5315 2497
5316 2497
5317 2497
5318 2497
5319 2497
5320 2497
5321 2498
5322 2497
5323 2497
5324 2497
5325 2497
5326 2497
5327 2497
5328 2498
5329 2497
5330 2498
5331 2498
5332 2497
5333 2502
5334 2499
5335 2497
5336 2498
5337 2498
5338 2498
5339 2497
5340 2497
5341 2497
5342 2498
5343 2498
5344 2497
5345 2498
5346 2497
5347 2497
5348 2497
5349 2497
5350 2497
5351 2497
5352 2497
5353 2498
5354 2498
5355 2497
5356 2497
5357 2497
5358 2497
5359 2497
5360 2497
5361 2497
5362 2497
5363 2497
5364 2497
5365 2497
5366 2497
5367 2497
5368 2497
5369 2497
5370 2497
5371 2497
5372 2497
5373 2497
5374 2497
5375 2497
5376 2497
5377 2497
5378 2497
5379 2497
5380 2497
5381 2497
5382 2497
5383 2497
5384 2498
5385 2498
5386 2497
5387 2497
5388 2497
5389 2497
5390 2497
5391 2497
5392 2497
5393 2497
5394 2497
5395 2497
5396 2497
5397 2497
5398 2497
5399 2497
5400 2497
5401 2497
5402 2497
5403 2497
5404 2497
5405 2497
5406 2497
5407 2496
5408 2497
5409 2496
5410 2497
5411 2497
5412 2497
5413 2497
5414 2497
5415 2496
5416 2497
5417 2496
5418 2497
5419 2497
5420 2497
5421 2496
5422 2497
5423 2496
5424 2496
5425 2496
5426 2496
5427 2496
5428 2496
5429 2496
5430 2496
5431 2496
5432 2496
5433 2496
5434 2496
5435 2496
5436 2496
5437 2496
5438 2496
5439 2496
5440 2496
5441 2496
5442 2496
5443 2496
5444 2496
5445 2496
5446 2496
5447 2496
5448 2496
5449 2496
5450 2496
5451 2496
5452 2496
5453 2496
5454 2496
5455 2496
5456 2495
5457 2497
5458 2495
5459 2495
5460 2495
5461 2495
5462 2495
5463 2495
5464 2495
5465 2495
5466 2495
5467 2495
5468 2495
5469 2495
5470 2495
5471 2495
5472 2496
5473 2496
5474 2496
5475 2496
5476 2496
5477 2496
5478 2496
5479 2496
5480 2496
5481 2496
5482 2496
5483 2496
5484 2496
5485 2496
5486 2496
5487 2496
5488 2496
5489 2496
5490 2496
5491 2496
5492 2496
5493 2496
5494 2496
5495 2496
5496 2496
5497 2496
5498 2496
5499 2496
5500 2496
5501 2496
5502 2495
5503 2495
5504 2495
5505 2495
5506 2495
5507 2494
5508 2495
5509 2495
5510 2495
5511 2495
5512 2495
5513 2495
5514 2495
5515 2496
5516 2496
5517 2498
5518 2496
5519 2496
5520 2495
5521 2495
5522 2495
5523 2495
5524 2495
5525 2495
5526 2495
5527 2495
5528 2495
5529 2495
5530 2495
5531 2498
5532 2495
5533 2495
5534 2495
5535 2495
5536 2495
5537 2495
5538 2495
5539 2495
5540 2495
5541 2496
5542 2496
5543 2495
5544 2495
5545 2496
5546 2496
5547 2496
5548 2496
5549 2496
5550 2496
5551 2496
5552 2495
5553 2496
5554 2495
5555 2495
5556 2496
5557 2495
5558 2499
5559 2495
5560 2495
5561 2496
5562 2495
5563 2495
5564 2496
5565 2496
5566 2496
5567 2496
5568 2496
5569 2495
5570 2495
5571 2495
5572 2495
5573 2495
5574 2495
5575 2495
5576 2495
5577 2495
5578 2495
5579 2495
5580 2495
5581 2495
5582 2495
5583 2495
5584 2495
5585 2495
5586 2495
5587 2495
5588 2495
5589 2495
5590 2498
5591 2495
5592 2495
5593 2495
5594 2494
5595 2494
5596 2494
5597 2494
5598 2494
5599 2494
5600 2495
5601 2494
5602 2494
5603 2495
5604 2494
5605 2494
5606 2494
5607 2494
5608 2494
5609 2494
5610 2494
5611 2494
5612 2494
5613 2494
5614 2494
5615 2494
5616 2494
5617 2494
5618 2494
5619 2494
5620 2494
5621 2494
5622 2493
5623 2494
5624 2494
5625 2496
5626 2494
5627 2494
5628 2494
5629 2494
5630 2494
5631 2494
5632 2495
5633 2494
5634 2495
5635 2495
5636 2497
5637 2496
5638 2494
5639 2494
5640 2494
5641 2494
5642 2494
5643 2494
5644 2493
5645 2493
5646 2494
5647 2494
5648 2494
5649 2495
5650 2494
5651 2494
5652 2494
5653 2494
5654 2494
5655 2494
5656 2494
5657 2497
5658 2494
5659 2494
5660 2494
5661 2494
5662 2494
5663 2494
5664 2494
5665 2494
5666 2494
5667 2494
5668 2494
5669 2494
5670 2495
5671 2494
5672 2494
5673 2494
5674 2494
5675 2494
5676 2494
5677 2494
5678 2494
5679 2494
5680 2494
5681 2494
5682 2494
5683 2494
5684 2493
5685 2494
5686 2494
5687 2494
5688 2494
5689 2494
5690 2494
5691 2494
5692 2493
5693 2493
5694 2493
5695 2493
5696 2493
5697 2493
5698 2493
5699 2493
5700 2493
5701 2493
5702 2493
5703 2493
5704 2493
5705 2493
5706 2493
5707 2493
5708 2493
5709 2493
5710 2492
5711 2492
5712 2492
5713 2492
5714 2492
5715 2492
5716 2492
5717 2492
5718 2492
5719 2492
5720 2492
5721 2492
5722 2492
5723 2492
5724 2491
5725 2494
5726 2491
5727 2491
5728 2492
5729 2492
5730 2492
5731 2493
5732 2492
5733 2491
5734 2492
5735 2492
5736 2492
5737 2492
5738 2492
5739 2492
5740 2492
5741 2492
5742 2492
5743 2492
5744 2492
5745 2492
5746 2492
5747 2492
5748 2493
5749 2492
5750 2492
5751 2492
5752 2492
5753 2492
5754 2492
5755 2492
5756 2492
5757 2492
5758 2492
5759 2491
5760 2492
5761 2492
5762 2492
5763 2491
5764 2491
5765 2491
5766 2491
5767 2491
5768 2491
5769 2491
5770 2492
5771 2492
5772 2492
5773 2492
5774 2492
5775 2491
5776 2491
5777 2491
5778 2492
5779 2491
5780 2491
5781 2491
5782 2491
5783 2490
5784 2490
5785 2491
5786 2490
5787 2490
5788 2491
5789 2491
5790 2491
5791 2491
5792 2491
5793 2491
5794 2491
5795 2490
5796 2491
5797 2490
5798 2491
5799 2490
5800 2492
5801 2491
5802 2491
5803 2490
5804 2490
5805 2489
5806 2488
5807 2488
5808 2491
5809 2487
5810 2486
5811 2485
5812 2485
5813 2498
5814 2493
5815 2493
5816 2493
5817 2482
5818 2482
5819 2482
5820 2482
5821 2482
5822 2482
5823 2482
5824 2482
5825 2482
5826 2481
5827 2482
5828 2482
5829 2482

5254 2518
5255 2525
5256 2524
5257 2522
5258 2528
5259 2526
5260 2522
5261 2530
5262 2521
5263 2525
5264 2524
5265 2525
5266 2525
5267 2525
5268 2518
5269 2525
5270 2526
5271 2524
5272 2519
5273 2524
5274 2529
5275 2529
5276 2524
5277 2529
5278 2529
5395 2528
5396 2527
5397 2529
5398 2526
5399 2527
5400 2529
5401 2528
5402 2527
5403 2527
5404 2528
5405 2520
5406 2526
5407 2527
5408 2527
5409 2534
5410 2527
5411 2520
5412 2529
5413 2520
5414 2521
5415 2521
5416 2534
5417 2529
5418 2534
5419 2529
5420 2528
5421 2520
5422 2531
5423 2530
5424 2526
5425 2521
5426 2521
5427 2533
5428 2533
5429 2530
5430 2531
5431 2529
5432 2534
5433 2535
5434 2527
5435 2521
5436 2528
5437 2523
5438 2530
5439 2528
5440 2528
5441 2528
5442 2521
5443 2535
5444 2532
5445 2529
5446 2530
5447 2529
5448 2529
5449 2532
5450 2528
5451 2527
5452 2528
5453 2526
5454 2523
5455 2528
5456 2528
5457 2534
5458 2529
5459 2528
5460 2527
5461 2532
5462 2528
5463 2532
5464 2530
5465 2528
5466 2526
5467 2526
5468 2531
5469 2527
5470 2526
5471 2526
5472 2531
5473 2527
5474 2528
5475 2528
5476 2528
5477 2527
5478 2526
5479 2527
5480 2530
5481 2531
5482 2530
5483 2532
5484 2528
5485 2524
5486 2527
5487 2519
5488 2524
5489 2528
5490 2520
5491 2524
5492 2525
5493 2526
5494 2527
5495 2527
5496 2526
5497 2524
5498 2524
5499 2527
5500 2527
5501 2521
5502 2521
5503 2519
5504 2519
5505 2521
5506 2523
5507 2520
5508 2519
5509 2522
5510 2521
5511 2516
5512 9999
5513 2510
5535 2516
5536 2509
5537 2509
5538 2509
5539 2523
5540 2519
5541 2518
5542 2519
5543 2518
5544 2518
5545 2517
5546 2510
5547 2519
5548 2518
5549 2520
5550 2519
5551 2518
5552 2520
5553 2511
5554 2519
5555 2519
5556 2513
5557 2519
5558 2512
5559 2513
5560 2525
5561 2521
5562 2520
5563 2520
5564 2523
5565 2526
5566 2520
5567 2519
5568 2519
5569 2518
5570 2524
5571 2514
5572 2524
5573 2522
5574 2520
5575 2519
5576 2520
5577 2519
5578 2519
5579 2519
5580 2519
5581 2520
5582 2518
5583 2521
5584 2520
5585 2520
5586 2519
5587 2519
5588 2520
5589 2521
5590 2521
5591 2521
5592 2520
5593 2520
5594 2521
5595 2520
5596 2520
5597 2521
5598 2522
5599 2521
5600 2524
5601 2525
5602 2521
5603 2524
5604 2521
5605 2519
5606 2520
5607 2520
5608 2519
5609 2521
5610 2521
5611 2520
5612 2520
5613 2520
5614 2519
5615 2525
5616 2522
5617 2524
5618 2525
5619 2520
5620 2519
5621 2519
5622 2519
5623 2518
5624 2521
5625 2525
5626 2522
5627 2520
5628 2520
5629 2526
5630 2521
5631 2519
5632 2521
5633 2519
5634 2521
5635 2520
5636 2512
5637 2525
5638 2519
5639 2519
5640 2520
5641 2523
5642 2519
5643 2519
5644 2519
5645 2518
5646 2520
5647 2511
5648 2517
5649 2517
5650 2516
5651 2516
5652 2517
5653 2519
5654 2518
5655 2519
5656 2519
5657 2513
5658 2524
5659 2518
5660 2523
5661 2510
5662 2519
5663 2510
5664 2511
5665 2519
5666 2520
5667 2520
5668 2520
5669 2520
5670 2520
5671 2520
5672 2519
5673 2519
5674 2522
5675 2523
5676 2516
5677 2518
5678 2516
5679 2515
5680 2516
5681 2517
5682 2512
5683 2518
5684 2513
5685 2517
5686 2518
5687 2516
5688 2516
5689 2520
5690 2522
5691 2522
5692 2524
5693 2516
5694 2523
5695 2520
5696 2516
5697 2517
5698 2518
5699 2518
5700 2518
5701 2522
5702 2518
5703 2518
5704 2519
5705 2518
5706 2516
5707 2519
5708 2509
5709 2521
5710 2521
5711 2519
5712 2518
5713 2518
5714 2518
5715 2513
5716 2518
5717 2519
5718 2511
5719 2519
5720 2516
5721 2521
5722 2521
5723 2518
5724 2509
5725 2512
5726 2520
5727 2521
5728 2510
5729 2518
5730 2510
5731 2517
5732 2522
5733 2514
5734 2513
5735 2510
5736 2521
5737 2514
5738 2511
5739 2516
5740 2517
5741 2517
5742 2515
5743 2515
5744 2520
5745 2520
5746 2518
5747 2518
5748 2519
5749 2520
5750 2518
5751 2518
5752 2518
5753 2517
5754 2519
5755 2517
5756 2511
5757 2512
5758 2515
5759 2521
5760 2515
5761 2515
5762 2512
5763 2523
5764 2524
5765 2523
5766 2519
5767 2512
5768 2520
5769 2522
5770 2512
5771 2519
5772 2526
5773 2524
5774 2519
5775 2519
5776 2516
5777 2519
5778 2519
5779 2520
5780 2519
5781 2519
5782 2517
5783 2519
5784 2519
5785 2526
5786 2517
5787 2514
5788 2512
5789 2513
5790 2519
5791 2525
5792 2519
5793 2519
5794 2519
5795 2512
5796 2515
5797 2518
5798 2520
5799 2516
5800 2520
5801 2519
5802 2520

