344 2505
345 2508
346 2500
347 2500
348 2502
349 2507
350 2504
351 2500
352 2500
353 2501
354 2501
355 2508
356 2502
357 2500
358 2501
359 2510
360 2500
361 2501
362 2501
363 2500
364 2501
365 2501
366 2501
367 2501
368 2501
369 2501
370 2501
371 2501
372 2501
373 2501
374 2501
375 2501
376 2501
377 2501
378 2501
379 2501
380 2501
381 2501
382 2501
383 2501
384 2501
385 2501
386 2501
387 2501
388 2501
389 2500
390 2500
391 2501
392 2501
393 2501
394 2501
395 2501
396 2501
397 2502
398 2502
399 2501
400 2501
401 2502
402 2502
403 2502
404 2502
405 2502
406 2502
407 2502
408 2503
409 2503
410 2503
411 2502
412 2504
413 2503
414 2502
415 2502
416 2503
417 2503
418 2502
419 2502
420 2502
421 2501
422 2501
423 2502
424 2502
425 2501
426 2501
427 2501
428 2501
429 2502
430 2502
431 2501
432 2501
433 2501
434 2501
435 2501
436 2501
437 2500
438 2500
439 2500
440 2499
441 2499
442 2500
443 2499
444 2500
445 2500
446 2499
447 2499
448 2498
449 2498
450 2499
451 2499
452 2498
453 2498
454 2502
455 2498
456 2498
457 2498
458 2498
459 2498
460 2498
461 2498
462 2498
463 2498
464 2497
465 2498
466 2498
467 2498
468 2503
469 2503
470 2499
471 2503
472 2499
473 2498
474 2501
475 2502
476 2498
477 2497
478 2497
479 2497
480 2497
481 2497
482 2496
483 2502
484 2502
485 2502
486 2497
487 2504
488 2503
489 2502
490 2496
491 2497
492 2495
493 2495
494 2502
495 2502
496 2495
497 2494
498 2494
499 2496
500 2496
501 2497
502 2496
503 2502
504 2495
505 2495
506 2503
507 2502
508 2501
509 2499
510 2499
511 2500
512 2508
513 2494
514 2496
515 2495
516 2497
517 2495
518 2496
519 2499
520 2499
521 2499
522 2498
523 2498
524 2500
525 2500
526 2490
527 2503
528 2503
529 2496
530 2495
531 2497
532 2498
533 2499
534 2495
535 2496
536 2495
537 2496
538 2495
539 2494
540 2498
541 2498
542 2498
543 2498
544 2498
545 2493
546 2494
547 2494
548 2493
549 2492
550 2505
551 2506
552 2495
553 2497
554 2495
555 2496
556 2500
557 2490
558 2490
559 2490
560 2490
561 2490
562 2491
563 2493
564 2492
565 2493
566 2496
567 2490
568 2490
569 2505
570 2496
571 2495
572 2504
573 2503
574 2490
575 2494
576 2494
577 2508
578 2507
579 2492
580 2502
581 2490
582 2502
583 2492
584 2501
585 2493
586 2507
587 2503
588 2506
589 2501
590 2502
591 2502
592 2509
593 2506
594 2509
595 2502
596 2505
597 2495
598 2509
599 2502
600 2499
601 2502
602 2496
603 2496
604 2504
605 2504
606 2494
607 2495
608 2495
609 2497
610 2491
611 2491
612 2492
613 2493
614 2498
615 2495
616 2496
617 2494
618 2502
619 2495
620 2499
621 2492
622 2493
623 2494
624 2494
625 2493
626 2496
627 2497
628 2494
629 2493
630 2494
631 2496
632 2497
633 2497
634 2498
635 2496
636 2495
637 2499
638 2497
639 2497
640 2502
641 2495
642 2495
643 2495
644 2496
645 2500
646 2498
647 2497
648 2497
649 2498
650 2496
651 2496
652 2495
653 2498
654 2497
655 2501
656 2489
657 2491
658 2492
659 2496
660 2501
661 2497
662 2499
663 2496
664 2498
665 2491
666 2497
667 2499
668 2500
669 2493
670 2494
671 2494
672 2495
673 2503
674 2493
675 2493
676 2492
677 2503
678 2499
679 2496
680 2498
681 2498
682 2498
683 2504
684 2496
685 2493
686 2508
687 2492
688 2493
689 2493
690 2497
691 2494
692 2494
693 2491
694 2495
695 2500
696 2493
697 2499
698 2501
699 2494
700 2494
701 2494
702 2498
703 2494
704 2495
705 2496
706 2496
707 2497
708 2501
709 2497
710 2496
711 2497
712 2497
713 2497
714 2497
715 2497
716 2497
717 2497
718 2497
719 2496
720 2497
721 2497
722 2497
723 2497
724 2497
725 2496
726 2497
727 2495
728 2499
729 2494
730 2494
731 2495
732 2492
733 2496
734 2492
735 2493
736 2494
737 2497
738 2499
739 2492
740 2495
741 2505
742 2495
743 2493
744 2494
745 2506
746 2495
747 2498
748 2498
749 2494
750 2497
751 2503
752 2508
753 2495
754 2494
755 2495
756 2496
757 2498
758 2496
759 2499
760 2500
761 2502
762 2497
763 2505
764 2498
765 2505
766 2498
767 2497
768 2500
769 2501
770 2496
771 2495
772 2494
773 2497
774 2501
775 2496
776 2496
777 2496
778 2496
779 2495
780 2495
781 2496
782 2496
783 2495
784 2495
785 2495
786 2494
787 2494
788 2494
789 2494
790 2493
791 2495
792 2495
793 2495
794 2495
795 2495
796 2495
797 2495
798 2495
799 2495
800 2495
801 2496
802 2493
803 2492
804 2492
805 2491
806 2490
807 2491
808 2494
809 2497
810 2506
811 2494
812 2495
813 2493
814 2497
815 2496
816 2498
817 2491
818 2493
819 2495
820 2498
821 2493
822 2504
823 2495
824 2494
825 2505
826 2489
827 2495
828 2499
829 2501
830 2501
831 2502
832 2497
833 2494
834 2504
835 2489
836 2492
837 2493
838 2495
839 2491
840 2492
841 2496
842 2495
843 2491
844 2490
845 2492
846 2490
847 2490
848 2490
849 2491
850 2491
851 2490
852 2490
853 2490
854 2492
855 2491
856 2491
857 2491
858 2489
859 2490
860 2490
861 2490
862 2490
863 2491
864 2491
865 2502
866 2489
867 2488
868 2489
869 2490
870 2488
871 2488
872 2489
873 2492
874 2490
875 2490
876 2491
877 2491
878 2492
879 2495
880 2495
881 2492
882 2491
883 2490
884 2490
885 2489
886 2493
887 2491
888 2492
889 2493
890 2492
891 2492
892 2492
893 2492
894 2495
895 2491
896 2494
897 2489
898 2490
899 2496
900 2492
901 2490
902 2492
903 2494
904 2495
905 2497
906 2490
907 2490
908 2497
909 2496
910 2493
911 2504
912 2492
913 2492
914 2492
915 2499
916 2489
917 2493
918 2494
919 2491
920 2496
921 2496
922 2493
923 2494
924 2495
925 2495
926 2497
927 2493
928 2499
929 2494
930 2494
931 2500
932 2499
933 2494
934 2494
935 2497
936 2494
937 2495
938 2494
939 2495
940 2495
941 2494
942 2494
943 2495
944 2494
945 2494
946 2494
947 2494
948 2494
949 2494
950 2494
951 2495
952 2495
953 2495
954 2495
955 2495
956 2495
957 2496
958 2495
959 2495
960 2495
961 2495
962 2495
963 2495
964 2495
965 2495
966 2495
967 2496
968 2495
969 2496
970 2495
971 2496
972 2496
973 2496
974 2495
975 2495
976 2496
977 2495
978 2495
979 2495
980 2495
981 2495
982 2495
983 2496
984 2496
985 2495
986 2496
987 2495
988 2495
989 2495
990 2495
991 2495
992 2495
993 2495
994 2495
995 2496
996 2495
997 2495
998 2495
999 2495
1000 2495
1001 2495
1002 2495
1003 2495
1004 2495
1005 2495
1006 2495
1007 2495
1008 2494
1009 2495
1010 2494
1011 2494
1012 2494
1013 2494
1014 2494
1015 2494
1016 2494
1017 2494
1018 2494
1019 2494
1020 2494
1021 2494
1022 2494
1023 2494
1024 2494
1025 2494
1026 2494
1027 2494
1028 2494
1029 2494
1030 2494
1031 2494
1032 2494
1033 2494
1034 2494
1035 2494
1036 2494
1037 2494
1038 2494
1039 2494
1040 2494
1041 2494
1042 2493
1043 2493
1044 2493
1045 2493
1046 2493
1047 2493
1048 2493
1049 2493
1050 2493
1051 2493
1052 2493
1053 2493
1054 2493
1055 2493
1056 2493
1057 2493
1058 2493
1059 2493
1060 2493
1061 2493
1062 2493
1063 2493
1064 2493
1065 2493
1066 2493
1067 2493
1068 2493
1069 2492
1070 2493
1071 2493
1072 2493
1073 2493
1074 2493
1075 2493
1076 2492
1077 2493
1078 2493
1079 2493
1080 2493
1081 2493
1082 2493
1083 2493
1084 2493
1085 2493
1086 2493
1087 2493
1088 2494
1089 2493
1090 2493
1091 2493
1092 2493
1093 2493
1094 2493
1095 2493
1096 2493
1097 2493
1098 2493
1099 2493
1100 2493
1101 2493
1102 2493
1103 2493
1104 2493
1105 2493
1106 2493
1107 2493
1108 2493
1109 2493
1110 2493
1111 2493
1112 2494
1113 2493
1114 2493
1115 2493
1116 2493
1117 2493
1118 2493
1119 2493
1120 2494
1121 2493
1122 2493
1123 2493
1124 2494
1125 2494
1126 2494
1127 2494
1128 2494
1129 2494
1130 2493
1131 2494
1132 2494
1133 2494
1134 2494
1135 2494
1136 2494
1137 2494
1138 2494
1139 2494
1140 2493
1141 2494
1142 2494
1143 2494
1144 2494
1145 2494
1146 2494
1147 2494
1148 2494
1149 2494
1150 2494
1151 2494
1152 2494
1153 2494
1154 2494
1155 2494
1156 2494
1157 2493
1158 2494
1159 2494
1160 2493
1161 2493
1162 2494
1163 2493
1164 2493
1165 2494
1166 2494
1167 2493
1168 2494
1169 2493
1170 2493
1171 2493
1172 2493
1173 2493
1174 2494
1175 2494
1176 2493
1177 2494
1178 2494
1179 2494
1180 2494
1181 2493
1182 2493
1183 2493
1184 2493
1185 2494
1186 2494
1187 2494
1188 2494
1189 2493
1190 2494
1191 2493
1192 2494
1193 2493
1194 2493
1195 2493
1196 2494
1197 2493
1198 2493
1199 2494
1200 2494
1201 2494
1202 2494
1203 2493
1204 2494
1205 2494
1206 2494
1207 2494
1208 2494
1209 2494
1210 2494
1211 2494
1212 2494
1213 2494
1214 2494
1215 2494
1216 2494
1217 2494
1218 2494
1219 2494
1220 2494
1221 2494
1222 2494
1223 2494
1224 2494
1225 2494
1226 2493
1227 2493
1228 2494
1229 2494
1230 2494
1231 2493
1232 2494
1233 2493
1234 2494
1235 2494
1236 2493
1237 2494
1238 2494
1239 2494
1240 2493
1241 2493
1242 2493
1243 2493
1244 2493
1245 2494
1246 2494
1247 2493
1248 2493
1249 2493
1250 2493
1251 2496
1252 2493
1253 2493
1254 2493
1255 2494
1256 2493
1257 2495
1258 2497
1259 2493
1260 2492
1261 2493
1262 2493
1263 2493
1264 2493
1265 2493
1266 2492
1267 2492
1268 2493
1269 2493
1270 2492
1271 2492
1272 2492
1273 2492
1274 2492
1275 2492
1276 2492
1277 2492
1278 2492
1279 2492
1280 2492
1281 2492
1282 2492
1283 2492
1284 2492
1285 2492
1286 2492
1287 2492
1288 2492
1289 2492
1290 2492
1291 2492
1292 2492
1293 2492
1294 2492
1295 2493
1296 2492
1297 2492
1298 2492
1299 2494
1300 2493
1301 2492
1302 2493
1303 2493
1304 2493
1305 2493
1306 2493
1307 2493
1308 2493
1309 2492
1310 2493
1311 2493
1312 2493
1313 2492
1314 2493
1315 2493
1316 2493
1317 2496
1318 2496
1319 2492
1320 2492
1321 2492
1322 2492
1323 2492
1324 2492
1325 2492
1326 2492
1327 2492
1328 2493
1329 2492
1330 2492
1331 2492
1332 2492
1333 2492
1334 2492
1335 2492
1336 2492
1337 2492
1338 2492
1339 2492
1340 2492
1341 2493
1342 2491
1343 2491
1344 2491
1345 2492
1346 2491
1347 2492
1348 2492
1349 2491
1350 2492
1351 2495
1352 2491
1353 2491
1354 2491
1355 2491
1356 2491
1357 2491
1358 2491
1359 2491
1360 2491
1361 2491
1362 2491
1363 2491
1364 2491
1365 2491
1366 2491
1367 2491
1368 2491
1369 2491
1370 2491
1371 2491
1372 2491
1373 2491
1374 2492
1375 2491
1376 2491
1377 2491
1378 2491
1379 2491
1380 2491
1381 2491
1382 2491
1383 2491
1384 2491
1385 2490
1386 2491
1387 2491
1388 2491
1389 2490
1390 2490
1391 2490
1392 2490
1393 2491
1394 2491
1395 2491
1396 2491
1397 2491
1398 2491
1399 2491
1400 2491
1401 2491
1402 2491
1403 2491
1404 2491
1405 2491
1406 2491
1407 2491
1408 2491
1409 2491
1410 2491
1411 2491
1412 2491
1413 2490
1414 2490
1415 2490
1416 2490
1417 2491
1418 2490
1419 2491
1420 2490
1421 2490
1422 2491
1423 2489
1424 2490
1425 2489
1426 2489
1427 2489
1428 2489
1429 2489
1430 2490
1431 2490
1432 2490
1433 2490
1434 2489
1435 2490
1436 2489
1437 2489
1438 2489
1439 2489
1440 2489
1441 2489
1442 2489
1443 2489
1444 2489
1445 2489
1446 2489
1447 2489
1448 2489
1449 2489
1450 2489
1451 2488
1452 2489
1453 2489
1454 2488
1455 2489
1456 2488
1457 2488
1458 2488
1459 2488
1460 2488
1461 2488
1462 2489
1463 2488
1464 2488
1465 2488
1466 2488
1467 2488
1468 2488
1469 2488
1470 2488
1471 2488
1472 2488
1473 2488
1474 2488
1475 2488
1476 2488
1477 2488
1478 2488
1479 2488
1480 2488
1481 2488
1482 2488
1483 2488
1484 2488
1485 2488
1486 2488
1487 2488
1488 2488
1489 2488
1490 2488
1491 2488
1492 2488
1493 2488
1494 2488
1495 2488
1496 2488
1497 2488
1498 2488
1499 2488
1500 2488
1501 2488
1502 2488
1503 2488
1504 2488
1505 2488
1506 2488
1507 2488
1508 2488
1509 2489
1510 2488
1511 2488
1512 2488
1513 2488
1514 2488
1515 2488
1516 2488
1517 2489
1518 2488
1519 2488
1520 2489
1521 2488
1522 2488
1523 2487
1524 2491
1525 2493
1526 2488
1527 2488
1528 2488
1529 2488
1530 2490
1531 2490
1532 2488
1533 2490
1534 2498
1535 2498
1536 2486
1537 2492
1538 2495
1539 2489
1540 2488
1541 2488
1542 2494
1543 2493
1544 2493
1545 2491
1546 2492
1547 2494
1548 2493
1549 2489
1550 2497
1551 2496
1552 2495
1553 2496
1554 2496
1555 2498
1556 2491
1557 2491
1558 2482
1559 2483
1560 2483
1561 2488
1562 2489
1563 2488
1564 2497
1565 2491
1566 2490
1567 2488
1568 2488
1569 2488
1570 2488
1571 2488
1572 2488
1573 2487
1574 2488
1575 2488
1576 2488
1577 2488
1578 2487
1579 2487
1580 2488
1581 2488
1582 2488
1583 2487
1584 2487
1585 2487
1586 2487
1587 2487
1588 2487
1589 2487
1590 2487
1591 2487
1592 2487
1593 2487
1594 2487
1595 2487
1596 2487
1597 2487
1598 2487
1599 2487
1600 2487
1601 2487
1602 2487
1603 2487
1604 2487
1605 2487
1606 2487
1607 2487
1608 2487
1609 2487
1610 2487
1611 2487
1612 2487
1613 2487
1614 2487
1615 2487
1616 2487
1617 2487
1618 2487
1619 2487
1620 2487
1621 2487
1622 2487
1623 2487
1624 2487
1625 2487
1626 2487
1627 2487
1628 2487
1629 2487
1630 2487
1631 2487
1632 2487
1633 2487
1634 2487
1635 2487
1636 2486
1637 2487
1638 2487
1639 2487
1640 2487
1641 2486
1642 2486
1643 2487
1644 2487
1645 2487
1646 2487
1647 2486
1648 2486
1649 2487
1650 2486
1651 2486
1652 2486
1653 2486
1654 2487
1655 2486
1656 2487
1657 2486
1658 2486
1659 2486
1660 2486
1661 2486
1662 2486
1663 2486
1664 2486
1665 2486
1666 2486
1667 2486
1668 2486
1669 2486
1670 2486
1671 2486
1672 2486
1673 2486
1674 2486
1675 2486
1676 2486
1677 2486
1678 2486
1679 2487
1680 2487
1681 2487
1682 2486
1683 2487
1684 2486
1685 2486
1686 2487
1687 2486
1688 2486
1689 2487
1690 2487
1691 2487
1692 2487
1693 2486
1694 2486
1695 2486
1696 2487
1697 2486
1698 2487
1699 2487
1700 2487
1701 2487
1702 2487
1703 2487
1704 2487
1705 2487
1706 2487
1707 2487
1708 2486
1709 2487
1710 2487
1711 2487
1712 2487
1713 2487
1714 2487
1715 2487
1716 2487
1717 2487
1718 2487
1719 2487
1720 2487
1721 2487
1722 2487
1723 2487
1724 2487
1725 2487
1726 2487
1727 2487
1728 2487
1729 2487
1730 2487
1731 2487
1732 2487
1733 2487
1734 2487
1735 2487
1736 2487
1737 2487
1738 2487
1739 2487
1740 2487
1741 2487
1742 2487
1743 2487
1744 2487
1745 2487
1746 2487
1747 2487
1748 2487
1749 2488
1750 2487
1751 2487
1752 2487
1753 2487
1754 2487
1755 2487
1756 2487
1757 2487
1758 2487
1759 2487
1760 2487
1761 2488
1762 2491
1763 2487
1764 2488
1765 2487
1766 2487
1767 2487
1768 2487
1769 2487
1770 2487
1771 2488
1772 2488
1773 2488
1774 2488
1775 2487
1776 2487
1777 2487
1778 2487
1779 2487
1780 2488
1781 2487
1782 2487
1783 2488
1784 2487
1785 2487
1786 2487
1787 2487
1788 2487
1789 2487
1790 2488
1791 2487
1792 2487
1793 2487
1794 2487
1795 2487
1796 2487
1797 2489
1798 2488
1799 2488
1800 2488
1801 2488
1802 2487
1803 2488
1804 2488
1805 2488
1806 2488
1807 2488
1808 2487
1809 2488
1810 2488
1811 2488
1812 2488
1813 2488
1814 2488
1815 2488
1816 2488
1817 2488
1818 2488
1819 2489
1820 2488
1821 2488
1822 2488
1823 2489
1824 2488
1825 2488
1826 2488
1827 2488
1828 2488
1829 2488
1830 2488
1831 2488
1832 2488
1833 2488
1834 2488
1835 2492
1836 2495
1837 2492
1838 2496
1839 2488
1840 2494
1841 2497
1842 2497
1843 2502
1844 2494
1845 2493
1846 2498
1847 2495
1848 2498
1849 2500
1850 2488
1851 2489
1852 2488
1853 2489
1854 2488
1855 2490
1856 2488
1857 2488
1858 2488
1859 2488
1860 2489
1861 2489
1862 2489
1863 2489
1864 2489
1865 2489
1866 2489
1867 2489
1868 2489
1869 2489
1870 2489
1871 2489
1872 2489
1873 2489
1874 2489
1875 2489
1876 2489
1877 2489
1878 2489
1879 2489
1880 2489
1881 2488
1882 2489
1883 2489
1884 2489
1885 2489
1886 2489
1887 2489
1888 2489
1889 2489
1890 2489
1891 2489
1892 2489
1893 2489
1894 2489
1895 2489
1896 2488
1897 2489
1898 2489
1899 2489
1900 2489
1901 2489
1902 2489
1903 2489
1904 2489
1905 2489
1906 2489
1907 2489
1908 2489
1909 2489
1910 2489
1911 2489
1912 2489
1913 2489
1914 2489
1915 2489
1916 2489
1917 2489
1918 2489
1919 2489
1920 2489
1921 2489
1922 2489
1923 2489
1924 2489
1925 2490
1926 2489
1927 2489
1928 2489
1929 2489
1930 2489
1931 2489
1932 2489
1933 2489
1934 2489
1935 2490
1936 2489
1937 2490
1938 2490
1939 2489
1940 2489
1941 2489
1942 2489
1943 2490
1944 2489
1945 2489
1946 2490
1947 2490
1948 2489
1949 2490
1950 2489
1951 2490
1952 2489
1953 2489
1954 2489
1955 2489
1956 2490
1957 2489
1958 2489
1959 2490
1960 2489
1961 2489
1962 2490
1963 2490
1964 2490
1965 2489
1966 2489
1967 2489
1968 2490
1969 2490
1970 2489
1971 2490
1972 2490
1973 2489
1974 2489
1975 2490
1976 2490
1977 2490
1978 2489
1979 2490
1980 2489
1981 2490
1982 2490
1983 2490
1984 2490
1985 2490
1986 2490
1987 2490
1988 2490
1989 2490
1990 2490
1991 2490
1992 2490
1993 2490
1994 2490
1995 2490
1996 2490
1997 2490
1998 2490
1999 2489
2000 2490
2001 2490
2002 2490
2003 2490
2004 2490
2005 2490
2006 2490
2007 2490
2008 2489
2009 2490
2010 2490
2011 2490
2012 2490
2013 2490
2014 2489
2015 2490
2016 2490
2017 2489
2018 2489
2019 2490
2020 2490
2021 2490
2022 2490
2023 2490
2024 2490
2025 2490
2026 2490
2027 2490
2028 2490
2029 2490
2030 2490
2031 2490
2032 2490
2033 2490
2034 2490
2035 2490
2036 2490
2037 2491
2038 2490
2039 2490
2040 2490
2041 2490
2042 2490
2043 2490
2044 2490
2045 2490
2046 2490
2047 2490
2048 2490
2049 2490
2050 2490
2051 2490
2052 2490
2053 2490
2054 2490
2055 2490
2056 2491
2057 2490
2058 2491
2059 2490
2060 2490
2061 2490
2062 2490
2063 2490
2064 2490
2065 2490
2066 2490
2067 2490
2068 2490
2069 2490
2070 2490
2071 2490
2072 2490
2073 2490
2074 2490
2075 2490
2076 2490
2077 2490
2078 2490
2079 2492
2080 2490
2081 2490
2082 2490
2083 2491
2084 2490
2085 2490
2086 2490
2087 2490
2088 2490
2089 2490
2090 2490
2091 2489
2092 2490
2093 2489
2094 2490
2095 2490
2096 2490
2097 2490
2098 2490
2099 2490
2100 2490
2101 2490
2102 2490
2103 2490
2104 2490
2105 2490
2106 2490
2107 2490
2108 2490
2109 2490
2110 2490
2111 2490
2112 2490
2113 2490
2114 2490
2115 2490
2116 2490
2117 2491
2118 2490
2119 2490
2120 2490
2121 2490
2122 2490
2123 2491
2124 2491
2125 2491
2126 2490
2127 2490
2128 2491
2129 2491
2130 2490
2131 2490
2132 2490
2133 2490
2134 2490
2135 2490
2136 2490
2137 2490
2138 2490
2139 2490
2140 2490
2141 2490
2142 2490
2143 2490
2144 2490
2145 2490
2146 2490
2147 2490
2148 2490
2149 2490
2150 2490
2151 2490
2152 2490
2153 2490
2154 2493
2155 2490
2156 2490
2157 2490
2158 2490
2159 2490
2160 2490
2161 2490
2162 2489
2163 2490
2164 2490
2165 2490
2166 2490
2167 2490
2168 2489
2169 2490
2170 2489
2171 2490
2172 2490
2173 2490
2174 2490
2175 2489
2176 2489
2177 2489
2178 2489
2179 2490
2180 2490
2181 2490
2182 2490
2183 2489
2184 2490
2185 2494
2186 2491
2187 2489
2188 2488
2189 2489
2190 2489
2191 2489
2192 2489
2193 2489
2194 2489
2195 2494
2196 2489
2197 2489
2198 2489
2199 2489
2200 2489
2201 2489
2202 2489
2203 2489
2204 2489
2205 2489
2206 2493
2207 2492
2208 2493
2209 2493
2210 2489
2211 2490
2212 2490
2213 2489
2214 2489
2215 2489
2216 2489
2217 2492
2218 2489
2219 2489
2220 2489
2221 2489
2222 2489
2223 2489
2224 2489
2225 2493
2226 2488
2227 2489
2228 2489
2229 2489
2230 2489
2231 2489
2232 2489
2233 2489
2234 2489
2235 2489
2236 2489
2237 2489
2238 2489
2239 2489
2240 2489
2241 2489
2242 2489
2243 2489
2244 2489
2245 2489
2246 2489
2247 2489
2248 2489
2249 2488
2250 2489
2251 2489
2252 2489
2253 2489
2254 2489
2255 2489
2256 2489
2257 2489
2258 2489
2259 2489
2260 2489
2261 2489
2262 2489
2263 2489
2264 2489
2265 2489
2266 2489
2267 2489
2268 2489
2269 2489
2270 2489
2271 2489
2272 2489
2273 2489
2274 2489
2275 2489
2276 2489
2277 2489
2278 2489
2279 2489
2280 2489
2281 2489
2282 2489
2283 2489
2284 2489
2285 2489
2286 2489
2287 2489
2288 2489
2289 2489
2290 2489
2291 2489
2292 2489
2293 2489
2294 2489
2295 2489
2296 2489
2297 2489
2298 2489
2299 2489
2300 2489
2301 2489
2302 2489
2303 2489
2304 2489
2305 2489
2306 2489
2307 2489
2308 2489
2309 2489
2310 2489
2311 2489
2312 2489
2313 2489
2314 2490
2315 2490
2316 2490
2317 2489
2318 2490
2319 2490
2320 2490
2321 2489
2322 2490
2323 2489
2324 2489
2325 2489
2326 2489
2327 2489
2328 2489
2329 2489
2330 2489
2331 2489
2332 2489
2333 2489
2334 2489
2335 2489
2336 2489
2337 2489
2338 2489
2339 2489
2340 2489
2341 2489
2342 2489
2343 2489
2344 2489
2345 2489
2346 2489
2347 2489
2348 2489
2349 2489
2350 2489
2351 2488
2352 2489
2353 2489
2354 2489
2355 2488
2356 2488
2357 2488
2358 2488
2359 2489
2360 2488
2361 2488
2362 2488
2363 2488
2364 2488
2365 2488
2366 2488
2367 2488
2368 2488
2369 2488
2370 2488
2371 2488
2372 2488
2373 2488
2374 2488
2375 2488
2376 2488
2377 2488
2378 2488
2379 2488
2380 2488
2381 2488
2382 2488
2383 2488
2384 2488
2385 2488
2386 2488
2387 2488
2388 2488
2389 2488
2390 2487
2391 2487
2392 2488
2393 2487
2394 2487
2395 2487
2396 2487
2397 2487
2398 2488
2399 2487
2400 2487
2401 2487
2402 2487
2403 2487
2404 2487
2405 2487
2406 2487
2407 2487
2408 2487
2409 2487
2410 2487
2411 2487
2412 2487
2413 2487
2414 2487
2415 2487
2416 2487
2417 2487
2418 2487
2419 2487
2420 2487
2421 2487
2422 2487
2423 2487
2424 2487
2425 2487
2426 2487
2427 2487
2428 2487
2429 2487
2430 2487
2431 2487
2432 2487
2433 2486
2434 2486
2435 2486
2436 2486
2437 2486
2438 2486
2439 2486
2440 2486
2441 2486
2442 2486
2443 2486
2444 2486
2445 2486
2446 2486
2447 2486
2448 2486
2449 2486
2450 2486
2451 2486
2452 2486
2453 2486
2454 2486
2455 2486
2456 2486
2457 2486
2458 2486
2459 2486
2460 2486
2461 2486
2462 2486
2463 2486
2464 2486
2465 2486
2466 2485
2467 2486
2468 2485
2469 2485
2470 2485
2471 2485
2472 2484
2473 2484
2474 2484
2475 2484
2476 2484
2477 2484
2478 2483
2479 2483
2480 2483
2481 2483
2482 2483
2483 2483
2484 2484
2485 2484
2486 2484
2487 2484
2488 2484
2489 2484
2490 2484
2491 2484
2492 2484
2493 2484
2494 2484
2495 2484
2496 2484
2497 2484
2498 2484
2499 2484
2500 2484
2501 2484
2502 2484
2503 2484
2504 2484
2505 2484
2506 2484
2507 2484
2508 2484
2509 2484
2510 2484
2511 2484
2512 2484
2513 2484
2514 2484
2515 2484
2516 2483
2517 2484
2518 2484
2519 2484
2520 2483
2521 2484
2522 2483
2523 2484
2524 2483
2525 2483
2526 2483
2527 2483
2528 2483
2529 2483
2530 2483
2531 2483
2532 2483
2533 2483
2534 2483
2535 2483
2536 2483
2537 2483
2538 2483
2539 2483
2540 2483
2541 2483
2542 2483
2543 2482
2544 2482
2545 2482
2546 2482
2547 2482
2548 2482
2549 2482
2550 2482
2551 2482
2552 2482
2553 2482
2554 2482
2555 2482
2556 2482
2557 2482
2558 2482
2559 2482
2560 2482
2561 2482
2562 2482
2563 2481
2564 2481
2565 2481
2566 2481
2567 2481
2568 2481
2569 2481
2570 2481
2571 2481
2572 2481
2573 2481
2574 2481
2575 2481
2576 2480
2577 2481
2578 2480
2579 2480
2580 2480
2581 2480
2582 2480
2583 2480
2584 2480
2585 2480
2586 2480
2587 2480
2588 2480
2589 2480
2590 2480
2591 2480
2592 2480
2593 2480
2594 2479
2595 2479
2596 2479
2597 2479
2598 2480
2599 2479
2600 2479
2601 2480
2602 2480
2603 2479
2604 2480
2605 2479
2606 2479
2607 2479
2608 2479
2609 2479
2610 2479
2611 2479
2612 2479
2613 2479
2614 2479
2615 2479
2616 2479
2617 2479
2618 2479
2619 2479
2620 2478
2621 2479
2622 2478
2623 2479
2624 2478
2625 2478
2626 2478
2627 2479
2628 2478
2629 2478
2630 2478
2631 2478
2632 2478
2633 2478
2634 2478
2635 2478
2636 2478
2637 2478
2638 2478
2639 2479
2640 2479
2641 2482
2642 2480
2643 2480
2644 2480
2645 2480
2646 2480
2647 2480
2648 2480
2649 2480
2650 2480
2651 2480
2652 2480
2653 2480
2654 2480
2655 2480
2656 2480
2657 2480
2658 2480
2659 2479
2660 2480
2661 2480
2662 2480
2663 2479
2664 2479
2665 2479
2666 2479
2667 2480
2668 2479
2669 2479
2670 2479
2671 2479
2672 2478
2673 2479
2674 2479
2675 2479
2676 2479
2677 2479
2678 2479
2679 2479
2680 2479
2681 2478
2682 2479
2683 2479
2684 2479
2685 2479
2686 2478
2687 2479
2688 2478
2689 2478
2690 2478
2691 2478
2692 2478
2693 2478
2694 2478
2695 2478
2696 2478
2697 2478
2698 2478
2699 2478
2700 2478
2701 2478
2702 2478
2703 2478
2704 2478
2705 2478
2706 2478
2707 2478
2708 2477
2709 2477
2710 2477
2711 2477
2712 2477
2713 2477
2714 2477
2715 2477
2716 2477
2717 2477
2718 2477
2719 2477
2720 2477
2721 2477
2722 2477
2723 2477
2724 2477
2725 2477
2726 2477
2727 2477
2728 2477
2729 2477
2730 2477
2731 2477
2732 2477
2733 2477
2734 2476
2735 2477
2736 2477
2737 2477
2738 2477
2739 2476
2740 2476
2741 2477
2742 2477
2743 2477
2744 2477
2745 2476
2746 2476
2747 2476
2748 2476
2749 2476
2750 2476
2751 2476
2752 2476
2753 2476
2754 2476
2755 2476
2756 2476
2757 2476
2758 2476
2759 2475
2760 2474
2761 2473
2762 2473
2763 2473
2764 2472
2765 2472
2766 2472
2767 2472
2768 2472
2769 2472
2770 2472
2771 2472
2772 2472
2773 2472
2774 2471
2775 2471
2776 2471
2777 2471
2778 2471
2779 2471
2780 2471
2781 2471
2782 2471
2783 2471
2784 2471
2785 2471
2786 2470
2787 2470
2788 2470
2789 2470
2790 2470
2791 2470
2792 2470
2793 2470
2794 2470
2795 2470
2796 2470
2797 2470
2798 2470
2799 2470
2800 2470
2801 2470
2802 2470
2803 2470
2804 2470
2805 2469
2806 2469
2807 2470
2808 2469
2809 2469
2810 2469
2811 2469
2812 2469
2813 2469
2814 2469
2815 2469
2816 2469
2817 2469
2818 2469
2819 2470
2820 2469
2821 2469
2822 2469
2823 2469
2824 2469
2825 2469
2826 2469
2827 2469
2828 2469
2829 2469
2830 2469
2831 2469
2832 2468
2833 2468
2834 2468
2835 2469
2836 2468
2837 2468
2838 2468
2839 2468
2840 2468
2841 2468
2842 2468
2843 2468
2844 2468
2845 2468
2846 2468
2847 2468
2848 2468
2849 2468
2850 2468
2851 2468
2852 2469
2853 2468
2854 2468
2855 2468
2856 2468
2857 2468
2858 2468
2859 2468
2860 2468
2861 2468
2862 2469
2863 2468
2864 2469
2865 2470
2866 2470
2867 2472
2868 2471
2869 2471
2870 2475
2871 2475
2872 2474
2873 2473
2874 2475
2875 2479
2876 2470
2877 2470
2878 2469
2879 2468
2880 2469
2881 2470
2882 2467
2883 2466
2884 2466
2885 2466
2886 2466
2887 2466
2888 2467
2889 2466
2890 2466
2891 2466
2892 2466
2893 2465
2894 2465
2895 2465
2896 2465
2897 2465
2898 2465
2899 2465
2900 2465
2901 2465
2902 2465
2903 2465
2904 2465
2905 2464
2906 2465
2907 2464
2908 2464
2909 2464
2910 2464
2911 2464
2912 2464
2913 2464
2914 2464
2915 2464
2916 2464
2917 2464
2918 2464
2919 2464
2920 2464
2921 2464
2922 2464
2923 2464
2924 2464
2925 2464
2926 2464
2927 2464
2928 2464
2929 2464
2930 2464
2931 2464
2932 2464
2933 2463
2934 2464
2935 2463
2936 2464
2937 2463
2938 2463
2939 2463
2940 2463
2941 2463
2942 2463
2943 2463
2944 2463
2945 2463
2946 2462
2947 2462
2948 2463
2949 2463
2950 2463
2951 2463
2952 2463
2953 2463
2954 2463
2955 2463
2956 2463
2957 2463
2958 2463
2959 2463
2960 2463
2961 2463
2962 2463
2963 2463
2964 2463
2965 2462
2966 2463
2967 2463
2968 2463
2969 2463
2970 2463
2971 2463
2972 2463
2973 2462
2974 2463
2975 2463
2976 2462
2977 2462
2978 2468
2979 2463
2980 2463
2981 2463
2982 2463
2983 2463
2984 2463
2985 2462
2986 2472
2987 2462
2988 2462
2989 2462
2990 2462
2991 2463
2992 2462
2993 2462
2994 2462
2995 2462
2996 2462
2997 2462
2998 2462
2999 2462
3000 2462
3001 2462
3002 2462
3003 2462
3004 2462
3005 2462
3006 2462
3007 2462
3008 2462
3009 2462
3010 2462
3011 2462
3012 2462
3013 2462
3014 2462
3015 2461
3016 2462
3017 2462
3018 2462
3019 2462
3020 2463
3021 2462
3022 2462
3023 2462
3024 2461
3025 2461
3026 2462
3027 2461
3028 2461
3029 2461
3030 2462
3031 2461
3032 2461
3033 2461
3034 2461
3035 2461
3036 2466
3037 2462
3038 2461
3039 2461
3040 2461
3041 2460
3042 2461
3043 2461
3044 2462
3045 2464
3046 2460
3047 2460
3048 2460
3049 2460
3050 2461
3051 2460
3052 2460
3053 2461
3054 2460
3055 2460
3056 2460
3057 2460
3058 2460
3059 2460
3060 2460
3061 2460
3062 2460
3063 2460
3064 2460
3065 2460
3066 2460
3067 2460
3068 2460
3069 2460
3070 2460
3071 2460
3072 2460
3073 2460
3074 2459
3075 2459
3076 2459
3077 2459
3078 2459
3079 2459
3080 2459
3081 2460
3082 2460
3083 2460
3084 2460
3085 2460
3086 2460
3087 2460
3088 2460
3089 2460
3090 2460
3091 2460
3092 2460
3093 2460
3094 2460
3095 2459
3096 2459
3097 2459
3098 2458
3099 2458
3100 2458
3101 2458
3102 2458
3103 2458
3104 2458
3105 2458
3106 2458
3107 2457
3108 2458
3109 2458
3110 2458
3111 2458
3112 2458
3113 2458
3114 2458
3115 2457
3116 2457
3117 2457
3118 2457
3119 2457
3120 2457
3121 2457
3122 2457
3123 2457
3124 2457
3125 2457
3126 2457
3127 2457
3128 2457
3129 2457
3130 2457
3131 2457
3132 2456
3133 2456
3134 2456
3135 2456
3136 2456
3137 2456
3138 2456
3139 2456
3140 2456
3141 2456
3142 2456
3143 2455
3144 2456
3145 2456
3146 2455
3147 2455
3148 2455
3149 2455
3150 2455
3151 2455
3152 2455
3153 2455
3154 2454
3155 2455
3156 2455
3157 2455
3158 2455
3159 2455
3160 2455
3161 2455
3162 2455
3163 2455
3164 2455
3165 2455
3166 2455
3167 2454
3168 2454
3169 2454
3170 2454
3171 2454
3172 2454
3173 2454
3174 2454
3175 2454
3176 2453
3177 2453
3178 2453
3179 2453
3180 2453
3181 2453
3182 2453
3183 2453
3184 2453
3185 2453
3186 2453
3187 2452
3188 2452
3189 2452
3190 2452
3191 2452
3192 2452
3193 2452
3194 2452
3195 2452
3196 2451
3197 2452
3198 2451
3199 2451
3200 2451
3201 2451
3202 2451
3203 2451
3204 2451
3205 2451
3206 2451
3207 2451
3208 2451
3209 2450
3210 2454
3211 2451
3212 2451
3213 2454
3214 2458
3215 2452
3216 2452
3217 2450
3218 2450
3219 2452
3220 2450
3221 2451
3222 2450
3223 2451
3224 2451
3225 2451
3226 2451
3227 2451
3228 2451
3229 2451
3230 2452
3231 2451
3232 2452
3233 2453
3234 2454
3235 2453
3236 2453
3237 2453
3238 2453
3239 2453
3240 2453
3241 2452
3242 2452
3243 2452
3244 2452
3245 2452
3246 2452
3247 2452
3248 2452
3249 2451
3250 2451
3251 2451
3252 2451
3253 2451
3254 2451
3255 2451
3256 2450
3257 2450
3258 2450
3259 2450
3260 2450
3261 2450
3262 2450
3263 2450
3264 2450
3265 2449
3266 2450
3267 2449
3268 2449
3269 2449
3270 2449
3271 2449
3272 2449
3273 2449
3274 2449
3275 2449
3276 2448
3277 2448
3278 2448
3279 2448
3280 2448
3281 2448
3282 2448
3283 2448
3284 2447
3285 2448
3286 2448
3287 2448
3288 2447
3289 2447
3290 2447
3291 2447
3292 2447
3293 2447
3294 2447
3295 2447
3296 2447
3297 2447
3298 2446
3299 2446
3300 2447
3301 2447
3302 2447
3303 2446
3304 2446
3305 2446
3306 2446
3307 2446
3308 2446
3309 2446
3310 2446
3311 2446
3312 2446
3313 2446
3314 2446
3315 2446
3316 2446
3317 2445
3318 2445
3319 2445
3320 2445
3321 2445
3322 2445
3323 2445
3324 2446
3325 2445
3326 2446
3327 2446
3328 2445
3329 2446
3330 2446
3331 2446
3332 2446
3333 2447
3334 2446
3335 2446
3336 2445
3337 2446
3338 2445
3339 2444
3340 2443
3341 2443
3342 2443
3343 2442
3344 2442
3345 2442
3346 2441
3347 2441
3348 2440
3349 2440
3350 2440
3351 2440
3352 2440
3353 2440
3354 2440
3355 2440
3356 2440
3357 2440
3358 2439
3359 2440
3360 2440
3361 2440
3362 2440
3363 2440
3364 2440
3365 2440
3366 2440
3367 2440
3368 2440
3369 2440
3370 2439
3371 2439
3372 2439
3373 2440
3374 2440
3375 2440
3376 2440
3377 2440
3378 2440
3379 2440
3380 2438
3381 2438
3382 2438
3383 2439
3384 2437
3385 2437
3386 2438
3387 2440
3388 2438
3389 2438
3390 2438
3391 2438
3392 2438
3393 2440
3394 2440
3395 2439
3396 2439
3397 2439
3398 2438
3399 2437
3400 2436
3401 2436
3402 2439
3403 2439
3404 2438
3405 2438
3406 2436
3407 2436
3408 2436
3409 2436
3410 2436
3411 2436
3412 2435
3413 2435
3414 2435
3415 2435
3416 2435
3417 2435
3418 2435
3419 2435
3420 2435
3421 2435
3422 2435
3423 2434
3424 2434
3425 2435
3426 2435
3427 2434
3428 2434
3429 2434
3430 2434
3431 2434
3432 2434
3433 2434
3434 2434
3435 2440
3436 2434
3437 2434
3438 2435
3439 2435
3440 2435
3441 2435
3442 2435
3443 2436
3444 2435
3445 2435
3446 2435
3447 2435
3448 2435
3449 2434
3450 2435
3451 2434
3452 2434
3453 2434
3454 2434
3455 2434
3456 2434
3457 2434
3458 2434
3459 2435
3460 2434
3461 2435
3462 2435
3463 2435
3464 2435
3465 2438
3466 2435
3467 2435
3468 2446
3469 2436
3470 2436
3471 2437
3472 2437
3473 2437
3474 2437
3475 2438
3476 2444
3477 2438
3478 2439
3479 2439
3480 2444
3481 2443
3482 2442
3483 2442
3484 2442
3485 2442

983 2519
984 2524
985 2524
986 2520
987 2523
988 2523
989 2527
990 2528
991 2525
992 2520
993 2522
994 2522
995 2531
996 2531
997 2524
998 2518
999 2520
1000 2522
1001 2522
1002 2525
1003 2528
1004 2521
1005 2530
1006 2519
1007 2524
1008 2530
1009 2524
1010 2520
1011 2525
1012 2518
1013 2521
1014 2520
1015 2524
1016 2524
1017 2518
1018 2523
1019 2523
1020 2525
1021 2521
1022 2522
1023 2521
1024 2519
1025 2520
1026 2519
1027 2524
1028 2524
1029 2528
1030 2520
1031 2521
1032 2528
1033 2520
1034 2519
1035 2519
1036 2519
1037 2521
1038 2518
1039 2519
1040 2519
1041 2520
1042 2520
1043 2519
1044 2518
1045 2519
1046 2519
1047 2519
1048 2519
1049 2513
1050 2524
1051 2518
1052 2518
1053 2523
1054 2520
1055 2520
1056 2523
1057 2519
1058 2518
1059 2517
1060 2517
1061 2516
1062 2519
1063 2517
1064 2519
1065 2518
1066 2517
1067 2519
1068 2517
1069 2517
1070 2516
1071 2517
1072 2517
1073 2516
1074 2517
1075 2517
1076 2517
1077 2516
1078 2516
1079 2517
1080 2524
1081 2524
1082 2512
1083 2515
1084 2516
1085 2516
1086 2518
1087 2512
1088 2517
1089 2515
1090 2515
1091 2515
1092 2520
1093 2515
1094 2515
1095 2515
1096 2515
1097 2516
1098 2516
1099 2515
1100 2514
1101 2515
1102 2515
1103 2515
1104 2516
1105 2516
1106 2517
1107 2514
1108 2523
1109 2515
1110 2514
1111 2510
1112 2514
1113 2514
1114 2515
1115 2518
1116 2515
1117 2517
1118 2514
1119 2515
1120 2520
1121 2515
1122 2515
1123 2515
1124 2514
1125 2514
1126 2513
1127 2509
1128 2515
1129 2513
1130 2515
1131 2518
1132 2516
1133 2513
1134 2514
1135 2518
1136 2519
1137 2515
1138 2514
1139 2515
1140 2515
1141 2515
1142 2515
1143 2515
1144 2513
1145 2513
1146 2514
1147 2515
1148 2518
1149 2513
1150 2514
1151 2508
1152 2515
1153 2508
1154 2515
1155 2520
1156 2515
1157 2510
1158 2508
1159 2511
1160 2515
1161 2514
1162 2514
1163 2514
1164 2514
1165 2514
1166 2514
1167 2513
1168 2514
1169 2514
1170 2514
1171 2514
1172 2513
1173 2513
1174 2513
1175 2513
1176 2513
1177 2514
1178 2514
1179 2514
1180 2514
1181 2513
1182 2514
1183 2515
1184 2515
1185 2512
1186 2514
1187 2515
1188 2514
1189 2514
1190 2514
1191 2514
1192 2514
1193 2514
1194 2514
1195 2514
1196 2514
1197 2514
1198 2507
1199 2514
1200 2514
1201 2514
1202 2515
1203 2513
1204 2516
1205 2513
1206 2514
1207 2514
1208 2513
1209 2515
1210 2513
1211 2514
1212 2514
1213 2515
1214 2507
1215 2514
1216 2514
1217 2518
1218 2514
1219 2514
1220 2507
1221 2507
1222 2515
1223 2514
1224 2513
1225 2514
1226 2515
1227 2514
1228 2514
1229 2514
1230 2514
1231 2514
1232 2513
1233 2514
1234 2514
1235 2516
1236 2514
1237 2512
1238 2509
1239 2514
1240 2514
1241 2514
1242 2514
1243 2518
1244 2513
1245 2515
1246 2515
1247 2515
1248 2512
1249 2515
1250 2515
1251 2515
1252 2515
1253 2514
1254 2515
1255 2509
1256 2516
1257 2515
1258 2515
1259 2515
1260 2515
1261 2509
1262 2514
1263 2514
1264 2512
1265 2514
1266 2514
1267 2513
1268 2515
1269 2513
1270 2514
1271 2513
1272 2517
1273 2513
1274 2512
1275 2513
1276 2507
1277 2511
1278 2510
1279 2509
1280 2512
1281 2514
1282 2509
1283 2511
1284 2506
1285 2514
1286 2513
1287 2514
1288 2514
1289 2514
1290 2513
1291 2513
1292 2514
1293 2514
1294 2513
1295 2513
1296 2513
1297 2506
1298 2509
1299 2509
1300 2509
1301 2513
1302 2510
1303 2506
1304 2506
1305 2506
1306 2514
1307 2514
1308 2506
1309 2514
1310 2508
1311 2513
1312 2512
1313 2506
1314 2518
1315 2511
1316 2511
1317 2513
1318 2513
1319 2513
1320 2513
1321 2513
1322 2512
1323 2513
1324 2513
1325 2513
1326 2510
1327 2511
1328 2505
1329 2508
1330 2509
1331 2511
1332 2511
1333 2505
1334 2513
1335 2513
1336 2513
1337 2512
1338 2512
1339 2513
1340 2516
1341 2515
1342 2507
1343 2505
1344 2512
1345 2512
1346 2512
1347 2512
1348 2512
1349 2513
1350 2512
1351 2512
1352 2512
1353 2505
1354 2509
1355 2519
1356 2508
1357 2512
1358 2511
1359 2513
1360 2512
1361 2504
1362 2504
1363 2504
1364 2512
1365 2512
1366 2509
1367 2504
1368 2511
1369 2511
1370 2512
1371 2512
1372 2511
1373 2513
1374 2511
1375 2510
1376 2505
1377 2504
1378 2509
1379 2510
1380 2510
1381 2504
1382 2511
1383 2510
1384 2506
1385 2511
1386 2510
1387 2511
1388 2509
1389 2510
1390 2517
1391 2509
1392 2509
1393 2510
1394 2510
1395 2505
1396 2511
1397 2504
1398 2510
1399 2511
1400 2512
1401 2506
1402 2504
1403 2512
1404 2504
1405 2504
1406 2512
1407 2512
1408 2509
1409 2504
1410 2509
1411 2510
1412 2511
1413 2513
1414 2512
1415 2511
1416 2512
1417 2511
1418 2512
1419 2505
1420 2507
1421 2508
1422 2512
1423 2512
1424 2511
1425 2514
1426 2508
1427 2503
1428 2510
1429 2510
1430 2511
1431 2513
1432 2513
1433 2512
1434 2511
1435 2510
1436 2511
1437 2510
1438 2508
1439 2508
1440 2509
1441 2503
1442 2506
1443 2503
1444 2503
2411 2518
2412 2519
2413 2524
2414 2517
2415 2517
2416 2516
2417 2515
2418 2516
2419 2518
2420 2515
2421 2516
2422 2516
2423 2514
2424 2517
2425 2514
2426 2515
2427 2518
2428 2525
2429 2524
2430 2517
2431 2511
2432 2520
2433 2514
2434 2519
2435 2516
2436 2521
2437 2516
2438 2516
2439 2516
2440 2517
2441 2517
2442 2521
2443 2517
2444 2517
2445 2516
2446 2516
2447 2516
2448 2518
2449 2518
2450 2512
2451 2510
2452 2513
2453 2512
2454 2517
2455 2517
2456 2518
2457 2513
2458 2518
2459 2521
2460 2522
2461 2517
2462 2511
2463 2513
2464 2517
2465 2513
2466 2510
2467 2520
2468 2519
2469 2523
2470 2514
2471 2513
2472 2517
2473 2517
2474 2516
2475 2515
2476 2516
2477 2516
2478 2516
2479 2513
2480 2519
2481 2514
2482 2513
2483 2511
2484 2510
2485 2514
2486 2516
2487 2518
2488 2514
2489 2522
2490 2516
2491 2523
2492 2516
2493 2516
2494 2516
2495 2522
2496 2518
2497 2518
2498 2517
2499 2518
2500 2518
2501 2519
2502 2519
2503 2518
2504 2518
2505 2516
2506 2520
2507 2518
2508 2515
2509 2516
2510 2516
2511 2524
2512 2515
2513 2516
2514 2515
2515 2512
2516 2511
2517 2512
2518 2510
2519 2519
2520 2514
2521 2514
2522 2510
2523 2518
2524 2517
2525 2512
2526 2512
2527 2515
2528 2514
2529 2523
2530 2510
2531 2515
2532 2515
2533 2516
2534 2515
2535 2516
2536 2519
2537 2522
2538 2522
2539 2521
2540 2510
2541 2523
2542 2519
2543 2523
2544 2516
2545 2515
2546 2515
2547 2510
2548 2509
2549 2522
2550 2512
2551 2511
2552 2517
2553 2516
2554 2515
2555 2519
2556 2519
2557 2516
2558 2515
2559 2509
2560 2510
2561 2515
2562 2510
2563 2520
2564 2510
2565 2517
2566 2512
2567 2516
2568 2509
2569 2515
2570 2515
2571 2514
2572 2514
2573 2514
2574 2514
2575 2514
2576 2510
2577 2513
2578 2514
2579 2515
2580 2514
2581 2514
2582 2514
2583 2512
2584 2513
2585 2515
2586 2512
2587 2511
2588 2517
2589 2513
2590 2513
2591 2514
2592 2508
2593 2508
2594 2513
2595 2513
2596 2514
2597 2516
2598 2507
2599 2516
2600 2514
2601 2515
2602 2514
2603 2514
2604 2514
2605 2506
2606 2515
2607 2508
2608 2515
2609 2506
2610 2509
2611 2510
2612 2508
2613 2505
2614 2505
2615 2509
2616 2505
2617 2510
2618 2504
2619 2514
2620 2508
2621 2512
2622 2518
2623 2512
2624 2518
2625 2518
2626 2507
2627 2512
2628 2518
2629 2513
2630 2511
2631 2519
2632 2505
2633 2513
2634 2513
2635 2505
2636 2513
2637 2511
2638 2512
2639 2511
2640 2511
2641 2510
2642 2510
2643 2512
2644 2505
2645 2505
2646 2505
2647 2505
2648 2517
2649 2515
2650 2519
2651 2506
2652 2517
2653 2517
2654 2517
2655 2506
2656 2518
2657 2519
2658 2506
2659 2517
2660 2509
2661 2512
2662 2507
2663 2512
2664 2506
2665 2512
2666 2518
2667 2506
2668 2513
2669 2512
2670 2516
2671 2514
2672 2515
2673 2509
2674 2520
2675 2518
2676 2507
2677 2520
2678 2516
2679 2510
2680 2512
2681 2509
2682 2513
2683 2509
2684 2513
2685 2521
2686 2517
2687 2516
2688 2512
2689 2512
2690 2514
2691 2509
2692 2510
2693 2514
2694 2515
2695 2515
2696 2515
2697 2515
2698 2515
2699 2515
2700 2507
2701 2515
2702 2515
2703 2514
2704 2515
2705 2512
2706 2518
2707 2515
2708 2514
2709 2513
2710 2517
2711 2518
2712 2514
2713 2517
2714 2513
2715 2514
2716 2514
2717 2514
2718 2514
2719 2517
2720 2517
2721 2512
2722 2508
2723 2518
2724 2507
2725 2514
2726 2515
2727 2515
2728 2515
2729 2515
2730 2511
2731 2515
2732 2508
2733 2505
2734 2503

