504 2508
505 2507
506 2506
507 2506
508 2513
509 2506
510 2505
511 2508
512 2504
513 2508
514 2506
515 2507
516 2506
517 2505
518 2509
519 2506
520 2507
521 2508
522 2510
523 2510
524 2505
525 2506
526 2506
527 2507
528 2506
529 2506
530 2506
531 2506
532 2505
533 2505
534 2505
535 2505
536 2505
537 2505
538 2510
539 2510
540 2510
541 2506
542 2506
543 2507
544 2509
545 2506
546 2506
547 2506
548 2507
549 2507
550 2510
551 2510
552 2509
553 2507
554 2506
555 2508
556 2508
557 2513
558 2506
559 2506
560 2506
561 2506
562 2505
563 2510
564 2505
565 2506
566 2506
567 2506
568 2507
569 2506
570 2505
571 2506
572 2506
573 2506
574 2507
575 2505
576 2505
577 2505
578 2505
579 2505
580 2504
581 2506
582 2507
583 2504
584 2506
585 2506
586 2506
587 2506
588 2505
589 2505
590 2505
591 2506
592 2506
593 2505
594 2506
595 2506
596 2506
597 2509
598 2505
599 2506
600 2507
601 2506
602 2506
603 2507
604 2508
605 2512
606 2507
607 2507
608 2507
609 2508
610 2507
611 2507
612 2509
613 2507
614 2507
615 2507
616 2507
617 2507
618 2507
619 2507
620 2507
621 2507
622 2507
623 2507
624 2508
625 2507
626 2507
627 2507
628 2507
629 2507
630 2507
631 2508
632 2508
633 2507
634 2507
635 2507
636 2507
637 2507
638 2507
639 2507
640 2507
641 2507
642 2507
643 2507
644 2507
645 2507
646 2507
647 2507
648 2507
649 2507
650 2507
651 2507
652 2507
653 2506
654 2506
655 2506
656 2507
657 2507
658 2507
659 2511
660 2506
661 2506
662 2506
663 2507
664 2507
665 2511
666 2507
667 2507
668 2507
669 2507
670 2507
671 2507
672 2507
673 2507
674 2507
675 2507
676 2507
677 2507
678 2507
679 2507
680 2507
681 2507
682 2508
683 2507
684 2507
685 2507
686 2507
687 2507
688 2507
689 2507
690 2507
691 2507
692 2507
693 2507
694 2507
695 2507
696 2506
697 2507
698 2507
699 2507
700 2507
701 2507
702 2507
703 2507
704 2507
705 2507
706 2507
707 2507
708 2507
709 2507
710 2507
711 2507
712 2507
713 2507
714 2507
715 2507
716 2507
717 2507
718 2507
719 2506
720 2507
721 2507
722 2506
723 2506
724 2506
725 2507
726 2507
727 2506
728 2507
729 2506
730 2506
731 2506
732 2506
733 2506
734 2507
735 2506
736 2506
737 2506
738 2506
739 2506
740 2506
741 2506
742 2506
743 2506
744 2506
745 2506
746 2506
747 2506
748 2506
749 2506
750 2506
751 2506
752 2506
753 2506
754 2506
755 2506
756 2506
757 2506
758 2506
759 2506
760 2506
761 2506
762 2506
763 2506
764 2506
765 2506
766 2506
767 2506
768 2506
769 2506
770 2505
771 2505
772 2505
773 2505
774 2505
775 2506
776 2505
777 2505
778 2505
779 2505
780 2505
781 2505
782 2505
783 2505
784 2505
785 2505
786 2505
787 2505
788 2505
789 2505
790 2505
791 2504
792 2505
793 2504
794 2505
795 2505
796 2505
797 2505
798 2505
799 2504
800 2504
801 2504
802 2504
803 2504
804 2504
805 2504
806 2504
807 2504
808 2504
809 2504
810 2504
811 2504
812 2504
813 2504
814 2504
815 2504
816 2504
817 2504
818 2504
819 2503
820 2504
821 2503
822 2504
823 2503
824 2503
825 2503
826 2503
827 2503
828 2503
829 2503
830 2503
831 2503
832 2503
833 2504
834 2504
835 2503
836 2503
837 2503
838 2503
839 2503
840 2503
841 2503
842 2503
843 2504
844 2504
845 2504
846 2504
847 2504
848 2504
849 2504
850 2504
851 2504
852 2504
853 2504
854 2504
855 2504
856 2503
857 2503
858 2503
859 2503
860 2503
861 2503
862 2503
863 2503
864 2503
865 2503
866 2502
867 2503
868 2503
869 2503
870 2502
871 2502
872 2502
873 2502
874 2502
875 2502
876 2502
877 2502
878 2502
879 2502
880 2502
881 2502
882 2502
883 2502
884 2502
885 2502
886 2502
887 2502
888 2502
889 2502
890 2503
891 2503
892 2502
893 2503
894 2503
895 2503
896 2503
897 2503
898 2503
899 2503
900 2503
901 2503
902 2502
903 2502
904 2503
905 2503
906 2503
907 2502
908 2502
909 2502
910 2503
911 2503
912 2503
913 2503
914 2503
915 2502
916 2503
917 2503
918 2503
919 2503
920 2502
921 2502
922 2502
923 2502
924 2502
925 2502
926 2502
927 2502
928 2502
929 2502
930 2502
931 2501
932 2502
933 2502
934 2503
935 2502
936 2504
937 2502
938 2503
939 2502
940 2502
941 2502
942 2503
943 2501
944 2502
945 2502
946 2502
947 2502
948 2502
949 2502
950 2502
951 2502
952 2501
953 2501
954 2502
955 2502
956 2501
957 2501
958 2501
959 2501
960 2501
961 2501
962 2501
963 2501
964 2500
965 2501
966 2500
967 2500
968 2500
969 2500
970 2500
971 2500
972 2500
973 2500
974 2500
975 2500
976 2500
977 2500
978 2500
979 2500
980 2500
981 2500
982 2500
983 2500
984 2500
985 2501
986 2501
987 2500
988 2500
989 2500
990 2500
991 2500
992 2500
993 2500
994 2500
995 2500
996 2500
997 2500
998 2501
999 2500
1000 2500
1001 2501
1002 2501
1003 2501
1004 2500
1005 2500
1006 2501
1007 2501
1008 2500
1009 2499
1010 2504
1011 2500
1012 2503
1013 2497
1014 2506
1015 2499
1016 2500
1017 2497
1018 2497
1019 2497
1020 2497
1021 2498
1022 2503
1023 2499
1024 2499
1025 2499
1026 2498
1027 2499
1028 2499
1029 2498
1030 2499
1031 2499
1032 2499
1033 2499
1034 2499
1035 2499
1036 2499
1037 2499
1038 2498
1039 2498
1040 2498
1041 2498
1042 2498
1043 2498
1044 2498
1045 2498
1046 2498
1047 2498
1048 2498
1049 2498
1050 2499
1051 2499
1052 2499
1053 2498
1054 2498
1055 2498
1056 2498
1057 2498
1058 2498
1059 2498
1060 2498
1061 2497
1062 2498
1063 2497
1064 2498
1065 2498
1066 2498
1067 2497
1068 2497
1069 2497
1070 2497
1071 2498
1072 2498
1073 2497
1074 2498
1075 2497
1076 2498
1077 2497
1078 2498
1079 2498
1080 2498
1081 2498
1082 2498
1083 2498
1084 2498
1085 2498
1086 2498
1087 2498
1088 2498
1089 2497
1090 2497
1091 2498
1092 2498
1093 2498
1094 2498
1095 2498
1096 2497
1097 2498
1098 2498
1099 2498
1100 2498
1101 2498
1102 2497
1103 2498
1104 2498
1105 2498
1106 2497
1107 2497
1108 2498
1109 2498
1110 2497
1111 2498
1112 2497
1113 2498
1114 2498
1115 2498
1116 2498
1117 2498
1118 2498
1119 2497
1120 2497
1121 2498
1122 2497
1123 2501
1124 2497
1125 2497
1126 2497
1127 2498
1128 2497
1129 2497
1130 2498
1131 2497
1132 2498
1133 2497
1134 2497
1135 2497
1136 2497
1137 2497
1138 2498
1139 2497
1140 2497
1141 2498
1142 2498
1143 2497
1144 2497
1145 2497
1146 2497
1147 2498
1148 2497
1149 2499
1150 2498
1151 2497
1152 2497
1153 2498
1154 2498
1155 2498
1156 2498
1157 2498
1158 2497
1159 2497
1160 2498
1161 2497
1162 2496
1163 2496
1164 2497
1165 2497
1166 2497
1167 2497
1168 2496
1169 2497
1170 2497
1171 2497
1172 2497
1173 2497
1174 2497
1175 2497
1176 2496
1177 2497
1178 2497
1179 2498
1180 2497
1181 2497
1182 2497
1183 2496
1184 2496
1185 2497
1186 2497
1187 2496
1188 2496
1189 2497
1190 2497
1191 2497
1192 2496
1193 2496
1194 2496
1195 2496
1196 2496
1197 2496
1198 2496
1199 2499
1200 2497
1201 2496
1202 2496
1203 2497
1204 2500
1205 2497
1206 2497
1207 2497
1208 2497
1209 2497
1210 2498
1211 2498
1212 2496
1213 2496
1214 2496
1215 2496
1216 2497
1217 2497
1218 2496
1219 2497
1220 2497
1221 2497
1222 2497
1223 2497
1224 2497
1225 2497
1226 2497
1227 2497
1228 2497
1229 2496
1230 2497
1231 2497
1232 2497
1233 2497
1234 2497
1235 2497
1236 2497
1237 2497
1238 2497
1239 2496
1240 2496
1241 2496
1242 2496
1243 2497
1244 2497
1245 2497
1246 2497
1247 2497
1248 2497
1249 2497
1250 2497
1251 2497
1252 2497
1253 2497
1254 2496
1255 2496
1256 2496
1257 2496
1258 2496
1259 2497
1260 2496
1261 2496
1262 2496
1263 2496
1264 2496
1265 2496
1266 2496
1267 2496
1268 2496
1269 2496
1270 2496
1271 2496
1272 2496
1273 2496
1274 2496
1275 2495
1276 2496
1277 2495
1278 2495
1279 2495
1280 2496
1281 2496
1282 2496
1283 2496
1284 2495
1285 2495
1286 2495
1287 2495
1288 2496
1289 2495
1290 2495
1291 2496
1292 2496
1293 2496
1294 2495
1295 2495
1296 2495
1297 2495
1298 2495
1299 2495
1300 2495
1301 2495
1302 2495
1303 2495
1304 2495
1305 2495
1306 2495
1307 2495
1308 2495
1309 2495
1310 2495
1311 2495
1312 2495
1313 2495
1314 2495
1315 2495
1316 2495
1317 2495
1318 2494
1319 2495
1320 2494
1321 2494
1322 2495
1323 2494
1324 2494
1325 2494
1326 2494
1327 2494
1328 2494
1329 2494
1330 2494
1331 2494
1332 2494
1333 2494
1334 2494
1335 2494
1336 2494
1337 2494
1338 2494
1339 2494
1340 2494
1341 2494
1342 2494
1343 2494
1344 2495
1345 2494
1346 2494
1347 2494
1348 2493
1349 2493
1350 2493
1351 2493
1352 2493
1353 2493
1354 2493
1355 2494
1356 2493
1357 2494
1358 2494
1359 2494
1360 2493
1361 2494
1362 2493
1363 2493
1364 2493
1365 2493
1366 2494
1367 2494
1368 2493
1369 2494
1370 2493
1371 2494
1372 2494
1373 2494
1374 2493
1375 2494
1376 2497
1377 2493
1378 2493
1379 2494
1380 2493
1381 2493
1382 2493
1383 2493
1384 2493
1385 2493
1386 2493
1387 2493
1388 2493
1389 2492
1390 2493
1391 2492
1392 2493
1393 2493
1394 2493
1395 2493
1396 2493
1397 2493
1398 2492
1399 2493
1400 2493
1401 2493
1402 2493
1403 2493
1404 2492
1405 2492
1406 2493
1407 2493
1408 2493
1409 2492
1410 2492
1411 2492
1412 2492
1413 2492
1414 2493
1415 2493
1416 2493
1417 2493
1418 2492
1419 2492
1420 2492
1421 2492
1422 2492
1423 2492
1424 2492
1425 2492
1426 2492
1427 2492
1428 2492
1429 2492
1430 2492
1431 2492
1432 2491
1433 2496
1434 2492
1435 2492
1436 2491
1437 2492
1438 2491
1439 2491
1440 2491
1441 2492
1442 2491
1443 2492
1444 2491
1445 2491
1446 2491
1447 2492
1448 2495
1449 2491
1450 2491
1451 2491
1452 2493
1453 2492
1454 2492
1455 2492
1456 2492
1457 2493
1458 2492
1459 2491
1460 2491
1461 2492
1462 2491
1463 2491
1464 2491
1465 2491
1466 2491
1467 2492
1468 2492
1469 2491
1470 2491
1471 2491
1472 2491
1473 2492
1474 2491
1475 2491
1476 2492
1477 2492
1478 2492
1479 2491
1480 2491
1481 2491
1482 2491
1483 2491
1484 2491
1485 2491
1486 2491
1487 2491
1488 2491
1489 2491
1490 2491
1491 2491
1492 2491
1493 2490
1494 2491
1495 2491
1496 2491
1497 2491
1498 2491
1499 2491
1500 2491
1501 2491
1502 2491
1503 2491
1504 2491
1505 2491
1506 2491
1507 2491
1508 2491
1509 2490
1510 2490
1511 2491
1512 2491
1513 2490
1514 2490
1515 2491
1516 2491
1517 2490
1518 2490
1519 2490
1520 2490
1521 2491
1522 2490
1523 2491
1524 2490
1525 2490
1526 2490
1527 2490
1528 2490
1529 2490
1530 2490
1531 2490
1532 2490
1533 2490
1534 2490
1535 2490
1536 2490
1537 2490
1538 2490
1539 2490
1540 2490
1541 2490
1542 2490
1543 2489
1544 2490
1545 2490
1546 2490
1547 2490
1548 2490
1549 2490
1550 2490
1551 2490
1552 2489
1553 2489
1554 2490
1555 2490
1556 2490
1557 2490
1558 2490
1559 2490
1560 2489
1561 2489
1562 2489
1563 2489
1564 2490
1565 2490
1566 2490
1567 2489
1568 2489
1569 2489
1570 2490
1571 2489
1572 2489
1573 2489
1574 2489
1575 2489
1576 2489
1577 2490
1578 2489
1579 2490
1580 2489
1581 2490
1582 2490
1583 2489
1584 2489
1585 2489
1586 2489
1587 2489
1588 2489
1589 2489
1590 2488
1591 2489
1592 2489
1593 2488
1594 2488
1595 2488
1596 2489
1597 2489
1598 2489
1599 2489
1600 2489
1601 2489
1602 2489
1603 2489
1604 2489
1605 2489
1606 2489
1607 2488
1608 2489
1609 2489
1610 2489
1611 2489
1612 2489
1613 2489
1614 2489
1615 2489
1616 2489
1617 2488
1618 2489
1619 2489
1620 2488
1621 2488
1622 2488
1623 2488
1624 2488
1625 2489
1626 2489
1627 2489
1628 2489
1629 2489
1630 2489
1631 2489
1632 2489
1633 2489
1634 2489
1635 2489
1636 2489
1637 2488
1638 2489
1639 2489
1640 2488
1641 2488
1642 2488
1643 2488
1644 2489
1645 2489
1646 2489
1647 2488
1648 2488
1649 2489
1650 2489
1651 2489
1652 2489
1653 2489
1654 2489
1655 2488
1656 2489
1657 2489
1658 2489
1659 2489
1660 2489
1661 2488
1662 2488
1663 2488
1664 2488
1665 2488
1666 2488
1667 2488
1668 2488
1669 2488
1670 2488
1671 2488
1672 2488
1673 2488
1674 2488
1675 2488
1676 2488
1677 2488
1678 2488
1679 2488
1680 2488
1681 2488
1682 2488
1683 2489
1684 2489
1685 2488
1686 2487
1687 2488
1688 2488
1689 2488
1690 2488
1691 2488
1692 2489
1693 2488
1694 2488
1695 2488
1696 2488
1697 2488
1698 2488
1699 2488
1700 2489
1701 2489
1702 2488
1703 2489
1704 2489
1705 2489
1706 2489
1707 2488
1708 2488
1709 2489
1710 2489
1711 2489
1712 2489
1713 2489
1714 2489
1715 2489
1716 2488
1717 2489
1718 2489
1719 2489
1720 2489
1721 2489
1722 2489
1723 2489
1724 2489
1725 2489
1726 2489
1727 2489
1728 2489
1729 2489
1730 2489
1731 2489
1732 2489
1733 2489
1734 2489
1735 2489
1736 2489
1737 2489
1738 2489
1739 2489
1740 2489
1741 2489
1742 2489
1743 2489
1744 2489
1745 2489
1746 2489
1747 2489
1748 2489
1749 2489
1750 2489
1751 2489
1752 2489
1753 2489
1754 2489
1755 2489
1756 2489
1757 2489
1758 2489
1759 2489
1760 2490
1761 2489
1762 2491
1763 2489
1764 2489
1765 2490
1766 2490
1767 2490
1768 2490
1769 2490
1770 2490
1771 2489
1772 2489
1773 2489
1774 2489
1775 2489
1776 2489
1777 2489
1778 2489
1779 2489
1780 2490
1781 2490
1782 2490
1783 2489
1784 2489
1785 2489
1786 2489
1787 2489
1788 2489
1789 2489
1790 2489
1791 2490
1792 2489
1793 2489
1794 2489
1795 2490
1796 2490
1797 2489
1798 2490
1799 2489
1800 2489
1801 2489
1802 2489
1803 2489
1804 2489
1805 2489
1806 2490
1807 2490
1808 2490
1809 2490
1810 2490
1811 2490
1812 2490
1813 2490
1814 2490
1815 2490
1816 2490
1817 2490
1818 2490
1819 2490
1820 2490
1821 2490
1822 2490
1823 2490
1824 2490
1825 2490
1826 2490
1827 2490
1828 2490
1829 2491
1830 2490
1831 2490
1832 2490
1833 2490
1834 2490
1835 2490
1836 2490
1837 2490
1838 2491
1839 2490
1840 2490
1841 2490
1842 2490
1843 2490
1844 2491
1845 2490
1846 2491
1847 2490
1848 2491
1849 2490
1850 2491
1851 2490
1852 2490
1853 2491
1854 2490
1855 2490
1856 2490
1857 2490
1858 2491
1859 2490
1860 2491
1861 2491
1862 2491
1863 2490
1864 2490
1865 2491
1866 2490
1867 2491
1868 2491
1869 2491
1870 2491
1871 2491
1872 2491
1873 2491
1874 2491
1875 2491
1876 2491
1877 2491
1878 2491
1879 2491
1880 2491
1881 2491
1882 2491
1883 2491
1884 2491
1885 2491
1886 2491
1887 2491
1888 2491
1889 2491
1890 2491
1891 2491
1892 2491
1893 2491
1894 2491
1895 2491
1896 2491
1897 2491
1898 2491
1899 2491
1900 2491
1901 2491
1902 2491
1903 2491
1904 2491
1905 2491
1906 2491
1907 2491
1908 2491
1909 2491
1910 2491
1911 2491
1912 2491
1913 2491
1914 2491
1915 2492
1916 2491
1917 2491
1918 2491
1919 2491
1920 2491
1921 2491
1922 2491
1923 2492
1924 2491
1925 2492
1926 2492
1927 2492
1928 2492
1929 2492
1930 2492
1931 2492
1932 2492
1933 2492
1934 2492
1935 2492
1936 2492
1937 2492
1938 2492
1939 2492
1940 2492
1941 2492
1942 2492
1943 2492
1944 2492
1945 2492
1946 2492
1947 2492
1948 2492
1949 2492
1950 2492
1951 2492
1952 2492
1953 2492
1954 2492
1955 2492
1956 2492
1957 2492
1958 2492
1959 2492
1960 2492
1961 2492
1962 2492
1963 2492
1964 2492
1965 2491
1966 2492
1967 2492
1968 2492
1969 2492
1970 2492
1971 2492
1972 2492
1973 2492
1974 2492
1975 2492
1976 2492
1977 2492
1978 2491
1979 2492
1980 2492
1981 2492
1982 2492
1983 2492
1984 2492
1985 2492
1986 2492
1987 2492
1988 2492
1989 2492
1990 2492
1991 2492
1992 2492
1993 2492
1994 2492
1995 2492
1996 2492
1997 2492
1998 2492
1999 2492
2000 2492
2001 2492
2002 2492
2003 2492
2004 2492
2005 2492
2006 2492
2007 2492
2008 2492
2009 2492
2010 2492
2011 2492
2012 2492
2013 2492
2014 2492
2015 2492
2016 2492
2017 2492
2018 2492
2019 2492
2020 2492
2021 2492
2022 2492
2023 2492
2024 2492
2025 2492
2026 2492
2027 2492
2028 2492
2029 2492
2030 2492
2031 2492
2032 2492
2033 2492
2034 2492
2035 2492
2036 2492
2037 2492
2038 2492
2039 2492
2040 2495
2041 2496
2042 2492
2043 2492
2044 2492
2045 2492
2046 2492
2047 2492
2048 2492
2049 2492
2050 2492
2051 2492
2052 2492
2053 2492
2054 2492
2055 2494
2056 2492
2057 2493
2058 2493
2059 2493
2060 2494
2061 2493
2062 2493
2063 2493
2064 2493
2065 2494
2066 2494
2067 2494
2068 2492
2069 2492
2070 2493
2071 2495
2072 2492
2073 2492
2074 2492
2075 2492
2076 2492
2077 2492
2078 2492
2079 2492
2080 2492
2081 2493
2082 2492
2083 2492
2084 2492
2085 2492
2086 2493
2087 2492
2088 2493
2089 2492
2090 2493
2091 2493
2092 2493
2093 2492
2094 2493
2095 2492
2096 2492
2097 2492
2098 2492
2099 2492
2100 2492
2101 2492
2102 2493
2103 2492
2104 2493
2105 2492
2106 2492
2107 2492
2108 2492
2109 2492
2110 2492
2111 2492
2112 2494
2113 2492
2114 2493
2115 2493
2116 2492
2117 2492
2118 2493
2119 2493
2120 2493
2121 2494
2122 2492
2123 2492
2124 2492
2125 2492
2126 2493
2127 2492
2128 2492
2129 2492
2130 2492
2131 2492
2132 2492
2133 2492
2134 2492
2135 2492
2136 2493
2137 2492
2138 2492
2139 2492
2140 2492
2141 2492
2142 2493
2143 2492
2144 2493
2145 2493
2146 2493
2147 2492
2148 2493
2149 2492
2150 2492
2151 2493
2152 2492
2153 2493
2154 2492
2155 2493
2156 2493
2157 2492
2158 2493
2159 2492
2160 2492
2161 2492
2162 2493
2163 2492
2164 2492
2165 2492
2166 2492
2167 2492
2168 2492
2169 2492
2170 2492
2171 2492
2172 2492
2173 2492
2174 2492
2175 2492
2176 2493
2177 2493
2178 2492
2179 2492
2180 2493
2181 2492
2182 2493
2183 2492
2184 2493
2185 2493
2186 2493
2187 2492
2188 2492
2189 2493
2190 2492
2191 2492
2192 2493
2193 2493
2194 2493
2195 2493
2196 2493
2197 2493
2198 2493
2199 2493
2200 2493
2201 2493
2202 2493
2203 2493
2204 2493
2205 2493
2206 2493
2207 2493
2208 2493
2209 2492
2210 2492
2211 2492
2212 2492
2213 2492
2214 2492
2215 2492
2216 2492
2217 2492
2218 2492
2219 2493
2220 2493
2221 2492
2222 2493
2223 2493
2224 2493
2225 2493
2226 2493
2227 2493
2228 2493
2229 2493
2230 2493
2231 2493
2232 2492
2233 2492
2234 2492
2235 2492
2236 2491
2237 2491
2238 2491
2239 2491
2240 2491
2241 2491
2242 2491
2243 2491
2244 2491
2245 2491
2246 2490
2247 2490
2248 2490
2249 2490
2250 2490
2251 2490
2252 2490
2253 2490
2254 2490
2255 2490
2256 2490
2257 2489
2258 2489
2259 2489
2260 2488
2261 2489
2262 2488
2263 2488
2264 2487
2265 2488
2266 2488
2267 2488
2268 2488
2269 2489
2270 2489
2271 2489
2272 2489
2273 2489
2274 2488
2275 2488
2276 2488
2277 2487
2278 2487
2279 2488
2280 2487
2281 2487
2282 2487
2283 2487
2284 2486
2285 2486
2286 2486
2287 2486
2288 2486
2289 2486
2290 2486
2291 2486
2292 2486
2293 2486
2294 2487
2295 2487
2296 2487
2297 2488
2298 2488
2299 2488
2300 2488
2301 2489
2302 2489
2303 2490
2304 2490
2305 2490
2306 2490
2307 2489
2308 2490
2309 2492
2310 2489
2311 2489
2312 2490
2313 2490
2314 2490
2315 2492
2316 2489
2317 2489
2318 2490
2319 2490
2320 2489
2321 2489
2322 2490
2323 2489
2324 2490
2325 2490
2326 2490
2327 2489
2328 2489
2329 2489
2330 2489
2331 2489
2332 2490
2333 2489
2334 2489
2335 2489
2336 2490
2337 2489
2338 2489
2339 2489
2340 2489
2341 2489
2342 2489
2343 2489
2344 2490
2345 2490
2346 2489
2347 2489
2348 2489
2349 2489
2350 2489
2351 2489
2352 2489
2353 2489
2354 2489
2355 2489
2356 2488
2357 2488
2358 2488
2359 2488
2360 2489
2361 2488
2362 2488
2363 2488
2364 2488
2365 2488
2366 2488
2367 2489
2368 2489
2369 2489
2370 2490
2371 2489
2372 2489
2373 2489
2374 2488
2375 2488
2376 2488
2377 2488
2378 2488
2379 2488
2380 2488
2381 2488
2382 2487
2383 2487
2384 2487
2385 2487
2386 2487
2387 2487
2388 2487
2389 2487
2390 2487
2391 2487
2392 2487
2393 2487
2394 2487
2395 2487
2396 2487
2397 2486
2398 2486
2399 2487
2400 2486
2401 2487
2402 2487
2403 2486
2404 2486
2405 2486
2406 2486
2407 2486
2408 2486
2409 2486
2410 2486
2411 2486
2412 2486
2413 2486
2414 2486
2415 2486
2416 2485
2417 2485
2418 2484
2419 2484
2420 2485
2421 2485
2422 2484
2423 2484
2424 2484
2425 2483
2426 2484
2427 2484
2428 2484
2429 2484
2430 2483
2431 2483
2432 2485
2433 2485
2434 2485
2435 2485
2436 2485
2437 2485
2438 2485
2439 2484
2440 2486
2441 2486
2442 2490
2443 2488
2444 2485
2445 2485
2446 2483
2447 2483
2448 2482
2449 2483
2450 2483
2451 2483
2452 2482
2453 2482
2454 2482
2455 2482
2456 2482
2457 2482
2458 2482
2459 2482
2460 2482
2461 2482
2462 2482
2463 2483
2464 2483
2465 2483
2466 2482
2467 2482
2468 2482
2469 2482
2470 2482
2471 2482
2472 2482
2473 2482
2474 2482
2475 2482
2476 2482
2477 2482
2478 2482
2479 2482
2480 2482
2481 2482
2482 2481
2483 2481
2484 2481
2485 2481
2486 2482
2487 2482
2488 2482
2489 2482
2490 2481
2491 2482
2492 2482
2493 2482
2494 2482
2495 2482
2496 2481
2497 2482
2498 2482
2499 2487
2500 2482
2501 2481
2502 2481
2503 2481
2504 2481
2505 2481
2506 2481
2507 2481
2508 2480
2509 2481
2510 2482
2511 2481
2512 2481
2513 2481
2514 2481
2515 2481
2516 2481
2517 2481
2518 2481
2519 2481
2520 2481
2521 2481
2522 2481
2523 2481
2524 2481
2525 2481
2526 2481
2527 2481
2528 2481
2529 2480
2530 2480
2531 2480
2532 2480
2533 2480
2534 2480
2535 2480
2536 2480
2537 2480
2538 2480
2539 2480
2540 2479
2541 2479
2542 2479
2543 2479
2544 2479
2545 2479
2546 2479
2547 2479
2548 2479
2549 2479
2550 2479
2551 2479
2552 2479
2553 2478
2554 2478
2555 2478
2556 2478
2557 2478
2558 2478
2559 2477
2560 2481
2561 2478
2562 2478
2563 2478
2564 2478
2565 2478
2566 2477
2567 2477
2568 2478
2569 2477
2570 2477
2571 2477
2572 2477
2573 2477
2574 2477
2575 2477
2576 2478
2577 2477
2578 2476
2579 2476
2580 2476
2581 2476
2582 2476
2583 2476
2584 2476
2585 2476
2586 2476
2587 2476
2588 2477
2589 2476
2590 2476
2591 2476
2592 2476
2593 2476
2594 2475
2595 2475
2596 2475
2597 2475
2598 2475
2599 2474
2600 2474
2601 2474
2602 2474
2603 2474
2604 2473
2605 2473
2606 2473
2607 2474
2608 2473
2609 2473
2610 2473
2611 2473
2612 2473
2613 2474
2614 2473
2615 2472
2616 2472
2617 2472
2618 2471
2619 2471
2620 2471
2621 2471
2622 2472
2623 2472
2624 2471
2625 2471
2626 2471
2627 2473
2628 2471
2629 2471
2630 2471
2631 2470
2632 2470
2633 2471
2634 2474
2635 2470
2636 2472
2637 2470
2638 2470
2639 2470
2640 2471
2641 2470
2642 2470
2643 2470
2644 2470
2645 2469
2646 2469
2647 2469
2648 2469
2649 2469
2650 2470
2651 2469
2652 2468
2653 2469
2654 2468
2655 2468
2656 2468
2657 2468
2658 2468
2659 2468
2660 2468
2661 2469
2662 2468
2663 2467
2664 2468
2665 2467
2666 2467
2667 2468
2668 2468
2669 2468
2670 2468
2671 2467
2672 2468
2673 2468
2674 2468
2675 2468
2676 2467
2677 2468
2678 2467
2679 2467
2680 2467
2681 2467
2682 2468
2683 2467
2684 2467
2685 2467
2686 2467
2687 2467
2688 2467
2689 2467
2690 2467
2691 2467
2692 2467
2693 2467
2694 2467
2695 2467
2696 2467
2697 2467
2698 2467
2699 2467
2700 2466
2701 2466
2702 2466
2703 2466
2704 2466
2705 2467
2706 2466
2707 2466
2708 2467
2709 2466
2710 2471
2711 2465
2712 2465
2713 2466
2714 2466
2715 2465
2716 2465
2717 2465
2718 2465
2719 2465
2720 2469
2721 2465
2722 2465
2723 2465
2724 2465
2725 2465
2726 2465
2727 2465
2728 2465
2729 2465
2730 2464
2731 2465

776 2557
777 2550
778 2551
779 2553
780 2550
781 2550
782 2549
783 2549
784 2551
785 2550
786 2546
787 2551
788 2557
789 2551
790 2551
791 2548
792 2555
793 2554
794 2548
795 2551
796 2555
797 2552
798 2553
799 2556
800 2555
801 2550
802 2551
803 2553
804 2548
805 2551
806 2546
807 2552
808 2552
809 2554
810 2549
811 2543
812 2553
813 2549
814 2551
815 2549
816 2556
817 2557
818 2549
819 2546
820 2554
821 2556
822 2555
823 2550
824 2551
825 2556
826 2555
827 2548
828 2554
829 2552
830 2548
831 2551
832 2548
833 2550
834 2553
835 2553
836 2554
837 2550
838 2548
839 2548
840 2550
841 2548
842 2547
843 2555
844 2542
845 2550
846 2550
847 2554
848 2555
849 2547
850 2548
851 2549
852 2549
853 2555
854 2548
855 2549
856 2551
857 2542
858 2551
859 2546
860 2547
861 2547
862 2549
863 2553
864 2548
865 2549
866 2545
867 2543
868 2548
869 2549
870 2542
871 2556
872 2542
873 2542
874 2542
875 2555
876 2547
877 2548
878 2555
879 2541
880 2554
881 2545
882 2542
883 2540
884 2540
885 2543
886 2543
887 2544
888 2550
889 2545
890 2546
891 2545
892 2538
893 2545
894 2551
895 2539
896 2539
897 2541
898 2539
899 2545
900 2546
901 2545
902 2540
903 2541
904 2543
905 2543
906 2540
907 2545
908 2537
909 2544
910 2545
911 2543
912 2541
913 2535
914 2538
915 2542
916 2539
917 2539
918 2540
919 2538
920 2535
921 2548
922 2542
923 2544
924 2538
925 2547
926 2535
927 2543
928 2537
929 2539
930 2532
931 2532
932 2533
933 2533
934 2539
935 2537
936 2540
937 2538
938 2538
939 2531
940 2541
941 2536
942 2540
943 2534
944 2530
945 2531
946 2544
947 2537
948 2538
949 2539
950 2531
951 2537
952 2533
953 2538
954 2541
955 2531
956 2535
957 2536
958 2529
959 2537
960 2532
961 2530
962 2535
963 2532
964 2537
965 2530
966 2533
967 2531
968 2536
969 2527
970 2529
971 2530
972 2536
973 2534
974 2531
975 2534
976 2525
977 2529
978 2530
979 2534
980 2536
981 2527
982 2534
983 2531
984 2531
985 2535
986 2525
987 2531
988 2533
989 2525
990 2538
991 2524
992 2531
993 2524
994 2531
995 2535
996 2528
997 2524
998 2529
999 2525
1000 2525
1001 2528
1002 2533
1003 2527
1004 2530
1005 2534
1006 2531
1007 2525
1008 2537
1009 2538
1010 2536
1011 2536
1012 2527
1013 2535
1014 2526
1015 2526
1016 2529
1017 2524
1018 2525
1019 2536
1020 2528
1021 2530
1022 2530
1023 2530
1024 2532
1025 2529
1026 2523
1027 2526
1028 2527
1029 2529
1030 2535
1031 2527
1032 2531
1033 2530
1034 2530
1035 2529
1036 2526
1037 2530
1038 2525
1039 2526
1040 2526
1041 2536
1042 2527
1043 2525
1044 2527
1045 2532
1046 2528
1047 2535
1048 2531
1049 2527
1050 2527
1051 2529
1052 2523
1053 2524
1054 2532
1055 2522
1056 2521
1057 2533
1058 2521
1059 2531
1060 2525
1061 2524
1062 2534
1063 2521
1064 2521
1065 2530
1066 2530
1067 2532
1068 2524
1069 2525
1070 2526
1071 2532
1072 2524
1073 2525
1074 2526
1075 2526
1076 2528
1077 2526
1078 2526
1079 2524
1080 2525
1081 2525
1082 2526
1083 2522
1084 2525
1085 2525
1086 2527
1087 2525
1088 2525
1089 2525
1090 2527
1091 2532
1092 2532
1093 2528
1094 2526
1095 2532
1096 2524
1097 2522
1098 2525
1099 2525
1100 2524
1101 2526
1102 2525
1103 2525
1104 2526
1105 2526
1106 2527
1107 2529
1108 2524
1109 2524
1110 2524
1111 2526
1112 2524
1113 2525
1114 2524
1115 2525
1116 2531
1117 2525
1118 2526
1119 2526
1120 2535
1121 2528
1122 2527
1123 2528
1124 2529
1125 2521
1763 2523
1764 2516
1765 2519
1766 2513
1767 2521
1768 2519
1769 2520
1770 2519
1771 2515
1772 2518
1773 2514
1774 2516
1775 2511
1776 2516
1777 2523
1778 2522
1779 2517
1780 2520
1781 2512
1782 2510
1783 2515
1784 2509
1785 2516
1786 2514
1787 2515
1788 2515
1789 2514
1790 2514
1791 2515
1792 2514
1793 2507
1794 2519
1795 2507
1796 2515
1797 2509
1798 2513
1799 2512
1800 2507
1801 2521
1802 2519
1803 2515
1804 2510
1805 2513
1806 2512
1807 2511
1808 2508
1809 2511
1810 2512
1811 2518
1812 2506
1813 2506
1814 2520
1815 2516
1816 2513
1817 2508
1818 2506
1819 2506
1820 2505
1821 2508
1822 2510
1823 2511
1824 2509
1825 2510
1826 2510
1827 2506
1828 2511
1829 2511
1830 2511
1831 2511
1832 2509
1833 2510
1834 2511
1835 2511
1836 2510
1837 2511
1838 2510
1839 2510
1840 2510
1841 2509
1842 2510
1843 2511
1844 2511
1845 2510
1846 2509
1847 2514
1848 2511
1849 2511
1850 2511
1851 2508
1852 2511
1853 2512
1854 2511
1855 2516
1856 2505
1857 2511
1858 2517
1859 2512
1860 2511
1861 2505
1862 2516
1863 2515
1864 2513
1865 2512
1866 2513
1867 2516
1868 2513
1869 2509
1870 2517
1871 2512
1872 2511
1873 2512
1874 2512
1875 2512
1876 2512
1877 2512
1878 2512
1879 2512
1880 2511
1881 2506
1882 2512
1883 2511
1884 2516
1885 2512
1886 2512
1887 2517
1888 2512
1889 2511
1890 2516
1891 2511
1892 2521
1893 2510
1894 2507
1895 2516
1896 2511
1897 2520
1898 2511
1899 2510
1900 2511
1901 2511
1902 2510
1903 2517
1904 2513
1905 2512
1906 2516
1907 2517
1908 2516
1909 2511
1910 2515
1911 2512
1912 2515
1913 2515
1914 2514
1915 2515
1916 2514
1917 2510
1918 2516
1919 2516
1920 2516
1921 2514
1922 2517
1923 2514
1924 2509
1925 2510
1926 2515
1927 2513
1928 2518
1929 2517
1930 2510
1931 2513
1932 2513
1933 2512
1934 2516
1935 2516
1936 2512
1937 2512
1938 2515
1939 2513
1940 2513
1941 2513
1942 2512
1943 2512
1944 2511
1945 2510
1946 2510
1947 2511
1948 2510
1949 2524
1950 2518
1951 2522
1952 2514
1953 2515
1954 2515
1955 2519
1956 2521
1957 2519
1958 2520
1959 2512
1960 2516
1961 2520
1962 2518
1963 2521
1964 2515
1965 2518
1966 2512
1967 2512
1968 2525
1969 2522
1970 2516
1971 2521
1972 2515
1973 2519
1974 2520
1975 2519
1976 2518
1977 2516
1978 2519
1979 2515
1980 2515
1981 2518
1982 2519
1983 2516
1984 2515
1985 2516
1986 2523
1987 2516
1988 2525
1989 2516
1990 2523
1991 2526
1992 2527
1993 2527
1994 2520
1995 2522
1996 2520
1997 2522
1998 2519
1999 2518
2000 2519
2001 2519
2002 2520
2003 2519
2004 2516
2005 2524
2006 2519
2007 2519
2008 2519
2009 2519
2010 2519
2011 2518
2012 2518
2013 2516
2014 2518
2015 2518
2016 2517
2017 2517
2018 2520
2019 2518
2020 2517
2021 2524
2022 2520
2023 2516
2024 2516
2025 2514
2026 2518
2027 2516
2028 2513
2029 2514
2030 2516
2031 2512
2032 2514
2033 2517
2034 2514
2035 2515
2036 2520
2037 2520
2038 2515
2039 2521
2040 2515
2041 2514
2042 2514
2043 2514
2044 2513
2045 2519
2046 2516
2047 2515
2048 2515
2049 2521
2050 2519
2051 2518
2052 2521
2053 2521
2054 2519
2055 2514
2056 2517
2057 2515
2058 2507
2059 2507
2060 2515
2061 2515
2062 2506
2063 2509
2064 2507

