3275 2487
3276 2486
3277 2486
3278 2486
3279 2486
3280 2486
3281 2486
3282 2487
3283 2487
3284 2486
3285 2487
3286 2486
3287 2486
3288 2486
3289 2486
3290 2486
3291 2487
3292 2487
3293 2486
3294 2487
3295 2486
3296 2486
3297 2486
3298 2486
3299 2486
3300 2486
3301 2487
3302 2487
3303 2486
3304 2487
3305 2489
3306 2488
3307 2489
3308 2486
3309 2487
3310 2487
3311 2487
3312 2487
3313 2487
3314 2487
3315 2486
3316 2487
3317 2486
3318 2486
3319 2486
3320 2486
3321 2486
3322 2486
3323 2486
3324 2486
3325 2485
3326 2485
3327 2485
3328 2485
3329 2485
3330 2485
3331 2485
3332 2485
3333 2485
3334 2485
3335 2485
3336 2485
3337 2485
3338 2485
3339 2485
3340 2485
3341 2485
3342 2485
3343 2485
3344 2485
3345 2486
3346 2489
3347 2485
3348 2485
3349 2485
3350 2485
3351 2485
3352 2485
3353 2486
3354 2485
3355 2485
3356 2485
3357 2486
3358 2486
3359 2486
3360 2486
3361 2486
3362 2485
3363 2486
3364 2486
3365 2486
3366 2486
3367 2486
3368 2486
3369 2486
3370 2486
3371 2486
3372 2486
3373 2486
3374 2486
3375 2486
3376 2486
3377 2486
3378 2486
3379 2486
3380 2486
3381 2486
3382 2486
3383 2486
3384 2486
3385 2486
3386 2486
3387 2486
3388 2486
3389 2486
3390 2486
3391 2486
3392 2485
3393 2485
3394 2485
3395 2485
3396 2485
3397 2485
3398 2485
3399 2485
3400 2485
3401 2485
3402 2485
3403 2485
3404 2485
3405 2485
3406 2486
3407 2486
3408 2486
3409 2486
3410 2485
3411 2487
3412 2487
3413 2487
3414 2486
3415 2488
3416 2487
3417 2487
3418 2487
3419 2487
3420 2487
3421 2489
3422 2487
3423 2487
3424 2488
3425 2487
3426 2487
3427 2487
3428 2487
3429 2488
3430 2487
3431 2487
3432 2487
3433 2488
3434 2488
3435 2488
3436 2487
3437 2488
3438 2487
3439 2488
3440 2488
3441 2488
3442 2488
3443 2488
3444 2488
3445 2489
3446 2489
3447 2489
3448 2489
3449 2489
3450 2489
3451 2489
3452 2489
3453 2489
3454 2490
3455 2490
3456 2490
3457 2490
3458 2490
3459 2490
3460 2490
3461 2490
3462 2491
3463 2491
3464 2491
3465 2491
3466 2492
3467 2491
3468 2491
3469 2491
3470 2490
3471 2490
3472 2490
3473 2490
3474 2490
3475 2490
3476 2490
3477 2491
3478 2490
3479 2491
3480 2490
3481 2490
3482 2491
3483 2490
3484 2491
3485 2491
3486 2491
3487 2491
3488 2491
3489 2491
3490 2491
3491 2490
3492 2491
3493 2490
3494 2491
3495 2491
3496 2491
3497 2491
3498 2491
3499 2491
3500 2491
3501 2491
3502 2491
3503 2491
3504 2491
3505 2491
3506 2491
3507 2491
3508 2492
3509 2492
3510 2492
3511 2492
3512 2492
3513 2492
3514 2493
3515 2492
3516 2492
3517 2492
3518 2492
3519 2492
3520 2492
3521 2492
3522 2492
3523 2492
3524 2492
3525 2492
3526 2492
3527 2492
3528 2493
3529 2492
3530 2492
3531 2492
3532 2492
3533 2493
3534 2493
3535 2493
3536 2493
3537 2493
3538 2493
3539 2494
3540 2497
3541 2497
3542 2497
3543 2497
3544 2497
3545 2497
3546 2497
3547 2497
3548 2497
3549 2497
3550 2497
3551 2497
3552 2497
3553 2497
3554 2497
3555 2497
3556 2497
3557 2496
3558 2496
3559 2497
3560 2497
3561 2497
3562 2497
3563 2497
3564 2497
3565 2498
3566 2498
3567 2497
3568 2497
3569 2497
3570 2497
3571 2497
3572 2496
3573 2497
3574 2497
3575 2497
3576 2497
3577 2497
3578 2497
3579 2497
3580 2497
3581 2497
3582 2497
3583 2497
3584 2497
3585 2497
3586 2497
3587 2497
3588 2497
3589 2497
3590 2497
3591 2496
3592 2496
3593 2496
3594 2496
3595 2496
3596 2497
3597 2496
3598 2496
3599 2496
3600 2496
3601 2496
3602 2496
3603 2496
3604 2495
3605 2495
3606 2495
3607 2495
3608 2495
3609 2495
3610 2495
3611 2495
3612 2495
3613 2495
3614 2495
3615 2495
3616 2495
3617 2495
3618 2495
3619 2494
3620 2495
3621 2495
3622 2495
3623 2494
3624 2495
3625 2494
3626 2495
3627 2495
3628 2495
3629 2495
3630 2494
3631 2494
3632 2494
3633 2494
3634 2493
3635 2494
3636 2494
3637 2494
3638 2494
3639 2494
3640 2494
3641 2494
3642 2494
3643 2494
3644 2494
3645 2494
3646 2494
3647 2494
3648 2494
3649 2494
3650 2494
3651 2494
3652 2494
3653 2494
3654 2494
3655 2495
3656 2493
3657 2495
3658 2494
3659 2494
3660 2501
3661 2495
3662 2494
3663 2494
3664 2495
3665 2495
3666 2495
3667 2494
3668 2498
3669 2495
3670 2494
3671 2494
3672 2495
3673 2495
3674 2496
3675 2495
3676 2497
3677 2495
3678 2496
3679 2496
3680 2495
3681 2494
3682 2494
3683 2494
3684 2494
3685 2494
3686 2493
3687 2493
3688 2494
3689 2493
3690 2494
3691 2494
3692 2494
3693 2494
3694 2494
3695 2494
3696 2494
3697 2494
3698 2494
3699 2494
3700 2495
3701 2495
3702 2495
3703 2495
3704 2495
3705 2495
3706 2495
3707 2495
3708 2495
3709 2495
3710 2495
3711 2495
3712 2495
3713 2495
3714 2495
3715 2495
3716 2495
3717 2495
3718 2495
3719 2496
3720 2496
3721 2496
3722 2495
3723 2496
3724 2496
3725 2495
3726 2495
3727 2495
3728 2495
3729 2495
3730 2495
3731 2495
3732 2494
3733 2495
3734 2495
3735 2495
3736 2495
3737 2494
3738 2495
3739 2496
3740 2495
3741 2495
3742 2495
3743 2495
3744 2497
3745 2496
3746 2497
3747 2498
3748 2497
3749 2496
3750 2497
3751 2499
3752 2496
3753 2496
3754 2497
3755 2498
3756 2498
3757 2497
3758 2496
3759 2497
3760 2497
3761 2497
3762 2497
3763 2497
3764 2497
3765 2497
3766 2497
3767 2496
3768 2496
3769 2496
3770 2495
3771 2495
3772 2495
3773 2496
3774 2496
3775 2494
3776 2494
3777 2495
3778 2494
3779 2495
3780 2494
3781 2495
3782 2494
3783 2493
3784 2493
3785 2493
3786 2492
3787 2492
3788 2492
3789 2492
3790 2492
3791 2491
3792 2492
3793 2493
3794 2493
3795 2493
3796 2493
3797 2493
3798 2493
3799 2501
3800 2499
3801 2495
3802 2496
3803 2495
3804 2501
3805 2496
3806 2499
3807 2499
3808 2500
3809 2500
3810 2501
3811 2501
3812 2501

