2422 2408
2423 2408
2424 2408
2425 2408
2426 2409
2427 2409
2428 2409
2429 2409
2430 2408
2431 2408
2432 2408
2433 2409
2434 2409
2435 2409
2436 2409
2437 2409
2438 2410
2439 2410
2440 2410
2441 2410
2442 2411
2443 2410
2444 2411
2445 2413
2446 2412
2447 2412
2448 2413
2449 2412
2450 2412
2451 2412
2452 2412
2453 2413
2454 2413
2455 2413
2456 2413
2457 2413
2458 2413
2459 2413
2460 2413
2461 2413
2462 2414
2463 2414
2464 2417
2465 2414
2466 2415
2467 2414
2468 2416
2469 2416
2470 2417
2471 2417
2472 2417
2473 2417
2474 2416
2475 2419
2476 2421
2477 2415
2478 2416
2479 2417
2480 2417
2481 2417
2482 2418
2483 2417
2484 2417
2485 2418
2486 2418
2487 2418
2488 2419
2489 2418
2490 2418
2491 2418
2492 2419
2493 2418
2494 2419
2495 2419
2496 2419
2497 2419
2498 2419
2499 2419
2500 2419
2501 2419
2502 2419
2503 2419
2504 2419
2505 2419
2506 2419
2507 2419
2508 2419
2509 2419
2510 2418
2511 2419
2512 2419
2513 2418
2514 2419
2515 2418
2516 2417
2517 2417
2518 2417
2519 2417
2520 2418
2521 2418
2522 2418
2523 2418
2524 2419
2525 2418
2526 2418
2527 2420
2528 2419
2529 2420
2530 2420
2531 2421
2532 2421
2533 2421
2534 2421
2535 2421
2536 2420
2537 2422
2538 2422
2539 2422
2540 2422
2541 2421
2542 2422
2543 2422
2544 2421
2545 2420
2546 2420
2547 2420
2548 2420
2549 2420
2550 2421
2551 2422
2552 2420
2553 2421
2554 2421
2555 2421
2556 2421
2557 2420
2558 2420
2559 2420
2560 2421
2561 2421
2562 2421
2563 2422
2564 2421
2565 2421
2566 2420
2567 2420
2568 2420
2569 2419
2570 2420
2571 2420
2572 2421
2573 2421
2574 2419
2575 2422
2576 2420
2577 2420
2578 2421
2579 2421
2580 2424
2581 2423
2582 2422
2583 2421
2584 2422
2585 2421
2586 2422
2587 2421
2588 2421
2589 2421
2590 2421
2591 2421
2592 2420
2593 2420
2594 2421
2595 2420
2596 2421
2597 2421
2598 2421
2599 2421
2600 2422
2601 2421
2602 2423
2603 2421
2604 2421
2605 2421
2606 2423
2607 2422
2608 2421
2609 2420
2610 2424
2611 2420
2612 2420
2613 2421
2614 2419
2615 2422
2616 2420
2617 2419
2618 2421
2619 2420
2620 2425
2621 2419
2622 2419
2623 2419
2624 2419
2625 2418
2626 2419
2627 2419
2628 2419
2629 2420
2630 2419
2631 2419
2632 2422
2633 2420
2634 2420
2635 2421
2636 2420
2637 2421
2638 2422
2639 2421
2640 2422
2641 2422
2642 2422
2643 2424
2644 2424
2645 2425
2646 2425
2647 2427
2648 2424
2649 2430
2650 2425
2651 2427
2652 2427
2653 2427
2654 2427
2655 2426
2656 2426
2657 2427
2658 2427
2659 2427
2660 2428
2661 2430
2662 2426
2663 2427
2664 2426
2665 2426
2666 2426
2667 2426
2668 2426
2669 2426
2670 2426
2671 2427
2672 2426
2673 2427
2674 2429
2675 2429
2676 2430
2677 2430
2678 2431
2679 2430
2680 2429
2681 2430
2682 2430
2683 2429
2684 2429
2685 2429
2686 2429
2687 2428
2688 2429
2689 2429
2690 2429
2691 2430
2692 2430
2693 2430
2694 2429
2695 2429
2696 2429
2697 2429
2698 2428
2699 2428
2700 2428
2701 2427
2702 2427
2703 2428
2704 2428
2705 2428
2706 2429
2707 2435
2708 2428
2709 2428
2710 2428
2711 2428
2712 2428
2713 2438
2714 2428
2715 2428
2716 2428
2717 2428
2718 2428
2719 2427
2720 2428
2721 2429
2722 2428
2723 2429
2724 2428
2725 2427
2726 2426
2727 2427
2728 2426
2729 2424
2730 2424
2731 2423
2732 2424
2733 2425
2734 2425
2735 2424
2736 2425
2737 2425
2738 2424
2739 2426
2740 2426
2741 2425
2742 2426
2743 2426
2744 2429
2745 2428
2746 2429
2747 2427
2748 2427
2749 2428
2750 2427
2751 2427
2752 2429
2753 2430
2754 2428
2755 2428
2756 2429
2757 2429
2758 2429
2759 2430
2760 2429
2761 2429
2762 2429
2763 2431
2764 2429
2765 2429
2766 2431
2767 2430
2768 2429
2769 2430
2770 2430
2771 2431
2772 2430
2773 2429
2774 2431
2775 2431
2776 2429

