1 2513
2 2513
3 2513
4 2514
5 2515
6 2514
7 2513
8 2512
9 2516
10 2512
11 2516
12 2514
13 2515
14 2514
15 2513
16 2514
17 2517
18 2514
19 2514
20 2514
21 2513
22 2514
23 2515
24 2512
25 2515
26 2520
27 2515
28 2514
29 2513
30 2522
31 2514
32 2515
33 2516
34 2515
35 2517
36 2515
37 2516
38 2515
39 2517
40 2516
41 2515
42 2518
43 2516
44 2515
45 2516
46 2517
47 2517
48 2517
49 2518
50 2517
51 2516
52 2521
53 2517
54 2515
55 2515
56 2516
57 2516
58 2522
59 2517
60 2517
61 2518
62 2519
63 2520
64 2516
65 2516
66 2516
67 2515
68 2515
69 2514
70 2515
71 2515
72 2516
73 2516
74 2516
75 2518
76 2516
77 2516
78 2517
79 2517
80 2518
81 2514
82 2516
83 2515
84 2513
85 2516
86 2514
87 2514
88 2514
89 2513
90 2514
91 2513
92 2512
93 2513
94 2511
95 2510
96 2511
97 2511
98 2509
99 2510
100 2511
101 2509
102 2508
103 2520
104 2512
105 2510
106 2510
107 2508
108 2509
109 2509
110 2512
111 2510
112 2510
113 2511
114 2513
115 2513
116 2513
117 2510
118 2509
119 2510
120 2513
121 2510
122 2513
123 2510
124 2510
125 2512
126 2512
127 2511
128 2513
129 2513
130 2517
131 2515
132 2515
133 2513
134 2512
135 2514
136 2513
137 2516
138 2513
139 2512
140 2515
141 2515
142 2514
143 2514
144 2517
145 2515
146 2518
147 2517
148 2518
149 2517
150 2515
151 2516
152 2514
153 2516
154 2517
155 2516
156 2516
157 2517
158 2518
159 2517
160 2516
161 2515
162 2517
163 2514
164 2519
165 2514
166 2515
167 2518
168 2519
169 2518
170 2523
171 2515
172 2514
173 2515
174 2514
175 2515
176 2515
177 2515
178 2516
179 2516
180 2513
181 2514
182 2520
183 2514
184 2513
185 2515
186 2515
187 2513
188 2517
189 2518
190 2512
191 2514
192 2513
193 2513
194 2513
195 2512
196 2515
197 2514
198 2515
199 2516
200 2515
201 2515
202 2514
203 2518
204 2513
205 2512
206 2512
207 2513
208 2514
209 2513
210 2512
211 2511
212 2511
213 2511
214 2512
215 2511
216 2510
217 2509
218 2511
219 2511
220 2510
221 2511
222 2511
223 2511
224 2512
225 2512
226 2514
227 2513
228 2513
229 2513
230 2512
231 2511
232 2512
233 2510
234 2511
235 2513
236 2514
237 2512
238 2516
239 2512
240 2510
241 2512
242 2511
243 2512
244 2512
245 2511
246 2511
247 2511
248 2512
249 2512
250 2512
251 2512
252 2511
253 2512
254 2513
255 2512
256 2512
257 2512
258 2512
259 2511
260 2512
261 2516
262 2513
263 2506
264 2517
265 2515
266 2511
267 2510
268 2511
269 2510
270 2512
271 2512
272 2512
273 2512
274 2511
275 2511
276 2512
277 2511
278 2512
279 2512
280 2512
281 2511
282 2511
283 2519
284 2510
285 2510
286 2510
287 2511
288 2511
289 2512
290 2512
291 2514
292 2514
293 2513
294 2511
295 2513
296 2514
297 2513
298 2513
299 2513
300 2514
301 2514
302 2516
303 2514
304 2514
305 2514
306 2515
307 2515
308 2516
309 2516
310 2517
311 2516
312 2517
313 2517
314 2517
315 2517
316 2517
317 2520
318 2519
319 2520
320 2521
321 2519
322 2521
323 2521
324 2521
325 2521
326 2522
327 2522
328 2521
329 2521
330 2521
331 2521
332 2522
333 2521
334 2521
335 2525
336 2524
337 2524
338 2525
339 2517
340 2517
341 2529
342 2518
343 2517
344 2519
345 2520
346 2521
347 2530
348 2522
349 2522
350 2522
351 2523
352 2524
353 2530
354 2526
355 2523
356 2524
357 2523
358 2523
359 2528
360 2527
361 2518
362 2518
363 2519
364 2524
365 2519
366 2520
367 2519
368 2523
369 2522
370 2521
371 2524
372 2520
373 2521
374 2523
375 2522
376 2520
377 2522
378 2520
379 2521
380 2521
381 2520
382 2520
383 2520
384 2520
385 2520
386 2519
387 2519
388 2520
389 2522
390 2522
391 2521
392 2521
393 2522
394 2522
395 2523
396 2522
397 2522
398 2523
399 2524
400 2524
401 2523
402 2523
403 2523
404 2524
405 2522
406 2522
407 2521
408 2523
409 2525
410 2523
411 2523
412 2524
413 2525
414 2526
415 2527
416 2524
417 2518
418 2524
419 2519
499 2530
500 2530
501 2531
502 2532
503 2532
504 2533
505 2532
506 2531
507 2532
508 2532
509 2531
510 2533
511 2533
512 2533
513 2533
514 2533
515 2532
516 2532
517 2533
518 2533
519 2533
520 2532
521 2532
522 2532
523 2532
524 2531
525 2531
526 2532
527 2532
528 2532
529 2533
530 2533
531 2533
532 2532
533 2533
534 2533
535 2533
536 2532
537 2530
538 2531
539 2531
540 2531
541 2530
542 2529
543 2529
544 2529
545 2532
546 2531
547 2530
548 2530
549 2530
550 2529
551 2529
552 2529
553 2529
554 2529
555 2528
556 2529
557 2529
558 2529
559 2533
560 2530
561 2531
562 2531
563 2531
564 2531
565 2532
566 2531
567 2532
568 2537
569 2530
570 2530
571 2529
572 2530
573 2530
574 2531
575 2531
576 2531
577 2532
578 2532
579 2532
580 2532
581 2533
582 2533
583 2533
584 2533
585 2533
586 2533
587 2533
588 2538
589 2534
590 2534
591 2535
592 2535
593 2535
594 2535
595 2535
596 2536
597 2534
598 2539
599 2538
600 2536
601 2536
602 2536
603 2534
604 2532
605 2536
606 2544
607 2533
608 2541
609 2531
610 2530
611 2530
612 2532
613 2530
614 2530
615 2529
616 2528
617 2528
618 2526
619 2524
620 2524
621 2522
622 2522
623 2527
624 2527
625 2523
626 2523
627 2521
628 2520
629 2520
630 2519
631 2521
632 2520
633 2520
634 2519
635 2520
636 2520
637 2517
638 2515
639 2515
640 2515
641 2521
642 2520
643 2521
644 2520
645 2524
646 2517
647 2515
648 2514
649 2513
650 2512
651 2511
652 2510
653 2508
654 2510
655 2508
656 2511
657 2515
658 2514
659 2528
660 2528
661 2518
662 2519
663 2521
664 2522
665 2522
666 2523
667 2523
668 2521
669 2520
670 2509
671 2515
672 2514
673 2514
674 2513
675 2514
676 2522
677 2516
678 2517
679 2518
680 2516
681 2519
682 2520
683 2519
684 2516
685 2516
686 2516
687 2516
688 2516
689 2518
690 2519
691 2519
692 2520
693 2520
694 2520
695 2519
696 2518
697 2518
698 2518
699 2517
700 2518
701 2526
702 2523
703 2524
704 2523
705 2523
706 2522
707 2518
708 2517
709 2517
710 2518
711 2519
712 2517
713 2517
714 2516
715 2516
716 2516
717 2516
718 2516
719 2517
720 2518
721 2518
722 2516
723 2516
724 2515
725 2516
726 2515
727 2515
728 2516
729 2517
730 2516
731 2516
732 2516
733 2515
734 2518
735 2515
736 2515
737 2515
738 2515
739 2515
740 2522
741 2513
742 2513
743 2522
744 2513
745 2513
746 2513
747 2513
748 2518
749 2517
750 2514
751 2514
752 2514
753 2515
754 2515
755 2516
756 2515
757 2516
758 2517
759 2516
760 2517
761 2518
762 2518
763 2518
764 2518
765 2518
766 2518
767 2518
768 2519
769 2519
770 2519
771 2518
772 2519
773 2520
774 2525
775 2519
776 2520
777 2521
778 2520
779 2520
780 2521
781 2520
782 2521
783 2520
784 2521
785 2520
786 2520
787 2520
788 2521
789 2521
790 2522
791 2522
792 2522
793 2521
794 2522
795 2523
796 2520
797 2518
798 2522
799 2520
800 2520
801 2519
802 2519
803 2519
804 2520
805 2519
806 2518
807 2518
808 2519
809 2519
810 2519
811 2519
812 2523
813 2520
814 2519
815 2523
816 2523
817 2521
818 2521
819 2521
820 2520
821 2520
822 2520
823 2522
824 2521
825 2521
826 2520
827 2522
828 2522
829 2521
830 2520
831 2521
832 2522
833 2522
834 2521
835 2521
836 2521
837 2521
838 2521
839 2521
840 2521
841 2520
842 2521
843 2522
844 2522
845 2521
846 2523
847 2524
848 2523
849 2522
850 2522
851 2523
852 2522
853 2529
854 2528
855 2529
856 2521
857 2529
858 2530
859 2531
860 2530
861 2531
862 2524
863 2524
864 2525
865 2524
866 2530
867 2520
868 2519
869 2522
870 2522
871 2524
872 2523
873 2524
874 2524
875 2522
876 2519
877 2518
878 2518
879 2530
880 2518
881 2518
882 2519
883 2532
884 2521
885 2519
886 2524
887 2520
888 2524
889 2524
890 2524
891 2519
892 2539
893 2522
894 2519
895 2529
896 2519
897 2520
898 2520
899 2521
900 2522
901 2527
902 2527
903 2526
904 2526
905 2525
906 2525
907 2525
908 2524
909 2525
910 2525
911 2525
912 2524
913 2523
914 2525
915 2525
916 2524
917 2525
918 2525
919 2525
920 2524
921 2525
922 2526
923 2524
924 2526
925 2525
926 2524
927 2523
928 2523
929 2525
930 2524
931 2525
932 2524
933 2524
934 2523
935 2524
936 2526
937 2525
938 2525
939 2524
940 2525
941 2524
942 2524
943 2524
944 2524
945 2525
946 2525
947 2525
948 2525
949 2525
950 2525
951 2525
952 2526
953 2527
954 2524
955 2524
956 2523
957 2526
958 2523
959 2523
960 2524
961 2527
962 2524
963 2526
964 2524
965 2525
966 2525
967 2527
968 2527
969 2527
970 2526
971 2525
972 2524
973 2523
974 2523
975 2522
976 2523
977 2523
978 2522
979 2522
980 2528
981 2522
982 2523
983 2524
984 2523
985 2524
986 2521
987 2520
988 2520
989 2522
990 2520
991 2528
992 2520
993 2520
994 2526
995 2519
996 2519
997 2521
998 2529
999 2523
1000 2527
1001 2523
1002 2522
1003 2526
1004 2522
1005 2522
1006 2521
1007 2520
1008 2521
1009 2523
1010 2523
1011 2525
1012 2524
1013 2523
1014 2522
1015 2521
1016 2520
1017 2520
1018 2520
1019 2520
1020 2521
1021 2521
1022 2522
1023 2522
1024 2521
1025 2520
1026 2525
1027 2524
1028 2524
1029 2523
1030 2523
1031 2521
1032 2522
1033 2521
1034 2522
1035 2522
1036 2523
1037 2523
1038 2523
1039 2524
1040 2524
1041 2525
1042 2525
1043 2530
1044 2527
1045 2527
1046 2526
1047 2526
1048 2531
1049 2523
1050 2523
1051 2524
1052 2524
1053 2523
1054 2522
1055 2525
1056 2523
1057 2523
1058 2523
1059 2523
1060 2523
1061 2523
1062 2523
1063 2522
1064 2524
1065 2523
1066 2524
1067 2522
1068 2523
1069 2524
1070 2524
1071 2524
1072 2524
1073 2524
1074 2524
1075 2523
1076 2523
1077 2525
1078 2524
1079 2525
1080 2522
1081 2521
1082 2521
1083 2524
1084 2523
1085 2521
1086 2524
1087 2522
1088 2523
1089 2523
1090 2524
1091 2525
1092 2522
1093 2522
1094 2522
1095 2524
1096 2523
1097 2521
1098 2523
1099 2523
1100 2522
1101 2523
1102 2523
1103 2524
1104 2523
1105 2523
1106 2524
1107 2523
1108 2524
1109 2524
1110 2524
1111 2525
1112 2524
1113 2524
1114 2525
1115 2526
1116 2524
1117 2524
1118 2525
1119 2524
1120 2525
1121 2525
1122 2524
1123 2524
1124 2525
1125 2525
1126 2525
1127 2526
1128 2527
1129 2528
1130 2526
1131 2525
1132 2527
1133 2530
1134 2526
1135 2525
1136 2524
1137 2524
1138 2534
1139 2522
1140 2525
1141 2527
1142 2525
1143 2523
1144 2528
1145 2523
1146 2532
1147 2525
1148 2524
1149 2524
1150 2522
1151 2523
1152 2525
1153 2524
1154 2523
1155 2522
1156 2521
1157 2521
1158 2519
1159 2532
1160 2523
1161 2522
1162 2532
1163 2531
1164 2524
1165 2532
1166 2527
1167 2522
1168 2522
1169 2522
1170 2522
1171 2522
1172 2519
1173 2520
1174 2521
1175 2526
1176 2526
1177 2524
1178 2524
1179 2524
1180 2522
1181 2520
1182 2520
1183 2518
1184 2519
1185 2520
1186 2521
1187 2521
1188 2519
1189 2519
1190 2519
1191 2524
1192 2523
1193 2523
1194 2522
1195 2519
1196 2528
1197 2524
1198 2519
1199 2525
1200 2519
1201 2519
1202 2519
1203 2518
1204 2520
1205 2516
1206 2518
1207 2519
1208 2521
1209 2522
1210 2517
1211 2517
1212 2518
1213 2518
1214 2518
1215 2522
1216 2523
1217 2521
1218 2516
1219 2517
1220 2519
1221 2519
1222 2517
1223 2522
1224 2520
1225 2519
1226 2514
1227 2514
1228 2513
1229 2513
1230 2515
1231 2529
1232 2524
1233 2519
1234 2519
1235 2518
1236 2517
1237 2517
1238 2516
1239 2516
1240 2517
1241 2518
1242 2518
1243 2516
1244 2517
1245 2517
1246 2520
1247 2518
1248 2519
1249 2519
1250 2520
1251 2518
1252 2517
1253 2516
1254 2518
1255 2518
1256 2517
1257 2517
1258 2518
1259 2515
1260 2516
1261 2517
1262 2517
1263 2528
1264 2522
1265 2526
1266 2529
1267 2512
1268 2512
1269 2512
1270 2514
1271 2513
1272 2513
1273 2513
1274 2513
1275 2513
1276 2513
1277 2513
1278 2517
1279 2527
1280 2527
1281 2527
1282 2513
1283 2526
1284 2528
1285 2524
1286 2523
1287 2518
1288 2518
1289 2517
1290 2519
1291 2515
1292 2520
1293 2519
1294 2519
1295 2520
1296 2520
1297 2520
1298 2521
1299 2520
1300 2518
1301 2518
1302 2516
1303 2518
1304 2531
1305 2517
1306 2518
1307 2517
1308 2518
1309 2517
1310 2519
1311 2517
1312 2517
1313 2517
1314 2518
1315 2518
1316 2523
1317 2519
1318 2520
1319 2519
1320 2518
1321 2518
1322 2517
1323 2524
1324 2517
1325 2517
1326 2517
1327 2516
1328 2516
1329 2516
1330 2515
1331 2516
1332 2516
1333 2517
1334 2518
1335 2516
1336 2516
1337 2512
1338 2514
1339 2514
1340 2514
1341 2514
1342 2514
1343 2514
1344 2513
1345 2513
1346 2512
1347 2513
1348 2512
1349 2512
1350 2519
1351 2512
1352 2516
1353 2517
1354 2514
1355 2517
1356 2515
1357 2515
1358 2516
1359 2516
1360 2520
1361 2519
1362 2519
1363 2529
1364 2518
1365 2520
1366 2519
1367 2519
1368 2519
1369 2520
1370 2520
1371 2519
1372 2519
1373 2530
1374 2528
1375 2518
1376 2519
1377 2520
1378 2519
1379 2518
1380 2519
1381 2520
1382 2518
1383 2518
1384 2517
1385 2516
1386 2517
1387 2517
1388 2517
1389 2518
1390 2517
1391 2518
1392 2518
1393 2518
1394 2517
1395 2517
1396 2518
1397 2518
1398 2518
1399 2519
1400 2520
1401 2518
1402 2518
1403 2519
1404 2518
1405 2518
1406 2518
1407 2518
1408 2516
1409 2517
1410 2516
1411 2515
1412 2515
1413 2516
1414 2517
1415 2516
1416 2517
1417 2517
1418 2518
1419 2519
1420 2519
1421 2520
1422 2520
1423 2515
1424 2515
1425 2515
1426 2516
1427 2516
1428 2515
1429 2516
1430 2516
1431 2517
1432 2518
1433 2518
1434 2517
1435 2518
1436 2516
1437 2516
1438 2518
1439 2517
1440 2516
1441 2520
1442 2520
1443 2517
1444 2519
1445 2517
1446 2517
1447 2518
1448 2518
1449 2517
1450 2516
1451 2516
1452 2517
1453 2517
1454 2518
1455 2517
1456 2517
1457 2517
1458 2517
1459 2517
1460 2518
1461 2518
1462 2519
1463 2519
1464 2518
1465 2523
1466 2523
1467 2519
1468 2521
1469 2521
1470 2521
1471 2522
1472 2521
1473 2521
1474 2522
1475 2521
1476 2522
1477 2521
1478 2522
1479 2521
1480 2524
1481 2526
1482 2527
1483 2528
1484 2529
1485 2529
1486 2526
1487 2529
1488 2527
1489 2528
1490 2525
1491 2535
1492 2528
1493 2526
1494 2524
1495 2523
1496 2526
1497 2526
1498 2528
1499 2528
1500 2526
1501 2527
1502 2519
1503 2521
1504 2520
1505 2520
1506 2531
1507 2529
1508 2533
1509 2525
1510 2525
1511 2523
1512 2522
1513 2524
1514 2524
1515 2531
1516 2526
1517 2526
1518 2528
1519 2530
1520 2530
1521 2529
1522 2533
1523 2531
1524 2529
1525 2526
1526 2530
1527 2529
1528 2530
1529 2528
1530 2527
1531 2528
1532 2530
1533 2528
1534 2529
1535 2528
1536 2528
1537 2530
1538 2531
1539 2531
1540 2530
1541 2529
1542 2528
1543 2526
1544 2524
1545 2527
1546 2526
1547 2526
1548 2525
1549 2522
1550 2523
1551 2526
1552 2527
1553 2527
1554 2529
1555 2527
1556 2526
1557 2525
1558 2527
1559 2528
1560 2527
1561 2528
1562 2528
1563 2528
1564 2528
1565 2527
1566 2528
1567 2528
1568 2526
1569 2526
1570 2529
1571 2529
1572 2529
1573 2529
1574 2529
1575 2529
1576 2529
1577 2529
1578 2529
1579 2532
1580 2533
1581 2533
1582 2530
1583 2529
1584 2529
1585 2530
1586 2528
1587 2529
1588 2528
1589 2528
1590 2527
1591 2528
1592 2530
1593 2530
1594 2529
1595 2536
1596 2526
1597 2529
1598 2529
1599 2529
1600 2529
1601 2528
1602 2528

