2 2498
3 2498
4 2498
5 2498
6 2498
7 2498
8 2498
9 2498
10 2498
11 2498
12 2498
13 2498
14 2498
15 2498
16 2497
17 2498
18 2497
19 2497
20 2497
21 2497
22 2497
23 2497
24 2497
25 2497
26 2497
27 2497
28 2497
29 2497
30 2497
31 2497
32 2497
33 2496
34 2496
35 2496
36 2496
37 2496
38 2496
39 2496
40 2496
41 2496
42 2496
43 2496
44 2496
45 2496
46 2496
47 2496
48 2496
49 2496
50 2496
51 2496
52 2496
53 2496
54 2496
55 2496
56 2496
57 2496
58 2495
59 2495
60 2495
61 2495
62 2495
63 2495
64 2495
65 2495
66 2495
67 2495
68 2495
69 2495
70 2495
71 2495
72 2495
73 2495
74 2495
75 2495
76 2495
77 2495
78 2495
79 2495
80 2495
81 2495
82 2495
83 2495
84 2495
85 2495
86 2494
87 2495
88 2495
89 2495
90 2495
91 2494
92 2495
93 2495
94 2494
95 2494
96 2494
97 2494
98 2494
99 2494
100 2494
101 2493
102 2494
103 2494
104 2494
105 2494
106 2494
107 2494
108 2494
109 2494
110 2494
111 2494
112 2494
113 2494
114 2494
115 2494
116 2493
117 2494
118 2494
119 2494
120 2494
121 2493
122 2493
123 2494
124 2494
125 2494
126 2494
127 2494
128 2494
129 2494
130 2494
131 2494
132 2494
133 2494
134 2494
135 2494
136 2494
137 2494
138 2494
139 2494
140 2494
141 2494
142 2493
143 2494
144 2494
145 2494
146 2493
147 2493
148 2493
149 2493
150 2493
151 2493
152 2493
153 2493
154 2493
155 2493
156 2493
157 2493
158 2493
159 2492
160 2492
161 2493
162 2493
163 2493
164 2493
165 2493
166 2493
167 2493
168 2492
169 2492
170 2492
171 2492
172 2492
173 2492
174 2492
175 2492
176 2492
177 2492
178 2492
179 2492
180 2492
181 2492
182 2492
183 2492
184 2492
185 2491
186 2492
187 2492
188 2492
189 2492
190 2492
191 2492
192 2492
193 2492
194 2492
195 2492
196 2492
197 2491
198 2491
199 2491
200 2491
201 2491
202 2491
203 2491
204 2491
205 2491
206 2491
207 2490
208 2490
209 2490
210 2490
211 2490
212 2490
213 2490
214 2490
215 2490
216 2490
217 2490
218 2490
219 2490
220 2490
221 2490
222 2490
223 2490
224 2490
225 2490
226 2490
227 2490
228 2490
229 2490
230 2490
231 2490
232 2490
233 2490
234 2490
235 2490
236 2490
237 2490
238 2490
239 2489
240 2489
241 2489
242 2489
243 2489
244 2489
245 2489
246 2489
247 2489
248 2489
249 2489
250 2489
251 2489
252 2489
253 2489
254 2489
255 2489
256 2489
257 2489
258 2489
259 2488
260 2488
261 2488
262 2488
263 2488
264 2488
265 2488
266 2488
267 2488
268 2488
269 2488
270 2488
271 2488
272 2488
273 2488
274 2488
275 2488
276 2488
277 2488
278 2488
279 2488
280 2488
281 2488
282 2488
283 2488
284 2488
285 2488
286 2488
287 2488
288 2488
289 2488
290 2488
291 2488
292 2488
293 2488
294 2488
295 2488
296 2488
297 2488
298 2488
299 2487
300 2492
301 2487
302 2488
303 2488
304 2487
305 2488
306 2487
307 2488
308 2488
309 2488
310 2488
311 2488
312 2488
313 2488
314 2487
315 2487
316 2487
317 2487
318 2487
319 2488
320 2487
321 2487
322 2488
323 2488
324 2488
325 2488
326 2488
327 2488
328 2488
329 2488
330 2488
331 2488
332 2488
333 2488
334 2488
335 2487
336 2487
337 2487
338 2487
339 2487
340 2487
341 2487
342 2488
343 2491
344 2487
345 2487
346 2487
347 2487
348 2487
349 2487
350 2487
351 2487
352 2487
353 2487
354 2487
355 2487
356 2486
357 2486
358 2487
359 2487
360 2487
361 2487
362 2487
363 2487
364 2487
365 2487
366 2487
367 2487
368 2487
369 2487
370 2487
371 2487
372 2487
373 2487
374 2487
375 2487
376 2487
377 2487
378 2487
379 2487
380 2487
381 2487
382 2487
383 2487
384 2487
385 2487
386 2486
387 2486
388 2486
389 2486
390 2486
391 2486
392 2486
393 2485
394 2486
395 2486
396 2485
397 2485
398 2486
399 2486
400 2486
401 2486
402 2486
403 2486
404 2486
405 2486
406 2486
407 2486
408 2485
409 2485
410 2485
411 2485
412 2485
413 2485
414 2485
415 2485
416 2485
417 2485
418 2485
419 2485
420 2485
421 2485
422 2485
423 2485
424 2484
425 2484
426 2484
427 2483
428 2485
429 2485
430 2484
431 2484
432 2484
433 2484
434 2484
435 2484
436 2484
437 2484
438 2484
439 2484
440 2484
441 2483
442 2483
443 2483
444 2483
445 2483
446 2483
447 2483
448 2483
449 2484
450 2483
451 2484
452 2483
453 2483
454 2483
455 2483
456 2483
457 2483
458 2483
459 2483
460 2483
461 2483
462 2483
463 2483
464 2483
465 2483
466 2483
467 2483
468 2484
469 2483
470 2483
471 2482
472 2482
473 2482
474 2483
475 2482
476 2482
477 2483
478 2482
479 2483
480 2484
481 2483
482 2482
483 2482
484 2482
485 2483
486 2482
487 2483
488 2483
489 2482
490 2483
491 2482
492 2483
493 2483
494 2482
495 2482
496 2481
497 2483
498 2482
499 2482
500 2482
501 2482
502 2482
503 2482
504 2482
505 2482
506 2482
507 2483
508 2482
509 2482
510 2482
511 2482
512 2482
513 2482
514 2482
515 2482
516 2483
517 2485
518 2483
519 2482
520 2482
521 2482
522 2482
523 2481
524 2481
525 2481
526 2481
527 2482
528 2482
529 2482
530 2482
531 2481
532 2482
533 2482
534 2482
535 2482
536 2482
537 2481
538 2481
539 2481
540 2481
541 2481
542 2481
543 2481
544 2481
545 2481
546 2481
547 2481
548 2481
549 2481
550 2483
551 2481
552 2481
553 2481
554 2480
555 2480
556 2479
557 2480
558 2480
559 2480
560 2480
561 2480
562 2479
563 2480
564 2480
565 2480
566 2479
567 2479
568 2480
569 2480
570 2480
571 2479
572 2481
573 2480
574 2480
575 2479
576 2479
577 2480
578 2480
579 2479
580 2479
581 2482
582 2478
583 2479
584 2478
585 2478
586 2479
587 2479
588 2478
589 2477
590 2476
591 2476
592 2476
593 2471
594 2471
595 2475
596 2476
597 2477
598 2477
599 2477
600 2477
601 2477
602 2481
603 2478
604 2477
605 2478
606 2477
607 2477
608 2477
609 2478
610 2481
611 2479
612 2483
613 2477
614 2479
615 2478
616 2477
617 2477
618 2477
619 2477
620 2477
621 2482
622 2479
623 2478
624 2478
625 2478
626 2479
627 2478
628 2479
629 2478
630 2478
631 2478
632 2478
633 2478
634 2478
635 2477
636 2477
637 2477
638 2477
639 2477
640 2477
641 2477
642 2477
643 2477
644 2477
645 2477
646 2477
647 2477
648 2478
649 2477
650 2478
651 2478
652 2477
653 2479
654 2476
655 2477
656 2476
657 2478
658 2478
659 2478
660 2476
661 2477
662 2477
663 2477
664 2476
665 2476
666 2477
667 2477
668 2477
669 2477
670 2478
671 2477
672 2478
673 2478
674 2477
675 2478
676 2478
677 2479
678 2477
679 2477
680 2477
681 2477
682 2478
683 2477
684 2477
685 2478
686 2480
687 2479
688 2479
689 2479
690 2478
691 2481
692 2480
693 2477
694 2478
695 2478
696 2478
697 2478
698 2477
699 2483
700 2482
701 2481
702 2487
703 2478
704 2479
705 2480
706 2478
707 2479
708 2479
709 2479
710 2478
711 2478
712 2479
713 2479
714 2479
715 2478
716 2478
717 2478
718 2478
719 2478
720 2478
721 2478
722 2478
723 2478
724 2479
725 2479
726 2479
727 2481
728 2481
729 2480
730 2480
731 2479
732 2479
733 2479
734 2479
735 2478
736 2478
737 2479
738 2479
739 2478
740 2478
741 2478
742 2479
743 2478
744 2478
745 2478
746 2478
747 2479
748 2479
749 2479
750 2479
751 2479
752 2479
753 2479
754 2479
755 2479
756 2479
757 2479
758 2479
759 2479
760 2479
761 2479
762 2479
763 2479
764 2479
765 2479
766 2479
767 2479
768 2479
769 2479
770 2479
771 2479
772 2479
773 2479
774 2479
775 2479
776 2479
777 2479
778 2479
779 2479
780 2479
781 2479
782 2479
783 2479
784 2479
785 2479
786 2479
787 2479
788 2479
789 2478
790 2484
791 2477
792 2477
793 2478
794 2479
795 2481
796 2481
797 2478
798 2478
799 2477
800 2477
801 2477
802 2478
803 2479
804 2478
805 2478
806 2478
807 2478
808 2478
809 2478
810 2478
811 2478
812 2478
813 2478
814 2478
815 2478
816 2478
817 2479
818 2479
819 2478
820 2478
821 2478
822 2479
823 2479
824 2479
825 2479
826 2478
827 2478
828 2478
829 2479
830 2479
831 2479
832 2479
833 2479
834 2479
835 2483
836 2481
837 2480
838 2479
839 2479
840 2479
841 2479
842 2480
843 2480
844 2480
845 2480
846 2480
847 2480
848 2480
849 2479
850 2480
851 2480
852 2480
853 2479
854 2479
855 2479
856 2479
857 2479
858 2479
859 2479
860 2479
861 2479
862 2480
863 2480
864 2480
865 2480
866 2479
867 2479
868 2479
869 2479
870 2479
871 2479
872 2479
873 2479
874 2479
875 2479
876 2479
877 2479
878 2479
879 2479
880 2479
881 2479
882 2480
883 2486
884 2486
885 2488
886 2488
887 2473
888 2475
889 2490
890 2481
891 2476
892 2469
893 2472
894 2476
895 2486
896 2471
897 2471
898 2473
899 2474
900 2474
901 2474
902 2477
903 2474
904 2474
905 2473
906 2473
907 2473
908 2474
909 2474
910 2474
911 2473
912 2474
913 2472
914 2474
915 2476
916 2468
917 2473
918 2472
919 2470
920 2471
921 2471
922 2469
923 2468
924 2467
925 2467
926 2467
927 2467
928 2466
929 2467
930 2466
931 2467
932 2466
933 2466
934 2466
935 2466
936 2467
937 2467
938 2467
939 2466
940 2467
941 2465
942 2465
943 2464
944 2465
945 2465
946 2464
947 2462
948 2461
949 2461
950 2461
951 2460
952 2459
953 2463
954 2456
955 2456
956 2457
957 2456
958 2456
959 2456
960 2455
961 2457
962 2462
963 2462
964 2455
965 2455
966 2455
967 2458
968 2458
969 2464
970 2454
971 2453
972 2454
973 2453
974 2459
975 2459
976 2455
977 2456
978 2454
979 2455
980 2452
981 2454
982 2451
983 2451
984 2451
985 2454
986 2452
987 2456
988 2455
989 2455
990 2454
991 2455
992 2454
993 2453
994 2453
995 2453
996 2453
997 2452
998 2453
999 2453
1000 2453
1001 2452
1002 2452
1003 2452
1004 2452
1005 2452
1006 2452
1007 2452
1008 2452
1009 2452
1010 2452
1011 2452
1012 2452
1013 2451
1014 2454
1015 2456
1016 2459
1017 2452
1018 2453
1019 2453
1020 2455
1021 2450
1022 2450
1023 2451
1024 2449
1025 2465
1026 2464
1027 2460
1028 2456
1029 2460
1030 2457
1031 2457
1032 2461
1033 2452
1034 2450
1035 2452
1036 2451
1037 2450
1038 2450
1039 2451
1040 2451
1041 2451
1042 2452
1043 2454
1044 2452
1045 2453
1046 2453
1047 2453
1048 2452
1049 2452
1050 2453
1051 2452
1052 2453
1053 2453
1054 2453
1055 2453
1056 2453
1057 2453
1058 2454
1059 2455
1060 2455
1061 2456
1062 2456
1063 2455
1064 2458
1065 2457
1066 2457
1067 2456
1068 2456
1069 2459
1070 2455
1071 2457
1072 2456
1073 2456
1074 2454
1075 2453
1076 2452
1077 2452
1078 2450
1079 2451
1080 2447
1081 2451
1082 2447
1083 2446
1084 2444
1085 2443
1086 2447
1087 2447
1088 2447
1089 2443
1090 2441
1091 2440
1092 2438
1093 2432
1094 2434
1095 2436
1096 2436
1097 2434
1098 2435
1099 2435
1100 2435
1101 2435
1102 2436
1103 2436
1104 2436
1105 2435
1106 2439
1107 2439
1108 2439
1109 2440
1110 2440
1111 2440
1112 2439
1113 2441
1114 2440
1115 2442
1116 2442
1117 2446
1118 2441
1119 2442
1120 2441
1121 2442
1122 2442
1123 2444
1124 2442
1125 2442
1126 2443
1127 2444
1128 2444
1129 2443
1130 2443
1131 2443
1132 2453
1133 2445
1134 2445
1135 2446
1136 2442
1137 2445
1138 2445
1139 2444
1140 2443
1141 2455
1142 2435
1143 2435
1144 2435
1145 2455
1146 2455
1147 2453
1148 2453
1149 2455
1150 2437
1151 2438
1152 2442
1153 2441
1154 2438
1155 2440
1156 2441
1157 2442
1158 2436
1159 2437
1160 2444
1161 2441
1162 2439
1163 2438
1164 2437
1165 2437
1166 2438
1167 2454
1168 2438
1169 2443
1170 2445
1171 2447
1172 2446
1173 2447
1174 2447
1175 2448
1176 2446
1177 2446
1178 2438
1179 2451
1180 2438
1181 2441
1182 2442
1183 2442
1184 2443
1185 2444
1186 2451
1187 2451
1188 2451
1189 2446
1190 2446
1191 2455
1192 2447
1193 2447
1194 2446
1195 2450
1196 2449
1197 2447
1198 2447
1199 2447
1200 2446
1201 2446
1202 2447
1203 2446
1204 2446
1205 2447
1206 2446
1207 2447
1208 2447
1209 2446
1210 2446
1211 2446
1212 2446
1213 2447
1214 2446
1215 2446
1216 2446
1217 2446
1218 2445
1219 2446
1220 2446
1221 2445
1222 2445
1223 2445
1224 2445
1225 2446
1226 2445
1227 2445
1228 2446
1229 2446
1230 2447
1231 2445
1232 2445
1233 2445
1234 2444
1235 2444
1236 2444
1237 2444
1238 2444
1239 2444
1240 2444
1241 2444
1242 2444
1243 2444
1244 2444
1245 2443
1246 2443
1247 2443
1248 2443
1249 2443
1250 2447
1251 2443
1252 2443
1253 2443
1254 2443
1255 2443
1256 2444
1257 2444
1258 2443
1259 2443
1260 2443
1261 2443
1262 2443
1263 2443
1264 2442
1265 2443
1266 2443
1267 2443
1268 2444
1269 2442
1270 2441
1271 2441
1272 2441
1273 2441
1274 2446
1275 2440
1276 2447
1277 2445
1278 2442
1279 2442
1280 2442
1281 2441
1282 2441
1283 2445
1284 2440
1285 2440
1286 2440
1287 2440
1288 2440
1289 2439
1290 2439
1291 2440
1292 2439
1293 2442
1294 2441
1295 2445
1296 2444
1297 2440

309 2507
310 2508
311 2507
312 2506
313 2507
314 2506
315 2506
316 2506
317 2506
318 2506
319 2506
320 2506
321 2506
322 2506
323 2506
324 2505
325 2504
326 2511
327 2508
328 2509
329 2506
330 2511
331 2505
332 2510
333 2506
334 2505
335 2505
336 2506
337 2506
338 2505
339 2505
340 2506
341 2505
342 2505
343 2505
344 2506
345 2506
346 2505
347 2506
348 2505
349 2505
350 2506
351 2505
352 2506
353 2506
354 2505
355 2505
356 2510
357 2505
358 2506
359 2511
360 2503
361 2502
362 2514
363 2515
364 2507
365 2504
366 2502
367 2503
368 2507
369 2501
370 2501
371 2501
372 2504
373 2505
374 2506
375 2509
376 2504
377 2507
378 2502
379 2507
380 2501
381 2508
382 2509
383 2510
384 2514
385 2511
386 2501
387 2507
388 2508
389 2507
390 2508
391 2508
392 2509
393 2507
394 2510
395 2508
396 2509
397 2507
398 2504
399 2502
400 2504
401 2508
402 2502
403 2502
404 2505
405 2513
406 2502
407 2509
408 2509
409 2509
410 2510
411 2507
412 2509
413 2510
414 2509
415 2507
416 2504
417 2512
418 2510
419 2510
420 2509
421 2514
422 2514
423 2517
424 2510
425 2510
426 2513
427 2513
428 2511
429 2511
430 2512
431 2515
432 2516
433 2516
434 2511
435 2509
436 2512
437 2509
438 2512
439 2511
440 2510
441 2511
442 2512
443 2506
444 2509
445 2513
446 2510
447 2510
448 2510
449 2512
450 2516
451 2510
452 2510
453 2512
454 2512
455 2512
456 2511
457 2512
458 2511
459 2511
460 2511
461 2512
462 2510
463 2506
464 2519
465 2509
466 2512
467 2507
468 2510
469 2511
470 2510
471 2510
472 2514
473 2510
474 2507
475 2506
476 2509
477 2506
478 2513
479 2513
480 2513
481 2512
482 2507
483 2508
484 2504
485 2507
486 2508
487 2509
488 2511
489 2509
490 2509
491 2509
492 2511
493 2507
494 2506
495 2508
496 2501
497 2500
498 2499
499 2500
500 2499
501 2499
502 2499
503 2499
504 2500
505 2501
506 2504
507 2504
508 2499
509 2500
510 2511
511 2503
512 2512
513 2498
514 2500
515 2500
516 2498
517 2504
518 2505
519 2503
520 2504
521 2498
522 2513
523 2510
524 2499
525 2507
526 2509
527 2511
528 2509
529 2504
530 2499
531 2506
532 2507
533 2509
534 2509
535 2509
536 2508
537 2509
538 2508
539 2509
540 2509
541 2510
542 2509
543 2510
544 2510
545 2511
546 2511
547 2513
548 2513
549 2512
550 2514
551 2515
552 2514

