3 2496
4 2496
5 2496
6 2496
7 2496
8 2496
9 2496
10 2496
11 2496
12 2496
13 2496
14 2497
15 2496
16 2496
17 2496
18 2496
19 2496
20 2496
21 2496
22 2496
23 2496
24 2496
25 2496
26 2496
27 2496
28 2496
29 2496
30 2496
31 2496
32 2496
33 2496
34 2496
35 2495
36 2496
37 2496
38 2496
39 2496
40 2496
41 2496
42 2496
43 2496
44 2496
45 2496
46 2496
47 2496
48 2496
49 2496
50 2496
51 2496
52 2496
53 2496
54 2496
55 2496
56 2496
57 2496
58 2495
59 2496
60 2496
61 2496
62 2496
63 2496
64 2496
65 2496
66 2496
67 2496
68 2496
69 2496
70 2496
71 2496
72 2496
73 2496
74 2496
75 2496
76 2496
77 2496
78 2496
79 2496
80 2496
81 2496
82 2496
83 2496
84 2496
85 2496
86 2496
87 2496
88 2496
89 2496
90 2496
91 2496
92 2496
93 2496
94 2496
95 2497
96 2497
97 2496
98 2496
99 2496
100 2496
101 2496
102 2497
103 2496
104 2496
105 2497
106 2497
107 2497
108 2497
109 2496
110 2496
111 2497
112 2497
113 2497
114 2497
115 2497
116 2497
117 2497
118 2497
119 2497
120 2497
121 2497
122 2497
123 2497
124 2497
125 2497
126 2497
127 2497
128 2497
129 2497
130 2497
131 2497
132 2497
133 2497
134 2497
135 2497
136 2498
137 2497
138 2498
139 2497
140 2497
141 2497
142 2497
143 2498
144 2498
145 2498
146 2498
147 2498
148 2498
149 2498
150 2498
151 2498
152 2498
153 2498
154 2498
155 2498
156 2498
157 2497
158 2498
159 2497
160 2498
161 2497
162 2497
163 2496
164 2498
165 2498
166 2499
167 2500
168 2500
169 2500
170 2498
171 2500
172 2500
173 2499
174 2499
175 2499
176 2499
177 2499
178 2498
179 2499
180 2499
181 2499
182 2499
183 2499
184 2499
185 2498
186 2498
187 2499
188 2500
189 2499
190 2498
191 2499
192 2498
193 2499
194 2499
195 2499
196 2499
197 2499
198 2499
199 2500
200 2499
201 2499
202 2499
203 2499
204 2498
205 2498
206 2498
207 2498
208 2499
209 2498
210 2498
211 2498
212 2498
213 2498
214 2498
215 2498
216 2498
217 2498
218 2498
219 2498
220 2498
221 2498
222 2498
223 2499
224 2499
225 2499
226 2499
227 2499
228 2499
229 2499
230 2499
231 2498
232 2498
233 2498
234 2499
235 2499
236 2499
237 2498
238 2498
239 2498
240 2499
241 2498
242 2498
243 2498
244 2498
245 2498
246 2498
247 2498
248 2499
249 2499
250 2499
251 2499
252 2499
253 2499
254 2499
255 2499
256 2499
257 2499
258 2499
259 2499
260 2499
261 2499
262 2499
263 2499
264 2499
265 2499
266 2499
267 2499
268 2499
269 2499
270 2499
271 2499
272 2500
273 2500
274 2500
275 2500
276 2500
277 2500
278 2500
279 2499
280 2500
281 2500
282 2500
283 2500
284 2500
285 2500
286 2500
287 2500
288 2500
289 2500
290 2500
291 2500
292 2500
293 2501
294 2501
295 2500
296 2501
297 2500
298 2501
299 2501
300 2501
301 2501
302 2501
303 2501
304 2502
305 2502
306 2501
307 2501
308 2503
309 2502
310 2502
311 2503
312 2502
313 2502
314 2501
315 2501
316 2501
317 2501
318 2502
319 2502
320 2502
321 2502
322 2502
323 2502
324 2502
325 2502
326 2502
327 2502
328 2502
329 2503
330 2503
331 2503
332 2503
333 2503
334 2503
335 2503
336 2503
337 2503
338 2504
339 2504
340 2504
341 2504
342 2504
343 2503
344 2504
345 2504
346 2504
347 2504
348 2504
349 2504
350 2504
351 2504
352 2504
353 2504
354 2504
355 2504
356 2504
357 2504
358 2504
359 2504
360 2504
361 2504
362 2504
363 2504
364 2504
365 2504
366 2504
367 2504
368 2504
369 2504
370 2504
371 2503
372 2503
373 2503
374 2503
375 2504
376 2503
377 2504
378 2504
379 2504
380 2504
381 2504
382 2504
383 2504
384 2503
385 2504
386 2503
387 2503
388 2503
389 2503
390 2503
391 2503
392 2503
393 2503
394 2503
395 2503
396 2503
397 2503
398 2503
399 2503
400 2503
401 2503
402 2503
403 2503
404 2503
405 2503
406 2503
407 2503
408 2503
409 2503
410 2503
411 2503
412 2504
413 2504
414 2504
415 2504
416 2503
417 2502
418 2503
419 2504
420 2504
421 2504
422 2504
423 2504
424 2504
425 2504
426 2503
427 2503
428 2504
429 2503
430 2503
431 2503
432 2503
433 2502
434 2502
435 2502
436 2503
437 2502
438 2502
439 2503
440 2503
441 2502
442 2503
443 2503
444 2503
445 2503
446 2503
447 2503
448 2503
449 2503
450 2502
451 2503
452 2503
453 2506
454 2505
455 2505
456 2506
457 2504
458 2503
459 2504
460 2503
461 2504
462 2506
463 2504
464 2504
465 2504
466 2506
467 2502
468 2503
469 2504
470 2503
471 2503
472 2503
473 2503
474 2504
475 2504
476 2504
477 2503
478 2503
479 2503
480 2504
481 2504
482 2504
483 2504
484 2503
485 2503
486 2503
487 2504
488 2503
489 2504
490 2504
491 2504
492 2504
493 2504
494 2504
495 2504
496 2504
497 2503
498 2503
499 2505
500 2504
501 2504
502 2503
503 2503
504 2504
505 2504
506 2502
507 2508
508 2505
509 2505
510 2503
511 2503
512 2503
513 2503
514 2503
515 2503
516 2505
517 2503
518 2502
519 2502
520 2502
521 2502
522 2504
523 2502
524 2503
525 2505
526 2504
527 2506
528 2504
529 2504
530 2507
531 2505
532 2504
533 2506
534 2506
535 2505
536 2504
537 2504
538 2506
539 2506
540 2505
541 2505
542 2505
543 2505
544 2504
545 2503
546 2504
547 2504
548 2504
549 2504
550 2504
551 2505
552 2504
553 2504
554 2504
555 2504
556 2504
557 2504
558 2505
559 2505
560 2505
561 2506
562 2505
563 2504
564 2504
565 2504
566 2503
567 2504
568 2504
569 2504
570 2504
571 2504
572 2505
573 2503
574 2503
575 2503
576 2506
577 2504
578 2504
579 2504
580 2503
581 2503
582 2502
583 2505
584 2504
585 2503
586 2504
587 2503
588 2503
589 2505
590 2504
591 2506
592 2503
593 2504
594 2506
595 2505
596 2504
597 2506
598 2503
599 2504
600 2508
601 2504
602 2505
603 2505
604 2503
605 2505
606 2504
607 2504
608 2504
609 2504
610 2506
611 2502
612 2503
613 2503
614 2504
615 2510
616 2503
617 2504
618 2504
619 2502
620 2508
621 2505
622 2505
623 2504
624 2505
625 2504
626 2503
627 2505
628 2504
629 2504
630 2504
631 2505
632 2504
633 2504
634 2504
635 2505
636 2504
637 2505
638 2505
639 2503
640 2505
641 2505
642 2504
643 2504
644 2505
645 2511
646 2503
647 2504
648 2504
649 2503
650 2504
651 2503
652 2505
653 2506
654 2506
655 2504
656 2504
657 2507
658 2504
659 2505
660 2504
661 2505
662 2505
663 2505
664 2506
665 2504
666 2506
667 2505
668 2508
669 2506
670 2504
671 2503
672 2503
673 2503
674 2507
675 2505
676 2507
677 2507
678 2507
679 2506
680 2507
681 2508
682 2507
683 2506
684 2505
685 2506
686 2507
687 2507
688 2507
689 2507
690 2507
691 2507
692 2507
693 2508
694 2508
695 2508
696 2508
697 2508
698 2508
699 2509
700 2509
701 2508
702 2507
703 2507
704 2511
705 2514
706 2511
707 2513
708 2512
709 2514
710 2516
711 2513
712 2514
713 2513
714 2513
715 2513
716 2514
717 2512
718 2513
719 2513
720 2513
721 2513
722 2513
723 2512
724 2512
725 2516
726 2515
727 2514
728 2512
729 2513
730 2513
731 2513
732 2512
733 2513
734 2518
735 2525
736 2531
737 2522
738 2516

2 9999
3 2526
4 2527
5 2526
6 2530
7 2528
8 2527
9 2526
10 2528
11 2534
12 2528
13 2527
14 2527
15 2527
16 2535
17 2527
18 2533
19 2528
20 2521
21 2528
22 2528
23 2527
24 2530
25 2528
26 2536
27 2529
28 2531
29 2528
30 2528
31 2525
32 2529
33 2530
34 2523
35 2524
36 2528
37 2529
38 2530
39 2538
40 2529
41 2530
42 2538
43 2524
44 2529
45 2529
46 2530
47 2527
48 2530
49 2530
50 2531
51 2526
52 2531
53 2530
54 2528
55 2525
56 2530
57 2538
58 2526
59 2534
60 2535
61 2535
62 2529
63 2525
64 2530
65 2529
66 2535
67 2532
68 2529
69 2525
70 2530
71 2528
72 2528
73 2527
74 2536
75 2527
76 2537
77 2531
78 2530
79 2528
80 2533
81 2529
82 2533
83 2530
84 2529
85 2523
86 2529
87 2529
88 2529
89 2530
90 2530
91 2530
92 2529
93 2522
94 2528
95 2532
96 2526
97 2527
98 2526
99 2536
100 2530
101 2529
102 2528
103 2526
104 2528
105 2527
106 2527
107 2528
108 2528
109 2528
110 2531
111 2528
112 2527
113 2526
114 2531
115 2535
116 2528
117 2527
118 2527
119 2527
120 2527
121 2528
122 2526
123 2528
124 2526
125 2533
126 2531
127 2531
128 2528
129 2527
130 2528
131 2527
132 2526
133 2527
134 2526
135 2527
136 2531
137 2530
138 2526
139 2527
140 2530
141 2527
142 2534
143 2530
144 2528
145 2526
146 2527
147 2525
148 2525
149 2526
150 2525
151 2525
152 2525
153 2526
154 2526
155 2530
156 2526
157 2526
158 2525
159 2526
160 2522
161 2532
162 2531
163 2531
164 2531
165 2531
166 2532
167 2531
168 2529
169 2527
170 2529
171 2531
172 2528
173 2527
174 2527
175 2527
176 2526
177 2527
178 2528
179 2526
180 2527
181 2527
182 2527
183 2527
184 2528
185 2530
186 2533
187 2528
188 2526
189 2526
190 2527
191 2520
192 2529
193 2527
194 2527
195 2520
196 2529
197 2526
198 2527
199 2526
200 2526
201 2526
202 2526
203 2527
204 2531
205 2526
206 2528
207 2520
208 2529
209 2527
210 2527
211 2526
212 2527
213 2527
214 2527
215 2528
216 2528
217 2532
218 2521
219 2521
220 2529
221 2531
222 2526
223 2527
224 2532
225 2524
226 2525
227 2521
228 2523
229 2528
230 2534
231 2528
232 2532
233 2531
234 2527
235 2529
236 2534
237 2529
238 2522
239 2520
240 2527
241 2528
242 2529
243 2528
244 2521
245 2529
246 2529
247 2528
248 2524
249 2521
250 2524
251 2529
252 2531
253 2527
254 2521
255 2522
256 2526
257 2525
258 2521
259 2529
260 2531
261 2530
262 2529
263 2534
264 2534
265 2529
266 2530
267 2531
268 2522
269 2534
270 2521
271 2528
272 2529
273 2529
274 2528
275 2533
276 2531
277 2524
278 2531
279 2526
280 2521
281 2535
282 2529
283 2529
284 2530
285 2529
286 2530
287 2528
288 2527
289 2525
290 2522
291 2529
292 2522
293 2532
294 2530
295 2536
296 2523
297 2528
298 2530
299 2522
300 2522
301 2522
302 2533
303 2528
304 2524
305 2529
306 2528
307 2532
308 2523
309 2529
310 2527
311 2524
312 2531
313 2525
314 2536
315 2522
316 2531
317 2531
318 2527
319 2528
320 2530
321 2524
322 2528
323 2528
324 2522
325 2526
326 2526
327 2528
328 2527
329 2522
330 2528
331 2529
332 2530
333 2530
334 2530
335 2530
336 2530
337 2533
338 2531
339 2523
340 2533
341 2532
342 2533
343 2533
344 2538
345 2532
346 2534
347 2530
348 2536
349 2535
350 2534
351 2534
352 2533
353 2535
354 2534
355 2534
356 2535
357 2539
358 2541
359 2531
360 2538
361 2535
362 2530
363 2534
364 2535
365 2532
366 2537
367 2532
368 2531
369 2532
370 2532
371 2532
372 2531
373 2525
374 2530
375 2530
376 2525
377 2525
378 2530
379 2528
380 2530
381 2533
382 2531
383 2526
384 2526
385 2533
386 2532
387 2532
388 2531
389 2535
390 2536
391 2529
392 2529
393 2529
394 2529
395 2529
396 2531
397 2529
398 2524
399 2530
400 2530
401 2529
402 2529
403 2527
404 2528
405 2530
406 2530
407 2529
408 2531
409 2530
410 2531
411 2531
412 2528
413 2528
414 2528
415 2524
416 2524
417 2527
418 2527
419 2528
420 2528
421 2528
422 2528
423 2530
424 2528
425 2531
426 2530
427 2530
428 2528
429 2530
430 2530
431 2524
432 2524
433 2530
434 2535
435 2530
436 2531
437 2535
438 2535
439 2531
440 2525
441 2530
442 2530
443 2534
444 2528
445 2533
446 2525
447 2529
448 2529
449 2531
450 2524
451 2529
452 2538
453 2536
454 2531
455 2526
456 2533
457 2528
458 2528
459 2531
460 2530
461 2529
462 2528
463 2532
464 2526
465 2526
466 2529
467 2532
468 2532
469 2528
470 2528
471 2527
472 2528
473 2528
474 2529
475 2525
476 2531
477 2527
478 2527
479 2527
480 2526
481 2526
482 2526
483 2529
484 2529
485 2535
486 2536
487 2532
488 2527
489 2531
490 2527
491 2528
492 2523
493 2525
494 2525
495 2530
496 2524
497 2524
498 2530
499 2529
500 2535
501 2531
502 2530
503 2532
504 2529
505 2529
506 2528
507 2523
508 2523
509 2527
510 2528
511 2527
512 2526
513 2527
514 2527
515 2529
516 2528
517 2529
518 2528
519 2531
520 2529
521 2533
522 2525
523 2529
524 2522
525 2522
526 2522
527 2528
528 2523
529 2524
530 2533
531 2534
532 2530
533 2528
534 2529
535 2523
536 2529
537 2530
538 2530
539 2534
540 2529
541 2522
542 2522
543 2530
544 2527
545 2530
546 2529
547 2531
548 2529
549 2529
550 2532
551 2527
552 2529
553 2527
554 2527
555 2529
556 2522
557 2530
558 2529
559 2528
560 2526
561 2526
562 2527

