4 2503
5 2503
6 2503
7 2504
8 2503
9 2503
10 2504
11 2504
12 2504
13 2503
14 2504
15 2504
16 2504
17 2503
18 2503
19 2503
20 2504
21 2504
22 2503
23 2504
24 2504
25 2504
26 2503
27 2503
28 2503
29 2503
30 2503
31 2503
32 2503
33 2503
34 2503
35 2503
36 2503
37 2503
38 2503
39 2503
40 2503
41 2502
42 2502
43 2502
44 2503
45 2503
46 2502
47 2503
48 2503
49 2503
50 2502
51 2502
52 2502
53 2502
54 2502
55 2503
56 2502
57 2502
58 2503
59 2502
60 2502
61 2503
62 2502
63 2502
64 2502
65 2503
66 2502
67 2502
68 2505
69 2502
70 2502
71 2502
72 2502
73 2501
74 2501
75 2501
76 2501
77 2501
78 2501
79 2501
80 2501
81 2501
82 2501
83 2501
84 2501
85 2501
86 2500
87 2500
88 2501
89 2501
90 2501
91 2501
92 2500
93 2500
94 2500
95 2500
96 2499
97 2500
98 2500
99 2500
100 2500
101 2502
102 2501
103 2501
104 2500
105 2500
106 2500
107 2500
108 2500
109 2500
110 2500
111 2500
112 2501
113 2500
114 2500
115 2500
116 2501
117 2501
118 2502
119 2504
120 2504
121 2504
122 2502
123 2501
124 2501
125 2500
126 2501
127 2501
128 2500
129 2501
130 2501
131 2501
132 2501
133 2501
134 2501
135 2501
136 2501
137 2501
138 2501
139 2501
140 2501
141 2501
142 2501
143 2501
144 2501
145 2501
146 2501
147 2502
148 2501
149 2502
150 2501
151 2500
152 2501
153 2501
154 2501
155 2501
156 2501
157 2501
158 2501
159 2501
160 2500
161 2501
162 2502
163 2501
164 2501
165 2501
166 2501
167 2501
168 2500
169 2500
170 2500
171 2500
172 2500
173 2500
174 2500
175 2500
176 2500
177 2499
178 2499
179 2499
180 2499
181 2499
182 2499
183 2499
184 2499
185 2499
186 2498
187 2498
188 2498
189 2498
190 2498
191 2498
192 2498
193 2498
194 2498
195 2498
196 2497
197 2497
198 2497
199 2498
200 2498
201 2497
202 2497
203 2497
204 2497
205 2497
206 2497
207 2497
208 2497
209 2497
210 2498
211 2496
212 2497
213 2497
214 2497
215 2497
216 2497
217 2497
218 2497
219 2497
220 2497
221 2497
222 2497
223 2497
224 2497
225 2497
226 2497
227 2497
228 2497
229 2496
230 2496
231 2497
232 2497
233 2497
234 2496
235 2496
236 2497
237 2502
238 2496
239 2496
240 2497
241 2496
242 2496
243 2496
244 2496
245 2496
246 2496
247 2496
248 2496
249 2496
250 2496
251 2495
252 2496
253 2496
254 2496
255 2496
256 2495
257 2496
258 2496
259 2496
260 2496
261 2496
262 2496
263 2496
264 2496
265 2496
266 2495
267 2496
268 2496
269 2495
270 2495
271 2495
272 2495
273 2496
274 2496
275 2495
276 2496
277 2496
278 2495
279 2496
280 2496
281 2495
282 2495
283 2496
284 2496
285 2496
286 2496
287 2496
288 2496
289 2496
290 2496
291 2496
292 2496
293 2496
294 2496
295 2496
296 2496
297 2496
298 2496
299 2496
300 2496
301 2496
302 2496
303 2495
304 2495
305 2495
306 2495
307 2495
308 2496
309 2496
310 2496
311 2496
312 2495
313 2496
314 2495
315 2496
316 2496
317 2496
318 2500
319 2496
320 2496
321 2495
322 2495
323 2495
324 2496
325 2496
326 2495
327 2496
328 2495
329 2496
330 2496
331 2495
332 2495
333 2495
334 2495
335 2495
336 2495
337 2495
338 2495
339 2495
340 2495
341 2495
342 2496
343 2496
344 2495
345 2496
346 2496
347 2496
348 2495
349 2500
350 2496
351 2496
352 2496
353 2496
354 2496
355 2496
356 2496
357 2496
358 2496
359 2496
360 2496
361 2496
362 2496
363 2496
364 2496
365 2496
366 2496
367 2496
368 2496
369 2497
370 2496
371 2496
372 2496
373 2497
374 2497
375 2496
376 2497
377 2496
378 2496
379 2497
380 2497
381 2496
382 2496
383 2497
384 2496
385 2497
386 2497
387 2496
388 2497
389 2496
390 2496
391 2496
392 2496
393 2496
394 2496
395 2496
396 2496
397 2496
398 2496
399 2496
400 2496
401 2496
402 2496
403 2496
404 2496
405 2496
406 2495
407 2495
408 2495
409 2495
410 2495
411 2495
412 2495
413 2495
414 2495
415 2495
416 2495
417 2495
418 2495
419 2495
420 2495
421 2495
422 2495
423 2495
424 2495
425 2495
426 2495
427 2495
428 2495
429 2495
430 2495
431 2494
432 2495
433 2495
434 2495
435 2494
436 2495
437 2495
438 2495
439 2495
440 2495
441 2495
442 2495
443 2495
444 2495
445 2495
446 2494
447 2495
448 2494
449 2494
450 2494
451 2494
452 2494
453 2494
454 2494
455 2494
456 2494
457 2494
458 2494
459 2494
460 2494
461 2494
462 2494
463 2495
464 2494
465 2494
466 2494
467 2494
468 2494
469 2494
470 2494
471 2494
472 2494
473 2494
474 2494
475 2494
476 2494
477 2494
478 2494
479 2494
480 2494
481 2494
482 2494
483 2494
484 2494
485 2494
486 2494
487 2494
488 2493
489 2494
490 2494
491 2493
492 2494
493 2493
494 2494
495 2493
496 2494
497 2493
498 2494
499 2493
500 2494
501 2494
502 2493
503 2493
504 2493
505 2493
506 2493
507 2493
508 2493
509 2493
510 2493
511 2493
512 2493
513 2493
514 2493
515 2493
516 2493
517 2493
518 2493
519 2493
520 2493
521 2493
522 2493
523 2493
524 2493
525 2493
526 2493
527 2493
528 2493
529 2493
530 2493
531 2493
532 2493
533 2493
534 2493
535 2493
536 2493
537 2493
538 2493
539 2493
540 2493
541 2493
542 2493
543 2493
544 2493
545 2492
546 2492
547 2492
548 2492
549 2492
550 2492
551 2495
552 2492
553 2492
554 2493
555 2493
556 2492
557 2492
558 2492
559 2492
560 2492
561 2492
562 2492
563 2492
564 2492
565 2491
566 2491
567 2492
568 2492
569 2492
570 2492
571 2492
572 2492
573 2492
574 2492
575 2492
576 2492
577 2492
578 2492
579 2492
580 2492
581 2492
582 2492
583 2492
584 2492
585 2492
586 2491
587 2491
588 2491
589 2492
590 2491
591 2491
592 2491
593 2491
594 2491
595 2491
596 2491
597 2491
598 2491
599 2491
600 2491
601 2491
602 2491
603 2491
604 2491
605 2491
606 2491
607 2491
608 2491
609 2491
610 2491
611 2491
612 2491
613 2491
614 2491
615 2490
616 2490
617 2490
618 2490
619 2489
620 2490
621 2490
622 2490
623 2490
624 2490
625 2490
626 2490
627 2489
628 2490
629 2490
630 2490
631 2490
632 2491
633 2490
634 2490
635 2490
636 2490
637 2490
638 2490
639 2490
640 2490
641 2490
642 2490
643 2494
644 2490
645 2495
646 2490
647 2490
648 2490
649 2490
650 2489
651 2489
652 2490
653 2489
654 2490
655 2490
656 2489
657 2492
658 2490
659 2489
660 2489
661 2490
662 2489
663 2490
664 2490
665 2489
666 2490
667 2493
668 2493
669 2495
670 2491
671 2490
672 2490
673 2490
674 2489
675 2489
676 2490
677 2490
678 2490
679 2490
680 2490
681 2490
682 2490
683 2490
684 2490
685 2490
686 2490
687 2490
688 2490
689 2490
690 2490
691 2489
692 2489
693 2489
694 2490
695 2490
696 2490
697 2490
698 2489
699 2489
700 2489
701 2489
702 2490
703 2489
704 2489
705 2490
706 2489
707 2490
708 2489
709 2489
710 2489
711 2489
712 2490
713 2489
714 2489
715 2489
716 2490
717 2489
718 2489
719 2489
720 2489
721 2489
722 2490
723 2489
724 2489
725 2489
726 2489
727 2490
728 2489
729 2490
730 2490
731 2490
732 2490
733 2490
734 2490
735 2490
736 2490
737 2490
738 2490
739 2489
740 2490
741 2489
742 2489
743 2489
744 2489
745 2489
746 2491
747 2490
748 2489
749 2489
750 2489
751 2489
752 2489
753 2489
754 2489
755 2489
756 2489
757 2489
758 2491
759 2490
760 2489
761 2489
762 2489
763 2489
764 2489
765 2489
766 2489
767 2489
768 2489
769 2488
770 2488
771 2489
772 2489
773 2489
774 2489
775 2489
776 2489
777 2489
778 2489
779 2489
780 2489
781 2489
782 2488
783 2488
784 2488
785 2488
786 2488
787 2489
788 2488
789 2488
790 2488
791 2488
792 2488
793 2488
794 2488
795 2488
796 2488
797 2488
798 2488
799 2488
800 2488
801 2488
802 2488
803 2488
804 2489
805 2488
806 2489
807 2488
808 2488
809 2487
810 2488
811 2488
812 2488
813 2488
814 2488
815 2488
816 2488
817 2488
818 2488
819 2488
820 2488
821 2488
822 2488
823 2488
824 2488
825 2487
826 2488
827 2488
828 2488
829 2488
830 2488
831 2488
832 2488
833 2488
834 2488
835 2488
836 2488
837 2488
838 2488
839 2488
840 2487
841 2488
842 2488
843 2487
844 2488
845 2488
846 2488
847 2488
848 2488
849 2488
850 2488
851 2488
852 2488
853 2488
854 2488
855 2488
856 2488
857 2488
858 2487
859 2487
860 2488
861 2487
862 2488
863 2487
864 2488
865 2488
866 2488
867 2487
868 2487
869 2487
870 2487
871 2488
872 2488
873 2487
874 2487
875 2488
876 2487
877 2488
878 2488
879 2488
880 2488
881 2488
882 2487
883 2487
884 2488
885 2488
886 2488
887 2488
888 2488
889 2488
890 2488
891 2487
892 2487
893 2488
894 2488
895 2487
896 2488
897 2488
898 2487
899 2488
900 2488
901 2488
902 2488
903 2488
904 2488
905 2488
906 2488
907 2488
908 2488
909 2488
910 2488
911 2488
912 2487
913 2488
914 2488
915 2488
916 2488
917 2488
918 2488
919 2488
920 2488
921 2488
922 2488
923 2488
924 2488
925 2488
926 2488
927 2488
928 2488
929 2488
930 2488
931 2488
932 2488
933 2488
934 2488
935 2488
936 2488
937 2488
938 2488
939 2488
940 2488
941 2488
942 2488
943 2488
944 2488
945 2488
946 2488
947 2488
948 2488
949 2488
950 2488
951 2488
952 2488
953 2488
954 2488
955 2488
956 2488
957 2488
958 2488
959 2487
960 2488
961 2488
962 2488
963 2488
964 2488
965 2488
966 2488
967 2488
968 2488
969 2488
970 2488
971 2488
972 2488
973 2488
974 2488
975 2488
976 2488
977 2489
978 2487
979 2490
980 2488
981 2488
982 2488
983 2488
984 2488
985 2492
986 2488
987 2489
988 2489
989 2488
990 2488
991 2488
992 2488
993 2488
994 2488
995 2488
996 2488
997 2488
998 2488
999 2488
1000 2488
1001 2488
1002 2488
1003 2488
1004 2488
1005 2488
1006 2488
1007 2488
1008 2488
1009 2488
1010 2488
1011 2488
1012 2488
1013 2488
1014 2488
1015 2488
1016 2488
1017 2488
1018 2488
1019 2488
1020 2488
1021 2488
1022 2488
1023 2489
1024 2488
1025 2488
1026 2488
1027 2489
1028 2488
1029 2488
1030 2489
1031 2489
1032 2488
1033 2489
1034 2489
1035 2489
1036 2489
1037 2489
1038 2489
1039 2489
1040 2489
1041 2489
1042 2489
1043 2489
1044 2489
1045 2490
1046 2489
1047 2489
1048 2489
1049 2489
1050 2489
1051 2489
1052 2489
1053 2489
1054 2489
1055 2489
1056 2490
1057 2489
1058 2489
1059 2489
1060 2489
1061 2489
1062 2489
1063 2489
1064 2489
1065 2489
1066 2489
1067 2489
1068 2490
1069 2490
1070 2489
1071 2490
1072 2490
1073 2490
1074 2489
1075 2490
1076 2490
1077 2489
1078 2490
1079 2490
1080 2490
1081 2489
1082 2490
1083 2490
1084 2490
1085 2490
1086 2490
1087 2490
1088 2490
1089 2490
1090 2490
1091 2491
1092 2490
1093 2490
1094 2490
1095 2490
1096 2491
1097 2491
1098 2491
1099 2490
1100 2491
1101 2491
1102 2490
1103 2490
1104 2490
1105 2491
1106 2491
1107 2491
1108 2490
1109 2491
1110 2491
1111 2491
1112 2491
1113 2491
1114 2491
1115 2491
1116 2491
1117 2491
1118 2491
1119 2491
1120 2491
1121 2491
1122 2491
1123 2491
1124 2491
1125 2491
1126 2491
1127 2491
1128 2491
1129 2491
1130 2491
1131 2491
1132 2491
1133 2491
1134 2491
1135 2491
1136 2491
1137 2491
1138 2491
1139 2491
1140 2491
1141 2491
1142 2491
1143 2491
1144 2491
1145 2491
1146 2491
1147 2491
1148 2491
1149 2491
1150 2491
1151 2491
1152 2491
1153 2491
1154 2491
1155 2492
1156 2492
1157 2492
1158 2491
1159 2492
1160 2492
1161 2492
1162 2492
1163 2492
1164 2493
1165 2492
1166 2492
1167 2492
1168 2492
1169 2492
1170 2493
1171 2492
1172 2492
1173 2493
1174 2493
1175 2492
1176 2492
1177 2493
1178 2493
1179 2493
1180 2493
1181 2492
1182 2492
1183 2492
1184 2492
1185 2492
1186 2492
1187 2492
1188 2497
1189 2492
1190 2492
1191 2492
1192 2492
1193 2492
1194 2492
1195 2492
1196 2492
1197 2492
1198 2492
1199 2492
1200 2492
1201 2492
1202 2492
1203 2493
1204 2493
1205 2492
1206 2493
1207 2493
1208 2493
1209 2493
1210 2492
1211 2492
1212 2492
1213 2493
1214 2492
1215 2492
1216 2492
1217 2492
1218 2492
1219 2492
1220 2492
1221 2492
1222 2492
1223 2492
1224 2492
1225 2492
1226 2492
1227 2492
1228 2492
1229 2492
1230 2492
1231 2492
1232 2492
1233 2492
1234 2492
1235 2492
1236 2492
1237 2492
1238 2491
1239 2491
1240 2491
1241 2492
1242 2492
1243 2491
1244 2491
1245 2492
1246 2491
1247 2491
1248 2491
1249 2492
1250 2492
1251 2492
1252 2492
1253 2492
1254 2492
1255 2492
1256 2492
1257 2492
1258 2492
1259 2492
1260 2492
1261 2492
1262 2492
1263 2492
1264 2492
1265 2492
1266 2492
1267 2492
1268 2492
1269 2491
1270 2491
1271 2492
1272 2492
1273 2492
1274 2492
1275 2492
1276 2492
1277 2492
1278 2492
1279 2491
1280 2492
1281 2491
1282 2491
1283 2491
1284 2491
1285 2491
1286 2491
1287 2491
1288 2491
1289 2491
1290 2491
1291 2491
1292 2491
1293 2491
1294 2491
1295 2491
1296 2491
1297 2491
1298 2491
1299 2491
1300 2491
1301 2491
1302 2491
1303 2491
1304 2491
1305 2491
1306 2491
1307 2492
1308 2491
1309 2492
1310 2492
1311 2492
1312 2496
1313 2492
1314 2492
1315 2492
1316 2492
1317 2492
1318 2492
1319 2492
1320 2492
1321 2492
1322 2492
1323 2492
1324 2492
1325 2492
1326 2492
1327 2492
1328 2492
1329 2492
1330 2493
1331 2492
1332 2492
1333 2492
1334 2491
1335 2497
1336 2491
1337 2493
1338 2493
1339 2492
1340 2492
1341 2492
1342 2492
1343 2491
1344 2492
1345 2492
1346 2493
1347 2492
1348 2492
1349 2492
1350 2492
1351 2492
1352 2492
1353 2491
1354 2492
1355 2492
1356 2492
1357 2492
1358 2492
1359 2492
1360 2492
1361 2491
1362 2491
1363 2492
1364 2492
1365 2492
1366 2491
1367 2491
1368 2492
1369 2491
1370 2491
1371 2491
1372 2492
1373 2492
1374 2492
1375 2492
1376 2491
1377 2492
1378 2492
1379 2492
1380 2492
1381 2492
1382 2492
1383 2492
1384 2492
1385 2491
1386 2492
1387 2492
1388 2492
1389 2492
1390 2492
1391 2491
1392 2492
1393 2492
1394 2492
1395 2492
1396 2492
1397 2491
1398 2492
1399 2492
1400 2492
1401 2492
1402 2492
1403 2491
1404 2492
1405 2492
1406 2492
1407 2491
1408 2491
1409 2492
1410 2492
1411 2492
1412 2492
1413 2493
1414 2491
1415 2491
1416 2491
1417 2494
1418 2491
1419 2491
1420 2491
1421 2491
1422 2492
1423 2491
1424 2491
1425 2491
1426 2491
1427 2491
1428 2491
1429 2491
1430 2491
1431 2492
1432 2491
1433 2491
1434 2491
1435 2491
1436 2491
1437 2491
1438 2491
1439 2491
1440 2491
1441 2490
1442 2491
1443 2491
1444 2491
1445 2491
1446 2491
1447 2491
1448 2491
1449 2491
1450 2491
1451 2491
1452 2490
1453 2491
1454 2491
1455 2491
1456 2491
1457 2491
1458 2491
1459 2491
1460 2491
1461 2491
1462 2491
1463 2491
1464 2491
1465 2491
1466 2491
1467 2491
1468 2491
1469 2491
1470 2491
1471 2491
1472 2491
1473 2491
1474 2491
1475 2491
1476 2492
1477 2492
1478 2491
1479 2491
1480 2491
1481 2491
1482 2491
1483 2491
1484 2491
1485 2491
1486 2491
1487 2492
1488 2491
1489 2491
1490 2491
1491 2491
1492 2491
1493 2491
1494 2491
1495 2491
1496 2492
1497 2492
1498 2492
1499 2492
1500 2492
1501 2492
1502 2491
1503 2492
1504 2492
1505 2492
1506 2492
1507 2491
1508 2492
1509 2492
1510 2492
1511 2491
1512 2491
1513 2491
1514 2491
1515 2491
1516 2492
1517 2491
1518 2491
1519 2491
1520 2492
1521 2492
1522 2491
1523 2492
1524 2492
1525 2491
1526 2492
1527 2491
1528 2492
1529 2492
1530 2492
1531 2492
1532 2492
1533 2491
1534 2492
1535 2492
1536 2492
1537 2492
1538 2492
1539 2492
1540 2492
1541 2492
1542 2492
1543 2492
1544 2492
1545 2492
1546 2492
1547 2492
1548 2492
1549 2492
1550 2492
1551 2492
1552 2492
1553 2492
1554 2492
1555 2492
1556 2492
1557 2492
1558 2492
1559 2492
1560 2492
1561 2492
1562 2492
1563 2492
1564 2492
1565 2492
1566 2492
1567 2493
1568 2492
1569 2492
1570 2492
1571 2492
1572 2493
1573 2492
1574 2494
1575 2496
1576 2492
1577 2492
1578 2492
1579 2491
1580 2491
1581 2492
1582 2492
1583 2491
1584 2491
1585 2491
1586 2491
1587 2491
1588 2491
1589 2491
1590 2491
1591 2491
1592 2491
1593 2491
1594 2491
1595 2491
1596 2490
1597 2490
1598 2490
1599 2490
1600 2491
1601 2491
1602 2491
1603 2490
1604 2491
1605 2491
1606 2490
1607 2490
1608 2490
1609 2490
1610 2490
1611 2490
1612 2490
1613 2490
1614 2490
1615 2490
1616 2490
1617 2490
1618 2490
1619 2490
1620 2490
1621 2490
1622 2490
1623 2490
1624 2490
1625 2490
1626 2490
1627 2490
1628 2490
1629 2490
1630 2490
1631 2490
1632 2490
1633 2490
1634 2490
1635 2490
1636 2490
1637 2490
1638 2490
1639 2490
1640 2490
1641 2490
1642 2490
1643 2490
1644 2490
1645 2490
1646 2489
1647 2489
1648 2489
1649 2490
1650 2490
1651 2489
1652 2489
1653 2489
1654 2489
1655 2489
1656 2489
1657 2489
1658 2489
1659 2489
1660 2490
1661 2489
1662 2489
1663 2489
1664 2489
1665 2489
1666 2489
1667 2489
1668 2489
1669 2489
1670 2489
1671 2489
1672 2489
1673 2489
1674 2489
1675 2489
1676 2489
1677 2489
1678 2489
1679 2489
1680 2489
1681 2489
1682 2489
1683 2489
1684 2489
1685 2489
1686 2489
1687 2489
1688 2488
1689 2488
1690 2489
1691 2488
1692 2488
1693 2491
1694 2493
1695 2494
1696 2487
1697 2490
1698 2491
1699 2491
1700 2494
1701 2489
1702 2487
1703 2489
1704 2488
1705 2488
1706 2488
1707 2488
1708 2488
1709 2488
1710 2488
1711 2488
1712 2488
1713 2488
1714 2488
1715 2488
1716 2488
1717 2488
1718 2488
1719 2488
1720 2488
1721 2488
1722 2488
1723 2488
1724 2487
1725 2488
1726 2488
1727 2488
1728 2487
1729 2487
1730 2487
1731 2487
1732 2487
1733 2487
1734 2487
1735 2487
1736 2487
1737 2487
1738 2487
1739 2487
1740 2487
1741 2487
1742 2487
1743 2487
1744 2487
1745 2487
1746 2487
1747 2487
1748 2487
1749 2487
1750 2487
1751 2486
1752 2486
1753 2486
1754 2486
1755 2486
1756 2486
1757 2486
1758 2486
1759 2486
1760 2486
1761 2486
1762 2486
1763 2486
1764 2486
1765 2486
1766 2486
1767 2485
1768 2486
1769 2486
1770 2486
1771 2486
1772 2486
1773 2485
1774 2485
1775 2486
1776 2485
1777 2485
1778 2485
1779 2485
1780 2485
1781 2485
1782 2485
1783 2485
1784 2485
1785 2485
1786 2485
1787 2484
1788 2484
1789 2484
1790 2484
1791 2484
1792 2483
1793 2483
1794 2487
1795 2483
1796 2484
1797 2483
1798 2484
1799 2484
1800 2483
1801 2483
1802 2483
1803 2483
1804 2483
1805 2482
1806 2483
1807 2483
1808 2482
1809 2484
1810 2483
1811 2482
1812 2482
1813 2482
1814 2481
1815 2482
1816 2482
1817 2482
1818 2481
1819 2481
1820 2480
1821 2480
1822 2480
1823 2480
1824 2480
1825 2480
1826 2480
1827 2480
1828 2482
1829 2481
1830 2482
1831 2479
1832 2477
1833 2477
1834 2477
1835 2477
1836 2477
1837 2477
1838 2484
1839 2476
1840 2476
1841 2476
1842 2477
1843 2477
1844 2476
1845 2476
1846 2476
1847 2476
1848 2476
1849 2476
1850 2476
1851 2476
1852 2476
1853 2475
1854 2476
1855 2476
1856 2476
1857 2475
1858 2475
1859 2475
1860 2475
1861 2475
1862 2475
1863 2475
1864 2475
1865 2475
1866 2475
1867 2475
1868 2475
1869 2475
1870 2474
1871 2475
1872 2475
1873 2475
1874 2474
1875 2475
1876 2474
1877 2474
1878 2474
1879 2474
1880 2474
1881 2474
1882 2474
1883 2474
1884 2474
1885 2474
1886 2474
1887 2473
1888 2473
1889 2473
1890 2473
1891 2473
1892 2473
1893 2473
1894 2473
1895 2473
1896 2473
1897 2473
1898 2473
1899 2473
1900 2473
1901 2473
1902 2473
1903 2473
1904 2473
1905 2473
1906 2472
1907 2472
1908 2473
1909 2473
1910 2472
1911 2472
1912 2472
1913 2472
1914 2472
1915 2472
1916 2472
1917 2472
1918 2472
1919 2472
1920 2472
1921 2472
1922 2472
1923 2471
1924 2471
1925 2472
1926 2472
1927 2472
1928 2471
1929 2472
1930 2471
1931 2471
1932 2472
1933 2471
1934 2471
1935 2471
1936 2471
1937 2471
1938 2471
1939 2471
1940 2471
1941 2471
1942 2471
1943 2471
1944 2471
1945 2471
1946 2471
1947 2471
1948 2471
1949 2471
1950 2471
1951 2471
1952 2471
1953 2471
1954 2471
1955 2471
1956 2471
1957 2471
1958 2471
1959 2471
1960 2471
1961 2471
1962 2472
1963 2471
1964 2471
1965 2471
1966 2471
1967 2471
1968 2471
1969 2471
1970 2471
1971 2471
1972 2471
1973 2471
1974 2471
1975 2471
1976 2471
1977 2471
1978 2471
1979 2471
1980 2471
1981 2471
1982 2471
1983 2472
1984 2471
1985 2471
1986 2471
1987 2471
1988 2471
1989 2471
1990 2471
1991 2471
1992 2471
1993 2471
1994 2471
1995 2471
1996 2471
1997 2471
1998 2470
1999 2470
2000 2470
2001 2471
2002 2470
2003 2470
2004 2470
2005 2470
2006 2470
2007 2470
2008 2470
2009 2470
2010 2470
2011 2470
2012 2470
2013 2470
2014 2470
2015 2469
2016 2470
2017 2469
2018 2470
2019 2470
2020 2470
2021 2470
2022 2470
2023 2473
2024 2469
2025 2469
2026 2469
2027 2469
2028 2470
2029 2470
2030 2469
2031 2469
2032 2469
2033 2469
2034 2469
2035 2469
2036 2469
2037 2469
2038 2469
2039 2469
2040 2469
2041 2469
2042 2469
2043 2469
2044 2469
2045 2469
2046 2469
2047 2469
2048 2469
2049 2469
2050 2468
2051 2469
2052 2469
2053 2469
2054 2469
2055 2469
2056 2469
2057 2469
2058 2469
2059 2469
2060 2469
2061 2468
2062 2468
2063 2468
2064 2468
2065 2468
2066 2468
2067 2468
2068 2468
2069 2468
2070 2468
2071 2468
2072 2468
2073 2468
2074 2468
2075 2468
2076 2468
2077 2468
2078 2468
2079 2468
2080 2468
2081 2468
2082 2468
2083 2468
2084 2468
2085 2467
2086 2468
2087 2468
2088 2467
2089 2467
2090 2467
2091 2467
2092 2467
2093 2467
2094 2467
2095 2467
2096 2468
2097 2467
2098 2467
2099 2467
2100 2467
2101 2467
2102 2467
2103 2467
2104 2467
2105 2467
2106 2467
2107 2467
2108 2467
2109 2466
2110 2467
2111 2467
2112 2466
2113 2466
2114 2466
2115 2466
2116 2466
2117 2466
2118 2466
2119 2466
2120 2466
2121 2466
2122 2466
2123 2466
2124 2466
2125 2466
2126 2466
2127 2466
2128 2466
2129 2466
2130 2466
2131 2466
2132 2466
2133 2466
2134 2466
2135 2466
2136 2466
2137 2466
2138 2466
2139 2466
2140 2466
2141 2466
2142 2466
2143 2466
2144 2466
2145 2466
2146 2465
2147 2466
2148 2465
2149 2465
2150 2465
2151 2465
2152 2465
2153 2465
2154 2465
2155 2465
2156 2465
2157 2465
2158 2465
2159 2465
2160 2465
2161 2465
2162 2465
2163 2465
2164 2465
2165 2465
2166 2465
2167 2465
2168 2465
2169 2465
2170 2465
2171 2465
2172 2465
2173 2465
2174 2465
2175 2465
2176 2465
2177 2465
2178 2465
2179 2465
2180 2465
2181 2465
2182 2465
2183 2465
2184 2465
2185 2465
2186 2465
2187 2465
2188 2465
2189 2464
2190 2464
2191 2464
2192 2465
2193 2465
2194 2465
2195 2465
2196 2464
2197 2464
2198 2464
2199 2464
2200 2464
2201 2464
2202 2464
2203 2465
2204 2464
2205 2464
2206 2464
2207 2464
2208 2464
2209 2464
2210 2464
2211 2464
2212 2464
2213 2464
2214 2464
2215 2464
2216 2464
2217 2464
2218 2464
2219 2464
2220 2464
2221 2464
2222 2464
2223 2463
2224 2463
2225 2463
2226 2463
2227 2464
2228 2463
2229 2463
2230 2463
2231 2463
2232 2463
2233 2463
2234 2463
2235 2463
2236 2463
2237 2463
2238 2463
2239 2463
2240 2463
2241 2463
2242 2463
2243 2463
2244 2463
2245 2463
2246 2463
2247 2463
2248 2463
2249 2463
2250 2463
2251 2463
2252 2463
2253 2463
2254 2463
2255 2463
2256 2463
2257 2463
2258 2463
2259 2463
2260 2463
2261 2463
2262 2462
2263 2463
2264 2463
2265 2463
2266 2463
2267 2463
2268 2463
2269 2463
2270 2463
2271 2463
2272 2463
2273 2462
2274 2462
2275 2462
2276 2462
2277 2462
2278 2462
2279 2462
2280 2462
2281 2462
2282 2462
2283 2462
2284 2462
2285 2462
2286 2462
2287 2462
2288 2463
2289 2464
2290 2463
2291 2462
2292 2462
2293 2462
2294 2462
2295 2462
2296 2466
2297 2465
2298 2467
2299 2463
2300 2463
2301 2464
2302 2464
2303 2464
2304 2465
2305 2465
2306 2465
2307 2465
2308 2465
2309 2465
2310 2464
2311 2464
2312 2464
2313 2465
2314 2464
2315 2465
2316 2464
2317 2464
2318 2465
2319 2465
2320 2465
2321 2464
2322 2465
2323 2468
2324 2464
2325 2465
2326 2467
2327 2465
2328 2465
2329 2465
2330 2465
2331 2465
2332 2465
2333 2465
2334 2465
2335 2465
2336 2465
2337 2465
2338 2465
2339 2466
2340 2465
2341 2466
2342 2466
2343 2466
2344 2466
2345 2466
2346 2466
2347 2465
2348 2469
2349 2467
2350 2465
2351 2465
2352 2465
2353 2465
2354 2465
2355 2465
2356 2464
2357 2465
2358 2465
2359 2464
2360 2464
2361 2464
2362 2464
2363 2463
2364 2464
2365 2464
2366 2464
2367 2463
2368 2464
2369 2470
2370 2463
2371 2463
2372 2463
2373 2463
2374 2463
2375 2464
2376 2465
2377 2462
2378 2463
2379 2462
2380 2462
2381 2462
2382 2462
2383 2462
2384 2461
2385 2461
2386 2461
2387 2462
2388 2461
2389 2461
2390 2461
2391 2461
2392 2461
2393 2461
2394 2461
2395 2461
2396 2461
2397 2461
2398 2461
2399 2461
2400 2461
2401 2461
2402 2460
2403 2460
2404 2460
2405 2460
2406 2464
2407 2460
2408 2460
2409 2460
2410 2459
2411 2460
2412 2460
2413 2460
2414 2460
2415 2460
2416 2459
2417 2459
2418 2459
2419 2458
2420 2457
2421 2457
2422 2458
2423 2457
2424 2457
2425 2457
2426 2457
2427 2457
2428 2457
2429 2456
2430 2456
2431 2455
2432 2459
2433 2456
2434 2456
2435 2456
2436 2456
2437 2456
2438 2455
2439 2455
2440 2455
2441 2455
2442 2455
2443 2455
2444 2455
2445 2455
2446 2455
2447 2454
2448 2454
2449 2454
2450 2454

217 2511
218 2519
219 2522
220 2515
221 2514
222 2514
223 2515
224 2516
225 2516
226 2523
227 2522
228 2520
229 2520
230 2518
231 2521
232 2511
233 2518
234 2518
235 2514
236 2517
237 2521
238 2519
239 2519
240 2522
241 2522
242 2521
243 2514
244 2525
245 2514
246 2519
247 2521
248 2514
249 2518
250 2517
251 2520
252 2518
253 2518
254 2517
255 2517
256 2518
257 2518
258 2523
259 2518
260 2523
261 2518
262 2515
263 2520
264 2525
265 2511
266 2517
267 2518
268 2511
269 2516
270 2519
271 2522
272 2525
273 2523
274 2517
275 2517
276 2518
277 2522
278 2516
279 2517
280 2525
281 2516
282 2516
283 2516
284 2517
285 2520
286 2517
287 2520
288 2517
289 2517
290 2517
291 2524
292 2517
293 2517
294 2517
295 2523
296 2521
297 2519
298 2517
299 2517
300 2517
301 2517
302 2516
303 2516
304 2521
305 2519
306 2517
307 2515
308 2518
309 2524
310 2511
311 2518
312 2512
313 2518
314 2518
315 2518
316 2521
317 2517
318 2515
319 2520
320 2515
321 2516
322 2516
323 2516
324 2517
325 2514
326 2517
327 2518
328 2518
329 2515
330 2523
331 2516
332 2516
333 2517
334 2519
335 2516
336 2516
337 2514
338 2511
339 2511
340 2518
341 2516
342 2517
343 2515
344 2515
345 2519
346 2516
347 2516
348 2513
349 2519
350 2515
351 2514
352 2514
353 2513
354 2521
355 2514
356 2520
357 2514
358 2514
359 2515
360 2514
361 2516
362 2521
363 2514
364 2515
365 2514
366 2513
367 2519
368 2510
369 2514
370 2514
371 2513
372 2515
373 2514
374 2516
375 2515
376 2520
377 2517
378 2514
379 2510
380 2521
381 2510
382 2513
383 2514
384 2513
385 2510
386 2510
387 2509
388 2509
389 2510
390 2512
391 2509
392 2510
393 2514
394 2518
395 2518
396 2515
397 2515
398 2517
399 2523
400 2510
401 2510
402 2511
403 2510
404 2516
405 2510
406 2515
407 2516
408 2509
409 2509
410 2509
411 2515
412 2509
413 2514
414 2509
415 2519
416 2523
417 2516
418 2511
419 2517
420 2514
421 2523
422 2523
423 2517
424 2515
425 2516
426 2515
427 2520
428 2523
429 2510
430 2522
431 2512
432 2515
433 2517
434 2508
435 2517
436 2518
437 2516
438 2508
439 2522
440 2512
441 2508
442 2516
443 2509
444 2508
445 2514
446 2514
447 2510
448 2516
449 2509
450 2515
451 2512
1062 2507
1063 2513
1064 2514
1065 2508
1066 2510
1067 2505
1068 2512
1069 2512
1070 2512
1071 2511
1072 2511
1073 2507
1074 2511
1075 2512
1076 2511
1077 2506
1078 2511
1079 2505
1080 2512
1081 2512
1082 2512
1083 2516
1084 2504
1085 2511
1086 2509
1087 2504
1088 2510
1089 2513
1090 2512
1091 2515
1092 2518
1093 2512
1094 2507
1095 2509
1096 2518
1097 2504
1098 2503
1099 2503
1100 2515
1101 2503
1102 2511
1103 2512
1104 2511
1105 2510
1106 2505
1107 2504
1108 2511
1109 2511
1110 2511
1111 2511
1112 2511
1113 2509
1114 2503
1115 2511
1116 2510
1117 2510
1118 2503
1119 9999
1120 9999
1121 9999
1122 9999
1123 2511
1124 2511
1125 2512
1126 2509
1127 2511
1128 2511
1129 2511
1130 2516
1131 2512
1132 2509
1133 2510
1134 2509
1135 2503
1136 2503
1137 2503
1138 2511
1139 9999
1140 9999
1141 9999
1142 9999
1143 9999
1144 9999
1145 9999
1146 9999
1147 9999
1577 2510
1578 2516
1579 2513
1580 2516
1581 2519
1582 2517
1583 2517
1584 2520
1585 2517
1586 2514
1587 2517
1588 2515
1589 2516
1590 2507
1591 2507
1592 2508
1593 2518
1594 2513
1595 2513
1596 2513
1597 2514
1598 2507
1599 2512
1600 2513
1601 2514
1602 2514
1603 2518
1604 2513
1605 2513
1606 2513
1607 2513
1608 2512
1609 2511
1610 2513
1611 2514
1612 2514
1613 2513
1614 2513
1615 2513
1616 2513
1617 2509
1618 2512
1619 2512
1620 2507
1621 2513
1622 2513
1623 2513
1624 2513
1625 2506
1626 2512
1627 2513
1628 2508
1629 2509
1630 2512
1631 2511
1632 2513
1633 2513
1634 2512
1635 2511
1636 2513
1637 2512
1638 2513
1639 2519
1640 2519
1641 2516
1642 2514
1643 2505
1644 2515
1645 2515
1646 2515
1647 2514
1648 2515
1649 2514
1650 2515
1651 2513
1652 2518
1653 2515
1654 2518
1655 2515
1656 2516
1657 2514
1658 2514
1659 2515
1660 2508
1661 2517
1662 2515
1663 2514
1664 2515
1665 2514
1666 2514
1667 2506
1668 2516
1669 2514
1670 2513
1671 2513
1672 2514
1673 2514
1674 2511
1675 2513
1676 2514
1677 2514
1678 2514
1679 2514
1680 2514
1681 2513
1682 2514
1683 2514
1684 2514
1685 2515
1686 2514
1687 2515
1688 2515
1689 2520
1690 2518
1691 2511
1692 2515
1693 2510
1694 2506
1695 2506
1696 2507
1697 2518
1698 2514
1699 2519
1700 2516
1701 2506
1702 2517
1703 2511
1704 2506
1705 2517
1706 2511
1707 2515
1708 2506
1709 2509
1710 2508
1711 2508
1712 2509
1713 2510
1714 2513
1715 2512
1716 2507
1717 2514
1718 2513
1719 2515
1720 2508
1721 2508
1722 2516
1723 2518
1724 2512
1725 2514
1726 2515
1727 2514
1728 2515
1729 2514
1730 2514
1731 2514
1732 2514
1733 2515
1734 2514
1735 2512
1736 2515
1737 2515
1986 2498
1987 2498
1988 2497
1989 2498
1990 2496
1991 2495
1992 2495
1993 2496
1994 2497
1995 2500
1996 2498
1997 2497
1998 2503
1999 2502
2000 2496
2001 2504
2002 2494
2003 2496
2004 2498
2005 2504
2006 2495
2007 2500
2008 2499
2009 2498
2010 2498
2011 2494
2012 2493
2013 2505
2014 2495
2015 2495
2016 2496
2017 2499
2018 2497
2019 2497
2020 2497
2021 2498
2022 2498
2023 2495
2024 2492
2025 2498
2026 2495
2027 2496
2028 2501
2029 2495
2030 2494
2031 2493
2032 2494
2033 2495
2034 2502
2035 2506
2036 2505
2037 2499
2038 2496
2039 2495
2040 2506
2041 2502
2042 2492
2043 2502
2044 2496
2045 2496
2046 2492
2047 2494
2048 2496
2049 2493
2050 2503
2051 2498
2052 2497
2053 2496
2054 2498
2055 2493
2056 2492
2057 2501
2058 2496
2059 2500
2060 2493
2061 2502
2062 2500
2063 2499
2064 2492
2065 2492
2066 2504
2067 2499
2068 2499
2069 2505
2070 2499
2071 2498
2072 2500
2073 2501
2074 2501
2075 2494
2076 2501
2077 2498
2078 2495
2079 2497
2080 2504
2081 2497
2082 2497
2083 2500
2084 2504
2085 2502
2086 2499
2087 2504
2088 2505
2089 2498
2090 2505
2091 2502
2092 2493
2093 2491
2094 2491
2095 2498
2096 2496
2097 2497
2098 2497
2099 2497
2100 2494
2101 2496
2102 2497
2103 2496
2104 2497
2105 2497
2106 2497
2107 2497
2108 2498
2109 2505
2110 2495
2111 2505
2112 2497
2113 2497
2114 2496
2115 2496
2116 2496
2117 2496
2118 2494
2119 2495
2120 2495
2121 2502
2122 2498
2123 2494
2124 2496
2125 2496
2126 2496
2127 2494
2128 2496
2129 2491
2130 2496
2131 2495
2132 2495
2133 2493
2134 2500
2135 2495
2136 2495
2137 2489
2138 2496
2139 2496
2140 2496
2141 2495
2142 2496
2143 2500
2144 2500
2145 2490
2146 2495
2147 2488
2148 2502
2149 2492
2150 2499
2151 2493
2152 2495
2153 2491
2154 2495
2155 2494
2156 2493
2157 2495
2158 2492
2159 2491
2160 2494
2161 2491
2162 2492
2163 2486
2164 2486
2165 2490
2166 2488
2167 2490
2168 2491
2169 2492
2170 2492
2171 2494
2172 2493
2173 2492
2174 2495
2175 2492
2176 2492
2177 2491
2178 2485
2179 2492
2180 2491
2181 2491
2182 2492
2183 2489
2184 2490
2185 2491
2186 2498
2187 2490
2188 2491
2189 2492
2190 2491
2191 2491
2192 2491
2193 2495
2194 2492
2195 2484
2196 2485
2197 2491
2198 2483
2199 2497
2200 2497
2201 2487
2202 2497
2203 2483
2204 2492
2205 2490
2206 2489
2207 2496
2208 2485
2209 2485
2210 2492
2211 2482
2212 2482
2213 2488
2214 2482
2215 2482
2216 2486
2217 2488
2218 2482
2219 2485
2220 2487
2221 2485
2222 2488
2223 2488
2224 2489
2225 2488
2226 2481
2227 2486
2228 2482
2229 2484
2230 2483
2231 2488
2232 2489
2233 2489
2234 2489
2235 2489

