4770 2514
4771 2514
4772 2514
4773 2514
4774 2514
4775 2515
4776 2517
4777 2513
4778 2514
4779 2514
4780 2513
4781 2518
4782 2512
4783 2511
4784 2510
4785 2510
4786 2514
4787 2510
4788 2514
4789 2509
4790 2509
4791 2514
4792 2510
4793 2510
4794 2512
4795 2513
4796 2511
4797 2512
4798 2512
4799 2511
4800 2511
4801 2512
4802 2515
4803 2515
4804 2515
4805 2513
4806 2517
4807 2512
4808 2513
4809 2520
4810 2519
4811 2511
4812 2512
4813 2518
4814 2518
4815 2519
4816 2512
4817 2513
4818 2511
4819 2512
4820 2511
4821 2517
4822 2512
4823 2515
4824 2520
4825 2512
4826 2513
4827 2518
4828 2518
4829 2515
4830 2514
4831 2516
4832 2526
4833 2515
4834 2512
4835 2512
4836 2511
4837 2513
4838 2510
4839 2510
4840 2509
4841 2510
4842 2509
4843 2509
4844 2507
4845 2521
4846 2518
4847 2509
4848 2509
4849 2513
4850 2509
4851 2509
4852 2509
4853 2508
4854 2508
4855 2509
4856 2508
4857 2516
4858 2513
4859 2508
4860 2518
4861 2509
4862 2515
4863 2509
4864 2509
4865 2515
4866 2509
4867 2514
4868 2511
4869 2509
4870 2509
4871 2508
4872 2509
4873 2509
4874 2509
4875 2513
4876 2514
4877 2510
4878 2511
4879 2512
4880 2509
4881 2510
4882 2508
4883 2508
4884 2512
4885 2512
4886 2512
4887 2506
4888 2509
4889 2508
4890 2508
4891 2520
4892 2509
4893 2507
4894 2511
4895 2506
4896 2507
4897 2507
4898 2515
4899 2514
4900 2507
4901 2505
4902 2506
4903 2506
4904 2511
4905 2507
4906 2507
4907 2507
4908 2518
4909 2506
4910 2506
4911 2510
4912 2517
4913 2508
4914 2511
4915 2513
4916 2509
4917 2508
4918 2509
4919 2509
4920 2509
4921 2509
4922 2508
4923 2508
4924 2509
4925 2508
4926 2513
4927 2514
4928 2508
4929 2511
4930 2509
4931 2508
4932 2508
4933 2508
4934 2507
4935 2509
4936 2513
4937 2509
4938 2510
4939 2508
4940 2507
4941 2507
4942 2509
4943 2508
4944 2508
4945 2508
4946 2508
4947 2508
4948 2513
4949 2509
4950 2507
4951 2508
4952 2508
4953 2508
4954 2507
4955 2507
4956 2508
4957 2507
4958 2507
4959 2507
4960 2507
4961 2507
4962 2505
4963 2507
4964 2506
4965 2506
4966 2507
4967 2506
4968 2506
4969 2507
4970 2514
4971 2506
4972 2508
4973 2507
4974 2507
4975 2507
4976 2512
4977 2506
4978 2505
4979 2506
4980 2506
4981 2506
4982 2506
4983 2510
4984 2506
4985 2510
4986 2509
4987 2507
4988 2507
4989 2511
4990 2506
4991 2506
4992 2507
4993 2507
4994 2506
4995 2511
4996 2509
4997 2506
4998 2506
4999 2506
5000 2506
5001 2506
5002 2507
5003 2507
5004 2507
5005 2506
5006 2506
5007 2506
5008 2509
5009 2509
5010 2507
5011 2507
5012 2507
5013 2507
5014 2507
5015 2506
5016 2507
5017 2507
5018 2506
5019 2507
5020 2506
5021 2506
5022 2506
5023 2506
5024 2506
5025 2506
5026 2506
5027 2509
5028 2506
5029 2506
5030 2506
5031 2505
5032 2506
5033 2506
5034 2505
5035 2506
5036 2506
5037 2506
5038 2505
5039 2508
5040 2508
5041 2508
5042 2506
5043 2506
5044 2507
5045 2505
5046 2517
5047 2506
5048 2506
5049 2506
5050 2506
5051 2505
5052 2505
5053 2506
5054 2506
5055 2506
5056 2506
5057 2506
5058 2506
5059 2506
5060 2506
5061 2506
5062 2506
5063 2505
5064 2506
5065 2505
5066 2505
5067 2505
5068 2505
5069 2508
5070 2508
5071 2505
5072 2505
5073 2505
5074 2506
5075 2505
5076 2505
5077 2505
5078 2505
5079 2504
5080 2504
5081 2509
5082 2505
5083 2506
5084 2505
5085 2505
5086 2505
5087 2504
5088 2505
5089 2506
5090 2505
5091 2505
5092 2505
5093 2505
5094 2505
5095 2505
5096 2504
5097 2504
5098 2505
5099 2504
5100 2505
5101 2504
5102 2504
5103 2505
5104 2503
5105 2504
5106 2506
5107 2504
5108 2504
5109 2509
5110 2503
5111 2503
5112 2503
5113 2503
5114 2506
5115 2503
5116 2502
5117 2504
5118 2507
5119 2506
5120 2507
5121 2504
5122 2503
5123 2503
5124 2508
5125 2507
5126 2503
5127 2503
5128 2503
5129 2503
5130 2504
5131 2504
5132 2504
5133 2504
5134 2504
5135 2504
5136 2504
5137 2504
5138 2504
5139 2504
5140 2504
5141 2504
5142 2504
5143 2504
5144 2504
5145 2504
5146 2504
5147 2504
5148 2504
5149 2504
5150 2504
5151 2504
5152 2504
5153 2504
5154 2504
5155 2504
5156 2504
5157 2504
5158 2504
5159 2504
5160 2504
5161 2504
5162 2504
5163 2504
5164 2503
5165 2504
5166 2504
5167 2504
5168 2504
5169 2503
5170 2504
5171 2504
5172 2504
5173 2504
5174 2503
5175 2504
5176 2503
5177 2504
5178 2504
5179 2503
5180 2503
5181 2503
5182 2503
5183 2503
5184 2503
5185 2503
5186 2503
5187 2503
5188 2502
5189 2502
5190 2503
5191 2506
5192 2502
5193 2503
5194 2503
5195 2504
5196 2504
5197 2504
5198 2504
5199 2504
5200 2504
5201 2504
5202 2503
5203 2503
5204 2504
5205 2504
5206 2504
5207 2504
5208 2504
5209 2504
5210 2504
5211 2504
5212 2504
5213 2504
5214 2503
5215 2504
5216 2504
5217 2504
5218 2504
5219 2504
5220 2504
5221 2503
5222 2504
5223 2503
5224 2504
5225 2504
5226 2504
5227 2504
5228 2504
5229 2504
5230 2504
5231 2504
5232 2504
5233 2504
5234 2504
5235 2504
5236 2504
5237 2504
5238 2504
5239 2504
5240 2504
5241 2504
5242 2504
5243 2504
5244 2504
5245 2504
5246 2504
5247 2504
5248 2504
5249 2504
5250 2504
5251 2504
5252 2504
5253 2504
5254 2504
5255 2504
5256 2504
5257 2504
5258 2504
5259 2504
5260 2504
5261 2505
5262 2504
5263 2504
5264 2504
5265 2504
5266 2504
5267 2504
5268 2504
5269 2504
5270 2504
5271 2504
5272 2504
5273 2504
5274 2504
5275 2504
5276 2504
5277 2504
5278 2504
5279 2503
5280 2504
5281 2504
5282 2504
5283 2504
5284 2504
5285 2504
5286 2504
5287 2504
5288 2504
5289 2504
5290 2505
5291 2505
5292 2504
5293 2504
5294 2504
5295 2504
5296 2505
5297 2505
5298 2504
5299 2504
5300 2504
5301 2504
5302 2504
5303 2504
5304 2504
5305 2505
5306 2504
5307 2504
5308 2504
5309 2505
5310 2504
5311 2504
5312 2504
5313 2504
5314 2504
5315 2504
5316 2504
5317 2504
5318 2504
5319 2504
5320 2504
5321 2504
5322 2504
5323 2504
5324 2505
5325 2504
5326 2504
5327 2504
5328 2504
5329 2504
5330 2504
5331 2505
5332 2504
5333 2504
5334 2504
5335 2504
5336 2504
5337 2504
5338 2504
5339 2504
5340 2505
5341 2505
5342 2505
5343 2504
5344 2505
5345 2505
5346 2504
5347 2505
5348 2504
5349 2504
5350 2504
5351 2505
5352 2504
5353 2504
5354 2504
5355 2505
5356 2504
5357 2504
5358 2504
5359 2504
5360 2504
5361 2504
5362 2504
5363 2504
5364 2504
5365 2505
5366 2505
5367 2504
5368 2504
5369 2504
5370 2504
5371 2505
5372 2505
5373 2504
5374 2504
5375 2505
5376 2504
5377 2504
5378 2505
5379 2504
5380 2504
5381 2505
5382 2505
5383 2504
5384 2504
5385 2504
5386 2504
5387 2504
5388 2504
5389 2504
5390 2504
5391 2504
5392 2505
5393 2505
5394 2505
5395 2505
5396 2505
5397 2505
5398 2505
5399 2505
5400 2505
5401 2505
5402 2505
5403 2505
5404 2505
5405 2505
5406 2505
5407 2505
5408 2505
5409 2505
5410 2505
5411 2504
5412 2505
5413 2504
5414 2504
5415 2504
5416 2504
5417 2504
5418 2503
5419 2503
5420 2504
5421 2504
5422 2503
5423 2504
5424 2503
5425 2504
5426 2504
5427 2504
5428 2503
5429 2504
5430 2504
5431 2504
5432 2504
5433 2503
5434 2503
5435 2504
5436 2504
5437 2504
5438 2504
5439 2504
5440 2504
5441 2504
5442 2503
5443 2504
5444 2504
5445 2504
5446 2504
5447 2503
5448 2505
5449 2505
5450 2504
5451 2504
5452 2507
5453 2506
5454 2507
5455 2504
5456 2503
5457 2504
5458 2503
5459 2508
5460 2504
5461 2504
5462 2504
5463 2504
5464 2504
5465 2503
5466 2504
5467 2504
5468 2505
5469 2504
5470 2504
5471 2504
5472 2508
5473 2507
5474 2504
5475 2504
5476 2504
5477 2504
5478 2505
5479 2504
5480 2504
5481 2504
5482 2504
5483 2503
5484 2504
5485 2504
5486 2504
5487 2504
5488 2507
5489 2505
5490 2504
5491 2504
5492 2505
5493 2504
5494 2504
5495 2504
5496 2505
5497 2504
5498 2504
5499 2504
5500 2504
5501 2504
5502 2504
5503 2504
5504 2504
5505 2504
5506 2504
5507 2505
5508 2504
5509 2505
5510 2504
5511 2504
5512 2505
5513 2503
5514 2503
5515 2503
5516 2503
5517 2503
5518 2503
5519 2503
5520 2503
5521 2503
5522 2503
5523 2503
5524 2503
5525 2503
5526 2503
5527 2503
5528 2503
5529 2503
5530 2503
5531 2503
5532 2503
5533 2503
5534 2503
5535 2503
5536 2503
5537 2503
5538 2503
5539 2503
5540 2503
5541 2503
5542 2503
5543 2503
5544 2503
5545 2503
5546 2503
5547 2503
5548 2503
5549 2503
5550 2503
5551 2503
5552 2503
5553 2503
5554 2503
5555 2503
5556 2503
5557 2503
5558 2503
5559 2503
5560 2503
5561 2503
5562 2503
5563 2503
5564 2503
5565 2503
5566 2503
5567 2503
5568 2503
5569 2503
5570 2503
5571 2503
5572 2503
5573 2503
5574 2503
5575 2503
5576 2503
5577 2503
5578 2503
5579 2503
5580 2503
5581 2503
5582 2503
5583 2503
5584 2503
5585 2503
5586 2504
5587 2504
5588 2503
5589 2503
5590 2503
5591 2503
5592 2503
5593 2503
5594 2503
5595 2503
5596 2503
5597 2503
5598 2507
5599 2503
5600 2503
5601 2504
5602 2504
5603 2504
5604 2504
5605 2503
5606 2503
5607 2504
5608 2504
5609 2503
5610 2504
5611 2503
5612 2503
5613 2504
5614 2503
5615 2503
5616 2503
5617 2503
5618 2504
5619 2504
5620 2505
5621 2505
5622 2503
5623 2503
5624 2504
5625 2504
5626 2503
5627 2503
5628 2504
5629 2504
5630 2504
5631 2504
5632 2504
5633 2504
5634 2504
5635 2504
5636 2504
5637 2504
5638 2504
5639 2504
5640 2504
5641 2504
5642 2503
5643 2504
5644 2503
5645 2503
5646 2504
5647 2504
5648 2504
5649 2504
5650 2504
5651 2504
5652 2504
5653 2504
5654 2504
5655 2504
5656 2504
5657 2504
5658 2504
5659 2504
5660 2504
5661 2504
5662 2504
5663 2504
5664 2503
5665 2504
5666 2504
5667 2504
5668 2504
5669 2503
5670 2503
5671 2503
5672 2503
5673 2503
5674 2503
5675 2504
5676 2504
5677 2503
5678 2503
5679 2503
5680 2503
5681 2503
5682 2503
5683 2503
5684 2503
5685 2503
5686 2503
5687 2503
5688 2503
5689 2503
5690 2504
5691 2503
5692 2503
5693 2503
5694 2503
5695 2503
5696 2503
5697 2503
5698 2503
5699 2503
5700 2503
5701 2503
5702 2503
5703 2503
5704 2503
5705 2503
5706 2503
5707 2503
5708 2503
5709 2503
5710 2503
5711 2503
5712 2503
5713 2503
5714 2503
5715 2503
5716 2503
5717 2503
5718 2503
5719 2503
5720 2503
5721 2503
5722 2503
5723 2502
5724 2502
5725 2503
5726 2503
5727 2503
5728 2503
5729 2503
5730 2503
5731 2503
5732 2503
5733 2503
5734 2503
5735 2503
5736 2503
5737 2503
5738 2503
5739 2506
5740 2503
5741 2503
5742 2503
5743 2503
5744 2503
5745 2503
5746 2503
5747 2503
5748 2503
5749 2503
5750 2503
5751 2503
5752 2503
5753 2503
5754 2503
5755 2503
5756 2503
5757 2503
5758 2503
5759 2503
5760 2503
5761 2503
5762 2503
5763 2503
5764 2503
5765 2503
5766 2503
5767 2503
5768 2503
5769 2503
5770 2503
5771 2503
5772 2503
5773 2503
5774 2503
5775 2503
5776 2503
5777 2503
5778 2503
5779 2503
5780 2503
5781 2503
5782 2503
5783 2503
5784 2503
5785 2503
5786 2503
5787 2503
5788 2503
5789 2503
5790 2503
5791 2503
5792 2503
5793 2503
5794 2502
5795 2502
5796 2503
5797 2502
5798 2503
5799 2502
5800 2503
5801 2503
5802 2503
5803 2503
5804 2503
5805 2502
5806 2503
5807 2502
5808 2502
5809 2503
5810 2503
5811 2502
5812 2503
5813 2503
5814 2503
5815 2503
5816 2503
5817 2503
5818 2503
5819 2503
5820 2502
5821 2502
5822 2502
5823 2502
5824 2502
5825 2502
5826 2502
5827 2502
5828 2502
5829 2502
5830 2502
5831 2502
5832 2502
5833 2502
5834 2502
5835 2502
5836 2502
5837 2502
5838 2502
5839 2502
5840 2502
5841 2502
5842 2502
5843 2502
5844 2502
5845 2502
5846 2502
5847 2502
5848 2502
5849 2502
5850 2502
5851 2502
5852 2502
5853 2502
5854 2502
5855 2502
5856 2502
5857 2502
5858 2502
5859 2502
5860 2502
5861 2502
5862 2502
5863 2502
5864 2502
5865 2502
5866 2502
5867 2502
5868 2502
5869 2502
5870 2501
5871 2501
5872 2501
5873 2502
5874 2502
5875 2502
5876 2501
5877 2502
5878 2502
5879 2501
5880 2502
5881 2502
5882 2502
5883 2502
5884 2502
5885 2502
5886 2501
5887 2501
5888 2502
5889 2501
5890 2501
5891 2501
5892 2501
5893 2501
5894 2501
5895 2501
5896 2501
5897 2501
5898 2501
5899 2501
5900 2501
5901 2501
5902 2501
5903 2501
5904 2501
5905 2501
5906 2501
5907 2501
5908 2501
5909 2501
5910 2501
5911 2501
5912 2501
5913 2501
5914 2501
5915 2506
5916 2505
5917 2501
5918 2501
5919 2501
5920 2501
5921 2501
5922 2501
5923 2501
5924 2501
5925 2500
5926 2501
5927 2500
5928 2501
5929 2500
5930 2501
5931 2501
5932 2501
5933 2501
5934 2501
5935 2501
5936 2500
5937 2500
5938 2501
5939 2501
5940 2501
5941 2501
5942 2500
5943 2501
5944 2501
5945 2501
5946 2501
5947 2501
5948 2501
5949 2501
5950 2501
5951 2501
5952 2501
5953 2501
5954 2501
5955 2501
5956 2500
5957 2500
5958 2501
5959 2500
5960 2500
5961 2500
5962 2500
5963 2500
5964 2501
5965 2501
5966 2501
5967 2502
5968 2501
5969 2501
5970 2501
5971 2501
5972 2500
5973 2501
5974 2500
5975 2501
5976 2501
5977 2501
5978 2500
5979 2500
5980 2500
5981 2500
5982 2500
5983 2500
5984 2499
5985 2500
5986 2500
5987 2500
5988 2500
5989 2500
5990 2500
5991 2500
5992 2500
5993 2500
5994 2499
5995 2500
5996 2500
5997 2499
5998 2500
5999 2499
6000 2499
6001 2500
6002 2499
6003 2499
6004 2499
6005 2499
6006 2499
6007 2499
6008 2499
6009 2499
6010 2499
6011 2499
6012 2500
6013 2499
6014 2499
6015 2499
6016 2499
6017 2499
6018 2499
6019 2499
6020 2498
6021 2499
6022 2499
6023 2499
6024 2499
6025 2499
6026 2499
6027 2499
6028 2499
6029 2499
6030 2499
6031 2499
6032 2499
6033 2499
6034 2499
6035 2499
6036 2499
6037 2499
6038 2499
6039 2498
6040 2499
6041 2499
6042 2498
6043 2498
6044 2498
6045 2498
6046 2498
6047 2499
6048 2498
6049 2498
6050 2498
6051 2498
6052 2498
6053 2498
6054 2498
6055 2498
6056 2498
6057 2498
6058 2498
6059 2498
6060 2498
6061 2498
6062 2498
6063 2498
6064 2498
6065 2497
6066 2498
6067 2498
6068 2499
6069 2498
6070 2498
6071 2498
6072 2498
6073 2498
6074 2498
6075 2500
6076 2498
6077 2498
6078 2498
6079 2497
6080 2498
6081 2497
6082 2497
6083 2497
6084 2497
6085 2497
6086 2497
6087 2497
6088 2497
6089 2497
6090 2497
6091 2497
6092 2497
6093 2497
6094 2497
6095 2497
6096 2497
6097 2496
6098 2497
6099 2497
6100 2497
6101 2497
6102 2497
6103 2497
6104 2497
6105 2497
6106 2497
6107 2497
6108 2497
6109 2497
6110 2497
6111 2497
6112 2497
6113 2497
6114 2497
6115 2497
6116 2496
6117 2497
6118 2497
6119 2497
6120 2497
6121 2497
6122 2497
6123 2497
6124 2497
6125 2497
6126 2497
6127 2496
6128 2497
6129 2497
6130 2497
6131 2496
6132 2497
6133 2497
6134 2497
6135 2500
6136 2500
6137 2496
6138 2496
6139 2496
6140 2497
6141 2497
6142 2497
6143 2497
6144 2497
6145 2496
6146 2497
6147 2496
6148 2496
6149 2497
6150 2496
6151 2497
6152 2497
6153 2497
6154 2497
6155 2497
6156 2497
6157 2496
6158 2496
6159 2497
6160 2497
6161 2497
6162 2496
6163 2497
6164 2496
6165 2496
6166 2496
6167 2496
6168 2496
6169 2496
6170 2496
6171 2496
6172 2496
6173 2496
6174 2496
6175 2496
6176 2496
6177 2496
6178 2496
6179 2496
6180 2496
6181 2496
6182 2496
6183 2496
6184 2496
6185 2496
6186 2496
6187 2496
6188 2496
6189 2496
6190 2496
6191 2496
6192 2496
6193 2496
6194 2496
6195 2496
6196 2496
6197 2496
6198 2496
6199 2496
6200 2496
6201 2496
6202 2496
6203 2496
6204 2496
6205 2496
6206 2496
6207 2496
6208 2496
6209 2496
6210 2495
6211 2495
6212 2495
6213 2495
6214 2495
6215 2495
6216 2495
6217 2495
6218 2495
6219 2495
6220 2495
6221 2495
6222 2495
6223 2495
6224 2495
6225 2495
6226 2495
6227 2495
6228 2495
6229 2494
6230 2495
6231 2495
6232 2495
6233 2495
6234 2495
6235 2495
6236 2495
6237 2495
6238 2495
6239 2494
6240 2495
6241 2494
6242 2494
6243 2494
6244 2494
6245 2494
6246 2494
6247 2494
6248 2494
6249 2494
6250 2494
6251 2494
6252 2494
6253 2494
6254 2495
6255 2494
6256 2494
6257 2494
6258 2494
6259 2493
6260 2494
6261 2493
6262 2493
6263 2494
6264 2493
6265 2493
6266 2494
6267 2493
6268 2493
6269 2493
6270 2493
6271 2493
6272 2493
6273 2493
6274 2493
6275 2493
6276 2493
6277 2493
6278 2493
6279 2493
6280 2493
6281 2493
6282 2493
6283 2492
6284 2493
6285 2493
6286 2493
6287 2493
6288 2493
6289 2493
6290 2492
6291 2493
6292 2492
6293 2492
6294 2492
6295 2492
6296 2492
6297 2492
6298 2492
6299 2492
6300 2492
6301 2492
6302 2492
6303 2492
6304 2492
6305 2491
6306 2491
6307 2491
6308 2491
6309 2491
6310 2491
6311 2491
6312 2491
6313 2491
6314 2491
6315 2491
6316 2490
6317 2490
6318 2490
6319 2490
6320 2490
6321 2490
6322 2490
6323 2490
6324 2490
6325 2490
6326 2490
6327 2490
6328 2490
6329 2490
6330 2490
6331 2490
6332 2490
6333 2489
6334 2489
6335 2489
6336 2489
6337 2490
6338 2489
6339 2489
6340 2490
6341 2490
6342 2489
6343 2489
6344 2489
6345 2489
6346 2489
6347 2489
6348 2489
6349 2489
6350 2489
6351 2489
6352 2489
6353 2489
6354 2489
6355 2489
6356 2489
6357 2489
6358 2489
6359 2489
6360 2489
6361 2488
6362 2488
6363 2488
6364 2489
6365 2489
6366 2489
6367 2488
6368 2488
6369 2487
6370 2488
6371 2488
6372 2489
6373 2488
6374 2488
6375 2488
6376 2488
6377 2488
6378 2488
6379 2488
6380 2488
6381 2488
6382 2488
6383 2488
6384 2488
6385 2487
6386 2486
6387 2487
6388 2487
6389 2486
6390 2486
6391 2486
6392 2492
6393 2485
6394 2485
6395 2485
6396 2485
6397 2484
6398 2484
6399 2484
6400 2484
6401 2485
6402 2484
6403 2484
6404 2485
6405 2485
6406 2484
6407 2484
6408 2484
6409 2484
6410 2484
6411 2484
6412 2484
6413 2484
6414 2484
6415 2484
6416 2484
6417 2483
6418 2484
6419 2484
6420 2484
6421 2483
6422 2483
6423 2483
6424 2483
6425 2483
6426 2484
6427 2484
6428 2483
6429 2483
6430 2485
6431 2484
6432 2485
6433 2486
6434 2484
6435 2484
6436 2484
6437 2484
6438 2484
6439 2484
6440 2484
6441 2484
6442 2484
6443 2484
6444 2483
6445 2484
6446 2484
6447 2484
6448 2484
6449 2484
6450 2483
6451 2483
6452 2485
6453 2483
6454 2483
6455 2484
6456 2483
6457 2483
6458 2485
6459 2484
6460 2484
6461 2483
6462 2489
6463 2483
6464 2483
6465 2484
6466 2483
6467 2483
6468 2483
6469 2483
6470 2486
6471 2483
6472 2482
6473 2484
6474 2484
6475 2483
6476 2485
6477 2483
6478 2483
6479 2483
6480 2483
6481 2483
6482 2483
6483 2483
6484 2483
6485 2483
6486 2483
6487 2483
6488 2483
6489 2483
6490 2483
6491 2483
6492 2483
6493 2483
6494 2483
6495 2483
6496 2483
6497 2483
6498 2483
6499 2483
6500 2483
6501 2483
6502 2486
6503 2484
6504 2484
6505 2484
6506 2483
6507 2484
6508 2484
6509 2484
6510 2484
6511 2484
6512 2484
6513 2484
6514 2484
6515 2484
6516 2483
6517 2484
6518 2484
6519 2484
6520 2484
6521 2484
6522 2484
6523 2484
6524 2483
6525 2484
6526 2484
6527 2483
6528 2483
6529 2483
6530 2484
6531 2483
6532 2483
6533 2483
6534 2484
6535 2483
6536 2483
6537 2483
6538 2483
6539 2483
6540 2483
6541 2483
6542 2484
6543 2482
6544 2483
6545 2485
6546 2483
6547 2485
6548 2483
6549 2483
6550 2483
6551 2482
6552 2482
6553 2486
6554 2482
6555 2482
6556 2483
6557 2483
6558 2483
6559 2482
6560 2482
6561 2482
6562 2482
6563 2481
6564 2485
6565 2482
6566 2484
6567 2482
6568 2483
6569 2483
6570 2483
6571 2483
6572 2483
6573 2483
6574 2483
6575 2483
6576 2483
6577 2483
6578 2483
6579 2483
6580 2483
6581 2483
6582 2484
6583 2483
6584 2483
6585 2483
6586 2483
6587 2483

5140 2532
5141 2541
5142 2541
5143 2542
5144 2541
5145 2541
5146 2542
5147 2540
5148 2544
5149 2541
5150 2534
5151 2534
5152 2534
5153 2543
5154 2543
5155 2540
5156 2545
5157 2531
5158 2537
5159 2543
5160 2544
5161 2532
5162 2546
5163 2537
5164 2545
5165 2543
5166 2536
5167 2532
5168 2544
5169 2539
5170 2541
5171 2539
5172 2542
5173 2541
5174 2541
5175 2541
5176 2546
5177 2542
5178 2538
5179 2541
5180 2540
5181 2540
5182 2541
5183 2543
5184 2541
5185 2536
5186 2543
5187 2541
5188 2540
5189 2539
5190 2538
5191 2543
5192 2542
5193 2539
5194 2539
5195 2544
5196 2539
5197 2538
5198 2538
5199 2544
5200 2540
5201 2538
5202 2539
5203 2539
5204 2540
5205 2539
5206 2540
5207 2541
5208 2540
5209 2539
5210 2539
5211 2539
5212 2539
5213 2543
5214 2539
5215 2539
5216 2539
5217 2540
5218 2540
5219 2538
5220 2539
5221 2543
5222 2538
5223 2546
5224 2546
5225 2533
5226 2540
5227 2540
5228 2538
5229 2538
5230 2538
5231 2540
5232 2541
5233 2539
5234 2540
5235 2540
5236 2541
5237 2541
5238 2538
5239 2540
5240 2544
5241 2541
5242 2540
5243 2541
5244 2546
5245 2541
5246 2540
5247 2540
5248 2541
5249 2539
5250 2540
5251 2539
5252 2536
5253 2541
5254 2540
5255 2539
5256 2540
5257 2540
5258 2541
5259 2539
5260 2541
5261 2541
5262 2536
5263 2540
5264 2541
5265 2540
5266 2539
5267 2539
5268 2537
5269 2546
5270 2540
5271 2541
5272 2534
5273 2533
5274 2539
5275 2541
5276 2537
5277 2543
5278 2544
5279 2539
5280 2541
5281 2540
5282 2539
5283 2540
5284 2540
5285 2540
5286 2539
5287 2539
5288 2539
5289 2538
5290 2537
5291 2539
5292 2538
5293 2545
5294 2543
5295 2543
5296 2542
5297 2540
5298 2538
5299 2538
5300 2539
5301 2539
5302 2539
5303 2539
5304 2541
5305 2542
5306 2539
5307 2536
5308 2540
5309 2540
5310 2540
5311 2541
5312 2545
5313 2541
5314 2539
5315 2540
5316 2542
5317 2540
5318 2544
5319 2539
5320 2545
5321 2545
5322 2543
5323 2539
5324 2533
5325 2541
5326 2542
5327 2543
5328 2535
5329 2540
5330 2543
5331 2537
5332 2542
5333 2541
5334 2544
5335 2541
5336 2542
5337 2542
5338 2544
5339 2542
5340 2546
5341 2542
5342 2541
5343 2541
5344 2546
5345 2548
5346 2542
5347 2541
5348 2541
5349 2542
5350 2542
5351 2543
5352 2540
5353 2541
5354 2541
5355 2541
5356 2544
5357 2547
5358 2547
5359 2546
5360 2547
5361 2541
5362 2543
5363 2543
5364 2543
5365 2542
5366 2543
5367 2549
5368 2543
5369 2543
5370 2543
5371 2544
5372 2545
5373 2543
5374 2541
5375 2545
5376 2543
5377 2543
5378 2542
5379 2547
5380 2543
5381 2543
5382 2542
5383 2542
5384 2541
5385 2539
5386 2542
5387 2543
5388 2543
5389 2544
5390 2549
5391 2543
5392 2541
5393 2542
5394 2543
5395 2541
5396 2542
5397 2543
5398 2548
5399 2542
5400 2542
5401 2542
5402 2542
5403 2542
5404 2542
5405 2542
5406 2542
5407 2541
5408 2540
5409 2537
5410 2549
5411 2546
5412 2541
5413 2544
5414 2542
5415 2541
5416 2542
5417 2542
5418 2543
5419 2543
5420 2543
5421 2542
5422 2546
5423 2543
5424 2547
5425 2542
5426 2547
5427 2541
5428 2540
5429 2538
5430 2537
5431 2541
5432 2540
5433 2542
5434 2539
5435 2541
5436 2538
5437 2538
5438 2538
5439 2538
5440 2539
5441 2540
5442 2539
5443 2542
5444 2537
5445 2543
5446 2538
5447 2538
5448 2537
5449 2537
5450 2538
5451 2546
5452 2539
5453 2538
5454 2537
5455 2537
5456 2537
5457 2537
5458 2537
5459 2535
5460 2537
5461 2530
5462 2537
5463 2537
5464 2538
5465 2537
5466 2537
5467 2537
5468 2537
5469 2536
5470 2540
5471 2537
5472 2538
5473 2537
5474 2536
5475 2537
5476 2537
5477 2536
5478 2533
5479 2535
5480 2539
5481 2541
5482 2537
5483 2536
5484 2536
5485 2536
5486 2537
5487 2536
5488 2535
5489 2537
5490 2536
5491 2536
5492 2537
5493 2541
5494 2535
5495 2535
5496 2539
5497 2535
5498 2535
5499 2534
5500 2533
5501 2534
5502 2535
5503 2535
5504 2526
5505 2533
5506 2533
5507 2538
5508 2535
5509 2535
5510 2534
5511 2533
5512 2532
5513 2532
5514 2536
5515 2532
5516 2531
5517 2532
5518 2532
5519 2532
5520 2532
5521 2531
5522 2528
5523 2531
5524 2531
5525 2531
5526 2531
5527 2530
5528 2531
5529 2527
5530 2530
5531 2531
5532 2531
5533 2530
5534 2529
5535 2530
5536 2530
5537 2531
5538 2531
5539 2530
5540 2530
5541 2530
5542 2530
5543 2530
5544 2530
5545 2530
5546 2534
5547 2530
5548 2530
5549 2530
5550 2530
5551 2530
5552 2530
5553 2529
5554 2529
5555 2530
5556 2530
5557 2529
5558 2529
5559 2529
5560 2528
5561 2529
5562 2528
5563 2529
5564 2529
5565 2529
5566 2529
5567 2529
5568 2529
5569 2529
5570 2528
5571 2528
5572 2528
5573 2527
5574 2528
5575 2528
5576 2528
5577 2527
5578 2528
5579 2527
5580 2527
5581 2526
5582 2527
5583 2526
5584 2526
5585 2526
5586 2526
5587 2525
5588 2525
5589 2525
5590 2524
5591 2526
5592 2525
5593 2525
5594 2524
5595 2524
5596 2523
5597 2525
5598 2524
5599 2526
5600 2522
5601 2524
5602 2523
5603 2523
5604 2529
5605 9999
5606 2521
5607 2523
5608 2522
5609 2521
5610 2521
5611 2522
5612 2522
5613 2523
5614 2521
5615 2521
5616 2521
5617 2522
5618 2521
5619 2521
5620 2521
5621 2520
5622 2520
5623 9999
5624 9999
5625 2526
5626 2523
5627 2522
5628 2522
5629 9999
5630 2521
5631 2521
5632 2520
5633 2520
5634 2521
5635 2522
5636 2522
5637 2522
5638 2521
5639 2521
5640 2520
5641 2521
5642 2520
5643 2520
5644 2521
5645 2521
5646 2521
5647 2520
5648 2520
5649 2519
5650 2521
5651 2521
5652 2521
5653 2521
5654 2521
5655 2520
5656 2520
5657 2520
5658 2523
5659 2522
5660 2522
5661 2521
5662 2520
5663 9999
5664 2519
5665 2522
5666 2521
5667 2524
5668 2520
5669 2520
5670 2521
5671 2520
5672 2519
5673 2520
5674 2520
5675 2520
5676 2522
5677 2522
5678 2520
5679 2518
5680 9999
5681 2519
5682 2519
5683 2520
5684 2524
5685 2519
5686 2520
5687 2519
5688 2520
5689 2519
5690 2520
5691 2520
5692 2519
5693 2519
5694 2520
5695 9999
5696 2519
5697 2519
5698 2519
5699 2520
5700 2518
5701 2519
5702 2519
5703 2520
5704 2520
5705 2520
5706 2520
5707 2520
5708 2520
5709 2520
5710 2520
5711 2520
5712 2520
5713 2522
5714 2516
5715 2519
5716 2520
5717 2519
5718 2519
5719 2519
5720 2519
5721 2518
5722 2520
5723 2519
5724 2519
5725 2519
5726 2519
5727 2519
5728 2518
5729 2518
5730 2524
5731 2517
5732 2517
5733 2517
5734 2517
5735 2518
5736 2518
5737 2517
5738 2516
5739 9999
5740 9999
5741 9999
5742 9999
5743 9999
5744 9999
5745 9999
5746 9999
5747 9999
5748 9999
5749 9999
5750 9999
5751 9999
5752 9999
5753 9999
5754 9999
5755 9999
5756 9999
5757 2515
5758 9999
5759 9999
5760 9999
5761 9999
5762 9999
5763 9999
5764 2515
5765 9999
5766 9999
5767 9999
5768 9999
5769 9999
5770 9999
5771 9999
5772 9999
5773 9999
5774 9999
5775 2515
5776 9999
5777 9999
5778 9999
5779 9999
5780 9999
5781 9999
5782 9999
5783 9999
5784 9999
5785 9999
5786 9999
5787 9999
5788 9999
5789 9999
5790 9999
5791 9999
5792 9999
5793 9999
5794 9999
5795 9999
5796 9999
5797 9999
5798 9999
5799 9999
5800 9999
5801 9999
5802 9999
5803 9999
5804 9999
5805 9999
5806 9999
5807 9999
5808 2514
5809 9999
5810 9999
5811 9999
5812 9999
5813 9999
5814 9999
5815 9999
5816 9999
5817 9999
5818 9999
5819 9999
5820 9999
5821 9999
5822 9999
5823 9999
5824 9999
5825 9999
5826 9999
5827 9999
5828 9999
5829 9999
5830 9999
5831 9999
5832 9999
5833 9999
5834 9999
5835 2514
5836 9999
5837 9999
5838 9999
5839 9999
5840 9999
5841 2515
5842 2515
5843 2515
5844 2517
5845 9999
5846 9999
5847 9999
5848 9999
5849 9999
5850 9999
5851 2514
5852 2516
5853 9999
5854 9999
5855 2516
5856 2515
5857 2515
5858 2515
5859 2515
5860 2515
5861 2515
5862 2516
5863 2519
5864 2515
5865 2518
5866 9999
5867 9999
5868 9999
5869 2514
5870 2513
5871 2514
5872 9999
5873 9999
5874 9999
5875 9999
5876 9999
5877 9999
5878 2517
5879 9999
5880 9999
5881 9999
5882 9999
5883 9999
5884 9999
5885 9999
5886 9999
5887 2515
5888 2516
5889 2516
5890 9999
5891 9999
5892 2515
5893 9999
5894 9999
5895 9999
5896 9999
5897 9999
5898 9999
5899 2515
5900 9999
5901 9999
5902 9999
5903 9999
5904 9999
5905 9999
5906 2516
5907 2516
5908 2514
5909 9999
5910 9999
5911 9999
5912 9999
5913 9999
5914 2518
5915 9999
5916 9999
5917 9999
5918 9999
5919 9999
5920 2513
5940 9999
5941 2515
5942 2515
5943 2515
5944 2515
5945 2515
5946 2515
5947 2515
5948 2515
5949 2515
5950 2515
5951 2513
5952 2513
5953 2513
5954 9999
5955 2515
5956 9999
5957 2514
5958 2516
5959 9999
5960 9999
5961 9999
5962 2513
5963 2514
5964 2514
5965 9999
5966 9999
5967 9999
5968 9999
5969 9999
5970 9999
5971 9999
5972 9999
5973 9999
5974 9999
5975 9999
5976 2513
5977 9999
5978 9999
5979 2516
5980 2515
5981 2515
5982 2515
5983 2516
5984 2518
5985 9999
5986 2514
5987 2516
5988 9999
5989 2516
5990 2515
5991 2514
5992 9999
5993 9999
5994 9999
5995 2515
5996 2515
5997 2516
5998 2516
5999 2516
6000 2516
6001 2514
6002 2515
6003 9999
6088 2515
6089 2515
6090 2519
6091 2515
6092 2514
6093 2517
6094 2515
6095 2514
6096 2515
6097 2516
6098 2516
6099 2516
6100 2515
6101 2518
6102 2515
6103 2515
6104 2509
6105 2514
6106 2520
6107 2515
6108 2514
6109 2514
6110 2509
6111 9999
6112 9999
6113 2514
6114 9999
6115 9999
6116 2515
6117 9999
6118 9999
6119 9999
6120 2512
6121 9999
6122 9999
6123 2509
6124 9999
6125 2514
6126 2513
6127 9999
6128 2514
6129 9999
6130 9999
6131 2519
6132 2515
6133 2512
6134 2513
6135 2515
6136 2514
6137 2513
6138 2512
6139 9999
6140 9999
6141 9999
6142 9999
6143 9999
6144 9999
6145 2508
6146 9999
6147 9999
6148 9999
6149 9999
6150 9999
6151 9999
6152 9999
6153 9999
6154 9999
6155 9999
6156 9999
6157 9999
6158 9999
6243 9999
6244 2508
6245 9999
6246 9999
6247 9999
6248 9999
6249 9999
6250 2509
6251 2509
6252 2510
6253 9999
6254 9999
6255 2510
6256 9999
6257 9999
6258 9999
6259 2507
6260 2509
6261 9999
6262 9999
6263 9999
6264 2511
6265 9999
6266 9999
6267 9999
6268 2510
6269 2509
6270 2505
6271 2508
6272 2510

