771 2501
772 2502
773 2502
774 2502
775 2503
776 2503
777 2502
778 2502
779 2502
780 2502
781 2502
782 2503
783 2503
784 2503
785 2503
786 2502
787 2503
788 2502
789 2502
790 2502
791 2502
792 2502
793 2502
794 2502
795 2503
796 2503
797 2504
798 2503
799 2503
800 2503
801 2503
802 2503
803 2503
804 2503
805 2503
806 2503
807 2503
808 2503
809 2503
810 2504
811 2502
812 2503
813 2502
814 2503
815 2502
816 2502
817 2502
818 2502
819 2502
820 2502
821 2502
822 2502
823 2502
824 2502
825 2503
826 2502
827 2503
828 2503
829 2503
830 2503
831 2503
832 2503
833 2503
834 2507
835 2503
836 2502
837 2502
838 2503
839 2503
840 2503
841 2503
842 2503
843 2504
844 2505
845 2508
846 2510
847 2503
848 2504
849 2504
850 2504
851 2504
852 2503
853 2508
854 2505
855 2505
856 2505
857 2506
858 2507
859 2508
860 2504
861 2504
862 2507
863 2503
864 2503
865 2505
866 2508
867 2503
868 2507
869 2503
870 2508
871 2502
872 2503
873 2503
874 2503
875 2503
876 2502
877 2505
878 2502
879 2503
880 2502
881 2503
882 2503
883 2503
884 2502
885 2503
886 2503
887 2502
888 2507
889 2502
890 2502
891 2502
892 2503
893 2502
894 2507
895 2503
896 2505
897 2506
898 2503
899 2507
900 2503
901 2503
902 2503
903 2502
904 2502
905 2502
906 2501
907 2501
908 2502
909 2503
910 2502
911 2506
912 2502
913 2502
914 2502
915 2501
916 2501
917 2502
918 2502
919 2503
920 2505
921 2502
922 2502
923 2505
924 2506
925 2502
926 2504
927 2504
928 2502
929 2501
930 2501
931 2501
932 2501
933 2501
934 2501
935 2501
936 2501
937 2500
938 2501
939 2505
940 2500
941 2508
942 2507
943 2508
944 2501
945 2503
946 2503
947 2506
948 2502
949 2502
950 2506
951 2502
952 2502
953 2502
954 2501
955 2506
956 2501
957 2501
958 2504
959 2505
960 2507
961 2503
962 2501
963 2501
964 2501
965 2501
966 2501
967 2501
968 2501
969 2501
970 2503
971 2502
972 2503
973 2504
974 2504
975 2500
976 2501
977 2501
978 2502
979 2501
980 2507
981 2501
982 2500
983 2500
984 2502
985 2501
986 2512
987 2502
988 2505
989 2500
990 2500
991 2499
992 2500
993 2499
994 2499
995 2501
996 2502
997 2501
998 2500
999 2499
1000 2499
1001 2499
1002 2502
1003 2502
1004 2500
1005 2502
1006 2501
1007 2502
1008 2500
1009 2500
1010 2500
1011 2499
1012 2499
1013 2499
1014 2499
1015 2499
1016 2502
1017 2498
1018 2503
1019 2498
1020 2499
1021 2499
1022 2500
1023 2498
1024 2503
1025 2499
1026 2499
1027 2504
1028 2498
1029 2499
1030 2499
1031 2499
1032 2500
1033 2499
1034 2503
1035 2502
1036 2499
1037 2500
1038 2500
1039 2500
1040 2500
1041 2504
1042 2501
1043 2501
1044 2501
1045 2501
1046 2502
1047 2502
1048 2504
1049 2505
1050 2501
1051 2502
1052 2502
1053 2502
1054 2503
1055 2503
1056 2502
1057 2503
1058 2502
1059 2502
1060 2502
1061 2502
1062 2503
1063 2502
1064 2503
1065 2503
1066 2503
1067 2501
1068 2503
1069 2503
1070 2503
1071 2504
1072 2501
1073 2502
1074 2501
1075 2502
1076 2504
1077 2502
1078 2502
1079 2501
1080 2501
1081 2501
1082 2501
1083 2500
1084 2504
1085 2504
1086 2501
1087 2505
1088 2504
1089 2505
1090 2506
1091 2504
1092 2502
1093 2504
1094 2502
1095 2504
1096 2502
1097 2504
1098 2502
1099 2502
1100 2503
1101 2502
1102 2502
1103 2501
1104 2501
1105 2505
1106 2503
1107 2503
1108 2504
1109 2503
1110 2505
1111 2505
1112 2503
1113 2502
1114 2501
1115 2501
1116 2502
1117 2502
1118 2502
1119 2502
1120 2503
1121 2503
1122 2504
1123 2505
1124 2503
1125 2503
1126 2503
1127 2503
1128 2503
1129 2503
1130 2503
1131 2504
1132 2504
1133 2504
1134 2504
1135 2504
1136 2503
1137 2504
1138 2505
1139 2503
1140 2503
1141 2503
1142 2504
1143 2504
1144 2504
1145 2503
1146 2503
1147 2503
1148 2503
1149 2503
1150 2503
1151 2503
1152 2503
1153 2503
1154 2503
1155 2503
1156 2503
1157 2503
1158 2503
1159 2504
1160 2503
1161 2503
1162 2504
1163 2503
1164 2503
1165 2503
1166 2503
1167 2503
1168 2503
1169 2503
1170 2503
1171 2503
1172 2503
1173 2503
1174 2503
1175 2503
1176 2503
1177 2503
1178 2503
1179 2503
1180 2503
1181 2503
1182 2503
1183 2503
1184 2503
1185 2503
1186 2503
1187 2503
1188 2503
1189 2503
1190 2503
1191 2503
1192 2503
1193 2503
1194 2504
1195 2504
1196 2503
1197 2503
1198 2504
1199 2503
1200 2504
1201 2504
1202 2503
1203 2503
1204 2503
1205 2503
1206 2503
1207 2504
1208 2503
1209 2503
1210 2503
1211 2503
1212 2504
1213 2503
1214 2503
1215 2504
1216 2504
1217 2505
1218 2505
1219 2504
1220 2503
1221 2504
1222 2504
1223 2503
1224 2505
1225 2504
1226 2504
1227 2504
1228 2504
1229 2503
1230 2506
1231 2505
1232 2505
1233 2505
1234 2504
1235 2504
1236 2504
1237 2503
1238 2503
1239 2503
1240 2503
1241 2504
1242 2504
1243 2504
1244 2503
1245 2503
1246 2503
1247 2504
1248 2503
1249 2503
1250 2502
1251 2505
1252 2504
1253 2504
1254 2502
1255 2503
1256 2503
1257 2503
1258 2502
1259 2502
1260 2502
1261 2505
1262 2502
1263 2503
1264 2503
1265 2503
1266 2503
1267 2502
1268 2502
1269 2502
1270 2502
1271 2502
1272 2503
1273 2503
1274 2502
1275 2502
1276 2502
1277 2502
1278 2502
1279 2502
1280 2502
1281 2502
1282 2502
1283 2502
1284 2502
1285 2502
1286 2502
1287 2501
1288 2502
1289 2502
1290 2503
1291 2502
1292 2502
1293 2502
1294 2502
1295 2502
1296 2502
1297 2502
1298 2502
1299 2502
1300 2501
1301 2502
1302 2502
1303 2501
1304 2501
1305 2501
1306 2502
1307 2501
1308 2502
1309 2502
1310 2501
1311 2501
1312 2501
1313 2501
1314 2501
1315 2501
1316 2501
1317 2502
1318 2501
1319 2502
1320 2501
1321 2502
1322 2502
1323 2501
1324 2502
1325 2502
1326 2502
1327 2502
1328 2501
1329 2501
1330 2502
1331 2502
1332 2501
1333 2501
1334 2501
1335 2501
1336 2501
1337 2501
1338 2501
1339 2501
1340 2501
1341 2501
1342 2501
1343 2501
1344 2501
1345 2501
1346 2501
1347 2501
1348 2502
1349 2502
1350 2502
1351 2501
1352 2502
1353 2502
1354 2502
1355 2502
1356 2502
1357 2502
1358 2502
1359 2502
1360 2502
1361 2501
1362 2501
1363 2501
1364 2501
1365 2501
1366 2502
1367 2501
1368 2501
1369 2501
1370 2502
1371 2502
1372 2502
1373 2503
1374 2502
1375 2502
1376 2502
1377 2502
1378 2502
1379 2502
1380 2502
1381 2502
1382 2502
1383 2502
1384 2502
1385 2502
1386 2502
1387 2502
1388 2502
1389 2502
1390 2502
1391 2501
1392 2501
1393 2501
1394 2501
1395 2501
1396 2501
1397 2501
1398 2501
1399 2501
1400 2501
1401 2501
1402 2501
1403 2501
1404 2501
1405 2501
1406 2501
1407 2501
1408 2501
1409 2501
1410 2500
1411 2501
1412 2501
1413 2501
1414 2500
1415 2500
1416 2500
1417 2500
1418 2500
1419 2500
1420 2500
1421 2500
1422 2500
1423 2500
1424 2500
1425 2500
1426 2500
1427 2500
1428 2501
1429 2500
1430 2500
1431 2500
1432 2500
1433 2500
1434 2499
1435 2499
1436 2499
1437 2499
1438 2499
1439 2499
1440 2499
1441 2498
1442 2499
1443 2499
1444 2500
1445 2499
1446 2499
1447 2499
1448 2500
1449 2499
1450 2499
1451 2502
1452 2498
1453 2499
1454 2499
1455 2499
1456 2499
1457 2499
1458 2499
1459 2502
1460 2499
1461 2499
1462 2499
1463 2499
1464 2499
1465 2499
1466 2499
1467 2499
1468 2499
1469 2499
1470 2499
1471 2499
1472 2499
1473 2499
1474 2500
1475 2499
1476 2500
1477 2500
1478 2500
1479 2500
1480 2500
1481 2499
1482 2500
1483 2500
1484 2500
1485 2499
1486 2499
1487 2499
1488 2499
1489 2498
1490 2499
1491 2499
1492 2498
1493 2498
1494 2498
1495 2498
1496 2498
1497 2498
1498 2498
1499 2498
1500 2498
1501 2497
1502 2501
1503 2501
1504 2497
1505 2497
1506 2497
1507 2500
1508 2497
1509 2500
1510 2500
1511 2497
1512 2497
1513 2497
1514 2497
1515 2497
1516 2497
1517 2497
1518 2497
1519 2497
1520 2504
1521 2496
1522 2497
1523 2497
1524 2497
1525 2497
1526 2497
1527 2497
1528 2497
1529 2496
1530 2497
1531 2497
1532 2497
1533 2497
1534 2497
1535 2497
1536 2497
1537 2497
1538 2497
1539 2497
1540 2497
1541 2497
1542 2497
1543 2497
1544 2497
1545 2497
1546 2497
1547 2497
1548 2497
1549 2497
1550 2497
1551 2497
1552 2497
1553 2497
1554 2497
1555 2497
1556 2497
1557 2498
1558 2498
1559 2498
1560 2498
1561 2497
1562 2497
1563 2498
1564 2498
1565 2498
1566 2497
1567 2498
1568 2498
1569 2498
1570 2498
1571 2498
1572 2498
1573 2498
1574 2497
1575 2498
1576 2498
1577 2498
1578 2498
1579 2498
1580 2498
1581 2498
1582 2498
1583 2498
1584 2498
1585 2498
1586 2498
1587 2498
1588 2498
1589 2498
1590 2498
1591 2498
1592 2498
1593 2498
1594 2498
1595 2497
1596 2498
1597 2498
1598 2498
1599 2498
1600 2498
1601 2498
1602 2498
1603 2498
1604 2498
1605 2498
1606 2498
1607 2498
1608 2498
1609 2498
1610 2498
1611 2498
1612 2498
1613 2498
1614 2498
1615 2498
1616 2498
1617 2498
1618 2498
1619 2498
1620 2498
1621 2498
1622 2498
1623 2498
1624 2498
1625 2498
1626 2498
1627 2498
1628 2498
1629 2497
1630 2498
1631 2498
1632 2498
1633 2498
1634 2498
1635 2498
1636 2498
1637 2497
1638 2498
1639 2498
1640 2498
1641 2497
1642 2497
1643 2497
1644 2497
1645 2497
1646 2497
1647 2497
1648 2497
1649 2497
1650 2497
1651 2497
1652 2497
1653 2497
1654 2497
1655 2497
1656 2497
1657 2497
1658 2497
1659 2497
1660 2497
1661 2497
1662 2497
1663 2497
1664 2497
1665 2497
1666 2497
1667 2497
1668 2497
1669 2497
1670 2497
1671 2497
1672 2497
1673 2497
1674 2496
1675 2497
1676 2497
1677 2497
1678 2497
1679 2496
1680 2497
1681 2497
1682 2496
1683 2497
1684 2497
1685 2496
1686 2496
1687 2496
1688 2497
1689 2496
1690 2496
1691 2497
1692 2497
1693 2496
1694 2497
1695 2497
1696 2496
1697 2496
1698 2496
1699 2497
1700 2496
1701 2496
1702 2496
1703 2496
1704 2496
1705 2496
1706 2496
1707 2496
1708 2496
1709 2496
1710 2496
1711 2496
1712 2496
1713 2496
1714 2496
1715 2496
1716 2496
1717 2495
1718 2496
1719 2495
1720 2496
1721 2495
1722 2495
1723 2496
1724 2497
1725 2495
1726 2495
1727 2495
1728 2495
1729 2495
1730 2495
1731 2495
1732 2494
1733 2495
1734 2495
1735 2495
1736 2494
1737 2494
1738 2494
1739 2494
1740 2494
1741 2494
1742 2494
1743 2494
1744 2494
1745 2494
1746 2494
1747 2494
1748 2494
1749 2494
1750 2494
1751 2494
1752 2494
1753 2494
1754 2494
1755 2494
1756 2494
1757 2494
1758 2493
1759 2494
1760 2494
1761 2494
1762 2494
1763 2494
1764 2494
1765 2494
1766 2494
1767 2494
1768 2494
1769 2494
1770 2493
1771 2493
1772 2493
1773 2493
1774 2494
1775 2493
1776 2493
1777 2494
1778 2493
1779 2493
1780 2492
1781 2492
1782 2496
1783 2493
1784 2493
1785 2493
1786 2493
1787 2493
1788 2493
1789 2492
1790 2492
1791 2493
1792 2493
1793 2493
1794 2493
1795 2493
1796 2492
1797 2493
1798 2493
1799 2492
1800 2492
1801 2492
1802 2492
1803 2493
1804 2493
1805 2493
1806 2493
1807 2493
1808 2493
1809 2493
1810 2493
1811 2493
1812 2493
1813 2492
1814 2492
1815 2492
1816 2493
1817 2492
1818 2492
1819 2492
1820 2492
1821 2492
1822 2492
1823 2492
1824 2492
1825 2492
1826 2492
1827 2492
1828 2492
1829 2493
1830 2492
1831 2492
1832 2492
1833 2492
1834 2492
1835 2492
1836 2492
1837 2492
1838 2492
1839 2492
1840 2492
1841 2492
1842 2492
1843 2492
1844 2492
1845 2492
1846 2492
1847 2493
1848 2492
1849 2496
1850 2492
1851 2492
1852 2493
1853 2493
1854 2493
1855 2493
1856 2492
1857 2492
1858 2492
1859 2492
1860 2492
1861 2492
1862 2492
1863 2492
1864 2492
1865 2492
1866 2492
1867 2492
1868 2492
1869 2492
1870 2492
1871 2492
1872 2492
1873 2492
1874 2492
1875 2492
1876 2492
1877 2492
1878 2492
1879 2492
1880 2492
1881 2492
1882 2492
1883 2492
1884 2492
1885 2492
1886 2492
1887 2492
1888 2492
1889 2492
1890 2492
1891 2492
1892 2492
1893 2492
1894 2492
1895 2492
1896 2492
1897 2492
1898 2492
1899 2492
1900 2492
1901 2492
1902 2492
1903 2492
1904 2492
1905 2492
1906 2492
1907 2491
1908 2491
1909 2491
1910 2492
1911 2491
1912 2491
1913 2492
1914 2492
1915 2492
1916 2491
1917 2491
1918 2491
1919 2491
1920 2491
1921 2491
1922 2491
1923 2491
1924 2491
1925 2491
1926 2491
1927 2491
1928 2491
1929 2491
1930 2491
1931 2491
1932 2491
1933 2491
1934 2491
1935 2492
1936 2491
1937 2491
1938 2491
1939 2491
1940 2491
1941 2491
1942 2491
1943 2491
1944 2492
1945 2490
1946 2490
1947 2490
1948 2491
1949 2491
1950 2491
1951 2491
1952 2491
1953 2491
1954 2491
1955 2490
1956 2491
1957 2491
1958 2490
1959 2491
1960 2490
1961 2490
1962 2491
1963 2491
1964 2491
1965 2491
1966 2491
1967 2491
1968 2490
1969 2491
1970 2490
1971 2490
1972 2490
1973 2490
1974 2491
1975 2491
1976 2491
1977 2490
1978 2491
1979 2493
1980 2489
1981 2489
1982 2491
1983 2491
1984 2490
1985 2490
1986 2490
1987 2491
1988 2490
1989 2490
1990 2490
1991 2490
1992 2490
1993 2491
1994 2490
1995 2490
1996 2490
1997 2490
1998 2490
1999 2490
2000 2490
2001 2490
2002 2490
2003 2490
2004 2490
2005 2490
2006 2490
2007 2490
2008 2490
2009 2490
2010 2490
2011 2490
2012 2490
2013 2490
2014 2490
2015 2490
2016 2489
2017 2489
2018 2489
2019 2489
2020 2489
2021 2489
2022 2489
2023 2489
2024 2489
2025 2490
2026 2490
2027 2490
2028 2489
2029 2489
2030 2490
2031 2489
2032 2489
2033 2489
2034 2489
2035 2490
2036 2489
2037 2489
2038 2489
2039 2489
2040 2489
2041 2489
2042 2490
2043 2489
2044 2489
2045 2489
2046 2489
2047 2490
2048 2489
2049 2489
2050 2489
2051 2493
2052 2489
2053 2489
2054 2489
2055 2489
2056 2489
2057 2489
2058 2489
2059 2489
2060 2489
2061 2489
2062 2489
2063 2489
2064 2489
2065 2489
2066 2488
2067 2489
2068 2489
2069 2489
2070 2489
2071 2489
2072 2489
2073 2488
2074 2489
2075 2488
2076 2488
2077 2488
2078 2488
2079 2489
2080 2488
2081 2488
2082 2487
2083 2488
2084 2487
2085 2488
2086 2490
2087 2488
2088 2488
2089 2488
2090 2488
2091 2488
2092 2487
2093 2488
2094 2488
2095 2487
2096 2487
2097 2487
2098 2487
2099 2488
2100 2488
2101 2488
2102 2488
2103 2487
2104 2488
2105 2488
2106 2487
2107 2492
2108 2488
2109 2487
2110 2488
2111 2488
2112 2488
2113 2487
2114 2487
2115 2488
2116 2488
2117 2488
2118 2487
2119 2488
2120 2488
2121 2488
2122 2488
2123 2488
2124 2488
2125 2488
2126 2488
2127 2488
2128 2488
2129 2488
2130 2488
2131 2488
2132 2488
2133 2488
2134 2488
2135 2488
2136 2488
2137 2488
2138 2488
2139 2488
2140 2488
2141 2488
2142 2488
2143 2488
2144 2487
2145 2487
2146 2487
2147 2488
2148 2487
2149 2488
2150 2488
2151 2488
2152 2488
2153 2488
2154 2488
2155 2488
2156 2488
2157 2488
2158 2488
2159 2488
2160 2487
2161 2487
2162 2488
2163 2487
2164 2487
2165 2487
2166 2487
2167 2487
2168 2487
2169 2487
2170 2487
2171 2487
2172 2487
2173 2487
2174 2487
2175 2487
2176 2487
2177 2487
2178 2487
2179 2488
2180 2488
2181 2488
2182 2488
2183 2488
2184 2488
2185 2488
2186 2488
2187 2491
2188 2487
2189 2488
2190 2488
2191 2488
2192 2487
2193 2487
2194 2488
2195 2488
2196 2489
2197 2489
2198 2489
2199 2487
2200 2488
2201 2488
2202 2488
2203 2488
2204 2488
2205 2488
2206 2488
2207 2488
2208 2488
2209 2488
2210 2488
2211 2488
2212 2488
2213 2488
2214 2488
2215 2488
2216 2488
2217 2488
2218 2488
2219 2488
2220 2488
2221 2488
2222 2488
2223 2488
2224 2488
2225 2490
2226 2489
2227 2488
2228 2488
2229 2489
2230 2488
2231 2488
2232 2488
2233 2489
2234 2490
2235 2488
2236 2488
2237 2488
2238 2488
2239 2488
2240 2492
2241 2488
2242 2488
2243 2488
2244 2488
2245 2489
2246 2488
2247 2488
2248 2489
2249 2488
2250 2488
2251 2488
2252 2488
2253 2488
2254 2488
2255 2488
2256 2488
2257 2488
2258 2489
2259 2488
2260 2489
2261 2489
2262 2489
2263 2488
2264 2489
2265 2488
2266 2492
2267 2492
2268 2488
2269 2488
2270 2488
2271 2488
2272 2489
2273 2488
2274 2488
2275 2489
2276 2489
2277 2489
2278 2489
2279 2488
2280 2488
2281 2488
2282 2488
2283 2489
2284 2489
2285 2489
2286 2489
2287 2489
2288 2489
2289 2489
2290 2489
2291 2488
2292 2489
2293 2489
2294 2489
2295 2489
2296 2489
2297 2489
2298 2489
2299 2489
2300 2489
2301 2489
2302 2489
2303 2489
2304 2489
2305 2489
2306 2489
2307 2489
2308 2490
2309 2490
2310 2489
2311 2489
2312 2489
2313 2489
2314 2489
2315 2490
2316 2490
2317 2489
2318 2490
2319 2491
2320 2490
2321 2493
2322 2489
2323 2490
2324 2489
2325 2489
2326 2489
2327 2490
2328 2490
2329 2490
2330 2490
2331 2490
2332 2490
2333 2490
2334 2490
2335 2490
2336 2489
2337 2490
2338 2492
2339 2490
2340 2490
2341 2490
2342 2490
2343 2490
2344 2490
2345 2490
2346 2490
2347 2490
2348 2490
2349 2490
2350 2490
2351 2490
2352 2490
2353 2490
2354 2490
2355 2490
2356 2490
2357 2490
2358 2490
2359 2490
2360 2490
2361 2491
2362 2491
2363 2491
2364 2491
2365 2491
2366 2491
2367 2491
2368 2491
2369 2491
2370 2491
2371 2491
2372 2491
2373 2491
2374 2491
2375 2491
2376 2491
2377 2491
2378 2491
2379 2491
2380 2491
2381 2491
2382 2491
2383 2491
2384 2492
2385 2494
2386 2491
2387 2491
2388 2491
2389 2491
2390 2491
2391 2491
2392 2492
2393 2492
2394 2492
2395 2492
2396 2492
2397 2492
2398 2492
2399 2492
2400 2492
2401 2492
2402 2491
2403 2491
2404 2492
2405 2492
2406 2492
2407 2492
2408 2491
2409 2491
2410 2491
2411 2492
2412 2491
2413 2492
2414 2492
2415 2491
2416 2491
2417 2491
2418 2491
2419 2492
2420 2491
2421 2492
2422 2494
2423 2492
2424 2492
2425 2492
2426 2493
2427 2493
2428 2501
2429 2492
2430 2491
2431 2499
2432 2493
2433 2496
2434 2489
2435 2494
2436 2505
2437 2495
2438 2502
2439 2505
2440 2504
2441 2504
2442 2500
2443 2500
2444 2505
2445 2505
2446 2504
2447 2503
2448 2503
2449 2503
2450 2499
2451 2500
2452 2505
2453 2501
2454 2500
2455 2505
2456 2486
2457 2499
2458 2504
2459 2494
2460 2495
2461 2487
2462 2499
2463 2503
2464 2494
2465 2496
2466 2496
2467 2493
2468 2492
2469 2493
2470 2492
2471 2492
2472 2493
2473 2491
2474 2492
2475 2496
2476 2491
2477 2495
2478 2492
2479 2492
2480 2492
2481 2491
2482 2491
2483 2491
2484 2492
2485 2492
2486 2492
2487 2492
2488 2492
2489 2492
2490 2492
2491 2491
2492 2492
2493 2492
2494 2491
2495 2492
2496 2492
2497 2491
2498 2491
2499 2491
2500 2492
2501 2491
2502 2491
2503 2491
2504 2491
2505 2491
2506 2491
2507 2491
2508 2491
2509 2491
2510 2491
2511 2491
2512 2491
2513 2491
2514 2491
2515 2491
2516 2491
2517 2491
2518 2491
2519 2491
2520 2491
2521 2491
2522 2491
2523 2491
2524 2492
2525 2491
2526 2492
2527 2491
2528 2491
2529 2491
2530 2491
2531 2491
2532 2491
2533 2492
2534 2492
2535 2492
2536 2491
2537 2491
2538 2491
2539 2491
2540 2491
2541 2491
2542 2491
2543 2491
2544 2491
2545 2491
2546 2491
2547 2491
2548 2491
2549 2491
2550 2491
2551 2491
2552 2491
2553 2491
2554 2491
2555 2491
2556 2491
2557 2491
2558 2491
2559 2491
2560 2491
2561 2491
2562 2491
2563 2491
2564 2491
2565 2490
2566 2491
2567 2491
2568 2491
2569 2490
2570 2491
2571 2491
2572 2491
2573 2490
2574 2490
2575 2490
2576 2491
2577 2490
2578 2490
2579 2490
2580 2490
2581 2490
2582 2490
2583 2490
2584 2490
2585 2490
2586 2490
2587 2490
2588 2490
2589 2490
2590 2490
2591 2490
2592 2495
2593 2490
2594 2490
2595 2490
2596 2490
2597 2490
2598 2490
2599 2490
2600 2490
2601 2489
2602 2490
2603 2490
2604 2490
2605 2490
2606 2490
2607 2490
2608 2490
2609 2490
2610 2490
2611 2490
2612 2490
2613 2493
2614 2490
2615 2490
2616 2489
2617 2490
2618 2490
2619 2489
2620 2489
2621 2491
2622 2491
2623 2490
2624 2490
2625 2489
2626 2489
2627 2490
2628 2491
2629 2490
2630 2490
2631 2490
2632 2491
2633 2491
2634 2491
2635 2491
2636 2491
2637 2492
2638 2489
2639 2490
2640 2491
2641 2490
2642 2491
2643 2490
2644 2491
2645 2490
2646 2490
2647 2490
2648 2490
2649 2489
2650 2489
2651 2490
2652 2490
2653 2490
2654 2490
2655 2490
2656 2490
2657 2490
2658 2490
2659 2490
2660 2490
2661 2490
2662 2490
2663 2490
2664 2490
2665 2490
2666 2490
2667 2490
2668 2490
2669 2490
2670 2490
2671 2490
2672 2490
2673 2490
2674 2490
2675 2490
2676 2490
2677 2490
2678 2490
2679 2490
2680 2490
2681 2490
2682 2490
2683 2490
2684 2489
2685 2489
2686 2489
2687 2489
2688 2489
2689 2489
2690 2489
2691 2489
2692 2489
2693 2489
2694 2489
2695 2490
2696 2490
2697 2490
2698 2490
2699 2490
2700 2490
2701 2490
2702 2490
2703 2490
2704 2490
2705 2490
2706 2490
2707 2491
2708 2491
2709 2490
2710 2490
2711 2490
2712 2490
2713 2490
2714 2490
2715 2490
2716 2490
2717 2490
2718 2490
2719 2490
2720 2490
2721 2490
2722 2490
2723 2490
2724 2490
2725 2490
2726 2490
2727 2490
2728 2490
2729 2490
2730 2490
2731 2490
2732 2490
2733 2489
2734 2490
2735 2490
2736 2490
2737 2489
2738 2490
2739 2490
2740 2490
2741 2489
2742 2489
2743 2489
2744 2489
2745 2489
2746 2489
2747 2489
2748 2489
2749 2489
2750 2489
2751 2489
2752 2489
2753 2489
2754 2489
2755 2489
2756 2489
2757 2489
2758 2489
2759 2489
2760 2489
2761 2489
2762 2489
2763 2488
2764 2488
2765 2489
2766 2488
2767 2488
2768 2488
2769 2488
2770 2487
2771 2488
2772 2488
2773 2488
2774 2487
2775 2488
2776 2488
2777 2488
2778 2488
2779 2488
2780 2487
2781 2487
2782 2487
2783 2487
2784 2487
2785 2487
2786 2488
2787 2487
2788 2487
2789 2487
2790 2487
2791 2487
2792 2487
2793 2487
2794 2487
2795 2487
2796 2487
2797 2487
2798 2487
2799 2487
2800 2487
2801 2487
2802 2487
2803 2487
2804 2487
2805 2487
2806 2487
2807 2487
2808 2487
2809 2487
2810 2487
2811 2487
2812 2487
2813 2487
2814 2487
2815 2487
2816 2487
2817 2487
2818 2487
2819 2486
2820 2486
2821 2486
2822 2486
2823 2486
2824 2486
2825 2486
2826 2486
2827 2486
2828 2486
2829 2486
2830 2486
2831 2486
2832 2486
2833 2486
2834 2486
2835 2486
2836 2486
2837 2486
2838 2486
2839 2486
2840 2486
2841 2486
2842 2486
2843 2486
2844 2485
2845 2486
2846 2485
2847 2485
2848 2485
2849 2485
2850 2486
2851 2485
2852 2485
2853 2485
2854 2485
2855 2485
2856 2485
2857 2485
2858 2485
2859 2485
2860 2485
2861 2485
2862 2485
2863 2485
2864 2485
2865 2485
2866 2485
2867 2485
2868 2485
2869 2485
2870 2485
2871 2485
2872 2485
2873 2485
2874 2485
2875 2485
2876 2485
2877 2485
2878 2485
2879 2485
2880 2485
2881 2485
2882 2485
2883 2485
2884 2484
2885 2484
2886 2484
2887 2487
2888 2484
2889 2484
2890 2484
2891 2484
2892 2484
2893 2484
2894 2484
2895 2484
2896 2484
2897 2484
2898 2484
2899 2484
2900 2484
2901 2484
2902 2484
2903 2484
2904 2484
2905 2484
2906 2484
2907 2484
2908 2484
2909 2484
2910 2484
2911 2484
2912 2484
2913 2483
2914 2483
2915 2483
2916 2483
2917 2483
2918 2483
2919 2484
2920 2483
2921 2483
2922 2483
2923 2483
2924 2483
2925 2483
2926 2483
2927 2483
2928 2483
2929 2483
2930 2483
2931 2483
2932 2483
2933 2483
2934 2483
2935 2482
2936 2483
2937 2483
2938 2483
2939 2483
2940 2483
2941 2483
2942 2483
2943 2483
2944 2483
2945 2483
2946 2483
2947 2483
2948 2482
2949 2483
2950 2482
2951 2483
2952 2482
2953 2482
2954 2482
2955 2482
2956 2482
2957 2482
2958 2482
2959 2481
2960 2482
2961 2482
2962 2482
2963 2482
2964 2482
2965 2482
2966 2482
2967 2482
2968 2481
2969 2481
2970 2481
2971 2482
2972 2481
2973 2481
2974 2481
2975 2481
2976 2481
2977 2481
2978 2481
2979 2481
2980 2481
2981 2481
2982 2481
2983 2481
2984 2481
2985 2481
2986 2481
2987 2481
2988 2481
2989 2481
2990 2481
2991 2481
2992 2480
2993 2481
2994 2481
2995 2481
2996 2481
2997 2481
2998 2481
2999 2481
3000 2481
3001 2481
3002 2481
3003 2481
3004 2481
3005 2481
3006 2480
3007 2480
3008 2480
3009 2480
3010 2480
3011 2480
3012 2480
3013 2480
3014 2480
3015 2480
3016 2480
3017 2480
3018 2480
3019 2480
3020 2480
3021 2480
3022 2480
3023 2480
3024 2479
3025 2479
3026 2479
3027 2479
3028 2479
3029 2479
3030 2480
3031 2479
3032 2479
3033 2479
3034 2479
3035 2479
3036 2479
3037 2479
3038 2479
3039 2479
3040 2479
3041 2479
3042 2479
3043 2478
3044 2478
3045 2478
3046 2479
3047 2478
3048 2478
3049 2478
3050 2478
3051 2478
3052 2478
3053 2479
3054 2478
3055 2478
3056 2478
3057 2478
3058 2478
3059 2478
3060 2478
3061 2478
3062 2478
3063 2478
3064 2478
3065 2478
3066 2478
3067 2478
3068 2478
3069 2477
3070 2478
3071 2482
3072 2479
3073 2479
3074 2480
3075 2480
3076 2479
3077 2479
3078 2479
3079 2478
3080 2478
3081 2478
3082 2478
3083 2478
3084 2477
3085 2477
3086 2477
3087 2477
3088 2477
3089 2478
3090 2478
3091 2478
3092 2479
3093 2477
3094 2481
3095 2477
3096 2476
3097 2476
3098 2476
3099 2476
3100 2476
3101 2476
3102 2476
3103 2476
3104 2476
3105 2476
3106 2476
3107 2476
3108 2476
3109 2476
3110 2476
3111 2475
3112 2476
3113 2476
3114 2476
3115 2476
3116 2476
3117 2475
3118 2476
3119 2476
3120 2475
3121 2475
3122 2475
3123 2475
3124 2475
3125 2475
3126 2475
3127 2475
3128 2475
3129 2475
3130 2474
3131 2474
3132 2474
3133 2474
3134 2474
3135 2474
3136 2474
3137 2474
3138 2474
3139 2474
3140 2474
3141 2474
3142 2474
3143 2474
3144 2474
3145 2474
3146 2473
3147 2473
3148 2473
3149 2473
3150 2473
3151 2474
3152 2473
3153 2473
3154 2473
3155 2473
3156 2473
3157 2473
3158 2473
3159 2473
3160 2473
3161 2473
3162 2472
3163 2473
3164 2473
3165 2473
3166 2473
3167 2473
3168 2472
3169 2472
3170 2472
3171 2472
3172 2472
3173 2472
3174 2472
3175 2472
3176 2472
3177 2472
3178 2472
3179 2472
3180 2472
3181 2472
3182 2472
3183 2472
3184 2472
3185 2471
3186 2472
3187 2472
3188 2471
3189 2471
3190 2471
3191 2471
3192 2471
3193 2471
3194 2471
3195 2471
3196 2471
3197 2471
3198 2471
3199 2471
3200 2471
3201 2470
3202 2470
3203 2470
3204 2470
3205 2471
3206 2470
3207 2470
3208 2470
3209 2470
3210 2470
3211 2470
3212 2471
3213 2470
3214 2470
3215 2470
3216 2470
3217 2470
3218 2470
3219 2470
3220 2470
3221 2470
3222 2470
3223 2470
3224 2470
3225 2470
3226 2470
3227 2470
3228 2469
3229 2469
3230 2469
3231 2469
3232 2469
3233 2469
3234 2469
3235 2469
3236 2469
3237 2469
3238 2469
3239 2469
3240 2469
3241 2469
3242 2469
3243 2469
3244 2469
3245 2469
3246 2469
3247 2469
3248 2469
3249 2468
3250 2469
3251 2469
3252 2468
3253 2468
3254 2468
3255 2469
3256 2469
3257 2469
3258 2469
3259 2468
3260 2469
3261 2468
3262 2468
3263 2468
3264 2468
3265 2469
3266 2468
3267 2468
3268 2468
3269 2468
3270 2468
3271 2468
3272 2468
3273 2469
3274 2468
3275 2468
3276 2468
3277 2468
3278 2468
3279 2468
3280 2468
3281 2468
3282 2468
3283 2468
3284 2468
3285 2469
3286 2468
3287 2468
3288 2468
3289 2468
3290 2468
3291 2469
3292 2469
3293 2468
3294 2468
3295 2469
3296 2468
3297 2468
3298 2468
3299 2469
3300 2468
3301 2468
3302 2468
3303 2468
3304 2468
3305 2468
3306 2468
3307 2468
3308 2468
3309 2468
3310 2468
3311 2467
3312 2468
3313 2468
3314 2468
3315 2468
3316 2467
3317 2467
3318 2467
3319 2467
3320 2467
3321 2467
3322 2467
3323 2467
3324 2468
3325 2468
3326 2468
3327 2467
3328 2467
3329 2467
3330 2467
3331 2468
3332 2470
3333 2469
3334 2468
3335 2469
3336 2468
3337 2469
3338 2468
3339 2468
3340 2468
3341 2468
3342 2468
3343 2468
3344 2468
3345 2467
3346 2467
3347 2467
3348 2467
3349 2467
3350 2468
3351 2467
3352 2468
3353 2468
3354 2467
3355 2467
3356 2468
3357 2468
3358 2468
3359 2468
3360 2467
3361 2468
3362 2467
3363 2466
3364 2471
3365 2467
3366 2468
3367 2467
3368 2468
3369 2468
3370 2467
3371 2468
3372 2468
3373 2468
3374 2468
3375 2468
3376 2468
3377 2468
3378 2468
3379 2468
3380 2468
3381 2468
3382 2467
3383 2467
3384 2468
3385 2467
3386 2468
3387 2468
3388 2468
3389 2468
3390 2468
3391 2468
3392 2468
3393 2468
3394 2468
3395 2468
3396 2468
3397 2468
3398 2468
3399 2468
3400 2472
3401 2468
3402 2468
3403 2468
3404 2468
3405 2468
3406 2468
3407 2468
3408 2467
3409 2468
3410 2467
3411 2468
3412 2468
3413 2467
3414 2467
3415 2467
3416 2467
3417 2467
3418 2467
3419 2466
3420 2466
3421 2466
3422 2465
3423 2468
3424 2466
3425 2466
3426 2466
3427 2466
3428 2466
3429 2466
3430 2466
3431 2466
3432 2465
3433 2466
3434 2466
3435 2466
3436 2466
3437 2466
3438 2466
3439 2466
3440 2466
3441 2466
3442 2465
3443 2466
3444 2466
3445 2466
3446 2466
3447 2465
3448 2466
3449 2467
3450 2465
3451 2465
3452 2466
3453 2465
3454 2466
3455 2465
3456 2465
3457 2466
3458 2466
3459 2465
3460 2465
3461 2467
3462 2477
3463 2465
3464 2465
3465 2465
3466 2465
3467 2465
3468 2465
3469 2465
3470 2465
3471 2465
3472 2465
3473 2464
3474 2465
3475 2464
3476 2465
3477 2464
3478 2464
3479 2463
3480 2463
3481 2464

2299 2515
2300 2513
2301 2510
2302 2510
2303 2510
2304 2513
2305 2509
2306 2510
2307 2514
2308 2509
2309 2508
2310 2510
2311 2511
2312 2511
2313 2511
2314 2509
2315 2510
2316 2507
2317 2511
2318 2509
2319 2510
2320 2511
2321 2510
2322 2510
2323 2505
2324 2505
2325 2510
2326 2510
2327 2507
2328 2510
2329 2510
2330 2511
2331 2511
2332 2512
2333 2511
2334 2512
2335 2510
2336 2512
2337 2505
2338 2510
2339 2510
2340 2511
2341 2510
2342 2507
2343 2511
2344 2512
2345 2511
2346 2511
2347 2506
2348 2511
2349 2505
2350 2505
2351 2508
2352 2512
2353 2511
2354 2505
2355 2510
2356 2516
2357 2507
2358 2505
2359 2513
2360 2505
2361 2518
2362 2506
2363 2511
2364 2511
2365 2505
2366 2511
2367 2518
2368 2512
2369 2511
2370 2512
2371 2504
2372 2511
2373 2513
2374 2509
2375 2512
2376 2504
2377 2504
2378 2513
2379 2512
2380 2517
2381 2513
2382 2512
2383 2510
2384 2511
2385 9999
2386 2511
2387 2505
2388 2504
2389 2511
2390 2504
2391 2504
2392 2510
3091 2491
3092 2495
3093 2496
3094 2496
3095 2490
3096 2489
3097 2498
3098 2492
3099 2496
3100 2495
3101 2497
3102 2496
3103 9999
3104 2495
3105 2495
3106 9999
3107 2494
3108 2491
3109 2493
3110 2493
3111 2495
3112 2495
3113 2495
3114 9999
3115 9999
3116 2490
3117 2488
3118 2488
3119 2494
3120 2496
3121 2488
3122 2490
3123 2495
3124 2495
3125 2496
3126 2488
3127 2499
3128 2494
3129 2493
3130 2498
3131 2490
3132 2493
3133 2494
3134 2497
3135 2494
3136 2494
3137 2493
3138 2493
3139 2495
3140 2492
3141 2495
3142 2492
3143 2495
3144 2494
3145 2495
3146 2502
3147 2497
3148 2490
3149 2494
3150 2493
3151 2493
3152 2493
3153 2495
3154 2490
3155 2501
3156 2496
3157 2497
3158 2496
3159 2496
3160 2497
3161 2496
3162 2497
3163 2494
3164 2495
3165 2495
3166 2495
3167 2494
3168 2489
3169 2490
3170 2494
3171 2494
3172 2494
3173 2494
3174 2492
3175 2494
3176 2493
3177 2494
3178 2495
3179 2496
3180 2500
3181 2495
3182 2489
3183 2496
3184 2489
3185 2488
3186 2488
3187 2488
3188 2492
3189 2500
3190 2488
3191 2491
3192 2492
3193 2491
3194 2495
3195 2495
3196 2496
3197 2495
3198 2494
3199 2496
3200 2494
3201 2495
3202 2494
3203 2488
3204 2501
3205 2491
3206 2495
3207 2491
3208 2494
3209 2494
3210 2495
3211 2493
3212 2492
3213 2492
3214 2494
3215 2495
3216 2498
3217 2490
3218 2501
3219 2487
3220 2492
3221 2490
3222 2492
3223 2492
3224 2493
3225 2494
3226 2492
3227 2492
3228 2493
3229 2487
3230 2497
3231 2493
3232 2492
3233 2497
3234 2492
3235 2491
3236 2492
3237 2490
3238 2492
3239 2494
3240 2491
3241 2489
3242 2489
3243 2489
3244 2492
3245 2495
3246 2490
3247 2491
3248 2491
3249 2489
3250 2488
3251 2498
3252 2493
3253 2490
3254 2489
3255 2493
3256 2493
3257 2495
3258 2488
3259 2491
3260 2488
3261 2490
3262 2490
3263 2487
3264 2488
3265 2484
3266 2489
3267 2482
3268 2489
3269 2482
3270 2487
3271 2494
3272 2490
3273 2490
3274 2488
3275 2488
3276 2495
3277 2487
3278 2486
3279 2487
3280 2486
3281 2486

