2760 2508
2761 2508
2762 2509
2763 2509
2764 2509
2765 2509
2766 2509
2767 2511
2768 2509
2769 2508
2770 2510
2771 2507
2772 2507
2773 2507
2774 2506
2775 2505
2776 2505
2777 2505
2778 2506
2779 2505
2780 2505
2781 2505
2782 2505
2783 2505
2784 2506
2785 2507
2786 2506
2787 2506
2788 2507
2789 2508
2790 2508
2791 2508
2792 2507
2793 2508
2794 2508
2795 2508
2796 2509
2797 2508
2798 2512
2799 2509
2800 2509
2801 2508
2802 2508
2803 2508
2804 2510
2805 2508
2806 2508
2807 2508
2808 2508
2809 2507
2810 2507
2811 2507
2812 2509
2813 2507
2814 2507
2815 2509
2816 2507
2817 2506
2818 2506
2819 2510
2820 2507
2821 2507
2822 2507
2823 2506
2824 2506
2825 2506
2826 2506
2827 2507
2828 2507
2829 2506
2830 2507
2831 2507
2832 2506
2833 2507
2834 2507
2835 2507
2836 2506
2837 2507
2838 2507
2839 2507
2840 2507
2841 2507
2842 2507
2843 2507
2844 2507
2845 2507
2846 2507
2847 2507
2848 2507
2849 2507
2850 2507
2851 2507
2852 2507
2853 2507
2854 2507
2855 2507
2856 2507
2857 2507
2858 2507
2859 2507
2860 2507
2861 2507
2862 2507
2863 2508
2864 2507
2865 2507
2866 2507
2867 2507
2868 2509
2869 2509
2870 2507
2871 2508
2872 2508
2873 2507
2874 2507
2875 2507
2876 2507
2877 2507
2878 2506
2879 2507
2880 2507
2881 2507
2882 2507
2883 2507
2884 2507
2885 2507
2886 2507
2887 2507
2888 2507
2889 2507
2890 2506
2891 2507
2892 2507
2893 2506
2894 2506
2895 2506
2896 2506
2897 2506
2898 2506
2899 2509
2900 2507
2901 2507
2902 2508
2903 2508
2904 2508
2905 2508
2906 2507
2907 2509
2908 2509
2909 2518
2910 2507
2911 2509
2912 2508
2913 2508
2914 2508
2915 2508
2916 2508
2917 2508
2918 2507
2919 2511
2920 2510
2921 2510
2922 2509
2923 2508
2924 2508
2925 2508
2926 2508
2927 2508
2928 2509
2929 2509
2930 2509
2931 2508
2932 2509
2933 2508
2934 2509
2935 2508
2936 2508
2937 2508
2938 2508
2939 2508
2940 2507
2941 2507
2942 2508
2943 2507
2944 2508
2945 2508
2946 2508
2947 2508
2948 2508
2949 2508
2950 2508
2951 2508
2952 2508
2953 2508
2954 2508
2955 2508
2956 2508
2957 2508
2958 2508
2959 2508
2960 2507
2961 2508
2962 2507
2963 2507
2964 2507
2965 2507
2966 2507
2967 2507
2968 2507
2969 2507
2970 2507
2971 2507
2972 2507
2973 2507
2974 2511
2975 2510
2976 2506
2977 2507
2978 2506
2979 2510
2980 2511
2981 2506
2982 2506
2983 2506
2984 2506
2985 2506
2986 2507
2987 2506
2988 2506
2989 2507
2990 2507
2991 2506
2992 2509
2993 2507
2994 2507
2995 2507
2996 2507
2997 2507
2998 2507
2999 2507
3000 2514
3001 2507
3002 2509
3003 2507
3004 2507
3005 2507
3006 2507
3007 2507
3008 2508
3009 2506
3010 2506
3011 2506
3012 2506
3013 2506
3014 2506
3015 2506
3016 2507
3017 2507
3018 2506
3019 2507
3020 2512
3021 2507
3022 2507
3023 2507
3024 2507
3025 2507
3026 2507
3027 2507
3028 2506
3029 2507
3030 2508
3031 2508
3032 2507
3033 2506
3034 2507
3035 2507
3036 2510
3037 2506
3038 2509
3039 2508
3040 2506
3041 2512
3042 2509
3043 2505
3044 2506
3045 2512
3046 2507
3047 2506
3048 2506
3049 2506
3050 2506
3051 2506
3052 2506
3053 2507
3054 2506
3055 2505
3056 2505
3057 2505
3058 2505
3059 2505
3060 2508
3061 2510
3062 2507
3063 2505
3064 2504
3065 2505
3066 2512
3067 2511
3068 2507
3069 2506
3070 2506
3071 2508
3072 2506
3073 2506
3074 2510
3075 2511
3076 2506
3077 2505
3078 2505
3079 2505
3080 2505
3081 2505
3082 2504
3083 2505
3084 2505
3085 2504
3086 2506
3087 2507
3088 2505
3089 2505
3090 2505
3091 2509
3092 2504
3093 2504
3094 2505
3095 2505
3096 2504
3097 2506
3098 2506
3099 2504
3100 2504
3101 2505
3102 2504
3103 2504
3104 2504
3105 2504
3106 2504
3107 2505
3108 2506
3109 2505
3110 2505
3111 2503
3112 2504
3113 2504
3114 2505
3115 2505
3116 2505
3117 2504
3118 2505
3119 2504
3120 2505
3121 2506
3122 2504
3123 2504
3124 2504
3125 2504
3126 2505
3127 2505
3128 2504
3129 2504
3130 2504
3131 2504
3132 2504
3133 2504
3134 2504
3135 2504
3136 2504
3137 2504
3138 2504
3139 2505
3140 2505
3141 2505
3142 2505
3143 2505
3144 2505
3145 2505
3146 2505
3147 2505
3148 2505
3149 2504
3150 2504
3151 2510
3152 2504
3153 2504
3154 2504
3155 2504
3156 2504
3157 2505
3158 2505
3159 2505
3160 2504
3161 2504
3162 2504
3163 2504
3164 2504
3165 2504
3166 2503
3167 2504
3168 2504
3169 2504
3170 2504
3171 2504
3172 2509
3173 2504
3174 2504
3175 2504
3176 2504
3177 2504
3178 2504
3179 2504
3180 2503
3181 2510
3182 2504
3183 2507
3184 2508
3185 2508
3186 2505
3187 2504
3188 2504
3189 2504
3190 2505
3191 2508
3192 2506
3193 2508
3194 2507
3195 2504
3196 2504
3197 2504
3198 2505
3199 2504
3200 2504
3201 2506
3202 2504
3203 2504
3204 2504
3205 2504
3206 2504
3207 2504
3208 2503
3209 2505
3210 2503
3211 2507
3212 2504
3213 2504
3214 2504
3215 2508
3216 2505
3217 2505
3218 2504
3219 2506
3220 2507
3221 2504
3222 2504
3223 2504
3224 2504
3225 2507
3226 2505
3227 2504
3228 2504
3229 2504
3230 2504
3231 2505
3232 2504
3233 2509
3234 2506
3235 2506
3236 2507
3237 2504
3238 2505
3239 2505
3240 2505
3241 2504
3242 2504
3243 2509
3244 2505
3245 2504
3246 2505
3247 2504
3248 2504
3249 2504
3250 2505
3251 2504
3252 2504
3253 2505
3254 2504
3255 2504
3256 2505
3257 2504
3258 2505
3259 2504
3260 2504
3261 2504
3262 2504
3263 2504
3264 2503
3265 2504
3266 2504
3267 2503
3268 2504
3269 2504
3270 2507
3271 2505
3272 2504
3273 2504
3274 2506
3275 2503
3276 2504
3277 2504
3278 2505
3279 2505
3280 2505
3281 2504
3282 2505
3283 2505
3284 2505
3285 2505
3286 2504
3287 2504
3288 2505
3289 2505
3290 2505
3291 2505
3292 2504
3293 2505
3294 2504
3295 2505
3296 2504
3297 2504
3298 2503
3299 2503
3300 2503
3301 2503
3302 2504
3303 2503
3304 2503
3305 2504
3306 2503
3307 2503
3308 2503
3309 2503
3310 2502
3311 2503
3312 2502
3313 2506
3314 2503
3315 2513
3316 2509
3317 2503
3318 2504
3319 2503
3320 2503
3321 2507
3322 2506
3323 2503
3324 2504
3325 2505
3326 2505
3327 2503
3328 2504
3329 2505
3330 2504
3331 2504
3332 2504
3333 2504
3334 2504
3335 2504
3336 2506
3337 2503
3338 2504
3339 2504
3340 2504
3341 2504
3342 2504
3343 2504
3344 2504
3345 2502
3346 2502
3347 2505
3348 2506
3349 2502
3350 2503
3351 2503
3352 2503
3353 2504
3354 2503
3355 2502
3356 2507
3357 2503
3358 2502
3359 2502
3360 2502
3361 2502
3362 2506
3363 2503
3364 2503
3365 2503
3366 2504
3367 2504
3368 2504
3369 2506
3370 2504
3371 2503
3372 2503
3373 2503
3374 2503
3375 2503
3376 2503
3377 2504
3378 2504
3379 2503
3380 2503
3381 2503
3382 2503
3383 2503
3384 2503
3385 2503
3386 2502
3387 2503
3388 2503
3389 2503
3390 2503
3391 2503
3392 2503
3393 2503
3394 2503
3395 2503
3396 2503
3397 2503
3398 2503
3399 2503
3400 2503
3401 2503
3402 2503
3403 2503
3404 2503
3405 2503
3406 2503
3407 2503
3408 2503
3409 2503
3410 2503
3411 2503
3412 2503
3413 2503
3414 2503
3415 2503
3416 2503
3417 2503
3418 2503
3419 2503
3420 2503
3421 2503
3422 2503
3423 2503
3424 2503
3425 2503
3426 2503
3427 2502
3428 2502
3429 2503
3430 2503
3431 2502
3432 2503
3433 2502
3434 2503
3435 2503
3436 2502
3437 2502
3438 2503
3439 2502
3440 2502
3441 2502
3442 2503
3443 2502
3444 2502
3445 2502
3446 2502
3447 2502
3448 2502
3449 2502
3450 2503
3451 2502
3452 2502
3453 2502
3454 2501
3455 2503
3456 2502
3457 2503
3458 2502
3459 2502
3460 2502
3461 2502
3462 2502
3463 2502
3464 2502
3465 2502
3466 2502
3467 2502
3468 2502
3469 2502
3470 2501
3471 2502
3472 2502
3473 2502
3474 2502
3475 2502
3476 2502
3477 2502
3478 2502
3479 2502
3480 2502
3481 2501
3482 2502
3483 2501
3484 2502
3485 2502
3486 2501
3487 2501
3488 2501
3489 2502
3490 2502
3491 2501
3492 2501
3493 2501
3494 2501
3495 2502
3496 2502
3497 2502
3498 2501
3499 2501
3500 2501
3501 2501
3502 2501
3503 2501
3504 2501
3505 2501
3506 2501
3507 2501
3508 2501
3509 2501
3510 2501
3511 2501
3512 2500
3513 2501
3514 2502
3515 2502
3516 2501
3517 2501
3518 2501
3519 2501
3520 2501
3521 2501
3522 2501
3523 2501
3524 2501
3525 2500
3526 2501
3527 2500
3528 2501
3529 2501
3530 2501
3531 2501
3532 2501
3533 2501
3534 2501
3535 2501
3536 2501
3537 2501
3538 2501
3539 2501
3540 2501
3541 2501
3542 2501
3543 2501
3544 2501
3545 2501
3546 2501
3547 2501
3548 2501
3549 2501
3550 2501
3551 2501
3552 2501
3553 2501
3554 2501
3555 2501
3556 2501
3557 2501
3558 2501
3559 2501
3560 2501
3561 2501
3562 2501
3563 2501
3564 2501
3565 2501
3566 2501
3567 2501
3568 2501
3569 2501
3570 2501
3571 2501
3572 2501
3573 2500
3574 2501
3575 2501
3576 2501
3577 2501
3578 2501
3579 2501
3580 2501
3581 2501
3582 2501
3583 2501
3584 2501
3585 2501
3586 2501
3587 2501
3588 2501
3589 2501
3590 2501
3591 2501
3592 2501
3593 2501
3594 2501
3595 2501
3596 2501
3597 2501
3598 2501
3599 2501
3600 2501
3601 2501
3602 2501
3603 2501
3604 2501
3605 2501
3606 2501
3607 2501
3608 2503
3609 2504
3610 2504
3611 2501
3612 2501
3613 2500
3614 2500
3615 2501
3616 2501
3617 2501
3618 2501
3619 2500
3620 2501
3621 2501
3622 2501
3623 2501
3624 2501
3625 2501
3626 2500
3627 2500
3628 2500
3629 2500
3630 2500
3631 2500
3632 2500
3633 2500
3634 2500
3635 2500
3636 2500
3637 2500
3638 2500
3639 2500
3640 2500
3641 2500
3642 2500
3643 2500
3644 2500
3645 2500
3646 2500
3647 2500
3648 2500
3649 2500
3650 2500
3651 2500
3652 2500
3653 2500
3654 2500
3655 2499
3656 2500
3657 2500
3658 2500
3659 2499
3660 2499
3661 2499
3662 2499
3663 2500
3664 2499
3665 2499
3666 2499
3667 2499
3668 2499
3669 2499
3670 2499
3671 2499
3672 2499
3673 2499
3674 2499
3675 2499
3676 2500
3677 2499
3678 2498
3679 2499
3680 2499
3681 2499
3682 2499
3683 2500
3684 2499
3685 2499
3686 2499
3687 2499
3688 2499
3689 2498
3690 2498
3691 2499
3692 2499
3693 2498
3694 2498
3695 2498
3696 2498
3697 2498
3698 2498
3699 2498
3700 2498
3701 2498
3702 2498
3703 2498
3704 2498
3705 2498
3706 2498
3707 2498
3708 2498
3709 2497
3710 2498
3711 2498
3712 2498
3713 2498
3714 2498
3715 2497
3716 2497
3717 2497
3718 2497
3719 2497
3720 2497
3721 2497
3722 2497
3723 2497
3724 2497
3725 2497
3726 2497
3727 2497
3728 2497
3729 2497
3730 2497
3731 2497
3732 2497
3733 2497
3734 2497
3735 2497
3736 2497
3737 2497
3738 2497
3739 2497
3740 2497
3741 2497
3742 2497
3743 2497
3744 2497
3745 2497
3746 2497
3747 2497
3748 2497
3749 2497
3750 2497
3751 2496
3752 2497
3753 2497
3754 2497
3755 2496
3756 2496
3757 2496
3758 2496
3759 2496
3760 2496
3761 2496
3762 2496
3763 2496
3764 2496
3765 2496
3766 2496
3767 2496
3768 2496
3769 2496
3770 2496
3771 2496
3772 2496
3773 2496
3774 2496
3775 2496
3776 2496
3777 2496
3778 2496
3779 2496
3780 2496
3781 2496
3782 2496
3783 2496
3784 2496
3785 2496
3786 2496
3787 2496
3788 2496
3789 2496
3790 2496
3791 2496
3792 2495
3793 2495
3794 2495
3795 2496
3796 2496
3797 2496
3798 2496
3799 2496
3800 2495
3801 2495
3802 2495
3803 2495
3804 2496
3805 2495
3806 2496
3807 2496
3808 2495
3809 2495
3810 2496
3811 2496
3812 2495
3813 2496
3814 2496
3815 2496
3816 2496
3817 2496
3818 2496
3819 2496
3820 2495
3821 2496
3822 2495
3823 2496
3824 2497
3825 2495
3826 2496
3827 2496
3828 2495
3829 2495
3830 2496
3831 2495
3832 2495
3833 2495
3834 2495
3835 2495
3836 2495
3837 2494
3838 2500
3839 2498
3840 2500
3841 2495
3842 2495
3843 2495
3844 2496
3845 2496
3846 2495
3847 2495
3848 2495
3849 2495
3850 2495
3851 2495
3852 2495
3853 2495
3854 2495
3855 2495
3856 2495
3857 2494
3858 2495
3859 2494
3860 2495
3861 2495
3862 2496
3863 2495
3864 2495
3865 2495
3866 2495
3867 2495
3868 2495
3869 2495
3870 2495
3871 2495
3872 2494
3873 2494
3874 2494
3875 2495
3876 2494
3877 2494
3878 2494
3879 2494
3880 2494
3881 2494
3882 2494
3883 2500
3884 2494
3885 2494
3886 2494
3887 2494
3888 2494
3889 2494
3890 2494
3891 2494
3892 2494
3893 2494
3894 2494
3895 2494
3896 2494
3897 2494
3898 2494
3899 2494
3900 2494
3901 2494
3902 2494
3903 2494
3904 2494
3905 2494
3906 2494
3907 2494
3908 2494
3909 2494
3910 2494
3911 2494
3912 2494
3913 2494
3914 2494
3915 2494
3916 2495
3917 2495
3918 2494
3919 2495
3920 2494
3921 2494
3922 2494
3923 2494
3924 2494
3925 2495
3926 2494
3927 2495
3928 2494
3929 2494
3930 2494
3931 2494
3932 2494
3933 2495
3934 2494
3935 2495
3936 2495
3937 2495
3938 2494
3939 2494
3940 2494
3941 2495
3942 2494
3943 2494
3944 2494
3945 2494
3946 2494
3947 2494
3948 2495
3949 2495
3950 2495
3951 2495
3952 2495
3953 2495
3954 2494
3955 2494
3956 2494
3957 2494
3958 2494
3959 2495
3960 2495
3961 2495
3962 2495
3963 2495
3964 2495
3965 2495
3966 2495
3967 2495
3968 2495
3969 2495
3970 2495
3971 2495
3972 2495
3973 2495
3974 2495
3975 2495
3976 2495
3977 2495
3978 2495
3979 2495
3980 2495
3981 2495
3982 2495
3983 2495
3984 2495
3985 2495
3986 2495
3987 2495
3988 2495
3989 2495
3990 2495
3991 2495
3992 2495
3993 2495
3994 2495
3995 2495
3996 2495
3997 2495
3998 2495
3999 2495
4000 2495
4001 2495
4002 2495
4003 2495
4004 2495
4005 2495
4006 2495
4007 2495
4008 2495
4009 2495
4010 2495
4011 2495
4012 2495
4013 2495
4014 2495
4015 2495
4016 2495
4017 2495
4018 2495
4019 2495
4020 2495
4021 2495
4022 2495
4023 2495
4024 2495
4025 2495
4026 2495
4027 2495
4028 2495
4029 2495
4030 2495
4031 2495
4032 2495
4033 2495
4034 2495
4035 2495
4036 2495
4037 2495
4038 2495
4039 2494
4040 2495
4041 2495
4042 2496
4043 2496
4044 2496
4045 2496
4046 2496
4047 2496
4048 2496
4049 2496
4050 2496
4051 2496
4052 2496
4053 2496
4054 2496
4055 2496
4056 2496
4057 2496
4058 2496
4059 2496
4060 2496
4061 2496
4062 2496
4063 2495
4064 2495
4065 2495
4066 2495
4067 2495
4068 2496
4069 2495
4070 2496
4071 2496
4072 2496
4073 2495
4074 2495
4075 2495
4076 2496
4077 2496
4078 2496
4079 2496
4080 2496
4081 2495
4082 2495
4083 2495
4084 2495
4085 2495
4086 2495
4087 2496
4088 2495
4089 2495
4090 2494
4091 2495
4092 2495
4093 2495
4094 2495
4095 2495
4096 2495
4097 2495
4098 2495
4099 2495
4100 2495
4101 2495
4102 2495
4103 2495
4104 2495
4105 2495
4106 2495
4107 2495
4108 2494
4109 2495
4110 2494
4111 2495
4112 2494
4113 2494
4114 2494
4115 2494
4116 2494
4117 2494
4118 2494
4119 2494
4120 2494
4121 2493
4122 2494
4123 2494
4124 2494
4125 2495
4126 2494
4127 2494
4128 2494
4129 2494
4130 2494
4131 2494
4132 2494
4133 2494
4134 2494
4135 2494
4136 2494
4137 2494
4138 2494
4139 2494
4140 2494
4141 2494
4142 2494
4143 2494
4144 2494
4145 2494
4146 2494
4147 2494
4148 2494
4149 2494
4150 2494
4151 2494
4152 2494
4153 2494
4154 2494
4155 2494
4156 2494
4157 2494
4158 2493
4159 2494
4160 2493
4161 2494
4162 2493
4163 2494
4164 2493
4165 2494
4166 2493
4167 2493
4168 2494
4169 2493
4170 2493
4171 2494
4172 2493
4173 2493
4174 2493
4175 2493
4176 2493
4177 2492
4178 2493
4179 2493
4180 2493
4181 2492
4182 2492
4183 2493
4184 2493
4185 2492
4186 2493
4187 2493
4188 2493
4189 2492
4190 2493
4191 2493
4192 2492
4193 2492
4194 2492
4195 2492
4196 2492
4197 2492
4198 2492
4199 2492
4200 2492
4201 2492
4202 2492
4203 2492
4204 2492
4205 2492
4206 2492
4207 2492
4208 2492
4209 2492
4210 2492
4211 2492
4212 2492
4213 2492
4214 2492
4215 2492
4216 2492
4217 2492
4218 2492
4219 2492
4220 2492
4221 2492
4222 2492
4223 2492
4224 2492
4225 2492
4226 2492
4227 2492
4228 2492
4229 2492
4230 2491
4231 2492
4232 2492
4233 2492
4234 2492
4235 2492
4236 2491
4237 2491
4238 2492
4239 2492
4240 2491
4241 2492
4242 2492
4243 2492
4244 2492
4245 2491
4246 2491
4247 2491
4248 2491
4249 2491
4250 2491
4251 2491
4252 2491
4253 2491
4254 2491
4255 2490
4256 2490
4257 2490
4258 2491
4259 2490
4260 2492
4261 2491
4262 2495
4263 2490
4264 2490
4265 2490
4266 2490
4267 2490
4268 2490
4269 2490
4270 2490
4271 2490
4272 2490
4273 2490
4274 2490
4275 2490
4276 2490
4277 2489
4278 2490
4279 2494
4280 2495
4281 2490
4282 2490
4283 2490
4284 2491
4285 2492
4286 2495
4287 2490
4288 2495
4289 2490
4290 2491
4291 2491
4292 2490
4293 2494
4294 2491
4295 2491
4296 2490
4297 2490
4298 2490
4299 2489
4300 2489
4301 2489
4302 2489
4303 2489
4304 2490
4305 2490
4306 2489
4307 2494
4308 2491
4309 2492
4310 2491
4311 2490
4312 2490
4313 2491
4314 2490
4315 2490
4316 2490
4317 2489
4318 2489
4319 2489
4320 2489
4321 2490
4322 2490
4323 2490
4324 2490
4325 2490
4326 2490
4327 2489
4328 2490
4329 2490
4330 2490
4331 2489
4332 2490
4333 2490
4334 2489
4335 2490
4336 2490
4337 2489
4338 2490
4339 2490
4340 2490
4341 2490
4342 2489
4343 2489
4344 2490
4345 2490
4346 2490
4347 2490
4348 2490
4349 2490
4350 2490
4351 2490
4352 2490
4353 2490
4354 2490
4355 2490
4356 2490
4357 2490
4358 2490
4359 2490
4360 2490
4361 2490
4362 2490
4363 2490
4364 2490
4365 2490
4366 2490
4367 2490
4368 2490
4369 2490
4370 2490
4371 2490
4372 2490
4373 2490
4374 2490
4375 2490
4376 2490
4377 2490
4378 2490
4379 2490
4380 2490
4381 2490
4382 2490
4383 2490
4384 2490
4385 2490
4386 2490
4387 2490
4388 2490
4389 2490
4390 2490
4391 2490
4392 2490
4393 2489
4394 2491
4395 2491
4396 2490
4397 2490
4398 2489
4399 2490
4400 2490
4401 2491
4402 2490
4403 2490
4404 2490
4405 2490
4406 2490
4407 2490
4408 2490
4409 2490
4410 2490

2940 2550
2941 2543
2942 2545
2943 2546
2944 2551
2945 2547
2946 2550
2947 2550
2948 2555
2949 2550
2950 2550
2951 2550
2952 2547
2953 2550
2954 2550
2955 2550
2956 2556
2957 2554
2958 2551
2959 2551
2960 2550
2961 2551
2962 2552
2963 2555
2964 2550
2965 2551
2966 2552
2967 2541
2968 2551
2969 2550
2970 2551
2971 2551
2972 2551
2973 2551
2974 2551
2975 2551
2976 2541
2977 2541
2978 2551
2979 2555
2980 2548
2981 2553
2982 2551
2983 2550
2984 2551
2985 2541
2986 2554
2987 2552
2988 2551
2989 2549
2990 2550
2991 2542
2992 2544
2993 2541
2994 2549
2995 2553
2996 2551
2997 2540
2998 2547
2999 2543
3000 2553
3001 2547
3002 2545
3003 2539
3004 2539
3005 2544
3006 2546
3007 2539
3008 2548
3009 2548
3010 2540
3011 2553
3012 2540
3013 2547
3014 2546
3015 2543
3016 2538
3017 2540
3018 2540
3019 2541
3020 2543
3021 2538
3022 2541
3023 2538
3024 2549
3025 2543
3026 2539
3027 2543
3028 2538
3029 2552
3030 2546
3031 2550
3032 2541
3033 2538
3034 2551
3035 2540
3036 2548
3037 2542
3038 2542
3039 2547
3040 2549
3041 2551
3042 2539
3043 2550
3044 2544
3045 2550
3046 2549
3047 2543
3048 2545
3049 2550
3050 2544
3051 2548
3052 2547
3053 2548
3054 2537
3055 2546
3056 2546
3057 2549
3058 2547
3059 2547
3060 2547
3061 2551
3062 2542
3063 2540
3064 2544
3065 2544
3066 2543
3067 2546
3068 2536
3069 2537
3070 2543
3071 2536
3072 2547
3073 2547
3074 2540
3075 2539
3076 2540
3077 2546
3078 2548
3079 2547
3080 2537
3081 2547
3082 2539
3083 2543
3084 2547
3085 2536
3086 2536
3087 2542
3088 2549
3089 2537
3090 2549
3091 2539
3092 2536
3093 2539
3094 2538
3095 2550
3096 2539
3097 2538
3098 2547
3099 2547
3100 2547
3101 2542
3102 2539
3103 2542
3104 2536
3105 2539
3106 2540
3107 2548
3108 2547
3109 2545
3110 2543
3111 2540
3112 2547
3113 2536
3114 2535
3115 2535
3116 2540
3117 2546
3118 2540
3119 2535
3120 2535
3121 2539
3122 2535
3123 2545
3124 2536
3125 2535
3126 2536
3127 2545
3128 2545
3129 2546
3130 2545
3131 2539
3132 2546
3133 2548
3134 2539
3135 2546
3136 2547
3137 2548
3138 2538
3139 2545
3140 2549
3141 2549
3142 2539
3143 2546
3144 2544
3145 2545
3146 2548
3147 2546
3148 2543
3149 2543
3150 2543
3151 2543
3152 2547
3153 2547
3154 2547
3155 2545
3156 2546
3157 2546
3158 2545
3159 2549
3160 2549
3161 2540
3162 2535
3163 2543
3164 2546
3165 2542
3166 2542
3167 2541
3168 2545
3169 2544
3170 2546
3171 2545
3172 2543
3173 2544
3174 2534
3175 2543
3176 2545
3177 2544
3178 2543
3179 2542
3180 2544
3181 2544
3182 2544
3183 2546
3184 2536
3185 2543
3186 2544
3187 2543
3188 2548
3189 2534
3190 2544
3191 2534
3192 2545
3193 2542
3194 2544
3195 2543
3196 2545
3197 2543
3198 2547
3199 2546
3200 2543
3201 2543
3202 2542
3203 2538
3204 2535
3205 2534
3206 2544
3207 2544
3208 2544
3209 2548
3210 2538
3211 2542
3212 2543
3213 2543
3214 2542
3215 2535
3216 2543
3217 2540
3218 2544
3219 2533
3220 2536
3221 2542
3222 2542
3223 2542
3224 2544
3225 2540
3226 2543
3227 2543
3228 2541
3229 2533
3230 2533
3231 2537
3232 2536
3233 2545
3234 2540
3235 2541
3236 2543
3237 2543
3238 2543
3239 2543
3240 2540
3241 2546
3242 2543
3243 2542
3244 2537
3245 2541
3246 2543
3247 2543
3248 2541
3249 2542
3250 2541
3251 2542
3252 2537
3253 2542
3254 2542
3255 2537
3256 2536
3257 2536
3258 2539
3259 2541
3260 2542
3261 2538
3262 2542
3263 2541
3264 2533
3265 2540
3266 2542
3267 2542
3268 2542
3269 2541
3270 2543
3271 2542
3272 2546
3273 2544
3274 2540
3275 2537
3276 2539
3277 2542
3278 2545
3279 2546
3280 2537
3281 2545
3282 2542
3283 2540
3284 2533
3285 2543
3286 2536
3287 2543
3288 2545
3289 2541
3290 2540
3291 2538
3292 2541
3293 2541
3294 2542
3295 2542
3296 2544
3297 2545
3298 2542
3299 2544
3300 2536
3301 2540
3302 2542
3303 2541
3304 2541
3305 2537
3306 2534
3307 2544
3308 2545
3309 2543
3310 2543
3311 2543
3312 2535
3313 2533
3314 2543
3315 2539
3316 2543
3317 2539
3318 2546
3319 2543
3320 2544
3321 2541
3322 2532
3323 2540
3324 2532
3325 2544
3326 2542
3327 2546
3328 2540
3329 2541
3330 2540
3331 2540
3332 2541
3333 2541
3334 2541
3335 2546
3336 2541
3337 2542
3338 2545
3339 2541
3340 2540
3341 2540
3342 2540
3343 2540
3344 2541
3345 2542
3346 2541
3347 2546
3348 2546
3349 2546
3350 2532
3351 2546
3352 2533
3353 2534
3354 2533
3355 2544
3356 2542
3357 2542
3358 2542
3359 2539
3360 2541
3361 2542
3362 2538
3363 2541
3364 2541
3365 2541
3366 2544
3367 2534
3368 2546
3369 2536
3370 2532
3371 2533
3372 2532
3373 2532
3374 2536
3375 2532
3376 2542
3377 2536
3378 2542
3379 2536
3380 2546
3381 2540
3382 2544
3383 2545
3384 2534
3385 2535
3386 2537
3387 2539
3388 2542
3389 2539
3390 2544
3391 2538
3392 2532
3393 2531
3394 2531
3395 2537
3396 2537
3397 2538
3398 2531
3399 2535
3400 2539
3401 2538
3402 2539
3403 2539
3404 2545
3405 2539
3406 2539
3407 2544
3408 2534
3409 2539
3410 2536
3411 2531
3412 2539
3413 2539
3414 2538
3415 2539
3416 2539
3417 2538
3418 2538
3419 2539
3420 2537
3421 2542
3422 2539
3423 2540
3424 2542
3425 2541
3426 2534
3427 2538
3428 2538
3429 2538
3430 2538
3431 2538
3432 2538
3433 2540
3434 2540
3435 2539
3436 2538
3437 2539
3438 2538
3439 2537
3440 2542
3441 2537
3442 2538
3443 2538
3444 2538
3445 2537
3446 2536
3447 2536
3448 2537
3449 2537
3450 2535
3451 2537
3452 2535
3453 2542
3454 2540
3455 2536
3456 2536
3457 2536
3458 2537
3459 2539
3460 2536
3461 2535
3462 2536
3463 2536
3464 2536
3465 2536
3466 2537
3467 2537
3468 2535
3469 2536
3470 2536
3471 2536
3472 2536
3473 2535
3474 2541
3475 2536
3530 2533
3531 2538
3532 2537
3533 2536
3534 2532
3535 2531
3536 2532
3537 2531
3538 2530
3539 2531
3540 2532
3541 2532
3542 2531
3543 2536
3544 2532
3545 2531
3546 2532
3547 2531
3548 2531
3549 2532
3550 2532
3551 2532
3552 2532
3553 2532
3554 2532
3555 2533
3556 2531
3557 2531
3558 2532
3559 2532
3560 2532
3561 2533
3562 2531
3563 2532
3564 2531
3565 2535
3566 2529
3567 2529
3568 2530
3569 2530
3570 2531
3571 2532
3572 2531
3573 2531
3574 2531
3575 2532
3576 2531
3577 2531
3578 2531
3579 2531
3580 2531
3581 2526
3582 2527
3583 2527
3584 2534
3585 2535
3586 2538
3587 2533
3588 2532
3589 2532
3682 2528
3683 2528
3684 2526
3685 2526
3686 2525
3687 2525
3688 2525
3689 2523
3690 2523
3691 2526
3692 2525
3693 2525
3694 2524
3695 2524
3696 2525
3697 2532
3698 2527
3699 2522
3700 2526
3701 2525
3702 2523
3703 2522
3704 2522
3705 2523
3706 2522
3707 2521
3708 2521
3709 2521
3710 2521
3711 2521
3712 2525
3713 2522
3714 2524
3715 2521
3716 2521
3717 2521
3718 2521
3719 2520
3720 2520
3721 2528
3722 2522
3723 2521
3724 2519
3725 2522
3726 2520
3727 2521
3728 2524
3729 2524
3730 2518
3731 2524
3732 2522
3733 2520
3734 2521
3735 2523
3736 2521
3737 2522
3738 2522
3739 2522
3740 2523
3741 2524
3742 2521
3743 2527
3744 2526
3745 2525
3746 2523
3747 2519
3748 2521
3749 2521
3750 2518
3751 2523
3752 2523
3753 2518
3754 2519
3755 2519
3756 2518
3757 2519
3758 2519
3759 2522
3760 2518
3761 2520
3762 2519
3763 2522
3764 2519
3765 2519
3766 2518
3767 2518
3768 2522
3769 2518
3770 2518
3771 2518
3772 2510
3773 2517
3774 2517
3775 2517
3776 2516
3777 2517
3778 2517
3779 2516
3780 2516
3781 2516
3782 2516
3783 2516
3784 2516
3785 2516
3786 2516
3787 2516
3788 2515
3789 2515
3790 2515
3791 2515
3792 2515
3793 2515
3794 2516
3795 2515
3796 2516
3797 2516
3798 2515
3799 2516
3800 2515
3801 2515
3802 2519
3803 2513
3804 2515
3805 2515
3806 2515
3807 2515
3808 2515
3809 2515
3810 2515
3811 2514
3812 2515
3813 2520
3814 9999
3815 9999
3816 2516
3817 2517
3818 2515
3819 2515
3820 2515
3821 2515
3822 2515
3823 2511
3824 9999
3825 2514
3826 2514
3827 2513
3828 2521
3829 2515
3830 2514
3831 2514
3832 2514
3833 2513
3834 2514
3835 2514
3836 2514
3837 2514
3838 2514
3839 2515
3840 2514
3841 2515
3842 2515
3843 2519
3844 2516
3845 2514
3846 2514
3847 2515
3848 2514
3849 2514
3850 2514
3851 2514
3852 2514
3853 2514
3854 2514
3855 2514
3856 9999
3857 2516
3858 2514
3859 2515
3860 2514
3861 2514
3862 2516
3863 2508
3864 2513
3865 2509
3866 2514
3867 9999
3868 2512
3869 2513
3870 2516
3871 2515
3872 2514
3873 2513
3874 2514
3875 2507
3876 2513
3877 2514
3878 2513
3879 2514
3880 2514
3881 2514
3882 2514
3883 2514
3884 2514
3885 2513
3886 2513
3887 2512
3888 2513
3889 2513
3890 2513
3891 2513
3892 2512
3893 2513
3894 2514
3895 2512
3896 2514
3897 2514
3898 2514
3899 2513
3900 2513
3901 2518
3902 2513
3903 2513
3904 2512
3905 2512
3906 2513
3907 2513
3908 2513
3909 2513
3910 2514
3911 2513
3912 2513
3913 2513
3914 2513
3915 2515
3916 2517
3917 2514
3918 2514
3919 2515
3920 2515
3921 2514
3922 2513
3923 2512
3924 2514
3925 2513
3926 2513
3927 2516
3928 2514
3929 2513
3930 2513
3931 2514
3932 2514
3933 2513
3934 2513
3935 2512
3936 2513
3937 2516
3938 2513
3939 2513
3940 2512
3941 2513
3942 2513
3943 2513
3944 2512
3945 2512
3946 2511
3947 2509
3948 2512
3949 2511
3950 2519
3951 2511
3952 2518
3953 2512
3954 2513
3955 2511
3956 2511
3957 2511
3958 2510
3959 2510
3960 2509
3961 2510
3962 2510
3963 9999
3964 9999
3965 9999
3966 9999
3967 9999
3968 9999
3969 9999
3970 9999
3971 9999
3972 9999
3973 9999
4037 9999
4038 9999
4039 2510
4040 2511
4041 2510
4042 2511
4043 2512
4044 2513
4045 2513
4046 2514
4047 2515
4048 2514
4049 2513
4050 2514

