2993 2507
2994 2508
2995 2508
2996 2508
2997 2508
2998 2508
2999 2508
3000 2508
3001 2508
3002 2508
3003 2508
3004 2507
3005 2509
3006 2508
3007 2507
3008 2508
3009 2507
3010 2507
3011 2507
3012 2507
3013 2506
3014 2508
3015 2508
3016 2508
3017 2508
3018 2508
3019 2508
3020 2508
3021 2508
3022 2508
3023 2507
3024 2508
3025 2508
3026 2508
3027 2508
3028 2508
3029 2508
3030 2508
3031 2508
3032 2508
3033 2508
3034 2508
3035 2508
3036 2508
3037 2508
3038 2508
3039 2510
3040 2510
3041 2510
3042 2509
3043 2508
3044 2509
3045 2509
3046 2508
3047 2508
3048 2508
3049 2508
3050 2508
3051 2508
3052 2508
3053 2508
3054 2508
3055 2508
3056 2508
3057 2508
3058 2508
3059 2508
3060 2508
3061 2508
3062 2508
3063 2508
3064 2508
3065 2508
3066 2508
3067 2508
3068 2508
3069 2508
3070 2508
3071 2508
3072 2508
3073 2508
3074 2508
3075 2508
3076 2508
3077 2508
3078 2508
3079 2508
3080 2508
3081 2509
3082 2508
3083 2509
3084 2509
3085 2509
3086 2509
3087 2509
3088 2508
3089 2508
3090 2509
3091 2509
3092 2508
3093 2509
3094 2508
3095 2508
3096 2508
3097 2509
3098 2509
3099 2509
3100 2508
3101 2508
3102 2508
3103 2508
3104 2508
3105 2508
3106 2508
3107 2508
3108 2508
3109 2508
3110 2508
3111 2508
3112 2508
3113 2508
3114 2508
3115 2508
3116 2508
3117 2508
3118 2508
3119 2508
3120 2508
3121 2508
3122 2508
3123 2507
3124 2507
3125 2508
3126 2507
3127 2507
3128 2507
3129 2507
3130 2507
3131 2507
3132 2507
3133 2507
3134 2507
3135 2507
3136 2507
3137 2507
3138 2507
3139 2507
3140 2507
3141 2507
3142 2507
3143 2507
3144 2507
3145 2507
3146 2507
3147 2507
3148 2507
3149 2507
3150 2507
3151 2507
3152 2507
3153 2507
3154 2506
3155 2506
3156 2506
3157 2506
3158 2506
3159 2506
3160 2506
3161 2506
3162 2506
3163 2506
3164 2506
3165 2506
3166 2505
3167 2506
3168 2505
3169 2505
3170 2505
3171 2505
3172 2505
3173 2505
3174 2505
3175 2505
3176 2505
3177 2505
3178 2505
3179 2505
3180 2505
3181 2505
3182 2505
3183 2505
3184 2505
3185 2506
3186 2505
3187 2505
3188 2505
3189 2505
3190 2505
3191 2505
3192 2505
3193 2505
3194 2505
3195 2505
3196 2505
3197 2505
3198 2505
3199 2505
3200 2505
3201 2505
3202 2505
3203 2505
3204 2505
3205 2505
3206 2505
3207 2505
3208 2505
3209 2505
3210 2505
3211 2505
3212 2505
3213 2505
3214 2505
3215 2505
3216 2505
3217 2505
3218 2505
3219 2505
3220 2505
3221 2505
3222 2505
3223 2505
3224 2505
3225 2505
3226 2505
3227 2505
3228 2505
3229 2505
3230 2505
3231 2505
3232 2505
3233 2505
3234 2505
3235 2505
3236 2505
3237 2506
3238 2505
3239 2505
3240 2505
3241 2505
3242 2506
3243 2505
3244 2505
3245 2505
3246 2506
3247 2506
3248 2505
3249 2506
3250 2506
3251 2506
3252 2506
3253 2505
3254 2506
3255 2506
3256 2506
3257 2506
3258 2506
3259 2506
3260 2506
3261 2506
3262 2506
3263 2506
3264 2506
3265 2506
3266 2506
3267 2506
3268 2506
3269 2507
3270 2506
3271 2507
3272 2506
3273 2506
3274 2509
3275 2507
3276 2507
3277 2506
3278 2506
3279 2507
3280 2507
3281 2507
3282 2507
3283 2507
3284 2507
3285 2507
3286 2507
3287 2506
3288 2507
3289 2507
3290 2506
3291 2506
3292 2506
3293 2506
3294 2506
3295 2507
3296 2507
3297 2506
3298 2506
3299 2506
3300 2506
3301 2508
3302 2510
3303 2505
3304 2508
3305 2508
3306 2507
3307 2506
3308 2507
3309 2507
3310 2507
3311 2507
3312 2507
3313 2507
3314 2506
3315 2506
3316 2509
3317 2507
3318 2507
3319 2507
3320 2507
3321 2507
3322 2507
3323 2507
3324 2507
3325 2507
3326 2507
3327 2507
3328 2507
3329 2506
3330 2507
3331 2507
3332 2507
3333 2507
3334 2507
3335 2506
3336 2506
3337 2507
3338 2506
3339 2505
3340 2505
3341 2506
3342 2506
3343 2505
3344 2505
3345 2505
3346 2505
3347 2505
3348 2505
3349 2504
3350 2504
3351 2504
3352 2504
3353 2504
3354 2504
3355 2504
3356 2504
3357 2504
3358 2504
3359 2504
3360 2505
3361 2505
3362 2505
3363 2505
3364 2505
3365 2504
3366 2504
3367 2504
3368 2504
3369 2505
3370 2504
3371 2504
3372 2504
3373 2504
3374 2504
3375 2505
3376 2504
3377 2504
3378 2504
3379 2504
3380 2504
3381 2504
3382 2504
3383 2504
3384 2505
3385 2506
3386 2506
3387 2499
3388 2505
3389 2501
3390 2502
3391 2497
3392 2497
3393 2500
3394 2500
3395 2500
3396 2500
3397 2501
3398 2503
3399 2501
3400 2501
3401 2501
3402 2503
3403 2505
3404 2505
3405 2501
3406 2501
3407 2501
3408 2501
3409 2501
3410 2501
3411 2501
3412 2501
3413 2501
3414 2500
3415 2501
3416 2501
3417 2501
3418 2501
3419 2501
3420 2501
3421 2501
3422 2501
3423 2501
3424 2501
3425 2501
3426 2501
3427 2501
3428 2500
3429 2501
3430 2501
3431 2501
3432 2501
3433 2501
3434 2501
3435 2501
3436 2501
3437 2501
3438 2501
3439 2501
3440 2500
3441 2500
3442 2500
3443 2501
3444 2501
3445 2501
3446 2501
3447 2501
3448 2501
3449 2500
3450 2501
3451 2500
3452 2501
3453 2501
3454 2501
3455 2500
3456 2501
3457 2501
3458 2501
3459 2501
3460 2501
3461 2501
3462 2501
3463 2501
3464 2501
3465 2501
3466 2501
3467 2501
3468 2501
3469 2501
3470 2501
3471 2501
3472 2501
3473 2501
3474 2501
3475 2501
3476 2501
3477 2501
3478 2501
3479 2501
3480 2501
3481 2501
3482 2502
3483 2501
3484 2501
3485 2501
3486 2501
3487 2501
3488 2501
3489 2501
3490 2501
3491 2501
3492 2501
3493 2501
3494 2501
3495 2501
3496 2501
3497 2501
3498 2501
3499 2501
3500 2501
3501 2501
3502 2501
3503 2501
3504 2501
3505 2501
3506 2501
3507 2501
3508 2501
3509 2501
3510 2502
3511 2501
3512 2501
3513 2501
3514 2501
3515 2501
3516 2501
3517 2501
3518 2501
3519 2501
3520 2501
3521 2501
3522 2501
3523 2501
3524 2500
3525 2501
3526 2501
3527 2501
3528 2501
3529 2500
3530 2502
3531 2500
3532 2500
3533 2501
3534 2501
3535 2501
3536 2501
3537 2501
3538 2500
3539 2500
3540 2500
3541 2500
3542 2500
3543 2500
3544 2500
3545 2501
3546 2501
3547 2501
3548 2501
3549 2500
3550 2501
3551 2501
3552 2500
3553 2500
3554 2501
3555 2501
3556 2501
3557 2500
3558 2500
3559 2500
3560 2500
3561 2500
3562 2500
3563 2500
3564 2501
3565 2500
3566 2500
3567 2500
3568 2500
3569 2500
3570 2500
3571 2500
3572 2500
3573 2501
3574 2500
3575 2500
3576 2500
3577 2500
3578 2500
3579 2500
3580 2500
3581 2500
3582 2500
3583 2500
3584 2500
3585 2500
3586 2500
3587 2500
3588 2500
3589 2500
3590 2500
3591 2500
3592 2500
3593 2500
3594 2500
3595 2500
3596 2500
3597 2500
3598 2500
3599 2500
3600 2500
3601 2500
3602 2500
3603 2500
3604 2500
3605 2500
3606 2499
3607 2500
3608 2503
3609 2499
3610 2500
3611 2500
3612 2500
3613 2500
3614 2500
3615 2499
3616 2500
3617 2500
3618 2500
3619 2500
3620 2500
3621 2500
3622 2500
3623 2500
3624 2500
3625 2500
3626 2500
3627 2500
3628 2500
3629 2500
3630 2500
3631 2500
3632 2499
3633 2500
3634 2499
3635 2499
3636 2500
3637 2500
3638 2499
3639 2499
3640 2500
3641 2500
3642 2500
3643 2499
3644 2499
3645 2500
3646 2500
3647 2499
3648 2500
3649 2499
3650 2499
3651 2499
3652 2500
3653 2500
3654 2499
3655 2499
3656 2499
3657 2499
3658 2499
3659 2499
3660 2499
3661 2499
3662 2499
3663 2499
3664 2499
3665 2499
3666 2499
3667 2499
3668 2499
3669 2499
3670 2499
3671 2499
3672 2499
3673 2499
3674 2499
3675 2498
3676 2498
3677 2499
3678 2499
3679 2498
3680 2498
3681 2499
3682 2498
3683 2498
3684 2498
3685 2498
3686 2498
3687 2498
3688 2498
3689 2498
3690 2498
3691 2498
3692 2498
3693 2498
3694 2498
3695 2498
3696 2498
3697 2498
3698 2498
3699 2498
3700 2498
3701 2498
3702 2498
3703 2498
3704 2498
3705 2498
3706 2498
3707 2498
3708 2498
3709 2498
3710 2498
3711 2498
3712 2498
3713 2498
3714 2498
3715 2498
3716 2498
3717 2498
3718 2498
3719 2497
3720 2498
3721 2497
3722 2498
3723 2497
3724 2498
3725 2498
3726 2498
3727 2498
3728 2498
3729 2498
3730 2498
3731 2498
3732 2499
3733 2498
3734 2498
3735 2498
3736 2497
3737 2502
3738 2500
3739 2497
3740 2498
3741 2497
3742 2498
3743 2498
3744 2497
3745 2498
3746 2498
3747 2498
3748 2498
3749 2498
3750 2498
3751 2497
3752 2498
3753 2497
3754 2497
3755 2498
3756 2498
3757 2497
3758 2498
3759 2498
3760 2497
3761 2497
3762 2497
3763 2498
3764 2497
3765 2497
3766 2498
3767 2497
3768 2497
3769 2498
3770 2497
3771 2497
3772 2497
3773 2497
3774 2497
3775 2497
3776 2497
3777 2497
3778 2497
3779 2497
3780 2497
3781 2497
3782 2497
3783 2497
3784 2498
3785 2498
3786 2498
3787 2497
3788 2497
3789 2497
3790 2497
3791 2497
3792 2497
3793 2497
3794 2497
3795 2497
3796 2497
3797 2498
3798 2497
3799 2497
3800 2497
3801 2497
3802 2497
3803 2497
3804 2497
3805 2497
3806 2497
3807 2497
3808 2496
3809 2496
3810 2497
3811 2497
3812 2497
3813 2496
3814 2496
3815 2496
3816 2496
3817 2496
3818 2496
3819 2497
3820 2496
3821 2497
3822 2497
3823 2496
3824 2496
3825 2496
3826 2496
3827 2496
3828 2496
3829 2496
3830 2496
3831 2497
3832 2496
3833 2496
3834 2496
3835 2496
3836 2496
3837 2496
3838 2496
3839 2496
3840 2496
3841 2496
3842 2496
3843 2496
3844 2496
3845 2496
3846 2496
3847 2496
3848 2496
3849 2496
3850 2496
3851 2496
3852 2496
3853 2496
3854 2496
3855 2497
3856 2500
3857 2496
3858 2499
3859 2500
3860 2499
3861 2496
3862 2496
3863 2496
3864 2496
3865 2496
3866 2496
3867 2497
3868 2496
3869 2496
3870 2496
3871 2496
3872 2496
3873 2496
3874 2496
3875 2496
3876 2496
3877 2496
3878 2496
3879 2496
3880 2496
3881 2496
3882 2499
3883 2495
3884 2496
3885 2496
3886 2495
3887 2495
3888 2495
3889 2495
3890 2495
3891 2495
3892 2496
3893 2496
3894 2495
3895 2495
3896 2495
3897 2496
3898 2496
3899 2495
3900 2495
3901 2496
3902 2496
3903 2496
3904 2496
3905 2495
3906 2496
3907 2496
3908 2495
3909 2495
3910 2495
3911 2495
3912 2495
3913 2495
3914 2496
3915 2495
3916 2495
3917 2495
3918 2495
3919 2495
3920 2495
3921 2495
3922 2495
3923 2495
3924 2495
3925 2495
3926 2495
3927 2495
3928 2495
3929 2495
3930 2495
3931 2495
3932 2495
3933 2495
3934 2495
3935 2495
3936 2495
3937 2495
3938 2495
3939 2495
3940 2494
3941 2495
3942 2494
3943 2494
3944 2494
3945 2494
3946 2494
3947 2494
3948 2494
3949 2494
3950 2494
3951 2495
3952 2494
3953 2494
3954 2494
3955 2494
3956 2494
3957 2494
3958 2494
3959 2494
3960 2494
3961 2494
3962 2494
3963 2494
3964 2494
3965 2494
3966 2494
3967 2494
3968 2494
3969 2494
3970 2494
3971 2494
3972 2494
3973 2494
3974 2494
3975 2494
3976 2494
3977 2494
3978 2494
3979 2494
3980 2494
3981 2494
3982 2494
3983 2494
3984 2494
3985 2494
3986 2494
3987 2494
3988 2494
3989 2493
3990 2494
3991 2494
3992 2494
3993 2494
3994 2493
3995 2493
3996 2494
3997 2494
3998 2494
3999 2493
4000 2494
4001 2494
4002 2493
4003 2494
4004 2493
4005 2494
4006 2494
4007 2493
4008 2494
4009 2493
4010 2494
4011 2494
4012 2493
4013 2493
4014 2493
4015 2493
4016 2493
4017 2494
4018 2493
4019 2493
4020 2493
4021 2493
4022 2493
4023 2493
4024 2493
4025 2494
4026 2493
4027 2493
4028 2493
4029 2493
4030 2494
4031 2494
4032 2494
4033 2494
4034 2494
4035 2493
4036 2493
4037 2494
4038 2493
4039 2493
4040 2493
4041 2494
4042 2493
4043 2493
4044 2493
4045 2493
4046 2493
4047 2493
4048 2493
4049 2493
4050 2493
4051 2493
4052 2494
4053 2494
4054 2493
4055 2494
4056 2493
4057 2493
4058 2493
4059 2493
4060 2493
4061 2494
4062 2494
4063 2493
4064 2493
4065 2494
4066 2493
4067 2494
4068 2494
4069 2494
4070 2493
4071 2494
4072 2494
4073 2493
4074 2493
4075 2493
4076 2493
4077 2494
4078 2493
4079 2494
4080 2494
4081 2494
4082 2494
4083 2494
4084 2494
4085 2494
4086 2494
4087 2495
4088 2494
4089 2495
4090 2494
4091 2494
4092 2494
4093 2494
4094 2494
4095 2494
4096 2494
4097 2494
4098 2494
4099 2494
4100 2494
4101 2494
4102 2494
4103 2494
4104 2494
4105 2494
4106 2494
4107 2494
4108 2494
4109 2494
4110 2494
4111 2494
4112 2494
4113 2494
4114 2494
4115 2495
4116 2495
4117 2494
4118 2494
4119 2494
4120 2494
4121 2495
4122 2494
4123 2495
4124 2495
4125 2495
4126 2494
4127 2494
4128 2494
4129 2494
4130 2494
4131 2495
4132 2494
4133 2495
4134 2495
4135 2494
4136 2494
4137 2495
4138 2494
4139 2494
4140 2494
4141 2495
4142 2495
4143 2495
4144 2495
4145 2495
4146 2496
4147 2496
4148 2496
4149 2498
4150 2495
4151 2496
4152 2496
4153 2495
4154 2495
4155 2494
4156 2495
4157 2495
4158 2495
4159 2495
4160 2496
4161 2496
4162 2496
4163 2496
4164 2496
4165 2496
4166 2496
4167 2496
4168 2495
4169 2496
4170 2496
4171 2495
4172 2495
4173 2495
4174 2496
4175 2495
4176 2495
4177 2495
4178 2495
4179 2495
4180 2495
4181 2495
4182 2495
4183 2496
4184 2496
4185 2496
4186 2496
4187 2496
4188 2496
4189 2496
4190 2496
4191 2496
4192 2496
4193 2496
4194 2496
4195 2496
4196 2496
4197 2496
4198 2496
4199 2496
4200 2496
4201 2496
4202 2496
4203 2496
4204 2496
4205 2496
4206 2496
4207 2496
4208 2496
4209 2496
4210 2496
4211 2496
4212 2496
4213 2496
4214 2496
4215 2496
4216 2496
4217 2496
4218 2496
4219 2496
4220 2496
4221 2496
4222 2496
4223 2496
4224 2496
4225 2496
4226 2496
4227 2496
4228 2497
4229 2497
4230 2497
4231 2497
4232 2497
4233 2496
4234 2496
4235 2497
4236 2496
4237 2496
4238 2496
4239 2497
4240 2496
4241 2496
4242 2497
4243 2497
4244 2496
4245 2496
4246 2496
4247 2496
4248 2496
4249 2497
4250 2497
4251 2497
4252 2496
4253 2496
4254 2496
4255 2496
4256 2497
4257 2497
4258 2497
4259 2496
4260 2497
4261 2496
4262 2496
4263 2497
4264 2497
4265 2496
4266 2497
4267 2497
4268 2497
4269 2497
4270 2497
4271 2496
4272 2496
4273 2496
4274 2497
4275 2497
4276 2496
4277 2496
4278 2496
4279 2497
4280 2496
4281 2496
4282 2496
4283 2496
4284 2496
4285 2496
4286 2497
4287 2497
4288 2497
4289 2496
4290 2496
4291 2496
4292 2496
4293 2496
4294 2497
4295 2497
4296 2496
4297 2497
4298 2497
4299 2497
4300 2497
4301 2497
4302 2497
4303 2497
4304 2497
4305 2497
4306 2497
4307 2497
4308 2497
4309 2497
4310 2497
4311 2497
4312 2497
4313 2496
4314 2497
4315 2497
4316 2497
4317 2497
4318 2496
4319 2496
4320 2496
4321 2497
4322 2496
4323 2496
4324 2497
4325 2497
4326 2497
4327 2497
4328 2497
4329 2497
4330 2497
4331 2496
4332 2497
4333 2497
4334 2497
4335 2497
4336 2496
4337 2497
4338 2497
4339 2496
4340 2497
4341 2497
4342 2497
4343 2497
4344 2497
4345 2497
4346 2496
4347 2497
4348 2497
4349 2497
4350 2497
4351 2497
4352 2496
4353 2496
4354 2497
4355 2497
4356 2496
4357 2497
4358 2496
4359 2497
4360 2497
4361 2497
4362 2497
4363 2497
4364 2496
4365 2497
4366 2497
4367 2497
4368 2497
4369 2497
4370 2497
4371 2497
4372 2497
4373 2497
4374 2497
4375 2497
4376 2497
4377 2497
4378 2497
4379 2497
4380 2497
4381 2497
4382 2496
4383 2496
4384 2496
4385 2497
4386 2496
4387 2496
4388 2496
4389 2496
4390 2496
4391 2496
4392 2497
4393 2497
4394 2497
4395 2497
4396 2497
4397 2497
4398 2497
4399 2497
4400 2497
4401 2497
4402 2496
4403 2496
4404 2497
4405 2496
4406 2504
4407 2496
4408 2496
4409 2496
4410 2496
4411 2496
4412 2496
4413 2497
4414 2497
4415 2496
4416 2497
4417 2496
4418 2497
4419 2497
4420 2497
4421 2497
4422 2497
4423 2497
4424 2497
4425 2497
4426 2497
4427 2497
4428 2497
4429 2496
4430 2496
4431 2497
4432 2497
4433 2496
4434 2496
4435 2496
4436 2496
4437 2497
4438 2497
4439 2496
4440 2497
4441 2497
4442 2496
4443 2496
4444 2496
4445 2496
4446 2496
4447 2497
4448 2497
4449 2497
4450 2497
4451 2498
4452 2498
4453 2497
4454 2496
4455 2495
4456 2501
4457 2496
4458 2496
4459 2496
4460 2497
4461 2499
4462 2496
4463 2497
4464 2497
4465 2497
4466 2496
4467 2497
4468 2497
4469 2497
4470 2497
4471 2497
4472 2497
4473 2497
4474 2498
4475 2498
4476 2497
4477 2497
4478 2497
4479 2497
4480 2497
4481 2497
4482 2498
4483 2500
4484 2497
4485 2497
4486 2497
4487 2497
4488 2497
4489 2497
4490 2497
4491 2497
4492 2497
4493 2498
4494 2499
4495 2497
4496 2497
4497 2497
4498 2497
4499 2497
4500 2498
4501 2498
4502 2498
4503 2498
4504 2498
4505 2498
4506 2498
4507 2498
4508 2498
4509 2498
4510 2497
4511 2498
4512 2498
4513 2497
4514 2498
4515 2497
4516 2498
4517 2498
4518 2497
4519 2498
4520 2498
4521 2498
4522 2498
4523 2498
4524 2497
4525 2497
4526 2498
4527 2497
4528 2498
4529 2498
4530 2498
4531 2497
4532 2497
4533 2498
4534 2497
4535 2497
4536 2498
4537 2498
4538 2498
4539 2498
4540 2498
4541 2498
4542 2497
4543 2497
4544 2497
4545 2497
4546 2497
4547 2497
4548 2497
4549 2497
4550 2497
4551 2497
4552 2497
4553 2497
4554 2497
4555 2497
4556 2497
4557 2498
4558 2497
4559 2497
4560 2497
4561 2498
4562 2498
4563 2497
4564 2497
4565 2497
4566 2497
4567 2497
4568 2497
4569 2497
4570 2498
4571 2498
4572 2498
4573 2497
4574 2497
4575 2497
4576 2497
4577 2497
4578 2497
4579 2497
4580 2497
4581 2497
4582 2497
4583 2497
4584 2497
4585 2497
4586 2497
4587 2497
4588 2497
4589 2497
4590 2497
4591 2497
4592 2497
4593 2497
4594 2497
4595 2497
4596 2497
4597 2498
4598 2498
4599 2498
4600 2498
4601 2498
4602 2498
4603 2498
4604 2497
4605 2497
4606 2497
4607 2498
4608 2497
4609 2497
4610 2497
4611 2497
4612 2497
4613 2497
4614 2496
4615 2496
4616 2496
4617 2496
4618 2496
4619 2496
4620 2496
4621 2495
4622 2496
4623 2495
4624 2495
4625 2495
4626 2496
4627 2496
4628 2495
4629 2495
4630 2495
4631 2494
4632 2494
4633 2494
4634 2493
4635 2493
4636 2492
4637 2493
4638 2494
4639 2496
4640 2495
4641 2495
4642 2494
4643 2496
4644 2494
4645 2497
4646 2495
4647 2493
4648 2493
4649 2499
4650 2493
4651 2493
4652 2493
4653 2493
4654 2493
4655 2493
4656 2493
4657 2494
4658 2493
4659 2494
4660 2493
4661 2493
4662 2493
4663 2493
4664 2494
4665 2494
4666 2494
4667 2494
4668 2494
4669 2494
4670 2494
4671 2495
4672 2495
4673 2495
4674 2495
4675 2495
4676 2496
4677 2496
4678 2495
4679 2495
4680 2495
4681 2495
4682 2496
4683 2496
4684 2495
4685 2499
4686 2495
4687 2495
4688 2495
4689 2495
4690 2496
4691 2495
4692 2495
4693 2495
4694 2495
4695 2495
4696 2495
4697 2495
4698 2495
4699 2495
4700 2494
4701 2495
4702 2495
4703 2495
4704 2495
4705 2495
4706 2495
4707 2495
4708 2495
4709 2494
4710 2494
4711 2493
4712 2493
4713 2494
4714 2494
4715 2493
4716 2493
4717 2496
4718 2494
4719 2497
4720 2493
4721 2493
4722 2493
4723 2493
4724 2494
4725 2494
4726 2494
4727 2494
4728 2493
4729 2496
4730 2495
4731 2495
4732 2494
4733 2494
4734 2494
4735 2494
4736 2494
4737 2493
4738 2493
4739 2497
4740 2494
4741 2494
4742 2494
4743 2494
4744 2494
4745 2494
4746 2494
4747 2494
4748 2495
4749 2494
4750 2494
4751 2494
4752 2494
4753 2494
4754 2495
4755 2493
4756 2493
4757 2498
4758 2493
4759 2493
4760 2493
4761 2494
4762 2494
4763 2494
4764 2493
4765 2493
4766 2493
4767 2494
4768 2493
4769 2493
4770 2493
4771 2493
4772 2492
4773 2492
4774 2493
4775 2492
4776 2492
4777 2492
4778 2492
4779 2492
4780 2492
4781 2492
4782 2492
4783 2491
4784 2491
4785 2492
4786 2492
4787 2492
4788 2491
4789 2494
4790 2495
4791 2491
4792 2492
4793 2492
4794 2490
4795 2491
4796 2491
4797 2491
4798 2490
4799 2490
4800 2490
4801 2489
4802 2489
4803 2489
4804 2489
4805 2489
4806 2490
4807 2491
4808 2490
4809 2491
4810 2491
4811 2491
4812 2490
4813 2490
4814 2490
4815 2491
4816 2490
4817 2489
4818 2489
4819 2489
4820 2489
4821 2489
4822 2489
4823 2489
4824 2489
4825 2489
4826 2489
4827 2489
4828 2488
4829 2489
4830 2489
4831 2489
4832 2489
4833 2489
4834 2489
4835 2489
4836 2488
4837 2488
4838 2488
4839 2488
4840 2488
4841 2488
4842 2488
4843 2488
4844 2489
4845 2489
4846 2488
4847 2488
4848 2488
4849 2488
4850 2488
4851 2488
4852 2488
4853 2488
4854 2487
4855 2488
4856 2488
4857 2488
4858 2488
4859 2487
4860 2487
4861 2487
4862 2487
4863 2487
4864 2487
4865 2487
4866 2487
4867 2487
4868 2487
4869 2487
4870 2487
4871 2487
4872 2487
4873 2487
4874 2488
4875 2488
4876 2487
4877 2487
4878 2486
4879 2486
4880 2486
4881 2486
4882 2487
4883 2486
4884 2487
4885 2487
4886 2486
4887 2486
4888 2487
4889 2487
4890 2487
4891 2486
4892 2486
4893 2486
4894 2486
4895 2486
4896 2485
4897 2486
4898 2485
4899 2485
4900 2485
4901 2485
4902 2485
4903 2485
4904 2485
4905 2485
4906 2485
4907 2485
4908 2485
4909 2484
4910 2484
4911 2485
4912 2485
4913 2484
4914 2485
4915 2484
4916 2484
4917 2484
4918 2484
4919 2484
4920 2484
4921 2484
4922 2484
4923 2483
4924 2483
4925 2484
4926 2482
4927 2482
4928 2482
4929 2482
4930 2482
4931 2482
4932 2482
4933 2482
4934 2482
4935 2482
4936 2482

3446 2529
3447 2527
3448 2528
3449 2528
3450 2530
3451 2520
3452 2529
3453 2521
3454 2531
3455 2529
3456 2530
3457 2530
3458 2527
3459 2528
3460 2529
3461 2528
3462 2529
3463 2529
3464 2529
3465 2531
3466 2530
3467 2525
3468 2533
3469 2533
3470 2528
3471 2528
3472 2533
3473 2530
3474 2529
3475 2528
3476 2528
3477 2528
3478 2528
3479 2528
3480 2528
3481 2528
3482 2529
3483 2528
3484 2530
3485 2530
3486 2531
3487 2528
3488 2528
3489 2528
3490 2528
3491 2529
3492 2529
3493 2529
3494 2529
3495 2528
3496 2528
4182 2527
4183 2522
4184 2522
4185 2522
4186 2523
4187 2514
4188 2519
4189 2523
4190 2519
4191 2519
4192 2518
4193 2518
4194 2518
4195 2518
4196 2517
4197 2518
4198 2518
4199 2525
4200 2513
4201 2518
4202 2523
4203 2517
4204 2516
4205 2517
4206 2518
4207 2518
4208 2518
4209 2517
4210 2517
4211 2516
4212 2516
4213 2515
4214 2513
4215 2516
4216 2513
4217 2515
4218 2515
4219 2515
4220 2517
4221 2517
4222 2511
4223 2511
4224 2516
4225 2517
4226 2518
4227 2517
4228 2511
4229 2513
4230 2511
4231 2517
4232 2516
4233 2516
4234 2516
4235 2516
4236 2517
4237 2515
4238 2512
4239 2513
4240 2511
4241 2516
4242 2511
4243 2524
4244 2520
4245 2524
4246 2523
4247 2517
4248 2515
4249 2516
4250 2517
4251 2516
4252 2515
4253 2516
4254 2512
4255 2516
4256 2517
4257 2517
4258 2517
4259 2517
4260 2517
4261 2517
4262 2517
4263 2518
4264 2510
4265 2518
4266 2517
4267 2516
4268 2517
4269 2518
4270 2517
4271 2515
4272 2517
4273 2517
4274 2517
4275 2518
4276 2517
4277 2517
4278 2517
4279 2518
4280 2511
4281 2523
4282 2511
4283 2520
4284 2516
4285 2516
4286 2518
4287 2517
4288 2516
4289 2517
4290 2517
4291 2517
4292 2517
4293 2516
4294 2510
4295 2516
4296 2516
4297 2521
4298 2524
4299 2517
4300 2510
4301 2519
4302 2510
4303 2520
4304 2520
4305 2520
4306 2519
4307 2519
4308 2516
4309 2520
4310 2520
4311 2520
4312 2520
4313 2517
4314 2517
4315 2517
4316 2521
4317 2518
4318 2519
4319 2518
4320 2518
4321 2511
4322 2514
4323 2521
4324 2518
4325 2518
4326 2521
4327 2523
4328 2518
4329 2519
4330 2519
4331 2518
4332 2518
4333 2512
4334 2513
4335 2523
4336 2522
4337 2512
4338 2516
4339 2521
4340 2512
4341 2523
4342 2512
4343 2515
4344 2523
4345 2527
4346 2520
4347 2527
4348 2513
4349 2514
4350 2514
4351 2524
4352 2524
4353 2513
4354 2521
4355 2522
4356 2513
4357 2520
4358 2520
4359 2520
4360 2519
4361 2513
4362 2518
4363 2519
4364 2519
4365 2520
4366 2518
4367 2519
4368 2523
4369 2522
4370 2518
4371 2518
4372 2518
4373 2515
4374 2515
4375 2517
4376 2516
4377 2515
4378 2518
4379 2525
4380 2526
4381 2516
4382 2518
4383 2515
4384 2515
4385 2515
4386 2519
4387 2519
4388 2518
4389 2528
4390 2524
4391 2524
4392 2520
4393 2522
4394 2522
4395 2522
4396 2524
4397 2523
4398 2522
4399 2522
4400 2524
4401 2522
4402 2522
4403 2522
4404 2522
4405 2522
4406 2522
4407 2522
4408 2522
4409 2522
4410 2524
4411 2523
4412 2522
4413 2522
4414 2528
4415 2529
4416 2522
4417 2523
4418 2520
4419 2514
4420 2516
4421 2516
4422 2516
4423 2519
4424 2513
4425 2519
4426 2518
4427 2517
4428 2516
4429 2516
4430 2518
4431 2519
4432 2518
4433 2518
4434 2517
4435 2518
4436 2517
4437 2517
4438 2516
4439 2515
4440 2510
4441 2516
4442 2515
4443 2516
4444 2509
4445 2517
4446 2517
4447 2515
4448 9999
4449 9999
4450 2517
4451 2516
4452 2510
4453 2514
4454 2513
4455 2509
4456 2515
4457 2518
4458 2508
4459 2514
4460 2513
4461 2514
4462 2515
4463 9999
4464 2515
4465 2515
4466 2516
4467 2517
4468 2515
4469 2516
4470 9999
4471 9999
4472 9999
4473 9999
4474 9999
4475 2515
4476 2511
4477 2512
4478 2512
4479 9999
4480 9999
4481 9999
4482 9999
4483 9999
4484 9999
4485 2512
4486 2511
4487 9999
4488 2510
4489 2511
4490 2510
4491 9999
4492 2510
4493 9999
4494 9999
4495 2511
4496 9999
4497 9999
4498 9999
4499 9999
4500 2513
4501 2512
4502 9999
4503 2511
4504 2512
4505 9999
4506 9999
4507 9999
4508 2512
4509 2512
4510 9999
4511 2511
4512 2512
4513 2510
4514 2510
4515 9999
4516 9999
4517 2511
4518 2511
4519 2511
4520 9999
4521 9999
4522 9999
4523 9999
4524 9999
4525 9999
4526 2510
4527 2510
4528 2510
4529 2510
4530 9999
4531 2510
4532 9999
4533 9999
4534 9999
4535 9999
4536 9999
4537 9999
4538 9999
4539 9999
4540 9999
4541 9999
4542 9999
4543 9999
4544 9999
4545 9999
4546 9999
4547 2509
4548 9999
4549 9999
4550 9999
4551 9999
4552 9999
4553 9999
4554 9999
4555 9999
4556 9999
4557 9999
4558 9999
4559 9999
4560 9999
4561 9999
4562 9999
4563 9999
4564 9999
4565 9999
4566 9999

