2749 2513
2750 2514
2751 2515
2752 2514
2753 2515
2754 2520
2755 2518
2756 2517
2757 2517
2758 2520
2759 2519
2760 2519
2761 2519
2762 2520
2763 2518
2764 2519
2765 2524
2766 2517
2767 2517
2768 2517
2769 2517
2770 2517
2771 2516
2772 2516
2773 2518
2774 2525
2775 2515
2776 2516
2777 2520
2778 2514
2779 2515
2780 2520
2781 2518
2782 2517
2783 2516
2784 2516
2785 2516
2786 2516
2787 2516
2788 2516
2789 2516
2790 2517
2791 2515
2792 2523
2793 2515
2794 2514
2795 2522
2796 2516
2797 2517
2798 2525
2799 2515
2800 2515
2801 2518
2802 2516
2803 2516
2804 2516
2805 2514
2806 2519
2807 2516
2808 2516
2809 2516
2810 2515
2811 2521
2812 2515
2813 2515
2814 2515
2815 2514
2816 2516
2817 2516
2818 2516
2819 2516
2820 2516
2821 2517
2822 2516
2823 2516
2824 2516
2825 2516
2826 2515
2827 2515
2828 2515
2829 2515
2830 2514
2831 2515
2832 2517
2833 2518
2834 2513
2835 2514
2836 2513
2837 2513
2838 2513
2839 2513
2840 2516
2841 2519
2842 2518
2843 2513
2844 2514
2845 2513
2846 2516
2847 2514
2848 2519
2849 2515
2850 2514
2851 2514
2852 2514
2853 2517
2854 2516
2855 2518
2856 2516
2857 2514
2858 2513
2859 2514
2860 2514
2861 2514
2862 2518
2863 2514
2864 2514
2865 2514
2866 2513
2867 2513
2868 2516
2869 2514
2870 2513
2871 2517
2872 2514
2873 2516
2874 2512
2875 2513
2876 2513
2877 2512
2878 2516
2879 2513
2880 2513
2881 2515
2882 2515
2883 2511
2884 2511
2885 2511
2886 2513
2887 2517
2888 2510
2889 2516
2890 2514
2891 2517
2892 2508
2893 2508
2894 2509
2895 2510
2896 2511
2897 2511
2898 2515
2899 2511
2900 2515
2901 2516
2902 2514
2903 2513
2904 2511
2905 2510
2906 2511
2907 2511
2908 2511
2909 2510
2910 2510
2911 2510
2912 2510
2913 2511
2914 2511
2915 2510
2916 2509
2917 2508
2918 2511
2919 2508
2920 2509
2921 2514
2922 2509
2923 2510
2924 2510
2925 2510
2926 2509
2927 2509
2928 2513
2929 2509
2930 2508
2931 2508
2932 2508
2933 2507
2934 2507
2935 2507
2936 2511
2937 2507
2938 2508
2939 2511
2940 2510
2941 2510
2942 2519
2943 2507
2944 2510
2945 2511
2946 2509
2947 2506
2948 2507
2949 2505
2950 2506
2951 2507
2952 2505
2953 2509
2954 2505
2955 2506
2956 2508
2957 2506
2958 2506
2959 2506
2960 2507
2961 2506
2962 2506
2963 2505
2964 2510
2965 2509
2966 2509
2967 2509
2968 2509
2969 2508
2970 2513
2971 2505
2972 2503
2973 2504
2974 2504
2975 2505
2976 2508
2977 2503
2978 2504
2979 2503
2980 2503
2981 2505
2982 2504
2983 2504
2984 2504
2985 2504
2986 2504
2987 2505
2988 2504
2989 2505
2990 2502
2991 2508
2992 2503
2993 2505
2994 2507
2995 2508
2996 2505
2997 2505
2998 2508
2999 2504
3000 2507
3001 2503
3002 2506
3003 2505
3004 2509
3005 2503
3006 2505
3007 2504
3008 2508
3009 2508
3010 2502
3011 2502
3012 2502
3013 2503
3014 2507
3015 2505
3016 2504
3017 2502
3018 2502
3019 2502
3020 2502
3021 2507
3022 2506
3023 2507
3024 2507
3025 2506
3026 2507
3027 2505
3028 2505
3029 2506
3030 2505
3031 2504
3032 2509
3033 2505
3034 2505
3035 2505
3036 2511
3037 2505
3038 2505
3039 2503
3040 2504
3041 2508
3042 2504
3043 2504
3044 2504
3045 2504
3046 2504
3047 2506
3048 2505
3049 2505
3050 2505
3051 2505
3052 2504
3053 2506
3054 2504
3055 2505
3056 2505
3057 2505
3058 2504
3059 2504
3060 2504
3061 2509
3062 2507
3063 2503
3064 2504
3065 2504
3066 2504
3067 2503
3068 2504
3069 2507
3070 2505
3071 2504
3072 2504
3073 2505
3074 2503
3075 2504
3076 2504
3077 2504
3078 2503
3079 2504
3080 2508
3081 2503
3082 2503
3083 2504
3084 2503
3085 2507
3086 2504
3087 2505
3088 2504
3089 2503
3090 2503
3091 2504
3092 2508
3093 2503
3094 2503
3095 2504
3096 2503
3097 2503
3098 2504
3099 2504
3100 2504
3101 2503
3102 2503
3103 2504
3104 2503
3105 2504
3106 2503
3107 2503
3108 2504
3109 2505
3110 2505
3111 2505
3112 2505
3113 2505
3114 2504
3115 2505
3116 2506
3117 2506
3118 2507
3119 2504
3120 2503
3121 2503
3122 2503
3123 2503
3124 2503
3125 2503
3126 2503
3127 2503
3128 2503
3129 2503
3130 2503
3131 2502
3132 2503
3133 2503
3134 2504
3135 2504
3136 2505
3137 2503
3138 2504
3139 2503
3140 2504
3141 2503
3142 2506
3143 2502
3144 2501
3145 2501
3146 2501
3147 2501
3148 2501
3149 2501
3150 2501
3151 2501
3152 2501
3153 2501
3154 2501
3155 2501
3156 2501
3157 2501
3158 2501
3159 2501
3160 2501
3161 2501
3162 2501
3163 2501
3164 2501
3165 2501
3166 2501
3167 2501
3168 2502
3169 2500
3170 2501
3171 2501
3172 2500
3173 2501
3174 2500
3175 2501
3176 2502
3177 2501
3178 2504
3179 2505
3180 2501
3181 2501
3182 2501
3183 2500
3184 2500
3185 2500
3186 2500
3187 2500
3188 2501
3189 2500
3190 2500
3191 2504
3192 2500
3193 2499
3194 2499
3195 2502
3196 2501
3197 2501
3198 2499
3199 2500
3200 2500
3201 2499
3202 2500
3203 2499
3204 2499
3205 2499
3206 2499
3207 2498
3208 2499
3209 2500
3210 2499
3211 2499
3212 2498
3213 2504
3214 2499
3215 2499
3216 2499
3217 2500
3218 2499
3219 2499
3220 2499
3221 2498
3222 2499
3223 2498
3224 2498
3225 2498
3226 2499
3227 2499
3228 2498
3229 2497
3230 2497
3231 2501
3232 2498
3233 2499
3234 2499
3235 2498
3236 2498
3237 2499
3238 2499
3239 2505
3240 2499
3241 2499
3242 2499
3243 2502
3244 2500
3245 2502
3246 2504
3247 2499
3248 2500
3249 2499
3250 2500
3251 2500
3252 2505
3253 2501
3254 2504
3255 2500
3256 2500
3257 2500
3258 2502
3259 2502
3260 2504
3261 2500
3262 2503
3263 2503
3264 2501
3265 2501
3266 2500
3267 2500
3268 2500
3269 2500
3270 2500
3271 2500
3272 2500
3273 2499
3274 2500
3275 2500
3276 2499
3277 2500
3278 2499
3279 2500
3280 2500
3281 2499
3282 2499
3283 2499
3284 2500
3285 2500
3286 2500
3287 2499
3288 2499
3289 2499
3290 2502
3291 2499
3292 2500
3293 2498
3294 2499
3295 2499
3296 2499
3297 2499
3298 2498
3299 2499
3300 2499
3301 2498
3302 2499
3303 2499
3304 2499
3305 2499
3306 2499
3307 2499
3308 2499
3309 2500
3310 2499
3311 2499
3312 2499
3313 2499
3314 2500
3315 2499
3316 2500
3317 2499
3318 2499
3319 2500
3320 2499
3321 2499
3322 2499
3323 2499
3324 2499
3325 2499
3326 2499
3327 2499
3328 2499
3329 2499
3330 2499
3331 2499
3332 2499
3333 2499
3334 2499
3335 2499
3336 2499
3337 2499
3338 2499
3339 2500
3340 2500
3341 2499
3342 2499
3343 2499
3344 2500
3345 2499
3346 2499
3347 2499
3348 2499
3349 2499
3350 2500
3351 2499
3352 2499
3353 2499
3354 2499
3355 2499
3356 2499
3357 2499
3358 2499
3359 2499
3360 2499
3361 2499
3362 2499
3363 2499
3364 2499
3365 2499
3366 2499
3367 2499
3368 2499
3369 2499
3370 2499
3371 2499
3372 2500
3373 2499
3374 2499
3375 2499
3376 2499
3377 2499
3378 2499
3379 2500
3380 2500
3381 2499
3382 2499
3383 2500
3384 2499
3385 2500
3386 2499
3387 2499
3388 2499
3389 2499
3390 2499
3391 2499
3392 2500
3393 2500
3394 2500
3395 2499
3396 2500
3397 2500
3398 2499
3399 2499
3400 2500
3401 2500
3402 2499
3403 2499
3404 2499
3405 2499
3406 2499
3407 2499
3408 2500
3409 2500
3410 2499
3411 2499
3412 2500
3413 2499
3414 2500
3415 2500
3416 2500
3417 2500
3418 2500
3419 2499
3420 2499
3421 2500
3422 2499
3423 2500
3424 2499
3425 2500
3426 2500
3427 2500
3428 2500
3429 2500
3430 2500
3431 2500
3432 2499
3433 2500
3434 2500
3435 2500
3436 2500
3437 2499
3438 2500
3439 2500
3440 2500
3441 2500
3442 2500
3443 2500
3444 2500
3445 2500
3446 2500
3447 2500
3448 2500
3449 2500
3450 2500
3451 2500
3452 2500
3453 2500
3454 2500
3455 2500
3456 2500
3457 2500
3458 2500
3459 2500
3460 2500
3461 2500
3462 2500
3463 2500
3464 2500
3465 2500
3466 2500
3467 2500
3468 2500
3469 2500
3470 2500
3471 2500
3472 2500
3473 2500
3474 2500
3475 2501
3476 2499
3477 2500
3478 2500
3479 2500
3480 2500
3481 2500
3482 2500
3483 2500
3484 2500
3485 2500
3486 2500
3487 2500
3488 2500
3489 2500
3490 2500
3491 2499
3492 2499
3493 2499
3494 2499
3495 2499
3496 2499
3497 2499
3498 2498
3499 2498
3500 2498
3501 2498
3502 2499
3503 2499
3504 2498
3505 2497
3506 2499
3507 2498
3508 2499
3509 2499
3510 2499
3511 2500
3512 2501
3513 2500
3514 2500
3515 2501
3516 2501
3517 2500
3518 2500
3519 2499
3520 2500
3521 2500
3522 2500
3523 2500
3524 2500
3525 2500
3526 2500
3527 2500
3528 2499
3529 2501
3530 2500
3531 2501
3532 2499
3533 2499
3534 2499
3535 2500
3536 2499
3537 2499
3538 2499
3539 2499
3540 2499
3541 2499
3542 2499
3543 2498
3544 2498
3545 2499
3546 2499
3547 2499
3548 2499
3549 2500
3550 2499
3551 2499
3552 2500
3553 2500
3554 2504
3555 2499
3556 2499
3557 2499
3558 2499
3559 2500
3560 2500
3561 2500
3562 2500
3563 2501
3564 2500
3565 2500
3566 2500
3567 2501
3568 2505
3569 2500
3570 2500
3571 2500
3572 2500
3573 2500
3574 2500
3575 2500
3576 2500
3577 2500
3578 2500
3579 2501
3580 2501
3581 2501
3582 2501
3583 2500
3584 2500
3585 2500
3586 2500
3587 2500
3588 2501
3589 2500
3590 2500
3591 2501
3592 2500
3593 2500
3594 2501
3595 2500
3596 2500
3597 2501
3598 2500
3599 2500
3600 2501
3601 2500
3602 2501
3603 2500
3604 2500
3605 2501
3606 2500
3607 2500
3608 2500
3609 2500
3610 2500
3611 2500
3612 2500
3613 2499
3614 2500
3615 2500
3616 2500
3617 2500
3618 2500
3619 2500
3620 2500
3621 2500
3622 2499
3623 2500
3624 2499
3625 2500
3626 2499
3627 2500
3628 2500
3629 2499
3630 2499
3631 2500
3632 2500
3633 2500
3634 2500
3635 2500
3636 2500
3637 2500
3638 2500
3639 2502
3640 2499
3641 2499
3642 2499
3643 2499
3644 2500
3645 2499
3646 2500
3647 2499
3648 2499
3649 2500
3650 2499
3651 2499
3652 2499
3653 2499
3654 2499
3655 2499
3656 2499
3657 2499
3658 2499
3659 2499
3660 2499
3661 2499
3662 2499
3663 2499
3664 2499
3665 2499
3666 2499
3667 2498
3668 2499
3669 2499
3670 2499
3671 2499
3672 2499
3673 2499
3674 2499
3675 2499
3676 2499
3677 2499
3678 2499
3679 2498
3680 2498
3681 2499
3682 2498
3683 2498
3684 2499
3685 2498
3686 2498
3687 2499
3688 2499
3689 2499
3690 2499
3691 2499
3692 2499
3693 2499
3694 2499
3695 2499
3696 2499
3697 2499
3698 2499
3699 2499
3700 2499
3701 2499
3702 2499
3703 2499
3704 2499
3705 2499
3706 2499
3707 2499
3708 2499
3709 2499
3710 2499
3711 2499
3712 2499
3713 2499
3714 2499
3715 2499
3716 2499
3717 2500
3718 2499
3719 2499
3720 2499
3721 2500
3722 2499
3723 2499
3724 2500
3725 2500
3726 2500
3727 2500
3728 2500
3729 2500
3730 2500
3731 2500
3732 2500
3733 2500
3734 2500
3735 2500
3736 2500
3737 2500
3738 2500
3739 2500
3740 2500
3741 2500
3742 2500
3743 2500
3744 2500
3745 2500
3746 2500
3747 2500
3748 2500
3749 2500
3750 2500
3751 2500
3752 2500
3753 2500
3754 2500
3755 2500
3756 2500
3757 2500
3758 2501
3759 2501
3760 2500
3761 2501
3762 2500
3763 2501
3764 2501
3765 2501
3766 2501
3767 2501
3768 2501
3769 2501
3770 2501
3771 2501
3772 2501
3773 2501
3774 2501
3775 2501
3776 2501
3777 2500
3778 2500
3779 2501
3780 2501
3781 2501
3782 2501
3783 2501
3784 2501
3785 2500
3786 2501
3787 2501
3788 2501
3789 2501
3790 2501
3791 2501
3792 2501
3793 2501
3794 2500
3795 2500
3796 2501
3797 2501
3798 2500
3799 2500
3800 2501
3801 2500
3802 2500
3803 2500
3804 2500
3805 2500
3806 2500
3807 2500
3808 2500
3809 2500
3810 2500
3811 2500
3812 2500
3813 2500
3814 2500
3815 2500
3816 2500
3817 2500
3818 2500
3819 2500
3820 2500
3821 2500
3822 2500
3823 2500
3824 2500
3825 2501
3826 2500
3827 2500
3828 2500
3829 2500
3830 2500
3831 2500
3832 2500
3833 2500
3834 2500
3835 2500
3836 2500
3837 2500
3838 2500
3839 2500
3840 2500
3841 2500
3842 2500
3843 2500
3844 2500
3845 2499
3846 2500
3847 2500
3848 2500
3849 2500
3850 2499
3851 2500
3852 2499
3853 2499
3854 2500
3855 2499
3856 2499
3857 2499
3858 2499
3859 2499
3860 2500
3861 2499
3862 2499
3863 2500
3864 2500
3865 2500
3866 2499
3867 2500
3868 2500
3869 2500
3870 2500

3323 2531
3324 2530
3325 2523
3326 2535
3327 2530
3328 2531
3329 2530
3330 2530
3331 2531
3332 2531
3333 2531
3334 2531
3335 2531
3336 2531
3337 2531
3338 2531
3339 2532
3340 2530
3341 2531
3342 2530
3343 2530
3344 2531
3345 2531
3346 2530
3347 2531
3348 2531
3349 2528
3350 2530
3351 2530
3352 2532
3353 2531
3354 2523
3355 2523
3356 2532
3357 2530
3358 2529
3359 2530
3360 2530
3361 2530
3362 2531
3363 2531
3364 2530
3365 2531
3366 2529
3367 2530
3368 2531
3369 2531
3370 2530
3371 2532
3372 2532
3373 2531
3374 2531
3375 2532
3376 2526
3377 2527
3378 2523
3379 2532
3380 2524
3381 2533
3382 2537
3383 2523
3384 2530
3385 2527
3386 2528
3387 2528
3388 2531
3389 2527
3390 2531
3391 2533
3392 2530
3393 2530
3394 2535
3395 2531
3396 2532
3397 2529
3398 2529
3399 2523
3400 2528
3401 2527
3402 2530
3403 2529
3404 2526
3405 2533
3406 2531
3407 2527
3408 2537
3409 2532
3410 2532
3411 2532
3412 2530
3413 2523
3414 2527
3415 2523
3416 2534
3417 2532
3418 2528
3419 2535
3420 2523
3421 2533
3422 2532
3423 2529
3424 2534
3425 2525
3426 2532
3427 2533
3428 2532
3429 2531
3430 2530
3431 2530
3432 2530
3433 2532
3434 2529
3435 2530
3436 2530
3437 2530
3438 2529
3439 2530
3440 2523
3441 2531
3442 2531
3443 2532
3444 2531
3445 2530
3446 2529
3447 2530
3448 2530
3449 2530
3450 2529
3451 2529
3452 2528
3453 2522
3454 2529
3455 2528
3456 2527
3457 2529
3458 2532
3459 2530
3460 2531
3461 2530
3462 2530
3463 2530
3464 2535
3465 2529
3466 2529
3467 2532
3468 2528
3469 2523
3470 2529
3471 2532
3472 2529
3473 2529
3474 2534
3475 2528
3476 2528
3477 2528
3478 2529
3479 2529
3480 2529
3481 2533
3482 2529
3483 2529
3484 2530
3485 2530
3486 2529
3487 2528
3488 2529
3489 2530
3490 2523
3491 2530
3492 2529
3493 2528
3494 2529
3495 2530
3496 2528
3497 2527
3498 2528
3499 2526
3500 2528
3501 2526
3502 2526
3503 2525
3504 2525
3505 2534
3506 2524
3507 2527
3508 2526
3509 2526
3510 2528
3511 2524
3512 2526
3513 2525
3514 2530
3515 2526
3516 2526
3517 2525
3518 2526
3519 2520
3520 2526
3521 2526
3522 2532
3523 2530
3524 2525
3525 2526
3526 2526
3527 2526
3528 2526
3529 2526
3530 2525
3531 2526
3532 2526
3533 2525
3534 2525
3535 2524
3536 2525
3537 2529
3538 2527
3539 2525
3540 2526
3541 2526
3542 2528
3543 2529
3544 2522
3545 2526
3546 2523
3547 2523
3548 2525
3549 2527
3550 2523
3551 2523
3552 2525
3553 2524
3554 2523
3555 2517
3556 2522
3557 2526
3558 2522
3559 2523
3560 2523
3561 2517
3562 2524
3563 2527
3564 2524
3565 2523
3566 2523
3567 2524
3568 2522
3569 2515
3570 2515
3571 2516
3572 2524
3573 2523
3574 2521
3575 2516
3576 2525
3577 2525
3578 2522
3579 2523
3580 2522
3581 2523
3582 2516
3583 2522
3584 2520
3585 2522
3586 2522
3587 2522
3588 2514
3589 2515
3590 2514
3591 2519
3592 2522
3593 2522
3594 2514
3595 2528
3596 2518
3597 2524
3598 2524
3599 2517
3600 2522
3601 2521
3602 2520
3603 2522
3604 2523
3605 2523
3606 2523
3607 2523
3608 2522
3609 2522
3610 2519
3611 2515
3612 2522
3613 2523
3614 2523
3615 2523
3616 2521
3617 2524
3618 2520
3619 2522
3620 2523
3621 2522
3622 2522
3623 2524
3624 2518
3625 2523
3626 2516
3627 2515
3628 2515
3629 2523
3630 2516
3631 2519
3632 2521
3633 2523
3634 2524
3635 2516
3636 2523
3637 2523
3638 2523
3639 2523
3640 2524
3641 2523
3642 2523
3643 2523
3644 2524
3645 2525
3646 2525
3647 2524
3648 2523
3649 2525
3650 2523
3651 2528
3652 2524
3653 2523
3654 2524
3655 2524
3656 2522
3657 2523
3658 2523
3659 2523
3660 2524
3661 2523
3662 2523
3663 2518
3664 2524
3665 2517
3666 2520
3667 2521
3668 2526
3669 2526
3670 2520
3671 2523
3672 2524
3673 2523
3674 2524
3675 2524
3676 2525
3677 2525
3678 2515
3679 2520
3680 2526
3681 2525
3682 2527
3683 2527
3684 2520
3685 2528
3686 2525
3687 2529
3688 2524
3689 2527
3690 2522
3691 2521
3692 2520
3693 2525
3694 2524
3695 2525
3696 2525
3697 2525
3698 2525
3699 2523
3700 2518
3701 2519
3702 2524
3703 2516
3704 2518
3705 2524
3706 2522
3707 2520
3708 2517
3709 2518
3710 2516
3711 2519
3712 2517
3713 2521
3714 2521
3715 2522
3716 2522
3717 2521
3718 2522
3719 2522
3720 2521
3721 2521
3722 2521
3723 2523
3724 2523
3725 2522
3726 2521
3727 2525
3728 2523
3729 2522
3730 2521
3731 2528
3732 2522
3733 2522
3734 2522
3735 2519
3736 2527
3737 2522
3738 2522
3739 2519
3740 2520
3741 2514
3742 2522
3743 2521
3744 2521
3745 2518
3746 2519
3747 2522
3748 2526
3749 2519
3750 2520
3751 2513
3752 2517
3753 2520
3754 2518
3755 2518
3756 2518
3757 2516
3758 9999
3759 2521
3760 2521
3761 2517
3762 2519
3763 2517
3764 2518
3765 2517
3766 2518
3767 2518
3768 2522
3769 2517
3770 2517
3771 2518
3772 2516
3773 2517
3774 2518
3775 2518
3776 2518
3777 2518
3778 2518
3779 2519
3780 9999
3781 2523
3782 9999
3783 2519
3784 2513
3785 2524
3786 2518
3787 2521
3788 2520
3789 2520
3790 2520
3791 2524
3792 2520
3793 2513
3794 2521
3795 2521
3796 2513
3797 2521
3798 2521
3799 2520
3800 2521
3801 2521
3802 2522
3803 2522
3804 2522
3805 2522
3806 2521
3807 2518
3808 2516
3809 2523
3810 2522
3811 2522
3812 2522
3813 2522
3814 2523
3815 2523
3816 2523
3817 2522
3818 2523
3819 2515
3820 2522
3821 2522
3822 2525
3823 2523
3824 2528
3825 2529
3826 2523
3827 2523
3828 2522
3829 2515
3830 2520
3831 2526
3832 2522
3833 2525
3834 2522
3835 2520
3836 2520
3837 2521
3838 2522
3839 2518
3840 2521
3841 2522
3842 2521
3843 2522
3844 2514
3845 2520
3846 2522
3847 2517
3848 2523
3849 2519
3850 2521
3851 2524
3852 2522
3853 2521
3854 2520
3855 2520
3856 2514
3857 2520
3858 2521
3859 2520
3860 2520
3861 2522
3862 2520
3863 2520
3864 2519
3865 2519
3866 2519
3867 2524
3868 2524
3869 2519
3870 2520
3871 9999

