4727 2514
4728 2515
4729 2517
4730 2513
4731 2513
4732 2512
4733 2513
4734 2520
4735 2520
4736 2513
4737 2514
4738 2513
4739 2513
4740 2514
4741 2513
4742 2514
4743 2515
4744 2514
4745 2515
4746 2518
4747 2518
4748 2519
4749 2521
4750 2515
4751 2519
4752 2520
4753 2521
4754 2516
4755 2513
4756 2512
4757 2512
4758 2515
4759 2516
4760 2514
4761 2512
4762 2515
4763 2513
4764 2514
4765 2515
4766 2515
4767 2515
4768 2514
4769 2518
4770 2517
4771 2518
4772 2520
4773 2513
4774 2513
4775 2513
4776 2515
4777 2515
4778 2516
4779 2523
4780 2513
4781 2513
4782 2519
4783 2514
4784 2513
4785 2513
4786 2513
4787 2513
4788 2514
4789 2513
4790 2520
4791 2521
4792 2512
4793 2513
4794 2513
4795 2514
4796 2514
4797 2513
4798 2516
4799 2513
4800 2512
4801 2513
4802 2513
4803 2512
4804 2519
4805 2513
4806 2520
4807 2513
4808 2514
4809 2515
4810 2515
4811 2515
4812 2511
4813 2512
4814 2513
4815 2513
4816 2514
4817 2515
4818 2514
4819 2512
4820 2513
4821 2513
4822 2513
4823 2513
4824 2512
4825 2512
4826 2512
4827 2512
4828 2512
4829 2513
4830 2512
4831 2516
4832 2515
4833 2511
4834 2517
4835 2513
4836 2511
4837 2511
4838 2512
4839 2512
4840 2512
4841 2513
4842 2512
4843 2517
4844 2511
4845 2511
4846 2512
4847 2515
4848 2508
4849 2516
4850 2509
4851 2509
4852 2510
4853 2510
4854 2509
4855 2509
4856 2509
4857 2509
4858 2510
4859 2509
4860 2509
4861 2509
4862 2509
4863 2514
4864 2512
4865 2512
4866 2513
4867 2512
4868 2512
4869 2510
4870 2511
4871 2512
4872 2512
4873 2512
4874 2511
4875 2516
4876 2512
4877 2512
4878 2514
4879 2511
4880 2511
4881 2515
4882 2510
4883 2510
4884 2513
4885 2511
4886 2518
4887 2512
4888 2511
4889 2512
4890 2510
4891 2510
4892 2509
4893 2509
4894 2509
4895 2508
4896 2513
4897 2508
4898 2510
4899 2511
4900 2510
4901 2510
4902 2509
4903 2509
4904 2512
4905 2516
4906 2512
4907 2509
4908 2509
4909 2508
4910 2509
4911 2509
4912 2513
4913 2510
4914 2509
4915 2510
4916 2516
4917 2510
4918 2509
4919 2508
4920 2509
4921 2510
4922 2509
4923 2507
4924 2508
4925 2507
4926 2507
4927 2508
4928 2508
4929 2508
4930 2514
4931 2508
4932 2509
4933 2508
4934 2508
4935 2513
4936 2509
4937 2507
4938 2508
4939 2509
4940 2509
4941 2508
4942 2508
4943 2507
4944 2508
4945 2508
4946 2508
4947 2509
4948 2510
4949 2510
4950 2508
4951 2508
4952 2509
4953 2508
4954 2508
4955 2508
4956 2508
4957 2508
4958 2508
4959 2507
4960 2507
4961 2507
4962 2507
4963 2508
4964 2510
4965 2508
4966 2508
4967 2508
4968 2514
4969 2511
4970 2508
4971 2507
4972 2507
4973 2506
4974 2506
4975 2509
4976 2505
4977 2509
4978 2506
4979 2506
4980 2508
4981 2506
4982 2507
4983 2507
4984 2508
4985 2507
4986 2506
4987 2506
4988 2507
4989 2505
4990 2505
4991 2506
4992 2506
4993 2511
4994 2505
4995 2511
4996 2506
4997 2510
4998 2509
4999 2509
5000 2505
5001 2506
5002 2508
5003 2508
5004 2505
5005 2506
5006 2505
5007 2505
5008 2506
5009 2505
5010 2509
5011 2506
5012 2505
5013 2505
5014 2506
5015 2505
5016 2505
5017 2505
5018 2506
5019 2505
5020 2505
5021 2505
5022 2507
5023 2504
5024 2504
5025 2509
5026 2505
5027 2506
5028 2507
5029 2505
5030 2505
5031 2505
5032 2505
5033 2506
5034 2505
5035 2507
5036 2504
5037 2505
5038 2505
5039 2505
5040 2506
5041 2506
5042 2507
5043 2504
5044 2504
5045 2504
5046 2508
5047 2503
5048 2503
5049 2503
5050 2503
5051 2503
5052 2503
5053 2504
5054 2503
5055 2504
5056 2504
5057 2503
5058 2502
5059 2503
5060 2503
5061 2505
5062 2506
5063 2505
5064 2505
5065 2506
5066 2505
5067 2507
5068 2503
5069 2504
5070 2503
5071 2503
5072 2503
5073 2503
5074 2503
5075 2503
5076 2503
5077 2503
5078 2504
5079 2504
5080 2504
5081 2504
5082 2504
5083 2503
5084 2503
5085 2504
5086 2503
5087 2505
5088 2504
5089 2503
5090 2503
5091 2503
5092 2503
5093 2503
5094 2503
5095 2504
5096 2503
5097 2503
5098 2503
5099 2505
5100 2502
5101 2502
5102 2503
5103 2506
5104 2505
5105 2506
5106 2503
5107 2501
5108 2503
5109 2503
5110 2502
5111 2502
5112 2502
5113 2503
5114 2503
5115 2505
5116 2502
5117 2502
5118 2503
5119 2502
5120 2502
5121 2503
5122 2503
5123 2503
5124 2502
5125 2503
5126 2502
5127 2503
5128 2502
5129 2502
5130 2503
5131 2502
5132 2502
5133 2501
5134 2501
5135 2502
5136 2501
5137 2501
5138 2501
5139 2501
5140 2501
5141 2502
5142 2501
5143 2501
5144 2501
5145 2501
5146 2501
5147 2501
5148 2501
5149 2502
5150 2501
5151 2501
5152 2502
5153 2501
5154 2501
5155 2505
5156 2501
5157 2501
5158 2505
5159 2501
5160 2501
5161 2501
5162 2501
5163 2502
5164 2501
5165 2502
5166 2501
5167 2501
5168 2501
5169 2501
5170 2501
5171 2501
5172 2501
5173 2501
5174 2501
5175 2501
5176 2501
5177 2501
5178 2501
5179 2506
5180 2505
5181 2501
5182 2501
5183 2501
5184 2501
5185 2501
5186 2500
5187 2501
5188 2501
5189 2501
5190 2500
5191 2501
5192 2501
5193 2501
5194 2501
5195 2501
5196 2501
5197 2501
5198 2501
5199 2501
5200 2501
5201 2501
5202 2501
5203 2501
5204 2501
5205 2501
5206 2501
5207 2501
5208 2501
5209 2501
5210 2501
5211 2501
5212 2501
5213 2501
5214 2501
5215 2501
5216 2501
5217 2501
5218 2501
5219 2501
5220 2501
5221 2501
5222 2501
5223 2501
5224 2501
5225 2501
5226 2501
5227 2501
5228 2501
5229 2501
5230 2501
5231 2501
5232 2501
5233 2501
5234 2501
5235 2501
5236 2501
5237 2501
5238 2501
5239 2501
5240 2501
5241 2501
5242 2501
5243 2501
5244 2501
5245 2501
5246 2501
5247 2501
5248 2501
5249 2501
5250 2501
5251 2501
5252 2501
5253 2501
5254 2501
5255 2501
5256 2501
5257 2501
5258 2501
5259 2501
5260 2501
5261 2501
5262 2501
5263 2501
5264 2501
5265 2502
5266 2501
5267 2501
5268 2501
5269 2501
5270 2501
5271 2501
5272 2501
5273 2501
5274 2501
5275 2501
5276 2501
5277 2501
5278 2501
5279 2501
5280 2501
5281 2501
5282 2501
5283 2501
5284 2501
5285 2501
5286 2501
5287 2501
5288 2501
5289 2501
5290 2501
5291 2501
5292 2501
5293 2501
5294 2501
5295 2501
5296 2500
5297 2501
5298 2500
5299 2500
5300 2500
5301 2500
5302 2500
5303 2501
5304 2501
5305 2501
5306 2501
5307 2501
5308 2501
5309 2501
5310 2501
5311 2500
5312 2504
5313 2501
5314 2500
5315 2501
5316 2501
5317 2501
5318 2501
5319 2501
5320 2501
5321 2501
5322 2501
5323 2501
5324 2501
5325 2501
5326 2501
5327 2501
5328 2501
5329 2501
5330 2501
5331 2501
5332 2501
5333 2501
5334 2500
5335 2500
5336 2500
5337 2500
5338 2500
5339 2500
5340 2500
5341 2500
5342 2500
5343 2500
5344 2500
5345 2500
5346 2500
5347 2501
5348 2501
5349 2501
5350 2501
5351 2500
5352 2501
5353 2501
5354 2502
5355 2501
5356 2500
5357 2500
5358 2501
5359 2501
5360 2500
5361 2501
5362 2502
5363 2505
5364 2500
5365 2500
5366 2500
5367 2501
5368 2501
5369 2501
5370 2500
5371 2500
5372 2501
5373 2500
5374 2500
5375 2500
5376 2500
5377 2500
5378 2500
5379 2500
5380 2500
5381 2500
5382 2500
5383 2501
5384 2501
5385 2501
5386 2501
5387 2501
5388 2501
5389 2500
5390 2501
5391 2501
5392 2501
5393 2501
5394 2500
5395 2500
5396 2501
5397 2500
5398 2500
5399 2501
5400 2501
5401 2501
5402 2500
5403 2501
5404 2501
5405 2501
5406 2501
5407 2500
5408 2500
5409 2500
5410 2500
5411 2500
5412 2501
5413 2500
5414 2500
5415 2501
5416 2500
5417 2500
5418 2500
5419 2500
5420 2501
5421 2501
5422 2500
5423 2500
5424 2500
5425 2500
5426 2500
5427 2500
5428 2501
5429 2501
5430 2501
5431 2501
5432 2501
5433 2500
5434 2500
5435 2500
5436 2500
5437 2500
5438 2500
5439 2500
5440 2500
5441 2500
5442 2500
5443 2500
5444 2500
5445 2500
5446 2500
5447 2500
5448 2500
5449 2500
5450 2500
5451 2500
5452 2500
5453 2500
5454 2500
5455 2501
5456 2500
5457 2501
5458 2501
5459 2501
5460 2501
5461 2501
5462 2501
5463 2501
5464 2504
5465 2502
5466 2501
5467 2501
5468 2501
5469 2501
5470 2501
5471 2501
5472 2501
5473 2501
5474 2501
5475 2501
5476 2501
5477 2500
5478 2500
5479 2501
5480 2501
5481 2500
5482 2501
5483 2501
5484 2501
5485 2500
5486 2501
5487 2501
5488 2501
5489 2501
5490 2501
5491 2500
5492 2501
5493 2501
5494 2501
5495 2501
5496 2501
5497 2501
5498 2500
5499 2501
5500 2501
5501 2501
5502 2501
5503 2501
5504 2501
5505 2500
5506 2500
5507 2500
5508 2500
5509 2500
5510 2500
5511 2500
5512 2500
5513 2501
5514 2501
5515 2501
5516 2501
5517 2501
5518 2501
5519 2501
5520 2501
5521 2501
5522 2501
5523 2501
5524 2500
5525 2500
5526 2502
5527 2501
5528 2501
5529 2500
5530 2501
5531 2501
5532 2501
5533 2501
5534 2501
5535 2501
5536 2501
5537 2501
5538 2501
5539 2501
5540 2501
5541 2501
5542 2501
5543 2501
5544 2501
5545 2501
5546 2501
5547 2501
5548 2501
5549 2501
5550 2501
5551 2501
5552 2501
5553 2501
5554 2501
5555 2500
5556 2501
5557 2501
5558 2501
5559 2500
5560 2500
5561 2500
5562 2500
5563 2500
5564 2500
5565 2500
5566 2500
5567 2500
5568 2500
5569 2500
5570 2500
5571 2500
5572 2500
5573 2499
5574 2500
5575 2500
5576 2499
5577 2499
5578 2500
5579 2499
5580 2499
5581 2499
5582 2499
5583 2499
5584 2499
5585 2499
5586 2499
5587 2499
5588 2499
5589 2499
5590 2499
5591 2499
5592 2499
5593 2499
5594 2499
5595 2499
5596 2499
5597 2499
5598 2499
5599 2499
5600 2499
5601 2499
5602 2499
5603 2499
5604 2499
5605 2499
5606 2499
5607 2499
5608 2499
5609 2499
5610 2499
5611 2499
5612 2499
5613 2500
5614 2500
5615 2500
5616 2500
5617 2500
5618 2500
5619 2500
5620 2500
5621 2500
5622 2500
5623 2500
5624 2500
5625 2500
5626 2500
5627 2500
5628 2500
5629 2500
5630 2500
5631 2500
5632 2500
5633 2500
5634 2500
5635 2500
5636 2500
5637 2500
5638 2500
5639 2500
5640 2500
5641 2500
5642 2500
5643 2501
5644 2500
5645 2500
5646 2500
5647 2500
5648 2500
5649 2501
5650 2501
5651 2501
5652 2501
5653 2500
5654 2500
5655 2500
5656 2501
5657 2500
5658 2501
5659 2501
5660 2500
5661 2500
5662 2501
5663 2500
5664 2500
5665 2501
5666 2500
5667 2500
5668 2500
5669 2500
5670 2500
5671 2500
5672 2500
5673 2500
5674 2501
5675 2500
5676 2500
5677 2500
5678 2500
5679 2500
5680 2500
5681 2500
5682 2500
5683 2500
5684 2500
5685 2500
5686 2501
5687 2501
5688 2500
5689 2501
5690 2500
5691 2501
5692 2500
5693 2501
5694 2500
5695 2500
5696 2500
5697 2500
5698 2500
5699 2500
5700 2500
5701 2500
5702 2501
5703 2500
5704 2500
5705 2500
5706 2501
5707 2501
5708 2500
5709 2500
5710 2500
5711 2501
5712 2500
5713 2500
5714 2500
5715 2501
5716 2500
5717 2500
5718 2500
5719 2500
5720 2500
5721 2500
5722 2500
5723 2500
5724 2500
5725 2500
5726 2500
5727 2500
5728 2500
5729 2500
5730 2500
5731 2500
5732 2500
5733 2500
5734 2500
5735 2500
5736 2500
5737 2500
5738 2500
5739 2500
5740 2500
5741 2500
5742 2500
5743 2500
5744 2500
5745 2500
5746 2500
5747 2500
5748 2500
5749 2500
5750 2500
5751 2500
5752 2500
5753 2499
5754 2500
5755 2499
5756 2499
5757 2500
5758 2500
5759 2500
5760 2500
5761 2500
5762 2500
5763 2500
5764 2499
5765 2499
5766 2500
5767 2499
5768 2500
5769 2499
5770 2499
5771 2499
5772 2499
5773 2500
5774 2500
5775 2499
5776 2500
5777 2500
5778 2500
5779 2499
5780 2499
5781 2499
5782 2499
5783 2500
5784 2499
5785 2500
5786 2500
5787 2500
5788 2500
5789 2499
5790 2499
5791 2499
5792 2499
5793 2499
5794 2499
5795 2499
5796 2499
5797 2499
5798 2499
5799 2499
5800 2499
5801 2499
5802 2499
5803 2500
5804 2500
5805 2499
5806 2500
5807 2500
5808 2499
5809 2499
5810 2499
5811 2499
5812 2499
5813 2499
5814 2499
5815 2499
5816 2499
5817 2499
5818 2499
5819 2499
5820 2499
5821 2499
5822 2499
5823 2499
5824 2499
5825 2499
5826 2499
5827 2499
5828 2499
5829 2499
5830 2499
5831 2499
5832 2499
5833 2499
5834 2499
5835 2498
5836 2500
5837 2499
5838 2499
5839 2499
5840 2499
5841 2499
5842 2499
5843 2499
5844 2499
5845 2499
5846 2499
5847 2499
5848 2499
5849 2499
5850 2499
5851 2499
5852 2499
5853 2499
5854 2499
5855 2499
5856 2499
5857 2499
5858 2499
5859 2499
5860 2499
5861 2499
5862 2499
5863 2499
5864 2499
5865 2499
5866 2499
5867 2499
5868 2499
5869 2499
5870 2499
5871 2499
5872 2499
5873 2499
5874 2499
5875 2499
5876 2499
5877 2499
5878 2498
5879 2499
5880 2499
5881 2499
5882 2498
5883 2499
5884 2499
5885 2499
5886 2499
5887 2499
5888 2499
5889 2499
5890 2499
5891 2499
5892 2499
5893 2499
5894 2499
5895 2499
5896 2499
5897 2499
5898 2498
5899 2499
5900 2499
5901 2498
5902 2498
5903 2499
5904 2498
5905 2498
5906 2499
5907 2498
5908 2498
5909 2498
5910 2498
5911 2498
5912 2498
5913 2498
5914 2498
5915 2498
5916 2498
5917 2498
5918 2499
5919 2498
5920 2498
5921 2498
5922 2498
5923 2498
5924 2498
5925 2498
5926 2498
5927 2498
5928 2498
5929 2498
5930 2498
5931 2498
5932 2498
5933 2498
5934 2498
5935 2498
5936 2498
5937 2498
5938 2498
5939 2498
5940 2498
5941 2498
5942 2498
5943 2498
5944 2498
5945 2498
5946 2498
5947 2498
5948 2498
5949 2498
5950 2498
5951 2498
5952 2498
5953 2498
5954 2498
5955 2497
5956 2497
5957 2497
5958 2497
5959 2497
5960 2497
5961 2497
5962 2497
5963 2498
5964 2497
5965 2497
5966 2497
5967 2498
5968 2497
5969 2497
5970 2497
5971 2497
5972 2497
5973 2498
5974 2498
5975 2497
5976 2497
5977 2497
5978 2497
5979 2497
5980 2497
5981 2497
5982 2497
5983 2497
5984 2498
5985 2498
5986 2497
5987 2497
5988 2497
5989 2497
5990 2497
5991 2497
5992 2497
5993 2497
5994 2497
5995 2497
5996 2497
5997 2497
5998 2497
5999 2496
6000 2496
6001 2496
6002 2496
6003 2497
6004 2497
6005 2497
6006 2497
6007 2497
6008 2496
6009 2496
6010 2496
6011 2496
6012 2496
6013 2496
6014 2496
6015 2496
6016 2496
6017 2496
6018 2496
6019 2496
6020 2496
6021 2496
6022 2496
6023 2496
6024 2496
6025 2495
6026 2495
6027 2496
6028 2496
6029 2496
6030 2496
6031 2496
6032 2496
6033 2496
6034 2496
6035 2496
6036 2496
6037 2496
6038 2496
6039 2496
6040 2496
6041 2496
6042 2496
6043 2496
6044 2496
6045 2496
6046 2496
6047 2496
6048 2495
6049 2496
6050 2495
6051 2495
6052 2495
6053 2495
6054 2496
6055 2496
6056 2495
6057 2495
6058 2495
6059 2495
6060 2495
6061 2495
6062 2495
6063 2496
6064 2496
6065 2496
6066 2495
6067 2495
6068 2495
6069 2495
6070 2495
6071 2495
6072 2495
6073 2495
6074 2495
6075 2495
6076 2495
6077 2495
6078 2495
6079 2495
6080 2495
6081 2495
6082 2495
6083 2495
6084 2495
6085 2495
6086 2495
6087 2495
6088 2495
6089 2495
6090 2495
6091 2495
6092 2494
6093 2495
6094 2495
6095 2495
6096 2494
6097 2495
6098 2494
6099 2493
6100 2494
6101 2494
6102 2494
6103 2494
6104 2495
6105 2495
6106 2494
6107 2494
6108 2495
6109 2494
6110 2494
6111 2494
6112 2494
6113 2494
6114 2494
6115 2494
6116 2494
6117 2494
6118 2494
6119 2493
6120 2494
6121 2494
6122 2494
6123 2494
6124 2494
6125 2494
6126 2494
6127 2494
6128 2493
6129 2494
6130 2493
6131 2494
6132 2493
6133 2493
6134 2494
6135 2493
6136 2494
6137 2494
6138 2493
6139 2493
6140 2494
6141 2493
6142 2493
6143 2493
6144 2493
6145 2493
6146 2493
6147 2493
6148 2493
6149 2494
6150 2494
6151 2493
6152 2494
6153 2493
6154 2493
6155 2494
6156 2494
6157 2493
6158 2493
6159 2493
6160 2493
6161 2494
6162 2493
6163 2493
6164 2493
6165 2493
6166 2493
6167 2493
6168 2493
6169 2493
6170 2493
6171 2493
6172 2493
6173 2493
6174 2493
6175 2494
6176 2493
6177 2493
6178 2493
6179 2493
6180 2493
6181 2493
6182 2493
6183 2493
6184 2493
6185 2493
6186 2493
6187 2493
6188 2493
6189 2493
6190 2493
6191 2493
6192 2493
6193 2493
6194 2492
6195 2492
6196 2492
6197 2493
6198 2493
6199 2493
6200 2493
6201 2493
6202 2493
6203 2492
6204 2493
6205 2493
6206 2493
6207 2492
6208 2492
6209 2493
6210 2493
6211 2493
6212 2492
6213 2493
6214 2493
6215 2493
6216 2493
6217 2493
6218 2493
6219 2493
6220 2493
6221 2493
6222 2492
6223 2493
6224 2492
6225 2492
6226 2492
6227 2492
6228 2492
6229 2492
6230 2492
6231 2492
6232 2492
6233 2492
6234 2492
6235 2492
6236 2492
6237 2492
6238 2492
6239 2492
6240 2492
6241 2492
6242 2492
6243 2492
6244 2492
6245 2492
6246 2493
6247 2492
6248 2492
6249 2492
6250 2492
6251 2492
6252 2492
6253 2492
6254 2492
6255 2492
6256 2492
6257 2492
6258 2492
6259 2492
6260 2492
6261 2492
6262 2492
6263 2492
6264 2492
6265 2492
6266 2492
6267 2492
6268 2492
6269 2492
6270 2492
6271 2492
6272 2492
6273 2492
6274 2491
6275 2491
6276 2491
6277 2491
6278 2491
6279 2491
6280 2491
6281 2491
6282 2491
6283 2491
6284 2491
6285 2491
6286 2491
6287 2490
6288 2490
6289 2490
6290 2490
6291 2490
6292 2490
6293 2490
6294 2490
6295 2490
6296 2490

5149 2537
5150 2537
5151 2537
5152 2536
5153 2532
5154 2537
5155 2537
5156 2537
5157 2537
5158 2537
5159 2537
5160 2537
5161 2536
5162 2540
5163 2538
5164 2538
5165 2526
5166 2536
5167 2538
5168 2539
5169 2530
5170 2533
5171 2538
5172 2537
5173 2538
5174 2537
5175 2537
5176 2539
5177 2539
5178 2538
5179 2537
5180 2538
5181 2538
5182 2537
5183 2538
5184 2539
5185 2539
5186 2536
5187 2538
5188 2538
5189 2537
5190 2538
5191 2538
5192 2538
5193 2534
5194 2536
5195 2539
5196 2537
5197 2537
5198 2537
5199 2537
5200 2536
5201 2536
5202 2536
5203 2540
5204 2536
5205 2536
5206 2537
5207 2536
5208 2535
5209 2536
5210 2536
5211 2528
5212 2537
5213 2536
5214 2536
5215 2535
5216 2535
5217 2535
5218 2534
5219 2538
5220 2536
5221 2534
5222 2535
5223 2533
5224 2535
5225 2535
5226 2529
5227 2536
5228 2535
5229 2536
5230 2536
5231 2535
5232 2534
5233 2536
5234 2537
5235 2535
5236 2536
5237 2535
5238 2536
5239 2536
5240 2535
5241 2537
5242 2541
5243 2540
5244 2535
5245 2541
5246 2527
5247 2537
5248 2539
5249 2536
5250 2536
5251 2539
5252 2536
5253 2536
5254 2536
5255 2536
5256 2536
5257 2539
5258 2537
5259 2537
5260 2535
5261 2541
5262 2535
5263 2535
5264 2536
5265 2535
5266 2535
5267 2535
5268 2535
5269 2535
5270 2535
5271 2536
5272 2535
5273 2535
5274 2535
5275 2535
5276 2535
5277 2535
5278 2534
5279 2528
5280 2533
5281 2534
5282 2535
5283 2535
5284 2535
5285 2534
5286 2535
5287 2535
5288 2535
5289 2539
5290 2535
5291 2541
5292 2535
5293 2540
5294 2535
5295 2536
5296 2536
5297 2537
5298 2539
5299 2541
5300 2535
5301 2534
5302 2536
5303 2536
5304 2527
5305 2536
5306 2539
5307 2535
5308 2534
5309 2534
5310 2535
5311 2532
5312 2535
5313 2537
5314 2534
5315 2534
5316 2533
5317 2538
5318 2533
5319 2533
5320 2533
5321 2532
5322 2533
5323 2533
5324 2533
5325 2533
5326 2533
5327 2533
5328 2533
5329 2533
5330 2533
5331 2533
5332 2534
5333 2533
5334 2533
5335 2532
5336 2533
5337 2534
5338 2534
5339 2534
5340 2534
5341 2534
5342 2534
5343 2533
5344 2537
5345 2532
5346 2535
5347 2534
5348 2533
5349 2533
5350 2533
5351 2533
5352 2533
5353 2533
5354 2533
5355 2537
5356 2532
5357 2533
5358 2533
5359 2533
5360 2538
5361 2537
5362 2533
5363 2532
5364 2534
5365 2533
5366 2533
5367 2530
5368 2532
5369 2533
5370 2533
5371 2532
5372 2533
5373 2532
5374 2532
5375 2532
5376 2533
5377 2533
5378 2532
5379 2534
5380 2533
5381 2533
5382 2532
5383 2532
5384 2532
5385 2531
5386 2532
5387 2532
5388 2532
5389 2531
5390 2532
5391 2533
5392 2530
5393 2532
5394 2530
5395 2530
5396 2531
5397 2530
5398 2531
5399 2534
5400 2530
5401 2531
5402 2531
5403 2532
5404 2531
5405 2530
5406 2531
5407 2530
5408 2530
5409 2531
5410 2531
5411 2529
5412 2531
5413 2531
5414 2531
5415 2531
5416 2531
5417 2531
5418 2532
5419 2532
5420 2532
5421 2532
5422 2531
5423 2531
5424 2531
5425 2530
5426 2531
5427 2531
5428 2530
5429 2531
5430 2531
5431 2531
5432 2530
5433 2531
5434 2531
5435 2535
5436 2534
5437 2532
5438 2531
5439 2529
5440 2530
5441 2530
5442 2529
5443 2528
5444 2532
5445 2529
5446 2529
5447 2529
5448 2528
5449 2530
5450 2529
5451 2529
5452 2529
5453 2529
5454 2530
5455 2529
5456 2530
5457 2529
5458 2528
5459 2528
5460 2529
5461 2529
5462 2523
5463 2529
5464 2529
5465 2528
5466 2526
5467 2525
5468 2528
5469 2524
5470 2526
5471 2531
5472 2531
5473 2531
5474 2524
5475 2525
5476 2525
5477 2532
5478 2528
5479 2519
5480 2528
5481 2521
5482 2527
5483 2528
5484 2527
5485 2528
5486 2527
5487 2526
5488 2525
5489 2528
5490 2526
5491 2525
5492 2526
5493 2526
5494 2533
5495 2527
5496 2527
5497 2528
5498 2528
5499 2527
5500 2527
5501 2527
5502 2531
5503 2527
5504 2522
5505 2527
5506 2528
5507 2529
5508 2524
5509 2524
5510 2525
5511 2525
5512 2529
5513 2526
5514 2526
5515 2525
5516 2526
5517 2526
5518 2526
5519 2530
5520 2529
5521 2525
5522 2525
5523 2526
5524 2525
5525 2525
5526 2526
5527 2527
5528 2525
5529 2531
5530 2525
5531 2530
5532 2525
5533 2528
5534 2525
5535 2525
5536 2528
5537 2531
5538 2526
5539 2527
5540 2525
5541 2524
5542 2525
5543 2524
5544 2527
5545 2523
5546 2524
5547 2526
5548 2523
5549 2523
5550 2522
5551 2522
5552 2522
5553 2521
5554 2522
5555 2522
5556 2523
5557 2520
5558 2525
5559 2522
5560 2523
5561 2523
5562 2525
5563 2523
5564 2523
5565 2523
5566 2523
5567 2523
5568 2523
5569 2524
5570 2523
5571 2523
5572 2523
5573 2523
5574 2523
5575 2524
5576 2523
5577 2524
5578 2524
5579 2524
5580 2523
5581 2523
5582 2523
5583 2523
5584 2526
5585 2523
5586 2527
5587 2523
5588 2524
5589 2525
5590 2525
5591 2523
5592 2523
5593 2525
5594 2525
5595 2524
5596 2520
5597 2520
5598 2520
5599 2520
5600 2521
5601 2520
5602 2520
5603 2520
5604 2520
5605 2520
5606 2520
5607 2519
5608 2524
5609 2521
5610 2520
5611 2518
5612 2521
5613 2519
5614 2519
5615 2520
5616 2520
5617 2520
5618 2521
5619 2522
5620 2519
5621 2519
5622 2519
5623 2518
5624 2519
5625 2518
5626 2517
5627 2517
5628 2519
5629 2519
5630 2518
5631 2518
5632 2518
5633 2518
5634 2517
5635 2517
5636 2518
5637 9999
5638 9999
5639 2519
5640 2518
5641 2518
5642 2520
5643 2519
5644 9999
5645 2520
5646 2518
5647 2518
5648 2518
5649 2518
5650 9999
5651 9999
5652 9999
5653 9999
5654 9999
5655 9999
5656 9999
5657 2517
5658 2516
5659 2517
5660 9999
5661 9999
5662 9999
5663 9999
5664 9999
5665 2521
5666 2517
5667 2517
5668 9999
5669 2517
5670 2512
5671 9999
5672 2517
5673 9999
5674 9999
5675 9999
5676 9999
5677 2517
5678 2517
5679 2516
5680 2517
5681 2517
5682 9999
5683 9999
5684 9999
5685 9999
5686 9999
5687 2517
5688 2517
5689 9999
5690 2517
5691 2518
5692 2517
5693 2519
5694 2518
5695 2517
5696 2513
5697 2516
5698 2517
5699 2520
5700 2519
5701 2515
5702 2517
5703 2518
5704 2516
5705 2517
5706 2517
5707 2517
5708 2516
5709 2517
5710 2517
5711 2519
5712 9999
5713 2518
5714 2512
5715 9999
5716 2517
5717 2517
5718 2517
5719 2518
5720 9999
5721 2514
5722 2512
5723 9999
5724 9999
5725 2522
5726 2512
5727 2524
5728 2524
5729 2518
5730 2519
5731 2518
5732 2512
5733 2517
5734 2513
5735 2515
5736 9999
5737 2516
5738 2518
5739 2519
5740 2516
5741 2517
5742 2515
5743 2515
5744 2514
5745 2515
5746 2518
5747 2514
5748 2515
5749 2515
5750 2515
5751 9999
5752 2521
5753 2515
5754 9999
5755 9999
5756 2519
5757 2514
5758 2514
5759 2517
5760 2517
5761 2517
5762 2514
5763 2514
5764 2516
5765 2517
5766 9999
5767 2516
5768 9999
5769 2514
5770 2511
5771 2515
5772 2523
5773 2515
5774 2512
5775 2512
5776 9999
5777 9999
5778 9999
5779 9999
5780 9999
5781 9999
5782 9999
5783 2514
5784 9999
5785 2515
5786 2513
5787 2514
5788 2515
5789 2515
5790 2514
5791 2519
5792 2516
5793 2515
5794 2514
5795 2521
5796 2515
5797 2516
5798 9999
5799 2518
5800 2513
5801 2518
5802 2514
5803 2514
5804 2513
5805 2514
5806 2514
5807 2514
5808 2516
5809 2513
5810 2514
5811 2513
5812 2513
5813 2513
5814 2514
5815 2514
5816 2515
5817 2515
5818 9999
5819 2514
5820 9999
5821 9999
5822 9999
5823 2513
5824 2516
5825 2516
5826 9999
5827 2514
5828 2513
5829 2514
5830 9999
5831 9999
5832 9999
5833 2514
5834 2513
5835 2514
5836 2514
5837 2514
5838 2514
5839 2514
5840 2513
5841 9999
5842 9999
5843 2513
5844 2514
5845 9999
5846 9999
5847 9999
5848 9999
5849 9999
5850 9999
5851 9999
5852 9999
5853 9999
5854 9999
5855 9999
5856 9999
5857 9999
5858 9999
5859 9999
5860 9999
5861 9999
5862 9999
5863 9999
5864 9999
5865 9999
5866 9999
5867 9999
5868 9999
5869 9999
5870 2515
5871 9999
5872 9999
5873 2514
5874 2516
5875 9999
5876 9999
5877 9999
5878 2515
5879 2513
5880 2512
5881 9999
5882 9999
5883 9999
5884 9999
5885 9999
5886 9999
5887 2514
5888 2515
5889 2515
5890 9999
5891 9999
5892 9999
5893 9999
5894 9999
5895 9999
5896 9999
5897 9999
5898 9999
5899 9999
5900 2513
5901 2514
5902 2514
5903 9999
5904 2514
5905 2517
5906 9999
5907 2513
5908 2512
5909 9999
5910 9999
5911 9999
5912 2514
5913 9999
5914 9999
5915 9999
5916 9999
5917 9999
5918 9999
5919 9999
5920 2515
5921 2515
5922 2515
5923 2514
5924 2514
5925 2513
5926 2519
5927 2515
5928 2517
5929 9999
5930 2513
5931 2511
5932 2513
5933 2514
5934 2514
5935 2513
5936 2513
5937 2514
5938 2513
5939 2517
5940 9999
5941 2513
5942 2512
5943 2513
5944 9999
5945 9999
5946 9999
5947 2510
5948 2513
5949 2514
5950 2513
5951 2514
5952 2514
5953 2512
5954 2513
5955 2513
5956 2513
5957 2512
5958 2519
5959 9999
5960 2513
5961 2513
5962 2517
5963 2517
5964 9999
5965 9999
5966 2513
5967 2515
5968 2513
5969 2513
5970 2516
5971 2515
5972 2515
5973 2513
5974 2512
5975 9999
5976 2513
5977 2513
5978 2513
5979 2513
5980 2513
5981 2513
5982 9999
5983 9999
6056 2512
6057 2516
6058 2514
6059 2514
6060 2514
6061 2514
6062 2512
6063 2511
6064 2512
6065 9999
6066 2507
6067 2507
6068 2512
6069 2516
6070 2515
6071 2513
6072 2513
6073 2513
6074 2516
6075 2510
6076 2513
6077 2514
6078 2514
6079 2511
6080 2511
6081 2515
6082 2515
6083 2514
6084 2514
6085 2514
6086 2512
6087 2513
6088 2508
6089 2514
6090 2516
6091 2516
6092 2515
6093 2508
6094 2515
6095 2514
6096 2513
6097 2513
6098 2521
6099 2512
6100 2517
6101 2518
6102 2512
6103 2511
6104 2513
6105 2513
6106 2513
6107 2512
6108 2514
6109 2513
6110 2518
6111 2512
6112 2512
6113 2509
6114 2508
6115 2513
6116 2514
6117 2517
6118 2509
6119 2509
6120 2510
6121 2511
6122 2514
6123 2508
6124 2522
6125 2521
6126 2512
6127 2508
6128 2512
6129 2508
6130 2507
6131 2507
6132 2513
6133 2514
6134 2513
6135 2510
6136 2513
6137 2506
6138 2514
6139 2513
6140 2513
6141 2512

