2213 2551
2214 2550
2215 2551
2216 2552
2217 2552
2218 2552
2219 2553
2220 2554
2221 2551
2222 2552
2223 2552
2224 2551
2225 2551
2226 2552
2227 2553
2228 2552
2229 2554
2230 2551
2231 2550
2232 2550
2233 2554
2234 2550
2235 2549
2236 2550
2237 2550
2238 2552
2239 2552
2240 2551
2241 2552
2242 2550
2243 2550
2244 2550
2245 2550
2246 2550
2247 2550
2248 2550
2249 2550
2250 2550
2251 2550
2252 2550
2253 2550
2254 2552
2255 2550
2256 2550
2257 2550
2258 2550
2259 2550
2260 2553
2261 2551
2262 2550
2263 2552
2264 2550
2265 2550
2266 2549
2267 2549
2268 2550
2269 2549
2270 2550
2271 2550
2272 2549
2273 2550
2274 2550
2275 2550
2276 2550
2277 2550
2278 2550
2279 2550
2280 2550
2281 2550
2282 2550
2283 2550
2284 2550
2285 2550
2286 2549
2287 2550
2288 2550
2289 2550
2290 2550
2291 2549
2292 2550
2293 2550
2294 2551
2295 2551
2296 2550
2297 2550
2298 2550
2299 2552
2300 2553
2301 2549
2302 2549
2303 2549
2304 2550
2305 2550
2306 2549
2307 2548
2308 2549
2309 2549
2310 2552
2311 2551
2312 2553
2313 2549
2314 2549
2315 2549
2316 2549
2317 2549
2318 2549
2319 2550
2320 2550
2321 2551
2322 2553
2323 2553
2324 2553
2325 2554
2326 2550
2327 2552
2328 2553
2329 2550
2330 2550
2331 2549
2332 2549
2333 2550
2334 2549
2335 2549
2336 2548
2337 2553
2338 2549
2339 2549
2340 2551
2341 2551
2342 2552
2343 2550
2344 2549
2345 2549
2346 2551
2347 2551
2348 2550
2349 2553
2350 2551
2351 2550
2352 2551
2353 2549
2354 2549
2355 2555
2356 2550
2357 2557
2358 2548
2359 2548
2360 2549
2361 2549
2362 2548
2363 2549
2364 2547
2365 2548
2366 2550
2367 2551
2368 2553
2369 2553
2370 2554
2371 2553
2372 2552
2373 2553
2374 2550
2375 2549
2376 2548
2377 2551
2378 2549
2379 2548
2380 2548
2381 2548
2382 2548
2383 2547
2384 2547
2385 2551
2386 2548
2387 2547
2388 2550
2389 2548
2390 2549
2391 2549
2392 2548
2393 2548
2394 2548
2395 2549
2396 2549
2397 2549
2398 2548
2399 2548
2400 2548
2401 2548
2402 2548
2403 2548
2404 2548
2405 2548
2406 2548
2407 2548
2408 2548
2409 2547
2410 2548
2411 2549
2412 2549
2413 2548
2414 2548
2415 2548
2416 2548
2417 2547
2418 2548
2419 2547
2420 2547
2421 2548
2422 2548
2423 2549
2424 2548
2425 2548
2426 2549
2427 2549
2428 2549
2429 2548
2430 2549
2431 2549
2432 2548
2433 2548
2434 2549
2435 2548
2436 2548
2437 2549
2438 2559
2439 2548
2440 2561
2441 2548
2442 2548
2443 2548
2444 2547
2445 2551
2446 2548
2447 2548
2448 2549
2449 2548
2450 2548
2451 2548
2452 2549
2453 2548
2454 2548
2455 2547
2456 2546
2457 2551
2458 2547
2459 2547
2460 2547
2461 2546
2462 2547
2463 2547
2464 2546
2465 2548
2466 2546
2467 2546
2468 2546
2469 2547
2470 2547
2471 2547
2472 2546
2473 2547
2474 2556
2475 2549
2476 2547
2477 2548
2478 2547
2479 2551
2480 2551
2481 2550
2482 2547
2483 2555
2484 2547
2485 2545
2486 2545
2487 2544
2488 2543
2489 2542
2490 2546
2491 2546
2492 2545
2493 2546
2494 2544
2495 2545
2496 2545
2497 2547
2498 2546
2499 2545
2500 2547
2501 2547
2502 2546
2503 2545
2504 2544
2505 2544
2506 2545
2507 2546
2508 2546
2509 2546
2510 2545
2511 2545
2512 2545
2513 2546
2514 2548
2515 2550
2516 2547
2517 2549
2518 2546
2519 2546
2520 2546
2521 2547
2522 2547
2523 2546
2524 2547
2525 2546
2526 2547
2527 2547
2528 2552
2529 2547
2530 2546
2531 2547
2532 2548
2533 2547
2534 2547
2535 2550
2536 2546
2537 2552
2538 2548
2539 2549
2540 2547
2541 2547
2542 2549
2543 2549
2544 2547
2545 2548
2546 2547
2547 2547
2548 2547
2549 2547
2550 2547
2551 2547
2552 2547
2553 2547
2554 2548
2555 2548
2556 2547
2557 2548
2558 2547
2559 2554
2560 2547
2561 2548
2562 2548
2563 2547
2564 2548
2565 2549
2566 2548
2567 2547
2568 2551
2569 2548
2570 2549
2571 2549
2572 2548
2573 2548
2574 2548
2575 2548
2576 2549
2577 2548
2578 2548
2579 2548
2580 2548
2581 2548
2582 2548
2583 2548
2584 2547
2585 2548
2586 2548
2587 2549
2588 2549
2589 2549
2590 2548
2591 2548
2592 2549
2593 2548
2594 2548
2595 2549
2596 2548
2597 2547
2598 2547
2599 2547
2600 2548
2601 2548
2602 2551
2603 2550
2604 2547
2605 2548
2606 2547
2607 2552
2608 2548
2609 2550
2610 2547
2611 2547
2612 2548
2613 2547
2614 2546
2615 2547
2616 2547
2617 2547
2618 2550
2619 2547
2620 2547
2621 2547
2622 2547
2623 2547
2624 2546
2625 2546
2626 2546
2627 2545
2628 2546
2629 2546
2630 2545
2631 2545
2632 2545
2633 2545
2634 2547
2635 2545
2636 2545
2637 2545
2638 2546
2639 2548
2640 2545
2641 2549
2642 2548
2643 2547
2644 2547
2645 2547
2646 2546
2647 2546
2648 2546
2649 2546
2650 2546
2651 2546
2652 2545
2653 2546
2654 2546
2655 2545
2656 2545
2657 2546
2658 2545
2659 2546
2660 2545
2661 2545
2662 2545
2663 2545
2664 2546
2665 2546
2666 2545
2667 2545
2668 2545
2669 2545
2670 2545
2671 2545
2672 2545
2673 2545
2674 2545
2675 2545
2676 2545
2677 2545
2678 2545
2679 2546
2680 2545
2681 2545
2682 2545
2683 2545
2684 2545
2685 2545
2686 2545
2687 2545
2688 2545
2689 2544
2690 2545
2691 2545
2692 2545
2693 2546
2694 2545
2695 2545
2696 2544
2697 2544
2698 2545
2699 2545
2700 2544
2701 2544
2702 2547
2703 2548
2704 2545
2705 2545
2706 2545
2707 2545
2708 2544
2709 2544
2710 2544
2711 2553
2712 2552
2713 2544
2714 2544
2715 2544
2716 2545
2717 2544
2718 2544
2719 2544
2720 2544
2721 2544
2722 2546
2723 2548
2724 2545
2725 2545
2726 2542
2727 2543
2728 2546
2729 2544
2730 2544
2731 2544
2732 2544
2733 2545
2734 2543
2735 2543
2736 2544
2737 2543
2738 2543
2739 2543
2740 2544
2741 2542
2742 2545
2743 2545
2744 2545
2745 2544
2746 2541
2747 2541
2748 2541
2749 2541
2750 2547
2751 2541
2752 2549
2753 2546
2754 2541
2755 2553
2756 2542
2757 2545
2758 2544
2759 2543
2760 2542
2761 2540
2762 2540
2763 2541
2764 2541
2765 2540
2766 2540
2767 2540
2768 2540
2769 2540
2770 2540
2771 2541
2772 2540
2773 2538
2774 2539
2775 2538
2776 2537
2777 2541
2778 2541
2779 2538
2780 2537
2781 2537
2782 2537
2783 2537
2784 2537
2785 2541
2786 2540
2787 2539
2788 2538
2789 2539
2790 2537
2791 2538
2792 2539
2793 2538
2794 2538
2795 2538
2796 2538
2797 2539
2798 2538
2799 2537
2800 2538
2801 2538
2802 2538
2803 2538
2804 2542
2805 2537
2806 2538
2807 2537
2808 2537
2809 2540
2810 2538
2811 2538
2812 2538
2813 2538
2814 2538
2815 2537
2816 2537
2817 2543
2818 2538
2819 2537
2820 2538
2821 2538
2822 2538
2823 2538
2824 2537
2825 2537
2826 2537
2827 2538
2828 2537
2829 2537
2830 2537
2831 2537
2832 2538
2833 2537
2834 2537
2835 2536
2836 2538
2837 2538
2838 2539
2839 2538
2840 2538
2841 2538
2842 2540
2843 2540
2844 2540
2845 2539
2846 2539
2847 2539
2848 2538
2849 2538
2850 2538
2851 2541
2852 2539
2853 2539
2854 2539
2855 2542
2856 2539
2857 2539
2858 2543
2859 2543
2860 2540
2861 2538
2862 2538
2863 2537
2864 2536
2865 2536
2866 2535
2867 2535
2868 2538
2869 2538
2870 2543
2871 2543
2872 2543
2873 2541
2874 2551
2875 2531
2876 2532
2877 2533
2878 2534
2879 2542
2880 2540
2881 2539
2882 2538
2883 2538
2884 2538
2885 2538
2886 2534
2887 2536
2888 2536
2889 2535
2890 2536
2891 2538
2892 2539
2893 2539
2894 2539
2895 2536
2896 2537
2897 2538
2898 2540
2899 2543
2900 2544
2901 2538
2902 2538
2903 2539
2904 2540
2905 2542
2906 2542
2907 2540
2908 2541
2909 2543
2910 2544
2911 2545
2912 2546
2913 2549
2914 2549
2915 2544
2916 2543
2917 2540
2918 2551
2919 2551
2920 2540
2921 2540
2922 2543
2923 2544
2924 2534
2925 2534
2926 2543
2927 2539
2928 2542
2929 2542
2930 2541
2931 2540
2932 2541
2933 2540
2934 2549
2935 2549
2936 2549
2937 2549
2938 2532
2939 2534
2940 2532
2941 2534
2942 2541
2943 2542
2944 2542
2945 2537
2946 2535
2947 2536
2948 2535
2949 2533
2950 2538
2951 2537
2952 2535
2953 2535
2954 2538
2955 2536
2956 2535
2957 2536
2958 2536
2959 2537
2960 2536
2961 2537
2962 2536
2963 2535
2964 2535
2965 2536
2966 2535
2967 2536
2968 2535
2969 2537
2970 2535
2971 2535
2972 2533
2973 2534
2974 2534
2975 2539
2976 2537
2977 2538
2978 2538
2979 2537
2980 2538
2981 2537
2982 2538
2983 2537
2984 2538
2985 2538
2986 2537
2987 2536
2988 2536
2989 2540
2990 2536
2991 2536
2992 2540
2993 2537
2994 2537
2995 2537
2996 2537
2997 2536
2998 2540
2999 2541
3000 2537
3001 2537
3002 2537
3003 2537
3004 2537
3005 2537
3006 2537
3007 2536
3008 2536
3009 2537
3010 2537
3011 2537
3012 2537
3013 2537
3014 2542
3015 2537
3016 2537
3017 2537
3018 2537
3019 2537
3020 2537
3021 2537
3022 2537
3023 2537
3024 2537
3025 2537
3026 2538
3027 2538
3028 2539
3029 2536
3030 2537
3031 2538
3032 2537
3033 2537
3034 2537
3035 2536
3036 2536
3037 2536
3038 2536
3039 2536
3040 2536
3041 2536
3042 2536
3043 2536
3044 2536
3045 2537
3046 2537
3047 2536
3048 2547
3049 2538
3050 2537
3051 2537
3052 2540
3053 2541
3054 2541
3055 2535
3056 2539
3057 2537
3058 2538
3059 2537
3060 2537
3061 2538
3062 2537
3063 2537
3064 2537
3065 2537
3066 2537
3067 2537
3068 2538
3069 2538
3070 2538
3071 2538
3072 2538
3073 2538
3074 2538
3075 2538
3076 2538
3077 2538
3078 2538
3079 2539
3080 2538
3081 2548
3082 2539
3083 2539
3084 2539
3085 2538
3086 2543
3087 2540
3088 2552
3089 2552
3090 2540
3091 2541
3092 2545
3093 2547
3094 2538
3095 2538
3096 2538
3097 2538
3098 2540
3099 2542
3100 2541
3101 2539
3102 2543
3103 2539
3104 2543
3105 2538
3106 2537
3107 2538
3108 2537
3109 2540
3110 2541
3111 2541
3112 2541
3113 2542
3114 2537
3115 2538
3116 2538
3117 2539
3118 2540
3119 2540
3120 2544
3121 2544
3122 2541
3123 2541
3124 2542
3125 2541
3126 2540
3127 2541
3128 2541
3129 2541
3130 2541
3131 2542
3132 2541
3133 2541
3134 2544
3135 2544
3136 2541
3137 2541
3138 2541
3139 2541
3140 2540
3141 2540
3142 2541
3143 2541
3144 2541
3145 2546
3146 2546
3147 2543
3148 2542
3149 2542
3150 2542
3151 2541
3152 2541
3153 2542
3154 2542
3155 2542
3156 2541
3157 2542
3158 2541
3159 2541
3160 2542
3161 2541
3162 2541
3163 2541
3164 2541
3165 2542
3166 2542
3167 2541
3168 2542
3169 2542
3170 2542
3171 2546
3172 2542
3173 2542
3174 2542
3175 2542
3176 2542
3177 2542
3178 2542
3179 2542
3180 2542
3181 2541
3182 2542
3183 2542
3184 2545
3185 2541
3186 2541
3187 2541
3188 2541
3189 2541
3190 2541
3191 2541
3192 2541
3193 2541
3194 2542
3195 2541
3196 2541
3197 2541
3198 2542
3199 2541
3200 2541
3201 2541
3202 2542
3203 2543
3204 2541
3205 2542
3206 2542
3207 2542
3208 2541
3209 2541
3210 2542
3211 2543
3212 2542
3213 2544
3214 2542
3215 2541
3216 2542
3217 2542
3218 2541
3219 2542
3220 2542
3221 2543
3222 2542
3223 2541
3224 2541
3225 2542
3226 2543
3227 2543
3228 2542
3229 2542
3230 2542
3231 2542
3232 2542
3233 2542
3234 2542
3235 2542
3236 2542
3237 2541
3238 2542
3239 2541
3240 2543
3241 2546
3242 2542
3243 2542
3244 2542
3245 2542
3246 2543
3247 2543
3248 2542
3249 2541
3250 2542
3251 2542
3252 2542
3253 2542
3254 2543
3255 2544
3256 2545
3257 2545
3258 2541
3259 2546
3260 2541
3261 2541
3262 2542
3263 2541
3264 2541
3265 2541
3266 2541
3267 2545
3268 2541
3269 2541
3270 2541
3271 2541
3272 2541
3273 2541
3274 2542
3275 2545
3276 2543
3277 2541
3278 2542
3279 2542
3280 2541
3281 2541
3282 2541
3283 2541
3284 2542
3285 2541
3286 2542
3287 2542
3288 2543
3289 2542
3290 2543
3291 2546
3292 2548
3293 2550
3294 2542
3295 2542
3296 2542
3297 2544
3298 2547
3299 2542
3300 2542
3301 2542
3302 2543
3303 2543
3304 2542
3305 2542
3306 2546
3307 2541
3308 2542
3309 2542
3310 2541
3311 2543
3312 2548
3313 2540
3314 2541
3315 2549
3316 2544
3317 2544
3318 2545
3319 2542
3320 2549
3321 2541
3322 2541
3323 2540
3324 2540
3325 2540
3326 2545
3327 2544
3328 2542
3329 2540
3330 2540
3331 2544
3332 2540
3333 2539
3334 2544
3335 2539
3336 2538
3337 2539
3338 2539
3339 2539
3340 2539
3341 2539
3342 2539
3343 2539
3344 2540
3345 2539
3346 2539
3347 2540
3348 2540
3349 2539
3350 2539
3351 2543
3352 2545
3353 2544
3354 2540
3355 2540
3356 2540
3357 2540
3358 2545
3359 2540
3360 2540
3361 2539
3362 2539
3363 2539
3364 2539
3365 2540
3366 2541
3367 2540
3368 2540
3369 2543
3370 2540
3371 2541
3372 2541
3373 2540
3374 2542
3375 2544
3376 2540
3377 2544
3378 2539
3379 2546
3380 2544
3381 2546
3382 2533
3383 2536
3384 2537
3385 2538
3386 2538
3387 2541
3388 2543
3389 2540
3390 2540
3391 2540
3392 2540
3393 2540
3394 2540
3395 2539
3396 2543
3397 2544
3398 2543
3399 2540
3400 2538
3401 2549
3402 2540
3403 2540
3404 2540
3405 2540
3406 2542
3407 2540
3408 2540
3409 2541
3410 2541
3411 2540
3412 2541
3413 2541
3414 2540
3415 2540
3416 2540
3417 2541
3418 2542
3419 2541
3420 2542
3421 2542
3422 2542
3423 2542
3424 2542
3425 2542
3426 2546
3427 2542
3428 2542
3429 2542
3430 2542
3431 2541
3432 2541
3433 2541
3434 2541
3435 2542
3436 2547
3437 2540
3438 2546
3439 2539
3440 2539
3441 2540
3442 2540
3443 2541
3444 2540
3445 2541
3446 2542
3447 2541
3448 2541
3449 2540
3450 2539
3451 2540
3452 2539
3453 2539
3454 2539
3455 2538
3456 2538
3457 2538
3458 2538
3459 2539
3460 2537
3461 2540
3462 2539
3463 2541
3464 2539
3465 2540
3466 2540
3467 2539
3468 2539
3469 2540
3470 2550
3471 2539
3472 2540
3473 2541
3474 2540
3475 2540
3476 2541
3477 2539
3478 2539
3479 2538
3480 2539
3481 2539
3482 2539
3483 2539
3484 2540
3485 2541
3486 2539
3487 2538
3488 2540
3489 2537
3490 2538
3491 2549
3492 2532
3493 2547
3494 2537
3495 2535
3496 2536
3497 2536
3498 2536
3499 2536
3500 2536
3501 2536
3502 2536
3503 2536
3504 2536
3505 2536
3506 2536
3507 2536
3508 2536
3509 2536
3510 2536
3511 2537
3512 2538
3513 2537
3514 2537
3515 2536
3516 2536
3517 2538
3518 2536
3519 2541
3520 2536
3521 2537
3522 2536
3523 2536
3524 2536
3525 2542
3526 2535
3527 2535
3528 2534
3529 2532
3530 2533
3531 2529
3532 2530
3533 2536
3534 2535
3535 2537
3536 2537
3537 2538
3538 2534
3539 2535
3540 2534
3541 2537
3542 2535
3543 2537
3544 2535
3545 2541
3546 2540
3547 2535
3548 2533
3549 2531
3550 2532
3551 2535
3552 2536
3553 2536
3554 2539
3555 2544
3556 2533
3557 2532
3558 2531
3559 2530
3560 2529
3561 2536
3562 2535
3563 2540
3564 2534
3565 2535
3566 2537
3567 2539
3568 2536
3569 2535
3570 2536
3571 2536
3572 2536
3573 2536
3574 2536
3575 2536
3576 2536
3577 2532
3578 2535
3579 2537
3580 2539
3581 2536
3582 2537
3583 2536
3584 2538
3585 2537
3586 2537
3587 2537
3588 2536
3589 2536
3590 2536
3591 2537
3592 2537
3593 2537
3594 2537
3595 2536
3596 2537
3597 2539
3598 2538
3599 2539
3600 2538
3601 2538
3602 2534
3603 2534
3604 2534
3605 2534
3606 2535
3607 2542
3608 2537
3609 2538
3610 2537
3611 2537
3612 2537
3613 2536
3614 2534
3615 2533
3616 2533
3617 2534
3618 2534
3619 2535
3620 2535
3621 2534
3622 2534
3623 2535
3624 2536
3625 2536
3626 2535
3627 2537
3628 2536
3629 2536
3630 2537
3631 2537
3632 2536
3633 2542
3634 2546
3635 2539
3636 2537
3637 2539
3638 2545
3639 2542
3640 2548
3641 2550
3642 2532
3643 2536
3644 2538
3645 2541
3646 2538
3647 2538
3648 2538
3649 2538
3650 2541
3651 2541
3652 2542
3653 2535
3654 2535
3655 2545
3656 2534
3657 2534
3658 2545
3659 2536
3660 2537
3661 2543
3662 2535
3663 2538
3664 2538
3665 2543
3666 2544
3667 2545
3668 2546
3669 2534
3670 2534
3671 2536
3672 2536
3673 2535
3674 2534
3675 2534
3676 2535
3677 2534
3678 2534
3679 2534
3680 2534
3681 2533
3682 2539
3683 2537
3684 2533
3685 2533
3686 2534
3687 2534
3688 2534
3689 2537
3690 2535
3691 2541
3692 2538
3693 2541
3694 2541
3695 2546
3696 2536
3697 2536
3698 2536
3699 2535
3700 2533
3701 2551
3702 2531
3703 2551
3704 2532
3705 2533
3706 2533
3707 2548
3708 2552
3709 2544
3710 2552
3711 2537
3712 2552
3713 2536
3714 2543
3715 2543
3716 2544
3717 2536
3718 2535
3719 2537
3720 2537
3721 2535
3722 2538
3723 2537
3724 2537
3725 2536
3726 2536
3727 2537
3728 2537
3729 2536
3730 2536
3731 2536
3732 2540
3733 2539
3734 2540
3735 2540
3736 2537
3737 2539
3738 2539
3739 2538
3740 2539
3741 2537
3742 2536
3743 2540
3744 2541
3745 2535
3746 2534
3747 2536
3748 2537
3749 2539
3750 2539
3751 2537
3752 2538
3753 2538
3754 2538
3755 2539
3756 2539
3757 2540
3758 2537
3759 2537
3760 2539
3761 2538
3762 2538
3763 2538
3764 2538
3765 2537
3766 2536
3767 2536
3768 2537
3769 2544
3770 2535
3771 2536
3772 2537
3773 2536
3774 2536
3775 2536
3776 2536
3777 2533
3778 2531
3779 2537
3780 2536
3781 2536
3782 2536
3783 2535
3784 2535
3785 2535
3786 2535
3787 2534
3788 2537
3789 2535
3790 2535
3791 2534
3792 2533
3793 2534
3794 2532
3795 2534
3796 2533
3797 2534
3798 2534
3799 2536
3800 2536
3801 2534
3802 2534
3803 2534
3804 2533
3805 2534
3806 2533
3807 2534
3808 2533
3809 2534
3810 2533
3811 2533
3812 2533
3813 2534
3814 2534
3815 2534
3816 2534
3817 2534
3818 2534
3819 2534
3820 2534
3821 2534
3822 2533
3823 2535
3824 2535
3825 2536
3826 2537
3827 2537
3828 2534
3829 2538
3830 2533
3831 2534
3832 2538
3833 2534
3834 2535
3835 2535
3836 2534
3837 2534
3838 2534
3839 2533
3840 2535
3841 2535
3842 2534
3843 2535
3844 2535
3845 2535
3846 2538
3847 2538
3848 2535
3849 2536
3850 2533
3851 2533
3852 2532
3853 2532
3854 2532
3855 2533
3856 2533
3857 2534
3858 2534
3859 2533
3860 2538
3861 2537
3862 2540
3863 2534
3864 2534
3865 2535
3866 2539
3867 2535
3868 2536
3869 2537
3870 2535
3871 2534
3872 2534
3873 2534
3874 2533
3875 2534
3876 2537
3877 2535
3878 2536
3879 2534
3880 2535
3881 2535
3882 2534
3883 2534
3884 2534
3885 2534
3886 2534
3887 2534
3888 2533
3889 2540
3890 2534
3891 2534
3892 2535
3893 2540
3894 2539
3895 2532
3896 2532
3897 2539
3898 2534
3899 2539
3900 2532
3901 2532
3902 2533
3903 2538
3904 2535
3905 2535
3906 2533
3907 2534
3908 2533
3909 2533
3910 2532
3911 2533
3912 2532
3913 2538
3914 2531
3915 2530
3916 2541
3917 2526
3918 2526
3919 2526
3920 2526
3921 2526
3922 2526
3923 2533
3924 2536
3925 2531
3926 2527
3927 2527
3928 2532
3929 2540
3930 2541
3931 2527
3932 2527
3933 2538
3934 2542
3935 2531
3936 2533
3937 2535
3938 2527
3939 2526
3940 2526
3941 2525
3942 2526
3943 2533
3944 2532
3945 2528
3946 2528
3947 2527
3948 2528
3949 2530
3950 2538
3951 2532
3952 2534
3953 2530
3954 2531
3955 2530
3956 2530
3957 2531
3958 2531
3959 2538
3960 2543
3961 2533
3962 2530
3963 2531
3964 2536
3965 2532
3966 2537
3967 2532
3968 2532
3969 2531
3970 2532
3971 2531
3972 2530
3973 2532
3974 2531
3975 2531
3976 2531
3977 2531
3978 2534
3979 2534
3980 2531
3981 2530
3982 2531
3983 2531
3984 2531
3985 2532
3986 2532
3987 2532
3988 2531
3989 2531
3990 2532
3991 2532
3992 2531
3993 2532
3994 2532
3995 2532
3996 2531
3997 2531
3998 2530
3999 2529
4000 2528
4001 2535
4002 2528
4003 2528
4004 2535
4005 2528
4006 2528
4007 2528
4008 2529
4009 2542
4010 2532
4011 2533
4012 2534
4013 2528
4014 2534
4015 2536
4016 2536
4017 2535
4018 2529
4019 2529
4020 2535
4021 2536
4022 2533
4023 2530
4024 2532
4025 2531
4026 2531
4027 2532
4028 2533
4029 2530
4030 2533
4031 2529
4032 2530
4033 2529
4034 2530
4035 2531
4036 2529
4037 2531
4038 2532
4039 2531
4040 2530
4041 2536
4042 2537
4043 2536
4044 2536
4045 2537
4046 2529
4047 2528
4048 2531
4049 2537
4050 2531
4051 2530
4052 2531
4053 2530
4054 2530
4055 2530
4056 2530
4057 2530
4058 2530
4059 2530
4060 2530
4061 2530
4062 2531
4063 2531
4064 2531
4065 2530
4066 2530
4067 2530
4068 2530
4069 2531
4070 2530
4071 2530
4072 2530
4073 2529
4074 2539
4075 2529
4076 2530
4077 2531
4078 2530
4079 2530
4080 2530
4081 2530
4082 2531
4083 2530
4084 2530
4085 2530
4086 2529
4087 2528
4088 2533
4089 2529
4090 2529
4091 2528
4092 2527
4093 2528
4094 2527
4095 2527
4096 2526
4097 2526
4098 2526
4099 2525
4100 2525
4101 2525
4102 2529
4103 2525
4104 2524
4105 2524
4106 2524
4107 2532
4108 2520
4109 2521
4110 2519
4111 2519
4112 2518
4113 2519
4114 2533
4115 2531
4116 2523
4117 2524
4118 2524
4119 2528
4120 2523
4121 2523
4122 2523
4123 2522
4124 2522
4125 2523
4126 2523
4127 2523
4128 2523
4129 2524
4130 2524
4131 2524
4132 2523
4133 2522
4134 2523
4135 2523
4136 2523
4137 2524
4138 2524
4139 2524
4140 2523
4141 2528
4142 2525
4143 2526
4144 2524
4145 2524
4146 2524
4147 2527
4148 2524
4149 2525
4150 2524
4151 2524
4152 2524
4153 2531
4154 2522
4155 2522
4156 2524
4157 2524
4158 2529
4159 2525
4160 2524
4161 2524
4162 2523
4163 2523
4164 2525
4165 2524
4166 2524
4167 2524
4168 2525
4169 2525
4170 2526
4171 2525
4172 2532
4173 2533
4174 2526
4175 2523
4176 2522
4177 2522
4178 2522
4179 2524
4180 2523
4181 2523
4182 2523
4183 2527
4184 2523
4185 2523
4186 2523
4187 2524
4188 2524
4189 2525
4190 2524
4191 2524
4192 2524
4193 2525
4194 2525
4195 2525
4196 2524
4197 2523
4198 2524
4199 2524
4200 2523
4201 2524
4202 2534
4203 2524
4204 2525
4205 2525
4206 2524
4207 2524
4208 2524
4209 2525
4210 2525
4211 2526
4212 2525
4213 2525
4214 2525
4215 2525
4216 2525
4217 2526
4218 2528
4219 2528
4220 2525
4221 2527
4222 2525
4223 2524
4224 2523
4225 2523
4226 2523
4227 2522
4228 2522
4229 2523
4230 2522
4231 2523
4232 2522
4233 2522
4234 2522
4235 2522
4236 2522
4237 2522
4238 2523
4239 2523
4240 2522
4241 2522
4242 2522
4243 2524
4244 2523
4245 2523
4246 2523
4247 2522
4248 2526
4249 2522
4250 2526
4251 2522
4252 2522
4253 2522
4254 2522
4255 2522
4256 2522
4257 2522
4258 2522
4259 2522
4260 2522
4261 2522
4262 2522
4263 2522
4264 2522
4265 2522
4266 2521
4267 2522
4268 2522
4269 2523
4270 2523
4271 2524
4272 2525
4273 2522
4274 2521
4275 2520
4276 2532
4277 2533
4278 2531
4279 2532
4280 2533
4281 2525
4282 2530
4283 2525
4284 2525
4285 2531
4286 2521
4287 2523
4288 2521
4289 2520
4290 2520
4291 2521
4292 2521
4293 2521
4294 2521
4295 2521
4296 2521
4297 2521
4298 2521
4299 2521
4300 2520
4301 2520
4302 2520
4303 2521
4304 2521
4305 2521
4306 2521
4307 2521
4308 2521
4309 2521
4310 2521
4311 2521
4312 2521
4313 2520
4314 2520
4315 2521
4316 2521
4317 2521
4318 2521
4319 2521
4320 2522
4321 2521
4322 2521
4323 2521
4324 2521
4325 2524
4326 2520
4327 2521
4328 2521
4329 2521
4330 2523
4331 2522
4332 2520
4333 2521
4334 2521
4335 2521
4336 2520
4337 2520
4338 2520
4339 2520
4340 2520
4341 2520
4342 2520
4343 2520
4344 2520
4345 2520
4346 2520
4347 2520
4348 2520
4349 2520
4350 2520
4351 2520
4352 2520
4353 2520
4354 2520
4355 2520
4356 2520
4357 2520
4358 2520
4359 2521
4360 2521
4361 2520
4362 2520
4363 2519
4364 2520
4365 2520
4366 2521
4367 2521
4368 2521
4369 2521
4370 2521
4371 2519
4372 2519
4373 2519
4374 2520
4375 2522
4376 2521
4377 2521
4378 2520
4379 2519
4380 2519
4381 2519
4382 2520
4383 2519
4384 2519
4385 2519
4386 2519
4387 2519
4388 2520
4389 2520
4390 2519
4391 2519
4392 2519
4393 2519
4394 2518
4395 2518
4396 2519
4397 2518
4398 2518
4399 2518
4400 2519
4401 2519
4402 2519
4403 2518
4404 2529
4405 2529
4406 2519
4407 2519
4408 2519
4409 2519
4410 2518
4411 2520
4412 2520
4413 2519
4414 2519
4415 2519
4416 2519
4417 2519
4418 2519
4419 2519
4420 2519
4421 2519
4422 2519
4423 2518
4424 2519
4425 2519
4426 2520
4427 2520
4428 2519
4429 2518
4430 2519
4431 2519
4432 2518
4433 2519
4434 2519
4435 2520
4436 2520
4437 2521
4438 2521
4439 2521
4440 2520
4441 2529
4442 2519
4443 2519
4444 2519
4445 2522
4446 2519
4447 2520
4448 2520
4449 2521
4450 2520
4451 2521
4452 2528
4453 2520
4454 2520
4455 2520
4456 2520
4457 2519
4458 2518
4459 2520
4460 2519
4461 2519
4462 2519
4463 2520
4464 2520
4465 2520
4466 2519
4467 2520
4468 2520
4469 2520
4470 2520
4471 2520
4472 2519
4473 2519
4474 2520
4475 2523
4476 2519
4477 2520
4478 2520
4479 2520
4480 2520
4481 2519
4482 2519
4483 2519
4484 2520
4485 2519
4486 2520
4487 2520
4488 2520
4489 2520
4490 2520
4491 2521
4492 2520
4493 2520
4494 2520
4495 2520
4496 2520
4497 2522
4498 2521
4499 2520
4500 2521
4501 2525
4502 2524
4503 2521
4504 2521
4505 2521
4506 2521
4507 2522
4508 2520
4509 2520
4510 2521
4511 2521
4512 2522
4513 2523
4514 2524
4515 2524
4516 2523
4517 2523
4518 2522
4519 2530
4520 2522
4521 2522
4522 2523
4523 2523
4524 2523
4525 2530
4526 2522
4527 2521
4528 2522
4529 2522
4530 2521
4531 2522
4532 2526
4533 2523
4534 2530
4535 2530
4536 2527
4537 2522
4538 2522
4539 2521
4540 2521
4541 2521
4542 2523
4543 2522
4544 2522
4545 2522
4546 2522
4547 2521
4548 2525
4549 2525
4550 2524
4551 2523
4552 2524
4553 2525
4554 2524
4555 2523
4556 2524
4557 2523
4558 2522
4559 2523
4560 2523
4561 2529
4562 2522
4563 2524
4564 2529
4565 2530
4566 2528
4567 2531
4568 2532
4569 2527
4570 2527
4571 2526
4572 2526
4573 2528
4574 2528
4575 2528
4576 2526
4577 2523
4578 2522
4579 2520
4580 2521
4581 2517
4582 2518
4583 2517
4584 2517
4585 2519
4586 2519
4587 2521
4588 2523
4589 2524
4590 2525
4591 2525
4592 2523
4593 2521
4594 2520
4595 2517
4596 2517
4597 2517
4598 2517
4599 2518
4600 2528
4601 2517
4602 2517
4603 2526
4604 2528
4605 2530
4606 2531
4607 2533
4608 2533
4609 2526
4610 2525
4611 2526
4612 2517
4613 2533
4614 2520
4615 2518
4616 2521
4617 2521
4618 2518
4619 2519
4620 2522
4621 2519
4622 2525
4623 2525
4624 2525
4625 2527
4626 2525
4627 2524
4628 2523
4629 2523
4630 2523
4631 2526
4632 2527
4633 2527
4634 2527
4635 2527
4636 2528
4637 2531
4638 2528
4639 2527
4640 2532
4641 2531
4642 2527
4643 2526
4644 2528
4645 2525
4646 2529
4647 2527
4648 2526
4649 2538
4650 2524
4651 2528
4652 2527
4653 2525
4654 2526
4655 2526
4656 2529
4657 2526
4658 2526
4659 2526
4660 2527
4661 2526
4662 2527
4663 2527
4664 2527
4665 2527
4666 2527
4667 2527
4668 2527
4669 2527
4670 2527
4671 2527
4672 2527
4673 2527
4674 2527
4675 2527
4676 2527
4677 2527
4678 2526
4679 2527
4680 2527
4681 2527
4682 2527
4683 2527
4684 2527
4685 2526
4686 2527
4687 2527
4688 2527
4689 2528
4690 2527
4691 2527
4692 2527
4693 2527
4694 2527
4695 2527
4696 2527
4697 2528
4698 2527
4699 2527
4700 2533
4701 2529
4702 2532
4703 2532
4704 2532
4705 2529
4706 2527
4707 2527
4708 2528
4709 2528
4710 2528
4711 2529
4712 2531
4713 2532
4714 2527
4715 2527
4716 2530
4717 2529
4718 2528
4719 2527
4720 2527
4721 2528
4722 2527
4723 2529
4724 2528
4725 2527
4726 2527
4727 2528
4728 2528
4729 2528
4730 2527
4731 2528
4732 2528
4733 2528
4734 2528
4735 2527
4736 2527
4737 2527
4738 2528
4739 2528
4740 2529
4741 2527
4742 2528
4743 2528
4744 2527
4745 2527
4746 2527
4747 2527
4748 2527
4749 2529
4750 2528
4751 2528
4752 2527
4753 2527
4754 2527
4755 2531
4756 2528
4757 2528
4758 2528
4759 2527
4760 2527
4761 2526
4762 2527
4763 2532
4764 2528
4765 2528
4766 2527
4767 2528
4768 2533
4769 2530
4770 2524
4771 2528
4772 2529
4773 2528
4774 2528
4775 2528
4776 2528
4777 2528
4778 2529
4779 2529
4780 2530
4781 2530
4782 2529
4783 2530
4784 2530
4785 2531
4786 2530
4787 2531
4788 2531
4789 2530
4790 2532
4791 2533
4792 2533
4793 2533
4794 2532
4795 2532
4796 2532
4797 2527
4798 2529
4799 2528
4800 2537
4801 2537
4802 2537
4803 2536
4804 2535
4805 2537
4806 2534
4807 2533
4808 2532
4809 2533
4810 2531
4811 2531
4812 2530
4813 2534
4814 2531
4815 2531
4816 2535
4817 2533
4818 2532
4819 2532
4820 2532
4821 2531
4822 2532
4823 2532
4824 2531
4825 2531
4826 2532
4827 2532
4828 2532
4829 2532
4830 2532
4831 2532
4832 2532
4833 2532
4834 2532
4835 2532
4836 2532
4837 2532
4838 2532
4839 2532
4840 2532
4841 2535
4842 2533
4843 2531
4844 2530
4845 2529
4846 2526
4847 2527
4848 2527
4849 2526
4850 2529
4851 2526
4852 2526
4853 2525
4854 2526
4855 2526
4856 2525
4857 2526
4858 2526
4859 2525
4860 2526
4861 2527
4862 2526
4863 2526
4864 2526
4865 2526
4866 2525
4867 2526
4868 2525
4869 2526
4870 2526
4871 2526
4872 2526
4873 2525
4874 2526
4875 2529
4876 2525
4877 2525
4878 2526
4879 2526
4880 2528
4881 2526
4882 2525
4883 2525
4884 2525
4885 2525
4886 2525
4887 2527
4888 2527
4889 2525
4890 2525
4891 2525
4892 2525
4893 2525
4894 2525
4895 2525
4896 2525
4897 2525
4898 2525
4899 2525
4900 2525
4901 2525
4902 2529
4903 2525
4904 2525
4905 2525
4906 2525
4907 2525
4908 2525
4909 2525
4910 2525
4911 2525
4912 2525
4913 2525
4914 2526
4915 2526
4916 2527
4917 2526
4918 2526
4919 2526
4920 2527
4921 2529
4922 2529
4923 2525
4924 2526
4925 2525
4926 2525
4927 2525
4928 2525
4929 2525
4930 2525
4931 2526
4932 2525
4933 2525
4934 2525
4935 2525
4936 2525
4937 2525
4938 2525
4939 2525
4940 2526
4941 2526
4942 2525
4943 2525
4944 2525
4945 2525
4946 2525
4947 2525
4948 2526
4949 2526
4950 2526
4951 2526
4952 2526
4953 2526
4954 2527
4955 2527
4956 2527
4957 2529
4958 2526
4959 2527
4960 2527
4961 2528
4962 2527
4963 2528
4964 2527
4965 2526
4966 2527
4967 2527
4968 2527
4969 2526
4970 2527
4971 2526
4972 2527
4973 2527
4974 2526
4975 2527
4976 2527
4977 2526
4978 2526
4979 2527
4980 2527
4981 2527
4982 2526
4983 2526
4984 2527
4985 2527
4986 2527
4987 2527
4988 2527
4989 2527
4990 2526
4991 2526
4992 2526
4993 2527
4994 2527
4995 2526
4996 2527
4997 2527
4998 2526
4999 2526
5000 2526
5001 2526
5002 2526
5003 2526
5004 2526
5005 2526
5006 2526
5007 2526
5008 2526
5009 2526
5010 2526
5011 2526
5012 2525
5013 2526
5014 2525
5015 2525
5016 2525
5017 2529
5018 2526
5019 2525
5020 2526
5021 2526
5022 2526
5023 2527
5024 2528
5025 2527
5026 2527
5027 2527
5028 2527
5029 2527
5030 2526
5031 2528
5032 2527
5033 2527
5034 2527
5035 2527
5036 2527
5037 2527
5038 2527
5039 2527
5040 2527
5041 2527
5042 2527
5043 2533
5044 2530
5045 2531
5046 2531
5047 2534
5048 2530
5049 2530
5050 2528
5051 2528
5052 2528
5053 2527
5054 2528
5055 2528
5056 2528
5057 2528
5058 2527
5059 2528
5060 2531
5061 2529
5062 2529
5063 2529
5064 2532
5065 2532
5066 2532
5067 2534
5068 2534
5069 2530
5070 2531
5071 2530
5072 2530
5073 2530
5074 2530
5075 2528
5076 2528
5077 2530
5078 2529
5079 2530
5080 2527
5081 2527
5082 2528
5083 2528
5084 2530
5085 2532
5086 2535
5087 2535
5088 2535
5089 2535
5090 2535
5091 2536
5092 2535
5093 2535
5094 2535
5095 2535
5096 2534
5097 2532
5098 2531
5099 2531
5100 2531
5101 2532
5102 2533
5103 2532
5104 2529
5105 2528
5106 2542
5107 2532
5108 2532
5109 2536
5110 2534
5111 2534
5112 2538
5113 2533
5114 2533
5115 2534
5116 2534
5117 2532
5118 2539
5119 2531
5120 2529
5121 2530
5122 2530
5123 2534
5124 2537
5125 2531
5126 2533
5127 2532
5128 2536
5129 2531
5130 2531
5131 2533
5132 2531
5133 2530
5134 2530
5135 2531
5136 2530
5137 2533
5138 2531
5139 2531
5140 2532
5141 2532
5142 2534
5143 2531
5144 2533
5145 2532
5146 2530
5147 2539
5148 2536
5149 2537
5150 2532
5151 2531
5152 2531
5153 2530
5154 2530
5155 2530
5156 2533
5157 2531
5158 2530
5159 2530
5160 2534
5161 2529
5162 2530
5163 2529
5164 2529
5165 2542
5166 2528
5167 2529
5168 2537
5169 2530
5170 2529
5171 2529
5172 2532
5173 2530
5174 2532
5175 2531
5176 2531
5177 2528
5178 2529
5179 2533
5180 2532
5181 2527
5182 2528
5183 2528
5184 2529
5185 2530
5186 2527
5187 2529
5188 2528
5189 2527
5190 2530
5191 2531
5192 2528
5193 2529
5194 2532
5195 2528
5196 2529
5197 2530
5198 2530
5199 2536
5200 2534
5201 2534
5202 2534
5203 2533
5204 2533
5205 2532
5206 2533
5207 2533
5208 2532
5209 2532
5210 2532
5211 2531
5212 2530
5213 2533
5214 2532
5215 2532
5216 2532
5217 2537
5218 2530
5219 2540
5220 2532
5221 2531
5222 2537
5223 2537
5224 2530
5225 2531
5226 2532
5227 2530
5228 2530
5229 2529
5230 2529
5231 2529
5232 2528
5233 2528
5234 2528
5235 2528
5236 2527
5237 2527
5238 2526
5239 2526
5240 2526
5241 2525
5242 2525
5243 2524
5244 2525
5245 2525
5246 2525
5247 2525
5248 2525
5249 2526
5250 2526
5251 2526
5252 2527
5253 2527
5254 2527
5255 2527
5256 2527
5257 2527
5258 2527
5259 2528
5260 2528
5261 2528
5262 2527
5263 2527
5264 2528
5265 2527
5266 2528
5267 2529
5268 2528
5269 2527
5270 2530
5271 2528
5272 2528
5273 2528
5274 2528
5275 2528
5276 2528
5277 2527
5278 2527
5279 2527
5280 2527
5281 2527
5282 2527
5283 2527
5284 2526
5285 2526
5286 2526
5287 2525
5288 2525
5289 2526
5290 2529
5291 2526
5292 2526
5293 2526
5294 2526
5295 2526
5296 2526
5297 2525
5298 2525
5299 2524
5300 2525
5301 2524
5302 2523
5303 2523
5304 2522
5305 2523
5306 2522
5307 2523
5308 2521
5309 2520
5310 2520
5311 2520
5312 2520
5313 2521
5314 2522
5315 2523
5316 2523
5317 2524
5318 2526
5319 2522
5320 2523
5321 2523
5322 2523
5323 2523
5324 2522
5325 2522
5326 2522
5327 2522
5328 2522
5329 2521
5330 2520
5331 2520
5332 2519
5333 2517
5334 2517
5335 2517
5336 2517
5337 2516
5338 2515
5339 2514
5340 2521
5341 2521
5342 2520
5343 2515
5344 2519
5345 2519
5346 2518
5347 2517
5348 2520
5349 2520
5350 2520
5351 2521
5352 2520
5353 2519
5354 2518
5355 2517
5356 2519
5357 2514
5358 2515
5359 2518
5360 2516
5361 2517
5362 2516
5363 2516
5364 2518
5365 2519
5366 2519
5367 2518
5368 2514
5369 2515
5370 2514
5371 2514
5372 2512
5373 2511
5374 2514
5375 2514
5376 2512
5377 2512
5378 2514
5379 2514
5380 2514
5381 2514
5382 2512
5383 2512
5384 2511
5385 2511
5386 2511
5387 2511
5388 2511
5389 2511
5390 2511
5391 2518
5392 2510
5393 2510
5394 2508
5395 2509
5396 2513
5397 2509
5398 2509
5399 2508
5400 2509
5401 2508
5402 2506
5403 2511
5404 2513
5405 2507
5406 2509
5407 2510
5408 2510
5409 2506
5410 2507
5411 2507
5412 2508
5413 2509
5414 2510
5415 2510
5416 2511
5417 2510
5418 2510
5419 2509
5420 2509
5421 2509
5422 2512
5423 2508
5424 2507
5425 2511
5426 2510
5427 2509
5428 2512
5429 2512
5430 2512
5431 2506
5432 2506
5433 2506
5434 2506
5435 2506
5436 2506
5437 2506
5438 2506
5439 2505
5440 2505
5441 2505
5442 2504
5443 2503
5444 2503
5445 2502
5446 2502
5447 2502
5448 2502
5449 2502
5450 2501
5451 2501
5452 2502
5453 2508
5454 2501
5455 2500
5456 2500
5457 2507
5458 2501
5459 2501
5460 2504
5461 2507
5462 2508
5463 2506
5464 2510
5465 2500
5466 2500
5467 2501
5468 2502
5469 2502
5470 2503
5471 2503
5472 2502
5473 2503
5474 2503
5475 2503
5476 2503
5477 2503
5478 2502
5479 2503
5480 2503
5481 2503
5482 2503
5483 2502
5484 2502
5485 2502
5486 2506
5487 2505
5488 2505
5489 2506
5490 2505
5491 2506
5492 2505
5493 2506
5494 2502
5495 2502
5496 2508
5497 2506
5498 2501
5499 2500
5500 2505
5501 2505
5502 2506
5503 2507
5504 2500
5505 2502
5506 2502
5507 2502
5508 2501
5509 2501
5510 2501
5511 2501
5512 2501
5513 2501
5514 2501
5515 2498
5516 2497
5517 2498
5518 2499
5519 2498
5520 2497
5521 2497
5522 2497
5523 2497
5524 2496
5525 2496
5526 2497
5527 2497
5528 2497
5529 2497
5530 2496
5531 2497
5532 2497
5533 2497
5534 2497
5535 2496
5536 2496
5537 2495
5538 2495
5539 2495
5540 2495
5541 2494
5542 2493
5543 2496
5544 2494
5545 2494
5546 2494
5547 2494
5548 2493
5549 2493
5550 2495
5551 2492
5552 2492
5553 2491
5554 2491
5555 2491
5556 2492
5557 2489
5558 2489
5559 2490
5560 2489
5561 2488
5562 2489
5563 2489
5564 2488
5565 2488
5566 2487
5567 2487
5568 2487
5569 2486
5570 2486
5571 2485
5572 2485
5573 2484
5574 2484
5575 2484
5576 2484
5577 2483
5578 2482
5579 2482
5580 2482
5581 2481
5582 2481
5583 2480
5584 2480
5585 2479
5586 2482
5587 2484
5588 2479
5589 2478
5590 2479

4220 2561
4221 2563
4222 2563
4223 2565
4224 2563
4225 2563
4226 2563
4227 2566
4228 2555
4229 2566
4230 2565
4231 2556
4232 2563
4233 2563
4234 2564
4235 2564
4236 2555
4237 2562
4238 2568
4239 2565
4240 2562
4241 2566
4242 2565
4243 2555
4244 2560
4245 2554
4246 2560
4247 2560
4248 2555
4249 2568
4250 2566
4251 2563
4252 2566
4253 2565
4254 2565
4255 2562
4256 2554
4257 2554
4258 2567
4259 2561
4260 2559
4261 2558
4262 2563
4263 2566
4264 2566
4265 2560
4266 2561
4267 2561
4268 2561
4269 2560
4270 2559
4271 2556
4272 2558
4273 2563
4274 2563
4275 2562
4276 2565
4277 2565
4278 2568
4279 2567
4280 2562
4281 2567
4282 2563
4283 2567
4284 2563
4285 2566
4286 2561
4287 2566
4288 2563
4289 2553
4290 2567
4291 2553
4292 2553
4293 2555
4294 2553
4295 2562
4296 2559
4297 2559
4298 2555
4299 2558
4300 2553
4301 2567
4302 2560
4303 2559
4304 2562
4305 2562
4306 2561
4307 2563
4308 2561
4309 2559
4310 2562
4311 2559
4312 2560
4313 2560
4314 2564
4315 2558
4316 2559
4317 2553
4318 2560
4319 2553
4320 2552
4321 2558
4322 2563
4323 2560
4324 2561
4325 2557
4326 2561
4327 2561
4328 2561
4329 2560
4330 2559
4331 2560
4332 2564
4333 2560
4334 2560
4335 2560
4336 2563
4337 2560
4338 2566
4339 2557
4340 2557
4341 2558
4342 2561
4343 2560
4344 2561
4345 2561
4346 2555
4347 2555
4348 2556
4349 2556
4350 2564
4351 2552
4352 2554
4353 2562
4354 2564
4355 2554
4356 2562
4357 2560
4358 2562
4359 2558
4360 2556
4361 2558
4362 2564
4363 2552
4364 2557
4365 2556
4366 2555
4367 2564
4368 2555
4369 2558
4370 2556
4371 2564
4372 2561
4373 2561
4374 2554
4375 2553
4376 2562
4377 2567
4378 2565
4379 2562
4380 2566
4381 2567
4382 2553
4383 2567
4384 2553
4385 2557
4386 2558
4387 2566
4388 2555
4389 2560
4390 2556
4391 2562
4392 2555
4393 2559
4394 2559
4395 2559
4396 2562
4397 2559
4398 2558
4399 2560
4400 2554
4401 2553
4402 2553
4403 2557
4404 2555
4405 2556
4406 2554
4407 2555
4408 2557
4409 2558
4410 2555
4411 2557
4412 2558
4413 2559
4414 2556
4415 2556
4416 2559
4417 2565
4418 2557
4419 2561
4420 2561
4421 2561
4422 2560
4423 2560
4424 2559
4425 2560
4426 2560
4427 2559
4428 2560
4429 2562
4430 2562
4431 2561
4432 2560
4433 2560
4434 2564
4435 2559
4436 2558
4437 2559
4438 2558
4439 2557
4440 2556
4441 2559
4442 2566
4443 2560
4444 2554
4445 2561
4446 2562
4447 2565
4448 2561
4449 2563
4450 2561
4451 2564
4452 2558
4453 2566
4454 2560
4455 2560
4456 2558
4457 2557
4458 2563
4459 2561
4460 2562
4461 2560

