1325 2414
1326 2414
1327 2415
1328 2414
1329 2415
1330 2415
1331 2415
1332 2415
1333 2415
1334 2415
1335 2415
1336 2416
1337 2416
1338 2415
1339 2421
1340 2416
1341 2416
1342 2416
1343 2416
1344 2416
1345 2416
1346 2416
1347 2416
1348 2416
1349 2417
1350 2417
1351 2417
1352 2418
1353 2417
1354 2416
1355 2416
1356 2416
1357 2416
1358 2417
1359 2417
1360 2417
1361 2417
1362 2417
1363 2417
1364 2418
1365 2418
1366 2417
1367 2418
1368 2418
1369 2418
1370 2417
1371 2417
1372 2418
1373 2418
1374 2418
1375 2419
1376 2421
1377 2418
1378 2418
1379 2419
1380 2418
1381 2418
1382 2418
1383 2418
1384 2419
1385 2419
1386 2419
1387 2419
1388 2420
1389 2419
1390 2418
1391 2419
1392 2419
1393 2419
1394 2419
1395 2419
1396 2420
1397 2418
1398 2418
1399 2419
1400 2419
1401 2419
1402 2419
1403 2419
1404 2419
1405 2419
1406 2419
1407 2419
1408 2419
1409 2418
1410 2418
1411 2418
1412 2418
1413 2418
1414 2418
1415 2418
1416 2418
1417 2417
1418 2418
1419 2418
1420 2418
1421 2418
1422 2418
1423 2419
1424 2418
1425 2418
1426 2418
1427 2418
1428 2418
1429 2418
1430 2418
1431 2418
1432 2417
1433 2418
1434 2418
1435 2418
1436 2417
1437 2418
1438 2418
1439 2418
1440 2419
1441 2418
1442 2419
1443 2419
1444 2419
1445 2419
1446 2419
1447 2419
1448 2419
1449 2419
1450 2419
1451 2419
1452 2419
1453 2419
1454 2419
1455 2419
1456 2419
1457 2419
1458 2419
1459 2419
1460 2419
1461 2419
1462 2419
1463 2419
1464 2419
1465 2419
1466 2419
1467 2419
1468 2419
1469 2419
1470 2419
1471 2419
1472 2419
1473 2419
1474 2419
1475 2419
1476 2419
1477 2419
1478 2419
1479 2419
1480 2419
1481 2420
1482 2420
1483 2419
1484 2420
1485 2419
1486 2419
1487 2420
1488 2419
1489 2419
1490 2419
1491 2419
1492 2419
1493 2419
1494 2419
1495 2420
1496 2420
1497 2420
1498 2420
1499 2420
1500 2420
1501 2420
1502 2420
1503 2421
1504 2421
1505 2421
1506 2420
1507 2420
1508 2420
1509 2420
1510 2420
1511 2420
1512 2420
1513 2421
1514 2421
1515 2421
1516 2420
1517 2421
1518 2421
1519 2421
1520 2421
1521 2421
1522 2421
1523 2421
1524 2421
1525 2420
1526 2420
1527 2420
1528 2420
1529 2420
1530 2420
1531 2420
1532 2420
1533 2420
1534 2420
1535 2420
1536 2420
1537 2420
1538 2420
1539 2420
1540 2420
1541 2420
1542 2419
1543 2420
1544 2419
1545 2419
1546 2419
1547 2419
1548 2419
1549 2419
1550 2419
1551 2419
1552 2418
1553 2418
1554 2418
1555 2419
1556 2418
1557 2418
1558 2418
1559 2418
1560 2418
1561 2417
1562 2417
1563 2417
1564 2418
1565 2417
1566 2417
1567 2417
1568 2417
1569 2417
1570 2418
1571 2418
1572 2418
1573 2417
1574 2418
1575 2418
1576 2417
1577 2418
1578 2417
1579 2417
1580 2417
1581 2418
1582 2417
1583 2418
1584 2417
1585 2417
1586 2417
1587 2417
1588 2417
1589 2417
1590 2417
1591 2416
1592 2416
1593 2417
1594 2417
1595 2417
1596 2417
1597 2417
1598 2417
1599 2417
1600 2416
1601 2417
1602 2417
1603 2417
1604 2417
1605 2418
1606 2418
1607 2419
1608 2417
1609 2418
1610 2417
1611 2418
1612 2417
1613 2418
1614 2417
1615 2418
1616 2417
1617 2417
1618 2417
1619 2417
1620 2416
1621 2418
1622 2417
1623 2417
1624 2417
1625 2417
1626 2416
1627 2417
1628 2417
1629 2418
1630 2417
1631 2418
1632 2417
1633 2418
1634 2419
1635 2417
1636 2418
1637 2417
1638 2417
1639 2417
1640 2417
1641 2417
1642 2418
1643 2418
1644 2418
1645 2418
1646 2418
1647 2418
1648 2418
1649 2418
1650 2418
1651 2418
1652 2418
1653 2418
1654 2418
1655 2418
1656 2418
1657 2418
1658 2418
1659 2418
1660 2418
1661 2419
1662 2418
1663 2418
1664 2418
1665 2418
1666 2418
1667 2418
1668 2419
1669 2418
1670 2418
1671 2419
1672 2418
1673 2418
1674 2418
1675 2418
1676 2418
1677 2418
1678 2418
1679 2419
1680 2419
1681 2419
1682 2419
1683 2419
1684 2419
1685 2418
1686 2419
1687 2419
1688 2419
1689 2419
1690 2420
1691 2419
1692 2419
1693 2419
1694 2418
1695 2419
1696 2419
1697 2419
1698 2419
1699 2419
1700 2419
1701 2420
1702 2419
1703 2422
1704 2419
1705 2420
1706 2419
1707 2419
1708 2419
1709 2420
1710 2420
1711 2420
1712 2419
1713 2420
1714 2419
1715 2421
1716 2421
1717 2420
1718 2420
1719 2420
1720 2420
1721 2420
1722 2420
1723 2420
1724 2420
1725 2420
1726 2420
1727 2420
1728 2421
1729 2421
1730 2421
1731 2422
1732 2422
1733 2421
1734 2422
1735 2422
1736 2422
1737 2421
1738 2422
1739 2422
1740 2423
1741 2422
1742 2422
1743 2422
1744 2423
1745 2423
1746 2422
1747 2423
1748 2423
1749 2424
1750 2424
1751 2423
1752 2423
1753 2423
1754 2424
1755 2423
1756 2424
1757 2425
1758 2424
1759 2424
1760 2423
1761 2424
1762 2424
1763 2424
1764 2423
1765 2423
1766 2423
1767 2424
1768 2423
1769 2424
1770 2423
1771 2423
1772 2423
1773 2423
1774 2423
1775 2423
1776 2423
1777 2423
1778 2423
1779 2423
1780 2424
1781 2423
1782 2423
1783 2423
1784 2423
1785 2423
1786 2423
1787 2423
1788 2423
1789 2423
1790 2423
1791 2423
1792 2423
1793 2424
1794 2423
1795 2423
1796 2423
1797 2423
1798 2423
1799 2423
1800 2423
1801 2424
1802 2423
1803 2423
1804 2423
1805 2423
1806 2423
1807 2423
1808 2423
1809 2423
1810 2423
1811 2424
1812 2423
1813 2423
1814 2423
1815 2423
1816 2423
1817 2423
1818 2423
1819 2423
1820 2423
1821 2423
1822 2423
1823 2423
1824 2424
1825 2423
1826 2424
1827 2424
1828 2423
1829 2424
1830 2424
1831 2423
1832 2424
1833 2424
1834 2424
1835 2424
1836 2425
1837 2424
1838 2425
1839 2424
1840 2425
1841 2425
1842 2425
1843 2425
1844 2425
1845 2425
1846 2424
1847 2425
1848 2424
1849 2425
1850 2424
1851 2425
1852 2424
1853 2424
1854 2425
1855 2425
1856 2425
1857 2424
1858 2424
1859 2424
1860 2424
1861 2425
1862 2425
1863 2424
1864 2424
1865 2424
1866 2424
1867 2424
1868 2424
1869 2424
1870 2424
1871 2424
1872 2424
1873 2424
1874 2424
1875 2424
1876 2424
1877 2424
1878 2424
1879 2424
1880 2424
1881 2424
1882 2424
1883 2424
1884 2424
1885 2424
1886 2424
1887 2424
1888 2424
1889 2424
1890 2424
1891 2424
1892 2424
1893 2424
1894 2424
1895 2424
1896 2424
1897 2424
1898 2425
1899 2424
1900 2425
1901 2424
1902 2425
1903 2424
1904 2424
1905 2424
1906 2424
1907 2424
1908 2425
1909 2424
1910 2425
1911 2424
1912 2424
1913 2424
1914 2424
1915 2425
1916 2425
1917 2425
1918 2425
1919 2425
1920 2425
1921 2425
1922 2425
1923 2425
1924 2425
1925 2426
1926 2426
1927 2425
1928 2426
1929 2426
1930 2426
1931 2426
1932 2426
1933 2426
1934 2427
1935 2427
1936 2427
1937 2427
1938 2427
1939 2427
1940 2428
1941 2428
1942 2428
1943 2428
1944 2428
1945 2428
1946 2428
1947 2428
1948 2428
1949 2428
1950 2429
1951 2428
1952 2429
1953 2428
1954 2429
1955 2429
1956 2429
1957 2429
1958 2429
1959 2429
1960 2429
1961 2429
1962 2429
1963 2429
1964 2430
1965 2430
1966 2430
1967 2430
1968 2430
1969 2430
1970 2430
1971 2430
1972 2430
1973 2430
1974 2430
1975 2430
1976 2430
1977 2430
1978 2430
1979 2430
1980 2430
1981 2430
1982 2431
1983 2431
1984 2431
1985 2432
1986 2431
1987 2431
1988 2431
1989 2434
1990 2432
1991 2433
1992 2431
1993 2431
1994 2431
1995 2432
1996 2433
1997 2432
1998 2432
1999 2433
2000 2433
2001 2433
2002 2432
2003 2433
2004 2432
2005 2433
2006 2432
2007 2433
2008 2435
2009 2434
2010 2433
2011 2433
2012 2435
2013 2434
2014 2434
2015 2433
2016 2433
2017 2433
2018 2434
2019 2435
2020 2434
2021 2435
2022 2434
2023 2435
2024 2435
2025 2433
2026 2435
2027 2433
2028 2435
2029 2433
2030 2435
2031 2435
2032 2435
2033 2433
2034 2433
2035 2435
2036 2435
2037 2433
2038 2433
2039 2433
2040 2433
2041 2433
2042 2433
2043 2434
2044 2437
2045 2437
2046 2433
2047 2434
2048 2440
2049 2438
2050 2432
2051 2433
2052 2441
2053 2446
2054 2436
2055 2435
2056 2439
2057 2436
2058 2436
2059 2437
2060 2434
2061 2435
2062 2436
2063 2437
2064 2437
2065 2438
2066 2440
2067 2440
2068 2440
2069 2441
2070 2441
2071 2442
2072 2441
2073 2441
2074 2442
2075 2442
2076 2442
2077 2443
2078 2443
2079 2443
2080 2443
2081 2442
2082 2442
2083 2442
2084 2442
2085 2442
2086 2444
2087 2443
2088 2442
2089 2442
2090 2443
2091 2443
2092 2443
2093 2443
2094 2443
2095 2443
2096 2443
2097 2443
2098 2443
2099 2443
2100 2443
2101 2443
2102 2443
2103 2444
2104 2443
2105 2443
2106 2443
2107 2443
2108 2443
2109 2443
2110 2443
2111 2443
2112 2443
2113 2443
2114 2443
2115 2442
2116 2443
2117 2442
2118 2441
2119 2442
2120 2441
2121 2442
2122 2442
2123 2442
2124 2442
2125 2442
2126 2441
2127 2442
2128 2442
2129 2441
2130 2441
2131 2441
2132 2441
2133 2441
2134 2441
2135 2441
2136 2441
2137 2441
2138 2441
2139 2441
2140 2441
2141 2441
2142 2441
2143 2441
2144 2441
2145 2441
2146 2441
2147 2441
2148 2441
2149 2441
2150 2441
2151 2442
2152 2442
2153 2442
2154 2441
2155 2442
2156 2442
2157 2442
2158 2443
2159 2442
2160 2442
2161 2442
2162 2443
2163 2442
2164 2442
2165 2443
2166 2443
2167 2443
2168 2443
2169 2442
2170 2443
2171 2443
2172 2444
2173 2444
2174 2444
2175 2444
2176 2445
2177 2444
2178 2444
2179 2445
2180 2445
2181 2445
2182 2445
2183 2445
2184 2447
2185 2447
2186 2447
2187 2447
2188 2447
2189 2447
2190 2447
2191 2447
2192 2447
2193 2447
2194 2447
2195 2447
2196 2447
2197 2446
2198 2447
2199 2448
2200 2461
2201 2448
2202 2448
2203 2448
2204 2448
2205 2448
2206 2448
2207 2449
2208 2449
2209 2449
2210 2450
2211 2449
2212 2450
2213 2450
2214 2450
2215 2450
2216 2451
2217 2450
2218 2451
2219 2451
2220 2451
2221 2451
2222 2451
2223 2451
2224 2452
2225 2452
2226 2452
2227 2452
2228 2452
2229 2453
2230 2453
2231 2453
2232 2453
2233 2452
2234 2452
2235 2453
2236 2452
2237 2453
2238 2453
2239 2453
2240 2453
2241 2453
2242 2453
2243 2453
2244 2453
2245 2454
2246 2454
2247 2454
2248 2454
2249 2454
2250 2454
2251 2455
2252 2455
2253 2455
2254 2455
2255 2456
2256 2455
2257 2456
2258 2456
2259 2457
2260 2457
2261 2458
2262 2458
2263 2458
2264 2458
2265 2458
2266 2458
2267 2458
2268 2458
2269 2458
2270 2459
2271 2459
2272 2459
2273 2459
2274 2460
2275 2460
2276 2460
2277 2461
2278 2461
2279 2461
2280 2461
2281 2462
2282 2462
2283 2463
2284 2461
2285 2461
2286 2461
2287 2461
2288 2463
2289 2463
2290 2465
2291 2464
2292 2463
2293 2464
2294 2463
2295 2463
2296 2464
2297 2464
2298 2464
2299 2464
2300 2464
2301 2464
2302 2464
2303 2465
2304 2465
2305 2465
2306 2465
2307 2466
2308 2466
2309 2466
2310 2466
2311 2465
2312 2464
2313 2463
2314 2464
2315 2465
2316 2465
2317 2464
2318 2464
2319 2464
2320 2464
2321 2464
2322 2465
2323 2465
2324 2465
2325 2464
2326 2464
2327 2465
2328 2465
2329 2464
2330 2465
2331 2465
2332 2465
2333 2465
2334 2465
2335 2464
2336 2464
2337 2465
2338 2465
2339 2464
2340 2464
2341 2465
2342 2465
2343 2464
2344 2465
2345 2465
2346 2464
2347 2465
2348 2465
2349 2465
2350 2465
2351 2465
2352 2465
2353 2466
2354 2466
2355 2466
2356 2466
2357 2466
2358 2466
2359 2466
2360 2466
2361 2467
2362 2467
2363 2467
2364 2467
2365 2467
2366 2467
2367 2467
2368 2467
2369 2468
2370 2468
2371 2468
2372 2467
2373 2468
2374 2468
2375 2468
2376 2468
2377 2467
2378 2468
2379 2468
2380 2468
2381 2468
2382 2468
2383 2469
2384 2469
2385 2468
2386 2468
2387 2468
2388 2468
2389 2468
2390 2468
2391 2468
2392 2468
2393 2468
2394 2468
2395 2468
2396 2468
2397 2467
2398 2467
2399 2468
2400 2467
2401 2467
2402 2467
2403 2466
2404 2466
2405 2467
2406 2467
2407 2467
2408 2466
2409 2467
2410 2466
2411 2466
2412 2466
2413 2467
2414 2467
2415 2466
2416 2466
2417 2467
2418 2467
2419 2467
2420 2467
2421 2467
2422 2467
2423 2466
2424 2466
2425 2467
2426 2466
2427 2466
2428 2466
2429 2466
2430 2466
2431 2466
2432 2466
2433 2467
2434 2467
2435 2466
2436 2466
2437 2466
2438 2466
2439 2467
2440 2467
2441 2467
2442 2467
2443 2468
2444 2467
2445 2467
2446 2467
2447 2467
2448 2468
2449 2468
2450 2468
2451 2468
2452 2468
2453 2468
2454 2469
2455 2469
2456 2469
2457 2470
2458 2469
2459 2469
2460 2468
2461 2468
2462 2469
2463 2469
2464 2469
2465 2469
2466 2470
2467 2470
2468 2469
2469 2469
2470 2469
2471 2468
2472 2469
2473 2468
2474 2469
2475 2469
2476 2469
2477 2469
2478 2469
2479 2469
2480 2470
2481 2469
2482 2470
2483 2470
2484 2470
2485 2470
2486 2470
2487 2473
2488 2469
2489 2469
2490 2469
2491 2468
2492 2468
2493 2468
2494 2467
2495 2468
2496 2472
2497 2469
2498 2468
2499 2469
2500 2469
2501 2469
2502 2469
2503 2468
2504 2469
2505 2469
2506 2469
2507 2469
2508 2470
2509 2469
2510 2470
2511 2470
2512 2470
2513 2470
2514 2469
2515 2470
2516 2470
2517 2470
2518 2469
2519 2470
2520 2470
2521 2470
2522 2470
2523 2470
2524 2470
2525 2470
2526 2470
2527 2470
2528 2471
2529 2471
2530 2471
2531 2471
2532 2471
2533 2471
2534 2472
2535 2472
2536 2472
2537 2472
2538 2472
2539 2472
2540 2472
2541 2473
2542 2474
2543 2474
2544 2474
2545 2473
2546 2474
2547 2474
2548 2475
2549 2474
2550 2474
2551 2474
2552 2474
2553 2475
2554 2474
2555 2474
2556 2475
2557 2474
2558 2475
2559 2475
2560 2475
2561 2474
2562 2474
2563 2475
2564 2474
2565 2474
2566 2474
2567 2475
2568 2473
2569 2475
2570 2474
2571 2474
2572 2474
2573 2474
2574 2476
2575 2475
2576 2474
2577 2475
2578 2475
2579 2475
2580 2475
2581 2476
2582 2475
2583 2475
2584 2475
2585 2476
2586 2476
2587 2475
2588 2475
2589 2475
2590 2475
2591 2475
2592 2476
2593 2475
2594 2475
2595 2475
2596 2475
2597 2476
2598 2475
2599 2476
2600 2476
2601 2476
2602 2477
2603 2476
2604 2475
2605 2477
2606 2475
2607 2475
2608 2475
2609 2475
2610 2475
2611 2476
2612 2476
2613 2475
2614 2476
2615 2476
2616 2476
2617 2476
2618 2475
2619 2478
2620 2476
2621 2476
2622 2477
2623 2477
2624 2477
2625 2476
2626 2476
2627 2477
2628 2477
2629 2477
2630 2477
2631 2477
2632 2477
2633 2477
2634 2477
2635 2476
2636 2477
2637 2476
2638 2478
2639 2478
2640 2477
2641 2477
2642 2478
2643 2477
2644 2478
2645 2478
2646 2478
2647 2477
2648 2477
2649 2477
2650 2477
2651 2478
2652 2478
2653 2478
2654 2478
2655 2478
2656 2478
2657 2478
2658 2479
2659 2478
2660 2478
2661 2478
2662 2479
2663 2479
2664 2479
2665 2479
2666 2479
2667 2479
2668 2479
2669 2479
2670 2480
2671 2479
2672 2479
2673 2480
2674 2480
2675 2479
2676 2479
2677 2480
2678 2479
2679 2479
2680 2480
2681 2480
2682 2480
2683 2480
2684 2480
2685 2480
2686 2481
2687 2480
2688 2480
2689 2479
2690 2480
2691 2480
2692 2480
2693 2480
2694 2480
2695 2480
2696 2481
2697 2480
2698 2480
2699 2480
2700 2481
2701 2480
2702 2480
2703 2480
2704 2480
2705 2481
2706 2480
2707 2480
2708 2481
2709 2480
2710 2480
2711 2480
2712 2480
2713 2480
2714 2480
2715 2479
2716 2480
2717 2481
2718 2480
2719 2481
2720 2481
2721 2481
2722 2481
2723 2481
2724 2481
2725 2481
2726 2481
2727 2481
2728 2481
2729 2481
2730 2481
2731 2481
2732 2481
2733 2482
2734 2482
2735 2481
2736 2482
2737 2482
2738 2481
2739 2481
2740 2482
2741 2481
2742 2482
2743 2482
2744 2483
2745 2482
2746 2483
2747 2484
2748 2483
2749 2483
2750 2483
2751 2483
2752 2483
2753 2483
2754 2483
2755 2483
2756 2483
2757 2483
2758 2483
2759 2483
2760 2484
2761 2483
2762 2483
2763 2484
2764 2483
2765 2483
2766 2484
2767 2484
2768 2484
2769 2484
2770 2484
2771 2484
2772 2484
2773 2483
2774 2484
2775 2484
2776 2484
2777 2484
2778 2484
2779 2485
2780 2484
2781 2485
2782 2485
2783 2485
2784 2485
2785 2484
2786 2485
2787 2485
2788 2485
2789 2485
2790 2485
2791 2485
2792 2485
2793 2485
2794 2485
2795 2486
2796 2486
2797 2486
2798 2486
2799 2486
2800 2486
2801 2486
2802 2486
2803 2486
2804 2486
2805 2486
2806 2487
2807 2486
2808 2485
2809 2486
2810 2487
2811 2486
2812 2486
2813 2486
2814 2486
2815 2486
2816 2487
2817 2486
2818 2486
2819 2487
2820 2487
2821 2487
2822 2488
2823 2491
2824 2493
2825 2493
2826 2492
2827 2487
2828 2492
2829 2491
2830 2490
2831 2487
2832 2489
2833 2487
2834 2487
2835 2487
2836 2487
2837 2487
2838 2487
2839 2488
2840 2487
2841 2488
2842 2487
2843 2487
2844 2488
2845 2487
2846 2487
2847 2487
2848 2487
2849 2489
2850 2488
2851 2488
2852 2488
2853 2489
2854 2489
2855 2489
2856 2489
2857 2489
2858 2489
2859 2489
2860 2489
2861 2489
2862 2489
2863 2489
2864 2489
2865 2489
2866 2489
2867 2489
2868 2490
2869 2489
2870 2489
2871 2490
2872 2489
2873 2489
2874 2490
2875 2489
2876 2489
2877 2489
2878 2490
2879 2489
2880 2489
2881 2489
2882 2489
2883 2489
2884 2489
2885 2489
2886 2489
2887 2489
2888 2489
2889 2489
2890 2489
2891 2489
2892 2489
2893 2489
2894 2489
2895 2490
2896 2489
2897 2490
2898 2490
2899 2490
2900 2490
2901 2491
2902 2491
2903 2491
2904 2491
2905 2491
2906 2491
2907 2491
2908 2491
2909 2492
2910 2491
2911 2493
2912 2495
2913 2494
2914 2495
2915 2498
2916 2495
2917 2498
2918 2498
2919 2499
2920 2498
2921 2497
2922 2500
2923 2499
2924 2498
2925 2498
2926 2500
2927 2497
2928 2497
2929 2499
2930 2498
2931 2498
2932 2497
2933 2496
2934 2496
2935 2495
2936 2493
2937 2493
2938 2493
2939 2493
2940 2493
2941 2493
2942 2493
2943 2493
2944 2493
2945 2494
2946 2493
2947 2492
2948 2493
2949 2493
2950 2493
2951 2494
2952 2494
2953 2494
2954 2493
2955 2493
2956 2493
2957 2493
2958 2492
2959 2493
2960 2493
2961 2493
2962 2493
2963 2493
2964 2493
2965 2493
2966 2493
2967 2493
2968 2493
2969 2493
2970 2493
2971 2493
2972 2493
2973 2493
2974 2494
2975 2494
2976 2494
2977 2493
2978 2494
2979 2494
2980 2494
2981 2494
2982 2494
2983 2494
2984 2494
2985 2494
2986 2494
2987 2494
2988 2495
2989 2494
2990 2495
2991 2495
2992 2495
2993 2495
2994 2495
2995 2495
2996 2495
2997 2495
2998 2495
2999 2496
3000 2495
3001 2496
3002 2495
3003 2495
3004 2496
3005 2496
3006 2496
3007 2496
3008 2496
3009 2496
3010 2496
3011 2495
3012 2496
3013 2496
3014 2497
3015 2496
3016 2497
3017 2497
3018 2497
3019 2497
3020 2497
3021 2497
3022 2497
3023 2497
3024 2497
3025 2497
3026 2497
3027 2497
3028 2497
3029 2497
3030 2497
3031 2497
3032 2497
3033 2497
3034 2497
3035 2497
3036 2497
3037 2497
3038 2497
3039 2497
3040 2497
3041 2497
3042 2497
3043 2497
3044 2497
3045 2497
3046 2497
3047 2497
3048 2497
3049 2497
3050 2497
3051 2496
3052 2497
3053 2497
3054 2497
3055 2497
3056 2497
3057 2497
3058 2497
3059 2497
3060 2497
3061 2497
3062 2497
3063 2497
3064 2497
3065 2497
3066 2497
3067 2497
3068 2497
3069 2497
3070 2496
3071 2497
3072 2496
3073 2496
3074 2496
3075 2496
3076 2496
3077 2496
3078 2496
3079 2496
3080 2496
3081 2496
3082 2496
3083 2496
3084 2496
3085 2496
3086 2496
3087 2496
3088 2496
3089 2497
3090 2497
3091 2497
3092 2497
3093 2497
3094 2497
3095 2497
3096 2497
3097 2497
3098 2497
3099 2497
3100 2498
3101 2498
3102 2497
3103 2497
3104 2498
3105 2498
3106 2498
3107 2497
3108 2498
3109 2497
3110 2497
3111 2497
3112 2498
3113 2497
3114 2497
3115 2497
3116 2497
3117 2496
3118 2497
3119 2497
3120 2496
3121 2496
3122 2497
3123 2496
3124 2496
3125 2497
3126 2497
3127 2496
3128 2496
3129 2497
3130 2496
3131 2497
3132 2497
3133 2496
3134 2497
3135 2497
3136 2497
3137 2497
3138 2497
3139 2497
3140 2497
3141 2497
3142 2497
3143 2497
3144 2497
3145 2497
3146 2497
3147 2497
3148 2497
3149 2497
3150 2496
3151 2496
3152 2496
3153 2497
3154 2496
3155 2497
3156 2497
3157 2497
3158 2496
3159 2496
3160 2496
3161 2496
3162 2496
3163 2496
3164 2496
3165 2496
3166 2496
3167 2496
3168 2496
3169 2496
3170 2495
3171 2495
3172 2496
3173 2495
3174 2496
3175 2495
3176 2496
3177 2496
3178 2496
3179 2496
3180 2496
3181 2496
3182 2496
3183 2496
3184 2496
3185 2495
3186 2496
3187 2496
3188 2495
3189 2495
3190 2495
3191 2496
3192 2496
3193 2495
3194 2495
3195 2495
3196 2495
3197 2495
3198 2495
3199 2495
3200 2495
3201 2495
3202 2495
3203 2495
3204 2495
3205 2495
3206 2495
3207 2494
3208 2495
3209 2495
3210 2495
3211 2500
3212 2496
3213 2496
3214 2496
3215 2496
3216 2497
3217 2497
3218 2497
3219 2495
3220 2496
3221 2497
3222 2496
3223 2496
3224 2496
3225 2497
3226 2497
3227 2497
3228 2497
3229 2497
3230 2497
3231 2498
3232 2497
3233 2496
3234 2496
3235 2496
3236 2496
3237 2496
3238 2496
3239 2496
3240 2497
3241 2496
3242 2497
3243 2497
3244 2496
3245 2496
3246 2497
3247 2497
3248 2496
3249 2496
3250 2496
3251 2495
3252 2496
3253 2496
3254 2496
3255 2497
3256 2497
3257 2497
3258 2496
3259 2497
3260 2497
3261 2497
3262 2496
3263 2497
3264 2497
3265 2497
3266 2497
3267 2497
3268 2497
3269 2497
3270 2497
3271 2497
3272 2498
3273 2497
3274 2497
3275 2497
3276 2498
3277 2497
3278 2498
3279 2498
3280 2498
3281 2498
3282 2497
3283 2497
3284 2497
3285 2498
3286 2497
3287 2497
3288 2497
3289 2497
3290 2498
3291 2498
3292 2497
3293 2497
3294 2497
3295 2497
3296 2497
3297 2497
3298 2497
3299 2497
3300 2497
3301 2497
3302 2497
3303 2497
3304 2497
3305 2497
3306 2497
3307 2497
3308 2497
3309 2497
3310 2498
3311 2497
3312 2497
3313 2497
3314 2497
3315 2497
3316 2497
3317 2497
3318 2498
3319 2498
3320 2498
3321 2497
3322 2497
3323 2497
3324 2496
3325 2497
3326 2497
3327 2497
3328 2496
3329 2497
3330 2497
3331 2497
3332 2496
3333 2496
3334 2496
3335 2496
3336 2496
3337 2496
3338 2496
3339 2496
3340 2495
3341 2495
3342 2495
3343 2495
3344 2496
3345 2495
3346 2495
3347 2499
3348 2494
3349 2495
3350 2495
3351 2494
3352 2495
3353 2494
3354 2495
3355 2496
3356 2495
3357 2495
3358 2495
3359 2495
3360 2495
3361 2495
3362 2495
3363 2495
3364 2495
3365 2495
3366 2495
3367 2495
3368 2495
3369 2495
3370 2495
3371 2495
3372 2496
3373 2496
3374 2495
3375 2495
3376 2495
3377 2495
3378 2496
3379 2496
3380 2496
3381 2495
3382 2495
3383 2495
3384 2495
3385 2496
3386 2495
3387 2495
3388 2495
3389 2495
3390 2495
3391 2495
3392 2495
3393 2495
3394 2495
3395 2495
3396 2495
3397 2495
3398 2495
3399 2495
3400 2495
3401 2494
3402 2495
3403 2495
3404 2495
3405 2495
3406 2494
3407 2495
3408 2495
3409 2495
3410 2494
3411 2495
3412 2494
3413 2494
3414 2495
3415 2495
3416 2495
3417 2495
3418 2495
3419 2495
3420 2495
3421 2495
3422 2495
3423 2495
3424 2495
3425 2495
3426 2495
3427 2495
3428 2495
3429 2496
3430 2495
3431 2495
3432 2495
3433 2495
3434 2495
3435 2495
3436 2495
3437 2497
3438 2495
3439 2495
3440 2495
3441 2495
3442 2495
3443 2495
3444 2496
3445 2495
3446 2495
3447 2495
3448 2495
3449 2496
3450 2495
3451 2496
3452 2495
3453 2495
3454 2496
3455 2496
3456 2496
3457 2496
3458 2496
3459 2496
3460 2495
3461 2496
3462 2496
3463 2496
3464 2496
3465 2495
3466 2495
3467 2495
3468 2495
3469 2495
3470 2495
3471 2495
3472 2495
3473 2495
3474 2495
3475 2495
3476 2495
3477 2495
3478 2494
3479 2494
3480 2494
3481 2494
3482 2494
3483 2494
3484 2494
3485 2494
3486 2497
3487 2494
3488 2494
3489 2493
3490 2493
3491 2494
3492 2494
3493 2494
3494 2494
3495 2494
3496 2494
3497 2494
3498 2494
3499 2494
3500 2494
3501 2494
3502 2494
3503 2494
3504 2493
3505 2493
3506 2494
3507 2494
3508 2494
3509 2494

1535 9999
1536 9999
1537 9999
1538 9999
1539 9999
1540 9999
1541 9999
1542 9999
1543 9999
1544 9999
1545 9999
1546 9999
1547 9999
1548 9999
1549 2431
1550 9999
1551 9999
1552 2438
1553 2436
1554 2431
1555 2431
1556 2433
1557 2434
1558 2435
1559 2434
1560 9999
1561 2435
1562 2436
1563 2437
1564 2437
1565 2437
1566 2438
1567 2437
1568 2438
1569 2438
1570 2438
1571 2438
1572 2438
1573 2434
1574 2439
1575 2433
1576 2439
1577 2439
1578 2439
1579 2439
1580 2440
1581 2439
1582 2439
1583 2439
1584 2434
1585 2438
1586 2438
1587 2437
1588 2439
1589 2439
1590 2440
1591 2439
1592 2440
1593 2441
1594 2439
1595 2438
1596 2443
1597 2443
1598 2438
1599 2439
1600 2439
1601 2439
1602 2440
1603 2441
1604 2439
1605 2439
1606 2439
1607 2439
1608 2440
1609 2434
1610 2439
1611 2446
1612 2441
1613 2441
1614 2441
1615 2441
1616 2448
1617 2442
1618 2443
1619 2444
1620 2443
1621 2442
1622 2442
1623 2442
1624 2442
1625 2442
1626 2442
1627 2442
1628 2444
1629 2445
1630 2445
1631 2447
1632 2447
1633 2444
1634 2444
1635 2444
1636 2444
1637 2445
1638 2445
1639 2445
1640 2447
1641 2447
1642 2448
1643 2446
1644 2447
1645 2446
1646 2447
1647 2446
1648 2446
1649 2446
1650 2448
1651 2441
1652 2439
1653 2445
1654 2448
1655 2449
1656 2448
1657 2447
1658 2447
1659 2447
1660 2449
1661 2448
1662 2445
1663 2446
1664 2444
1665 2448
1666 2447
1667 2449
1668 2450
1669 2450
1670 2448
1671 2449
1672 2450
1673 2449
1674 2451
1675 2450
1676 2449
1677 2448
1678 2449
1679 2448
1680 2449
1681 2449
1682 2448
1683 2449
1684 2450
1685 2450
1686 2450
1687 2450
1688 2454
1689 2449
1690 2450
1691 2451
1692 2451
1693 2453
1694 2446
1695 2451
1696 2455
1697 2450
1698 2456
1699 2452
1700 2453
1701 2453
1702 2453
1703 2456
1704 2455
1705 2457
1706 2448
1707 2456
1708 2455
1709 2448
1710 2455
1711 2455
1712 2451
1713 2459
1714 2457
1715 2454
1716 2455
1717 2456
1718 2461
1719 2455
1720 2457
1721 2452
1722 2458
1723 2462
1724 2456
1725 2453
1726 2463
1727 2461
1728 2454
1729 2454
1730 2460
1731 2459
1732 2460
1733 2461
1734 2457
1735 2460
1736 2454
1737 2456
1738 2462
1739 2462
1740 2463
1741 2462
1742 2460
1743 2458
1744 2457
1745 2460
1746 2464
1747 2467
1748 2463
2995 2527
2996 2519
2997 2523
2998 2519
2999 2518
3000 2523
3001 2514
3002 2514
3003 2519
3004 2515
3005 2518
3006 2516
3007 2524
3008 2523
3009 2516
3010 2524
3011 2524
3012 2524
3013 2522
3014 2527
3015 2525
3016 2526
3017 2526
3018 2526
3019 2525
3020 2525
3021 2526
3022 2526
3023 2522
3024 2532
3025 2520
3026 2526
3027 2527
3028 2527
3029 2529
3030 2529
3031 2522
3032 2528
3033 2528
3034 2520
3035 2526
3036 2530
3037 2521
3038 2533
3039 2521
3040 2525
3041 2521
3042 2529
3043 2522
3044 2529
3045 2526
3046 2532
3047 2525
3048 2529
3049 2533
3050 2523
3051 2526
3052 2525
3053 2529
3054 2525
3055 2530
3056 2530
3057 2529
3058 2532
3059 2530
3060 2529
3061 2532
3062 2524
3063 2523
3064 2537
3065 2530
3066 2538
3067 2537
3068 2529
3069 2531
3070 2538
3071 2534
3072 2525
3073 2524
3074 2524
3075 2531
3076 2534
3077 2533
3078 2524
3079 2532
3080 2529
3081 2530
3082 2531
3083 2530
3084 2529
3085 2538
3086 2536
3087 2532
3088 2532
3089 2535
3090 2526
3091 2526
3092 2537
3093 2535
3094 2532
3095 2526
3096 2540
3097 2530
3098 2538
3099 2526
3100 2532
3101 2532
3102 2527
3103 2529
3104 2527
3105 2526
3106 2526
3107 2529
3108 2530
3109 2528
3110 2534
3111 2533
3112 2536
3113 2536
3114 2534
3115 2533
3116 2540
3117 2534
3118 2535
3119 2534
3120 2534
3121 2533
3122 2530
3123 2534
3124 2535
3125 2533
3126 2534
3127 2527

