3 2496
4 2496
5 2496
6 2496
7 2496
8 2496
9 2496
10 2496
11 2496
12 2496
13 2496
14 2496
15 2496
16 2496
17 2496
18 2496
19 2496
20 2496
21 2496
22 2496
23 2496
24 2496
25 2496
26 2496
27 2495
28 2496
29 2496
30 2495
31 2496
32 2496
33 2496
34 2496
35 2496
36 2496
37 2496
38 2496
39 2495
40 2496
41 2496
42 2496
43 2495
44 2495
45 2496
46 2496
47 2496
48 2496
49 2496
50 2496
51 2496
52 2496
53 2496
54 2496
55 2496
56 2496
57 2496
58 2496
59 2496
60 2496
61 2496
62 2496
63 2496
64 2496
65 2496
66 2496
67 2496
68 2496
69 2496
70 2496
71 2496
72 2496
73 2496
74 2496
75 2496
76 2496
77 2496
78 2496
79 2496
80 2496
81 2496
82 2496
83 2496
84 2496
85 2497
86 2497
87 2497
88 2496
89 2497
90 2496
91 2497
92 2497
93 2497
94 2496
95 2496
96 2496
97 2496
98 2496
99 2496
100 2496
101 2496
102 2496
103 2496
104 2497
105 2497
106 2497
107 2497
108 2497
109 2497
110 2497
111 2497
112 2497
113 2497
114 2497
115 2497
116 2497
117 2497
118 2497
119 2497
120 2497
121 2497
122 2497
123 2498
124 2498
125 2498
126 2498
127 2498
128 2498
129 2498
130 2498
131 2498
132 2498
133 2498
134 2498
135 2498
136 2498
137 2498
138 2498
139 2498
140 2498
141 2498
142 2498
143 2498
144 2497
145 2497
146 2497
147 2497
148 2497
149 2497
150 2497
151 2497
152 2497
153 2497
154 2497
155 2497
156 2497
157 2497
158 2497
159 2497
160 2497
161 2497
162 2497
163 2497
164 2497
165 2497
166 2497
167 2496
168 2496
169 2496
170 2496
171 2496
172 2496
173 2497
174 2497
175 2496
176 2497
177 2497
178 2497
179 2496
180 2496
181 2496
182 2496
183 2496
184 2496
185 2497
186 2497
187 2497
188 2497
189 2497
190 2497
191 2497
192 2497
193 2497
194 2497
195 2497
196 2498
197 2498
198 2498
199 2498
200 2499
201 2498
202 2499
203 2499
204 2498
205 2497
206 2497
207 2496
208 2497
209 2497
210 2498
211 2498
212 2498
213 2497
214 2497
215 2497
216 2496
217 2496
218 2497
219 2497
220 2497
221 2497
222 2497
223 2496
224 2496
225 2497
226 2496
227 2498
228 2497
229 2496
230 2496
231 2495
232 2495
233 2495
234 2495
235 2495
236 2495
237 2495
238 2495
239 2495
240 2495
241 2495
242 2495
243 2495
244 2496
245 2496
246 2496
247 2496
248 2497
249 2501
250 2497
251 2497
252 2497
253 2496
254 2497
255 2497
256 2498
257 2498
258 2498
259 2498
260 2498
261 2499
262 2498
263 2499
264 2499
265 2499
266 2499
267 2499
268 2499
269 2500
270 2499
271 2499
272 2499
273 2499
274 2499
275 2501
276 2498
277 2499
278 2499
279 2498
280 2498
281 2498
282 2498
283 2499
284 2499
285 2496
286 2497
287 2497
288 2497
289 2497
290 2496
291 2497
292 2496
293 2496
294 2496
295 2496
296 2497
297 2496
298 2496
299 2496
300 2496
301 2497
302 2496
303 2496
304 2497
305 2497
306 2497
307 2496
308 2496
309 2497
310 2496
311 2497
312 2497
313 2496
314 2497
315 2497
316 2497
317 2497
318 2497
319 2498
320 2498
321 2498
322 2498
323 2499
324 2499
325 2498
326 2498
327 2499
328 2499
329 2499
330 2499
331 2499
332 2499
333 2499
334 2501
335 2500
336 2499
337 2499
338 2499
339 2500
340 2500
341 2498
342 2500
343 2499
344 2499
345 2499
346 2498
347 2499
348 2498
349 2499
350 2499
351 2498
352 2498
353 2498
354 2498
355 2498
356 2498
357 2498
358 2498
359 2498
360 2497
361 2497
362 2497
363 2497
364 2497
365 2496
366 2496
367 2496
368 2496
369 2496
370 2496
371 2496
372 2496
373 2495
374 2495
375 2496
376 2496
377 2496
378 2496
379 2496
380 2496
381 2496
382 2496
383 2497
384 2496
385 2496
386 2496
387 2497
388 2496
389 2497
390 2497
391 2497
392 2497
393 2497
394 2497
395 2497
396 2497
397 2497
398 2497
399 2497
400 2497
401 2497
402 2497
403 2497
404 2497
405 2497
406 2497
407 2497
408 2497
409 2497
410 2497
411 2497
412 2497
413 2497
414 2497
415 2497
416 2497
417 2497
418 2497
419 2497
420 2497
421 2497
422 2497
423 2497
424 2497
425 2496
426 2497
427 2496
428 2496
429 2496
430 2496
431 2496
432 2496
433 2496
434 2496
435 2496
436 2496
437 2496
438 2496
439 2496
440 2496
441 2497
442 2496
443 2497
444 2497
445 2497
446 2497
447 2497
448 2497
449 2497
450 2497
451 2497
452 2497
453 2497
454 2497
455 2497
456 2497
457 2497
458 2496
459 2496
460 2497
461 2497
462 2496
463 2497
464 2496
465 2496
466 2497
467 2496
468 2497
469 2497
470 2497
471 2497
472 2496
473 2496
474 2497
475 2496
476 2496
477 2497
478 2496
479 2497
480 2496
481 2496
482 2497
483 2497
484 2497
485 2497
486 2497
487 2496
488 2496
489 2496
490 2496
491 2496
492 2496
493 2496
494 2496
495 2496
496 2496
497 2496
498 2496
499 2496
500 2496
501 2497
502 2497
503 2496
504 2496
505 2497
506 2497
507 2497
508 2497
509 2496
510 2496
511 2496
512 2496
513 2496
514 2496
515 2496
516 2496
517 2495
518 2496
519 2496
520 2496
521 2496
522 2496
523 2496
524 2496
525 2496
526 2496
527 2496
528 2496
529 2496
530 2496
531 2496
532 2496
533 2496
534 2496
535 2496
536 2496
537 2496
538 2496
539 2496
540 2496
541 2496
542 2496
543 2496
544 2496
545 2496
546 2496
547 2496
548 2496
549 2496
550 2496
551 2496
552 2495
553 2496
554 2496
555 2495
556 2496
557 2495
558 2496
559 2496
560 2496
561 2495
562 2495
563 2496
564 2495
565 2496
566 2495
567 2495
568 2495
569 2496
570 2496
571 2496
572 2495
573 2495
574 2496
575 2496
576 2496
577 2496
578 2495
579 2496
580 2495
581 2495
582 2496
583 2496
584 2496
585 2496
586 2496
587 2496
588 2495
589 2495
590 2496
591 2496
592 2495
593 2495
594 2495
595 2495
596 2495
597 2495
598 2495
599 2495
600 2495
601 2495
602 2495
603 2495
604 2495
605 2495
606 2495
607 2495
608 2496
609 2495
610 2495
611 2495
612 2494
613 2495
614 2495
615 2495
616 2495
617 2495
618 2495
619 2494
620 2494
621 2495
622 2495
623 2494
624 2495
625 2495
626 2494
627 2495
628 2495
629 2494
630 2494
631 2494
632 2494
633 2494
634 2494
635 2494
636 2494
637 2494
638 2494
639 2494
640 2494
641 2494
642 2494
643 2494
644 2494
645 2494
646 2494
647 2494
648 2494
649 2494
650 2494
651 2494
652 2494
653 2492
654 2494
655 2494
656 2494
657 2494
658 2493
659 2493
660 2493
661 2493
662 2493
663 2493
664 2493
665 2493
666 2493
667 2493
668 2493
669 2493
670 2493
671 2492
672 2493
673 2493
674 2493
675 2493
676 2493
677 2493
678 2493
679 2493
680 2493
681 2494
682 2494
683 2494
684 2493
685 2493
686 2494
687 2494
688 2494
689 2495
690 2494
691 2494
692 2494
693 2494
694 2494
695 2494
696 2495
697 2495
698 2494
699 2494
700 2494
701 2493
702 2493
703 2493
704 2493
705 2493
706 2493
707 2493
708 2492
709 2492
710 2490
711 2492
712 2493
713 2503
714 2492
715 2492
716 2494
717 2493
718 2492
719 2494
720 2492
721 2492
722 2492
723 2492
724 2492
725 2492
726 2493
727 2493
728 2493
729 2494
730 2493
731 2494
732 2493
733 2494
734 2493
735 2493
736 2493
737 2493
738 2493
739 2493
740 2493
741 2493
742 2493
743 2493
744 2493
745 2493
746 2493
747 2493
748 2493
749 2493
750 2493
751 2493
752 2494
753 2494
754 2494
755 2493
756 2493
757 2493
758 2493
759 2494
760 2493
761 2494
762 2493
763 2493
764 2493
765 2493
766 2493
767 2493
768 2494
769 2493
770 2493
771 2493
772 2493
773 2493
774 2493
775 2493
776 2493
777 2492
778 2492
779 2492
780 2492
781 2492
782 2492
783 2492
784 2492
785 2492
786 2491
787 2491
788 2491
789 2491
790 2491
791 2491
792 2491
793 2492
794 2492
795 2492
796 2492
797 2492
798 2493
799 2493
800 2493
801 2493
802 2493
803 2493
804 2493
805 2492
806 2492
807 2492
808 2492
809 2492
810 2492
811 2492
812 2493
813 2492
814 2492
815 2492
816 2492
817 2492
818 2492
819 2492
820 2492
821 2492
822 2492
823 2492
824 2492
825 2492
826 2492
827 2492
828 2492
829 2492
830 2492
831 2492
832 2492
833 2492
834 2492
835 2491
836 2492
837 2492
838 2492
839 2492
840 2492
841 2492
842 2493
843 2493
844 2492
845 2492
846 2493
847 2493
848 2492
849 2493
850 2492
851 2492
852 2492
853 2492
854 2492
855 2492
856 2492
857 2493
858 2492
859 2492
860 2492
861 2492
862 2492
863 2492
864 2493
865 2492
866 2493
867 2493
868 2493
869 2493
870 2492
871 2492
872 2492
873 2492
874 2492
875 2492
876 2492
877 2493
878 2493
879 2493
880 2493
881 2493
882 2493
883 2493
884 2493
885 2493
886 2493
887 2493
888 2493
889 2493
890 2493
891 2493
892 2493
893 2493
894 2493
895 2492
896 2492
897 2492
898 2492
899 2493
900 2492
901 2492
902 2492
903 2493
904 2493
905 2492
906 2493
907 2494
908 2494
909 2494
910 2493
911 2493
912 2493
913 2494
914 2494
915 2494
916 2494
917 2494
918 2494
919 2493
920 2493
921 2494
922 2493
923 2493
924 2493
925 2493
926 2493
927 2493
928 2493
929 2493
930 2493
931 2493
932 2493
933 2493
934 2493
935 2493
936 2493
937 2493
938 2493
939 2494
940 2493
941 2494
942 2494
943 2494
944 2494
945 2494
946 2494
947 2494
948 2494
949 2494
950 2495
951 2495
952 2494
953 2494
954 2495
955 2493
956 2494
957 2493
958 2493
959 2493
960 2492
961 2493
962 2493
963 2493
964 2493
965 2493
966 2493
967 2493
968 2494
969 2493
970 2494
971 2494
972 2494
973 2493
974 2494
975 2494
976 2494
977 2494
978 2494
979 2494
980 2494
981 2494
982 2494
983 2494
984 2494
985 2494
986 2494
987 2494
988 2494
989 2495
990 2494
991 2495
992 2494
993 2494
994 2499
995 2494
996 2494
997 2494
998 2494
999 2494
1000 2493
1001 2492
1002 2493
1003 2494
1004 2494
1005 2494
1006 2496
1007 2495
1008 2494
1009 2495
1010 2495
1011 2495
1012 2495
1013 2495
1014 2498
1015 2495
1016 2495
1017 2495
1018 2495
1019 2495
1020 2495
1021 2495
1022 2495
1023 2495
1024 2495
1025 2495
1026 2495
1027 2495
1028 2495
1029 2495
1030 2496
1031 2495
1032 2495
1033 2495
1034 2495
1035 2495
1036 2495
1037 2495
1038 2495
1039 2495
1040 2495
1041 2495
1042 2495
1043 2496
1044 2496
1045 2495
1046 2496
1047 2495
1048 2495
1049 2495
1050 2495
1051 2495
1052 2495
1053 2495
1054 2495
1055 2495
1056 2495
1057 2496
1058 2495
1059 2495
1060 2496
1061 2496
1062 2496
1063 2496
1064 2496
1065 2496
1066 2496
1067 2496
1068 2496
1069 2496
1070 2496
1071 2496
1072 2496
1073 2497
1074 2497
1075 2497
1076 2497
1077 2496
1078 2495
1079 2496
1080 2496
1081 2496
1082 2497
1083 2501
1084 2496
1085 2496
1086 2496
1087 2496
1088 2496
1089 2496
1090 2496
1091 2496
1092 2497
1093 2497
1094 2497
1095 2497
1096 2497
1097 2497
1098 2496
1099 2497
1100 2497
1101 2497
1102 2497
1103 2497
1104 2497
1105 2497
1106 2497
1107 2497
1108 2498
1109 2497
1110 2497
1111 2498
1112 2498
1113 2498
1114 2498
1115 2497
1116 2498
1117 2498
1118 2498
1119 2498
1120 2498
1121 2498
1122 2498
1123 2499
1124 2498
1125 2498
1126 2498
1127 2498
1128 2498
1129 2498
1130 2498
1131 2498
1132 2498
1133 2498
1134 2497
1135 2498
1136 2498
1137 2498
1138 2498
1139 2498
1140 2498
1141 2498
1142 2498
1143 2498
1144 2498
1145 2498
1146 2498
1147 2498
1148 2498
1149 2498
1150 2499
1151 2498
1152 2498
1153 2499
1154 2497
1155 2498
1156 2498
1157 2498
1158 2498
1159 2497
1160 2498
1161 2498
1162 2498
1163 2497
1164 2497
1165 2498
1166 2498
1167 2497
1168 2498
1169 2497
1170 2497
1171 2497
1172 2497
1173 2497
1174 2498
1175 2498
1176 2497
1177 2497
1178 2497
1179 2497
1180 2497
1181 2497
1182 2497
1183 2497
1184 2497
1185 2497
1186 2498
1187 2498
1188 2498
1189 2497
1190 2498
1191 2498
1192 2497
1193 2497
1194 2497
1195 2497
1196 2497
1197 2498
1198 2498
1199 2498
1200 2499
1201 2499
1202 2499
1203 2499
1204 2499
1205 2499
1206 2499
1207 2500
1208 2500
1209 2497
1210 2498
1211 2498
1212 2498
1213 2498
1214 2497
1215 2498
1216 2502
1217 2502
1218 2498
1219 2499
1220 2499
1221 2499
1222 2499
1223 2499
1224 2497
1225 2498
1226 2498
1227 2497
1228 2497
1229 2497
1230 2497
1231 2497
1232 2497
1233 2497
1234 2496
1235 2497
1236 2497
1237 2496
1238 2497
1239 2497
1240 2496
1241 2497
1242 2497
1243 2497
1244 2497
1245 2497
1246 2498
1247 2497
1248 2497
1249 2498
1250 2498
1251 2497
1252 2497
1253 2497
1254 2498
1255 2497
1256 2497
1257 2497
1258 2497
1259 2497
1260 2497
1261 2497
1262 2496
1263 2496
1264 2496
1265 2496
1266 2497
1267 2497
1268 2496
1269 2496
1270 2497
1271 2497
1272 2496
1273 2497
1274 2496
1275 2497
1276 2497
1277 2497
1278 2497
1279 2497
1280 2497
1281 2497
1282 2497
1283 2498
1284 2497
1285 2497
1286 2497
1287 2497
1288 2497
1289 2497
1290 2497
1291 2497
1292 2497
1293 2497
1294 2497
1295 2497
1296 2497
1297 2497
1298 2497
1299 2496
1300 2497
1301 2497
1302 2497
1303 2497
1304 2498
1305 2500
1306 2497
1307 2498
1308 2503
1309 2497
1310 2497
1311 2497
1312 2497
1313 2498
1314 2497
1315 2497
1316 2498
1317 2499
1318 2499
1319 2499
1320 2499
1321 2499
1322 2499
1323 2499
1324 2499
1325 2499
1326 2500
1327 2500
1328 2499
1329 2499
1330 2499
1331 2499
1332 2499
1333 2499
1334 2499
1335 2500
1336 2499
1337 2499
1338 2499
1339 2500
1340 2500
1341 2499
1342 2499
1343 2500
1344 2499
1345 2500
1346 2500
1347 2500
1348 2500
1349 2500
1350 2499
1351 2500
1352 2500
1353 2500
1354 2500
1355 2500
1356 2500
1357 2499
1358 2500
1359 2499
1360 2499
1361 2499
1362 2500
1363 2500
1364 2500
1365 2499
1366 2499
1367 2499
1368 2500
1369 2499
1370 2500
1371 2500
1372 2499
1373 2499
1374 2499
1375 2499
1376 2499
1377 2499
1378 2499
1379 2499
1380 2500
1381 2500
1382 2500
1383 2500
1384 2499
1385 2500
1386 2500
1387 2500
1388 2500
1389 2500
1390 2500
1391 2501
1392 2500
1393 2499
1394 2499
1395 2500
1396 2500
1397 2500
1398 2501
1399 2501
1400 2500
1401 2500
1402 2500
1403 2500
1404 2501
1405 2500
1406 2501
1407 2500
1408 2500
1409 2500
1410 2500
1411 2500
1412 2500
1413 2500
1414 2500
1415 2500
1416 2500
1417 2500
1418 2501
1419 2500
1420 2500
1421 2500
1422 2500
1423 2500
1424 2500
1425 2500
1426 2500
1427 2500
1428 2500
1429 2500
1430 2499
1431 2500
1432 2500
1433 2499
1434 2498
1435 2508
1436 2504
1437 2502
1438 2504
1439 2504
1440 2503
1441 2503
1442 2503
1443 2503
1444 2503
1445 2503
1446 2503
1447 2504
1448 2503
1449 2503
1450 2504
1451 2504
1452 2504
1453 2503
1454 2503
1455 2503
1456 2504
1457 2504
1458 2504
1459 2502
1460 2503
1461 2503
1462 2503
1463 2504
1464 2504
1465 2502
1466 2503
1467 2503
1468 2503
1469 2503
1470 2503
1471 2503
1472 2503
1473 2503
1474 2503
1475 2503
1476 2503
1477 2504
1478 2503
1479 2504
1480 2504
1481 2504
1482 2504
1483 2504
1484 2505
1485 2505
1486 2505
1487 2505
1488 2505
1489 2505
1490 2505
1491 2505
1492 2505
1493 2505
1494 2505
1495 2506
1496 2505
1497 2505
1498 2506
1499 2506
1500 2506
1501 2506
1502 2506
1503 2505
1504 2506
1505 2506
1506 2507
1507 2506
1508 2506
1509 2506
1510 2505
1511 2506
1512 2506
1513 2506
1514 2506
1515 2506
1516 2506
1517 2507
1518 2506
1519 2506
1520 2506
1521 2505
1522 2505
1523 2506
1524 2506
1525 2506
1526 2506
1527 2507
1528 2509
1529 2506
1530 2506
1531 2506
1532 2505
1533 2506
1534 2507
1535 2506
1536 2507
1537 2507
1538 2507
1539 2507
1540 2507
1541 2507
1542 2507
1543 2507
1544 2507
1545 2507
1546 2507
1547 2506
1548 2507
1549 2507
1550 2507
1551 2507
1552 2507
1553 2507
1554 2507
1555 2506
1556 2506
1557 2506
1558 2506
1559 2506
1560 2506
1561 2506
1562 2506
1563 2506
1564 2506
1565 2506
1566 2506
1567 2506
1568 2507
1569 2506
1570 2506
1571 2506
1572 2507
1573 2507
1574 2507
1575 2507
1576 2507
1577 2506
1578 2507
1579 2507
1580 2507
1581 2507
1582 2507
1583 2507
1584 2507
1585 2507
1586 2507
1587 2507
1588 2506
1589 2506
1590 2506
1591 2506
1592 2506
1593 2506
1594 2506
1595 2505
1596 2505
1597 2505
1598 2505
1599 2505
1600 2505
1601 2505
1602 2505
1603 2505
1604 2505
1605 2505
1606 2505
1607 2505
1608 2506
1609 2506
1610 2505
1611 2506
1612 2505
1613 2506
1614 2505
1615 2506
1616 2505
1617 2505
1618 2506
1619 2506
1620 2506
1621 2505
1622 2505
1623 2505
1624 2505
1625 2506
1626 2506
1627 2506
1628 2506
1629 2506
1630 2506
1631 2506
1632 2506
1633 2506
1634 2506
1635 2506
1636 2506
1637 2506
1638 2506
1639 2506
1640 2506
1641 2506
1642 2506
1643 2506
1644 2506
1645 2506
1646 2506
1647 2506
1648 2506
1649 2506
1650 2506
1651 2506
1652 2506
1653 2506
1654 2506
1655 2506
1656 2506
1657 2506
1658 2506
1659 2506
1660 2506
1661 2506
1662 2506
1663 2506
1664 2506
1665 2506
1666 2506
1667 2506
1668 2506
1669 2505
1670 2505
1671 2506
1672 2505
1673 2505
1674 2506
1675 2507
1676 2507
1677 2507
1678 2508
1679 2508
1680 2508
1681 2508
1682 2508
1683 2508
1684 2508
1685 2509
1686 2509
1687 2509
1688 2509
1689 2509
1690 2509
1691 2510
1692 2509
1693 2510
1694 2510
1695 2510
1696 2510
1697 2509
1698 2510
1699 2510
1700 2510
1701 2510
1702 2510
1703 2511
1704 2510
1705 2510
1706 2513
1707 2508
1708 2512
1709 2510
1710 2510
1711 2509
1712 2510
1713 2511
1714 2511
1715 2508
1716 2509
1717 2509
1718 2509
1719 2510
1720 2509
1721 2510
1722 2508
1723 2510
1724 2508
1725 2512
1726 2510
1727 2509
1728 2508
1729 2509
1730 2509
1731 2508
1732 2507
1733 2508
1734 2508
1735 2510
1736 2509
1737 2508
1738 2507
1739 2510
1740 2510
1741 2507
1742 2508
1743 2508
1744 2507
1745 2508
1746 2509
1747 2507
1748 2511
1749 2510
1750 2511
1751 2511
1752 2510
1753 2510
1754 2511
1755 2512
1756 2511
1757 2512
1758 2508
1759 2512
1760 2509
1761 2513
1762 2509
1763 2513
1764 2513
1765 2513
1766 2511
1767 2510
1768 2510
1769 2510
1770 2512
1771 2511
1772 2511
1773 2511
1774 2512
1775 2512
1776 2512
1777 2514
1778 2512
1779 2516
1780 2516
1781 2511
1782 2511
1783 2513
1784 2511
1785 2512
1786 2512
1787 2515
1788 2510
1789 2515
1790 2511
1791 2510
1792 2510
1793 2510
1794 2510
1795 2510
1796 2508
1797 2508
1798 2509
1799 2509
1800 2512
1801 2512
1802 2508
1803 2513
1804 2508
1805 2509
1806 2508
1807 2508
1808 2508
1809 2509
1810 2508
1811 2508
1812 2509
1813 2508
1814 2512
1815 2510
1816 2508
1817 2510
1818 2509
1819 2507
1820 2511
1821 2511
1822 2510
1823 2510
1824 2508
1825 2512
1826 2508
1827 2508
1828 2509
1829 2509
1830 2508
1831 2509
1832 2508
1833 2508
1834 2519
1835 2510
1836 2520
1837 2513
1838 2509
1839 2512
1840 2512
1841 2510
1842 2509
1843 2509
1844 2511
1845 2508
1846 2510
1847 2515
1848 2508
1849 2513
1850 2513
1851 2517
1852 2509
1853 2517
1854 2511
1855 2510
1856 2510
1857 2509
1858 2513
1859 2510
1860 2510
1861 2509
1862 2510
1863 2510
1864 2510
1865 2512
1866 2511
1867 2511
1868 2512
1869 2512
1870 2510
1871 2510
1872 2509
1873 2508
1874 2508
1875 2508
1876 2508
1877 2509
1878 2509
1879 2508
1880 2507
1881 2507
1882 2508
1883 2513
1884 2507
1885 2507
1886 2507
1887 2514
1888 2512
1889 2508
1890 2509
1891 2508
1892 2508
1893 2511
1894 2509
1895 2508
1896 2508
1897 2508
1898 2508
1899 2508
1900 2508
1901 2508
1902 2512
1903 2511
1904 2512
1905 2511
1906 2508
1907 2508
1908 2509
1909 2509
1910 2508
1911 2514
1912 2509
1913 2509
1914 2510
1915 2510
1916 2510
1917 2510
1918 2510
1919 2512
1920 2518
1921 2508
1922 2509
1923 2511
1924 2509
1925 2509
1926 2508
1927 2514
1928 2510
1929 2509
1930 2516
1931 2515
1932 2509
1933 2509
1934 2511
1935 2509
1936 2513
1937 2514
1938 2509
1939 2508
1940 2508
1941 2509
1942 2509
1943 2508
1944 2508
1945 2508
1946 2513
1947 2510
1948 2509
1949 2509
1950 2508
1951 2509
1952 2508
1953 2507
1954 2508
1955 2507
1956 2508
1957 2508
1958 2508
1959 2507
1960 2509
1961 2513
1962 2510
1963 2509
1964 2508
1965 2508
1966 2519
1967 2515
1968 2514
1969 2509
1970 2511
1971 2510
1972 2513
1973 2510
1974 2510
1975 2511
1976 2509
1977 2510
1978 2511
1979 2510
1980 2510
1981 2510
1982 2510
1983 2511
1984 2511
1985 2510
1986 2515
1987 2515
1988 2511
1989 2515
1990 2511
1991 2510
1992 2511
1993 2511
1994 2511
1995 2511
1996 2511
1997 2511
1998 2511
1999 2510
2000 2510
2001 2510
2002 2510
2003 2510
2004 2513
2005 2514
2006 2512
2007 2510
2008 2510
2009 2511
2010 2510
2011 2510
2012 2510
2013 2510
2014 2510
2015 2510
2016 2510
2017 2510
2018 2511
2019 2511
2020 2511
2021 2517
2022 2517
2023 2516
2024 2511
2025 2510
2026 2510
2027 2511
2028 2511
2029 2511
2030 2511
2031 2511
2032 2511
2033 2511
2034 2511
2035 2511
2036 2511
2037 2511
2038 2511
2039 2512
2040 2512
2041 2511
2042 2510
2043 2517
2044 2511
2045 2512
2046 2515
2047 2516
2048 2509
2049 2515
2050 2521
2051 2509
2052 2509
2053 2515
2054 2509
2055 2509
2056 2510

519 2514
520 2514
521 9999
522 9999
523 9999
524 2516
525 2515
526 2508
527 2513
528 2512
529 2514
530 2508
531 2517
532 2511
533 2517
534 2515
535 2510
536 2519
537 2516
538 2516
539 2509
540 2516
541 2511
542 2516
543 2511
544 2516
545 2518
546 2511
547 2516
548 2510
549 2516
550 2521
551 2521
552 2516
553 2524
554 2517
555 2517
556 2516
557 2515
558 2518
559 2514
560 2510
561 2516
562 2515
563 2520
564 2516
565 2517
566 2517
567 2516
568 2522
569 2511
570 2510
571 2510
572 2510
573 2518
574 2522
575 2517
576 2516
577 2511
578 2516
579 2519
580 2519
581 2515
582 2513
583 2515
584 2509
585 2520
586 2521
587 2516
588 2516
589 2516
590 2516
591 2515
592 2517
593 2516
594 2517
595 2519
596 2516
597 2511
598 2517
599 2509
600 2515
601 2517
602 2512
603 2517
604 2511
605 2513
606 2516
607 2523
608 2517
609 2514
610 2512
611 2516
612 2515
613 2516
614 2515
615 2517
616 2517
617 2517
618 2516
619 2516
620 2509
621 2517
622 2512
623 2511
624 2515
625 2514
626 2517
627 2511
628 2516
629 2523
630 2515
1312 2523
1313 2524
1314 2523
1315 2525
1316 2526
1317 2525
1318 2521
1319 2520
1320 2520
1321 2528
1322 2526
1323 2526
1324 2526
1325 2527
1326 2526
1327 2533
1328 2533
1329 2523
1330 2527
1331 2531
1332 2529
1333 2530
1334 2526
1335 2534
1336 2527
1337 2521
1338 2533
1339 2520
1340 2528
1341 2526
1342 2526
1343 2533
1344 2527
1345 2527
1346 2527
1347 2527
1348 2528
1349 2534
1350 2526
1351 2528
1352 2528
1353 2529
1354 2528
1355 2529
1356 2528
1357 2527
1358 2528
1359 2527
1360 2530
1361 2528
1362 2522
1363 2528
1364 2532
1365 2527
1366 2528
1367 2528
1368 2525
1369 2527
1370 2526
1371 2527
1372 2530
1373 2528
1374 2525
1375 2534
1376 2527
1377 2528
1378 2535
1379 2530
1380 2535
1381 2534
1382 2534
1383 2525
1384 2531
1385 2527
1386 2527
1387 2528
1388 2524
1389 2528
1390 2523
1391 2528
1392 2528
1393 2521
1394 2526
1395 2521
1396 2520
1397 2527
1398 2527
1399 2529
1400 2526
1401 2532
1402 2527
1403 2524
1404 2528
1405 2524
1406 2519
1407 2521
1408 2522
1409 2523
1410 2532
1411 2527
1412 2529
1413 2518
1414 2518
1415 2527
1416 2525
1417 2523
1418 2520
1419 2529
1420 2525
1421 2526
1422 2518
1423 2524
1424 2523
1425 2525
1426 2517
1427 2525
1428 2521
1429 2517

