337 2494
338 2493
339 2494
340 2494
341 2494
342 2494
343 2494
344 2494
345 2497
346 2495
347 2495
348 2494
349 2495
350 2495
351 2495
352 2494
353 2494
354 2495
355 2495
356 2495
357 2495
358 2495
359 2494
360 2494
361 2495
362 2495
363 2495
364 2495
365 2494
366 2495
367 2495
368 2495
369 2495
370 2495
371 2495
372 2495
373 2495
374 2496
375 2495
376 2496
377 2495
378 2495
379 2496
380 2496
381 2495
382 2495
383 2495
384 2495
385 2495
386 2496
387 2495
388 2495
389 2495
390 2495
391 2495
392 2495
393 2495
394 2495
395 2495
396 2495
397 2495
398 2495
399 2495
400 2495
401 2495
402 2495
403 2495
404 2495
405 2495
406 2495
407 2495
408 2495
409 2495
410 2495
411 2495
412 2495
413 2495
414 2495
415 2496
416 2496
417 2496
418 2495
419 2495
420 2496
421 2496
422 2496
423 2496
424 2496
425 2495
426 2495
427 2495
428 2496
429 2496
430 2496
431 2496
432 2496
433 2496
434 2496
435 2496
436 2496
437 2495
438 2496
439 2496
440 2496
441 2496
442 2496
443 2496
444 2496
445 2496
446 2496
447 2496
448 2496
449 2496
450 2495
451 2496
452 2496
453 2496
454 2496
455 2496
456 2496
457 2496
458 2496
459 2495
460 2495
461 2495
462 2495
463 2495
464 2495
465 2495
466 2495
467 2495
468 2495
469 2495
470 2495
471 2494
472 2495
473 2495
474 2495
475 2495
476 2495
477 2494
478 2495
479 2495
480 2495
481 2494
482 2495
483 2495
484 2495
485 2495
486 2494
487 2495
488 2495
489 2494
490 2495
491 2494
492 2494
493 2495
494 2494
495 2494
496 2494
497 2494
498 2494
499 2494
500 2494
501 2494
502 2494
503 2494
504 2494
505 2494
506 2494
507 2494
508 2494
509 2494
510 2494
511 2494
512 2494
513 2494
514 2494
515 2494
516 2494
517 2494
518 2494
519 2494
520 2494
521 2494
522 2494
523 2494
524 2494
525 2494
526 2494
527 2494
528 2494
529 2494
530 2494
531 2494
532 2494
533 2494
534 2494
535 2494
536 2494
537 2494
538 2493
539 2494
540 2494
541 2494
542 2494
543 2494
544 2494
545 2494
546 2494
547 2494
548 2494
549 2494
550 2494
551 2494
552 2494
553 2494
554 2494
555 2494
556 2494
557 2494
558 2494
559 2493
560 2493
561 2494
562 2494
563 2494
564 2493
565 2493
566 2493
567 2493
568 2493
569 2493
570 2493
571 2493
572 2493
573 2493
574 2493
575 2493
576 2493
577 2493
578 2494
579 2494
580 2493
581 2493
582 2493
583 2493
584 2496
585 2493
586 2493
587 2493
588 2493
589 2493
590 2493
591 2493
592 2493
593 2493
594 2493
595 2493
596 2493
597 2493
598 2495
599 2493
600 2493
601 2493
602 2493
603 2493
604 2493
605 2492
606 2492
607 2493
608 2493
609 2493
610 2493
611 2492
612 2492
613 2496
614 2493
615 2493
616 2493
617 2492
618 2493
619 2493
620 2492
621 2493
622 2493
623 2493
624 2492
625 2492
626 2493
627 2493
628 2493
629 2492
630 2493
631 2492
632 2493
633 2492
634 2492
635 2493
636 2493
637 2493
638 2492
639 2492
640 2492
641 2492
642 2492
643 2493
644 2495
645 2493
646 2492
647 2493
648 2493
649 2492
650 2492
651 2492
652 2493
653 2493
654 2494
655 2494
656 2493
657 2492
658 2492
659 2493
660 2492
661 2492
662 2493
663 2493
664 2493
665 2493
666 2492
667 2493
668 2493
669 2493
670 2493
671 2493
672 2493
673 2493
674 2493
675 2493
676 2493
677 2492
678 2492
679 2492
680 2493
681 2493
682 2493
683 2493
684 2493
685 2493
686 2493
687 2493
688 2492
689 2492
690 2492
691 2492
692 2493
693 2492
694 2492
695 2492
696 2492
697 2492
698 2492
699 2493
700 2493
701 2493
702 2492
703 2492
704 2492
705 2492
706 2493
707 2493
708 2493
709 2493
710 2493
711 2493
712 2493
713 2494
714 2490
715 2491
716 2496
717 2494
718 2494
719 2493
720 2493
721 2493
722 2497
723 2497
835 2488
836 2488
837 2488
838 2488
839 2488
840 2488
841 2488
842 2488
843 2488
844 2488
845 2488
846 2489
847 2488
848 2489
849 2489
850 2488
851 2489
852 2489
853 2488
854 2488
855 2488
856 2488
857 2488
858 2488
859 2488
860 2488
861 2488
862 2488
863 2488
864 2488
865 2488
866 2488
867 2488
868 2488
869 2488
870 2488
871 2488
872 2488
873 2488
874 2488
875 2488
876 2488
877 2488
878 2488
879 2488
880 2489
881 2488
882 2488
883 2489
884 2488
885 2489
886 2488
887 2488
888 2488
889 2488
890 2488
891 2488
892 2488
893 2488
894 2488
895 2488
896 2488
897 2488
898 2489
899 2488
900 2488
901 2488
902 2488
903 2488
904 2488
905 2488
906 2488
907 2488
908 2488
909 2488
910 2488
911 2488
912 2488
913 2488
914 2488
915 2488
916 2488
917 2488
918 2488
919 2487
920 2487
921 2488
922 2487
923 2487
924 2488
925 2488
926 2488
927 2487
928 2488
929 2487
930 2487
931 2487
932 2487
933 2487
934 2487
935 2487
936 2487
937 2487
938 2487
939 2487
940 2487
941 2487
942 2487
943 2487
944 2487
945 2487
946 2487
947 2487
948 2487
949 2487
950 2487
951 2487
952 2487
953 2487
954 2487
955 2487
956 2487
957 2487
958 2487
959 2487
960 2487
961 2487
962 2487
963 2487
964 2487
965 2487
966 2487
967 2487
968 2487
969 2487
970 2487
971 2487
972 2487
973 2487
974 2487
975 2487
976 2487
977 2487
978 2487
979 2487
980 2487
981 2487
982 2487
983 2487
984 2487
985 2487
986 2487
987 2487
988 2487
989 2487
990 2486
991 2487
992 2487
993 2487
994 2486
995 2486
996 2486
997 2486
998 2486
999 2487
1000 2486
1001 2486
1002 2486
1003 2486
1004 2486
1005 2487
1006 2486
1007 2486
1008 2486
1009 2486
1010 2486
1011 2486
1012 2486
1013 2486
1014 2486
1015 2486
1016 2486
1017 2486
1018 2486
1019 2486
1020 2486
1021 2486
1022 2486
1023 2486
1024 2486
1025 2486
1026 2486
1027 2486
1028 2486
1029 2486
1030 2486
1031 2486
1032 2486
1033 2486
1034 2486
1035 2486
1036 2486
1037 2486
1038 2486
1039 2486
1040 2486
1041 2486
1042 2486
1043 2486
1044 2486
1045 2486
1046 2486
1047 2486
1048 2486
1049 2486
1050 2486
1051 2486
1052 2486
1053 2486
1054 2486
1055 2486
1056 2486
1057 2486
1058 2486
1059 2486
1060 2486
1061 2486
1062 2486
1063 2486
1064 2486
1065 2486
1066 2486
1067 2486
1068 2486
1069 2486
1070 2486
1071 2486
1072 2486
1073 2486
1074 2486
1075 2486
1076 2486
1077 2486
1078 2486
1079 2486
1080 2486
1081 2486
1082 2486
1083 2486
1084 2486
1085 2486
1086 2486
1087 2486
1088 2486
1089 2486
1090 2486
1091 2486
1092 2486
1093 2486
1094 2486
1095 2486
1096 2486
1097 2486
1098 2486
1099 2486
1100 2486
1101 2486
1102 2486
1103 2487
1104 2486
1105 2486
1106 2486
1107 2486
1108 2486
1109 2486
1110 2486
1111 2487
1112 2487
1113 2487
1114 2487
1115 2486
1116 2486
1117 2486
1118 2487
1119 2486
1120 2487
1121 2486
1122 2486
1123 2486
1124 2487
1125 2486
1126 2487
1127 2487
1128 2487
1129 2487
1130 2486
1131 2486
1132 2486
1133 2486
1134 2486
1135 2486
1136 2486
1137 2486
1138 2486
1139 2486
1140 2486
1141 2486
1142 2486
1143 2486
1144 2486
1145 2486
1146 2486
1147 2486
1148 2486
1149 2486
1150 2487
1151 2487
1152 2486
1153 2486
1154 2487
1155 2487
1156 2487
1157 2487
1158 2486
1159 2486
1160 2487
1161 2487
1162 2487
1163 2487
1164 2487
1165 2487
1166 2487
1167 2487
1168 2487
1169 2487
1170 2486
1171 2489
1172 2488
1173 2487
1174 2487
1175 2488
1176 2488
1177 2488
1178 2488
1179 2487
1180 2487
1181 2487
1182 2487
1183 2488
1184 2487
1185 2487
1186 2487
1187 2487
1188 2487
1189 2487
1190 2487
1191 2487
1192 2487
1193 2487
1194 2487
1195 2487
1196 2487
1197 2487
1198 2488
1199 2487
1200 2487
1201 2487
1202 2487
1203 2488
1204 2487
1205 2487
1206 2487
1207 2487
1208 2487
1209 2487
1210 2487
1211 2487
1212 2487
1213 2487
1214 2488
1215 2486
1216 2489
1217 2487
1218 2492
1219 2487
1220 2487
1221 2487
1222 2487
1223 2487
1224 2487
1225 2487
1226 2488
1227 2488
1228 2487
1229 2487
1230 2488
1231 2488
1232 2488
1233 2487
1234 2488
1235 2488
1236 2488
1237 2488
1238 2488
1239 2488
1240 2489
1241 2488
1242 2488
1243 2488
1244 2488
1245 2488
1246 2488
1247 2488
1248 2489
1249 2488
1250 2488
1251 2488
1252 2489
1253 2489
1254 2488
1255 2489
1256 2489
1257 2488
1258 2488
1259 2489
1260 2488
1261 2489
1262 2488
1263 2489
1264 2489
1265 2489
1266 2488
1267 2488
1268 2488
1269 2489
1270 2489
1271 2489
1272 2489
1273 2489
1274 2489
1275 2489
1276 2489
1277 2489
1278 2489
1279 2490
1280 2489
1281 2489
1282 2489
1283 2489
1284 2489
1285 2490
1286 2490
1287 2489
1288 2489
1289 2489
1290 2490
1291 2490
1292 2489
1293 2489
1294 2489
1295 2489
1296 2490
1297 2490
1298 2489
1299 2489
1300 2495
1301 2490
1302 2489
1303 2489
1304 2490
1305 2490
1306 2490
1307 2490
1308 2489
1309 2490
1310 2490
1311 2489
1312 2490
1313 2489
1314 2490
1315 2490
1316 2490
1317 2490
1318 2490
1319 2490
1320 2493
1321 2489
1322 2490
1323 2492
1324 2490
1325 2490
1326 2490
1327 2490
1328 2491
1329 2490
1330 2490
1331 2490
1332 2490
1333 2490
1334 2490
1335 2490
1336 2490
1337 2490
1338 2490
1339 2490
1340 2490
1341 2490
1342 2490
1343 2490
1344 2490
1345 2490
1346 2490
1347 2490
1348 2490
1349 2490
1350 2490
1351 2490
1352 2490
1353 2490
1354 2490
1355 2490
1356 2490
1357 2490
1358 2490
1359 2490
1360 2489
1361 2490
1362 2490
1363 2490
1364 2490
1365 2490
1366 2490
1367 2490
1368 2490
1369 2490
1370 2490
1371 2490
1372 2490
1373 2490
1374 2490
1375 2490
1376 2490
1377 2490
1378 2490
1379 2490
1380 2490
1381 2490
1382 2490
1383 2490
1384 2490
1385 2490
1386 2490
1387 2490
1388 2490
1389 2490
1390 2490
1391 2490
1392 2490
1393 2490
1394 2490
1395 2490
1396 2490
1397 2490
1398 2490
1399 2490
1400 2490
1401 2490
1402 2490
1403 2491
1404 2490
1405 2490
1406 2490
1407 2490
1408 2490
1409 2490
1410 2490
1411 2490
1412 2490
1413 2490
1414 2490
1415 2490
1416 2490
1417 2490
1418 2490
1419 2490
1420 2490
1421 2490
1422 2490
1423 2490
1424 2490
1425 2490
1426 2490
1427 2490
1428 2490
1429 2490
1430 2489
1431 2490
1432 2489
1433 2490
1434 2490
1435 2490
1436 2490
1437 2490
1438 2490
1439 2490
1440 2490
1441 2490
1442 2489
1443 2490
1444 2490
1445 2490
1446 2490
1447 2490
1448 2489
1449 2489
1450 2489
1451 2490
1452 2489
1453 2490
1454 2490
1455 2489
1456 2490
1457 2490
1458 2490
1459 2489
1460 2489
1461 2489
1462 2489
1463 2489
1464 2489
1465 2490
1466 2490
1467 2491
1468 2489
1469 2490
1470 2490
1471 2490
1472 2490
1473 2490
1474 2490
1475 2490
1476 2490
1477 2490
1478 2490
1479 2490
1480 2490
1481 2490
1482 2490
1483 2491
1484 2490
1485 2490
1486 2490
1487 2491
1488 2491
1489 2490
1490 2490
1491 2490
1492 2490
1493 2491
1494 2490
1495 2490
1496 2491
1497 2490
1498 2490
1499 2491
1500 2490
1501 2490
1502 2490
1503 2490
1504 2491
1505 2490
1506 2491
1507 2490
1508 2491
1509 2490
1510 2490
1511 2490
1512 2490
1513 2490
1514 2490
1515 2490
1516 2490
1517 2490
1518 2491
1519 2490
1520 2490
1521 2490
1522 2490
1523 2490
1524 2490
1525 2490
1526 2490
1527 2491
1528 2491
1529 2491
1530 2491
1531 2491
1532 2490
1533 2490
1534 2490
1535 2491
1536 2490
1537 2491
1538 2491
1539 2490
1540 2490
1541 2490
1542 2491
1543 2491
1544 2490
1545 2490
1546 2490
1547 2491
1548 2491
1549 2490
1550 2490
1551 2490
1552 2490
1553 2490
1554 2490
1555 2490
1556 2490
1557 2490
1558 2491
1559 2490
1560 2494
1561 2490
1562 2490
1563 2490
1564 2490
1565 2490
1566 2490
1567 2490
1568 2490
1569 2490
1570 2490
1571 2490
1572 2490
1573 2489
1574 2489
1575 2489
1576 2490
1577 2490
1578 2490
1579 2490
1580 2490
1581 2489
1582 2489
1583 2490
1584 2489
1585 2489
1586 2490
1587 2489
1588 2489
1589 2492
1590 2489
1591 2489
1592 2489
1593 2490
1594 2490
1595 2489
1596 2489
1597 2489
1598 2490
1599 2490
1600 2490
1601 2490
1602 2492
1603 2493
1604 2492
1605 2489
1606 2489
1607 2490
1608 2490
1609 2490
1610 2489
1611 2490
1612 2490
1613 2490
1614 2489
1615 2489
1616 2489
1617 2489
1618 2489
1619 2489
1620 2489
1621 2489
1622 2489
1623 2489
1624 2491
1625 2489
1626 2489
1627 2490
1628 2489
1629 2489
1630 2489
1631 2493
1632 2489
1633 2489
1634 2489
1635 2489
1636 2489
1637 2489
1638 2489
1639 2489
1640 2489
1641 2489
1642 2489
1643 2489
1644 2489
1645 2489
1646 2489
1647 2489
1648 2489
1649 2489
1650 2489
1651 2493
1652 2489
1653 2489
1654 2489
1655 2489
1656 2489
1657 2489
1658 2489
1659 2489
1660 2489
1661 2489
1662 2489
1663 2489
1664 2489
1665 2489
1666 2489
1667 2489
1668 2489
1669 2489
1670 2489
1671 2489
1672 2489
1673 2489
1674 2489
1675 2489
1676 2489
1677 2489
1678 2489
1679 2489
1680 2489
1681 2489
1682 2489
1683 2489
1684 2489
1685 2489
1686 2489
1687 2489
1688 2489
1689 2489
1690 2489
1691 2489
1692 2489
1693 2489
1694 2489
1695 2489
1696 2489
1697 2489
1698 2489
1699 2489
1700 2489
1701 2489
1702 2489
1703 2489
1704 2489
1705 2489
1706 2489
1707 2489
1708 2489
1709 2489
1710 2489
1711 2489
1712 2489
1713 2489
1714 2490
1715 2490
1716 2490
1717 2490
1718 2490
1719 2490
1720 2490
1721 2490
1722 2490
1723 2490
1724 2490
1725 2489
1726 2489
1727 2489
1728 2489
1729 2489
1730 2489
1731 2489
1732 2489
1733 2489
1734 2489
1735 2489
1736 2489
1737 2489
1738 2489
1739 2489
1740 2489
1741 2489
1742 2489
1743 2489
1744 2489
1745 2489
1746 2489
1747 2488
1748 2489
1749 2489
1750 2489
1751 2488
1752 2488
1753 2488
1754 2488
1755 2488
1756 2488
1757 2488
1758 2488
1759 2488
1760 2488
1761 2488
1762 2488
1763 2488
1764 2487
1765 2488
1766 2487
1767 2488
1768 2488
1769 2488
1770 2488
1771 2487
1772 2487
1773 2487
1774 2487
1775 2487
1776 2487
1777 2487
1778 2487
1779 2487
1780 2487
1781 2487
1782 2487
1783 2487
1784 2487
1785 2487
1786 2487
1787 2487
1788 2487
1789 2487
1790 2487
1791 2487
1792 2486
1793 2486
1794 2486
1795 2487
1796 2486
1797 2486
1798 2486
1799 2486
1800 2486
1801 2486
1802 2486
1803 2486
1804 2486
1805 2486
1806 2486
1807 2486
1808 2486
1809 2486
1810 2486
1811 2485
1812 2485
1813 2485
1814 2485
1815 2485
1816 2485
1817 2485
1818 2485
1819 2485
1820 2485
1821 2485
1822 2486
1823 2486
1824 2486
1825 2486
1826 2486
1827 2486
1828 2486
1829 2485
1830 2486
1831 2485
1832 2485
1833 2485
1834 2485
1835 2485
1836 2485
1837 2485
1838 2485
1839 2485
1840 2485
1841 2485
1842 2485
1843 2485
1844 2485
1845 2485
1846 2485
1847 2485
1848 2485
1849 2485
1850 2485
1851 2485
1852 2484
1853 2485
1854 2484
1855 2484
1856 2484
1857 2484
1858 2484
1859 2484
1860 2484
1861 2484
1862 2484
1863 2484
1864 2484
1865 2484
1866 2484
1867 2484
1868 2484
1869 2484
1870 2484
1871 2484
1872 2484
1873 2484
1874 2484
1875 2484
1876 2484
1877 2484
1878 2484
1879 2484
1880 2484
1881 2484
1882 2484
1883 2483
1884 2483
1885 2484
1886 2484
1887 2484
1888 2483
1889 2483
1890 2483
1891 2483
1892 2483
1893 2483
1894 2483
1895 2483
1896 2483
1897 2483
1898 2483
1899 2482
1900 2482
1901 2482
1902 2482
1903 2482
1904 2482
1905 2482
1906 2482
1907 2482
1908 2482
1909 2482
1910 2482
1911 2482
1912 2482
1913 2481
1914 2481
1915 2481
1916 2481
1917 2481
1918 2481
1919 2481
1920 2481
1921 2481
1922 2481
1923 2481
1924 2481
1925 2482
1926 2482
1927 2482
1928 2482
1929 2481
1930 2482
1931 2482
1932 2482
1933 2482
1934 2482
1935 2482
1936 2482
1937 2482
1938 2482
1939 2482
1940 2482
1941 2482
1942 2482
1943 2483
1944 2482
1945 2483
1946 2483
1947 2483
1948 2483
1949 2483
1950 2483
1951 2483
1952 2483
1953 2483
1954 2483
1955 2483
1956 2483
1957 2483
1958 2483
1959 2483
1960 2483
1961 2483
1962 2483
1963 2482
1964 2483
1965 2483
1966 2483
1967 2482
1968 2482
1969 2482
1970 2483
1971 2483
1972 2482
1973 2482
1974 2482
1975 2482
1976 2482
1977 2482
1978 2482
1979 2482
1980 2482
1981 2481
1982 2482
1983 2482
1984 2482
1985 2482
1986 2482
1987 2482
1988 2481
1989 2481
1990 2482
1991 2481
1992 2481
1993 2481
1994 2481
1995 2481
1996 2481
1997 2481
1998 2481
1999 2481
2000 2481
2001 2481
2002 2481
2003 2481
2004 2481
2005 2481
2006 2481
2007 2481
2008 2481
2009 2480
2010 2481
2011 2481
2012 2481
2013 2481
2014 2481
2015 2481
2016 2480
2017 2481
2018 2480
2019 2481
2020 2481
2021 2480
2022 2480
2023 2480
2024 2480
2025 2480
2026 2480
2027 2480
2028 2480
2029 2480
2030 2480
2031 2480
2032 2480
2033 2480
2034 2479
2035 2480
2036 2480
2037 2480
2038 2480
2039 2480
2040 2480
2041 2480
2042 2480
2043 2480
2044 2480
2045 2480
2046 2480
2047 2480
2048 2480
2049 2480
2050 2480
2051 2479
2052 2480
2053 2480
2054 2480
2055 2480
2056 2479
2057 2479
2058 2480
2059 2480
2060 2479
2061 2479
2062 2479
2063 2479
2064 2479
2065 2479
2066 2479
2067 2479
2068 2479
2069 2479
2070 2479
2071 2479
2072 2479
2073 2479
2074 2479
2075 2479
2076 2479
2077 2479
2078 2479
2079 2479
2080 2479
2081 2479
2082 2479
2083 2479
2084 2479
2085 2479
2086 2479
2087 2479
2088 2479
2089 2479
2090 2479
2091 2479
2092 2479
2093 2479
2094 2479
2095 2479
2096 2479
2097 2479
2098 2479
2099 2479
2100 2479
2101 2479
2102 2479
2103 2478
2104 2479
2105 2479
2106 2478
2107 2478
2108 2479
2109 2478
2110 2479
2111 2479
2112 2479
2113 2479
2114 2478
2115 2479
2116 2478
2117 2479
2118 2478
2119 2478
2120 2478
2121 2478
2122 2478
2123 2478
2124 2478
2125 2478
2126 2478
2127 2478
2128 2478
2129 2478
2130 2478
2131 2478
2132 2478
2133 2478
2134 2478
2135 2477
2136 2478
2137 2478
2138 2477
2139 2478
2140 2477
2141 2477
2142 2477
2143 2477
2144 2477
2145 2477
2146 2476
2147 2477
2148 2477
2149 2477
2150 2477
2151 2477
2152 2477
2153 2477
2154 2477
2155 2477
2156 2477
2157 2477
2158 2477
2159 2476
2160 2476
2161 2477
2162 2477
2163 2477
2164 2477
2165 2477
2166 2476
2167 2476
2168 2476
2169 2476
2170 2476
2171 2476
2172 2476
2173 2476
2174 2476
2175 2476
2176 2476
2177 2476
2178 2476
2179 2476
2180 2476
2181 2476
2182 2476
2183 2475
2184 2476
2185 2475
2186 2475
2187 2476
2188 2476
2189 2475
2190 2475
2191 2475
2192 2475
2193 2475
2194 2475
2195 2475
2196 2475
2197 2475
2198 2475
2199 2475
2200 2475
2201 2475
2202 2475
2203 2475
2204 2475
2205 2475
2206 2475
2207 2475
2208 2474
2209 2474
2210 2475
2211 2475
2212 2474
2213 2474
2214 2474
2215 2475
2216 2474
2217 2474
2218 2474
2219 2474
2220 2474
2221 2474
2222 2476
2223 2475
2224 2474
2225 2474
2226 2474
2227 2474
2228 2474
2229 2474
2230 2474
2231 2474
2232 2474
2233 2474
2234 2474
2235 2473
2236 2473
2237 2473
2238 2474
2239 2473
2240 2473
2241 2473
2242 2474
2243 2473
2244 2473
2245 2473
2246 2473
2247 2473
2248 2473
2249 2473
2250 2473
2251 2473
2252 2473
2253 2473
2254 2473
2255 2472
2256 2472
2257 2473
2258 2472
2259 2473
2260 2472
2261 2472
2262 2472
2263 2472
2264 2472
2265 2472
2266 2472
2267 2472
2268 2472
2269 2472
2270 2472
2271 2472
2272 2472
2273 2472
2274 2472
2275 2472
2276 2472
2277 2472
2278 2472
2279 2472
2280 2472
2281 2472
2282 2472
2283 2472
2284 2472
2285 2472
2286 2471
2287 2471
2288 2472
2289 2471
2290 2472
2291 2472
2292 2472
2293 2471
2294 2471
2295 2471
2296 2471
2297 2471
2298 2471
2299 2471
2300 2472
2301 2471
2302 2471
2303 2471
2304 2471
2305 2471
2306 2470
2307 2470
2308 2470
2309 2471
2310 2470
2311 2470
2312 2471
2313 2470
2314 2473
2315 2470
2316 2470
2317 2470
2318 2470
2319 2470
2320 2470
2321 2471
2322 2471
2323 2474
2324 2471
2325 2470
2326 2473
2327 2470
2328 2474
2329 2470
2330 2470
2331 2472
2332 2470
2333 2469
2334 2470
2335 2470
2336 2470
2337 2470
2338 2470
2339 2470
2340 2470
2341 2470
2342 2470
2343 2470
2344 2470
2345 2470
2346 2470
2347 2470
2348 2469
2349 2469
2350 2469
2351 2469
2352 2470
2353 2470
2354 2470
2355 2470
2356 2470
2357 2470
2358 2470
2359 2470
2360 2469
2361 2470
2362 2470
2363 2470
2364 2469
2365 2469
2366 2469
2367 2469
2368 2469
2369 2470
2370 2470
2371 2469
2372 2469
2373 2469
2374 2469
2375 2469
2376 2469
2377 2469
2378 2469
2379 2469
2380 2469
2381 2469
2382 2469
2383 2469
2384 2469
2385 2469
2386 2469
2387 2469
2388 2469
2389 2469
2390 2468
2391 2468
2392 2472
2393 2469
2394 2468
2395 2469
2396 2468
2397 2468
2398 2468
2399 2468
2400 2468
2401 2469
2402 2468
2403 2468
2404 2468
2405 2468
2406 2468
2407 2468
2408 2468
2409 2468
2410 2468
2411 2468
2412 2469
2413 2468
2414 2468
2415 2468
2416 2468
2417 2468
2418 2468
2419 2468
2420 2468
2421 2468
2422 2468
2423 2468
2424 2468
2425 2468
2426 2468
2427 2468
2428 2468
2429 2468
2430 2468
2431 2472
2432 2468
2433 2468
2434 2467
2435 2468
2436 2468
2437 2467
2438 2467
2439 2468
2440 2467
2441 2467
2442 2467
2443 2467
2444 2467
2445 2467
2446 2467
2447 2467
2448 2467
2449 2467
2450 2467
2451 2467
2452 2467
2453 2467
2454 2466
2455 2467
2456 2467
2457 2467
2458 2466
2459 2466
2460 2466
2461 2466
2462 2466
2463 2466
2464 2466
2465 2466
2466 2466
2467 2466
2468 2466
2469 2466
2470 2466
2471 2466
2472 2465
2473 2465
2474 2466
2475 2466
2476 2466
2477 2466
2478 2465
2479 2465
2480 2465
2481 2465
2482 2465
2483 2465
2484 2465
2485 2465
2486 2465
2487 2465
2488 2464
2489 2464
2490 2464
2491 2464
2492 2464
2493 2464
2494 2464
2495 2465
2496 2465
2497 2465
2498 2464
2499 2464
2500 2464
2501 2464
2502 2464
2503 2464
2504 2464
2505 2464
2506 2464
2507 2464
2508 2464
2509 2464
2510 2464
2511 2464
2512 2465
2513 2464
2514 2462
2515 2463
2516 2462
2517 2462
2518 2462
2519 2461
2520 2461
2521 2461
2522 2460
2523 2463
2524 2463
2525 2459
2526 2459
2527 2458
2528 2459
2529 2458
2530 2464
2531 2458
2532 2457
2533 2457
2534 2457
2535 2456
2536 2456
2537 2456
2538 2456
2539 2456
2540 2456
2541 2456
2542 2456
2543 2456
2544 2455
2545 2456
2546 2455
2547 2455
2548 2456
2549 2455
2550 2455
2551 2455
2552 2455
2553 2455
2554 2455
2555 2455
2556 2454
2557 2455
2558 2454
2559 2454
2560 2454
2561 2454
2562 2454
2563 2454
2564 2454
2565 2454
2566 2456
2567 2453
2568 2453
2569 2453
2570 2453
2571 2453
2572 2453
2573 2453
2574 2453
2575 2453
2576 2452
2577 2452
2578 2452
2579 2452
2580 2452
2581 2453
2582 2452
2583 2453
2584 2452
2585 2452
2586 2452
2587 2452
2588 2452
2589 2452
2590 2452
2591 2452
2592 2452
2593 2452
2594 2451
2595 2451
2596 2451
2597 2451
2598 2451
2599 2451
2600 2451
2601 2451
2602 2451
2603 2451
2604 2451
2605 2451
2606 2451
2607 2451
2608 2451
2609 2451
2610 2450
2611 2450
2612 2450
2613 2450
2614 2450
2615 2450
2616 2450
2617 2450
2618 2450
2619 2450
2620 2450
2621 2450
2622 2450
2623 2449
2624 2449
2625 2450
2626 2449
2627 2449
2628 2449
2629 2449
2630 2449
2631 2449
2632 2449
2633 2449
2634 2449
2635 2449
2636 2449
2637 2449
2638 2449
2639 2449
2640 2449
2641 2449
2642 2449
2643 2449
2644 2449
2645 2449
2646 2449
2647 2449
2648 2449
2649 2449
2650 2448
2651 2449
2652 2449
2653 2448
2654 2448
2655 2449
2656 2448
2657 2448
2658 2448
2659 2448
2660 2448
2661 2448
2662 2448
2663 2448
2664 2448
2665 2448
2666 2448
2667 2447
2668 2447
2669 2447
2670 2447
2671 2447
2672 2447
2673 2447
2674 2447
2675 2447
2676 2447
2677 2447
2678 2447
2679 2446
2680 2446
2681 2446
2682 2446
2683 2446
2684 2446
2685 2446
2686 2446
2687 2446
2688 2446
2689 2446
2690 2446
2691 2446
2692 2446
2693 2445
2694 2445
2695 2446
2696 2445
2697 2445
2698 2445
2699 2444
2700 2444
2701 2446
2702 2446
2703 2446
2704 2446
2705 2446
2706 2446
2707 2446
2708 2446
2709 2446
2710 2446
2711 2446
2712 2446
2713 2446
2714 2446
2715 2446
2716 2446
2717 2446
2718 2445
2719 2445
2720 2445
2721 2445
2722 2445
2723 2445
2724 2445
2725 2445
2726 2445
2727 2444
2728 2445
2729 2445
2730 2445
2731 2445
2732 2445
2733 2446
2734 2445
2735 2446
2736 2446
2737 2446
2738 2447
2739 2445
2740 2445
2741 2446
2742 2447
2743 2447
2744 2447
2745 2446
2746 2447
2747 2446
2748 2447
2749 2446
2750 2446
2751 2446
2752 2451
2753 2446
2754 2447
2755 2447
2756 2444
2757 2452
2758 2444
2759 2449
2760 2448
2761 2448
2762 2448
2763 2448
2764 2444
2765 2454
2766 2454
2767 2452
2768 2454
2769 2454
2770 2454
2771 2454
2772 2454
2773 2453
2774 2449
2775 2445
2776 2448
2777 2453
2778 2444
2779 2447
2780 2449
2781 2449
2782 2446
2783 2445
2784 2442
2785 2442
2786 2445
2787 2445
2788 2442
2789 2444
2790 2442
2791 2441
2792 2441
2793 2441
2794 2441
2795 2442
2796 2442
2797 2442
2798 2442
2799 2442
2800 2441
2801 2442
2802 2442
2803 2441
2804 2440
2805 2440
2806 2440
2807 2440
2808 2440
2809 2440
2810 2440
2811 2439
2812 2440
2813 2439
2814 2439
2815 2439
2816 2439
2817 2439
2818 2438
2819 2438
2820 2438
2821 2438
2822 2438
2823 2438
2824 2437
2825 2438
2826 2438
2827 2438
2828 2438
2829 2438
2830 2437
2831 2438
2832 2438
2833 2438
2834 2438
2835 2438
2836 2438
2837 2438
2838 2438
2839 2437
2840 2437
2841 2438
2842 2437
2843 2437
2844 2437
2845 2437
2846 2437
2847 2437
2848 2436
2849 2436
2850 2436
2851 2437
2852 2437
2853 2437
2854 2437
2855 2437
2856 2437
2857 2437
2858 2437
2859 2437
2860 2437
2861 2437
2862 2437
2863 2436
2864 2436
2865 2436
2866 2438
2867 2438
2868 2438
2869 2437
2870 2438
2871 2438
2872 2438
2873 2437
2874 2437
2875 2445
2876 2445
2877 2445
2878 2445
2879 2445
2880 2444
2881 2437
2882 2437
2883 2437

473 2521
474 2522
475 2523
476 2524
477 2521
478 2522
479 2524
480 2519
481 2517
482 2521
483 2520
484 2519
485 2522
486 2516
487 2520
488 2520
489 2519
490 2519
491 2518
492 2524
493 2524
494 2520
495 2523
496 2524
497 2518
498 2519
499 2520
500 2519
501 2515
502 2520
503 2520
504 2521
505 2519
506 2524
507 2520
508 2519
509 2519
510 2519
511 2519
512 2520
513 2519
514 2519
515 2519
516 2527
517 2520
518 2519
519 2519
520 2519
521 2519
522 2519
523 2518
524 2518
525 2518
526 2519
527 2519
528 2519
529 2519
530 2519
531 2518
532 2518
533 2519
534 2518
535 2519
536 2518
537 2518
538 2519
539 2518
540 2518
541 2518
542 2517
543 2518
544 2517
545 2518
546 2519
547 2519
548 2519
549 2518
550 2519
551 2519
552 2517
553 2519
554 2519
555 2518
556 2518
557 2518
558 2517
559 2517
560 2518
561 2518
562 2518
563 2518
564 2521
565 2517
566 2522
567 2518
568 2516
569 2518
570 2518
571 2517
572 2517
573 2518
574 2517
575 2517
576 2517
577 2517
578 2517
579 2520
580 2517
581 2517
582 2517
583 2517
584 2516
585 2516
586 2516
587 2517
588 2516
589 2516
590 2516
591 2516
592 2516
593 2516
594 2516
595 2515
596 2516
597 2518
598 2516
599 2516
600 2516
601 2516
602 2515
603 2517
604 2516
605 2516
606 2520
607 2513
608 2516
609 2510
610 2510
611 2513
612 2516
613 2515
614 2515
615 2518
616 2516
617 2509
618 2516
619 2516
620 2520
621 2516
622 2515
623 2519
624 2516
625 2516
626 2514
627 2516
628 2516
629 2515
630 2523
631 2516
632 2517
633 2516
634 2509
635 2517
636 2519
637 2516
638 2512
639 2522
640 2518
641 2516
642 2515
643 2515
644 2516
645 2516
646 2508
647 2520
648 2515
649 2516
650 2510
651 2508
652 2516
653 2515
654 2522
655 2521
656 2520
657 2516
658 2516
659 2516
660 2516
661 2516
662 2510
663 2515
664 2514
665 2514
666 2515
667 2515
668 2508
669 2507
670 2514
671 2514
672 2514
673 2515
674 2515
675 2514
676 2515
677 2507
678 2510
679 2515
680 2515
681 2516
682 2514
683 2513
684 2514
685 2514
686 2514
687 2513
688 2514
689 2514
690 2513
691 2512
692 2514
693 2514
694 2514
695 2513
696 2514
697 2514
698 2506
699 2506
700 2506
701 2508
702 2508
703 2513
704 2514
705 2514
706 2515
707 2514
708 2513
850 2513
851 2509
852 2510
853 2510
854 2511
855 2509
856 2511
857 2510
858 2510
859 2510
860 2511
861 2510
862 2510
863 2509
864 2513
865 2510
866 2510
867 2510
868 2509
869 2510
870 2509
871 2510
872 2509
873 2510
874 2509
875 2509
876 2510
877 2510
878 2510
879 2510
880 2511
881 2509
882 2510
883 2510
884 2510
885 2511
886 2510
887 2510
888 2511
889 2511
890 2511
891 2511
892 2511
893 2511
894 2510
895 2511
896 2511
897 2510
898 2510
899 2510
900 2511
901 2511
902 2511
903 2511
904 2511
905 2511
906 2512
907 2511
908 2511
909 2511
910 2511
911 2510
912 2510
913 2510
914 2510
915 2511
916 2510
917 2510
918 2511
919 2511
920 2510
921 2510
922 2511
923 2510
924 2510
925 2510
926 2510
927 2511
928 2513
929 2515
930 2513
931 2514
932 2515
933 2515
934 2513
935 2513
936 2516
937 2516
938 2513
939 2517
940 2512
941 2515
942 2510
943 2511
944 2511
945 2517
946 2515
947 2518
948 2516
949 2515
950 2517
951 2517
952 2510
953 2510
954 2512
955 2511
956 2512
957 2513
958 2514
959 2512
960 2511
961 2514
962 2513
963 2505
964 2506
965 2512
966 2511
967 2511
1672 2522
1673 2522
1674 2524
1675 2524
1676 2522
1677 2524
1678 2521
1679 2522
1680 2528
1681 2514
1682 2521
1683 2521
1684 2520
1685 2517
1686 2522
1687 2520
1688 2521
1689 2519
1690 2513
1691 2520
1692 2520
1693 2520
1694 2519
1695 2527
1696 2520
1697 2513
1698 2519
1699 2518
1700 2526
1701 2519
1702 2518
1703 2517
1704 2514
1705 2515
1706 2518
1707 2523
1708 2511
1709 2517
1710 2518
1711 2517
1712 2517
1713 2517
1714 2517
1715 2517
1716 2517
1717 2510
1718 2515
1719 2514
1720 2514
1721 2516
1722 2513
1723 2513
1724 2521
1725 2519
1726 2519
1727 2512
1728 2515
1729 2516
1730 2516
1731 2515
1732 2513
1733 2514
1734 2509
1735 2514
1736 2515
1737 2520
1738 2522
1739 2517
1740 2509
1741 2508
1742 2508
1743 2516
1744 2514
1745 2510
1746 2513
1747 2512
1748 2516
1749 2516
1750 2515
1751 2511
1752 2508
1753 2516
1754 2515
1755 2515
1756 2516
1757 2517
1758 2515
1759 2514
1760 2515
1761 2515
1762 2516
1763 2515
1764 2511
1765 2514
1766 2506
1767 2517
1768 2510
1769 2516
1770 2515
1771 2516
1772 2515
1773 2514
1774 2519
1775 2514
1776 2511
1777 2514
1778 2514
1779 2515
1780 2509
1781 2515
1782 2514
1783 2509
1784 2513
1785 2515
1786 2515
1787 2515
1788 2514
1789 2515
1790 2515
1791 2514
1792 2514
1793 2513
1794 2514
1795 2513
1796 2513
1797 2515
1798 2514
1799 2515
1800 2515
1801 2520
1802 2519
1803 2513
1804 2514
1805 2509
1806 2508
1807 2511
1808 2508
1809 2514
1810 2514
1811 2512
1812 2518
1813 2508
1814 2512
1815 2517
1816 2512
1817 2509
1818 2515
1819 2514
1820 2508
1821 2508
1822 2508
1823 2514
1824 2514
1825 2515
1826 2515
1827 2514
1828 2515
1829 2515
1830 2510
1831 2513
1832 2509
1833 2517
1834 2516
1835 2515
1836 2520
1837 2510
1838 2512
1839 2515
1840 2519
1841 2514
1842 2514
1843 2509
1844 2515
1845 2514
1846 2509
1847 2513
1848 2509
1849 2520
1850 2514
1851 2516
1852 2516
1853 2521
1854 2519
1855 2522
1856 2515
1857 2515
1858 2515
1859 2515
1860 2515
1861 2515
1862 2515
1863 2515
1864 2512
1865 2516
1866 2516
1867 2516
1868 2517
1869 2515
1870 2516
1871 2516
1872 2509
1873 2516
1874 2517
1875 2517
1876 2509
1877 2511
1878 2520
1879 2516
1880 2519
1881 2517
1882 2509
1883 2516
1884 2516
1885 2515
1886 2517
1887 2515
1888 2514
1889 2514
1890 2514
1891 2514
1892 2514
1893 2514
1894 2521
1895 2514
1896 2513
1897 2514
1898 2519
1899 2517
1900 2513
1901 2513
1902 2513
1903 2514
1904 2513
1905 2513
1906 2513
1907 2514
1908 2512
1909 2511
1910 2512
1911 2512
1912 2515
1913 2516
1914 2515
1915 2514
1916 2515
1917 2515
1918 2510
1919 2512
1920 2512
1921 2512
1922 2521
1923 2521
1924 2519
1925 2511
1926 2513
1927 2508
1928 2514
1929 2514
1930 2514
1931 2514
1932 2515
1933 2516
1934 2514
1935 2515
1936 2516
1937 2516
1938 2516
1939 2516
1940 2516
1941 2516
1942 2516
1943 2516
1944 2517
1945 2517
1946 2516
1947 2517
1948 2517
1949 2517
1950 2517
1951 2518
1952 2518
1953 2518
1954 2520
1955 2516
1956 2516
1957 2517
1958 2516
1959 2516
1960 2516
1961 2517
1962 2517
1963 2517
1964 2516
1965 2516
1966 2516
1967 2516
1968 2515
1969 2515
1970 2515
1971 2509
1972 2516
1973 2509
1974 2515
1975 2514
1976 2514
1977 2510
1978 2515
1979 2516
1980 2515
1981 2513
1982 2513
1983 2512
1984 2513
1985 2521
1986 2520
1987 2520
1988 2518
1989 2513
1990 2512
1991 2513
1992 2512
1993 2510
1994 2512
1995 2508
1996 2511
1997 2509
1998 2507
1999 2512
2000 2513
2001 2513
2002 2513
2003 2513
2004 2513
2005 2513
2006 2513
2007 2513
2008 2513
2009 2519
2010 2514
2011 2513
2012 2510
2013 2513
2014 2513
2015 2513
2016 2513
2017 2513
2018 2509
2019 2512
2020 2513
2021 2513
2022 2513
2023 2506
2024 2513
2025 2513
2026 2513
2027 2513
2028 2507
2029 2520
2030 2506
2031 2513
2032 2510
2033 2513
2034 2514
2035 2514
2036 2514
2037 2513
2038 2513
2039 2513
2040 2517
2041 2517
2042 2515
2043 2515
2044 2516
2045 2516
2046 2516
2047 2516
2048 2515
2049 2515
2050 2516
2051 2515
2052 2518
2053 2521
2054 2515
2055 2515
2056 2514
2057 2515
2058 2515
2059 2515
2060 2514
2061 2514
2062 2514
2063 2520
2064 2518
2065 2516
2066 2514
2067 2515
2068 2513
2069 2508
2070 2519
2071 2514
2072 2515
2073 2514
2074 2514
2075 2515
2076 2515
2077 2512
2078 2514
2079 2511
2080 2515
2081 2515
2082 2509
2083 2515
2084 2514
2085 2514
2086 2514
2087 2519
2088 2513
2089 2513
2090 2514
2091 2516
2092 2516
2093 2518
2094 2515
2095 2517
2096 2524
2097 2517
2098 2510
2099 2514
2100 2512
2101 2517
2102 2512
2103 2516
2104 2522
2203 2512
2204 2510
2205 2511
2206 2511
2207 2510
2208 2513
2209 2506
2210 2510
2211 2511
2212 2503
2213 2510
2214 2511
2215 2511
2216 2510
2217 2510
2218 2509
2219 2510
2220 2506
2221 2510
2222 2511
2223 2509
2224 2508
2225 2511
2226 2509
2227 2508
2228 2503
2229 2504
2230 2503
2231 2502
2232 2508
2233 2509
2234 2506
2235 2509
2236 2508
2237 2509
2238 2513
2239 2508
2240 2508
2241 2502
2242 2512
2243 2503
2244 2505
2245 2506
2246 2505
2247 2506
2248 2502
2249 2505
2250 2504
2251 2505
2252 2508
2253 2511
2254 2511
2255 2505
2256 2499
2257 2505
2258 2506
2259 2513
2260 2499
2261 2499
2262 2505
2263 2505
2264 2503
2265 2504
2266 2505
2267 2509
2268 2506
2269 2504
2270 2503
2271 2502
2272 2508
2273 2505
2274 2504
2275 2503
2276 2500
2277 2501
2278 2506
2279 2505
2280 2506
2281 2506
2282 2507
2283 2507
2284 2507
2285 2506
2286 2506
2287 2507
2288 2506
2289 2506
2290 2506
2291 2511
2292 2503
2293 2507
2294 2501
2295 2508
2296 2511
2297 2499
2298 2507
2299 2501
2300 2500
2301 2499
2302 2496
2303 2498
2304 2499
2305 2499
2306 2500
2307 2500
2308 2500
2309 2499
2310 2498
2311 2494
2312 2500
2313 2498
2314 2499
2315 2498
2316 2508
2317 2496
2318 2497
2319 2498
2320 2498
2321 2495
2322 2497
2323 2497
2324 2499
2325 2498
2326 2496
2327 2497
2328 2493
2329 2497
2330 2498
2331 2498
2332 2498
2333 2499
2334 2498
2335 2496
2336 2498
2337 2499
2338 2506
2383 2501
2384 2501
2385 2502
2386 2501
2387 2500
2388 2501
2389 2503
2390 2495
2391 2497
2392 2499
2393 2501
2394 2495
2395 2497
2396 2492
2397 2492
2398 2491
2399 2490
2400 2499
2401 2498
2402 2496
2403 2497
2404 2497
2405 2495
2406 2496
2407 2495
2408 2496
2409 2497
2410 2495
2411 2496
2412 2492
2413 2495
2414 2493
2415 2493
2416 2489
2417 2484
2418 2484
2419 2484
2420 2489
2421 2484
2422 2482
2423 2488
2424 2482
2425 2488
2426 2485
2427 2487
2428 2482
2429 2487
2430 2486
2431 2486
2432 2489
2433 2487
2434 2486
2435 2482
2436 2487
2437 2486
2438 2487
2439 2488
2440 2480
2441 2486
2442 2484
2443 2489
2444 2488
2445 2487
2446 2486
2447 2492
2448 2479
2449 2486
2450 2485
2451 2479
2452 2484
2453 2481
2454 2485
2455 2484
2456 2488
2457 2482
2458 2485
2459 2484
2460 2479
2461 2481
2462 2484
2463 2484
2464 2484
2465 2491
2466 2485
2467 2484
2468 2479
2469 2481
2470 2482
2471 2480
2472 2484
2473 2479
2474 2480
2475 2484
2476 2479
2477 2479
2478 2479
2479 2486
2480 2482
2481 2485
2482 2484
2483 2485
2484 2487
2485 2486
2486 2485
2487 2485
2488 2486
2489 2485
2490 2487
2491 2486
2492 2486
2493 2486
2494 2486
2495 2482
2496 2480
2497 2480
2498 2487
2499 2495
2500 2486
2501 2481

