4720 2508
4721 2504
4722 2507
4723 2511
4724 2518
4725 2513
4726 2506
4727 2506
4728 2507
4729 2506
4730 2506
4731 2508
4732 2513
4733 2508
4734 2509
4735 2509
4736 2509
4737 2507
4738 2512
4739 2508
4740 2509
4741 2509
4742 2510
4743 2513
4744 2510
4745 2510
4746 2510
4747 2515
4748 2510
4749 2514
4750 2508
4751 2512
4752 2507
4753 2508
4754 2508
4755 2509
4756 2505
4757 2506
4758 2505
4759 2505
4760 2516
4761 2506
4762 2505
4763 2507
4764 2506
4765 2507
4766 2513
4767 2508
4768 2507
4769 2512
4770 2507
4771 2508
4772 2508
4773 2508
4774 2508
4775 2509
4776 2509
4777 2509
4778 2508
4779 2509
4780 2508
4781 2510
4782 2509
4783 2507
4784 2506
4785 2508
4786 2509
4787 2508
4788 2508
4789 2507
4790 2508
4791 2508
4792 2508
4793 2508
4794 2509
4795 2508
4796 2509
4797 2509
4798 2508
4799 2509
4800 2510
4801 2509
4802 2514
4803 2509
4804 2508
4805 2507
4806 2507
4807 2512
4808 2508
4809 2510
4810 2511
4811 2509
4812 2509
4813 2509
4814 2509
4815 2509
4816 2508
4817 2508
4818 2508
4819 2512
4820 2508
4821 2508
4822 2508
4823 2507
4824 2508
4825 2508
4826 2508
4827 2508
4828 2508
4829 2508
4830 2509
4831 2508
4832 2508
4833 2508
4834 2508
4835 2509
4836 2509
4837 2509
4838 2509
4839 2509
4840 2512
4841 2510
4842 2510
4843 2509
4844 2510
4845 2510
4846 2510
4847 2511
4848 2509
4849 2510
4850 2510
4851 2509
4852 2510
4853 2510
4854 2510
4855 2510
4856 2511
4857 2511
4858 2510
4859 2510
4860 2510
4861 2510
4862 2510
4863 2510
4864 2510
4865 2511
4866 2511
4867 2511
4868 2511
4869 2511
4870 2513
4871 2510
4872 2514
4873 2510
4874 2510
4875 2511
4876 2511
4877 2511
4878 2510
4879 2511
4880 2510
4881 2510
4882 2510
4883 2511
4884 2510
4885 2510
4886 2510
4887 2510
4888 2510
4889 2511
4890 2511
4891 2511
4892 2510
4893 2511
4894 2511
4895 2511
4896 2510
4897 2510
4898 2510
4899 2510
4900 2510
4901 2510
4902 2510
4903 2510
4904 2509
4905 2512
4906 2510
4907 2511
4908 2511
4909 2511
4910 2511
4911 2511
4912 2511
4913 2511
4914 2511
4915 2512
4916 2512
4917 2511
4918 2513
4919 2514
4920 2510
4921 2512
4922 2511
4923 2511
4924 2511
4925 2512
4926 2512
4927 2512
4928 2513
4929 2517
4930 2517
4931 2513
4932 2513
4933 2511
4934 2511
4935 2514
4936 2512
4937 2511
4938 2511
4939 2511
4940 2511
4941 2511
4942 2511
4943 2511
4944 2511
4945 2511
4946 2510
4947 2511
4948 2511
4949 2511
4950 2511
4951 2511
4952 2511
4953 2515
4954 2511
4955 2511
4956 2511
4957 2511
4958 2512
4959 2511
4960 2511
4961 2511
4962 2512
4963 2511
4964 2511
4965 2511
4966 2511
4967 2511
4968 2512
4969 2512
4970 2511
4971 2511
4972 2511
4973 2511
4974 2511
4975 2511
4976 2511
4977 2511
4978 2512
4979 2512
4980 2512
4981 2512
4982 2518
4983 2512
4984 2512
4985 2516
4986 2514
4987 2512
4988 2511
4989 2513
4990 2511
4991 2516
4992 2510
4993 2518
4994 2511
4995 2511
4996 2512
4997 2509
4998 2516
4999 2514
5000 2512
5001 2511
5002 2511
5003 2511
5004 2511
5005 2511
5006 2511
5007 2510
5008 2510
5009 2510
5010 2511
5011 2511
5012 2510
5013 2514
5014 2510
5015 2511
5016 2511
5017 2511
5018 2511
5019 2510
5020 2511
5021 2510
5022 2510
5023 2510
5024 2510
5025 2512
5026 2510
5027 2509
5028 2508
5029 2510
5030 2509
5031 2509
5032 2510
5033 2510
5034 2509
5035 2509
5036 2509
5037 2509
5038 2509
5039 2509
5040 2510
5041 2509
5042 2510
5043 2510
5044 2510
5045 2511
5046 2511
5047 2512
5048 2515
5049 2514
5050 2511
5051 2511
5052 2512
5053 2511
5054 2512
5055 2511
5056 2511
5057 2511
5058 2511
5059 2511
5060 2511
5061 2511
5062 2511
5063 2511
5064 2511
5065 2511
5066 2509
5067 2509
5068 2511
5069 2511
5070 2508
5071 2513
5072 2510
5073 2513
5074 2511
5075 2508
5076 2510
5077 2510
5078 2510
5079 2510
5080 2510
5081 2510
5082 2510
5083 2511
5084 2510
5085 2510
5086 2510
5087 2509
5088 2510
5089 2510
5090 2510
5091 2511
5092 2510
5093 2510
5094 2510
5095 2510
5096 2509
5097 2509
5098 2509
5099 2509
5100 2510
5101 2509
5102 2509
5103 2514
5104 2510
5105 2510
5106 2509
5107 2509
5108 2509
5109 2509
5110 2510
5111 2517
5112 2510
5113 2510
5114 2510
5115 2509
5116 2509
5117 2509
5118 2509
5119 2509
5120 2509
5121 2509
5122 2509
5123 2510
5124 2509
5125 2509
5126 2509
5127 2509
5128 2513
5129 2509
5130 2509
5131 2509
5132 2512
5133 2510
5134 2510
5135 2509
5136 2513
5137 2509
5138 2510
5139 2510
5140 2509
5141 2510
5142 2510
5143 2509
5144 2509
5145 2510
5146 2509
5147 2509
5148 2509
5149 2509
5150 2509
5151 2509
5152 2515
5153 2510
5154 2510
5155 2515
5156 2510
5157 2510
5158 2509
5159 2509
5160 2509
5161 2509
5162 2513
5163 2508
5164 2510
5165 2509
5166 2509
5167 2509
5168 2509
5169 2509
5170 2508
5171 2509
5172 2512
5173 2508
5174 2509
5175 2509
5176 2509
5177 2509
5178 2509
5179 2509
5180 2509
5181 2509
5182 2509
5183 2509
5184 2509
5185 2508
5186 2509
5187 2509
5188 2508
5189 2510
5190 2510
5191 2509
5192 2509
5193 2509
5194 2510
5195 2509
5196 2509
5197 2508
5198 2508
5199 2508
5200 2508
5201 2508
5202 2507
5203 2508
5204 2512
5205 2512
5206 2508
5207 2508
5208 2512
5209 2511
5210 2509
5211 2511
5212 2510
5213 2507
5214 2508
5215 2511
5216 2511
5217 2507
5218 2507
5219 2507
5220 2507
5221 2507
5222 2508
5223 2511
5224 2507
5225 2511
5226 2511
5227 2507
5228 2511
5229 2506
5230 2507
5231 2507
5232 2506
5233 2507
5234 2510
5235 2510
5236 2506
5237 2506
5238 2510
5239 2509
5240 2506
5241 2507
5242 2506
5243 2506
5244 2507
5245 2508
5246 2507
5247 2506
5248 2506
5249 2506
5250 2506
5251 2506
5252 2505
5253 2506
5254 2506
5255 2506
5256 2506
5257 2506
5258 2506
5259 2505
5260 2508
5261 2507
5262 2506
5263 2506
5264 2505
5265 2509
5266 2506
5267 2506
5268 2506
5269 2506
5270 2506
5271 2505
5272 2506
5273 2506
5274 2506
5275 2505
5276 2505
5277 2505
5278 2505
5279 2505
5280 2505
5281 2505
5282 2505
5283 2505
5284 2505
5285 2505
5286 2505
5287 2505
5288 2504
5289 2504
5290 2504
5291 2505
5292 2504
5293 2505
5294 2505
5295 2505
5296 2505
5297 2504
5298 2508
5299 2508
5300 2504
5301 2504
5302 2504
5303 2503
5304 2503
5305 2502
5306 2505
5307 2505
5308 2507
5309 2505
5310 2505
5311 2504
5312 2503
5313 2505
5314 2504
5315 2505
5316 2506
5317 2506
5318 2504
5319 2502
5320 2501
5321 2501
5322 2500
5323 2498
5324 2500
5325 2500
5326 2500
5327 2501
5328 2505
5329 2505
5330 2499
5331 2500
5332 2497
5333 2504
5334 2505
5335 2505
5336 2500
5337 2507
5338 2504
5339 2504
5340 2504
5341 2505
5342 2503
5343 2504
5344 2504
5345 2505
5346 2504
5347 2504
5348 2505
5349 2504
5350 2504
5351 2504
5352 2504
5353 2504
5354 2504
5355 2504
5356 2505
5357 2504
5358 2504
5359 2504
5360 2504
5361 2505
5362 2504
5363 2504
5364 2504
5365 2503
5366 2504
5367 2504
5368 2505
5369 2504
5370 2504
5371 2504
5372 2504
5373 2504
5374 2503
5375 2503
5376 2504
5377 2503
5378 2507
5379 2503
5380 2504
5381 2503
5382 2504
5383 2505
5384 2503
5385 2502
5386 2502
5387 2504
5388 2505
5389 2507
5390 2508
5391 2503
5392 2503
5393 2503
5394 2504
5395 2504
5396 2503
5397 2503
5398 2505
5399 2504
5400 2504
5401 2505
5402 2508
5403 2505
5404 2506
5405 2503
5406 2503
5407 2503
5408 2503
5409 2503
5410 2503
5411 2503
5412 2502
5413 2503
5414 2503
5415 2503
5416 2503
5417 2511
5418 2501
5419 2503
5420 2503
5421 2503
5422 2503
5423 2503
5424 2503
5425 2502
5426 2503
5427 2501
5428 2505
5429 2503
5430 2504
5431 2506
5432 2502
5433 2504
5434 2503
5435 2502
5436 2503
5437 2503
5438 2507
5439 2503
5440 2503
5441 2502
5442 2505
5443 2503
5444 2502
5445 2505
5446 2512
5447 2503
5448 2502
5449 2503
5450 2503
5451 2503
5452 2502
5453 2502
5454 2502
5455 2501
5456 2502
5457 2502
5458 2503
5459 2502
5460 2501
5461 2502
5462 2502
5463 2500
5464 2503
5465 2502
5466 2502

