1 2497
2 2497
3 2497
4 2497
5 2497
6 2497
7 2497
8 2497
9 2497
10 2497
11 2497
12 2497
13 2497
14 2497
15 2497
16 2497
17 2497
18 2497
19 2497
20 2497
21 2497
22 2497
23 2497
24 2497
25 2497
26 2497
27 2497
28 2497
29 2497
30 2497
31 2497
32 2497
33 2497
34 2497
35 2497
36 2497
37 2497
38 2497
39 2497
40 2497
41 2497
42 2497
43 2497
44 2497
45 2497
46 2498
47 2498
48 2498
49 2498
50 2498
51 2497
52 2497
53 2497
54 2497
55 2497
56 2497
57 2497
58 2497
59 2497
60 2497
61 2497
62 2497
63 2497
64 2497
65 2497
66 2497
67 2497
68 2497
69 2497
70 2497
71 2497
72 2497
73 2497
74 2497
75 2497
76 2497
77 2497
78 2496
79 2496
80 2497
81 2496
82 2496
83 2497
84 2496
85 2496
86 2497
87 2497
88 2497
89 2497
90 2497
91 2497
92 2498
93 2498
94 2498
95 2498
96 2498
97 2499
98 2499
99 2499
100 2499
101 2499
102 2499
103 2499
104 2499
105 2499
106 2499
107 2499
108 2499
109 2499
110 2499
111 2499
112 2499
113 2499
114 2499
115 2499
116 2499
117 2498
118 2498
119 2498
120 2499
121 2499
122 2498
123 2499
124 2499
125 2499
126 2499
127 2499
128 2499
129 2499
130 2499
131 2499
132 2499
133 2499
134 2499
135 2499
136 2498
137 2499
138 2497
139 2499
140 2499
141 2499
142 2499
143 2499
144 2499
145 2499
146 2499
147 2499
148 2499
149 2499
150 2500
151 2500
152 2500
153 2501
154 2501
155 2502
156 2501
157 2502
158 2501
159 2501
160 2501
161 2502
162 2502
163 2502
164 2502
165 2502
166 2502
167 2503
168 2503
169 2503
170 2503
171 2503
172 2503
173 2503
174 2503
175 2503
176 2503
177 2503
178 2503
179 2504
180 2504
181 2503
182 2503
183 2503
184 2503
185 2504
186 2503
187 2503
188 2504
189 2504
190 2504
191 2503
192 2502
193 2503
194 2504
195 2504
196 2503
197 2503
198 2503
199 2503
200 2503
201 2503
202 2503
203 2502
204 2502
205 2502
206 2502
207 2502
208 2502
209 2502
210 2502
211 2502
212 2502
213 2502
214 2503
215 2502
216 2502
217 2502
218 2502
219 2501
220 2502
221 2502
222 2502
223 2502
224 2502
225 2501
226 2501
227 2501
228 2502
229 2502
230 2501
231 2501
232 2501
233 2501
234 2502
235 2501
236 2501
237 2501
238 2501
239 2501
240 2501
241 2501
242 2501
243 2501
244 2501
245 2501
246 2501
247 2501
248 2501
249 2501
250 2501
251 2501
252 2501
253 2501
254 2502
255 2502
256 2500
257 2502
258 2502
259 2501
260 2501
261 2501
262 2501
263 2501
264 2500
265 2500
266 2501
267 2500
268 2499
269 2500
270 2501
271 2501
272 2500
273 2500
274 2500
275 2500
276 2500
277 2500
278 2501
279 2501
280 2501
281 2501
282 2500
283 2500
284 2500
285 2501
286 2501
287 2501
288 2501
289 2501
290 2501
291 2501
292 2501
293 2501
294 2501
295 2501
296 2500
297 2500
298 2500
299 2501
300 2501
301 2501
302 2501
303 2501
304 2502
305 2502
306 2502
307 2501
308 2501
309 2501
310 2501
311 2502
312 2502
313 2502
314 2501
315 2501
316 2502
317 2502
318 2502
319 2502
320 2501
321 2502
322 2501
323 2501
324 2501
325 2501
326 2501
327 2501
328 2501
329 2501
330 2501
331 2501
332 2501
333 2501
334 2501
335 2501
336 2501
337 2501
338 2501
339 2501
340 2501
341 2501
342 2501
343 2501
344 2501
345 2501
346 2501
347 2501
348 2501
349 2501
350 2501
351 2501
352 2501
353 2502
354 2502
355 2502
356 2502
357 2502
358 2502
359 2502
360 2503
361 2503
362 2503
363 2503
364 2503
365 2503
366 2503
367 2504
368 2503
369 2504
370 2504
371 2504
372 2504
373 2504
374 2504
375 2504
376 2505
377 2504
378 2504
379 2504
380 2504
381 2504
382 2504
383 2504
384 2504
385 2504
386 2504
387 2504
388 2505
389 2504
390 2504
391 2504
392 2504
393 2504
394 2504
395 2503
396 2504
397 2504
398 2504
399 2504
400 2504
401 2503
402 2504
403 2504
404 2504
405 2504
406 2504
407 2504
408 2504
409 2503
410 2504
411 2504
412 2504
413 2504
414 2504
415 2504
416 2504
417 2504
418 2504
419 2504
420 2504
421 2504
422 2504
423 2504
424 2504
425 2504
426 2505
427 2504
428 2503
429 2504
430 2504
431 2504
432 2504
433 2504
434 2507
435 2503
436 2504
437 2503
438 2503
439 2504
440 2504
441 2504
442 2504
443 2504
444 2504
445 2504
446 2504
447 2504
448 2504
449 2504
450 2504
451 2504
452 2503
453 2503
454 2503
455 2503
456 2503
457 2503
458 2503
459 2503
460 2502
461 2502
462 2502
463 2501
464 2501
465 2501
466 2500
467 2500
468 2500
469 2500
470 2499
471 2498
472 2499
473 2499
474 2499
475 2499
476 2498
477 2498
478 2498
479 2497
480 2497
481 2498
482 2497
483 2497
484 2497
485 2497
486 2498
487 2498
488 2497
489 2498
490 2498
491 2498
492 2498
493 2498
494 2499
495 2499
496 2499
497 2499
498 2498
499 2498
500 2499
501 2499
502 2498
503 2498
504 2498
505 2497
506 2497
507 2497
508 2497
509 2497
510 2497
511 2497
512 2496
513 2496
514 2496
515 2496
516 2496
517 2496
518 2496
519 2496
520 2496
521 2496
522 2496
523 2495
524 2495
525 2495
526 2494
527 2495
528 2494
529 2494
530 2494
531 2494
532 2494
533 2493
534 2493
535 2493
536 2492
537 2492
538 2491
539 2491
540 2491
541 2491
542 2491
543 2490
544 2490
545 2489
546 2490
547 2489
548 2490
549 2489
550 2489
551 2490
552 2490
553 2490
554 2491
555 2492
556 2493
557 2491
558 2491
559 2492
560 2492
561 2491
562 2491
563 2491
564 2491
565 2493
566 2492
567 2491
568 2492
569 2492
570 2493
571 2492
572 2492
573 2492
574 2492
575 2492
576 2492
577 2492
578 2492
579 2492
580 2492
581 2492
582 2492
583 2492
584 2493
585 2493
586 2493
587 2494
588 2493
589 2494
590 2494
591 2494
592 2494
593 2495
594 2495
595 2495
596 2495
597 2494
598 2495
599 2495
600 2496
601 2496
602 2495
603 2496
604 2496
605 2496
606 2497
607 2496
608 2497
609 2497
610 2496
611 2497
612 2496
613 2497
614 2497
615 2496
616 2498
617 2497
618 2497
619 2497
620 2497
621 2497
622 2498
623 2499
624 2497
625 2497
626 2498
627 2498
628 2498
629 2499
630 2500
631 2498
632 2499
633 2502
634 2501
635 2497
636 2497
637 2498
638 2503
639 2498
640 2498
641 2498
642 2502
643 2498
644 2498
645 2498
646 2499
647 2499
648 2503
649 2500
650 2499
651 2500
652 2499
653 2499
654 2500
655 2500
656 2499
657 2499
658 2501
659 2506
660 2501
661 2501
662 2500
663 2503
664 2506
665 2503
666 2501
667 2502
668 2502
669 2502
670 2502
671 2502
672 2504
673 2502
674 2502
675 2503
676 2502
677 2505
678 2502
679 2502
680 2503
681 2502
682 2502
683 2502
684 2502
685 2502
686 2502
687 2502
688 2502
689 2503
690 2502
691 2501
692 2501
693 2501
694 2501
695 2501
696 2501
697 2501
698 2502
699 2501
700 2501
701 2502
702 2502
703 2503
704 2502
705 2502
706 2501
707 2501
708 2501
709 2501
710 2501
711 2501
712 2501
713 2501
714 2501
715 2501
716 2501
717 2506
718 2501
719 2502
720 2501
721 2500
722 2500
723 2502
724 2501
725 2502
726 2502
727 2502
728 2502
729 2502
730 2503
731 2501
732 2502
733 2503
734 2503
735 2504
736 2503
737 2504
738 2504
739 2504
740 2505
741 2504
742 2505
743 2506
744 2506
745 2507
746 2507
747 2507
748 2509
749 2506
750 2506
751 2506
752 2505
753 2513
754 2506
755 2506
756 2506
757 2506
758 2508
759 2506
760 2505
761 2507
762 2512
763 2505
764 2506
765 2504
766 2504
767 2504
768 2503
769 2505
770 2504
771 2504
772 2507
773 2506
774 2504
775 2505
776 2503
777 2505
778 2503
779 2503
780 2503
781 2503
782 2503
783 2503
784 2504
785 2503
786 2504
787 2504
788 2504
789 2504
790 2504
791 2503
792 2503
793 2503
794 2504
795 2505
796 2504
797 2504
798 2504
799 2505
800 2505
801 2504
802 2504
803 2504
804 2505
805 2504
806 2504
807 2504
808 2504
809 2504
810 2503
811 2507
812 2504
813 2504
814 2504
815 2504
816 2504
817 2504
818 2504
819 2504
820 2503
821 2505
822 2504
823 2505
824 2504
825 2504
826 2503
827 2504
828 2504
829 2504
830 2504
831 2504
832 2504
833 2503
834 2503
835 2503
836 2506
837 2504
838 2505
839 2504
840 2508
841 2504
842 2503
843 2503
844 2503
845 2503
846 2503
847 2503
848 2503
849 2503
850 2503
851 2502
852 2502
853 2503
854 2504
855 2502
856 2503
857 2502
858 2503
859 2503
860 2503
861 2503
862 2502
863 2503
864 2502
865 2503
866 2502
867 2503
868 2503
869 2504
870 2504
871 2503
872 2508
873 2509
874 2504
875 2505
876 2503
877 2507
878 2508
879 2509
880 2506
881 2506
882 2505
883 2506
884 2507
885 2506
886 2508
887 2507
888 2509
889 2506
890 2506
891 2506
892 2504
893 2505
894 2505
895 2505
896 2506
897 2506
898 2506
899 2507
900 2506
901 2507
902 2506
903 2505
904 2507
905 2507
906 2506
907 2506
908 2506
909 2506
910 2506
911 2506
912 2506
913 2506
914 2506
915 2506
916 2507
917 2507
918 2506
919 2506
920 2506
921 2506
922 2507
923 2506
924 2506
925 2506
926 2506
927 2506
928 2506
929 2507
930 2508
931 2507
932 2506
933 2506
934 2506
935 2506
936 2506
937 2505
938 2505
939 2506
940 2505
941 2505
942 2505
943 2506
944 2506
945 2506
946 2505
947 2505
948 2505
949 2505
950 2505
951 2505
952 2505
953 2505
954 2505
955 2505
956 2505
957 2506
958 2505
959 2505
960 2505
961 2505
962 2505
963 2504
964 2504
965 2505
966 2504
967 2505
968 2504
969 2505
970 2505
971 2505
972 2505
973 2505
974 2505
975 2505
976 2505
977 2505
978 2505
979 2505
980 2504
981 2504
982 2504
983 2504
984 2504
985 2505
986 2505
987 2505
988 2505
989 2505
990 2505
991 2506
992 2505
993 2506
994 2506
995 2506
996 2506
997 2506
998 2506
999 2506
1000 2506
1001 2506
1002 2507
1003 2507
1004 2506
1005 2506
1006 2506
1007 2507
1008 2506
1009 2506
1010 2506
1011 2506
1012 2508
1013 2506
1014 2511
1015 2506
1016 2506
1017 2506
1018 2506
1019 2506
1020 2506
1021 2506
1022 2506
1023 2506
1024 2506
1025 2506
1026 2505
1027 2506
1028 2506
1029 2506
1030 2505
1031 2506
1032 2506
1033 2506
1034 2505
1035 2506
1036 2506
1037 2506
1038 2505
1039 2505
1040 2506
1041 2506
1042 2505
1043 2506
1044 2505
1045 2506
1046 2506
1047 2505
1048 2505
1049 2506
1050 2507
1051 2505
1052 2506
1053 2506
1054 2506
1055 2505
1056 2505
1057 2506
1058 2506
1059 2506
1060 2506
1061 2506
1062 2505
1063 2509
1064 2508
1065 2506
1066 2508
1067 2507
1068 2509
1069 2508
1070 2509
1071 2509
1072 2508
1073 2510
1074 2512
1075 2516
1076 2515
1077 2515
1078 2517
1079 2517
1080 2517
1081 2517
1082 2518
1083 2516
1084 2516
1085 2517
1086 2516
1087 2518
1088 2513
1089 2513
1090 2512
1091 2515
1092 2515
1093 2514
1094 2520
1095 2511
1096 2520
1097 2517
1098 2522
1099 2511
1100 2516
1101 2512
1102 2512
1103 2512
1104 2512
1105 2515
1106 2513
1107 2509
1108 2510
1109 2510
1110 2511
1111 2510
1112 2512
1113 2513
1114 2510
1115 2511
1116 2510
1117 2511
1118 2510
1119 2513
1120 2513
1121 2513
1122 2512
1123 2512
1124 2512
1125 2513
1126 2513
1127 2512
1128 2517
1129 2511
1130 2511
1131 2511
1132 2514
1133 2513
1134 2516
1135 2510
1136 2509
1137 2510
1138 2509
1139 2509
1140 2514
1141 2510
1142 2510
1143 2511
1144 2510
1145 2511
1146 2510
1147 2509
1148 2510
1149 2512
1150 2511
1151 2511
1152 2511
1153 2511
1154 2510
1155 2510
1156 2510
1157 2510
1158 2510
1159 2518
1160 2518
1161 2518
1162 2518
1163 2518
1164 2518
1165 2518
1166 2516
1167 2515
1168 2514
1169 2514
1170 2515
1171 2521
1172 2515
1173 2521
1174 2515
1175 2514
1176 2513
1177 2513
1178 2512
1179 2513
1180 2516
1181 2516
1182 2511
1183 2510
1184 2515
1185 2512
1186 2508
1187 2507
1188 2513
1189 2509
1190 2506
1191 2507
1192 2508
1193 2507
1194 2506
1195 2507
1196 2506
1197 2506
1198 2503
1199 2509
1200 2509
1201 2511
1202 2510
1203 2510

2 2516
3 2515
4 2516
5 2516
6 2516
7 2517
8 2518
9 2510
10 2513
11 2519
12 2518
13 2518
14 2517
15 2519
16 2516
17 2517
18 2516
19 2524
20 2516
21 2516
22 2517
23 2516
24 2517
25 2519
26 2518
27 2517
28 2516
29 2518
30 2518
31 2517
32 2517
33 2516
34 2517
35 2517
36 2516
37 2517
38 2517
39 2517
40 2517
41 2517
42 2516
43 2516
44 2516
45 2513
46 2517
47 2518
48 2521
49 2516
50 2520
51 2518
52 2517
53 2517
54 2517
55 2517
56 2517
57 2517
58 2516
59 2516
60 2516
61 2517
62 2516
63 2516
64 2515
65 2516
66 2516
67 2517
68 2517
69 2517
70 2516
71 2516
72 2517
73 2517
74 2517
75 2517
76 2515
77 2516
78 2516
79 2516
80 2516
81 2516
82 2516
83 2516
84 2517
85 2517
86 2517
87 2518
88 2519
89 2521
90 2521
91 2517
92 2522
93 2518
94 2518
95 2518
96 2519
97 2519
98 2518
99 2520
100 2519
101 2519
102 2520
103 2520
104 2520
105 2520
106 2520
107 2521
108 2521
109 2521
110 2519
111 2520
112 2519
113 2522
114 2521
115 2518
116 2522
117 2524
118 2516
119 2517
120 2517
121 2529
122 2515
123 2517
124 2518
125 2522
126 2516
127 2516
128 2520
129 2523
130 2524
131 2519
132 2526
133 2524
134 2524
135 2524
136 2526
137 2524
138 2525
139 2525
140 2527
141 2528
142 2521
143 2521
144 2521
145 2521
146 2521
147 2531
148 2524
149 2526
150 2524
151 2527
152 2527
153 2528
154 2527
155 2527
156 2529
157 2529
158 2526
159 2527
160 2530
161 2529
162 2529
163 2530
164 2533
165 2527
166 2537
167 2529
168 2529
169 2527
170 2530
171 2535
288 2528
289 2530
290 2530
291 2528
292 2527
293 2528
294 2528
295 2529
296 2529
297 2529
298 2528
299 2528
300 2528
301 2528
302 2528
303 2528
304 2529
305 2528
306 2529
307 2528
308 2532
309 2531
310 2527
311 2528
312 2528
313 2528
314 2529
315 2529
316 2529
317 2528
318 2529
319 2529
320 2529
321 2528
322 2529
323 2530
324 2531
325 2527
326 2528
327 2529
328 2530
329 2520
330 2527
331 2528
332 2530
333 2528
334 2528
335 2528
336 2528
337 2528
338 2528
339 2533
340 2532
341 2533
342 2528
343 2527
344 2528
345 2528
346 2529
347 2529
348 2529
349 2528
350 2528
351 2530
352 2529
353 2530
354 2532
355 2531
356 2525
357 2529
358 2528
359 2530
360 2534
361 2535
362 2538
363 2525
364 2524
365 2533
366 2534
367 2532
368 2532
369 2525
370 2525
371 2533
372 2525
373 2527
374 2533
375 2527
376 2536
377 2536
378 2533
379 2532
380 2532
381 2534
382 2535
383 2525
384 2531
385 2532
386 2529
387 2528
388 2529
389 2534
390 2534
391 2526
392 2535
393 2535
394 2540
395 2533
396 2535
397 2535
398 2530
399 2534
400 2533
401 2538
402 2536
403 2537
404 2536
405 2535
406 2535
407 2539
408 2542
409 2536
410 2536
411 2537
412 2537
413 2537
414 2537
415 2536
416 2537
417 2539
418 2539
419 2536
420 2536
421 2533
422 2531
423 2539
424 2537
425 2544
426 2537
427 2534
428 2540
429 2546
430 2541
431 2533
432 2540
433 2541
434 2547
435 2544
436 2538
437 2539
438 2538
439 2539
440 2545
441 2540
442 2539
443 2543
444 2540
445 2533
446 2539
447 2539
448 2539
449 2539
450 2539
451 2540
452 2539
453 2541
454 2539
455 2540
456 2539
457 2539
458 2538
459 2538
460 2538
461 2538
462 2542
463 2537
464 2540
465 2538
466 2539
467 2536
468 2537
469 2537
470 2536
471 2537
472 2536
473 2541
474 2536
475 2533
476 2533
477 2535
478 2534
479 2533
480 2540
481 2537
482 2534
483 2534
484 2534
485 2536
486 2535
487 2535
488 2536
489 2535
490 2535
491 2535
492 2536
493 2535
494 2537
495 2536
496 2536
497 2537
498 2538
499 2536
500 2537
501 2536
502 2536
503 2536
504 2536
505 2536
506 2535
507 2536
508 2537
509 2535
510 2536
511 2540
512 2529
513 2538
514 2533
515 2535
516 2536
517 2534
518 2533
519 2534
520 2536
521 2536
522 2538
523 2533
524 2534
525 2534
526 2538
527 2533
528 2533
529 2533
530 2532
531 2533
532 2531
533 2532
534 2531
535 2532
536 2531
537 2522
538 2529
539 2529
540 2528
541 2528
542 2528
543 2528
544 2528
545 2527
546 2527
547 2529
548 2530
549 2522
550 2528
551 2533
552 2529
553 2529
554 2529
555 2529
556 2529
557 2530
558 2531
559 2530
560 2530
561 2529
562 2530
563 2524
564 2532
565 2526
566 2534
567 2533
568 2534
569 2528
570 2530
571 2532
572 2531
573 2531
574 2530
575 2531
576 2530
577 2531
578 2531
579 2532
580 2530
581 2533
582 2531
583 2532
584 2538
585 2526
586 2532
587 2532
588 2534
589 2532
590 2533
591 2534
592 2533
593 2526
594 2534
595 2534
596 2533
597 2529
598 2536
599 2536
600 2535
601 2535
602 2537
603 2537
604 2534
605 2536
606 2542
607 2535
608 2537
609 2539
610 2541
611 2537
612 2537
613 2538
614 2537
615 2538
616 2537
617 2539
618 2538
619 2537
620 2538
621 2538
622 2530
623 2539
624 2537
625 2537
626 2532
627 2539
628 2538
629 2538
630 2545
631 2544
632 2537
633 2540
634 2540
635 2539
636 2533
637 2539
638 2538
639 2538
640 2533
641 2538
642 2538
643 2540
644 2542
645 2542
646 2544
647 2537
648 2540
649 2534
650 2544
651 2543
652 2538
653 2540
654 2542
655 2545
656 2541
657 2543
658 2543
659 2546
660 2545
661 2543
662 2545
663 2544
664 2548
665 2544
666 2544
667 2545
668 2545
669 2546
670 2544
671 2545
672 2551
673 2544
674 2546
675 2546
676 2546
677 2545
678 2546
679 2547
680 2545
681 2545
682 2546
683 2537
684 2546
685 2548
686 2545
687 2543
688 2552
689 2546
690 2546
691 2545
692 2544
693 2545
694 2550
695 2549
696 2546
697 2549
698 2546
699 2547
700 2538
701 2553
702 2543
703 2548
704 2546
705 2552
706 2551
707 2540
708 2544
709 2546
710 2545
711 2549
712 2539
713 2541
714 2545
715 2545
716 2551
717 2543
718 2545
719 2546
720 2548
721 2547
722 2541
723 2551
724 2550
725 2554
726 2551
727 2550
728 2547
729 2540
730 2545
731 2544
732 2544
733 2546
734 2549
735 2548
736 2544
737 2549
738 2549
739 2554
740 2551
741 2549
742 2541
743 2542
744 2550
745 2551
746 2546
747 2545
748 2548
749 2554
750 2556
751 2550
752 2545
753 2545
754 2549
755 2553
756 2542
757 2542
758 2552
759 2550
760 2544
761 2549
762 2556
763 2548
764 2551
765 2544
766 2546
767 2554
768 2543
769 2550
770 2543
771 2557
772 2550
773 2555
774 2550
775 2557
776 2549
777 2543
778 2553
779 2552
780 2553
781 2547
782 2548
783 2547
784 2552
785 2552
786 2557
787 2548
788 2548
789 2547
790 2548
791 2546
792 2557
793 2553
794 2547
795 2544
796 2552
797 2554
798 2554
799 2546
800 2548
801 2552
802 2549
803 2557
804 2552
805 2550
806 2543
807 2547
808 2543
809 2549
810 2553
811 2550
812 2548
813 2546
814 2547
815 2548
816 2553
817 2553
818 2557
819 2543
820 2550
821 2555
822 2548
823 2550
824 2546
825 2553
826 2549
827 2549
828 2549
829 2549
830 2549
831 2551
832 2550
833 2549
834 2546
835 2548
836 2554
837 2543
838 2551
839 2550
840 2550
841 2549
842 2549
843 2554
844 2546
845 2556
846 2544
847 2557
848 2551
849 2545
850 2546
851 2543
852 2546
853 2554
854 2555
855 2551
856 2557
857 2549
858 2549
859 2555
860 2547
861 2551
862 2549
863 2549
864 2557
865 2552
866 2552
867 2549
868 2549
869 2548
870 2544
871 2544
872 2553
873 2549
874 2554
875 2553
876 2556
877 2550
878 2554
879 2557
880 2557
881 2543
882 2547
883 2545
884 2543
885 2553
886 2550
887 2554
888 2546
889 2543
890 2544
891 2546
892 2544
893 2556
894 2555
895 2546
896 2556
897 2558
898 2555
899 2550
900 2553
901 2553
902 2551
903 2544
904 2551
905 2551
906 2554
907 2549
908 2550
909 2555
910 2548
911 2556
912 2548
913 2551
914 2544
915 2550
916 2550
917 2550
918 2550
919 2554
920 2557
921 2547
922 2547
923 2553
924 2553
925 2545
926 2550
927 2553
928 2555
929 2552
930 2547
931 2551
932 2551
933 2551
934 2547
935 2553
936 2552
937 2557
938 2546
939 2556
940 2550
941 2550
942 2553
943 2553
944 2546
945 2555
946 2550
947 2550
948 2549
949 2555
950 2555
951 2546
952 2547
953 2551
954 2560
955 2558
956 2558
957 2556
958 2554
959 2554
960 2552
961 2549
962 2558
963 2547
964 2559
965 2551
966 2558
967 2560
968 2555
969 2550
970 2557
971 2547
972 2555
973 2557
974 2553
975 2558
976 2551
977 2557
978 2549
979 2555
980 2559
981 2552
982 2549
983 2551
984 2548
985 2553
986 2553
987 2559
988 2551
989 2559
990 2555
991 2552
992 2548
993 2552
994 2552
995 2553
996 2548
997 2554
998 2550
999 2548
1000 2562
1001 2559
1002 2553
1003 2548
1004 2554
1005 2554
1006 2552
1007 2555
1008 2555
1009 2555

