3962 2528
3963 2528
3964 2527
3965 2527
3966 2528
3967 2526
3968 2526
3969 2527
3970 2527
3971 2527
3972 2527
3973 2526
3974 2527
3975 2527
3976 2527
3977 2526
3978 2535
3979 2528
3980 2526
3981 2525
3982 2524
3983 2530
3984 2530
3985 2524
3986 2523
3987 2524
3988 2524
3989 2524
3990 2523
3991 2523
3992 2524
3993 2524
3994 2532
3995 2532
3996 2523
3997 2523
3998 2523
3999 2524
4000 2524
4001 2523
4002 2524
4003 2524
4004 2522
4005 2521
4006 2526
4007 2522
4008 2521
4009 2520
4010 2521
4011 2520
4012 2530
4013 2517
4014 2517
4015 2518
4016 2518
4017 2518
4018 2518
4019 2519
4020 2518
4021 2518
4022 2517
4023 2520
4024 2515
4025 2519
4026 2516
4027 2518
4028 2517
4029 2518
4030 2517
4031 2517
4032 2517
4033 2516
4034 2518
4035 2516
4036 2515
4037 2523
4038 2515
4039 2515
4040 2516
4041 2516
4042 2515
4043 2515
4044 2515
4045 2517
4046 2516
4047 2518
4048 2516
4049 2516
4050 2517
4051 2517
4052 2516
4053 2515
4054 2520
4055 2515
4056 2516
4057 2514
4058 2515
4059 2519
4060 2515
4061 2515
4062 2516
4063 2515
4064 2516
4065 2517
4066 2516
4067 2524
4068 2524
4069 2516
4070 2516
4071 2518
4072 2518
4073 2517
4074 2518
4075 2519
4076 2516
4077 2516
4078 2516
4079 2515
4080 2514
4081 2514
4082 2515
4083 2516
4084 2513
4085 2515
4086 2515
4087 2514
4088 2515
4089 2515
4090 2515
4091 2516
4092 2515
4093 2514
4094 2515
4095 2514
4096 2514
4097 2514
4098 2515
4099 2518
4100 2514
4101 2515
4102 2517
4103 2517
4104 2519
4105 2514
4106 2514
4107 2514
4108 2514
4109 2516
4110 2515
4111 2516
4112 2515
4113 2515
4114 2515
4115 2515
4116 2514
4117 2515
4118 2517
4119 2517
4120 2513
4121 2513
4122 2514
4123 2514
4124 2514
4125 2514
4126 2515
4127 2516
4128 2515
4129 2516
4130 2515
4131 2515
4132 2515
4133 2514
4134 2514
4135 2515
4136 2514
4137 2515
4138 2516
4139 2515
4140 2515
4141 2516
4142 2515
4143 2516
4144 2516
4145 2515
4146 2515
4147 2515
4148 2515
4149 2516
4150 2515
4151 2516
4152 2516
4153 2516
4154 2518
4155 2519
4156 2517
4157 2517
4158 2517
4159 2517
4160 2517
4161 2516
4162 2516
4163 2515
4164 2515
4165 2515
4166 2520
4167 2515
4168 2515
4169 2516
4170 2522
4171 2515
4172 2516
4173 2516
4174 2515
4175 2516
4176 2515
4177 2516
4178 2516
4179 2516
4180 2516
4181 2515
4182 2517
4183 2513
4184 2514
4185 2519
4186 2515
4187 2515
4188 2515
4189 2515
4190 2515
4191 2515
4192 2513
4193 2515
4194 2525
4195 2514
4196 2514
4197 2514
4198 2515
4199 2515
4200 2515
4201 2516
4202 2515
4203 2515
4204 2514
4205 2514
4206 2514
4207 2514
4208 2514
4209 2515
4210 2515
4211 2514
4212 2515
4213 2515
4214 2516
4215 2516
4216 2515
4217 2515
4218 2515
4219 2515
4220 2516
4221 2515
4222 2516
4223 2517
4224 2517
4225 2517
4226 2517
4227 2518
4228 2518
4229 2518
4230 2519
4231 2519
4232 2519
4233 2514
4234 2515
4235 2516
4236 2515
4237 2514
4238 2514
4239 2515
4240 2516
4241 2515
4242 2517
4243 2515
4244 2514
4245 2515
4246 2514
4247 2516
4248 2516
4249 2512
4250 2513
4251 2517
4252 2518
4253 2519
4254 2518
4255 2517
4256 2517
4257 2517
4258 2518
4259 2517
4260 2517
4261 2517
4262 2517
4263 2517
4264 2516
4265 2515
4266 2517
4267 2518
4268 2519
4269 2515
4270 2517
4271 2517
4272 2517
4273 2517
4274 2517
4275 2516
4276 2516
4277 2516
4278 2517
4279 2518
4280 2517
4281 2518
4282 2517
4283 2516
4284 2516
4285 2515
4286 2514
4287 2514
4288 2514
4289 2514
4290 2515
4291 2515
4292 2515
4293 2515
4294 2515
4295 2515
4296 2515
4297 2515
4298 2514
4299 2514
4300 2514
4301 2514
4302 2514
4303 2515
4304 2515
4305 2516
4306 2517
4307 2518
4308 2517
4309 2517
4310 2521
4311 2522
4312 2517
4313 2516
4314 2516
4315 2516
4316 2516
4317 2515
4318 2515
4319 2515
4320 2515
4321 2517
4322 2516
4323 2515
4324 2516
4325 2516
4326 2516
4327 2515
4328 2515
4329 2515
4330 2515
4331 2515
4332 2516
4333 2516
4334 2516
4335 2515
4336 2515
4337 2515
4338 2515
4339 2516
4340 2515
4341 2515
4342 2515
4343 2515
4344 2515
4345 2515
4346 2519
4347 2517
4348 2517
4349 2517
4350 2517
4351 2516
4352 2516
4353 2516
4354 2516
4355 2515
4356 2516
4357 2516
4358 2516
4359 2517
4360 2519
4361 2518
4362 2517
4363 2526
4364 2515
4365 2515
4366 2515
4367 2515
4368 2516
4369 2516
4370 2515
4371 2516
4372 2516
4373 2516
4374 2517
4375 2517
4376 2517
4377 2518
4378 2525
4379 2516
4380 2516
4381 2516
4382 2516
4383 2515
4384 2526
4385 2515
4386 2525
4387 2516
4388 2524
4389 2515
4390 2515
4391 2516
4392 2516
4393 2516
4394 2515
4395 2516
4396 2519
4397 2519
4398 2515
4399 2524
4400 2516
4401 2515
4402 2515
4403 2525
4404 2524
4405 2515
4406 2515
4407 2516
4408 2516
4409 2515
4410 2516
4411 2516
4412 2520
4413 2517
4414 2517
4415 2516
4416 2516
4417 2516
4418 2515
4419 2516
4420 2519
4421 2515
4422 2515
4423 2517
4424 2520
4425 2520
4426 2515
4427 2515
4428 2516
4429 2515
4430 2515
4431 2516
4432 2515
4433 2516
4434 2516
4435 2515
4436 2516
4437 2517
4438 2515
4439 2515
4440 2515
4441 2516
4442 2517
4443 2517
4444 2518
4445 2526
4446 2520
4447 2519
4448 2518
4449 2518
4450 2517
4451 2518
4452 2518
4453 2517
4454 2518
4455 2518
4456 2518
4457 2518
4458 2518
4459 2518
4460 2518
4461 2520
4462 2519
4463 2523
4464 2518
4465 2517
4466 2516
4467 2517
4468 2516
4469 2517
4470 2517
4471 2517
4472 2516
4473 2520
4474 2521
4475 2519
4476 2518
4477 2520
4478 2517
4479 2517
4480 2520
4481 2522
4482 2517
4483 2516
4484 2516
4485 2515
4486 2522
4487 2516
4488 2523
4489 2517
4490 2516
4491 2519
4492 2517
4493 2515
4494 2514
4495 2514
4496 2515
4497 2516
4498 2516
4499 2517
4500 2517
4501 2517
4502 2519
4503 2522
4504 2521
4505 2519
4506 2519
4507 2517
4508 2520
4509 2530
4510 2530
4511 2526
4512 2523
4513 2524
4514 2524
4515 2525
4516 2523
4517 2523
4518 2521
4519 2522
4520 2522
4521 2521
4522 2521
4523 2520
4524 2520
4525 2520
4526 2521
4527 2520
4528 2520
4529 2519
4530 2519
4531 2523
4532 2522
4533 2525
4534 2524
4535 2521
4536 2520
4537 2520
4538 2521
4539 2520
4540 2520
4541 2520
4542 2519
4543 2519
4544 2518
4545 2518
4546 2517
4547 2531
4548 2519
4549 2520
4550 2522
4551 2522
4552 2522
4553 2521
4554 2519
4555 2517
4556 2518
4557 2519
4558 2521
4559 2523
4560 2524
4561 2526
4562 2520
4563 2530
4564 2525
4565 2525
4566 2526
4567 2521
4568 2520
4569 2521
4570 2524
4571 2523
4572 2520
4573 2520
4574 2521
4575 2520
4576 2520
4577 2521
4578 2521
4579 2522
4580 2522
4581 2520
4582 2520
4583 2520
4584 2520
4585 2519
4586 2519
4587 2519
4588 2518
4589 2517
4590 2517
4591 2518
4592 2518
4593 2518
4594 2519
4595 2519
4596 2526
4597 2521
4598 2521
4599 2527
4600 2526
4601 2525
4602 2527
4603 2520
4604 2520
4605 2523
4606 2525
4607 2523
4608 2521
4609 2521
4610 2525
4611 2525
4612 2526
4613 2518
4614 2516
4615 2516
4616 2517
4617 2519
4618 2518
4619 2529
4620 2516
4621 2516
4622 2516
4623 2521
4624 2516
4625 2515
4626 2514
4627 2520
4628 2516
4629 2518
4630 2520
4631 2524
4632 2519
4633 2519
4634 2519
4635 2520
4636 2520
4637 2520
4638 2521
4639 2521
4640 2522
4641 2522
4642 2522
4643 2522
4644 2522
4645 2522
4646 2522
4647 2522
4648 2522
4649 2521
4650 2522
4651 2522
4652 2522
4653 2522
4654 2522
4655 2522
4656 2521
4657 2522
4658 2521
4659 2524
4660 2520
4661 2521
4662 2525
4663 2522
4664 2525
4665 2525
4666 2526
4667 2524
4668 2527
4669 2522
4670 2528
4671 2523
4672 2523
4673 2523
4674 2524
4675 2524
4676 2523
4677 2526
4678 2525
4679 2524
4680 2526
4681 2524
4682 2524
4683 2524
4684 2524
4685 2525
4686 2525
4687 2528
4688 2524
4689 2527
4690 2526
4691 2525
4692 2525
4693 2525
4694 2525
4695 2525
4696 2525
4697 2525
4698 2526
4699 2527
4700 2528
4701 2527
4702 2525
4703 2527
4704 2524
4705 2525
4706 2524
4707 2524
4708 2524
4709 2524
4710 2525
4711 2525
4712 2524
4713 2523
4714 2527
4715 2526
4716 2522
4717 2524
4718 2523
4719 2525
4720 2525
4721 2525
4722 2525
4723 2525
4724 2530
4725 2530
4726 2529
4727 2529
4728 2523
4729 2530
4730 2531
4731 2525
4732 2525
4733 2524
4734 2525
4735 2527
4736 2527
4737 2526
4738 2524
4739 2523
4740 2527
4741 2526
4742 2526
4743 2529
4744 2526
4745 2527
4746 2528
4747 2527
4748 2526
4749 2524
4750 2528
4751 2527
4752 2527
4753 2527
4754 2529
4755 2530
4756 2526
4757 2526
4758 2527
4759 2526
4760 2526
4761 2527
4762 2527
4763 2529
4764 2527
4765 2530
4766 2529
4767 2525
4768 2531
4769 2526
4770 2529
4771 2527
4772 2526
4773 2530
4774 2526
4775 2527
4776 2530
4777 2530
4778 2527
4779 2527
4780 2529
4781 2527
4782 2526
4783 2534
4784 2529
4785 2527
4786 2531
4787 2525
4788 2527
4789 2526
4790 2526
4791 2532
4792 2526
4793 2526
4794 2525
4795 2526
4796 2526
4797 2526
4798 2527
4799 2526
4800 2526
4801 2526
4802 2526
4803 2527
4804 2526
4805 2526
4806 2526
4807 2526
4808 2526
4809 2526
4810 2526
4811 2526
4812 2526
4813 2527
4814 2530
4815 2526
4816 2526
4817 2531
4818 2527
4819 2526
4820 2527
4821 2528
4822 2534
4823 2523
4824 2526
4825 2535
4826 2525
4827 2519
4828 2519
4829 2532
4830 2537
4831 2522
4832 2527
4833 2526
4834 2526
4835 2519
4836 2520
4837 2525
4838 2532
4839 2525
4840 2524
4841 2523
4842 2537
4843 2528
4844 2529
4845 2526
4846 2527
4847 2532
4848 2525
4849 2525
4850 2524
4851 2524
4852 2523
4853 2523
4854 2522
4855 2522
4856 2527
4857 2523
4858 2522
4859 2522
4860 2522
4861 2522
4862 2522
4863 2522
4864 2522
4865 2522
4866 2521
4867 2521
4868 2525
4869 2521
4870 2520
4871 2521
4872 2521
4873 2521
4874 2525
4875 2521
4876 2526
4877 2521
4878 2521
4879 2521
4880 2520
4881 2521
4882 2520
4883 2519
4884 2522
4885 2526
4886 2527
4887 2520
4888 2519
4889 2521
4890 2523
4891 2519
4892 2520
4893 2527
4894 2521
4895 2521
4896 2520
4897 2520
4898 2524
4899 2521
4900 2524
4901 2523
4902 2520
4903 2520
4904 2524
4905 2523
4906 2523
4907 2523
4908 2522
4909 2521
4910 2520
4911 2524
4912 2520
4913 2522
4914 2525
4915 2520
4916 2520
4917 2524
4918 2520
4919 2521
4920 2522
4921 2521
4922 2521
4923 2521
4924 2521
4925 2521
4926 2521
4927 2527
4928 2524
4929 2526
4930 2521
4931 2522
4932 2522
4933 2522
4934 2522
4935 2521
4936 2521
4937 2523
4938 2521
4939 2521
4940 2521
4941 2523
4942 2523
4943 2521
4944 2521
4945 2521
4946 2521
4947 2521
4948 2527
4949 2521
4950 2523
4951 2521
4952 2521
4953 2522
4954 2521
4955 2522
4956 2521
4957 2521
4958 2521
4959 2522
4960 2521
4961 2521
4962 2521
4963 2521
4964 2522
4965 2521
4966 2521
4967 2521
4968 2522
4969 2521
4970 2521
4971 2522
4972 2521
4973 2521
4974 2521
4975 2521
4976 2521
4977 2521
4978 2528
4979 2529
4980 2520
4981 2521
4982 2521
4983 2521
4984 2527
4985 2521
4986 2521
4987 2521
4988 2521
4989 2521
4990 2521
4991 2521
4992 2521
4993 2522
4994 2521
4995 2521
4996 2521
4997 2521
4998 2521
4999 2521
5000 2521
5001 2521
5002 2521
5003 2521
5004 2521
5005 2521
5006 2521
5007 2526
5008 2525
5009 2520
5010 2521
5011 2524
5012 2524
5013 2521
5014 2521
5015 2522
5016 2521
5017 2521
5018 2522
5019 2521
5020 2521
5021 2521
5022 2521
5023 2521
5024 2521
5025 2521
5026 2525
5027 2521
5028 2521
5029 2522
5030 2523
5031 2522
5032 2521
5033 2524
5034 2524
5035 2526
5036 2525
5037 2526
5038 2528
5039 2527
5040 2526
5041 2523
5042 2520
5043 2518
5044 2519
5045 2520
5046 2518
5047 2518
5048 2519
5049 2519
5050 2519
5051 2519
5052 2518
5053 2519
5054 2519
5055 2519
5056 2519
5057 2519
5058 2519
5059 2519
5060 2519
5061 2518
5062 2519
5063 2519
5064 2519
5065 2519
5066 2519
5067 2518
5068 2517
5069 2523
5070 2518
5071 2522
5072 2517
5073 2519
5074 2520
5075 2520
5076 2521
5077 2519
5078 2519
5079 2519
5080 2519
5081 2519
5082 2519
5083 2519
5084 2519
5085 2519
5086 2518
5087 2518
5088 2518
5089 2518
5090 2520
5091 2520
5092 2522
5093 2521
5094 2521
5095 2521
5096 2522
5097 2520
5098 2519
5099 2521
5100 2520
5101 2520
5102 2521
5103 2522
5104 2520
5105 2529
5106 2519
5107 2519
5108 2520
5109 2519
5110 2520
5111 2519
5112 2519
5113 2522
5114 2522
5115 2519
5116 2520
5117 2520
5118 2520
5119 2527
5120 2522
5121 2520
5122 2524
5123 2522
5124 2517
5125 2518
5126 2519
5127 2518
5128 2519
5129 2520
5130 2520
5131 2521
5132 2523
5133 2522
5134 2521
5135 2521
5136 2521
5137 2521
5138 2521
5139 2521
5140 2523
5141 2521
5142 2521
5143 2521
5144 2520
5145 2522
5146 2521
5147 2521
5148 2522
5149 2522
5150 2524
5151 2526
5152 2524
5153 2525
5154 2521
5155 2521
5156 2522
5157 2522
5158 2521
5159 2521
5160 2521
5161 2521
5162 2521
5163 2521
5164 2521
5165 2521
5166 2521
5167 2526
5168 2525
5169 2524
5170 2522
5171 2520
5172 2521
5173 2523
5174 2520
5175 2519
5176 2520
5177 2520
5178 2520
5179 2520
5180 2520
5181 2520
5182 2522
5183 2522
5184 2519
5185 2519
5186 2518
5187 2519
5188 2519
5189 2520
5190 2520
5191 2519
5192 2520
5193 2519
5194 2520
5195 2519
5196 2519
5197 2518
5198 2519
5199 2518
5200 2524
5201 2520
5202 2519
5203 2521
5204 2521
5205 2523
5206 2525
5207 2526
5208 2531
5209 2525
5210 2525
5211 2525
5212 2519
5213 2522
5214 2524
5215 2526
5216 2525
5217 2523
5218 2523
5219 2523
5220 2522
5221 2521
5222 2522
5223 2522
5224 2522
5225 2523
5226 2522
5227 2522
5228 2521
5229 2522
5230 2521
5231 2521
5232 2521
5233 2521
5234 2521
5235 2520
5236 2520
5237 2519
5238 2527
5239 2523
5240 2519
5241 2519
5242 2526
5243 2519
5244 2519
5245 2520
5246 2520
5247 2520
5248 2520
5249 2520
5250 2520
5251 2520
5252 2520
5253 2519
5254 2521
5255 2520
5256 2522
5257 2522
5258 2519
5259 2520
5260 2519
5261 2519
5262 2520
5263 2519
5264 2520
5265 2520
5266 2520
5267 2520
5268 2522
5269 2522
5270 2522
5271 2522
5272 2523
5273 2523
5274 2522
5275 2522
5276 2522
5277 2522
5278 2522
5279 2522
5280 2522
5281 2522
5282 2521
5283 2520
5284 2519
5285 2518
5286 2516
5287 2522
5288 2521
5289 2525
5290 2514
5291 2525
5292 2524
5293 2516
5294 2524
5295 2524
5296 2524
5297 2528
5298 2524
5299 2523
5300 2508
5301 2511
5302 2525
5303 2508
5304 2508
5305 2526
5306 2509
5307 2505
5308 2508
5309 2510
5310 2512
5311 2513
5312 2507
5313 2514
5314 2511
5315 2511
5316 2512
5317 2512
5318 2512
5319 2512
5320 2515
5321 2511
5322 2511
5323 2511
5324 2511
5325 2511
5326 2510
5327 2511
5328 2511
5329 2510
5330 2511
5331 2510
5332 2510
5333 2506
5334 2509
5335 2504
5336 2509
5337 2510
5338 2509
5339 2500
5340 2512
5341 2508
5342 2511
5343 2506
5344 2515
5345 2496
5346 2497
5347 2496
5348 2496
5349 2496
5350 2496
5351 2496
5352 2500
5353 2500
5354 2500
5355 2499
5356 2502
5357 2505
5358 2501
5359 2501
5360 2501
5361 2503
5362 2499
5363 2499
5364 2501
5365 2503
5366 2500
5367 2503
5368 2500
5369 2500
5370 2500
5371 2500
5372 2499
5373 2499
5374 2500
5375 2499
5376 2500
5377 2500
5378 2499
5379 2499
5380 2499
5381 2502
5382 2499
5383 2499
5384 2500
5385 2500
5386 2499
5387 2499
5388 2500
5389 2500
5390 2501
5391 2502
5392 2502
5393 2502
5394 2502
5395 2503
5396 2503
5397 2503
5398 2503
5399 2503
5400 2503
5401 2503
5402 2503
5403 2503
5404 2509
5405 2503
5406 2508
5407 2509
5408 2503
5409 2502
5410 2502
5411 2502
5412 2502
5413 2502
5414 2511
5415 2503
5416 2502
5417 2502
5418 2502
5419 2501
5420 2501
5421 2501
5422 2501
5423 2502
5424 2507
5425 2507
5426 2501
5427 2504
5428 2503
5429 2503
5430 2500
5431 2507
5432 2500
5433 2499
5434 2500
5435 2499
5436 2498
5437 2497
5438 2497
5439 2497
5440 2497
5441 2499
5442 2496
5443 2497
5444 2497
5445 2498
5446 2498
5447 2497
5448 2496
5449 2496
5450 2496
5451 2496
5452 2496
5453 2496
5454 2495
5455 2495
5456 2495
5457 2495
5458 2495
5459 2495
5460 2495
5461 2495
5462 2494
5463 2494
5464 2494
5465 2494
5466 2494
5467 2494
5468 2494
5469 2494
5470 2493
5471 2492
5472 2493
5473 2493
5474 2494
5475 2493
5476 2493
5477 2493
5478 2494
5479 2498
5480 2494
5481 2493
5482 2492
5483 2494
5484 2494
5485 2494
5486 2490
5487 2491
5488 2490
5489 2490
5490 2490
5491 2490
5492 2488
5493 2488
5494 2488
5495 2487
5496 2486
5497 2487
5498 2486
5499 2486
5500 2486
5501 2486
5502 2486
5503 2487
5504 2487
5505 2487
5506 2487
5507 2487
5508 2487
5509 2487
5510 2488
5511 2488
5512 2488
5513 2488
5514 2488
5515 2488
5516 2488
5517 2488
5518 2489
5519 2489
5520 2489
5521 2488
5522 2488
5523 2488
5524 2488
5525 2488
5526 2488
5527 2489
5528 2488
5529 2488
5530 2488
5531 2488
5532 2488
5533 2488
5534 2489
5535 2489
5536 2490
5537 2490
5538 2490
5539 2491
5540 2490
5541 2491
5542 2491
5543 2491
5544 2491
5545 2491
5546 2491
5547 2490
5548 2491
5549 2490
5550 2490
5551 2490
5552 2490
5553 2490
5554 2490
5555 2489
5556 2489
5557 2489
5558 2489
5559 2490
5560 2489
5561 2488
5562 2488
5563 2488
5564 2489
5565 2488
5566 2489
5567 2488
5568 2488
5569 2488
5570 2488
5571 2488
5572 2493
5573 2488
5574 2488
5575 2488
5576 2491
5577 2492
5578 2488
5579 2487
5580 2493
5581 2494
5582 2488
5583 2488
5584 2488
5585 2488
5586 2488
5587 2488
5588 2488
5589 2488
5590 2488
5591 2488
5592 2488
5593 2488
5594 2488
5595 2488
5596 2487
5597 2489
5598 2488
5599 2488
5600 2488
5601 2488
5602 2488
5603 2488
5604 2489
5605 2488
5606 2488
5607 2488
5608 2488
5609 2488
5610 2488
5611 2488
5612 2488
5613 2488
5614 2488
5615 2487
5616 2489
5617 2488
5618 2489
5619 2490
5620 2488
5621 2487
5622 2488
5623 2487
5624 2487
5625 2487
5626 2487
5627 2488
5628 2487
5629 2487
5630 2490
5631 2487
5632 2487
5633 2488
5634 2488
5635 2487
5636 2487
5637 2486
5638 2487
5639 2487
5640 2486
5641 2487
5642 2487
5643 2487
5644 2486
5645 2487
5646 2486
5647 2486
5648 2486
5649 2486
5650 2486
5651 2486
5652 2486
5653 2486
5654 2485
5655 2486
5656 2485
5657 2485
5658 2488
5659 2485
5660 2485
5661 2485
5662 2485
5663 2485
5664 2485
5665 2485
5666 2485
5667 2488
5668 2486
5669 2484
5670 2485
5671 2485
5672 2484
5673 2484
5674 2484
5675 2484
5676 2484
5677 2484
5678 2484
5679 2484
5680 2484
5681 2484
5682 2483
5683 2483
5684 2483
5685 2483
5686 2483
5687 2483
5688 2483
5689 2483
5690 2483
5691 2483
5692 2483
5693 2483
5694 2483
5695 2483
5696 2483
5697 2484
5698 2482
5699 2483
5700 2483
5701 2484
5702 2483
5703 2483
5704 2482
5705 2483
5706 2483
5707 2483
5708 2482
5709 2482
5710 2482
5711 2483
5712 2483
5713 2482
5714 2482
5715 2482
5716 2482
5717 2481
5718 2481
5719 2482
5720 2481
5721 2481
5722 2482
5723 2481
5724 2481
5725 2480
5726 2482
5727 2481
5728 2481
5729 2481
5730 2480
5731 2480
5732 2480
5733 2480
5734 2480
5735 2480
5736 2479
5737 2480
5738 2481
5739 2480
5740 2478
5741 2478
5742 2478
5743 2477
5744 2477
5745 2476
5746 2476
5747 2481
5748 2477
5749 2474
5750 2474
5751 2479
5752 2478
5753 2474
5754 2473
5755 2473
5756 2473
5757 2473
5758 2473
5759 2473
5760 2476
5761 2472
5762 2473
5763 2473
5764 2473
5765 2473
5766 2476
5767 2472
5768 2472
5769 2476
5770 2473
5771 2473
5772 2473
5773 2473
5774 2473
5775 2473
5776 2473
5777 2473
5778 2472
5779 2473
5780 2473
5781 2472
5782 2471
5783 2471
5784 2471
5785 2471
5786 2470
5787 2470
5788 2470
5789 2470
5790 2469
5791 2469
5792 2470
5793 2471
5794 2467
5795 2469
5796 2471
5797 2469
5798 2467
5799 2466
5800 2466
5801 2466
5802 2465
5803 2467
5804 2465
5805 2464
5806 2464
5807 2463
5808 2463
5809 2462
5810 2462
5811 2462
5812 2461
5813 2461
5814 2460
5815 2460
5816 2459
5817 2459
5818 2459
5819 2458
5820 2458
5821 2456

