1 2504
2 2503
3 2503
4 2503
5 2506
6 2503
7 2504
8 2508
9 2505
10 2504
11 2505
12 2505
13 2505
14 2505
15 2505
16 2504
17 2504
18 2504
19 2505
20 2504
21 2504
22 2504
23 2505
24 2505
25 2504
26 2504
27 2505
28 2505
29 2505
30 2505
31 2506
32 2505
33 2505
34 2505
35 2505
36 2505
37 2506
38 2505
39 2505
40 2505
41 2505
42 2506
43 2505
44 2506
45 2505
46 2505
47 2506
48 2506
49 2506
50 2506
51 2506
52 2505
53 2505
54 2507
55 2505
56 2505
57 2505
58 2505
59 2505
60 2505
61 2505
62 2505
63 2505
64 2505
65 2505
66 2506
67 2505
68 2505
69 2506
70 2506
71 2506
72 2506
73 2506
74 2506
75 2506
76 2506
77 2506
78 2506
79 2506
80 2506
81 2505
82 2505
83 2506
84 2506
85 2506
86 2506
87 2505
88 2505
89 2505
90 2505
91 2507
92 2505
93 2505
94 2505
95 2505
96 2505
97 2505
98 2505
99 2505
100 2505
101 2505
102 2504
103 2505
104 2505
105 2505
106 2504
107 2505
108 2504
109 2505
110 2505
111 2505
112 2511
113 2512
114 2505
115 2505
116 2505
117 2505
118 2505
119 2504
120 2504
121 2505
122 2510
123 2505
124 2505
125 2505
126 2505
127 2505
128 2505
129 2509
130 2505
131 2505
132 2506
133 2505
134 2506
135 2505
136 2506
137 2507
138 2508
139 2507
140 2507
141 2506
142 2506
143 2506
144 2506
145 2506
146 2510
147 2511
148 2507
149 2505
150 2504
151 2505
152 2505
153 2506
154 2511
155 2507
156 2507
157 2507
158 2505
159 2508
160 2506
161 2505
162 2508
163 2505
164 2505
165 2510
166 2505
167 2506
168 2505
169 2504
170 2505
171 2505
172 2504
173 2504
174 2505
175 2505
176 2504
177 2505
178 2505
179 2506
180 2509
181 2504
182 2504
183 2510
184 2505
185 2509
186 2510
187 2504
188 2504
189 2504
190 2504
191 2504
192 2504
193 2510
194 2510
195 2509
196 2506
197 2505
198 2506
199 2506
200 2505
201 2506
202 2506
203 2506
204 2506
205 2506
206 2506
207 2506
208 2505
209 2506
210 2509
211 2510
212 2506
213 2506
214 2506
215 2505
216 2506
217 2506
218 2510
219 2511
220 2505
221 2506
222 2509
223 2504
224 2505
225 2505
226 2505
227 2505
228 2506
229 2507
230 2505
231 2506
232 2504
233 2504
234 2508
235 2505
236 2505
237 2505
238 2508
239 2505
240 2505
241 2506
242 2505
243 2507
244 2507
245 2508
246 2506
247 2507
248 2506
249 2507
250 2505
251 2510
252 2510
253 2506
254 2507
255 2506
256 2508
257 2506
258 2506
259 2506
260 2506
261 2506
262 2506
263 2506
264 2506
265 2506
266 2506
267 2506
268 2506
269 2506
270 2506
271 2506
272 2506
273 2505
274 2505
275 2507
276 2506
277 2506
278 2506
279 2506
280 2506
281 2506
282 2506
283 2506
284 2505
285 2506
286 2506
287 2506
288 2505
289 2505
290 2505
291 2505
292 2505
293 2505
294 2505
295 2505
296 2506
297 2506
298 2506
299 2506
300 2506
301 2506
302 2506
303 2506
304 2506
305 2506
306 2506
307 2506
308 2507
309 2509
310 2507
311 2506
312 2506
313 2506
314 2506
315 2506
316 2506
317 2506
318 2506
319 2508
320 2506
321 2506
322 2507
323 2507
324 2507
325 2507
326 2506
327 2506
328 2507
329 2507
330 2507
331 2507
332 2507
333 2508
334 2509
335 2508
336 2507
337 2506
338 2506
339 2509
340 2507
341 2507
342 2507
343 2506
344 2506
345 2506
346 2505
347 2506
348 2506
349 2507
350 2506
351 2506
352 2506
353 2506
354 2505
355 2506
356 2506
357 2505
358 2505
359 2506
360 2506
361 2506
362 2506
363 2506
364 2506
365 2506
366 2507
367 2506
368 2507
369 2507
370 2507
371 2508
372 2507
373 2507
374 2508
375 2507
376 2507
377 2507
378 2507
379 2506
380 2508
381 2507
382 2505
383 2504
384 2504
385 2505
386 2505
387 2504
388 2504
389 2505
390 2504
391 2505
392 2505
393 2504
394 2504
395 2505
396 2505
397 2504
398 2505
399 2505
400 2504
401 2504
402 2505
403 2506
404 2506
405 2504
406 2503
407 2503
408 2504
409 2504
410 2504
411 2505
412 2505
413 2505
414 2504
415 2505
416 2504
417 2504
418 2505
419 2504
420 2504
421 2503
422 2504
423 2504
424 2503
425 2504
426 2507
427 2504
428 2504
429 2504
430 2504
431 2505
432 2509
433 2507
434 2505
435 2506
436 2506
437 2507
438 2505
439 2505
440 2505
441 2506
442 2506
443 2506
444 2506
445 2505
446 2504
447 2504
448 2508
449 2505
450 2505
451 2505
452 2515
453 2505
454 2511
455 2506
456 2506
457 2505
458 2506
459 2508
460 2509
461 2506
462 2506
463 2505
464 2504
465 2503
466 2503
467 2504
468 2503
469 2504
470 2505
471 2502
472 2503
473 2503
474 2514
475 2515
476 2500
477 2500
478 2501
479 2501
480 2501
481 2501
482 2500
483 2500
484 2501
485 2500
486 2500
487 2501
488 2501
489 2500
490 2500
491 2501
492 2501
493 2501
494 2502
495 2502
496 2503
497 2502
498 2503
499 2502
500 2503
501 2505
502 2503
503 2503
504 2503
505 2503
506 2503
507 2502
508 2503
509 2503
510 2500
511 2503
512 2503
513 2504
514 2504
515 2502
516 2501
517 2501
518 2501
519 2501
520 2500
521 2502
522 2506
523 2503
524 2505
525 2506
526 2502
527 2503
528 2504
529 2504
530 2503
531 2503
532 2500
533 2501
534 2500
535 2497
536 2498
537 2498
538 2502
539 2497
540 2497
541 2497
542 2498
543 2503
544 2504
545 2500
546 2501
547 2503
548 2500
549 2501
550 2501
551 2501
552 2499
553 2498
554 2498
555 2498
556 2498
557 2498
558 2497
559 2498
560 2498
561 2496
562 2495
563 2495
564 2495
565 2495
566 2495
567 2496
568 2496
569 2496
570 2495
571 2496
572 2496
573 2496
574 2495
575 2495
576 2497
577 2497
578 2497
579 2496
580 2496
581 2496
582 2494
583 2494
584 2496
585 2494
586 2493
587 2491
588 2492
589 2492
590 2492
591 2492
592 2492
593 2492
594 2492
595 2508
596 2491
597 2492
598 2495
599 2494
600 2493
601 2493
602 2492
603 2498
604 2497
605 2496
606 2494
607 2494
608 2494
609 2492
610 2492
611 2493
612 2492
613 2492
614 2493
615 2492
616 2492
617 2493
618 2492
619 2492
620 2493
621 2492
622 2492
623 2491
624 2492
625 2492
626 2492
627 2491
628 2492
629 2491
630 2494
631 2490
632 2490
633 2490
634 2492
635 2491
636 2489
637 2490
638 2489
639 2488
640 2489
641 2488
642 2488
643 2492
644 2488
645 2487
646 2486
647 2486

1 2549
2 2549
3 2550
4 2550
5 2555
6 2549
7 2545
8 2547
9 2550
10 2550
11 2551
12 2556
13 2549
14 2550
15 2555
16 2551
17 2550
18 2548
19 2557
20 2553
21 2544
22 2545
23 2551
24 2555
25 2543
26 2548
27 2548
28 2544
29 2558
30 2548
31 2549
32 2549
33 2551
34 2550
35 2551
36 2547
37 2552
38 2550
39 2552
40 2551
41 2551
42 2553
43 2553
44 2552
45 2552
46 2553
47 2554
48 2556
49 2551
50 2553
51 2552
52 2552
53 2553
54 2555
55 2550
56 2552
57 2557
58 2551
59 2553
60 2553
61 2553
62 2553
63 2555
64 2555
65 2559
66 2555
67 2560
68 2552
69 2552
70 2549
71 2558
72 2547
73 2556
74 2548
75 2559
76 2552
77 2551
78 2558
79 2548
80 2558
81 2561
82 2556
83 2557
84 2549
85 2554
86 2554
87 2555
88 2552
89 2557
90 2558
91 2558
92 2561
93 2553
94 2557
95 2555
96 2556
97 2555
98 2554
99 2565

