2825 2510
2826 2510
2827 2510
2828 2509
2829 2510
2830 2509
2831 2509
2832 2514
2833 2509
2834 2509
2835 2508
2836 2513
2837 2520
2838 2508
2839 2508
2840 2518
2841 2506
2842 2511
2843 2507
2844 2507
2845 2507
2846 2506
2847 2514
2848 2504
2849 2504
2850 2504
2851 2504
2852 2504
2853 2505
2854 2504
2855 2504
2856 2504
2857 2504
2858 2504
2859 2505
2860 2513
2861 2512
2862 2504
2863 2505
2864 2505
2865 2504
2866 2504
2867 2505
2868 2506
2869 2504
2870 2504
2871 2504
2872 2504
2873 2504
2874 2508
2875 2504
2876 2504
2877 2505
2878 2506
2879 2504
2880 2507
2881 2507
2882 2508
2883 2512
2884 2506
2885 2505
2886 2505
2887 2504
2888 2505
2889 2505
2890 2505
2891 2505
2892 2505
2893 2505
2894 2506
2895 2506
2896 2506
2897 2507
2898 2506
2899 2512
2900 2506
2901 2508
2902 2508
2903 2509
2904 2505
2905 2507
2906 2513
2907 2505
2908 2505
2909 2507
2910 2507
2911 2507
2912 2508
2913 2509
2914 2509
2915 2508
2916 2508
2917 2508
2918 2509
2919 2508
2920 2507
2921 2507
2922 2505
2923 2505
2924 2505
2925 2506
2926 2505
2927 2507
2928 2507
2929 2510
2930 2509
2931 2510
2932 2508
2933 2509
2934 2509
2935 2508
2936 2509
2937 2509
2938 2511
2939 2508
2940 2513
2941 2509
2942 2509
2943 2509
2944 2509
2945 2509
2946 2509
2947 2508
2948 2509
2949 2514
2950 2509
2951 2509
2952 2509
2953 2509
2954 2509
2955 2509
2956 2514
2957 2510
2958 2511
2959 2510
2960 2512
2961 2512
2962 2510
2963 2510
2964 2510
2965 2510
2966 2510
2967 2510
2968 2511
2969 2511
2970 2510
2971 2510
2972 2510
2973 2511
2974 2512
2975 2512
2976 2512
2977 2511
2978 2514
2979 2511
2980 2512
2981 2511
2982 2512
2983 2514
2984 2510
2985 2511
2986 2511
2987 2511
2988 2510
2989 2510
2990 2510
2991 2510
2992 2510
2993 2510
2994 2510
2995 2510
2996 2510
2997 2511
2998 2510
2999 2510
3000 2510
3001 2515
3002 2510
3003 2510
3004 2510
3005 2511
3006 2511
3007 2511
3008 2517
3009 2514
3010 2514
3011 2515
3012 2514
3013 2516
3014 2517
3015 2511
3016 2511
3017 2510
3018 2512
3019 2511
3020 2511
3021 2519
3022 2511
3023 2519
3024 2516
3025 2517
3026 2513
3027 2512
3028 2511
3029 2512
3030 2512
3031 2511
3032 2511
3033 2512
3034 2513
3035 2514
3036 2513
3037 2512
3038 2511
3039 2511
3040 2518
3041 2512
3042 2513
3043 2511
3044 2512
3045 2512
3046 2512
3047 2512
3048 2512
3049 2511
3050 2511
3051 2512
3052 2512
3053 2511
3054 2513
3055 2512
3056 2515
3057 2511
3058 2512
3059 2511
3060 2511
3061 2511
3062 2511
3063 2511
3064 2513
3065 2511
3066 2511
3067 2518
3068 2516
3069 2517
3070 2514
3071 2518
3072 2511
3073 2512
3074 2516
3075 2519
3076 2511
3077 2516
3078 2512
3079 2515
3080 2515
3081 2514
3082 2518
3083 2514
3084 2515
3085 2509
3086 2511
3087 2511
3088 2511
3089 2511
3090 2511
3091 2511
3092 2515
3093 2511
3094 2511
3095 2511
3096 2512
3097 2512
3098 2511
3099 2511
3100 2510
3101 2514
3102 2513
3103 2514
3104 2511
3105 2511
3106 2515
3107 2515
3108 2511
3109 2511
3110 2510
3111 2510
3112 2510
3113 2509
3114 2511
3115 2511
3116 2512
3117 2512
3118 2510
3119 2510
3120 2511
3121 2514
3122 2510
3123 2510
3124 2512
3125 2511
3126 2515
3127 2509
3128 2515
3129 2515
3130 2517
3131 2516
3132 2512
3133 2513
3134 2513
3135 2511
3136 2513
3137 2510
3138 2511
3139 2510
3140 2511
3141 2509
3142 2511
3143 2511
3144 2515
3145 2510
3146 2509
3147 2510
3148 2517
3149 2512
3150 2512
3151 2512
3152 2515
3153 2512
3154 2511
3155 2510
3156 2510
3157 2510
3158 2511
3159 2511
3160 2511
3161 2510
3162 2511
3163 2511
3164 2511
3165 2511
3166 2510
3167 2510
3168 2512
3169 2510
3170 2510
3171 2510
3172 2511
3173 2510
3174 2509
3175 2509
3176 2509
3177 2510
3178 2514
3179 2509
3180 2510
3181 2509
3182 2509
3183 2509
3184 2509
3185 2510
3186 2510
3187 2509
3188 2508
3189 2509
3190 2509
3191 2512
3192 2509
3193 2508
3194 2512
3195 2510
3196 2515
3197 2513
3198 2510
3199 2510
3200 2510
3201 2510
3202 2509
3203 2510
3204 2509
3205 2509
3206 2510
3207 2508
3208 2512
3209 2512
3210 2510
3211 2506
3212 2509
3213 2508
3214 2509
3215 2512
3216 2513
3217 2515
3218 2508
3219 2507
3220 2507
3221 2519
3222 2509
3223 2509
3224 2510
3225 2509
3226 2509
3227 2508
3228 2507
3229 2512
3230 2507
3231 2507
3232 2507
3233 2508
3234 2506
3235 2506
3236 2506
3237 2506
3238 2507
3239 2507
3240 2508
3241 2507
3242 2507
3243 2506
3244 2505
3245 2508
3246 2509
3247 2506
3248 2505
3249 2507
3250 2508
3251 2505
3252 2506
3253 2506
3254 2506
3255 2506
3256 2508
3257 2507
3258 2508
3259 2506
3260 2506
3261 2506
3262 2506
3263 2509
3264 2507
3265 2510
3266 2513
3267 2507
3268 2506
3269 2506
3270 2507
3271 2509
3272 2509
3273 2507
3274 2507
3275 2507
3276 2508
3277 2508
3278 2508
3279 2507
3280 2509
3281 2510
3282 2509
3283 2509
3284 2509
3285 2507
3286 2510
3287 2508
3288 2504
3289 2504
3290 2503
3291 2507
3292 2507
3293 2508
3294 2508
3295 2505
3296 2506
3297 2508
3298 2507
3299 2507
3300 2507
3301 2507
3302 2507
3303 2507
3304 2508
3305 2507
3306 2507
3307 2507
3308 2509
3309 2509
3310 2506
3311 2507
3312 2510
3313 2505
3314 2503
3315 2504
3316 2506
3317 2505
3318 2505
3319 2505
3320 2507
3321 2511
3322 2506
3323 2507
3324 2507
3325 2507
3326 2507
3327 2507
3328 2507
3329 2507
3330 2507
3331 2507
3332 2508
3333 2507
3334 2509
3335 2507
3336 2507
3337 2507
3338 2506
3339 2507
3340 2506
3341 2506
3342 2506
3343 2506
3344 2506
3345 2505
3346 2504
3347 2505
3348 2505
3349 2507
3350 2505
3351 2506
3352 2506
3353 2505
3354 2505
3355 2505
3356 2505
3357 2505
3358 2505
3359 2505
3360 2505
3361 2505
3362 2504
3363 2506
3364 2507
3365 2509
3366 2505
3367 2505
3368 2506
3369 2505
3370 2506
3371 2506
3372 2506
3373 2506
3374 2506
3375 2506
3376 2505
3377 2505
3378 2509
3379 2507
3380 2506
3381 2506
3382 2506
3383 2505
3384 2509
3385 2505
3386 2505
3387 2506
3388 2505
3389 2505
3390 2505
3391 2504
3392 2506
3393 2507
3394 2509
3395 2505
3396 2505
3397 2505
3398 2505
3399 2505
3400 2508
3401 2505
3402 2505
3403 2505
3404 2505
3405 2505
3406 2505
3407 2505
3408 2506
3409 2504
3410 2504
3411 2507
3412 2506
3413 2507
3414 2509
3415 2507
3416 2505
3417 2506
3418 2507
3419 2504
3420 2504
3421 2503
3422 2503
3423 2503
3424 2504
3425 2508
3426 2511
3427 2503
3428 2507
3429 2502
3430 2503
3431 2503
3432 2505
3433 2502
3434 2503
3435 2507
3436 2507
3437 2503
3438 2503
3439 2502
3440 2502
3441 2503
3442 2503
3443 2503
3444 2503
3445 2502
3446 2502
3447 2503
3448 2503
3449 2503
3450 2502
3451 2503
3452 2502
3453 2502
3454 2502
3455 2502
3456 2502
3457 2503
3458 2502
3459 2502
3460 2502
3461 2502
3462 2502
3463 2502
3464 2502
3465 2502
3466 2502
3467 2502
3468 2502
3469 2502
3470 2502
3471 2502
3472 2502
3473 2502
3474 2502
3475 2502
3476 2502
3477 2502
3478 2502
3479 2502
3480 2502
3481 2502
3482 2502
3483 2502
3484 2502
3485 2502
3486 2502
3487 2501
3488 2501
3489 2502
3490 2502
3491 2502
3492 2501
3493 2502
3494 2502
3495 2502
3496 2502
3497 2502
3498 2502
3499 2501
3500 2502
3501 2502
3502 2502
3503 2502
3504 2502
3505 2502
3506 2501
3507 2501
3508 2501
3509 2501
3510 2502
3511 2502
3512 2502
3513 2502
3514 2502
3515 2501
3516 2501
3517 2501
3518 2501
3519 2502
3520 2501
3521 2501
3522 2501
3523 2501
3524 2501
3525 2501
3526 2501
3527 2501
3528 2501
3529 2502
3530 2501
3531 2501
3532 2502
3533 2501
3534 2501
3535 2502
3536 2501
3537 2501
3538 2501
3539 2501
3540 2501
3541 2501
3542 2501
3543 2501
3544 2501
3545 2501
3546 2501
3547 2501
3548 2501
3549 2501
3550 2501
3551 2501
3552 2501
3553 2501
3554 2501
3555 2501
3556 2501
3557 2501
3558 2501
3559 2501
3560 2501
3561 2501
3562 2501
3563 2501
3564 2501
3565 2501
3566 2501
3567 2500
3568 2501
3569 2501
3570 2500
3571 2501
3572 2500
3573 2501
3574 2500
3575 2500
3576 2500
3577 2500
3578 2500
3579 2500
3580 2500
3581 2500
3582 2500
3583 2500
3584 2500
3585 2500
3586 2500
3587 2500
3588 2500
3589 2500
3590 2500
3591 2500
3592 2500
3593 2500
3594 2500
3595 2500
3596 2500
3597 2500
3598 2500
3599 2500
3600 2500
3601 2500
3602 2500
3603 2500
3604 2500
3605 2500
3606 2500
3607 2500
3608 2500
3609 2499
3610 2500
3611 2500
3612 2500
3613 2500
3614 2500
3615 2500
3616 2500
3617 2499
3618 2499
3619 2499
3620 2500
3621 2499
3622 2499
3623 2499
3624 2499
3625 2499
3626 2499
3627 2499
3628 2499
3629 2498
3630 2498
3631 2499
3632 2499
3633 2498
3634 2499
3635 2498
3636 2498
3637 2498
3638 2498
3639 2498
3640 2498
3641 2498
3642 2498
3643 2498
3644 2498
3645 2498
3646 2498
3647 2498
3648 2498
3649 2498
3650 2498
3651 2498
3652 2498
3653 2498
3654 2498
3655 2498
3656 2498
3657 2498
3658 2498
3659 2497
3660 2497
3661 2497
3662 2497
3663 2497
3664 2497
3665 2497
3666 2497
3667 2497
3668 2497
3669 2497
3670 2497
3671 2497
3672 2497
3673 2497
3674 2497
3675 2497
3676 2497
3677 2497
3678 2496
3679 2496
3680 2497
3681 2496
3682 2496
3683 2496
3684 2496
3685 2496
3686 2497
3687 2496
3688 2496
3689 2496
3690 2496
3691 2496
3692 2496
3693 2496
3694 2496
3695 2496
3696 2496
3697 2496
3698 2496
3699 2496
3700 2495
3701 2495
3702 2496
3703 2496
3704 2496
3705 2496
3706 2495
3707 2496
3708 2496
3709 2496
3710 2496
3711 2495
3712 2496
3713 2495
3714 2496
3715 2496
3716 2496
3717 2496
3718 2496
3719 2495
3720 2495
3721 2496
3722 2495
3723 2495
3724 2495
3725 2497
3726 2495
3727 2495
3728 2495
3729 2495
3730 2495
3731 2495
3732 2495
3733 2495
3734 2495
3735 2495
3736 2495
3737 2495
3738 2496
3739 2495
3740 2496
3741 2495
3742 2495
3743 2495
3744 2496
3745 2496
3746 2496
3747 2495
3748 2495
3749 2496
3750 2495
3751 2495
3752 2495
3753 2495
3754 2495
3755 2495
3756 2495
3757 2495
3758 2495
3759 2495
3760 2495
3761 2495
3762 2495
3763 2495
3764 2495
3765 2495
3766 2495
3767 2495
3768 2495
3769 2495
3770 2495
3771 2495
3772 2495
3773 2495
3774 2495
3775 2495
3776 2495
3777 2495
3778 2495
3779 2495
3780 2494
3781 2495
3782 2495
3783 2496
3784 2495
3785 2495
3786 2495
3787 2495
3788 2495
3789 2495
3790 2495
3791 2495
3792 2495
3793 2495
3794 2495
3795 2495
3796 2495
3797 2494
3798 2495
3799 2495
3800 2495
3801 2495
3802 2495
3803 2496
3804 2497
3805 2495
3806 2495
3807 2495
3808 2495
3809 2495
3810 2495
3811 2495
3812 2495
3813 2495
3814 2495
3815 2495
3816 2495
3817 2495
3818 2495
3819 2494
3820 2495
3821 2494
3822 2495
3823 2495
3824 2495
3825 2495
3826 2494
3827 2495
3828 2495
3829 2494
3830 2494
3831 2494
3832 2494
3833 2494
3834 2494
3835 2494
3836 2494
3837 2494
3838 2495
3839 2495
3840 2495
3841 2495
3842 2495
3843 2495
3844 2495
3845 2495
3846 2495
3847 2495
3848 2495
3849 2495
3850 2495
3851 2495
3852 2495
3853 2495
3854 2495
3855 2495
3856 2495
3857 2495
3858 2494
3859 2494
3860 2495
3861 2494
3862 2495
3863 2495
3864 2495
3865 2495
3866 2495
3867 2495
3868 2495
3869 2495
3870 2495
3871 2495
3872 2495
3873 2495
3874 2494
3875 2495
3876 2494
3877 2495
3878 2495
3879 2495
3880 2494
3881 2498
3882 2494
3883 2493
3884 2494
3885 2494
3886 2494
3887 2494
3888 2494
3889 2494
3890 2494
3891 2494
3892 2494
3893 2494
3894 2494
3895 2494
3896 2494
3897 2494
3898 2494
3899 2494
3900 2494
3901 2494
3902 2494
3903 2494
3904 2494
3905 2494
3906 2493
3907 2494
3908 2494
3909 2494
3910 2494
3911 2493
3912 2493
3913 2493
3914 2493
3915 2493
3916 2493
3917 2493
3918 2493
3919 2493
3920 2493
3921 2493
3922 2493
3923 2493
3924 2493
3925 2493
3926 2493
3927 2493
3928 2493
3929 2493
3930 2493
3931 2493
3932 2493
3933 2493
3934 2493
3935 2493
3936 2493
3937 2493
3938 2493
3939 2493
3940 2493
3941 2493
3942 2493
3943 2493
3944 2493
3945 2493
3946 2493
3947 2493
3948 2493
3949 2493
3950 2493
3951 2493
3952 2493
3953 2493
3954 2493
3955 2493
3956 2492
3957 2493
3958 2493
3959 2493
3960 2493
3961 2493
3962 2492
3963 2493
3964 2493
3965 2493
3966 2493
3967 2493
3968 2493
3969 2493
3970 2493
3971 2493
3972 2493
3973 2493
3974 2493
3975 2493
3976 2493
3977 2493
3978 2493
3979 2493
3980 2493
3981 2493
3982 2493
3983 2493
3984 2493
3985 2493
3986 2493
3987 2493
3988 2493
3989 2493
3990 2493
3991 2493
3992 2493
3993 2493
3994 2493
3995 2493
3996 2493
3997 2493
3998 2493
3999 2493
4000 2493
4001 2493
4002 2493
4003 2493
4004 2493
4005 2493
4006 2493
4007 2493
4008 2493
4009 2493
4010 2493
4011 2493
4012 2493
4013 2493
4014 2493
4015 2493
4016 2493
4017 2493
4018 2493
4019 2493
4020 2493
4021 2493
4022 2493
4023 2493
4024 2493
4025 2493
4026 2493
4027 2493
4028 2493
4029 2493
4030 2493
4031 2493
4032 2493
4033 2493
4034 2493
4035 2493
4036 2493
4037 2493
4038 2493
4039 2493
4040 2493
4041 2493
4042 2493
4043 2493
4044 2493
4045 2493
4046 2493
4047 2493
4048 2493
4049 2493
4050 2493
4051 2493
4052 2493
4053 2493
4054 2493
4055 2493
4056 2493
4057 2493
4058 2493
4059 2493
4060 2493
4061 2493
4062 2492
4063 2493
4064 2493
4065 2492
4066 2492
4067 2492
4068 2493
4069 2492
4070 2492
4071 2492
4072 2492
4073 2493
4074 2493
4075 2493
4076 2493
4077 2492
4078 2493
4079 2493
4080 2493
4081 2493
4082 2493
4083 2493
4084 2493
4085 2492
4086 2492
4087 2492
4088 2492
4089 2492
4090 2492
4091 2492
4092 2493
4093 2493
4094 2493
4095 2492
4096 2493
4097 2493
4098 2493
4099 2492
4100 2493
4101 2493
4102 2492
4103 2492
4104 2492
4105 2492
4106 2492
4107 2492
4108 2493
4109 2492
4110 2492
4111 2492
4112 2492
4113 2492
4114 2492
4115 2492
4116 2492
4117 2492
4118 2492
4119 2492
4120 2492
4121 2492
4122 2493
4123 2492
4124 2492
4125 2492
4126 2492
4127 2492
4128 2491
4129 2492
4130 2492
4131 2492
4132 2492
4133 2492
4134 2492
4135 2492
4136 2491
4137 2492
4138 2492
4139 2492
4140 2492
4141 2492
4142 2492
4143 2492
4144 2492
4145 2492
4146 2492
4147 2492
4148 2493
4149 2492
4150 2492
4151 2492
4152 2492
4153 2493
4154 2492
4155 2492
4156 2493
4157 2492
4158 2492
4159 2492
4160 2492
4161 2492
4162 2492
4163 2492
4164 2493
4165 2493
4166 2492
4167 2492
4168 2492
4169 2493
4170 2492
4171 2493
4172 2492
4173 2493
4174 2492
4175 2492
4176 2492
4177 2493
4178 2492
4179 2492
4180 2492
4181 2492
4182 2492
4183 2492
4184 2492
4185 2492
4186 2492
4187 2492
4188 2491
4189 2496
4190 2491
4191 2492
4192 2492
4193 2492
4194 2492
4195 2491
4196 2491
4197 2492
4198 2491
4199 2492
4200 2492
4201 2492
4202 2492
4203 2492
4204 2492
4205 2492
4206 2492
4207 2492
4208 2492
4209 2492
4210 2492
4211 2492
4212 2492
4213 2492
4214 2492
4215 2492
4216 2492
4217 2492
4218 2492
4219 2492
4220 2492
4221 2492
4222 2492
4223 2492
4224 2492
4225 2491
4226 2492
4227 2492
4228 2492
4229 2492
4230 2492
4231 2492
4232 2492
4233 2492
4234 2492
4235 2492
4236 2492
4237 2492
4238 2492
4239 2492
4240 2492
4241 2492
4242 2492
4243 2492
4244 2492
4245 2492
4246 2491
4247 2492
4248 2492
4249 2492
4250 2492
4251 2492
4252 2491
4253 2492
4254 2492
4255 2491
4256 2492
4257 2492
4258 2491
4259 2491
4260 2491
4261 2491
4262 2491
4263 2491
4264 2491
4265 2491
4266 2491
4267 2491
4268 2491
4269 2491
4270 2491
4271 2491
4272 2491
4273 2492
4274 2491
4275 2492
4276 2491
4277 2491
4278 2491
4279 2491
4280 2492
4281 2491
4282 2491
4283 2491
4284 2492
4285 2492
4286 2492
4287 2492
4288 2491
4289 2491
4290 2491
4291 2492
4292 2492
4293 2491
4294 2492
4295 2492
4296 2491
4297 2491
4298 2492
4299 2492
4300 2492
4301 2492
4302 2492
4303 2492
4304 2492
4305 2492
4306 2492
4307 2492
4308 2492
4309 2495
4310 2492
4311 2492
4312 2492
4313 2492
4314 2491
4315 2492
4316 2492
4317 2492
4318 2492
4319 2492
4320 2492
4321 2491
4322 2492
4323 2492
4324 2492
4325 2492
4326 2492
4327 2492
4328 2492
4329 2492
4330 2492
4331 2492
4332 2492
4333 2492
4334 2492
4335 2491
4336 2492
4337 2492
4338 2492
4339 2492
4340 2492
4341 2492
4342 2492
4343 2492
4344 2493
4345 2492
4346 2493
4347 2492
4348 2492
4349 2493
4350 2492
4351 2493
4352 2493
4353 2493
4354 2493
4355 2492
4356 2493
4357 2493
4358 2493
4359 2492
4360 2492
4361 2492
4362 2493
4363 2493
4364 2493
4365 2493
4366 2493
4367 2493
4368 2493
4369 2493
4370 2493
4371 2493
4372 2493
4373 2493
4374 2493
4375 2493
4376 2493
4377 2494
4378 2494
4379 2494
4380 2494
4381 2494
4382 2494
4383 2494
4384 2494
4385 2494
4386 2494
4387 2494
4388 2494
4389 2494
4390 2494
4391 2494
4392 2494
4393 2494
4394 2494
4395 2494
4396 2494
4397 2494
4398 2494
4399 2494
4400 2495
4401 2495
4402 2495
4403 2494
4404 2494
4405 2494
4406 2494
4407 2494
4408 2494
4409 2495
4410 2495
4411 2495
4412 2495
4413 2494
4414 2495
4415 2495
4416 2495
4417 2495
4418 2495
4419 2495
4420 2495
4421 2495
4422 2495
4423 2495
4424 2495
4425 2495
4426 2495
4427 2494
4428 2494
4429 2494
4430 2494
4431 2494
4432 2494
4433 2495
4434 2494
4435 2494
4436 2495
4437 2494
4438 2495
4439 2495
4440 2495
4441 2494
4442 2495
4443 2495
4444 2494
4445 2494
4446 2495
4447 2495
4448 2495
4449 2495
4450 2495
4451 2495
4452 2495
4453 2495
4454 2495
4455 2494
4456 2495
4457 2495
4458 2494
4459 2495
4460 2495
4461 2495
4462 2495
4463 2495
4464 2495
4465 2495
4466 2495
4467 2495
4468 2495
4469 2495
4470 2495
4471 2495
4472 2495
4473 2495
4474 2495
4475 2495
4476 2495
4477 2495
4478 2495
4479 2495
4480 2495
4481 2495
4482 2495
4483 2495
4484 2495
4485 2495
4486 2495
4487 2495
4488 2495
4489 2495
4490 2495
4491 2495
4492 2496
4493 2495
4494 2495
4495 2495
4496 2495
4497 2495
4498 2496
4499 2495
4500 2496
4501 2496
4502 2496
4503 2496
4504 2496
4505 2496
4506 2496
4507 2496
4508 2496
4509 2496
4510 2495
4511 2496
4512 2496
4513 2496
4514 2496
4515 2496
4516 2496
4517 2496
4518 2496
4519 2495
4520 2496
4521 2496
4522 2496
4523 2496
4524 2496
4525 2496
4526 2496
4527 2496
4528 2496
4529 2495
4530 2495
4531 2495
4532 2495
4533 2496
4534 2496
4535 2495
4536 2495
4537 2496
4538 2496
4539 2496
4540 2495
4541 2496
4542 2495
4543 2495
4544 2495
4545 2495
4546 2496
4547 2495
4548 2495
4549 2495
4550 2495
4551 2495
4552 2495
4553 2495
4554 2495
4555 2495
4556 2495
4557 2495
4558 2495
4559 2496
4560 2495
4561 2495
4562 2495
4563 2495
4564 2495
4565 2495
4566 2495
4567 2495
4568 2495
4569 2495
4570 2495
4571 2495
4572 2495
4573 2495
4574 2495
4575 2495
4576 2495
4577 2495
4578 2495
4579 2495
4580 2495
4581 2495
4582 2495
4583 2495
4584 2495
4585 2495
4586 2495
4587 2495
4588 2495
4589 2495
4590 2495
4591 2495
4592 2495
4593 2495
4594 2496
4595 2496
4596 2496
4597 2496
4598 2496
4599 2496
4600 2496
4601 2496
4602 2496
4603 2496
4604 2496
4605 2496
4606 2496
4607 2496
4608 2496
4609 2496
4610 2496
4611 2496
4612 2496
4613 2496
4614 2496
4615 2495
4616 2496
4617 2497
4618 2498
4619 2497
4620 2499
4621 2496
4622 2495
4623 2495
4624 2495
4625 2495
4626 2495
4627 2495
4628 2495
4629 2495
4630 2494
4631 2495
4632 2495
4633 2495
4634 2494
4635 2494
4636 2495
4637 2494
4638 2494
4639 2495
4640 2494
4641 2495
4642 2494
4643 2495
4644 2505
4645 2497
4646 2495
4647 2495
4648 2495
4649 2496
4650 2496
4651 2495
4652 2496
4653 2496
4654 2495
4655 2495
4656 2495
4657 2495
4658 2495
4659 2495
4660 2495
4661 2495
4662 2495
4663 2496
4664 2496
4665 2496
4666 2496
4667 2496
4668 2496
4669 2496
4670 2497
4671 2497
4672 2496
4673 2497
4674 2497
4675 2496
4676 2497
4677 2497
4678 2497
4679 2497
4680 2497
4681 2497
4682 2497
4683 2497
4684 2498
4685 2497
4686 2497
4687 2497
4688 2498
4689 2497
4690 2497
4691 2497
4692 2497
4693 2497
4694 2497
4695 2497
4696 2496
4697 2496
4698 2496
4699 2497
4700 2496
4701 2496
4702 2496
4703 2496
4704 2497
4705 2496
4706 2496
4707 2496
4708 2496
4709 2495
4710 2496
4711 2495
4712 2495
4713 2495
4714 2495
4715 2495
4716 2496
4717 2496
4718 2495
4719 2495
4720 2496
4721 2495
4722 2495
4723 2495
4724 2495
4725 2495
4726 2495
4727 2494
4728 2495
4729 2494
4730 2495
4731 2494
4732 2494
4733 2494
4734 2495
4735 2495
4736 2495
4737 2495
4738 2497
4739 2494
4740 2494
4741 2494
4742 2494
4743 2495
4744 2497
4745 2494
4746 2494
4747 2494
4748 2494
4749 2493
4750 2494
4751 2495
4752 2496
4753 2494
4754 2494
4755 2494
4756 2494
4757 2494
4758 2494
4759 2493
4760 2494
4761 2494
4762 2493
4763 2494
4764 2493
4765 2493
4766 2493
4767 2493
4768 2493
4769 2493
4770 2493
4771 2493
4772 2493
4773 2494
4774 2492
4775 2500
4776 2494
4777 2493
4778 2493
4779 2493
4780 2493
4781 2493
4782 2493
4783 2493
4784 2493
4785 2493
4786 2492
4787 2493
4788 2492
4789 2493
4790 2492
4791 2492
4792 2492
4793 2492
4794 2492
4795 2492
4796 2492
4797 2492
4798 2492
4799 2491
4800 2491
4801 2491
4802 2491
4803 2491
4804 2491
4805 2491
4806 2491
4807 2491
4808 2491
4809 2491
4810 2493
4811 2490
4812 2490
4813 2491
4814 2490
4815 2490
4816 2491
4817 2490
4818 2491
4819 2490
4820 2490
4821 2490
4822 2490
4823 2490
4824 2491
4825 2491
4826 2490
4827 2490
4828 2490
4829 2490
4830 2490
4831 2490
4832 2490
4833 2490
4834 2490
4835 2490
4836 2490
4837 2490
4838 2489
4839 2489
4840 2490
4841 2490
4842 2490
4843 2491
4844 2492
4845 2490
4846 2489
4847 2489
4848 2489
4849 2489
4850 2489
4851 2489
4852 2489
4853 2489
4854 2489
4855 2489
4856 2489
4857 2489
4858 2488
4859 2489

3496 2539
3497 2539
3498 2540
3499 2542
3500 2548
3501 2537
3502 2540
3503 2541
3504 2534
3505 2540
3506 2548
3507 2541
3508 2539
3509 2542
3510 2541
3511 2540
3512 2540
3513 2540
3514 2540
3515 2541
3516 2540
3517 2541
3518 2541
3519 2544
3520 2535
3521 2543
3522 2541
3523 2538
3524 2543
3525 2539
3526 2540
3527 2541
3528 2540
3529 2540
3530 2540
3531 2541
3532 2543
3533 2546
3534 2541
3535 2540
3536 2540
3537 2540
3538 2540
3539 2547
3540 2546
3541 2547
3542 2540
3543 2540
3544 2540
3545 2540
3546 2540
3547 2539
3548 2539
3549 2546
3550 2546
3551 2542
3552 2543
3553 2542
3554 2535
3555 2543
3556 2543
3557 2532
3558 2539
3559 2542
3560 2536
3561 2539
3562 2543
3563 2539
3564 2539
3565 2545
3566 2539
3567 2539
3568 2538
3569 2539
3570 2539
3571 2539
3572 2539
3573 2538
3574 2539
3575 2545
3576 2539
3577 2538
3578 2542
3579 2538
3580 2539
3581 2539
3582 2540
3583 2545
3584 2531
3585 2532
3586 2542
3587 2534
3728 2518
3729 2518
3730 2520
3731 2522
3732 2520
3733 2522
3734 2522
3735 2520
3736 2521
3737 2522
3738 2527
3739 2524
3740 2518
3741 2526
3742 2524
3743 2521
3744 2524
3745 2522
3746 2523
3747 2527
3748 2515
3749 2523
3750 2520
3751 2515
3752 2520
3753 2520
3754 2521
3755 2523
3756 2521
3757 2517
3758 2524
3759 2524
3760 2521
3761 2516
3762 2514
3763 2520
3764 2522
3765 2526
3766 2520
3767 2518
3768 2514
3769 2521
3770 2516
3771 2514
3772 2514
3773 2522
3774 2522
3775 2522
3776 2516
3777 2523
3778 2513
3779 2516
3780 2513
3781 2524
3782 2513
3783 2524
3784 2514
3785 2519
3786 2522
3787 2514
3788 2523
3789 2522
3790 2522
3791 2523
3792 2513
3793 2514
3794 2524
3795 2512
3796 2512
3797 2522
3798 2523
3799 2518
3800 2513
3801 2512
3802 2521
3803 2519
3804 2521
3805 2515
3806 2512
3807 2519
3808 2518
3809 2513
3810 2524
3811 2523
3812 2516
3813 2523
3814 2524
3901 2516
3902 2514
3903 2514
3904 2515
3905 2513
3906 2516
3907 2515
3908 2514
3909 2514
3910 2514
3911 2514
3912 2514
3913 2513
3914 2514
3915 2514
3916 2514
3917 2515
3918 2515
3919 2513
3920 2516
3921 2516
3922 2516
3923 2515
3924 2508
3925 2511
3926 2513
3927 2515
3928 2515
3929 2515
3930 2515
3931 2521
3932 2514
3933 2515
3934 2514
3935 2514
3936 2514
3937 2513
3938 2514
3939 2514
3940 2514
3941 2515
3942 2515
3943 2513
3944 2515
3945 2515
3946 2514
3947 2514
3948 2514
3949 2515
3950 2514
3951 2515
3952 2515
3953 2508
3954 2505
3955 2515
3956 2518
3957 2516
3958 2506
3959 2505
3960 2516
3961 2515
3962 2517
3963 2513
3964 2517
3965 2512
3966 2512
3967 2521
3968 2516
3969 2514
3970 2509
3971 2516
3972 2516
3973 2510
3974 2522
3975 2515
3976 2517
3977 2521
4012 2519
4013 2515
4014 2507
4015 2509
4016 2509
4017 2521
4018 2508
4019 2508
4020 2507
4021 2517
4022 2517
4023 2508
4024 2508
4025 2508
4026 2507
4027 2516
4028 2516
4029 2512
4030 2511
4031 2516
4032 2516
4033 2516
4034 2516
4035 2519
4036 2517
4037 2510
4038 2514
4039 2517
4040 2515
4041 2521
4042 2515
4043 2519
4044 2508
4045 2519
4046 2515
4047 2509
4048 2518
4049 2517
4331 2515
4332 2509
4333 2519
4334 2512
4335 2515
4336 2515
4337 2515
4338 2508
4339 2516
4340 2515
4341 2515
4342 2510
4343 2508
4344 2510
4345 2522
4346 2521
4347 2515
4348 2514
4349 2514
4350 2508
4351 2514
4352 2513
4353 2514
4354 2513
4355 2514
4356 2514
4357 2514
4358 2514
4359 2519
4360 2513
4361 2513
4362 2513
4363 2514
4364 2520
4365 2514
4366 2514
4367 2513
4368 2513
4369 2512
4370 2513
4371 2512
4372 2507
4373 2513
4374 2520
4375 2515
4376 2506
4377 2513
4378 2506
4379 2506
4380 2506
4381 2513
4382 2512
4383 2514
4384 2514
4385 2511
4386 2513
4387 2514
4388 2514
4389 2514
4390 2506
4391 2513
4392 2509
4393 2512
4394 2514
4395 2514
4396 2515
4397 2514
4398 2515
4399 2514
4400 2514
4401 2514
4402 2507
4403 2512
4404 2514
4405 2515
4406 2507
4407 2514
4408 2514
4409 2508
4410 2516
4411 2516
4412 2515
4413 2515
4414 2507
4415 2518
4416 2517
4417 2515
4418 2515
4419 2516
4420 2507
4421 2518
4422 2513
4423 2512
4424 2511
4425 2511
4426 2518
4427 2511
4428 2512
4429 2513
4430 2513
4431 2512
4432 2506
4433 2514
4434 2506
4435 2511
4436 2513
4437 2513
4438 2513
4439 2513
4440 9999
4441 2510
4442 2519
4443 9999
4444 2513
4445 2507
4446 2512
4447 2517
4448 2519
4449 2512
4450 2508
4451 2511
4452 9999
4453 2512
4454 2515
4455 2512
4456 2512
4457 2512
4458 9999
4459 2513
4460 2511
4461 2511
4462 2512
4463 2512
4464 2512
4465 2511
4466 2516
4467 2512
4468 2512
4469 2512
4470 2512
4471 2511
4472 9999
4473 9999
4474 2512
4475 9999
4476 9999
4477 9999
4478 2513
4479 2513
4480 2512
4481 9999
4482 2511
4483 2513
4484 2512
4485 2512
4486 9999
4487 9999
4488 2507
4489 9999
4490 9999
4491 9999
4492 9999
4493 9999
4494 9999
4495 9999
4496 2511
4497 2511
4498 2511
4499 2511
4500 2511
4501 9999
4502 2517
4503 9999
4504 2511
4505 2511
4506 2511
4507 2510
4508 9999
4516 2519
4517 2519
4518 2519
4519 2519
4520 2518
4521 2519
4522 2510
4523 2521
4524 2510
4525 2512
4526 2511
4527 2517
4528 2519
4529 2518
4530 2516
4531 2518
4532 2525
4533 2519
4534 2511
4535 2524
4536 2524
4537 2517
4538 2518
4539 2517
4540 2517
4541 2510
4542 2514
4543 2519
4544 2515
4545 2513
4546 2518
4547 2510
4548 2519
4549 2518
4550 2518
4551 2514
4552 2512
4553 2519
4554 2513
4555 2512
4556 2512
4557 2515
4558 2513
4559 2509
4560 2518
4561 2516
4562 2513
4563 2519
4564 2517
4565 2518

