3170 2510
3171 2515
3172 2510
3173 2510
3174 2513
3175 2511
3176 2511
3177 2512
3178 2513
3179 2510
3180 2511
3181 2511
3182 2512
3183 2511
3184 2511
3185 2511
3186 2511
3187 2511
3188 2511
3189 2511
3190 2511
3191 2512
3192 2512
3193 2511
3194 2511
3195 2510
3196 2511
3197 2511
3198 2510
3199 2511
3200 2511
3201 2511
3202 2511
3203 2511
3204 2510
3205 2511
3206 2511
3207 2515
3208 2511
3209 2512
3210 2512
3211 2512
3212 2512
3213 2511
3214 2512
3215 2513
3216 2512
3217 2511
3218 2512
3219 2516
3220 2512
3221 2511
3222 2514
3223 2514
3224 2511
3225 2512
3226 2511
3227 2512
3228 2511
3229 2511
3230 2514
3231 2512
3232 2512
3233 2512
3234 2512
3235 2513
3236 2513
3237 2511
3238 2512
3239 2516
3240 2515
3241 2514
3242 2513
3243 2512
3244 2512
3245 2513
3246 2513
3247 2512
3248 2511
3249 2512
3250 2512
3251 2512
3252 2512
3253 2511
3254 2512
3255 2513
3256 2512
3257 2512
3258 2512
3259 2512
3260 2512
3261 2512
3262 2512
3263 2512
3264 2512
3265 2512
3266 2511
3267 2512
3268 2512
3269 2512
3270 2512
3271 2512
3272 2512
3273 2511
3274 2512
3275 2511
3276 2511
3277 2511
3278 2511
3279 2511
3280 2510
3281 2511
3282 2511
3283 2511
3284 2511
3285 2511
3286 2511
3287 2511
3288 2511
3289 2511
3290 2511
3291 2511
3292 2510
3293 2511
3294 2511
3295 2510
3296 2511
3297 2511
3298 2511
3299 2511
3300 2511
3301 2511
3302 2511
3303 2511
3304 2511
3305 2511
3306 2511
3307 2511
3308 2511
3309 2511
3310 2511
3311 2511
3312 2510
3313 2511
3314 2511
3315 2510
3316 2511
3317 2510
3318 2509
3319 2509
3320 2508
3321 2510
3322 2510
3323 2511
3324 2510
3325 2511
3326 2510
3327 2510
3328 2510
3329 2510
3330 2510
3331 2510
3332 2510
3333 2510
3334 2510
3335 2510
3336 2510
3337 2510
3338 2509
3339 2509
3340 2509
3341 2509
3342 2508
3343 2509
3344 2508
3345 2509
3346 2509
3347 2509
3348 2509
3349 2509
3350 2509
3351 2508
3352 2508
3353 2508
3354 2508
3355 2508
3356 2508
3357 2508
3358 2508
3359 2508
3360 2508
3361 2508
3362 2508
3363 2508
3364 2508
3365 2508
3366 2508
3367 2507
3368 2507
3369 2507
3370 2507
3371 2507
3372 2507
3373 2507
3374 2507
3375 2507
3376 2507
3377 2507
3378 2507
3379 2507
3380 2507
3381 2507
3382 2507
3383 2507
3384 2507
3385 2506
3386 2506
3387 2506
3388 2506
3389 2507
3390 2506
3391 2506
3392 2506
3393 2506
3394 2506
3395 2506
3396 2506
3397 2506
3398 2506
3399 2506
3400 2506
3401 2506
3402 2506
3403 2505
3404 2506
3405 2506
3406 2506
3407 2506
3408 2506
3409 2506
3410 2506
3411 2506
3412 2505
3413 2506
3414 2506
3415 2506
3416 2505
3417 2505
3418 2505
3419 2505
3420 2505
3421 2505
3422 2505
3423 2505
3424 2505
3425 2505
3426 2505
3427 2505
3428 2505
3429 2505
3430 2505
3431 2505
3432 2505
3433 2505
3434 2505
3435 2506
3436 2506
3437 2506
3438 2506
3439 2506
3440 2506
3441 2506
3442 2506
3443 2506
3444 2506
3445 2506
3446 2506
3447 2506
3448 2506
3449 2506
3450 2506
3451 2506
3452 2506
3453 2506
3454 2506
3455 2506
3456 2506
3457 2506
3458 2506
3459 2506
3460 2506
3461 2506
3462 2506
3463 2506
3464 2506
3465 2506
3466 2506
3467 2506
3468 2506
3469 2506
3470 2506
3471 2506
3472 2506
3473 2506
3474 2506
3475 2506
3476 2507
3477 2507
3478 2506
3479 2507
3480 2507
3481 2507
3482 2507
3483 2507
3484 2507
3485 2507
3486 2507
3487 2507
3488 2507
3489 2507
3490 2508
3491 2507
3492 2507
3493 2507
3494 2508
3495 2508
3496 2508
3497 2508
3498 2508
3499 2508
3500 2508
3501 2507
3502 2508
3503 2508
3504 2507
3505 2507
3506 2508
3507 2508
3508 2507
3509 2507
3510 2507
3511 2507
3512 2507
3513 2507
3514 2507
3515 2507
3516 2507
3517 2506
3518 2509
3519 2511
3520 2506
3521 2506
3522 2507
3523 2508
3524 2507
3525 2506
3526 2506
3527 2506
3528 2506
3529 2508
3530 2505
3531 2505
3532 2505
3533 2510
3534 2505
3535 2505
3536 2504
3537 2504
3538 2505
3539 2504
3540 2505
3541 2504
3542 2504
3543 2505
3544 2505
3545 2504
3546 2504
3547 2505
3548 2505
3549 2504
3550 2504
3551 2504
3552 2504
3553 2504
3554 2504
3555 2504
3556 2504
3557 2504
3558 2503
3559 2503
3560 2503
3561 2503
3562 2503
3563 2503
3564 2503
3565 2504
3566 2504
3567 2503
3568 2506
3569 2503
3570 2503
3571 2503
3572 2504
3573 2504
3574 2503
3575 2504
3576 2503
3577 2503
3578 2503
3579 2504
3580 2503
3581 2502
3582 2502
3583 2502
3584 2504
3585 2500
3586 2502
3587 2500
3588 2499
3589 2499
3590 2500
3591 2500
3592 2501
3593 2501
3594 2502
3595 2502
3596 2502
3597 2501
3598 2501
3599 2501
3600 2501
3601 2502
3602 2504
3603 2504
3604 2501
3605 2501
3606 2501
3607 2501
3608 2502
3609 2501
3610 2501
3611 2502
3612 2501
3613 2502
3614 2501
3615 2502
3616 2501
3617 2501
3618 2502
3619 2502
3620 2502
3621 2502
3622 2502
3623 2502
3624 2502
3625 2502
3626 2502
3627 2502
3628 2502
3629 2502
3630 2501
3631 2502
3632 2502
3633 2502
3634 2502
3635 2502
3636 2503
3637 2502
3638 2502
3639 2502
3640 2502
3641 2502
3642 2502
3643 2502
3644 2502
3645 2502
3646 2502
3647 2502
3648 2502
3649 2502
3650 2502
3651 2502
3652 2502
3653 2502
3654 2502
3655 2502
3656 2502
3657 2502
3658 2502
3659 2502
3660 2502
3661 2502
3662 2502
3663 2502
3664 2502
3665 2502
3666 2502
3667 2502
3668 2502
3669 2502
3670 2502
3671 2502
3672 2502
3673 2502
3674 2502
3675 2502
3676 2502
3677 2502
3678 2502
3679 2502
3680 2502
3681 2502
3682 2502
3683 2502
3684 2502
3685 2502
3686 2502
3687 2502
3688 2501
3689 2502
3690 2502
3691 2502
3692 2502
3693 2502
3694 2502
3695 2502
3696 2502
3697 2501
3698 2502
3699 2501
3700 2502
3701 2502
3702 2502
3703 2502
3704 2502
3705 2502
3706 2501
3707 2501
3708 2501
3709 2501
3710 2501
3711 2502
3712 2502
3713 2502
3714 2504
3715 2502
3716 2502
3717 2502
3718 2502
3719 2501
3720 2501
3721 2500
3722 2502
3723 2502
3724 2502
3725 2501
3726 2502
3727 2503
3728 2504
3729 2502
3730 2504
3731 2501
3732 2501
3733 2501
3734 2505
3735 2502
3736 2503
3737 2502
3738 2502
3739 2501
3740 2502
3741 2502
3742 2502
3743 2502
3744 2502
3745 2502
3746 2501
3747 2502
3748 2502
3749 2502
3750 2502
3751 2502
3752 2502
3753 2502
3754 2502
3755 2502
3756 2502
3757 2502
3758 2502
3759 2502
3760 2501
3761 2502
3762 2502
3763 2502
3764 2502
3765 2502
3766 2502
3767 2502
3768 2502
3769 2501
3770 2502
3771 2503
3772 2505
3773 2501
3774 2501
3775 2502
3776 2502
3777 2502
3778 2501
3779 2502
3780 2501
3781 2501
3782 2501
3783 2501
3784 2501
3785 2501
3786 2501
3787 2501
3788 2501
3789 2501
3790 2501
3791 2501
3792 2501
3793 2501
3794 2501
3795 2501
3796 2501
3797 2501
3798 2501
3799 2501
3800 2501
3801 2501
3802 2501
3803 2501
3804 2501
3805 2501
3806 2501
3807 2501
3808 2502
3809 2501
3810 2505
3811 2501
3812 2501
3813 2501
3814 2501
3815 2501
3816 2501
3817 2501
3818 2501
3819 2501
3820 2501
3821 2501
3822 2501
3823 2501
3824 2501
3825 2501
3826 2501
3827 2501
3828 2500
3829 2501
3830 2501
3831 2501
3832 2501
3833 2500
3834 2500
3835 2500
3836 2501
3837 2500
3838 2501
3839 2501
3840 2500
3841 2501
3842 2501
3843 2501
3844 2500
3845 2501
3846 2500
3847 2500
3848 2500
3849 2500
3850 2501
3851 2501
3852 2500
3853 2500
3854 2500
3855 2500
3856 2500
3857 2500
3858 2500
3859 2500
3860 2500
3861 2500
3862 2500
3863 2500
3864 2500
3865 2500
3866 2500
3867 2500
3868 2500
3869 2500
3870 2500
3871 2500
3872 2500
3873 2500
3874 2500
3875 2500
3876 2500
3877 2500
3878 2500
3879 2500
3880 2500
3881 2500
3882 2500
3883 2500
3884 2500
3885 2500
3886 2500
3887 2499
3888 2500
3889 2500
3890 2500
3891 2500
3892 2500
3893 2500
3894 2500
3895 2500
3896 2500
3897 2499
3898 2500
3899 2499
3900 2499
3901 2499
3902 2499
3903 2500
3904 2499
3905 2500
3906 2500
3907 2500
3908 2500
3909 2499
3910 2499
3911 2499
3912 2499
3913 2499
3914 2499
3915 2499
3916 2500
3917 2501
3918 2500
3919 2499
3920 2499
3921 2499
3922 2499
3923 2499
3924 2499
3925 2499
3926 2499
3927 2499
3928 2503
3929 2499
3930 2499
3931 2499
3932 2499
3933 2499
3934 2499
3935 2499
3936 2499
3937 2499
3938 2499
3939 2499
3940 2499
3941 2499
3942 2499
3943 2499
3944 2499
3945 2499
3946 2499
3947 2499
3948 2499
3949 2499
3950 2499
3951 2499
3952 2499
3953 2499
3954 2499
3955 2499
3956 2499
3957 2499
3958 2499
3959 2499
3960 2499
3961 2499
3962 2499
3963 2499
3964 2499
3965 2499
3966 2499
3967 2499
3968 2499
3969 2499
3970 2499
3971 2499
3972 2498
3973 2498
3974 2499
3975 2499
3976 2498
3977 2499
3978 2499
3979 2499
3980 2499
3981 2498
3982 2498
3983 2499
3984 2498
3985 2498
3986 2498
3987 2499
3988 2498
3989 2499
3990 2499
3991 2498
3992 2499
3993 2499
3994 2498
3995 2498
3996 2499
3997 2499
3998 2498
3999 2498
4000 2498
4001 2498
4002 2498
4003 2498
4004 2498
4005 2498
4006 2498
4007 2498
4008 2497
4009 2499
4010 2498
4011 2499
4012 2497
4013 2497
4014 2498
4015 2498
4016 2498
4017 2497
4018 2498
4019 2497
4020 2497
4021 2498
4022 2497
4023 2497
4024 2497
4025 2497
4026 2497
4027 2497
4028 2497
4029 2497
4030 2498
4031 2498
4032 2498
4033 2498
4034 2498
4035 2498
4036 2498
4037 2498
4038 2498
4039 2498
4040 2498
4041 2498
4042 2498
4043 2498
4044 2497
4045 2498
4046 2498
4047 2498
4048 2498
4049 2498
4050 2498
4051 2498
4052 2498
4053 2497
4054 2497
4055 2497
4056 2497
4057 2498
4058 2498
4059 2498
4060 2497
4061 2498
4062 2498
4063 2498
4064 2498
4065 2498
4066 2498
4067 2498
4068 2498
4069 2498
4070 2498
4071 2498
4072 2498
4073 2498
4074 2497
4075 2497
4076 2497
4077 2497
4078 2497
4079 2497
4080 2497
4081 2497
4082 2497
4083 2497
4084 2497
4085 2497
4086 2497
4087 2497
4088 2497
4089 2497
4090 2497
4091 2497
4092 2497
4093 2497
4094 2497
4095 2497
4096 2497
4097 2497
4098 2497
4099 2497
4100 2497
4101 2497
4102 2496
4103 2497
4104 2496
4105 2497
4106 2496
4107 2496
4108 2497
4109 2497
4110 2497
4111 2496
4112 2497
4113 2497
4114 2497
4115 2497
4116 2497
4117 2496
4118 2496
4119 2496
4120 2497
4121 2496
4122 2497
4123 2497
4124 2496
4125 2496
4126 2497
4127 2496
4128 2496
4129 2496
4130 2496
4131 2496
4132 2496
4133 2496
4134 2496
4135 2496
4136 2496
4137 2496
4138 2496
4139 2496
4140 2496
4141 2496
4142 2496
4143 2496
4144 2496
4145 2496
4146 2496
4147 2496
4148 2496
4149 2496
4150 2496
4151 2496
4152 2496
4153 2496
4154 2496
4155 2496
4156 2496
4157 2496
4158 2496
4159 2496
4160 2496
4161 2496
4162 2496
4163 2496
4164 2496
4165 2496
4166 2496
4167 2495
4168 2496
4169 2496
4170 2495
4171 2495
4172 2496
4173 2495
4174 2495
4175 2495
4176 2495
4177 2495
4178 2495
4179 2496
4180 2495
4181 2494
4182 2495
4183 2500
4184 2494
4185 2494
4186 2494
4187 2494
4188 2494
4189 2493
4190 2495
4191 2495
4192 2496
4193 2495
4194 2495
4195 2495
4196 2495
4197 2495
4198 2494
4199 2495
4200 2495
4201 2495
4202 2495
4203 2495
4204 2495
4205 2495
4206 2495
4207 2495
4208 2495
4209 2495
4210 2495
4211 2494
4212 2495
4213 2495
4214 2495
4215 2495
4216 2495
4217 2495
4218 2495
4219 2495
4220 2495
4221 2495
4222 2495
4223 2495
4224 2495
4225 2495
4226 2495
4227 2495
4228 2495
4229 2495
4230 2495
4231 2495
4232 2495
4233 2494
4234 2495
4235 2495
4236 2495
4237 2495
4238 2494
4239 2494
4240 2494
4241 2495
4242 2494
4243 2494
4244 2495
4245 2495
4246 2495
4247 2495
4248 2495
4249 2495
4250 2495
4251 2494
4252 2495
4253 2495
4254 2495
4255 2495
4256 2495
4257 2495
4258 2495
4259 2495
4260 2494
4261 2495
4262 2495
4263 2495
4264 2496
4265 2494
4266 2494
4267 2495
4268 2494
4269 2494
4270 2495
4271 2495
4272 2495
4273 2495
4274 2494
4275 2494
4276 2495
4277 2495
4278 2495
4279 2494
4280 2495
4281 2495
4282 2495
4283 2495
4284 2495
4285 2495
4286 2495
4287 2495
4288 2495
4289 2494
4290 2495
4291 2495
4292 2495
4293 2495
4294 2495
4295 2495
4296 2495
4297 2495
4298 2495
4299 2495
4300 2495
4301 2495
4302 2495
4303 2495
4304 2495
4305 2495
4306 2495
4307 2495
4308 2495
4309 2495
4310 2495
4311 2495
4312 2495
4313 2495
4314 2494
4315 2494
4316 2495
4317 2495
4318 2496
4319 2495
4320 2495
4321 2495
4322 2495
4323 2495
4324 2495
4325 2495
4326 2495
4327 2495
4328 2495
4329 2496
4330 2495
4331 2495
4332 2495
4333 2495
4334 2495
4335 2495
4336 2495
4337 2495
4338 2495
4339 2495
4340 2495
4341 2495
4342 2495
4343 2495
4344 2496
4345 2496
4346 2495
4347 2495
4348 2495
4349 2495
4350 2495
4351 2496
4352 2496
4353 2496
4354 2496
4355 2496
4356 2496
4357 2496
4358 2496
4359 2496
4360 2496
4361 2496
4362 2496
4363 2496
4364 2496
4365 2496
4366 2496
4367 2496
4368 2496
4369 2496
4370 2496
4371 2496
4372 2496
4373 2496
4374 2496
4375 2496
4376 2496
4377 2497
4378 2496
4379 2495
4380 2496
4381 2496
4382 2496
4383 2496
4384 2500
4385 2496
4386 2496
4387 2496
4388 2496
4389 2495
4390 2496
4391 2496
4392 2497
4393 2496
4394 2496
4395 2496
4396 2496
4397 2496
4398 2497
4399 2497
4400 2496
4401 2496
4402 2496
4403 2496
4404 2496
4405 2496
4406 2502
4407 2496
4408 2496
4409 2496
4410 2496
4411 2496
4412 2496
4413 2496
4414 2496
4415 2496
4416 2497
4417 2497
4418 2497
4419 2497
4420 2497
4421 2497
4422 2497
4423 2497
4424 2497
4425 2497
4426 2497
4427 2497
4428 2497
4429 2497
4430 2497
4431 2497
4432 2497
4433 2497
4434 2497
4435 2497
4436 2497
4437 2497
4438 2497
4439 2497
4440 2498
4441 2497
4442 2497
4443 2497
4444 2497
4445 2497
4446 2497
4447 2497
4448 2497
4449 2497
4450 2497
4451 2497
4452 2497
4453 2498
4454 2497
4455 2497
4456 2498
4457 2498
4458 2498
4459 2498
4460 2497
4461 2497
4462 2497
4463 2498
4464 2497
4465 2498
4466 2497
4467 2498
4468 2497
4469 2498
4470 2497
4471 2498
4472 2498
4473 2497
4474 2498
4475 2498
4476 2498
4477 2497
4478 2497
4479 2498
4480 2498
4481 2498
4482 2498
4483 2498
4484 2498
4485 2497
4486 2498
4487 2498
4488 2498
4489 2498
4490 2498
4491 2498
4492 2498
4493 2498
4494 2498
4495 2498
4496 2499
4497 2498
4498 2498
4499 2498
4500 2498
4501 2498
4502 2498
4503 2498
4504 2498
4505 2498
4506 2498
4507 2498
4508 2498
4509 2498
4510 2498
4511 2498
4512 2498
4513 2498
4514 2498
4515 2498
4516 2498
4517 2498
4518 2498
4519 2498
4520 2498
4521 2498
4522 2498
4523 2498
4524 2498
4525 2498
4526 2498
4527 2498
4528 2498
4529 2498
4530 2498
4531 2498
4532 2498
4533 2498
4534 2498
4535 2498
4536 2498
4537 2498
4538 2498
4539 2498
4540 2498
4541 2498
4542 2498
4543 2498
4544 2498
4545 2498
4546 2498
4547 2498
4548 2498
4549 2498
4550 2498
4551 2498
4552 2498
4553 2498
4554 2498
4555 2498
4556 2498
4557 2498
4558 2498
4559 2498
4560 2498
4561 2498
4562 2498
4563 2498
4564 2498
4565 2498
4566 2498
4567 2498
4568 2498
4569 2498
4570 2498
4571 2498
4572 2498
4573 2498
4574 2498
4575 2498
4576 2498
4577 2498
4578 2498
4579 2498
4580 2498
4581 2498
4582 2498
4583 2498
4584 2498
4585 2498
4586 2498
4587 2498
4588 2498
4589 2498
4590 2498
4591 2498
4592 2498
4593 2498
4594 2498
4595 2498
4596 2498
4597 2499
4598 2498
4599 2498
4600 2498
4601 2498
4602 2498
4603 2498
4604 2498
4605 2498
4606 2498
4607 2498
4608 2498
4609 2498
4610 2498
4611 2498
4612 2498
4613 2498
4614 2498
4615 2498
4616 2499
4617 2498
4618 2499
4619 2499
4620 2502
4621 2498
4622 2498
4623 2499
4624 2499
4625 2498
4626 2498
4627 2498
4628 2498
4629 2499
4630 2498
4631 2498
4632 2498
4633 2498
4634 2498
4635 2498
4636 2498
4637 2498
4638 2498
4639 2498
4640 2498
4641 2498
4642 2498
4643 2503
4644 2498
4645 2498
4646 2501
4647 2499
4648 2499
4649 2499
4650 2498
4651 2500
4652 2499
4653 2498
4654 2499
4655 2499
4656 2498
4657 2499
4658 2498
4659 2498
4660 2498
4661 2498
4662 2498
4663 2497
4664 2502
4665 2499
4666 2498
4667 2498
4668 2498
4669 2498
4670 2498
4671 2497
4672 2497
4673 2501
4674 2498
4675 2510
4676 2498
4677 2502
4678 2498
4679 2498
4680 2498
4681 2498
4682 2498
4683 2498
4684 2498
4685 2498
4686 2498
4687 2498
4688 2498
4689 2498
4690 2498
4691 2498
4692 2498
4693 2498
4694 2498
4695 2498
4696 2498
4697 2498
4698 2498
4699 2498
4700 2498
4701 2498
4702 2498
4703 2498
4704 2498
4705 2498
4706 2498
4707 2498
4708 2498
4709 2498
4710 2498
4711 2498
4712 2498
4713 2498
4714 2498
4715 2498
4716 2498
4717 2498
4718 2498
4719 2498
4720 2498
4721 2498
4722 2498
4723 2498
4724 2498
4725 2498
4726 2498
4727 2498
4728 2498
4729 2499
4730 2499
4731 2499
4732 2499
4733 2499
4734 2499
4735 2498
4736 2499
4737 2498
4738 2499
4739 2498
4740 2498
4741 2498
4742 2498
4743 2498
4744 2498
4745 2499
4746 2499
4747 2499
4748 2499
4749 2499
4750 2499
4751 2499
4752 2499
4753 2499
4754 2499
4755 2499
4756 2499
4757 2499
4758 2499
4759 2499
4760 2499
4761 2499
4762 2499
4763 2499
4764 2499
4765 2499
4766 2499
4767 2499
4768 2499
4769 2499
4770 2499
4771 2499
4772 2499
4773 2499
4774 2499
4775 2499
4776 2499
4777 2499
4778 2499
4779 2499
4780 2499
4781 2499
4782 2499
4783 2499
4784 2499
4785 2499
4786 2499
4787 2499
4788 2499
4789 2499
4790 2499
4791 2499
4792 2499
4793 2499
4794 2499
4795 2499
4796 2499
4797 2499
4798 2499
4799 2499
4800 2499
4801 2499
4802 2499
4803 2499
4804 2499
4805 2500
4806 2499
4807 2499
4808 2499
4809 2499
4810 2498
4811 2498
4812 2498
4813 2498
4814 2498
4815 2498
4816 2498
4817 2498
4818 2498
4819 2498
4820 2498
4821 2498
4822 2498
4823 2498
4824 2497
4825 2497
4826 2497
4827 2497
4828 2497
4829 2497
4830 2496
4831 2497
4832 2497
4833 2496
4834 2496
4835 2496
4836 2499
4837 2496
4838 2496
4839 2496
4840 2495
4841 2495
4842 2495
4843 2495
4844 2495
4845 2495
4846 2495
4847 2495
4848 2495
4849 2495
4850 2495
4851 2495
4852 2495
4853 2495
4854 2494
4855 2495
4856 2495
4857 2495
4858 2496
4859 2498
4860 2495
4861 2495
4862 2495
4863 2495
4864 2494
4865 2494
4866 2494
4867 2494
4868 2494
4869 2494
4870 2493
4871 2494
4872 2494
4873 2493
4874 2493
4875 2493
4876 2494
4877 2493
4878 2494
4879 2494
4880 2494
4881 2494
4882 2494
4883 2495
4884 2495
4885 2496
4886 2496
4887 2496
4888 2497
4889 2497
4890 2497
4891 2502
4892 2497
4893 2498
4894 2498
4895 2497
4896 2498
4897 2498
4898 2498
4899 2498
4900 2498
4901 2498
4902 2498
4903 2498
4904 2501
4905 2499
4906 2498
4907 2497
4908 2498
4909 2497
4910 2497
4911 2497
4912 2497
4913 2497
4914 2497
4915 2496
4916 2496
4917 2496
4918 2495
4919 2495
4920 2495
4921 2496
4922 2496
4923 2495
4924 2494
4925 2494
4926 2494
4927 2494
4928 2497
4929 2493
4930 2494
4931 2494
4932 2494
4933 2494
4934 2494
4935 2494
4936 2494
4937 2494
4938 2494
4939 2494
4940 2494
4941 2494
4942 2493
4943 2494
4944 2494
4945 2493
4946 2493
4947 2492
4948 2493
4949 2493
4950 2493
4951 2493
4952 2493
4953 2493
4954 2493
4955 2493
4956 2493
4957 2493
4958 2493
4959 2493
4960 2493
4961 2493
4962 2493
4963 2493
4964 2493
4965 2493
4966 2492
4967 2492
4968 2492
4969 2493
4970 2493
4971 2493
4972 2492
4973 2492
4974 2492
4975 2492
4976 2492
4977 2492
4978 2491
4979 2491
4980 2491
4981 2491
4982 2491
4983 2491
4984 2491
4985 2491
4986 2491
4987 2491
4988 2490
4989 2490
4990 2490
4991 2490
4992 2490
4993 2490
4994 2489
4995 2490
4996 2490
4997 2490
4998 2490
4999 2490
5000 2490
5001 2489
5002 2489
5003 2488
5004 2495
5005 2491
5006 2490
5007 2490
5008 2490
5009 2491
5010 2491
5011 2490
5012 2490
5013 2490
5014 2489
5015 2490
5016 2490
5017 2489
5018 2490
5019 2489
5020 2489
5021 2489
5022 2490
5023 2489
5024 2490
5025 2489
5026 2488
5027 2488
5028 2489
5029 2489
5030 2488
5031 2489
5032 2488
5033 2488
5034 2488
5035 2488
5036 2488
5037 2487
5038 2487
5039 2487
5040 2487
5041 2487
5042 2487
5043 2487
5044 2487
5045 2487
5046 2486
5047 2487
5048 2487
5049 2487
5050 2487
5051 2487
5052 2486
5053 2486
5054 2486
5055 2486
5056 2487
5057 2487
5058 2486
5059 2486
5060 2485
5061 2485
5062 2485
5063 2483
5064 2485
5065 2485
5066 2485

3639 2525
3640 2530
3641 2531
3642 2531
3643 2529
3644 2530
3645 2529
3646 2523
3647 2523
3648 2536
3649 2532
3650 2531
3651 2531
3652 2529
3653 2536
3654 2530
3655 2529
3656 2530
3657 2527
3658 2528
3659 2528
3660 2529
3661 2529
3662 2529
3663 2529
3664 2532
3665 2529
3666 2531
3667 2528
3668 2528
3669 2529
3670 2529
3671 2526
3672 2530
3673 2528
3674 2529
3675 2529
3676 2533
3677 2530
3678 2532
3679 2529
3680 2530
3681 2532
3682 2533
3683 2534
3684 2531
3685 2533
3686 2535
3687 2531
3688 2529
3689 2529
3690 2529
3691 2528
3692 2523
3693 2527
3694 2531
3695 2532
3696 2523
4386 2517
4387 2516
4388 2508
4389 2516
4390 2517
4391 2517
4392 2517
4393 2517
4394 2518
4395 2518
4396 2508
4397 2511
4398 2522
4399 2509
4400 2517
4401 2517
4402 2517
4403 2516
4404 2515
4405 2516
4406 2517
4407 2515
4408 2517
4409 2517
4410 2518
4411 2517
4412 2509
4413 2517
4414 2520
4415 2519
4416 2518
4417 2517
4418 2510
4419 2519
4420 2518
4421 2514
4422 2524
4423 2510
4424 2512
4425 2511
4426 2511
4427 2511
4428 2518
4429 2519
4430 2519
4431 2519
4432 2518
4433 2518
4434 2512
4435 2518
4436 2512
4437 2510
4438 2510
4439 2516
4440 2516
4441 2519
4442 2518
4443 2522
4444 2519
4445 2524
4446 2518
4447 2519
4448 2519
4449 2519
4450 2519
4451 2519
4452 2520
4453 2520
4454 2520
4455 2514
4456 2518
4457 2519
4458 2518
4459 2521
4460 2521
4461 2521
4462 2521
4463 2520
4464 2522
4465 2515
4466 2521
4467 2521
4468 2522
4469 2527
4470 2518
4471 2521
4472 2525
4473 2524
4474 2515
4475 2514
4476 2514
4477 2518
4478 2519
4479 2514
4480 2519
4481 2522
4482 2518
4483 2520
4484 2520
4485 2519
4486 2519
4487 2516
4488 2527
4489 2521
4490 2521
4491 2521
4492 2519
4493 2524
4494 2523
4495 2523
4496 2517
4497 2524
4498 2517
4499 2529
4500 2527
4501 2524
4502 2519
4503 2517
4504 2517
4505 2527
4506 2517
4507 2520
4508 2523
4509 2528
4510 2518
4511 2525
4512 2526
4513 2523
4514 2517
4515 2517
4516 2517
4517 2524
4518 2526
4519 2531
4520 2527
4521 2528
4522 2520
4523 2517
4524 2522
4525 2523
4526 2522
4527 2521
4528 2522
4529 2522
4530 2522
4531 2521
4532 2522
4533 2522
4534 2522
4535 2522
4536 2522
4537 2523
4538 2524
4539 2524
4540 2527
4541 2526
4542 2525
4543 2517
4544 2525
4545 2530
4546 2525
4547 2524
4548 2524
4549 2524
4550 2524
4551 2524
4552 2524
4553 2524
4554 2524
4555 2523
4556 2524
4557 2524
4558 2524
4559 2524
4560 2524
4561 2524
4562 2524
4563 2523
4564 2524
4565 2523
4566 2524
4567 2524
4568 2524
4569 2523
4570 2522
4571 2523
4572 2523
4573 2524
4574 2521
4575 2521
4576 2522
4577 2522
4578 2522
4579 2522
4580 2521
4581 2520
4582 2520
4583 2519
4584 2519
4585 2520
4586 2523
4587 2520
4588 2514
4589 2520
4590 2521
4591 2520
4592 2519
4593 2519
4594 2518
4595 2518
4596 2518
4597 2518
4598 2518
4599 2518
4600 2521
4601 2520
4602 2519
4603 2518
4604 2519
4605 2519
4606 2518
4607 2524
4608 2519
4609 2518
4610 2519
4611 2519
4612 2518
4613 2519
4614 2522
4615 2521
4616 2518
4617 2524
4618 2519
4619 2518
4620 2517
4621 2517
4622 2517
4623 2517
4624 2519
4625 2516
4626 2517
4627 2518
4628 2517
4629 2516
4630 2516
4631 2515
4632 2524
4633 2522
4634 2515
4635 2510
4636 2515
4637 2517
4638 2513
4639 2512
4640 2511
4641 2514
4642 2515
4643 2517
4644 2515
4645 2512
4646 2513
4647 9999
4648 2516
4649 2514
4650 2514
4651 2514
4652 2512
4653 2514
4654 2514
4655 2513
4656 2517
4657 2513
4658 2513
4659 2513
4660 2514
4661 9999
4662 2513
4663 2513
4664 9999
4665 2513
4666 2511
4667 2512
4668 2512
4669 2512
4670 9999
4671 2515
4672 2514
4673 9999
4674 2510
4675 9999
4676 9999
4677 9999
4678 2510
4679 2511
4680 2511
4681 2510
4682 2510
4683 2511
4684 9999
4685 9999
4686 9999
4687 9999
4688 9999
4689 9999
4690 9999
4691 9999
4692 9999
4693 9999
4694 9999
4695 9999
4696 9999
4697 9999
4698 9999
4699 9999
4700 9999
4701 9999

