3190 2490
3191 2494
3192 2490
3193 2489
3194 2491
3195 2490
3196 2490
3197 2490
3198 2490
3199 2491
3200 2492
3201 2489
3202 2490
3203 2490
3204 2490
3205 2490
3206 2490
3207 2490
3208 2490
3209 2489
3210 2489
3211 2489
3212 2489
3213 2489
3214 2489
3215 2489
3216 2489
3217 2489
3218 2489
3219 2489
3220 2489
3221 2489
3222 2489
3223 2489
3224 2489
3225 2488
3226 2489
3227 2489
3228 2489
3229 2489
3230 2488
3231 2489
3232 2489
3233 2488
3234 2488
3235 2489
3236 2489
3237 2489
3238 2488
3239 2489
3240 2489
3241 2489
3242 2489
3243 2489
3244 2489
3245 2489
3246 2488
3247 2488
3248 2488
3249 2488
3250 2488
3251 2488
3252 2488
3253 2488
3254 2487
3255 2488
3256 2487
3257 2488
3258 2488
3259 2488
3260 2488
3261 2488
3262 2488
3263 2487
3264 2488
3265 2487
3266 2487
3267 2488
3268 2487
3269 2488
3270 2487
3271 2488
3272 2488
3273 2488
3274 2488
3275 2488
3276 2488
3277 2488
3278 2488
3279 2488
3280 2488
3281 2487
3282 2488
3283 2488
3284 2488
3285 2488
3286 2488
3287 2488
3288 2487
3289 2488
3290 2488
3291 2488
3292 2488
3293 2488
3294 2488
3295 2488
3296 2488
3297 2489
3298 2488
3299 2490
3300 2489
3301 2488
3302 2488
3303 2488
3304 2488
3305 2488
3306 2488
3307 2488
3308 2488
3309 2489
3310 2488
3311 2488
3312 2489
3313 2488
3314 2489
3315 2488
3316 2488
3317 2489
3318 2489
3319 2488
3320 2488
3321 2488
3322 2488
3323 2489
3324 2488
3325 2488
3326 2489
3327 2489
3328 2489
3329 2489
3330 2490
3331 2489
3332 2489
3333 2489
3334 2489
3335 2489
3336 2488
3337 2489
3338 2491
3339 2492
3340 2489
3341 2489
3342 2489
3343 2488
3344 2488
3345 2489
3346 2488
3347 2489
3348 2488
3349 2489
3350 2488
3351 2488
3352 2489
3353 2488
3354 2488
3355 2489
3356 2489
3357 2488
3358 2492
3359 2488
3360 2488
3361 2488
3362 2488
3363 2488
3364 2488
3365 2487
3366 2499
3367 2488
3368 2488
3369 2487
3370 2488
3371 2489
3372 2489
3373 2488
3374 2488
3375 2488
3376 2489
3377 2488
3378 2488
3379 2488
3380 2488
3381 2488
3382 2488
3383 2489
3384 2489
3385 2489
3386 2489
3387 2489
3388 2489
3389 2489
3390 2490
3391 2489
3392 2489
3393 2489
3394 2489
3395 2489
3396 2489
3397 2490
3398 2490
3399 2489
3400 2490
3401 2489
3402 2489
3403 2490
3404 2491
3405 2490
3406 2490
3407 2490
3408 2491
3409 2491
3410 2491
3411 2491
3412 2491
3413 2492
3414 2491
3415 2492
3416 2491
3417 2492
3418 2492
3419 2491
3420 2491
3421 2491
3422 2491
3423 2492
3424 2491
3425 2491
3426 2491
3427 2491
3428 2492
3429 2492
3430 2492
3431 2491
3432 2492
3433 2492
3434 2492
3435 2492
3436 2491
3437 2491
3438 2492
3439 2491
3440 2491
3441 2491
3442 2491
3443 2491
3444 2491
3445 2491
3446 2491
3447 2492
3448 2492
3449 2492
3450 2492
3451 2492
3452 2492
3453 2492
3454 2492
3455 2492
3456 2492
3457 2492
3458 2492
3459 2492
3460 2492
3461 2492
3462 2491
3463 2491
3464 2491
3465 2491
3466 2491
3467 2491
3468 2491
3469 2491
3470 2491
3471 2491
3472 2491
3473 2491
3474 2491
3475 2491
3476 2491
3477 2491
3478 2491
3479 2491
3480 2491
3481 2491
3482 2491
3483 2491
3484 2491
3485 2491
3486 2491
3487 2491
3488 2491
3489 2491
3490 2491
3491 2491
3492 2491
3493 2491
3494 2491
3495 2491
3496 2491
3497 2491
3498 2491
3499 2491
3500 2491
3501 2491
3502 2491
3503 2491
3504 2491
3505 2491
3506 2491
3507 2491
3508 2492
3509 2491
3510 2491
3511 2491
3512 2492
3513 2492
3514 2492
3515 2492
3516 2492
3517 2492
3518 2492
3519 2492
3520 2492
3521 2492
3522 2492
3523 2492
3524 2492
3525 2492
3526 2492
3527 2492
3528 2492
3529 2492
3530 2492
3531 2492
3532 2492
3533 2492
3534 2492
3535 2492
3536 2492
3537 2493
3538 2492
3539 2492
3540 2492
3541 2493
3542 2493
3543 2493
3544 2493
3545 2493
3546 2492
3547 2492
3548 2492
3549 2493
3550 2492
3551 2492
3552 2492
3553 2492
3554 2492
3555 2492
3556 2492
3557 2492
3558 2492
3559 2492
3560 2492
3561 2492
3562 2492
3563 2492
3564 2492
3565 2491
3566 2491
3567 2492
3568 2492
3569 2492
3570 2492
3571 2493
3572 2493
3573 2492
3574 2492
3575 2493
3576 2493
3577 2492
3578 2492
3579 2492
3580 2492
3581 2492
3582 2492
3583 2492
3584 2492
3585 2492
3586 2492
3587 2492
3588 2493
3589 2493
3590 2493
3591 2493
3592 2493
3593 2493
3594 2493
3595 2493
3596 2493
3597 2493
3598 2493
3599 2493
3600 2493
3601 2493
3602 2493
3603 2493
3604 2493
3605 2493
3606 2493
3607 2493
3608 2493
3609 2492
3610 2493
3611 2493
3612 2493
3613 2493
3614 2493
3615 2493
3616 2494
3617 2493
3618 2493
3619 2493
3620 2493
3621 2493
3622 2493
3623 2493
3624 2493
3625 2493
3626 2493
3627 2493
3628 2493
3629 2493
3630 2493
3631 2494
3632 2494
3633 2494
3634 2494
3635 2494
3636 2493
3637 2493
3638 2493
3639 2493
3640 2493
3641 2493
3642 2493
3643 2493
3644 2493
3645 2493
3646 2493
3647 2494
3648 2494
3649 2494
3650 2493
3651 2493
3652 2493
3653 2493
3654 2493
3655 2493
3656 2494
3657 2494
3658 2494
3659 2494
3660 2494
3661 2494
3662 2494
3663 2494
3664 2494
3665 2494
3666 2495
3667 2495
3668 2495
3669 2494
3670 2494
3671 2495
3672 2495
3673 2495
3674 2495
3675 2495
3676 2495
3677 2495
3678 2495
3679 2495
3680 2495
3681 2495
3682 2496
3683 2496
3684 2496
3685 2496
3686 2496
3687 2496
3688 2496
3689 2496
3690 2496
3691 2496
3692 2496
3693 2496
3694 2496
3695 2496
3696 2496
3697 2496
3698 2496
3699 2496
3700 2496
3701 2496
3702 2496
3703 2496
3704 2497
3705 2497
3706 2497
3707 2497
3708 2497
3709 2497
3710 2497
3711 2497
3712 2497
3713 2497
3714 2497
3715 2497
3716 2497
3717 2497
3718 2497
3719 2498
3720 2498
3721 2498
3722 2498
3723 2498
3724 2498
3725 2497
3726 2498
3727 2498
3728 2497
3729 2497
3730 2498
3731 2498
3732 2498
3733 2498
3734 2498
3735 2498
3736 2498
3737 2497
3738 2499
3739 2497
3740 2497
3741 2497
3742 2497
3743 2498
3744 2498
3745 2499
3746 2497
3747 2497
3748 2497
3749 2497
3750 2497
3751 2497
3752 2498
3753 2497
3754 2497
3755 2498
3756 2497
3757 2497
3758 2497
3759 2497
3760 2497
3761 2497
3762 2497
3763 2497
3764 2497
3765 2497
3766 2497
3767 2497
3768 2497
3769 2497
3770 2497
3771 2497
3772 2497
3773 2497
3774 2497
3775 2497
3776 2497
3777 2496
3778 2496
3779 2496
3780 2496
3781 2496
3782 2496
3783 2496
3784 2496
3785 2496
3786 2496
3787 2496
3788 2496
3789 2496
3790 2496
3791 2496
3792 2496
3793 2496
3794 2496
3795 2496
3796 2496
3797 2496
3798 2496
3799 2496
3800 2496
3801 2496
3802 2496
3803 2496
3804 2496
3805 2496
3806 2496
3807 2496
3808 2496
3809 2496
3810 2496
3811 2496
3812 2496
3813 2496
3814 2496
3815 2496
3816 2496
3817 2496
3818 2496
3819 2496
3820 2496
3821 2495
3822 2495
3823 2495
3824 2495
3825 2495
3826 2494
3827 2495
3828 2495
3829 2494
3830 2494
3831 2494
3832 2494
3833 2494
3834 2494
3835 2494
3836 2494
3837 2494
3838 2494
3839 2494
3840 2494
3841 2494
3842 2495
3843 2495
3844 2495
3845 2495
3846 2495
3847 2495
3848 2495
3849 2495
3850 2496
3851 2496
3852 2495
3853 2495
3854 2496
3855 2496
3856 2497
3857 2497
3858 2496
3859 2496
3860 2496
3861 2496
3862 2497
3863 2497
3864 2497
3865 2497
3866 2497
3867 2497
3868 2497
3869 2497
3870 2497
3871 2497
3872 2497
3873 2497
3874 2497
3875 2498
3876 2498
3877 2498
3878 2498
3879 2498
3880 2498
3881 2498
3882 2498
3883 2498
3884 2498
3885 2498
3886 2498
3887 2498
3888 2498
3889 2498
3890 2499
3891 2498
3892 2498
3893 2499
3894 2499
3895 2499
3896 2499
3897 2499
3898 2499
3899 2499
3900 2499
3901 2499
3902 2499
3903 2500
3904 2499
3905 2500
3906 2499
3907 2500
3908 2500
3909 2500
3910 2500
3911 2500
3912 2500
3913 2500
3914 2500
3915 2500
3916 2500
3917 2500
3918 2500
3919 2500
3920 2500
3921 2500
3922 2500
3923 2500
3924 2500
3925 2500
3926 2500
3927 2500
3928 2500
3929 2500
3930 2501
3931 2501
3932 2501
3933 2501
3934 2501
3935 2501
3936 2501
3937 2501
3938 2501
3939 2501
3940 2502
3941 2501
3942 2501
3943 2502
3944 2502
3945 2502
3946 2502
3947 2501
3948 2502
3949 2502
3950 2502
3951 2502
3952 2502
3953 2502
3954 2502
3955 2502
3956 2502
3957 2502
3958 2502
3959 2502
3960 2502
3961 2502
3962 2502
3963 2502
3964 2502
3965 2502
3966 2502
3967 2502
3968 2502
3969 2502
3970 2502
3971 2502
3972 2503
3973 2502
3974 2502
3975 2502
3976 2502
3977 2502
3978 2502
3979 2502
3980 2502
3981 2502
3982 2502
3983 2502
3984 2502
3985 2502
3986 2502
3987 2502
3988 2502
3989 2502
3990 2502
3991 2502
3992 2502
3993 2502
3994 2502
3995 2502
3996 2502
3997 2502
3998 2502
3999 2502
4000 2502
4001 2502
4002 2502
4003 2502
4004 2502
4005 2502
4006 2502
4007 2502
4008 2502
4009 2502
4010 2502
4011 2503
4012 2503
4013 2502
4014 2503
4015 2502
4016 2502
4017 2502
4018 2503
4019 2503
4020 2503
4021 2503
4022 2503
4023 2502
4024 2504
4025 2503
4026 2503
4027 2503
4028 2503
4029 2503
4030 2503
4031 2503
4032 2503
4033 2503
4034 2503
4035 2503
4036 2502
4037 2502
4038 2503
4039 2502
4040 2503
4041 2501
4042 2502
4043 2502
4044 2502
4045 2502
4046 2502
4047 2502
4048 2501
4049 2501
4050 2501
4051 2502
4052 2502
4053 2501
4054 2501
4055 2501
4056 2501
4057 2501
4058 2501
4059 2501
4060 2501
4061 2501
4062 2501
4063 2501
4064 2501
4065 2501
4066 2501
4067 2500
4068 2500
4069 2500
4070 2500
4071 2500
4072 2500
4073 2500
4074 2500
4075 2500
4076 2500
4077 2500
4078 2500
4079 2500
4080 2500
4081 2499
4082 2499
4083 2499
4084 2499
4085 2499
4086 2499
4087 2499
4088 2499
4089 2499
4090 2499
4091 2499
4092 2499
4093 2499
4094 2499
4095 2500
4096 2500
4097 2499
4098 2499
4099 2499
4100 2499
4101 2498
4102 2499
4103 2500
4104 2500
4105 2499
4106 2499
4107 2499
4108 2499
4109 2499
4110 2499
4111 2499
4112 2499
4113 2500
4114 2500
4115 2499
4116 2500
4117 2500
4118 2500
4119 2500
4120 2499
4121 2499
4122 2500
4123 2500
4124 2500
4125 2500
4126 2500
4127 2500
4128 2500
4129 2500
4130 2500
4131 2500
4132 2500
4133 2500
4134 2500
4135 2500
4136 2500
4137 2500
4138 2500
4139 2501
4140 2501
4141 2501
4142 2501
4143 2501
4144 2501
4145 2501
4146 2501
4147 2500
4148 2501
4149 2501
4150 2501
4151 2502
4152 2502
4153 2501
4154 2501
4155 2502
4156 2502
4157 2502
4158 2502
4159 2502
4160 2502
4161 2502
4162 2502
4163 2502
4164 2502
4165 2502
4166 2501
4167 2502
4168 2501
4169 2501
4170 2501
4171 2501
4172 2501
4173 2501
4174 2501
4175 2501
4176 2501
4177 2501
4178 2501
4179 2501
4180 2501
4181 2501
4182 2501
4183 2501
4184 2501
4185 2501
4186 2501
4187 2500
4188 2501
4189 2501
4190 2501
4191 2501
4192 2501
4193 2501
4194 2501
4195 2501
4196 2501
4197 2501
4198 2501
4199 2501
4200 2501
4201 2500
4202 2502
4203 2501
4204 2501
4205 2501
4206 2500
4207 2501
4208 2501
4209 2500
4210 2500
4211 2500
4212 2500
4213 2500
4214 2500
4215 2500
4216 2500
4217 2500
4218 2500
4219 2500
4220 2500
4221 2500
4222 2500
4223 2500
4224 2500
4225 2501
4226 2500
4227 2501
4228 2500
4229 2501
4230 2500
4231 2499
4232 2499
4233 2500
4234 2500
4235 2500
4236 2500
4237 2500
4238 2500
4239 2500
4240 2500
4241 2500
4242 2500
4243 2500
4244 2500
4245 2500
4246 2500
4247 2500
4248 2499
4249 2500
4250 2499
4251 2500
4252 2501
4253 2500
4254 2500
4255 2500
4256 2500
4257 2500
4258 2500
4259 2500
4260 2500
4261 2500
4262 2500
4263 2500
4264 2499
4265 2500
4266 2500
4267 2500
4268 2500
4269 2500
4270 2500
4271 2500
4272 2500
4273 2500
4274 2500
4275 2500
4276 2500
4277 2500
4278 2500
4279 2502
4280 2500
4281 2500
4282 2500
4283 2501
4284 2499
4285 2500
4286 2500
4287 2501
4288 2500
4289 2500
4290 2500
4291 2500
4292 2501
4293 2500
4294 2500
4295 2500
4296 2500
4297 2500
4298 2500
4299 2500
4300 2500
4301 2500
4302 2500
4303 2500
4304 2500
4305 2500
4306 2500
4307 2500
4308 2500
4309 2500
4310 2500
4311 2500
4312 2500
4313 2500
4314 2500
4315 2500
4316 2500
4317 2500
4318 2500
4319 2500
4320 2500
4321 2500
4322 2500
4323 2500
4324 2500
4325 2500
4326 2500
4327 2500
4328 2500
4329 2500
4330 2500
4331 2500
4332 2500
4333 2500
4334 2500
4335 2500
4336 2500
4337 2500
4338 2500
4339 2500
4340 2500
4341 2500
4342 2500
4343 2500
4344 2500
4345 2500
4346 2500
4347 2500
4348 2500
4349 2500
4350 2500
4351 2500
4352 2501
4353 2501
4354 2500
4355 2501
4356 2501
4357 2501
4358 2501
4359 2501
4360 2501
4361 2501
4362 2502
4363 2502
4364 2501
4365 2502
4366 2502
4367 2502
4368 2502
4369 2502
4370 2502
4371 2502
4372 2503
4373 2502
4374 2503
4375 2502
4376 2503
4377 2503
4378 2502
4379 2503
4380 2503
4381 2503
4382 2503
4383 2503
4384 2503
4385 2503
4386 2503
4387 2504
4388 2504
4389 2504
4390 2503
4391 2503
4392 2504
4393 2503
4394 2503
4395 2503
4396 2504
4397 2503
4398 2503
4399 2502
4400 2503
4401 2502
4402 2502
4403 2503
4404 2503
4405 2503
4406 2503
4407 2503
4408 2503
4409 2503
4410 2503
4411 2504
4412 2503
4413 2504
4414 2504
4415 2503
4416 2504
4417 2503
4418 2502
4419 2505
4420 2503
4421 2502
4422 2502
4423 2502
4424 2502
4425 2502
4426 2502
4427 2502
4428 2502
4429 2502
4430 2502
4431 2502
4432 2502
4433 2502
4434 2502
4435 2502
4436 2501
4437 2501
4438 2501
4439 2502
4440 2502
4441 2502
4442 2501
4443 2502
4444 2501
4445 2501
4446 2502
4447 2501
4448 2501
4449 2502
4450 2502
4451 2501
4452 2501
4453 2501
4454 2501
4455 2501
4456 2501
4457 2501
4458 2501
4459 2500
4460 2501
4461 2500
4462 2500
4463 2500
4464 2500
4465 2501
4466 2501
4467 2500
4468 2501
4469 2501
4470 2501
4471 2501
4472 2501
4473 2501
4474 2500
4475 2500
4476 2500
4477 2501
4478 2501
4479 2501
4480 2501
4481 2501
4482 2501
4483 2501
4484 2501
4485 2502
4486 2501
4487 2501
4488 2501
4489 2501
4490 2502
4491 2501
4492 2501
4493 2501
4494 2501
4495 2502
4496 2502
4497 2502
4498 2502
4499 2502
4500 2502
4501 2502
4502 2501
4503 2501
4504 2501
4505 2501
4506 2501
4507 2501
4508 2502
4509 2501
4510 2501
4511 2501
4512 2501
4513 2501
4514 2501
4515 2501
4516 2501
4517 2501
4518 2501
4519 2501
4520 2501
4521 2501
4522 2501
4523 2501
4524 2501
4525 2501
4526 2501
4527 2501
4528 2501
4529 2503
4530 2501
4531 2502
4532 2501
4533 2502
4534 2501
4535 2500
4536 2501
4537 2502
4538 2502
4539 2502
4540 2501
4541 2503
4542 2503
4543 2503
4544 2505
4545 2501
4546 2502
4547 2503
4548 2502
4549 2502
4550 2502
4551 2501
4552 2503
4553 2502
4554 2501
4555 2501
4556 2501
4557 2512
4558 2505
4559 2501
4560 2506
4561 2501
4562 2505
4563 2501
4564 2501
4565 2501
4566 2502
4567 2502
4568 2503
4569 2502
4570 2502
4571 2502
4572 2502
4573 2502
4574 2502
4575 2503
4576 2502
4577 2502
4578 2502
4579 2502
4580 2503
4581 2504
4582 2503
4583 2503
4584 2502
4585 2502
4586 2502
4587 2502
4588 2510
4589 2502
4590 2503
4591 2503
4592 2502
4593 2502
4594 2502
4595 2502
4596 2502
4597 2503
4598 2503
4599 2503
4600 2503
4601 2503
4602 2503
4603 2503
4604 2503
4605 2503
4606 2503
4607 2503
4608 2502
4609 2503
4610 2504
4611 2503
4612 2503
4613 2503
4614 2504
4615 2503
4616 2505
4617 2504
4618 2507
4619 2503
4620 2503
4621 2504
4622 2504
4623 2504
4624 2504
4625 2503
4626 2504
4627 2504
4628 2504
4629 2504
4630 2504
4631 2504
4632 2504
4633 2504
4634 2504
4635 2504
4636 2505
4637 2504
4638 2504
4639 2504
4640 2505
4641 2505
4642 2505
4643 2505
4644 2505
4645 2505
4646 2505
4647 2505
4648 2505
4649 2505
4650 2505
4651 2505
4652 2505
4653 2505
4654 2505
4655 2505
4656 2505
4657 2505
4658 2505
4659 2505
4660 2505
4661 2505
4662 2505
4663 2506
4664 2506
4665 2508
4666 2505
4667 2506
4668 2506
4669 2506
4670 2505
4671 2506
4672 2506
4673 2505
4674 2506
4675 2506
4676 2506
4677 2506
4678 2506
4679 2506
4680 2506
4681 2508
4682 2508
4683 2508
4684 2508
4685 2509
4686 2505
4687 2508
4688 2506
4689 2506
4690 2508
4691 2507
4692 2505
4693 2507
4694 2507
4695 2507
4696 2506
4697 2506
4698 2505
4699 2507
4700 2505
4701 2506
4702 2506
4703 2506
4704 2507
4705 2507
4706 2507
4707 2507
4708 2507
4709 2512
4710 2507
4711 2507
4712 2507
4713 2507
4714 2507
4715 2511
4716 2508
4717 2508
4718 2509
4719 2510
4720 2508
4721 2508
4722 2509
4723 2508
4724 2506
4725 2509
4726 2508
4727 2508
4728 2508
4729 2511
4730 2509
4731 2509
4732 2511
4733 2509
4734 2508
4735 2511
4736 2510
4737 2510
4738 2510
4739 2516
4740 2514
4741 2507
4742 2508
4743 2508
4744 2507
4745 2507
4746 2509
4747 2520
4748 2509
4749 2506
4750 2516
4751 2508
4752 2509
4753 2509
4754 2508
4755 2514
4756 2508
4757 2508
4758 2509
4759 2510
4760 2509
4761 2505
4762 2510
4763 2505
4764 2505
4765 2506
4766 2505
4767 2507
4768 2505
4769 2505
4770 2506
4771 2505
4772 2506
4773 2506
4774 2505
4775 2507
4776 2512
4777 2504
4778 2504
4779 2504
4780 2504
4781 2506
4782 2507
4783 2510
4784 2507
4785 2510
4786 2507
4787 2514
4788 2507
4789 2507
4790 2508
4791 2508
4792 2507
4793 2507
4794 2507
4795 2507
4796 2508
4797 2507
4798 2507
4799 2510
4800 2507
4801 2508
4802 2508
4803 2512
4804 2508
4805 2510
4806 2509
4807 2508
4808 2508
4809 2512
4810 2508
4811 2515
4812 2514
4813 2509
4814 2509
4815 2510
4816 2509
4817 2510
4818 2510
4819 2510
4820 2509
4821 2509
4822 2509
4823 2510
4824 2509
4825 2511
4826 2512
4827 2512
4828 2512
4829 2511
4830 2512
4831 2519
4832 2520
4833 2520
4834 2517
4835 2514
4836 2513
4837 2513
4838 2520
4839 2519
4840 2514
4841 2512
4842 2512
4843 2512
4844 2512
4845 2511
4846 2517
4847 2514
4848 2512
4849 2512
4850 2510
4851 2511
4852 2521
4853 2510
4854 2513
4855 2509
4856 2509
4857 2511
4858 2509
4859 2509
4860 2509
4861 2508
4862 2509
4863 2519
4864 2511
4865 2521
4866 2510
4867 2509
4868 2513
4869 2510
4870 2514
4871 2518
4872 2512
4873 2515
4874 2509
4875 2518
4876 2510
4877 2510
4878 2516
4879 2515
4880 2512
4881 2514
4882 2511
4883 2511
4884 2511
4885 2515
4886 2513
4887 2514
4888 2513
4889 2513
4890 2513
4891 2511
4892 2512
4893 2513
4894 2514
4895 2514
4896 2512
4897 2513
4898 2512
4899 2513
4900 2515
4901 2519
4902 2512
4903 2513
4904 2514
4905 2519
4906 2522
4907 2522
4908 2519
4909 2516
4910 2516
4911 2516
4912 2517
4913 2516
4914 2516
4915 2519
4916 2520
4917 2515
4918 2516
4919 2515
4920 2514
4921 2514
4922 2514
4923 2514
4924 2515
4925 2515
4926 2517
4927 2520
4928 2517
4929 2518
4930 2518
4931 2513
4932 2518
4933 2514
4934 2517
4935 2517
4936 2515
4937 2517
4938 2516
4939 2517
4940 2516
4941 2516
4942 2515
4943 2515
4944 2521
4945 2515
4946 2516
4947 2514
4948 2517
4949 2514
4950 2513
4951 2513
4952 2511
4953 2510
4954 2511
4955 2511
4956 2512
4957 2512
4958 2512
4959 2513
4960 2523
4961 2517
4962 2516
4963 2515
4964 2515
4965 2515
4966 2515
4967 2515
4968 2514
4969 2520
4970 2515
4971 2515
4972 2513
4973 2513
4974 2512
4975 2511
4976 2511
4977 2511
4978 2511
4979 2510
4980 2510
4981 2509
4982 2509
4983 2508
4984 2508
4985 2508
4986 2506
4987 2507
4988 2514
4989 2509
4990 2510
4991 2510
4992 2507
4993 2506

3223 2515
3224 2519
3225 2527
3226 2519
3227 2517
3228 2517
3229 2526
3230 2529
3231 2523
3232 2524
3233 2525
3234 2524
3235 2522
3236 2515
3237 2527
3238 2520
3239 2519
3240 2519
3241 2516
3242 2524
3243 2524
3244 2516
3245 2515
3246 2523
3247 2526
3248 2521
3249 2526
3250 2514
3251 2522
3252 2515
3253 2520
3254 2514
3255 2519
3256 2525
3257 2515
3258 2522
3259 2521
3260 2521
3261 2520
3262 2521
3263 2514
3264 2521
3265 2520
3266 2520
3267 2519
3268 2522
3269 2522
3270 2517
3271 2520
3272 2513
3273 2520
3274 2513
3275 2523
3276 2522
3277 2522
3278 2525
3279 2522
3280 2523
3281 2523
3282 2522
3283 2521
3284 2513
3285 2513
3286 2520
3287 2523
3288 2517
3289 2521
3290 2520
3291 2525
3292 2513
3293 2522
3294 2524
3295 2513
3296 2524
3297 2524
3298 2524
3299 2523
3300 2523
3301 2524
3302 2527
3303 2525
3304 2524
3305 2514
3306 2515
3307 2515
3308 2520
3309 2522
3310 2522
3311 2513
3312 2525
3313 2522
3314 2520
3315 2524
3316 2516
3317 2522
3318 2520
3319 2514
3320 2523
3321 2524
3322 2525
3323 2522
3324 2523
3325 2528
3326 2523
3327 2523
3328 2523
3329 2514
3330 2519
3331 2523
3332 2528
3333 2528
3334 2524
3335 2514
3336 2514
3337 2520
3338 2525
3339 2516
3340 2526
3341 2524
3342 2527
3343 2524
3344 2527
3345 2514
3346 2523
3347 2518
3348 2528
3349 2526
3350 2525
3351 2517
3352 2522
3353 2522
3354 2521
3355 2517
3356 2525
3357 2524
3358 2523
3359 2517
3360 2520
3361 2522
3362 2526
3363 2523
3364 2513
3365 2521
3366 2521
3367 2521
3368 2519
3369 2520
3370 2519
3371 2512
3372 2515
3373 2517
3374 2526
3375 2523
3376 2514
3377 2512
3378 2512
3379 2519
3380 2519
3381 2519
3382 2519
3383 2518
3384 2522
3385 2521
3386 2519
3387 2512
3388 2519
3389 2516
3390 2521
3391 2520
3392 2520
3393 2519
3394 2525
3395 2521
3396 2513
3397 2521
3398 2520
3399 2524
3400 2522
3401 2516
3402 2518
3403 2518
3404 2519
3405 2518
3406 2522
3407 2518
3408 2513
3409 2513
3410 2517
3411 2513
3412 2513
3413 2523
3414 2515
3415 2517
3416 2522
3417 2509
3418 2514
3419 2521
3420 2516
3421 2511
3422 2509
3423 2522
3424 2509
3425 2514
3426 2516
3427 2517
3428 2508
3429 2508
3430 2522
3431 2522
3432 2508
3433 2518
3434 2518
3435 2522
3436 2517
3437 2521
3438 2516
3439 2520
3440 2514
3441 2515
3442 2515
3443 2513
3444 2507
3445 2514
3446 2513
3447 2514
3448 2513
3449 2513
3450 2512
3451 2513
3452 2512
3453 2509
3454 2510
3455 2514
3456 2513
3457 2515
3458 2514
3459 2514
3460 2515
3461 2513
3462 2513
3463 2512
3464 2513
3465 2509
3466 2513
3467 2517
3468 2516
3469 2520
3470 2513
3471 2512
3472 2514
3473 2513
3474 2514
3475 2513
3476 2514
3477 2509
3478 2513
3479 2512
3480 2511
3481 2510
3482 2513
3483 2510
3484 2511
3485 2512
3486 2512
3487 2517
3488 2512
3489 2511
3490 2512
3491 2512
3492 2512
3493 2510
3494 2505
3495 2513
3496 2511
3497 2511
3498 2504
3499 2512
3500 2513
3501 2512
3502 2512
3503 2511
3504 2511
3505 2511
3506 2510
3507 2510
3508 9999
3509 2511
3510 2510
3511 2510
3512 9999
3513 9999
3514 2504
3515 2511
3516 2510
3517 2508
3518 9999
3519 2511
3520 2510
3521 2505
3522 2511
3523 2507
3524 2505
3525 2512
3526 2508
3527 2512
3528 2512
3529 2510
3530 9999
3531 2511
3532 2514
3533 2511
3992 9999
3993 2520
3994 2519
3995 2520
3996 9999
3997 9999
3998 2521
3999 2521
4000 2522
4001 2522
4002 2522
4003 2519
4004 2525
4005 2521
4006 2520
4007 2521
4008 2521
4009 2522
4010 2522
4011 2524
4012 2520
4013 2522
4014 9999
4015 9999
4016 2522
4017 2522
4018 2527
4019 2524
4020 2525
4021 2523
4022 2523
4023 2522
4024 2522
4025 2523
4026 2524
4027 2525
4028 2515
4029 2523
4030 2524
4031 2523
4032 2524
4033 2527
4034 2518
4035 2522
4036 2521
4037 2522
4038 2523
4039 2524
4040 2525
4041 2525
4042 2524
4043 2523
4044 2523
4045 2525
4046 2526
4047 2523
4048 2523
4049 2525
4050 2525
4051 2524
4052 2524
4053 2521
4054 2515
4055 2521
4056 2522
4057 2523
4058 2523
4059 2528
4060 2525
4061 2524
4062 2523
4063 2525
4064 2524
4065 2528
4066 2525
4067 2525
4068 2521
4069 2526
4070 2524
4071 2517
4072 2525
4073 2523
4074 2525
4075 2525
4076 2523
4077 2522
4078 2523
4079 2524
4080 2523
4081 2523
4082 2523
4083 2523
4084 2522
4085 2524
4086 2522
4087 2522
4088 2524
4089 2522
4090 2522
4091 2523
4092 2523
4093 2523
4094 2523
4095 2523
4096 2524
4097 2527
4098 2523
4099 2525
4100 2524
4101 2523
4102 2525
4103 2523
4104 2520
4105 2524
4106 2527
4107 2527
4108 2517
4109 2528
4110 2524
4111 2518
4112 2524
4113 2532
4114 2518
4115 2527
4116 2524
4117 2529
4118 2524
4119 2525
4120 2525
4121 2525
4122 2525
4123 2525
4124 2526
4125 2526
4126 2526
4127 2526
4128 2527
4129 2527
4130 2526
4131 2526
4132 2527
4133 2526
4134 2527
4135 2527
4136 2527
4137 2526
4138 2527
4139 2528
4140 2528
4141 2527
4142 2527
4143 2527
4144 2532
4145 2528
4146 2528
4147 2529
4148 2528
4149 2528
4150 2528
4151 2529
4152 2529
4153 2530
4154 2531
4155 2530
4156 2529
4157 2532
4158 2530
4159 2528
4160 2528
4161 2530
4162 2530
4163 2528
4164 2536
4165 2536
4166 2524
4167 2537
4168 2531
4169 2523
4170 2531
4171 2529
4172 2530
4173 2529
4174 2533
4175 2532
4176 2538
4177 2530
4178 2535
4179 2532
4180 2526
4181 2525
4182 2526
4183 2532
4184 2535
4185 2529
4186 2527
4187 2528
4188 2525
4189 2532
4190 2533
4191 2540
4192 2540
4193 2534
4194 2535
4195 2534
4196 2532
4197 2533
4198 2531
4199 2538
4200 2527
4201 2533
4202 2532
4203 2531
4204 2536
4205 2533
4206 2533
4207 2529
4208 2532
4209 2531
4210 2532
4211 2534
4212 2536
4213 2532
4214 2530
4215 2532
4216 2534
4217 2536
4218 2533
4219 2535
4220 2534
4221 2535
4222 2535
4223 2534
4224 2534
4225 2535
4226 2528
4227 2529
4228 2529
4229 2535
4230 2536
4231 2535
4232 2537
4233 2543
4234 2533
4235 2534
4236 2535
4237 2535
4238 2534
4239 2535
4240 2535
4241 2535
4242 2536
4243 2536
4244 2536
4245 2530
4246 2536
4247 2544
4248 2536
4249 2536
4250 2536
4251 2536
4252 2537
4253 2541
4254 2538
4255 2537
4256 2535
4257 2540
4258 2538
4259 2538
4260 2545
4261 2538
4262 2537
4263 2538
4264 2542
4265 2532
4266 2538
4267 2539
4268 2539
4269 2538
4270 2538
4271 2539
4272 2539
4273 2539
4274 2539
4275 2541
4276 2540
4277 2546
4278 2538
4279 2539
4280 2540
4281 2539
4282 2540
4283 2537
4284 2543
4285 2539
4286 2540
4287 2539
4288 2546
4289 2539
4290 2541
4291 2540
4292 2540
4293 2540
4294 2544
4295 2545
4296 2542
4297 2541
4298 2539
4299 2539
4300 2539
4301 2539
4302 2539
4303 2539
4304 2539
4305 2540
4306 2539
4307 2538
4308 2539
4309 2540
4310 2539
4311 2538
4312 2537
4313 2540
4314 2541
4315 2541
4316 2540
4317 2540
4318 2539
4319 2538
4320 2539
4321 2539
4322 2539
4323 2542
4324 2538
4325 2532
4326 2537
4327 2544
4328 2538
4329 2538
4330 2538
4331 2538
4332 2539
4333 2540
4334 2539
4335 2539
4336 2539
4337 2539
4338 2539
4339 2540
4340 2539
4341 2541
4342 2537
4343 2536
4344 2538
4345 2540
4346 2539
4347 2539
4348 2538
4349 2539
4350 2539
4351 2539
4352 2538
4353 2538
4354 2543
4355 2540
4356 2542
4357 2539
4358 2540
4359 2540
4360 2540
4361 2540
4362 2540
4363 2541
4364 2540
4365 2540
4366 2543
4367 2540
4368 2541
4369 2547
4370 2540
4371 2544
4372 2537
4373 2533
4374 2541
4375 2541
4376 2541
4377 2542
4378 2542
4379 2543
4380 2542
4381 2542
4382 2540
4383 2543
4384 2545
4385 2547
4386 2538
4387 2542
4388 2541
4389 2542
4390 2537
4391 2543
4392 2541
4393 2541
4394 2542
4395 2542
4396 2543
4397 2546
4398 2543
4399 2546
4400 2544
4401 2538
4402 2544
4403 2534
4404 2534
4405 2548
4406 2543
4407 2542
4408 2542
4409 2543
4410 2542
4411 2543
4412 2541
4413 2538
4414 2539
4415 2546
4416 2539
4417 2542
4418 2544
4419 2544
4420 2542
4421 2541
4422 2548
4423 2542
4424 2541
4425 2540
4426 2539
4427 2540
4428 2541
4429 2542
4430 2540
4431 2538
4432 2540
4433 2538
4434 2539
4435 2540
4436 2541
4437 2542
4438 2547
4439 2533
4440 2545
4441 2540
4442 2534
4443 2540
4444 2533
4445 2540
4446 2540
4447 2539
4448 2539
4449 2539
4450 2535
4451 2536
4452 2539
4453 2540
4454 2536
4455 2539
4456 2540
4457 2540
4458 2539
4459 2540
4460 2539
4461 2544
4462 2539
4463 2539
4464 2540
4465 2540
4466 2539
4467 2540
4468 2540
4469 2540
4470 2535
4471 2539
4472 2539
4473 2538
4474 2539
4475 2539
4476 2539
4477 2537
4478 2536
4479 2539
4480 2538
4481 2530
4482 2539
4483 2539
4484 2540
4485 2539
4486 2544
4487 2536
4488 2539
4489 2544
4490 2544
4491 2539
4492 2538
4493 2531
4494 2542
4495 2544
4496 2535
4497 2540
4498 2539
4499 2539
4500 2531
4501 2540
4502 2538
4503 2540
4504 2541
4505 2540
4506 2534
4507 2539
4508 2539
4509 2540
4510 2540
4511 2539
4512 2539
4513 2539
4514 2538
4515 2535
4516 2541
4517 2540
4518 2537
4519 2540
4520 2540
4521 2533
4522 2544
4523 2540
4524 2535
4525 2541
4526 2547

