2 2491
3 2492
4 2491
5 2491
6 2491
7 2490
8 2491
9 2490
10 2491
11 2491
12 2490
13 2491
14 2490
15 2490
16 2490
17 2490
18 2490
19 2490
20 2490
21 2490
22 2490
23 2490
24 2490
25 2490
26 2490
27 2490
28 2489
29 2490
30 2490
31 2490
32 2493
33 2489
34 2489
35 2489
36 2489
37 2488
38 2492
39 2489
40 2489
41 2489
42 2491
43 2492
44 2489
45 2489
46 2489
47 2489
48 2489
49 2489
50 2489
51 2489
52 2489
53 2490
54 2489
55 2489
56 2489
57 2489
58 2489
59 2489
60 2489
61 2490
62 2489
63 2489
64 2489
65 2489
66 2489
67 2488
68 2489
69 2489
70 2489
71 2489
72 2489
73 2489
74 2489
75 2489
76 2489
77 2490
78 2488
79 2489
80 2489
81 2489
82 2489
83 2489
84 2489
85 2490
86 2489
87 2489
88 2489
89 2489
90 2488
91 2489
92 2489
93 2489
94 2489
95 2489
96 2489
97 2489
98 2489
99 2489
100 2489
101 2489
102 2488
103 2489
104 2489
105 2489
106 2489
107 2489
108 2489
109 2489
110 2489
111 2488
112 2488
113 2488
114 2489
115 2487
116 2488
117 2489
118 2488
119 2488
120 2488
121 2488
122 2488
123 2488
124 2488
125 2488
126 2488
127 2488
128 2488
129 2488
130 2488
131 2488
132 2488
133 2488
134 2488
135 2488
136 2489
137 2489
138 2488
139 2488
140 2488
141 2488
142 2488
143 2488
144 2488
145 2488
146 2488
147 2488
148 2488
149 2488
150 2488
151 2488
152 2488
153 2488
154 2488
155 2488
156 2488
157 2488
158 2488
159 2488
160 2488
161 2488
162 2488
163 2488
164 2488
165 2488
166 2488
167 2488
168 2488
169 2488
170 2487
171 2487
172 2488
173 2488
174 2488
175 2488
176 2488
177 2488
178 2487
179 2487
180 2488
181 2488
182 2488
183 2487
184 2488
185 2488
186 2488
187 2488
188 2487
189 2488
190 2487
191 2488
192 2488
193 2488
194 2488
195 2488
196 2488
197 2487
198 2487
199 2488
200 2488
201 2488
202 2488
203 2488
204 2488
205 2488
206 2488
207 2488
208 2488
209 2488
210 2488
211 2488
212 2488
213 2488
214 2488
215 2488
216 2488
217 2487
218 2488
219 2487
220 2487
221 2487
222 2488
223 2488
224 2488
225 2488
226 2488
227 2488
228 2488
229 2488
230 2488
231 2488
232 2488
233 2488
234 2488
235 2488
236 2488
237 2488
238 2488
239 2488
240 2488
241 2488
242 2488
243 2488
244 2488
245 2488
246 2488
247 2488
248 2488
249 2488
250 2488
251 2488
252 2488
253 2488
254 2488
255 2488
256 2488
257 2488
258 2488
259 2488
260 2488
261 2488
262 2488
263 2488
264 2488
265 2488
266 2488
267 2488
268 2488
269 2489
270 2488
271 2489
272 2488
273 2489
274 2488
275 2488
276 2489
277 2489
278 2488
279 2488
280 2489
281 2488
282 2489
283 2488
284 2488
285 2488
286 2488
287 2488
288 2488
289 2488
290 2488
291 2489
292 2489
293 2488
294 2489
295 2489
296 2489
297 2488
298 2489
299 2489
300 2489
301 2488
302 2489
303 2489
304 2489
305 2489
306 2489
307 2489
308 2488
309 2489
310 2489
311 2489
312 2489
313 2494
314 2491
315 2489
316 2489
317 2488
318 2489
319 2489
320 2489
321 2489
322 2489
323 2489
324 2489
325 2489
326 2489
327 2489
328 2489
329 2489
330 2489
331 2489
332 2489
333 2489
334 2489
335 2489
336 2489
337 2489
338 2489
339 2489
340 2489
341 2489
342 2489
343 2489
344 2489
345 2489
346 2489
347 2489
348 2489
349 2489
350 2489
351 2490
352 2489
353 2489
354 2490
355 2490
356 2490
357 2490
358 2490
359 2490
360 2490
361 2490
362 2490
363 2490
364 2490
365 2490
366 2490
367 2490
368 2490
369 2490
370 2490
371 2490
372 2490
373 2490
374 2490
375 2490
376 2490
377 2490
378 2490
379 2490
380 2490
381 2490
382 2490
383 2490
384 2490
385 2490
386 2490
387 2490
388 2490
389 2490
390 2491
391 2493
392 2490
393 2490
394 2490
395 2490
396 2490
397 2490
398 2490
399 2490
400 2490
401 2490
402 2490
403 2490
404 2490
405 2490
406 2490
407 2490
408 2490
409 2490
410 2490
411 2491
412 2490
413 2490
414 2490
415 2491
416 2490
417 2490
418 2491
419 2490
420 2491
421 2491
422 2491
423 2491
424 2491
425 2495
426 2490
427 2491
428 2491
429 2491
430 2491
431 2491
432 2491
433 2491
434 2491
435 2491
436 2491
437 2491
438 2491
439 2491
440 2491
441 2491
442 2491
443 2491
444 2491
445 2491
446 2491
447 2491
448 2491
449 2491
450 2492
451 2491
452 2491
453 2492
454 2491
455 2492
456 2492
457 2492
458 2491
459 2491
460 2491
461 2490
462 2492
463 2491
464 2491
465 2492
466 2491
467 2492
468 2491
469 2491
470 2491
471 2492
472 2491
473 2492
474 2492
475 2492
476 2492
477 2492
478 2494
479 2492
480 2493
481 2492
482 2492
483 2492
484 2492
485 2492
486 2492
487 2492
488 2492
489 2492
490 2492
491 2492
492 2492
493 2492
494 2492
495 2492
496 2492
497 2492
498 2492
499 2492
500 2492
501 2492
502 2492
503 2492
504 2492
505 2492
506 2492
507 2492
508 2492
509 2492
510 2492
511 2492
512 2492
513 2492
514 2492
515 2492
516 2492
517 2492
518 2492
519 2492
520 2492
521 2492
522 2491
523 2492
524 2492
525 2492
526 2492
527 2492
528 2492
529 2492
530 2492
531 2491
532 2491
533 2492
534 2492
535 2492
536 2492
537 2492
538 2492
539 2492
540 2492
541 2491
542 2491
543 2491
544 2491
545 2491
546 2491
547 2491
548 2491
549 2492
550 2491
551 2491
552 2492
553 2491
554 2492
555 2491
556 2491
557 2492
558 2492
559 2492
560 2492
561 2492
562 2492
563 2492
564 2492
565 2492
566 2492
567 2492
568 2492
569 2492
570 2492
571 2492
572 2492
573 2492
574 2492
575 2492
576 2492
577 2492
578 2492
579 2492
580 2492
581 2492
582 2492
583 2492
584 2492
585 2492
586 2492
587 2492
588 2492
589 2492
590 2492
591 2492
592 2492
593 2492
594 2492
595 2492
596 2492
597 2492
598 2492
599 2492
600 2492
601 2492
602 2492
603 2492
604 2492
605 2492
606 2492
607 2492
608 2492
609 2492
610 2492
611 2492
612 2492
613 2492
614 2492
615 2492
616 2492
617 2492
618 2492
619 2492
620 2492
621 2492
622 2492
623 2492
624 2492
625 2492
626 2492
627 2492
628 2492
629 2492
630 2492
631 2492
632 2492
633 2491
634 2491
635 2492
636 2492
637 2492
638 2492
639 2492
640 2492
641 2492
642 2492
643 2492
644 2492
645 2492
646 2492
647 2492
648 2492
649 2492
650 2492
651 2492
652 2491
653 2496
654 2492
655 2492
656 2492
657 2492
658 2492
659 2492
660 2492
661 2492
662 2492
663 2492
664 2492
665 2492
666 2492
667 2492
668 2492
669 2492
670 2492
671 2492
672 2492
673 2492
674 2492
675 2492
676 2491
677 2492
678 2491
679 2492
680 2492
681 2492
682 2494
683 2492
684 2491
685 2491
686 2491
687 2492
688 2492
689 2491
690 2491
691 2492
692 2492
693 2492
694 2492
695 2491
696 2492
697 2491
698 2492
699 2491
700 2491
701 2491
702 2492
703 2492
704 2492
705 2491
706 2492
707 2491
708 2491
709 2491
710 2491
711 2491
712 2491
713 2491
714 2491
715 2491
716 2491
717 2491
718 2490
719 2491
720 2491
721 2491
722 2491
723 2492
724 2491
725 2491
726 2491
727 2491
728 2491
729 2494
730 2491
731 2491
732 2491
733 2491
734 2491
735 2491
736 2491
737 2491
738 2491
739 2491
740 2491
741 2491
742 2491
743 2491
744 2491
745 2491
746 2491
747 2491
748 2491
749 2491
750 2490
751 2495
752 2492
753 2491
754 2491
755 2491
756 2491
757 2491
758 2491
759 2491
760 2491
761 2491
762 2491
763 2491
764 2491
765 2491
766 2491
767 2491
768 2491
769 2490
770 2490
771 2490
772 2490
773 2490
774 2490
775 2491
776 2490
777 2490
778 2491
779 2491
780 2490
781 2490
782 2491
783 2491
784 2491
785 2490
786 2491
787 2491
788 2491
789 2491
790 2491
791 2490
792 2491
793 2491
794 2491
795 2491
796 2491
797 2491
798 2491
799 2491
800 2491
801 2491
802 2491
803 2491
804 2491
805 2491
806 2491
807 2491
808 2491
809 2491
810 2491
811 2491
812 2491
813 2491
814 2491
815 2491
816 2491
817 2491
818 2491
819 2491
820 2491
821 2491
822 2491
823 2491
824 2491
825 2491
826 2491
827 2491
828 2491
829 2491
830 2491
831 2491
832 2491
833 2491
834 2491
835 2491
836 2491
837 2491
838 2491
839 2491
840 2491
841 2491
842 2491
843 2491
844 2491
845 2491
846 2491
847 2491
848 2491
849 2491
850 2491
851 2491
852 2492
853 2492
854 2492
855 2492
856 2492
857 2492
858 2492
859 2492
860 2492
861 2492
862 2492
863 2492
864 2492
865 2492
866 2492
867 2492
868 2492
869 2492
870 2492
871 2492
872 2492
873 2492
874 2492
875 2491
876 2492
877 2491
878 2491
879 2491
880 2491
881 2491
882 2491
883 2491
884 2491
885 2491
886 2491
887 2491
888 2491
889 2491
890 2491
891 2491
892 2491
893 2491
894 2491
895 2491
896 2491
897 2491
898 2491
899 2491
900 2491
901 2491
902 2491
903 2491
904 2491
905 2491
906 2490
907 2490
908 2490
909 2491
910 2490
911 2490
912 2490
913 2490
914 2490
915 2490
916 2490
917 2490
918 2490
919 2490
920 2490
921 2490
922 2490
923 2490
924 2490
925 2490
926 2490
927 2490
928 2490
929 2490
930 2490
931 2490
932 2490
933 2490
934 2490
935 2490
936 2490
937 2490
938 2490
939 2490
940 2490
941 2490
942 2490
943 2490
944 2490
945 2490
946 2490
947 2490
948 2490
949 2490
950 2490
951 2490
952 2490
953 2490
954 2489
955 2490
956 2490
957 2490
958 2489
959 2489
960 2489
961 2489
962 2489
963 2489
964 2489
965 2489
966 2489
967 2489
968 2489
969 2489
970 2489
971 2489
972 2489
973 2489
974 2489
975 2489
976 2489
977 2489
978 2489
979 2489
980 2489
981 2489
982 2489
983 2489
984 2489
985 2489
986 2489
987 2489
988 2489
989 2489
990 2489
991 2489
992 2489
993 2489
994 2489
995 2489
996 2489
997 2489
998 2489
999 2489
1000 2489
1001 2488
1002 2489
1003 2488
1004 2488
1005 2488
1006 2488
1007 2488
1008 2488
1009 2488
1010 2488
1011 2488
1012 2488
1013 2488
1014 2488
1015 2488
1016 2488
1017 2488
1018 2488
1019 2488
1020 2488
1021 2488
1022 2488
1023 2488
1024 2488
1025 2488
1026 2488
1027 2488
1028 2488
1029 2488
1030 2488
1031 2488
1032 2488
1033 2488
1034 2488
1035 2488
1036 2487
1037 2487
1038 2487
1039 2487
1040 2487
1041 2487
1042 2487
1043 2488
1044 2487
1045 2487
1046 2487
1047 2487
1048 2487
1049 2487
1050 2487
1051 2487
1052 2487
1053 2487
1054 2487
1055 2487
1056 2487
1057 2487
1058 2486
1059 2487
1060 2487
1061 2487
1062 2486
1063 2488
1064 2487
1065 2487
1066 2487
1067 2487
1068 2487
1069 2486
1070 2486
1071 2486
1072 2486
1073 2486
1074 2486
1075 2486
1076 2486
1077 2486
1078 2486
1079 2486
1080 2486
1081 2487
1082 2486
1083 2486
1084 2485
1085 2486
1086 2486
1087 2486
1088 2485
1089 2485
1090 2486
1091 2485
1092 2486
1093 2485
1094 2486
1095 2486
1096 2485
1097 2486
1098 2486
1099 2485
1100 2485
1101 2485
1102 2485
1103 2485
1104 2485
1105 2485
1106 2485
1107 2485
1108 2485
1109 2485
1110 2485
1111 2485
1112 2485
1113 2485
1114 2485
1115 2485
1116 2485
1117 2485
1118 2484
1119 2485
1120 2485
1121 2485
1122 2485
1123 2485
1124 2485
1125 2485
1126 2485
1127 2485
1128 2485
1129 2485
1130 2484
1131 2484
1132 2484
1133 2484
1134 2483
1135 2483
1136 2484
1137 2484
1138 2483
1139 2487
1140 2483
1141 2482
1142 2482
1143 2482
1144 2482
1145 2482
1146 2482
1147 2482
1148 2481
1149 2481
1150 2482
1151 2482
1152 2482
1153 2481
1154 2481
1155 2480
1156 2480
1157 2480
1158 2482
1159 2483
1160 2482
1161 2481
1162 2480
1163 2479
1164 2479
1165 2478
1166 2478
1167 2478
1168 2477
1169 2477
1170 2477
1171 2477
1172 2477
1173 2477
1174 2477
1175 2476
1176 2477
1177 2477
1178 2477
1179 2476
1180 2480
1181 2476
1182 2476
1183 2477
1184 2482
1185 2477
1186 2477
1187 2481
1188 2477
1189 2477
1190 2477
1191 2478
1192 2478
1193 2478
1194 2479
1195 2478
1196 2479
1197 2479
1198 2479
1199 2479
1200 2479
1201 2479
1202 2479
1203 2478
1204 2478
1205 2478
1206 2480
1207 2478
1208 2476
1209 2476
1210 2479
1211 2475
1212 2476
1213 2480
1214 2478
1215 2476
1216 2476
1217 2476
1218 2476
1219 2476
1220 2475
1221 2475
1222 2474
1223 2474
1224 2474
1225 2475
1226 2474
1227 2477
1228 2474
1229 2474
1230 2474
1231 2474
1232 2473
1233 2474
1234 2474
1235 2474
1236 2474
1237 2474
1238 2473
1239 2473
1240 2473
1241 2473
1242 2473
1243 2474
1244 2473
1245 2474
1246 2474
1247 2474
1248 2474
1249 2474
1250 2474
1251 2474
1252 2474
1253 2474
1254 2474
1255 2474
1256 2474
1257 2475
1258 2474
1259 2474
1260 2478
1261 2474
1262 2474
1263 2474
1264 2474
1265 2474
1266 2475
1267 2475
1268 2475
1269 2473
1270 2473
1271 2472
1272 2472
1273 2473
1274 2476
1275 2472
1276 2472
1277 2471
1278 2472
1279 2472
1280 2471
1281 2472
1282 2471
1283 2472
1284 2472
1285 2471
1286 2472
1287 2471
1288 2471
1289 2472
1290 2472
1291 2471
1292 2471
1293 2471
1294 2471
1295 2471
1296 2471
1297 2471
1298 2471
1299 2471
1300 2471
1301 2471
1302 2471
1303 2471
1304 2471
1305 2471
1306 2471
1307 2470
1308 2471
1309 2471
1310 2471
1311 2471
1312 2470
1313 2471
1314 2470
1315 2470
1316 2470
1317 2470
1318 2470
1319 2469
1320 2470
1321 2470
1322 2470
1323 2470
1324 2470
1325 2470
1326 2470
1327 2470
1328 2470
1329 2470
1330 2470
1331 2470
1332 2470
1333 2470
1334 2470
1335 2470
1336 2470
1337 2469
1338 2470
1339 2470
1340 2469
1341 2469
1342 2469
1343 2469
1344 2469
1345 2469
1346 2469
1347 2469
1348 2469
1349 2469
1350 2469
1351 2469
1352 2469
1353 2469
1354 2469
1355 2469
1356 2469
1357 2469
1358 2469
1359 2469
1360 2468
1361 2469
1362 2469
1363 2469
1364 2469
1365 2468
1366 2468
1367 2468
1368 2468
1369 2468
1370 2468
1371 2468
1372 2468
1373 2468
1374 2468
1375 2468
1376 2468
1377 2468
1378 2468
1379 2468
1380 2468
1381 2468
1382 2467
1383 2468
1384 2468
1385 2467
1386 2468
1387 2467
1388 2468
1389 2468
1390 2467
1391 2467
1392 2467
1393 2467
1394 2468
1395 2467
1396 2467
1397 2467
1398 2468
1399 2467
1400 2467
1401 2467
1402 2467
1403 2467
1404 2467
1405 2467
1406 2467
1407 2467
1408 2467
1409 2467
1410 2468
1411 2467
1412 2467
1413 2467
1414 2467
1415 2467
1416 2467
1417 2467
1418 2467
1419 2467
1420 2467
1421 2467
1422 2467
1423 2467
1424 2467
1425 2467
1426 2467
1427 2467
1428 2467
1429 2467
1430 2467
1431 2467
1432 2467
1433 2467
1434 2467
1435 2467
1436 2466
1437 2466
1438 2466
1439 2466
1440 2466
1441 2466
1442 2466
1443 2466
1444 2466
1445 2466
1446 2466
1447 2466
1448 2466
1449 2466
1450 2466
1451 2466
1452 2466
1453 2466
1454 2466
1455 2466
1456 2466
1457 2466
1458 2466
1459 2466
1460 2466
1461 2466
1462 2466
1463 2466
1464 2466
1465 2466
1466 2466
1467 2466
1468 2466
1469 2466
1470 2466
1471 2466
1472 2465
1473 2465
1474 2465
1475 2465
1476 2465
1477 2465
1478 2465
1479 2466
1480 2466
1481 2465
1482 2465
1483 2465
1484 2465
1485 2465
1486 2465
1487 2465
1488 2465
1489 2465
1490 2465
1491 2465
1492 2465
1493 2465
1494 2465
1495 2465
1496 2465
1497 2465
1498 2465
1499 2465
1500 2465
1501 2465
1502 2465
1503 2465
1504 2465
1505 2465
1506 2465
1507 2465
1508 2465
1509 2465
1510 2465
1511 2465
1512 2465
1513 2465
1514 2465
1515 2465
1516 2465
1517 2465
1518 2464
1519 2465
1520 2464
1521 2464
1522 2465
1523 2465
1524 2465
1525 2464
1526 2464
1527 2464
1528 2464
1529 2464
1530 2464
1531 2464
1532 2464
1533 2464
1534 2464
1535 2464
1536 2464
1537 2464
1538 2464
1539 2464
1540 2464
1541 2464
1542 2464
1543 2464
1544 2464
1545 2464
1546 2464
1547 2464
1548 2464
1549 2464
1550 2464
1551 2464
1552 2464
1553 2464
1554 2464
1555 2464
1556 2464
1557 2464
1558 2464
1559 2463
1560 2464
1561 2463
1562 2464
1563 2464
1564 2464
1565 2463
1566 2464
1567 2464
1568 2464
1569 2463
1570 2463
1571 2464
1572 2463
1573 2463
1574 2463
1575 2463
1576 2463
1577 2463
1578 2463
1579 2464
1580 2463
1581 2463
1582 2463
1583 2463
1584 2463
1585 2463
1586 2463
1587 2463
1588 2463
1589 2463
1590 2462
1591 2462
1592 2462
1593 2462
1594 2462
1595 2462
1596 2462
1597 2462
1598 2462
1599 2462
1600 2462
1601 2462
1602 2462
1603 2462
1604 2462
1605 2462
1606 2461
1607 2462
1608 2462
1609 2462
1610 2462
1611 2462
1612 2461
1613 2462
1614 2461
1615 2461
1616 2462
1617 2461
1618 2461
1619 2461
1620 2461
1621 2461
1622 2461
1623 2461
1624 2461
1625 2461
1626 2461
1627 2460
1628 2461
1629 2460
1630 2461
1631 2461
1632 2461
1633 2460
1634 2460
1635 2460
1636 2460
1637 2460
1638 2461
1639 2461
1640 2461
1641 2460
1642 2460
1643 2460
1644 2460
1645 2460
1646 2460
1647 2460
1648 2460
1649 2460
1650 2460
1651 2460
1652 2460
1653 2460
1654 2460
1655 2460
1656 2461
1657 2460
1658 2460
1659 2460
1660 2460
1661 2460
1662 2459
1663 2460
1664 2460
1665 2460
1666 2460
1667 2460
1668 2460
1669 2460
1670 2460
1671 2460
1672 2460
1673 2460
1674 2461
1675 2462
1676 2462
1677 2462
1678 2462
1679 2462
1680 2462
1681 2463
1682 2463
1683 2464
1684 2464
1685 2464
1686 2463
1687 2464
1688 2463
1689 2464
1690 2464
1691 2464
1692 2463
1693 2463
1694 2463
1695 2463
1696 2463
1697 2463
1698 2462
1699 2462
1700 2462
1701 2462
1702 2462
1703 2462
1704 2462
1705 2462
1706 2462
1707 2461
1708 2461
1709 2461
1710 2461
1711 2461
1712 2461
1713 2460
1714 2462
1715 2460
1716 2460
1717 2460
1718 2460
1719 2460
1720 2460
1721 2460
1722 2460
1723 2460
1724 2460
1725 2459
1726 2459
1727 2459
1728 2459
1729 2459
1730 2459
1731 2459
1732 2459
1733 2458
1734 2458
1735 2458
1736 2458
1737 2458
1738 2458
1739 2457
1740 2457
1741 2457
1742 2457
1743 2457
1744 2456
1745 2456
1746 2457
1747 2455
1748 2456
1749 2456
1750 2456
1751 2456
1752 2456
1753 2456
1754 2455
1755 2455
1756 2455
1757 2455
1758 2455
1759 2455
1760 2455
1761 2455
1762 2454
1763 2455
1764 2455
1765 2454
1766 2454
1767 2454
1768 2454
1769 2454
1770 2454
1771 2454
1772 2455
1773 2454
1774 2454
1775 2454
1776 2454
1777 2453
1778 2453
1779 2453
1780 2453
1781 2454
1782 2454
1783 2452
1784 2452
1785 2452
1786 2452
1787 2452
1788 2451
1789 2452
1790 2452
1791 2452
1792 2451
1793 2451
1794 2451
1795 2451
1796 2451
1797 2451
1798 2451
1799 2451
1800 2451
1801 2450
1802 2450
1803 2450
1804 2450
1805 2450
1806 2450
1807 2450
1808 2449
1809 2450
1810 2450
1811 2450
1812 2449
1813 2449
1814 2449
1815 2449
1816 2449
1817 2449
1818 2449
1819 2449
1820 2449
1821 2449
1822 2449
1823 2449
1824 2449
1825 2448
1826 2448
1827 2449
1828 2448
1829 2448
1830 2448
1831 2448
1832 2447
1833 2447
1834 2448
1835 2447
1836 2447
1837 2448
1838 2448
1839 2447
1840 2447
1841 2447
1842 2447
1843 2447
1844 2447
1845 2447
1846 2449
1847 2447
1848 2447
1849 2447
1850 2447
1851 2447
1852 2447
1853 2447
1854 2447
1855 2447
1856 2447
1857 2446
1858 2446
1859 2446
1860 2446
1861 2446
1862 2446
1863 2447
1864 2447
1865 2447
1866 2447
1867 2447
1868 2446
1869 2446
1870 2447
1871 2447
1872 2447
1873 2447
1874 2446
1875 2447
1876 2447
1877 2446
1878 2446
1879 2447
1880 2447
1881 2446
1882 2446
1883 2446
1884 2447
1885 2451
1886 2446
1887 2447
1888 2447
1889 2447
1890 2447
1891 2447
1892 2446
1893 2447
1894 2447
1895 2446
1896 2446
1897 2446
1898 2446
1899 2446
1900 2447
1901 2447
1902 2447
1903 2447
1904 2447
1905 2448
1906 2447
1907 2447
1908 2448
1909 2448
1910 2448
1911 2447
1912 2448
1913 2448
1914 2448
1915 2448
1916 2448
1917 2447
1918 2448
1919 2447
1920 2447
1921 2448
1922 2448
1923 2447
1924 2447
1925 2447
1926 2446
1927 2447
1928 2447
1929 2446
1930 2446
1931 2446
1932 2446
1933 2446
1934 2446
1935 2446
1936 2446
1937 2446
1938 2446
1939 2446
1940 2446
1941 2446
1942 2446
1943 2446
1944 2445
1945 2445
1946 2445
1947 2445
1948 2445
1949 2445
1950 2445
1951 2444
1952 2444
1953 2445
1954 2444
1955 2444
1956 2444
1957 2445
1958 2444
1959 2444
1960 2444
1961 2444
1962 2444
1963 2444
1964 2444
1965 2444
1966 2444
1967 2444
1968 2444
1969 2443
1970 2444
1971 2443
1972 2443
1973 2444
1974 2443
1975 2443
1976 2444
1977 2443
1978 2443
1979 2443
1980 2443
1981 2443
1982 2444
1983 2443
1984 2443
1985 2442
1986 2442
1987 2450
1988 2442
1989 2443
1990 2443
1991 2443
1992 2443
1993 2443
1994 2447
1995 2445
1996 2442
1997 2442
1998 2443
1999 2442
2000 2442
2001 2446
2002 2446
2003 2444
2004 2443
2005 2443
2006 2443
2007 2443
2008 2443
2009 2443
2010 2442
2011 2443
2012 2442
2013 2442
2014 2442
2015 2442
2016 2442
2017 2442
2018 2442
2019 2442
2020 2442
2021 2442
2022 2442
2023 2442
2024 2442
2025 2442
2026 2442
2027 2442
2028 2443
2029 2442
2030 2442
2031 2442
2032 2442
2033 2442
2034 2442
2035 2441
2036 2441
2037 2442
2038 2442
2039 2442
2040 2442
2041 2442
2042 2442
2043 2442
2044 2442
2045 2442
2046 2441
2047 2441
2048 2441
2049 2441
2050 2441
2051 2441
2052 2441
2053 2441
2054 2441
2055 2442
2056 2441
2057 2442
2058 2441
2059 2441
2060 2441
2061 2442
2062 2442
2063 2442
2064 2442
2065 2442
2066 2442
2067 2444
2068 2442
2069 2441
2070 2442
2071 2441
2072 2442
2073 2441
2074 2442
2075 2441
2076 2441
2077 2441
2078 2441
2079 2441
2080 2441
2081 2441
2082 2441
2083 2441
2084 2441
2085 2443
2086 2441
2087 2440
2088 2441
2089 2441
2090 2441
2091 2441
2092 2440
2093 2441
2094 2440
2095 2440
2096 2440
2097 2440
2098 2440
2099 2440
2100 2440
2101 2440
2102 2439
2103 2439
2104 2439
2105 2440
2106 2440
2107 2440
2108 2440
2109 2440
2110 2439
2111 2439
2112 2439
2113 2438
2114 2439
2115 2439
2116 2439
2117 2438
2118 2441
2119 2443
2120 2444
2121 2439
2122 2442
2123 2441
2124 2441
2125 2441
2126 2441
2127 2441
2128 2441
2129 2441
2130 2442
2131 2442
2132 2443
2133 2443
2134 2442
2135 2441
2136 2442
2137 2444
2138 2442
2139 2441
2140 2441
2141 2442
2142 2441
2143 2441
2144 2440
2145 2441
2146 2440
2147 2441
2148 2441
2149 2441
2150 2441
2151 2440
2152 2442
2153 2441
2154 2441
2155 2441
2156 2440
2157 2440
2158 2440
2159 2442
2160 2439
2161 2440
2162 2440
2163 2441
2164 2442
2165 2442
2166 2441

513 2510
514 2510
515 2523
516 2516
517 2510
518 2518
519 2519
520 2515
521 2514
522 2517
523 2516
524 2519
525 2517
526 2514
527 2518
528 2519
529 2515
530 2518
531 2519
532 2513
533 2512
534 2513
535 2519
536 2524
537 2518
538 2516
539 2516
540 2514
541 2511
542 2518
543 2524
544 2518
545 2517
546 2518
547 2518
548 2518
549 2522
550 2517
551 2513
552 2514
553 2517
554 2514
555 2517
556 2515
557 2516
558 2510
559 2510
560 2516
561 2511
562 2513
563 2511
564 2520
565 2513
566 2515
567 2514
568 2515
569 2515
570 2509
571 2507
572 2510
573 2510
574 2506
575 2506
576 2505
577 2504
578 2508
579 9999
873 2516
874 2516
875 2516
876 2515
877 2514
878 2515
879 2515
880 2515
881 2514
882 2515
883 2515
884 2515
885 2515
886 2513
887 2514
888 2514
889 2515
890 2514
891 2514
892 2518
893 2514
894 2515
895 2514
896 2514
897 2514
898 2515
899 2514
900 2515
901 2514
902 2514
903 2514
904 2514
905 2515
906 2514
907 2514
908 2515
909 2519
910 2514
911 2514
912 2516
913 2514
914 2514
915 2514
916 2513
917 2514
918 2514
919 2514
920 2515
921 2510
922 2512
923 2514
924 2511
925 2518
926 2522
927 2515
928 2513
929 2511
930 2514
931 2514
932 2513
933 2515
934 2517
935 2515
936 2513
937 2515
938 2518
939 2514
940 2514
941 2518
942 2515
943 2514
944 2515
945 2514
946 2514
947 2523
948 2511
949 2517
950 2515
951 2515
952 2516
953 2519
954 2509
955 2517
956 2514
957 2516
958 2509
959 2510
960 2516
961 2514
962 2509
963 2515
964 2514
965 2515
966 2520
967 2520
968 2515
969 2515
970 2514
971 2515
972 2518
973 2513
974 2521
975 2516
976 2515
977 2516
978 2515
979 2516
980 2516
981 2516
982 2515
983 2516
984 2515
985 2515
986 2516
987 2516
988 2515
989 2516
990 2515
991 2519
992 2520
993 2515
994 2509
995 2516
996 2516
997 2515
998 2513
999 2510
1000 2516
1001 2515
1002 2515
1003 2516
1004 2515
1005 2515
1006 2515
1007 2515
1008 2515
1009 2516
1010 2513
1011 2516
1012 2512
1013 2524
1014 2514
1015 2513
1016 2516
1017 2511
1018 2523
1019 2512
1020 2510
1021 2510
1022 2517
1023 2511
1024 2519
1025 2520
1026 2516
1027 2516
1028 2524
1029 2523
1030 2516
1031 2512
1032 2518
1033 2515
1034 2520
1035 2511
1036 2513
1037 2511
1038 2515
1039 2514
1040 2515
1041 2515
1042 2510
1043 2514
1044 2514
1045 2514
1046 2519
1047 2510
1048 2513
1049 2518
1050 2518
1051 2514
1052 2515
1053 2519
1054 2509
1055 2519
1056 2512
1057 2513
1058 2522
1059 2511
1060 2513
1061 2519
1062 2518
1063 2513
1064 2514
1065 2522
1066 2513
1067 2509
1068 2513
1069 2518
1070 2511
1071 2512
1072 2513
1073 2513
1074 2510
1075 2512
1076 2518
1077 2517
1078 2513
1079 2507
1080 2513
1081 2515
1082 2514
1083 2521
1084 2521
1085 2513
1086 2514
1087 2507
1088 2521
1089 2519
1090 2517
1091 2519
1092 2520
1093 2520
1094 2507
1095 2514
1096 2513
1097 2507
1098 2515
1099 2507
1100 2511
1101 2510
1102 2514
1103 2516
1104 2521
1105 2517
1106 2517
1107 2513
1108 2512
1109 2519
1110 2511
1111 2519
1112 2508
1113 2509
1114 2513
1115 2515
1116 2517
1117 2512
1118 2513
1119 2515
1120 2515
1121 2519
1122 2512
1123 2519
1124 2514
1125 2514
1126 2510
1127 2515
1128 2515
1129 2515
1130 2515
1131 2515
1132 2514
1133 2516
1134 2515
1135 2515
1136 2514
1137 2515
1138 2515
1139 2511
1140 2514
1141 2524
1142 2521
1143 2514
1144 2516
1145 2513
1146 2522
1147 2513
1148 2521
1149 2513
1150 2519
1151 2522
1152 2520
1153 2517
1154 2516
1155 2516
1156 2518
1157 2526
1158 2528
1159 2518
1160 2522
1161 2522
1162 2526
1163 2516
1164 2518
1165 2526
1166 2523
1167 2516
1168 2522
1169 2527
1170 2516
1171 2523
1172 2524
1173 2530
1174 2524
1175 2524
1176 2520
1177 2526
1178 2517
1179 2517
1180 2530
1455 2501
1456 2506
1457 2501
1458 2501
1459 2502
1460 2504
1461 2501
1462 2503
1463 2502
1464 2501
1465 2501
1466 2501
1467 2500
1468 2500
1469 2500
1470 2499
1471 2499
1472 2499
1473 2500
1474 2500
1475 2499
1476 2500
1477 2501
1478 2502
1479 2498
1480 2499
1481 2500
1482 2500
1483 2500
1484 2499
1485 2498
1486 2499
1487 2499
1488 2502
1489 2502
1490 2496
1491 2497
1492 2498
1493 2498
1494 2496
1495 2496
1496 2499
1497 2502
1498 2505
1499 2495
1500 2496
1501 2504
1502 2497
1503 2496
1504 2505
1505 2497
1506 2492
1507 2497
1508 2496
1509 2496
1510 2497
1511 2496
1512 2492
1513 2496
1514 2492
1515 2500
1516 2496
1517 2495
1518 2496
1519 2496
1520 2489
1521 2500
1522 2500
1523 2495
1524 2495
1525 2494
1526 2497
1527 2494
1528 2495
1529 2494
1530 2493
1531 2494
1532 2494
1533 2494
1534 2493
1535 2493
1536 2493
1537 2492
1538 2493
1539 2493
1540 2494
1541 2494
1542 2493
1543 2497
1544 2493
1545 2490
1546 2492
1547 2486
1548 2491
1549 2490
1550 2492
1551 2492
1552 2492
1553 2492
1554 2491
1555 2492
1556 2492
1557 2489
1558 2490
1559 2491
1560 2490
1561 2491
1562 2485
1563 2491
1564 2490
1565 2497
1566 2492
1567 2493
1568 2491
1569 2488
1570 2490
1571 2489
1572 2488
1573 2489
1574 2490
1575 2492
1576 2488
1577 2489
1578 2489
1579 2489
1580 2489
1581 2489
1582 2490
1583 2490
1584 2490
1585 2490
1586 2489
1587 2492
1588 2489
1589 2490
1590 2490
1591 2489
1592 2487
1593 2496
1594 2495
1595 2488
1596 2495
1597 2484
1598 2489
1599 2489
1600 2484
1601 2484
1602 2489
1603 2497
1604 2498
1605 2488
1606 2489
1607 2488
1608 2484
1609 2489
1610 2488
1611 2485
1612 2486
1613 2489
1614 2491
1615 2484
1616 2484
1617 2484
1618 2485
1619 2486
1620 2486
1621 2488
1622 2488
1623 2484
1624 2491
1625 2484
1626 2485
1627 2484
1628 2486
1629 2496
1630 2486
1631 2486
1632 2488
1633 2488
1634 2498
1635 2484
1636 2498
1637 2484
1638 2495
1639 2490
1640 2494
1641 2489
1642 2492
1643 2481
1644 2491
1645 2484
1646 2487
1647 2493
1648 2482
1649 2485
1650 2482
1651 2484
1652 2483
1653 2484
1654 2481
1655 2482
1656 2475
1657 2474
1658 2474
1659 2473
1660 2473
1661 2479
1662 2479
1663 2475
1664 2481
1665 2481

