2854 2509
2855 2512
2856 2508
2857 2508
2858 2508
2859 2508
2860 2508
2861 2518
2862 2509
2863 2508
2864 2508
2865 2508
2866 2508
2867 2508
2868 2508
2869 2508
2870 2512
2871 2507
2872 2508
2873 2508
2874 2511
2875 2508
2876 2509
2877 2509
2878 2510
2879 2511
2880 2511
2881 2512
2882 2512
2883 2511
2884 2511
2885 2511
2886 2513
2887 2509
2888 2510
2889 2509
2890 2510
2891 2514
2892 2509
2893 2509
2894 2509
2895 2510
2896 2509
2897 2515
2898 2510
2899 2513
2900 2513
2901 2513
2902 2509
2903 2517
2904 2514
2905 2514
2906 2518
2907 2515
2908 2515
2909 2515
2910 2513
2911 2510
2912 2510
2913 2510
2914 2510
2915 2519
2916 2510
2917 2508
2918 2507
2919 2507
2920 2507
2921 2508
2922 2509
2923 2509
2924 2508
2925 2508
2926 2509
2927 2509
2928 2509
2929 2512
2930 2509
2931 2509
2932 2509
2933 2509
2934 2508
2935 2508
2936 2509
2937 2511
2938 2509
2939 2508
2940 2509
2941 2509
2942 2509
2943 2508
2944 2509
2945 2509
2946 2509
2947 2509
2948 2509
2949 2509
2950 2509
2951 2510
2952 2510
2953 2509
2954 2509
2955 2509
2956 2510
2957 2510
2958 2510
2959 2511
2960 2511
2961 2511
2962 2511
2963 2510
2964 2510
2965 2511
2966 2512
2967 2509
2968 2516
2969 2510
2970 2510
2971 2509
2972 2510
2973 2509
2974 2509
2975 2509
2976 2510
2977 2510
2978 2510
2979 2510
2980 2511
2981 2510
2982 2510
2983 2510
2984 2510
2985 2510
2986 2510
2987 2510
2988 2510
2989 2510
2990 2510
2991 2509
2992 2510
2993 2509
2994 2509
2995 2509
2996 2508
2997 2509
2998 2509
2999 2508
3000 2509
3001 2508
3002 2509
3003 2508
3004 2509
3005 2508
3006 2513
3007 2509
3008 2513
3009 2509
3010 2510
3011 2510
3012 2511
3013 2511
3014 2512
3015 2511
3016 2509
3017 2508
3018 2513
3019 2508
3020 2508
3021 2509
3022 2508
3023 2513
3024 2509
3025 2509
3026 2509
3027 2508
3028 2508
3029 2509
3030 2516
3031 2518
3032 2509
3033 2508
3034 2508
3035 2513
3036 2508
3037 2508
3038 2509
3039 2509
3040 2508
3041 2510
3042 2515
3043 2509
3044 2513
3045 2510
3046 2509
3047 2509
3048 2514
3049 2509
3050 2509
3051 2509
3052 2513
3053 2511
3054 2509
3055 2509
3056 2509
3057 2509
3058 2513
3059 2509
3060 2510
3061 2510
3062 2510
3063 2510
3064 2511
3065 2510
3066 2511
3067 2510
3068 2510
3069 2510
3070 2510
3071 2508
3072 2509
3073 2511
3074 2509
3075 2509
3076 2508
3077 2508
3078 2514
3079 2510
3080 2512
3081 2511
3082 2510
3083 2510
3084 2510
3085 2510
3086 2510
3087 2510
3088 2510
3089 2510
3090 2510
3091 2510
3092 2510
3093 2510
3094 2510
3095 2510
3096 2510
3097 2510
3098 2510
3099 2509
3100 2510
3101 2509
3102 2510
3103 2510
3104 2509
3105 2510
3106 2509
3107 2509
3108 2509
3109 2510
3110 2510
3111 2509
3112 2509
3113 2509
3114 2508
3115 2507
3116 2508
3117 2508
3118 2509
3119 2508
3120 2511
3121 2508
3122 2507
3123 2508
3124 2508
3125 2508
3126 2509
3127 2509
3128 2509
3129 2509
3130 2509
3131 2509
3132 2508
3133 2509
3134 2509
3135 2509
3136 2509
3137 2509
3138 2512
3139 2508
3140 2507
3141 2507
3142 2507
3143 2508
3144 2509
3145 2509
3146 2508
3147 2509
3148 2508
3149 2508
3150 2508
3151 2508
3152 2508
3153 2508
3154 2508
3155 2508
3156 2508
3157 2508
3158 2508
3159 2508
3160 2509
3161 2509
3162 2508
3163 2508
3164 2508
3165 2509
3166 2512
3167 2513
3168 2512
3169 2509
3170 2509
3171 2508
3172 2509
3173 2508
3174 2509
3175 2509
3176 2509
3177 2507
3178 2512
3179 2507
3180 2508
3181 2507
3182 2507
3183 2507
3184 2508
3185 2510
3186 2508
3187 2507
3188 2508
3189 2507
3190 2508
3191 2508
3192 2508
3193 2508
3194 2508
3195 2508
3196 2508
3197 2508
3198 2507
3199 2508
3200 2507
3201 2507
3202 2507
3203 2507
3204 2511
3205 2514
3206 2508
3207 2507
3208 2508
3209 2507
3210 2507
3211 2507
3212 2507
3213 2508
3214 2508
3215 2508
3216 2508
3217 2507
3218 2508
3219 2507
3220 2507
3221 2507
3222 2508
3223 2508
3224 2508
3225 2507
3226 2507
3227 2507
3228 2508
3229 2508
3230 2508
3231 2508
3232 2508
3233 2508
3234 2508
3235 2508
3236 2507
3237 2508
3238 2507
3239 2507
3240 2507
3241 2507
3242 2520
3243 2510
3244 2510
3245 2508
3246 2507
3247 2507
3248 2507
3249 2510
3250 2506
3251 2507
3252 2507
3253 2511
3254 2507
3255 2507
3256 2506
3257 2507
3258 2506
3259 2510
3260 2506
3261 2507
3262 2506
3263 2506
3264 2506
3265 2506
3266 2505
3267 2505
3268 2506
3269 2505
3270 2505
3271 2506
3272 2505
3273 2505
3274 2506
3275 2505
3276 2505
3277 2505
3278 2505
3279 2506
3280 2508
3281 2505
3282 2505
3283 2505
3284 2505
3285 2504
3286 2505
3287 2504
3288 2506
3289 2505
3290 2505
3291 2505
3292 2505
3293 2505
3294 2505
3295 2505
3296 2505
3297 2505
3298 2505
3299 2505
3300 2504
3301 2508
3302 2504
3303 2507
3304 2504
3305 2508
3306 2508
3307 2504
3308 2507
3309 2504
3310 2503
3311 2503
3312 2504
3313 2504
3314 2504
3315 2504
3316 2504
3317 2503
3318 2504
3319 2503
3320 2503
3321 2508
3322 2504
3323 2504
3324 2504
3325 2503
3326 2504
3327 2504
3328 2504
3329 2504
3330 2503
3331 2503
3332 2503
3333 2504
3334 2503
3335 2504
3336 2503
3337 2503
3338 2504
3339 2503
3340 2503
3341 2503
3342 2503
3343 2503
3344 2503
3345 2503
3346 2503
3347 2502
3348 2502
3349 2502
3350 2502
3351 2502
3352 2503
3353 2502
3354 2502
3355 2502
3356 2503
3357 2502
3358 2506
3359 2502
3360 2507
3361 2508
3362 2506
3363 2504
3364 2503
3365 2502
3366 2499
3367 2498
3368 2499
3369 2504
3370 2500
3371 2499
3372 2515
3373 2498
3374 2496
3375 2496
3376 2498
3377 2498
3378 2499
3379 2496
3380 2497
3381 2505
3382 2498
3383 2499
3384 2500
3385 2499
3386 2501
3387 2507
3388 2504
3389 2506
3390 2502
3391 2502
3392 2502
3393 2502
3394 2502
3395 2501
3396 2502
3397 2501
3398 2502
3399 2501
3400 2502
3401 2502
3402 2502
3403 2502
3404 2501
3405 2502
3406 2502
3407 2501
3408 2501
3409 2502
3410 2502
3411 2502
3412 2503
3413 2503
3414 2503
3415 2503
3416 2502
3417 2501
3418 2502
3419 2503
3420 2501
3421 2502
3422 2502
3423 2502
3424 2501
3425 2502
3426 2505
3427 2502
3428 2502
3429 2501
3430 2502
3431 2500
3432 2500
3433 2504
3434 2503
3435 2501
3436 2501
3437 2501
3438 2501
3439 2503
3440 2504
3441 2502
3442 2502
3443 2501
3444 2502
3445 2510
3446 2511
3447 2501
3448 2501
3449 2501
3450 2502
3451 2502
3452 2501
3453 2502
3454 2501
3455 2501
3456 2501
3457 2501
3458 2501
3459 2501
3460 2505
3461 2501
3462 2501
3463 2501
3464 2501
3465 2504
3466 2501
3467 2502
3468 2502
3469 2501
3470 2501
3471 2505
3472 2502
3473 2502
3474 2502
3475 2502
3476 2503
3477 2501
3478 2501
3479 2506
3480 2500
3481 2500
3482 2499
3483 2500
3484 2500
3485 2499
3486 2499
3487 2499
3488 2499
3489 2508
3490 2497
3491 2499
3492 2499
3493 2498
3494 2501
3495 2501
3496 2500
3497 2502
3498 2498
3499 2498
3500 2498
3501 2499
3502 2500
3503 2501
3504 2500
3505 2499
3506 2502
3507 2501
3508 2501
3509 2501
3510 2501
3511 2501
3512 2501
3513 2500
3514 2500
3515 2500
3516 2500
3517 2500
3518 2500
3519 2501
3520 2501
3521 2501
3522 2501
3523 2500
3524 2501
3525 2500
3526 2500
3527 2500
3528 2500
3529 2501
3530 2500
3531 2500
3532 2500
3533 2504
3534 2500
3535 2500
3536 2499
3537 2500
3538 2501
3539 2501
3540 2500
3541 2500
3542 2502
3543 2501
3544 2501
3545 2501
3546 2501
3547 2500
3548 2501
3549 2501
3550 2501
3551 2501
3552 2501
3553 2501
3554 2501
3555 2500
3556 2501
3557 2502
3558 2500
3559 2501
3560 2501
3561 2501
3562 2501
3563 2501
3564 2501
3565 2501
3566 2501
3567 2501
3568 2501
3569 2501
3570 2501
3571 2501
3572 2501
3573 2501
3574 2501
3575 2501
3576 2501
3577 2501
3578 2501
3579 2502
3580 2502
3581 2501
3582 2501
3583 2501
3584 2501
3585 2501
3586 2501
3587 2501
3588 2501
3589 2501
3590 2501
3591 2501
3592 2501
3593 2501
3594 2501
3595 2501
3596 2501
3597 2501
3598 2501
3599 2501
3600 2501
3601 2501
3602 2501
3603 2501
3604 2501
3605 2501
3606 2501
3607 2501
3608 2501
3609 2501
3610 2501
3611 2501
3612 2501
3613 2501
3614 2501
3615 2501
3616 2501
3617 2501
3618 2501
3619 2501
3620 2501
3621 2501
3622 2501
3623 2501
3624 2501
3625 2501
3626 2501
3627 2501
3628 2501
3629 2501
3630 2501
3631 2501
3632 2501
3633 2501
3634 2501
3635 2500
3636 2500
3637 2500
3638 2500
3639 2500
3640 2501
3641 2500
3642 2501
3643 2501
3644 2500
3645 2501
3646 2500
3647 2500
3648 2500
3649 2500
3650 2500
3651 2500
3652 2500
3653 2500
3654 2499
3655 2500
3656 2500
3657 2500
3658 2500
3659 2500
3660 2500
3661 2500
3662 2500
3663 2500
3664 2500
3665 2500
3666 2500
3667 2500
3668 2500
3669 2499
3670 2500
3671 2500
3672 2500
3673 2499
3674 2499
3675 2499
3676 2499
3677 2499
3678 2498
3679 2499
3680 2499
3681 2498
3682 2498
3683 2498
3684 2498
3685 2498
3686 2498
3687 2498
3688 2498
3689 2498
3690 2498
3691 2498
3692 2498
3693 2498
3694 2498
3695 2498
3696 2498
3697 2498
3698 2498
3699 2498
3700 2498
3701 2498
3702 2498
3703 2498
3704 2498
3705 2498
3706 2498
3707 2498
3708 2498
3709 2497
3710 2498
3711 2498
3712 2498
3713 2498
3714 2497
3715 2498
3716 2498
3717 2497
3718 2497
3719 2497
3720 2497
3721 2498
3722 2498
3723 2497
3724 2497
3725 2497
3726 2497
3727 2497
3728 2497
3729 2497
3730 2498
3731 2497
3732 2497
3733 2497
3734 2497
3735 2497
3736 2497
3737 2497
3738 2497
3739 2497
3740 2496
3741 2496
3742 2496
3743 2497
3744 2497
3745 2496
3746 2502
3747 2496
3748 2496
3749 2496
3750 2496
3751 2496
3752 2496
3753 2496
3754 2496
3755 2496
3756 2495
3757 2496
3758 2496
3759 2496
3760 2496
3761 2496
3762 2496
3763 2496
3764 2496
3765 2496
3766 2496
3767 2496
3768 2496
3769 2496
3770 2496
3771 2496
3772 2496
3773 2496
3774 2496
3775 2496
3776 2496
3777 2496
3778 2496
3779 2496
3780 2495
3781 2496
3782 2496
3783 2496
3784 2496
3785 2496
3786 2496
3787 2496
3788 2496
3789 2496
3790 2496
3791 2496
3792 2496
3793 2496
3794 2496
3795 2496
3796 2496
3797 2496
3798 2495
3799 2496
3800 2496
3801 2496
3802 2496
3803 2496
3804 2496
3805 2496
3806 2495
3807 2495
3808 2496
3809 2495
3810 2496
3811 2496
3812 2496
3813 2496
3814 2495
3815 2496
3816 2495
3817 2496
3818 2496
3819 2496
3820 2496
3821 2496
3822 2496
3823 2497
3824 2495
3825 2496
3826 2497
3827 2496
3828 2496
3829 2496
3830 2496
3831 2496
3832 2496
3833 2496
3834 2496
3835 2496
3836 2495
3837 2496
3838 2496
3839 2495
3840 2495
3841 2495
3842 2496
3843 2496
3844 2496
3845 2495
3846 2495
3847 2495
3848 2495
3849 2495
3850 2495
3851 2495
3852 2495
3853 2495
3854 2495
3855 2495
3856 2495
3857 2495
3858 2495
3859 2495
3860 2495
3861 2495
3862 2495
3863 2495
3864 2495
3865 2495
3866 2495
3867 2494
3868 2495
3869 2494
3870 2495
3871 2495
3872 2495
3873 2495
3874 2495
3875 2495
3876 2495
3877 2495
3878 2495
3879 2495
3880 2495
3881 2495
3882 2495
3883 2495
3884 2495
3885 2495
3886 2495
3887 2495
3888 2494
3889 2494
3890 2495
3891 2495
3892 2496
3893 2495
3894 2495
3895 2495
3896 2495
3897 2495
3898 2495
3899 2495
3900 2495
3901 2495
3902 2495
3903 2495
3904 2495
3905 2495
3906 2495
3907 2495
3908 2495
3909 2495
3910 2495
3911 2495
3912 2495
3913 2495
3914 2495
3915 2495
3916 2495
3917 2495
3918 2495
3919 2495
3920 2495
3921 2495
3922 2495
3923 2495
3924 2495
3925 2495
3926 2495
3927 2495
3928 2495
3929 2495
3930 2495
3931 2494
3932 2495
3933 2495
3934 2495
3935 2495
3936 2495
3937 2495
3938 2495
3939 2495
3940 2495
3941 2495
3942 2495
3943 2495
3944 2495
3945 2494
3946 2494
3947 2494
3948 2494
3949 2494
3950 2495
3951 2495
3952 2495
3953 2494
3954 2494
3955 2494
3956 2494
3957 2494
3958 2494
3959 2494
3960 2494
3961 2494
3962 2494
3963 2494
3964 2494
3965 2494
3966 2494
3967 2494
3968 2494
3969 2494
3970 2494
3971 2494
3972 2494
3973 2494
3974 2494
3975 2494
3976 2494
3977 2494
3978 2494
3979 2494
3980 2494
3981 2494
3982 2494
3983 2494
3984 2494
3985 2494
3986 2494
3987 2493
3988 2493
3989 2493
3990 2497
3991 2497
3992 2493
3993 2493
3994 2493
3995 2493
3996 2493
3997 2493
3998 2494
3999 2494
4000 2494
4001 2494
4002 2494
4003 2493
4004 2493
4005 2493
4006 2494
4007 2493
4008 2493
4009 2493
4010 2494
4011 2494
4012 2494
4013 2494
4014 2494
4015 2494
4016 2494
4017 2494
4018 2494
4019 2494
4020 2494
4021 2494
4022 2494
4023 2494
4024 2494
4025 2494
4026 2494
4027 2494
4028 2494
4029 2494
4030 2494
4031 2494
4032 2494
4033 2493
4034 2493
4035 2493
4036 2494
4037 2494
4038 2493
4039 2493
4040 2493
4041 2493
4042 2493
4043 2493
4044 2493
4045 2493
4046 2493
4047 2493
4048 2493
4049 2494
4050 2493
4051 2493
4052 2493
4053 2493
4054 2494
4055 2493
4056 2493
4057 2493
4058 2493
4059 2493
4060 2493
4061 2493
4062 2493
4063 2493
4064 2493
4065 2493
4066 2493
4067 2493
4068 2493
4069 2493
4070 2493
4071 2493
4072 2493
4073 2493
4074 2493
4075 2493
4076 2493
4077 2493
4078 2493
4079 2492
4080 2492
4081 2492
4082 2492
4083 2492
4084 2493
4085 2492
4086 2492
4087 2493
4088 2493
4089 2493
4090 2493
4091 2493
4092 2493
4093 2493
4094 2493
4095 2493
4096 2492
4097 2492
4098 2493
4099 2493
4100 2493
4101 2493
4102 2493
4103 2493
4104 2493
4105 2493
4106 2493
4107 2493
4108 2492
4109 2493
4110 2493
4111 2493
4112 2493
4113 2493
4114 2493
4115 2493
4116 2493
4117 2493
4118 2493
4119 2493
4120 2493
4121 2493
4122 2493
4123 2492
4124 2493
4125 2493
4126 2493
4127 2492
4128 2493
4129 2493
4130 2493
4131 2493
4132 2493
4133 2493
4134 2493
4135 2494
4136 2494
4137 2493
4138 2493
4139 2493
4140 2493
4141 2493
4142 2493
4143 2493
4144 2493
4145 2493
4146 2493
4147 2493
4148 2493
4149 2493
4150 2493
4151 2493
4152 2493
4153 2493
4154 2493
4155 2493
4156 2493
4157 2493
4158 2493
4159 2493
4160 2493
4161 2493
4162 2493
4163 2493
4164 2493
4165 2493
4166 2493
4167 2492
4168 2492
4169 2492
4170 2493
4171 2493
4172 2493
4173 2493
4174 2493
4175 2493
4176 2493
4177 2493
4178 2493
4179 2493
4180 2493
4181 2493
4182 2493
4183 2493
4184 2493
4185 2493
4186 2493
4187 2493
4188 2493
4189 2493
4190 2493
4191 2493
4192 2493
4193 2493
4194 2493
4195 2493
4196 2493
4197 2493
4198 2493
4199 2493
4200 2493
4201 2493
4202 2493
4203 2493
4204 2493
4205 2493
4206 2493
4207 2493
4208 2493
4209 2493
4210 2493
4211 2493
4212 2493
4213 2493
4214 2493
4215 2493
4216 2493
4217 2493
4218 2493
4219 2493
4220 2493
4221 2493
4222 2493
4223 2493
4224 2493
4225 2493
4226 2493
4227 2493
4228 2493
4229 2493
4230 2492
4231 2493
4232 2493
4233 2493
4234 2493
4235 2493
4236 2493
4237 2493
4238 2493
4239 2493
4240 2493
4241 2493
4242 2493
4243 2492
4244 2493
4245 2493
4246 2493
4247 2493
4248 2493
4249 2493
4250 2493
4251 2493
4252 2493
4253 2493
4254 2492
4255 2492
4256 2495
4257 2493
4258 2493
4259 2493
4260 2493
4261 2493
4262 2493
4263 2493
4264 2493
4265 2493
4266 2493
4267 2493
4268 2493
4269 2493
4270 2493
4271 2493
4272 2493
4273 2493
4274 2493
4275 2493
4276 2493
4277 2493
4278 2493
4279 2493
4280 2493
4281 2493
4282 2493
4283 2493
4284 2493
4285 2493
4286 2492
4287 2493
4288 2492
4289 2492
4290 2492
4291 2492
4292 2492
4293 2492
4294 2492
4295 2492
4296 2492
4297 2492
4298 2492
4299 2492
4300 2492
4301 2492
4302 2492
4303 2492
4304 2492
4305 2492
4306 2493
4307 2492
4308 2492
4309 2492
4310 2492
4311 2492
4312 2493
4313 2492
4314 2492
4315 2492
4316 2493
4317 2492
4318 2492
4319 2492
4320 2492
4321 2492
4322 2492
4323 2492
4324 2492
4325 2492
4326 2492
4327 2492
4328 2492
4329 2492
4330 2492
4331 2492
4332 2492
4333 2492
4334 2492
4335 2492
4336 2492
4337 2492
4338 2492
4339 2492
4340 2492
4341 2492
4342 2492
4343 2492
4344 2492
4345 2492
4346 2492
4347 2492
4348 2492
4349 2492
4350 2492
4351 2492
4352 2492
4353 2492
4354 2492
4355 2492
4356 2492
4357 2492
4358 2492
4359 2492
4360 2492
4361 2492
4362 2492
4363 2492
4364 2492
4365 2492
4366 2492
4367 2492
4368 2492
4369 2492
4370 2492
4371 2492
4372 2492
4373 2493
4374 2492
4375 2492
4376 2492
4377 2492
4378 2492
4379 2492
4380 2492
4381 2492
4382 2492
4383 2492
4384 2493
4385 2492
4386 2492
4387 2492
4388 2492
4389 2492
4390 2492
4391 2492
4392 2492
4393 2492
4394 2492
4395 2492
4396 2492
4397 2492
4398 2491
4399 2491
4400 2492
4401 2492
4402 2492
4403 2492
4404 2492
4405 2492
4406 2492
4407 2492
4408 2492
4409 2492
4410 2492
4411 2492
4412 2492
4413 2492
4414 2492
4415 2492
4416 2491
4417 2491
4418 2491
4419 2491
4420 2491
4421 2491
4422 2491
4423 2491
4424 2491
4425 2491
4426 2491
4427 2491
4428 2491
4429 2491
4430 2491
4431 2491
4432 2491
4433 2491
4434 2491
4435 2491
4436 2491
4437 2491
4438 2491
4439 2491
4440 2491
4441 2491
4442 2491
4443 2491
4444 2491
4445 2491
4446 2492
4447 2492
4448 2492
4449 2492
4450 2491
4451 2491
4452 2491
4453 2491
4454 2491
4455 2491
4456 2492
4457 2492
4458 2492
4459 2492
4460 2492
4461 2492
4462 2492
4463 2492
4464 2492
4465 2492
4466 2492
4467 2492
4468 2492
4469 2492
4470 2492
4471 2492
4472 2492
4473 2491
4474 2492
4475 2492
4476 2492
4477 2492
4478 2491
4479 2492
4480 2492
4481 2491
4482 2492
4483 2492
4484 2492
4485 2492
4486 2492
4487 2491
4488 2491
4489 2491
4490 2491
4491 2491
4492 2491
4493 2491
4494 2491
4495 2491
4496 2491
4497 2491
4498 2492
4499 2491
4500 2491
4501 2490
4502 2490
4503 2490
4504 2491
4505 2491
4506 2491
4507 2491
4508 2491
4509 2491
4510 2491
4511 2491
4512 2491
4513 2491
4514 2491
4515 2491
4516 2491
4517 2491
4518 2491
4519 2491
4520 2491
4521 2491
4522 2491
4523 2491
4524 2491
4525 2491
4526 2491
4527 2491
4528 2491
4529 2491
4530 2491
4531 2491
4532 2490
4533 2491
4534 2491
4535 2490
4536 2491
4537 2490
4538 2490
4539 2490
4540 2491
4541 2491
4542 2491
4543 2491
4544 2491
4545 2491
4546 2491
4547 2491
4548 2491
4549 2491
4550 2491
4551 2491
4552 2491
4553 2491
4554 2491
4555 2491
4556 2491
4557 2491
4558 2491
4559 2491
4560 2491
4561 2490
4562 2491
4563 2491
4564 2491
4565 2491
4566 2491
4567 2490
4568 2491
4569 2491
4570 2491
4571 2491
4572 2491
4573 2491
4574 2491
4575 2491
4576 2490
4577 2490
4578 2491
4579 2490
4580 2490
4581 2491
4582 2495
4583 2490
4584 2490
4585 2490
4586 2490
4587 2490
4588 2490
4589 2491
4590 2490
4591 2490
4592 2490
4593 2490
4594 2490
4595 2490
4596 2490
4597 2491
4598 2489
4599 2490
4600 2490
4601 2490
4602 2490
4603 2490
4604 2490
4605 2490
4606 2490
4607 2490
4608 2490
4609 2490
4610 2490
4611 2490
4612 2490
4613 2490
4614 2490
4615 2490
4616 2490
4617 2490
4618 2490
4619 2490
4620 2490
4621 2490
4622 2489
4623 2498
4624 2490
4625 2490
4626 2490
4627 2490
4628 2490
4629 2490
4630 2490
4631 2490
4632 2490
4633 2490
4634 2490
4635 2490
4636 2490
4637 2490
4638 2490

2971 2543
2972 2548
2973 2548
2974 2550
2975 2549
2976 2548
2977 2544
2978 2549
2979 2549
2980 2551
2981 2556
2982 2543
2983 2543
2984 2548
2985 2548
2986 2549
2987 2556
2988 2551
2989 2552
2990 2550
2991 2549
2992 2548
2993 2550
2994 2550
2995 2548
2996 2549
2997 2549
2998 2547
2999 2549
3000 2549
3001 2551
3002 2551
3003 2548
3004 2554
3005 2544
3006 2543
3007 2550
3008 2551
3009 2554
3010 2544
3011 2543
3012 2554
3013 2551
3014 2550
3015 2550
3016 2549
3017 2549
3018 2550
3019 2552
3020 2552
3021 2550
3022 2551
3023 2550
3024 2548
3025 2557
3026 2547
3027 2556
3028 2550
3029 2550
3030 2549
3031 2548
3032 2549
3033 2543
3034 2544
3035 2550
3036 2550
3037 2544
3038 2549
3039 2556
3040 2557
3041 2552
3042 2550
3043 2552
3044 2552
3045 2552
3046 2550
3047 2550
3048 2548
3049 2549
3050 2550
3051 2545
3052 2543
3053 2549
3054 2549
3055 2551
3056 2552
3057 2550
3058 2557
3059 2552
3060 2551
3061 2546
3062 2549
3063 2550
3064 2545
3065 2549
3066 2548
3067 2548
3068 2543
3069 2550
3070 2552
3071 2545
3072 2551
3073 2552
3074 2552
3075 2545
3076 2555
3077 2544
3078 2553
3079 2551
3080 2545
3081 2547
3082 2548
3083 2551
3084 2553
3085 2553
3086 2554
3087 2543
3088 2543
3089 2553
3090 2550
3091 2553
3092 2543
3093 2549
3094 2549
3095 2549
3249 2546
3250 2547
3251 2541
3252 2546
3253 2551
3254 2550
3255 2546
3256 2547
3257 2542
3258 2543
3259 2544
3260 2545
3261 2546
3262 2544
3263 2547
3264 2546
3265 2539
3266 2543
3267 2544
3268 2552
3269 2544
3270 2545
3271 2543
3272 2544
3273 2545
3274 2544
3275 2548
3276 2544
3277 2544
3278 2543
3279 2543
3280 2543
3281 2539
3282 2544
3283 2537
3284 2537
3285 2545
3286 2546
3287 2548
3288 2538
3289 2543
3290 2543
3291 2542
3292 2549
3293 2543
3294 2542
3295 2542
3296 2544
3556 2531
3557 2534
3558 2538
3559 2537
3560 2538
3561 2538
3562 2542
3563 2539
3564 2536
3565 2538
3566 2537
3567 2537
3568 2537
3569 2537
3570 2538
3571 2538
3572 2536
3573 2538
3574 2539
3575 2537
3576 2542
3577 2538
3578 2538
3579 2541
3580 2541
3581 2537
3582 2542
3583 2539
3584 2539
3585 2540
3586 2538
3587 2540
3588 2544
3589 2540
4370 2517
4371 2519
4372 2521
4373 2517
4374 2511
4375 2516
4376 2516
4377 2517
4378 2516
4379 2516
4380 2523
4381 2514
4382 2516
4383 2509
4384 2516
4385 2515
4386 2515
4387 2514
4388 2515
4389 2515
4390 2514
4391 2514
4392 2515
4393 2514
4394 2514
4395 2513
4396 2512
4397 2514
4398 2516
4399 2516
4400 2508
4401 2513
4402 2511
4403 2513
4404 2512
4405 2511
4406 2513
4407 2513
4408 2513
4409 2513
4410 2512
4411 2508
4412 2512
4413 2517
4414 2515
4415 2512
4416 2520
4417 2516
4418 2512
4419 2516
4420 2513
4421 2512
4422 2512
4423 2512
4424 2512
4425 2512
4426 2513
4427 2513
4428 2513
4429 2513
4430 2513
4431 2513
4432 2513
4433 2513
4434 2513
4435 2505
4436 2513
4437 2512
4438 2513
4439 2513
4440 2514
4441 2515
4442 2506
4443 2511
4444 2512
4445 2512
4446 2506
4447 2513
4448 2504
4449 2513
4450 2512
4451 2504
4452 2504
4453 2512
4454 2504
4455 2513
4456 2512
4457 2512
4458 2513
4459 2513
4460 2504
4461 2504
4462 2511
4463 2504
4464 2511
4465 2511
4466 2513
4467 2512
4468 2504
4469 2517
4470 2511
4471 2512
4472 2511
4473 2506
4474 2507
4475 2505
4476 2508
4477 2513
4478 2512
4479 2513
4480 2513
4481 2512
4482 2510
4483 2508
4484 2507
4485 2510
4486 2515
4487 2510
4488 2515
4489 2516
4490 2511
4491 2511
4492 2512
4493 2512
4494 2507
4495 2509
4496 2515
4497 2514
4498 2514
4499 2514
4500 2515
4501 2516
4502 2513
4503 2514
4504 2513
4505 2514
4506 2510
4507 2510
4508 2510
4509 2513
4510 2514
4511 2509
4512 2513
4513 2514
4514 2513
4515 2519
4516 2512
4517 2512
4518 2512
4519 2513
4520 2514
4521 2508
4522 2504
4523 2504
4524 2504
4525 2511
4526 2507
4527 2504
4528 2511
4529 2509
4530 2510
4531 2511
4532 2503
4533 2510
4534 2503
4535 2510
4536 2503
4537 2509
4538 2505
4539 2511
4540 2510
4541 2510
4542 2510
4543 2510
4544 2510
4545 2510
4546 2510
4547 2511
4548 2511
4549 2511
4550 2510
4551 2510
4552 2511
4553 2510
4554 2509
4555 2511
4556 2510
4557 2506
4558 2511
4559 2510
4560 2511
4561 2510
4562 2511
4563 2510
4564 2511
4565 2512
4566 2512
4567 2512
4568 2512
4569 2511
4570 2513
4571 2510
4572 2505
4573 2512
4574 2511
4575 2511
4576 2511
4577 2513
4578 2511
4579 2511
4580 2510
4581 2513
4582 9999
4583 2513
4584 2508
4585 2514
4586 2506
4587 2513
4588 2513
4589 2507
4590 2509
4591 2510
4592 2511
4593 2514
4594 2522
4595 2511
4596 2518
4597 2509
4598 2523
4599 2518
4600 2518
4601 2519
4602 2518
4603 2521
4604 2518
4605 2510
4606 2510
4607 2518
4608 2523
4609 2513
4610 2518
4611 2519
4612 2514
4613 2512
4614 2517
4615 2512
4616 2526
4617 2520
4618 2525
4619 2523
4620 2519
4621 2512
4622 2518
4623 2516
4624 2517
4625 2512

