2725 2516
2726 2512
2727 2512
2728 2511
2729 2511
2730 2511
2731 2510
2732 2511
2733 2511
2734 2510
2735 2510
2736 2509
2737 2511
2738 2510
2739 2511
2740 2511
2741 2512
2742 2511
2743 2509
2744 2512
2745 2509
2746 2508
2747 2508
2748 2509
2749 2509
2750 2508
2751 2508
2752 2509
2753 2508
2754 2508
2755 2508
2756 2508
2757 2508
2758 2508
2759 2508
2760 2508
2761 2508
2762 2510
2763 2509
2764 2509
2765 2508
2766 2509
2767 2508
2768 2508
2769 2508
2770 2508
2771 2508
2772 2508
2773 2508
2774 2508
2775 2508
2776 2507
2777 2507
2778 2508
2779 2508
2780 2508
2781 2512
2782 2508
2783 2508
2784 2508
2785 2508
2786 2508
2787 2508
2788 2508
2789 2509
2790 2508
2791 2508
2792 2508
2793 2508
2794 2508
2795 2508
2796 2508
2797 2508
2798 2508
2799 2508
2800 2508
2801 2508
2802 2507
2803 2508
2804 2507
2805 2507
2806 2508
2807 2508
2808 2508
2809 2508
2810 2509
2811 2510
2812 2509
2813 2510
2814 2508
2815 2510
2816 2508
2817 2508
2818 2509
2819 2509
2820 2509
2821 2509
2822 2509
2823 2509
2824 2509
2825 2508
2826 2509
2827 2509
2828 2509
2829 2509
2830 2508
2831 2509
2832 2508
2833 2508
2834 2508
2835 2508
2836 2508
2837 2508
2838 2508
2839 2508
2840 2508
2841 2508
2842 2508
2843 2508
2844 2508
2845 2508
2846 2508
2847 2508
2848 2508
2849 2508
2850 2508
2851 2508
2852 2508
2853 2507
2854 2508
2855 2508
2856 2507
2857 2507
2858 2508
2859 2508
2860 2508
2861 2508
2862 2508
2863 2507
2864 2507
2865 2506
2866 2506
2867 2511
2868 2506
2869 2507
2870 2511
2871 2509
2872 2506
2873 2506
2874 2506
2875 2506
2876 2506
2877 2506
2878 2506
2879 2505
2880 2505
2881 2506
2882 2506
2883 2505
2884 2506
2885 2506
2886 2506
2887 2506
2888 2506
2889 2509
2890 2508
2891 2507
2892 2506
2893 2506
2894 2506
2895 2506
2896 2506
2897 2506
2898 2506
2899 2506
2900 2506
2901 2506
2902 2506
2903 2506
2904 2507
2905 2506
2906 2507
2907 2507
2908 2506
2909 2507
2910 2507
2911 2507
2912 2507
2913 2507
2914 2506
2915 2507
2916 2507
2917 2507
2918 2507
2919 2507
2920 2507
2921 2507
2922 2507
2923 2507
2924 2508
2925 2507
2926 2507
2927 2507
2928 2507
2929 2507
2930 2507
2931 2507
2932 2507
2933 2507
2934 2508
2935 2507
2936 2507
2937 2507
2938 2507
2939 2508
2940 2507
2941 2508
2942 2507
2943 2507
2944 2508
2945 2507
2946 2507
2947 2508
2948 2507
2949 2508
2950 2507
2951 2507
2952 2506
2953 2508
2954 2507
2955 2506
2956 2507
2957 2507
2958 2507
2959 2507
2960 2507
2961 2506
2962 2507
2963 2512
2964 2506
2965 2508
2966 2507
2967 2506
2968 2506
2969 2506
2970 2506
2971 2506
2972 2508
2973 2507
2974 2507
2975 2506
2976 2506
2977 2506
2978 2512
2979 2506
2980 2509
2981 2506
2982 2507
2983 2506
2984 2506
2985 2506
2986 2508
2987 2505
2988 2509
2989 2506
2990 2507
2991 2509
2992 2506
2993 2505
2994 2505
2995 2506
2996 2506
2997 2506
2998 2507
2999 2507
3000 2511
3001 2506
3002 2506
3003 2506
3004 2505
3005 2507
3006 2506
3007 2507
3008 2507
3009 2506
3010 2506
3011 2506
3012 2506
3013 2506
3014 2506
3015 2506
3016 2505
3017 2506
3018 2507
3019 2505
3020 2505
3021 2505
3022 2505
3023 2506
3024 2505
3025 2506
3026 2505
3027 2506
3028 2505
3029 2504
3030 2510
3031 2513
3032 2510
3033 2505
3034 2505
3035 2508
3036 2505
3037 2504
3038 2504
3039 2504
3040 2504
3041 2505
3042 2506
3043 2505
3044 2504
3045 2505
3046 2505
3047 2504
3048 2503
3049 2504
3050 2505
3051 2504
3052 2508
3053 2504
3054 2504
3055 2505
3056 2504
3057 2503
3058 2504
3059 2504
3060 2504
3061 2503
3062 2503
3063 2504
3064 2503
3065 2503
3066 2504
3067 2505
3068 2503
3069 2503
3070 2503
3071 2503
3072 2504
3073 2504
3074 2504
3075 2504
3076 2514
3077 2504
3078 2505
3079 2505
3080 2504
3081 2504
3082 2503
3083 2504
3084 2504
3085 2504
3086 2510
3087 2510
3088 2506
3089 2510
3090 2505
3091 2505
3092 2504
3093 2505
3094 2505
3095 2504
3096 2504
3097 2505
3098 2506
3099 2505
3100 2505
3101 2505
3102 2505
3103 2505
3104 2505
3105 2508
3106 2504
3107 2505
3108 2505
3109 2505
3110 2505
3111 2506
3112 2507
3113 2506
3114 2507
3115 2505
3116 2505
3117 2506
3118 2506
3119 2506
3120 2506
3121 2506
3122 2506
3123 2506
3124 2506
3125 2506
3126 2505
3127 2505
3128 2504
3129 2504
3130 2507
3131 2505
3132 2504
3133 2504
3134 2504
3135 2504
3136 2503
3137 2502
3138 2503
3139 2503
3140 2503
3141 2503
3142 2503
3143 2503
3144 2503
3145 2502
3146 2503
3147 2502
3148 2503
3149 2502
3150 2506
3151 2502
3152 2502
3153 2502
3154 2501
3155 2502
3156 2504
3157 2501
3158 2501
3159 2501
3160 2501
3161 2501
3162 2501
3163 2501
3164 2501
3165 2501
3166 2501
3167 2501
3168 2501
3169 2501
3170 2501
3171 2501
3172 2501
3173 2501
3174 2501
3175 2501
3176 2501
3177 2501
3178 2502
3179 2502
3180 2502
3181 2502
3182 2502
3183 2502
3184 2502
3185 2502
3186 2502
3187 2502
3188 2502
3189 2502
3190 2502
3191 2502
3192 2502
3193 2502
3194 2502
3195 2502
3196 2502
3197 2502
3198 2502
3199 2502
3200 2501
3201 2502
3202 2502
3203 2502
3204 2502
3205 2502
3206 2502
3207 2502
3208 2502
3209 2502
3210 2503
3211 2504
3212 2504
3213 2503
3214 2502
3215 2502
3216 2502
3217 2502
3218 2502
3219 2502
3220 2502
3221 2503
3222 2505
3223 2503
3224 2504
3225 2504
3226 2503
3227 2502
3228 2500
3229 2503
3230 2502
3231 2501
3232 2504
3233 2501
3234 2502
3235 2502
3236 2502
3237 2502
3238 2502
3239 2502
3240 2502
3241 2502
3242 2502
3243 2502
3244 2502
3245 2502
3246 2502
3247 2502
3248 2502
3249 2502
3250 2502
3251 2502
3252 2502
3253 2502
3254 2502
3255 2502
3256 2502
3257 2502
3258 2501
3259 2502
3260 2501
3261 2502
3262 2501
3263 2502
3264 2502
3265 2502
3266 2502
3267 2507
3268 2501
3269 2501
3270 2501
3271 2500
3272 2501
3273 2501
3274 2501
3275 2501
3276 2501
3277 2501
3278 2500
3279 2501
3280 2501
3281 2501
3282 2501
3283 2501
3284 2500
3285 2501
3286 2500
3287 2501
3288 2500
3289 2501
3290 2500
3291 2500
3292 2501
3293 2500
3294 2500
3295 2500
3296 2500
3297 2500
3298 2500
3299 2500
3300 2500
3301 2500
3302 2501
3303 2501
3304 2501
3305 2500
3306 2500
3307 2500
3308 2501
3309 2500
3310 2500
3311 2500
3312 2500
3313 2500
3314 2500
3315 2500
3316 2500
3317 2500
3318 2500
3319 2500
3320 2500
3321 2500
3322 2500
3323 2500
3324 2500
3325 2499
3326 2500
3327 2500
3328 2500
3329 2500
3330 2500
3331 2499
3332 2499
3333 2500
3334 2499
3335 2499
3336 2499
3337 2500
3338 2500
3339 2500
3340 2500
3341 2500
3342 2500
3343 2500
3344 2500
3345 2500
3346 2500
3347 2500
3348 2500
3349 2500
3350 2499
3351 2500
3352 2500
3353 2500
3354 2500
3355 2500
3356 2500
3357 2500
3358 2499
3359 2500
3360 2500
3361 2500
3362 2500
3363 2500
3364 2500
3365 2500
3366 2500
3367 2500
3368 2500
3369 2500
3370 2500
3371 2500
3372 2500
3373 2500
3374 2500
3375 2500
3376 2500
3377 2500
3378 2500
3379 2499
3380 2500
3381 2500
3382 2500
3383 2500
3384 2500
3385 2500
3386 2500
3387 2500
3388 2500
3389 2500
3390 2500
3391 2500
3392 2500
3393 2500
3394 2500
3395 2500
3396 2499
3397 2500
3398 2500
3399 2500
3400 2500
3401 2500
3402 2500
3403 2500
3404 2500
3405 2500
3406 2500
3407 2500
3408 2500
3409 2500
3410 2500
3411 2500
3412 2500
3413 2500
3414 2500
3415 2500
3416 2500
3417 2500
3418 2500
3419 2500
3420 2500
3421 2500
3422 2500
3423 2500
3424 2500
3425 2500
3426 2500
3427 2500
3428 2500
3429 2500
3430 2500
3431 2500
3432 2500
3433 2500
3434 2500
3435 2500
3436 2500
3437 2500
3438 2500
3439 2500
3440 2500
3441 2500
3442 2500
3443 2500
3444 2500
3445 2500
3446 2500
3447 2500
3448 2500
3449 2500
3450 2500
3451 2501
3452 2500
3453 2500
3454 2500
3455 2500
3456 2500
3457 2500
3458 2500
3459 2500
3460 2500
3461 2500
3462 2500
3463 2500
3464 2500
3465 2500
3466 2500
3467 2500
3468 2500
3469 2500
3470 2500
3471 2500
3472 2500
3473 2500
3474 2500
3475 2500
3476 2500
3477 2500
3478 2500
3479 2500
3480 2500
3481 2500
3482 2500
3483 2500
3484 2499
3485 2500
3486 2502
3487 2500
3488 2500
3489 2500
3490 2500
3491 2501
3492 2501
3493 2500
3494 2500
3495 2500
3496 2500
3497 2500
3498 2500
3499 2500
3500 2500
3501 2500
3502 2501
3503 2500
3504 2501
3505 2501
3506 2501
3507 2501
3508 2501
3509 2501
3510 2501
3511 2501
3512 2501
3513 2501
3514 2501
3515 2501
3516 2501
3517 2501
3518 2501
3519 2501
3520 2501
3521 2501
3522 2501
3523 2501
3524 2501
3525 2501
3526 2501
3527 2501
3528 2501
3529 2501
3530 2501
3531 2502
3532 2501
3533 2501
3534 2502
3535 2502
3536 2502
3537 2502
3538 2502
3539 2502
3540 2502
3541 2502
3542 2502
3543 2502
3544 2502
3545 2502
3546 2502
3547 2502
3548 2502
3549 2502
3550 2502
3551 2502
3552 2502
3553 2502
3554 2502
3555 2502
3556 2502
3557 2503
3558 2502
3559 2503
3560 2503
3561 2503
3562 2503
3563 2503
3564 2503
3565 2503
3566 2503
3567 2503
3568 2502
3569 2502
3570 2503
3571 2502
3572 2502
3573 2502
3574 2503
3575 2503
3576 2503
3577 2503
3578 2503
3579 2503
3580 2503
3581 2503
3582 2503
3583 2503
3584 2503
3585 2504
3586 2503
3587 2503
3588 2504
3589 2504
3590 2503
3591 2503
3592 2504
3593 2504
3594 2504
3595 2504
3596 2504
3597 2504
3598 2504
3599 2504
3600 2504
3601 2504
3602 2504
3603 2503
3604 2504
3605 2503
3606 2504
3607 2504
3608 2504
3609 2504
3610 2504
3611 2504
3612 2504
3613 2504
3614 2504
3615 2504
3616 2503
3617 2503
3618 2504
3619 2504
3620 2504
3621 2504
3622 2503
3623 2503
3624 2503
3625 2503
3626 2503
3627 2503
3628 2503
3629 2503
3630 2503
3631 2503
3632 2503
3633 2504
3634 2504
3635 2503
3636 2504
3637 2503
3638 2503
3639 2504
3640 2503
3641 2504
3642 2503
3643 2503
3644 2503
3645 2503
3646 2503
3647 2503
3648 2504
3649 2503
3650 2504
3651 2504
3652 2503
3653 2504
3654 2503
3655 2504
3656 2504
3657 2503
3658 2503
3659 2504
3660 2504
3661 2503
3662 2504
3663 2503
3664 2504
3665 2504
3666 2503
3667 2503
3668 2504
3669 2504
3670 2504
3671 2504
3672 2504
3673 2504
3674 2504
3675 2503
3676 2504
3677 2504
3678 2504
3679 2504
3680 2504
3681 2504
3682 2503
3683 2504
3684 2504
3685 2504
3686 2503
3687 2504
3688 2504
3689 2504
3690 2504
3691 2504
3692 2503
3693 2504
3694 2504
3695 2504
3696 2504
3697 2504
3698 2504
3699 2503
3700 2504
3701 2503
3702 2503
3703 2504
3704 2503
3705 2503
3706 2503
3707 2503
3708 2502
3709 2507
3710 2503
3711 2503
3712 2503
3713 2503
3714 2503
3715 2503
3716 2503
3717 2503
3718 2503
3719 2503
3720 2503
3721 2503
3722 2504
3723 2504
3724 2504
3725 2504
3726 2504
3727 2504
3728 2503
3729 2503
3730 2503
3731 2504
3732 2504
3733 2504
3734 2503
3735 2503
3736 2503
3737 2504
3738 2503
3739 2503
3740 2504
3741 2504
3742 2504
3743 2504
3744 2504
3745 2504
3746 2504
3747 2503
3748 2503
3749 2504
3750 2504
3751 2503
3752 2503
3753 2503
3754 2503
3755 2503
3756 2503
3757 2503
3758 2503
3759 2503
3760 2503
3761 2503
3762 2503
3763 2502
3764 2502
3765 2502
3766 2502
3767 2502
3768 2502
3769 2502
3770 2502
3771 2502
3772 2502
3773 2502
3774 2502
3775 2501
3776 2501
3777 2501
3778 2501
3779 2501
3780 2501
3781 2501
3782 2501
3783 2501
3784 2501
3785 2501
3786 2501
3787 2501
3788 2501
3789 2500
3790 2500
3791 2500
3792 2501
3793 2500
3794 2500
3795 2500
3796 2500
3797 2500
3798 2500
3799 2500
3800 2500
3801 2500
3802 2500
3803 2500
3804 2500
3805 2500
3806 2500
3807 2500
3808 2500
3809 2500
3810 2500
3811 2500
3812 2500
3813 2500
3814 2500
3815 2500
3816 2500
3817 2500
3818 2500
3819 2500
3820 2499
3821 2499
3822 2499
3823 2500
3824 2500
3825 2500
3826 2500
3827 2500
3828 2500
3829 2500
3830 2500
3831 2500
3832 2500
3833 2500
3834 2500
3835 2499
3836 2499
3837 2499
3838 2499
3839 2499
3840 2499
3841 2499
3842 2499
3843 2499
3844 2499
3845 2499
3846 2499
3847 2499
3848 2499
3849 2499
3850 2499
3851 2499
3852 2499
3853 2499
3854 2499
3855 2499
3856 2499
3857 2499
3858 2499
3859 2499
3860 2499
3861 2499
3862 2499
3863 2499
3864 2499
3865 2499
3866 2499
3867 2499
3868 2499
3869 2499
3870 2499
3871 2499
3872 2499
3873 2498
3874 2498
3875 2498
3876 2498
3877 2498
3878 2498
3879 2498
3880 2498
3881 2498
3882 2498
3883 2498
3884 2498
3885 2498
3886 2498
3887 2498
3888 2498
3889 2497
3890 2497
3891 2497
3892 2498
3893 2498
3894 2498
3895 2497
3896 2498
3897 2498
3898 2498
3899 2498
3900 2498
3901 2498
3902 2498
3903 2498
3904 2498
3905 2498
3906 2498
3907 2498
3908 2498
3909 2498
3910 2498
3911 2498
3912 2498
3913 2498
3914 2498
3915 2498
3916 2498
3917 2497
3918 2497
3919 2497
3920 2497
3921 2497
3922 2497
3923 2497
3924 2497
3925 2497
3926 2497
3927 2497
3928 2497
3929 2497
3930 2497
3931 2497
3932 2497
3933 2497
3934 2497
3935 2497
3936 2497
3937 2497
3938 2497
3939 2497
3940 2497
3941 2497
3942 2498
3943 2498
3944 2497
3945 2497
3946 2497
3947 2497
3948 2497
3949 2497
3950 2498
3951 2498
3952 2497
3953 2497
3954 2497
3955 2497
3956 2497
3957 2497
3958 2497
3959 2497
3960 2497
3961 2497
3962 2497
3963 2497
3964 2497
3965 2496
3966 2496
3967 2496
3968 2496
3969 2496
3970 2496
3971 2496
3972 2496
3973 2496
3974 2496
3975 2496
3976 2496
3977 2496
3978 2496
3979 2496
3980 2496
3981 2496
3982 2496
3983 2496
3984 2496
3985 2496
3986 2496
3987 2496
3988 2496
3989 2496
3990 2497
3991 2497
3992 2497
3993 2497
3994 2497
3995 2497
3996 2497
3997 2497
3998 2497
3999 2497
4000 2497
4001 2497
4002 2497
4003 2497
4004 2497
4005 2497
4006 2497
4007 2497
4008 2497
4009 2497
4010 2497
4011 2497
4012 2497
4013 2497
4014 2497
4015 2497
4016 2497
4017 2497
4018 2497
4019 2497
4020 2497
4021 2497
4022 2497
4023 2497
4024 2496
4025 2497
4026 2496
4027 2497
4028 2497
4029 2497
4030 2497
4031 2497
4032 2497
4033 2497
4034 2497
4035 2497
4036 2497
4037 2497
4038 2497
4039 2497
4040 2497
4041 2497
4042 2497
4043 2497
4044 2497
4045 2496
4046 2497
4047 2497
4048 2497
4049 2496
4050 2496
4051 2496
4052 2496
4053 2496
4054 2496
4055 2496
4056 2496
4057 2496
4058 2497
4059 2496
4060 2497
4061 2497
4062 2497
4063 2496
4064 2496
4065 2497
4066 2497
4067 2496
4068 2496
4069 2496
4070 2497
4071 2496
4072 2496
4073 2496
4074 2496
4075 2496
4076 2497
4077 2496
4078 2497
4079 2497
4080 2497
4081 2497
4082 2497
4083 2497
4084 2497
4085 2497
4086 2497
4087 2496
4088 2497
4089 2497
4090 2497
4091 2497
4092 2497
4093 2497
4094 2497
4095 2497
4096 2497
4097 2496
4098 2497
4099 2497
4100 2496
4101 2496
4102 2496
4103 2497
4104 2496
4105 2496
4106 2496
4107 2496
4108 2496
4109 2496
4110 2496
4111 2496
4112 2496
4113 2496
4114 2495
4115 2495
4116 2495
4117 2495
4118 2495
4119 2495
4120 2495
4121 2495
4122 2495
4123 2495
4124 2495
4125 2495
4126 2495
4127 2495
4128 2495
4129 2495
4130 2495
4131 2495
4132 2495
4133 2495
4134 2495
4135 2495
4136 2495
4137 2495
4138 2495
4139 2495
4140 2495
4141 2495
4142 2495
4143 2495
4144 2495
4145 2495
4146 2495
4147 2495
4148 2495
4149 2495
4150 2495
4151 2495
4152 2495
4153 2495
4154 2495
4155 2495
4156 2495
4157 2495
4158 2495
4159 2496
4160 2495
4161 2495
4162 2496
4163 2496
4164 2496
4165 2496
4166 2496
4167 2496
4168 2496
4169 2496
4170 2496
4171 2496
4172 2496
4173 2496
4174 2496
4175 2496
4176 2496
4177 2496
4178 2496
4179 2496
4180 2497
4181 2497
4182 2497
4183 2497
4184 2497
4185 2496
4186 2496
4187 2496
4188 2496
4189 2496
4190 2496
4191 2496
4192 2497
4193 2496
4194 2496
4195 2496
4196 2496
4197 2496
4198 2496
4199 2497
4200 2496
4201 2496
4202 2496
4203 2497
4204 2497
4205 2496
4206 2496
4207 2496
4208 2496
4209 2496
4210 2496
4211 2496
4212 2496
4213 2496
4214 2496
4215 2496
4216 2496
4217 2496
4218 2496
4219 2496
4220 2496
4221 2496
4222 2496
4223 2496
4224 2496
4225 2496
4226 2496
4227 2495
4228 2495
4229 2495
4230 2496
4231 2496
4232 2495
4233 2495
4234 2496
4235 2496
4236 2496
4237 2496
4238 2496
4239 2496
4240 2496
4241 2496
4242 2496
4243 2495
4244 2496
4245 2495
4246 2495
4247 2495
4248 2495
4249 2495
4250 2495
4251 2495
4252 2496
4253 2495
4254 2495
4255 2495
4256 2495
4257 2495
4258 2495
4259 2495
4260 2495
4261 2495
4262 2495
4263 2495
4264 2495
4265 2495
4266 2494
4267 2494
4268 2494
4269 2494
4270 2494
4271 2494
4272 2495
4273 2494
4274 2494
4275 2494
4276 2494
4277 2494
4278 2494
4279 2494
4280 2494
4281 2494
4282 2494
4283 2494
4284 2494
4285 2494
4286 2494
4287 2494
4288 2494
4289 2494
4290 2494
4291 2493
4292 2493
4293 2493
4294 2493
4295 2493
4296 2494
4297 2494
4298 2494
4299 2494
4300 2493
4301 2494
4302 2493
4303 2492
4304 2497
4305 2493
4306 2492
4307 2492
4308 2493
4309 2493
4310 2494
4311 2492
4312 2492
4313 2492
4314 2493
4315 2493
4316 2492
4317 2492
4318 2492
4319 2492
4320 2492
4321 2492
4322 2492
4323 2492
4324 2492
4325 2492
4326 2492
4327 2492
4328 2492
4329 2492
4330 2492
4331 2491
4332 2492
4333 2491
4334 2491
4335 2491
4336 2491
4337 2491
4338 2491
4339 2491
4340 2491
4341 2491
4342 2491
4343 2491
4344 2491
4345 2491
4346 2491
4347 2491
4348 2491
4349 2491
4350 2491
4351 2491
4352 2491
4353 2491
4354 2491
4355 2491
4356 2491
4357 2491
4358 2491
4359 2490
4360 2490
4361 2490
4362 2490
4363 2490
4364 2490
4365 2490
4366 2490
4367 2490
4368 2490
4369 2489
4370 2489
4371 2489
4372 2489
4373 2489
4374 2489
4375 2489
4376 2489
4377 2489
4378 2489
4379 2489
4380 2489
4381 2489
4382 2489
4383 2489
4384 2489
4385 2489
4386 2489
4387 2489
4388 2489
4389 2492
4390 2492
4391 2489
4392 2489
4393 2489
4394 2492
4395 2489
4396 2489
4397 2489
4398 2489
4399 2488
4400 2488
4401 2488
4402 2488
4403 2488
4404 2488
4405 2488
4406 2488
4407 2488
4408 2488
4409 2488
4410 2488
4411 2487
4412 2487
4413 2487
4414 2486
4415 2486
4416 2487
4417 2487
4418 2487
4419 2486
4420 2486
4421 2486
4422 2486
4423 2486
4424 2486
4425 2486
4426 2486
4427 2487
4428 2487
4429 2486
4430 2485
4431 2486
4432 2486
4433 2486
4434 2486
4435 2486
4436 2486
4437 2486
4438 2486
4439 2486
4440 2486
4441 2486
4442 2486
4443 2486
4444 2485
4445 2486
4446 2485
4447 2485
4448 2485
4449 2485
4450 2485
4451 2485
4452 2485
4453 2485
4454 2485
4455 2485
4456 2485
4457 2485
4458 2485
4459 2484
4460 2485
4461 2484
4462 2484
4463 2484
4464 2485
4465 2484
4466 2484
4467 2484
4468 2484
4469 2484
4470 2484
4471 2485
4472 2484
4473 2484
4474 2485
4475 2485
4476 2488
4477 2484
4478 2484
4479 2484
4480 2484
4481 2484
4482 2484
4483 2484
4484 2484
4485 2484
4486 2484
4487 2484
4488 2484
4489 2484
4490 2484
4491 2484
4492 2484
4493 2485
4494 2484
4495 2484
4496 2484
4497 2484
4498 2484
4499 2484
4500 2484
4501 2484

2827 2550
2828 2555
2829 2557
2830 2550
2831 2556
2832 2556
2833 2556
2834 2556
2835 2555
2836 2550
2837 2550
2838 2553
2839 2555
2840 2558
2841 2550
2842 2549
2843 2555
2844 2556
2845 2550
2846 2555
2847 2552
2848 2553
2849 2555
2850 2556
2851 2555
2852 2557
2853 2554
2854 2557
2855 2562
2856 2552
2857 2554
2858 2556
2859 2556
2860 2556
2861 2555
2862 2554
2863 2561
2864 2549
2865 2552
2866 2562
2867 2549
2868 2555
2869 2558
2870 2550
2871 2553
2872 2552
2873 2553
2874 2554
2875 2555
2876 2557
2877 2552
2878 2560
2879 2562
2880 2562
2881 2551
2882 2557
2883 2557
2884 2552
2885 2557
2886 2557
2887 2559
2888 2558
2889 2551
2890 2548
2891 2550
2892 2561
2893 2560
2894 2549
2895 2558
2896 2555
2897 2547
2898 2554
2899 2559
2900 2561
2901 2554
2902 2551
2903 2558
2904 2558
2905 2553
2906 2555
2907 2554
2908 2552
2909 2555
2910 2555
2911 2555
2912 2560
2913 2556
2914 2554
2915 2554
2916 2558
2917 2555
2918 2547
2919 2547
2920 2553
2921 2554
2922 2556
2923 2554
2924 2554
2925 2554
2926 2546
2927 2552
2928 2557
2929 2553
2930 2553
2931 2554
2932 2552
2933 2553
2934 2549
2935 2546
2936 2553
2937 2553
2938 2552
2939 2552
2940 2553
2941 2550
2942 2551
2943 2551
2944 2560
2945 2555
2946 2545
2947 2547
2948 2546
2949 2549
2950 2551
2951 2559
2952 2545
2953 2548
2954 2548
2955 2553
2956 2553
2957 2557
2958 2545
2959 2552
2960 2552
2961 2550
2962 2552
2963 2552
2964 2553
2965 2548
2966 2548
2967 2551
2968 2559
2969 2556
2970 2557
2971 2551
2972 2551
2973 2557
2974 2544
2975 2552
2976 2553
2977 2555
2978 2544
2979 2553
2980 2544
2981 2544
2982 2558
2983 2554
2984 2548
2985 2546
2986 2550
2987 2545
2988 2544
2989 2545
2990 2551
2991 2552
2992 2553
2993 2545
2994 2551
2995 2547
2996 2554
2997 2548
2998 2545
2999 2545
3000 2548
3001 2548
3002 2552
3003 2556
3004 2558
3005 2547
3006 2546
3007 2544
3008 2544
3009 2544
3010 2545
3011 2545
3012 2551
3013 2551
3014 2552
3015 2553
3016 2551
3017 2545
3018 2551
3019 2550
3020 2550
3021 2544
3022 2549
3023 2552
3024 2547
3025 2548
3026 2556
3027 2546
3028 2549
3029 2549
3030 2549
3031 2556
3032 2549
3033 2551
3034 2552
3035 2550
3036 2544
3037 2551
3038 2544
3039 2548
3040 2549
3041 2550
3042 2550
3043 2551
3044 2549
3045 2549
3046 2550
3047 2549
3048 2552
3049 2545
3050 2554
3051 2544
3052 2553
3053 2550
3054 2549
3055 2558
3056 2550
3057 2550
3058 2552
3059 2549
3060 2547
3061 2549
3062 2548
3063 2558
3064 2548
3065 2544
3066 2544
3067 2548
3068 2550
3069 2544
3070 2544
3071 2549
3072 2549
3073 2558
3074 2550
3075 2556
3076 2552
3077 2555
3078 2552
3079 2555
3080 2549
3081 2549
3082 2551
3083 2544
3084 2552
3085 2544
3086 2553
3087 2552
3088 2548
3089 2544
3090 2552
3091 2556
3092 2549
3093 2556
3094 2551
3095 2551
3096 2552
3097 2549
3098 2551
3099 2549
3100 2544
3101 2543
3102 2552
3103 2549
3104 2546
3105 2550
3106 2549
3107 2549
3108 2548
3109 2549
3110 2549
3111 2551
3112 2544
3113 2550
3114 2549
3115 2549
3116 2551
3117 2552
3118 2552
3119 2555
3120 2551
3121 2550
3122 2551
3123 2554
3124 2551
3125 2549
3126 2551
3127 2551
3128 2547
3129 2540
3130 2540
3131 2549
3132 2543
3133 2544
3134 2547
3135 2546
3136 2548
3137 2548
3138 2547
3139 2548
3140 2539
3141 2547
3142 2547
3143 2548
3144 2548
3145 2538
3146 2546
3147 2546
3148 2548
3149 2546
3150 2546
3151 2545
3152 2546
3153 2544
3154 2537
3155 2550
3156 2544
3157 2545
3158 2547
3159 2545
3160 2545
3161 2549
3162 2543
3163 2550
3164 2539
3165 2543
3166 2549
3167 2542
3168 2548
3169 2545
3170 2542
3171 2544
3172 2544
3173 2543
3174 2543
3175 2544
3176 2544
3177 2543
3178 2541
3179 2540
3180 2544
3181 2541
3182 2547
3183 2545
3184 2539
3185 2541
3186 2542
3187 2545
3188 2540
3189 2545
3190 2540
3191 2537
3192 2541
3193 2538
3194 2542
3195 2542
3196 2542
3197 2542
3198 2542
3199 2542
3200 2543
3201 2543
3202 2542
3203 2542
3204 2542
3205 2542
3206 2546
3207 2543
3208 2542
3209 2542
3210 2544
3211 2543
3212 2548
3213 2542
3214 2542
3215 2534
3216 2543
3217 2542
3218 2544
3219 2542
3220 2542
3221 2541
3222 2542
3223 2542
3224 2545
3225 2545
3226 2549
3227 2544
3228 2544
3229 2548
3230 2545
3231 2546
3232 2543
3233 2545
3234 2545
3235 2542
3236 2542
3237 2543
3238 2541
3239 2542
3240 2543
3241 2549
3242 2549
3243 2543
3244 2541
3245 2547
3246 2542
3247 2543
3248 2546
3249 2543
3250 2543
3251 2543
3252 2546
3253 2542
3254 2548
3255 2547
3256 2545
3257 2543
3258 2543
3259 2545
3260 2542
3261 2546
3262 2546
3263 2543
3264 2543
3265 2543
3266 2542
3267 2543
3268 2543
3269 2542
3270 2543
3271 2547
3272 2543
3273 2542
3274 2546
3275 2542
3276 2543
3277 2542
3278 2542
3279 2541
3280 2541
3281 2541
3282 2540
3283 2541
3284 2540
3285 2536
3286 2541
3287 2540
3288 2541
3289 2542
3290 2540
3291 2540
3292 2541
3293 2541
3294 2540
3295 2540
3296 2541
3297 2540
3298 2541
3299 2539
3300 2543
3301 2541
3302 2540
3303 2541
3304 2540
3305 2540
3306 2540
3307 2540
3308 2540
3309 2538
3310 2540
3311 2540
3312 2546
3313 2540
3314 2540
3315 2541
3316 2540
3317 2539
3318 2544
3319 2538
3320 2542
3321 2536
3322 2540
3323 2545
3324 2539
3325 2540
3326 2539
3327 2537
3328 2538
3329 2539
3330 2539
3331 2538
3332 2539
3333 2538
3334 2539
3335 2539
3336 2541
3337 2537
3338 2538
3339 2540
3340 2539
3341 2538
3342 2539
3343 2539
3344 2538
3345 2538
3346 2538
3347 2539
3348 2538
3349 2539
3350 2539
3351 2537
3352 2538
3353 2538
3354 2538
3355 2538
3356 2537
3357 2537
3358 2538
3359 2538
3360 2540
3361 2539
3362 2539
3363 2539
3364 2538
3365 2537
3366 2537
3367 2537
3368 2538
3369 2538
3370 2538
3371 2538
3372 2537
3373 2538
3374 2538
3375 2537
3376 2539
3377 2538
3378 2537
3379 2538
3380 2538
3381 2538
3382 2537
3383 2537
3384 2538
3385 2538
3386 2538
3387 2538
3388 2538
3389 2538
3390 2538
3391 2537
3392 2537
3393 2536
3394 2538
3395 2541
3396 2538
3397 2537
3398 2538
3399 2538
3400 2540
3401 2538
3402 2538
3403 2541
3404 2538
3405 2538
3406 2537
3407 2537
3408 2541
3409 2538
3410 2538
3411 2538
3412 2538
3413 2538
3414 2539
3415 2538
3416 2539
3417 2538
3418 2538
3419 2538
3420 2538
3421 2537
3422 2537
3423 2537
3424 2537
3425 2538
3426 2538
3427 2538
3428 2537
3429 2537
3430 2537
3431 2538
3432 2538
3433 2537
3434 2534
3435 2538
3436 2538
3437 2536
3438 2537
3439 2538
3440 2537
3441 2538
3442 2533
3443 2529
3444 2538
3445 2537
3446 2540
3447 2542
3448 2530
3449 2537
3450 2536
3451 2539
3452 2535
3453 2534
3454 2532
3455 2536
3456 2538
3457 2537
3458 2542
3459 2538
3460 2537
3461 2536
3462 2542
3463 2529
3464 2528
3465 2527
3466 2527
3467 2527
3468 2531
3469 2534
3470 2534
3471 2529
3472 2535
3473 2533
3474 2534
3475 2534
3476 2534
3477 2540
3478 2537
3479 2533
3480 2529
3481 2539
3482 2529
3483 2526
3484 2537
3485 2529
3486 2532
3487 2533
3488 2528
3489 2528
3490 2538
3491 2532
3492 2530
3493 2530
3494 2532
3495 2532
3496 2532
3497 2532
3498 2530
3499 2531
3500 2529
3501 2530
3502 2530
3503 2530
3504 2532
3505 2532
3506 2532
3507 2532
3508 2524
3509 2524
3510 2524
3511 2528
3512 2537
3513 2533
3514 2533
3515 2523
3516 2527
3517 2534
3518 2530
3519 2530
3520 2529
3521 2531
3522 2530
3523 2529
3524 2534
3525 2531
3526 2530
3527 2529
3528 2530
3529 2529
3530 2529
3531 2528
3532 2529
3533 2530
3534 2528
3535 2529
3536 2528
3537 2528
3538 2528
3539 2529
3540 2529
3541 2528
3542 2528
3543 2529
3544 2529
3545 2529
3546 2529
3547 2529
3548 2529
3549 2529
3550 2528
3551 2529
3552 2529
3553 2528
3554 2529
3555 2528
3556 2535
3557 2529
3558 2529
3559 2531
3560 2531
3561 2531
3562 2528
3563 2529
3564 2532
3565 2529
3566 2528
3567 2532
3568 2529
3569 2529
3570 2530
3571 2528
3572 2525
3573 2528
3574 2533
3575 2524
3576 2524
3577 2528
3578 2530
3579 2529
3580 2528
3581 2528
3582 2533
3583 2527
3584 2529
3585 2527
3586 2527
3587 2527
3588 2527
3589 2531
3590 2527
3591 2527
3592 2528
3593 2528
3594 2531
3595 2531
3596 2529
3597 2530
3598 2520
3599 2527
3600 2528
3601 2528
3602 2528
3603 2528
3604 2529
3605 2531
3606 2527
3607 2527
3608 2526
3609 2527
3610 2527
3611 2527
3612 2527
3613 2526
3614 2527
3615 2528
3616 2528
3617 2528
3618 2528
3619 2532
3620 2528
3621 2522
3622 2527
3623 2526
3624 2528
3625 2528
3626 2528
3627 2519
3628 2531
3629 2527
3630 2527
3631 2527
3632 2527
3633 2526
3634 2530
3635 2533
3636 2526
3637 2529
3638 2529
3639 2529
3640 2526
3641 2526
3642 2528
3643 2524
3644 2529
3645 2528
3646 2527
3647 2527
3648 2532
3649 2529
3650 2525
3651 2525
3652 2524
3653 2526
3654 2526
3655 2526
3656 2524
3657 2524
3658 2528
3659 2523
3660 2528
3661 2526
3662 2523
3663 2527
3664 2526
3665 2525
3666 2524
3667 2519
3668 2517
3669 2526
3670 2523
3671 2529
3672 2517
3673 2520
3674 2524
3675 2527
3676 2527
3677 2526
3678 2529
3679 2526
3680 2525
3681 2527
3682 2526
3683 2526
3684 2525
3685 2525
3686 2518
3687 2526
3688 2525
3689 2521
3690 2526
3691 2524
3692 2526
3693 2516
3694 2516
3695 2529
3696 2522
3697 2516
3698 9999
3699 2524
3700 2522
3701 2521
3702 2523
3703 2524
3704 2526
3705 2523
3706 2523
3707 2518
3708 2521
3709 2521
3710 2521
3711 9999
3712 2521
3713 2521
3714 2520
3715 2520
3716 2520
3717 2521
3718 9999
3719 2522
3720 9999
3721 2520
3722 2520
3723 9999
3724 9999
3725 9999
3726 9999
3727 2518
3728 2519
3729 2520
3730 2519
3731 9999
3732 2520
3733 9999
3734 9999
3735 9999
3736 2520
3737 2517
3738 2517
3739 2518
3740 2517
3741 2517
3742 9999
3743 9999
3744 9999
3745 9999
3746 9999
3747 2518
3748 2518
3749 2518
3750 9999
3751 9999
3752 9999
3753 9999
3754 2516
3755 9999
3756 9999
3757 9999
3758 9999
3759 9999
3760 9999
3761 9999
3762 9999
3763 9999
3764 9999
3765 9999
3766 9999
3767 9999
3768 9999
3769 9999
3770 9999
3771 9999
3772 9999
3773 9999
3774 9999
3775 9999
3776 9999
3777 9999
3778 9999
3779 9999
3780 9999
3781 9999
3782 9999
3783 9999
3784 9999
3785 9999
3786 9999
3787 9999
3788 9999
3789 2514
3790 9999
3791 9999
3792 9999
3793 9999
3794 9999
3795 9999
3796 9999
3797 9999
3798 9999
3799 2513
3800 9999
3801 2512
3802 2512
3803 9999
3804 9999
3805 2512
3806 2512
3807 2512
3808 2512
3809 9999
3810 9999
3811 9999
3812 9999
3813 9999
3814 9999
3815 9999
3816 9999
3817 9999
3818 9999
3819 9999
3820 2511
3821 2511
3822 9999
3823 9999
3824 9999
3825 9999
3826 9999
3827 9999
3828 9999
3829 9999
3830 9999
3831 9999
3832 9999
3833 9999
3834 9999
3835 9999
3836 9999
3837 9999
3838 9999
3839 9999
3840 9999
3841 9999
3842 9999
3843 9999
3844 9999
3845 9999
3846 9999
3847 9999
3848 9999
3849 9999
3850 9999
3851 9999
3852 9999
3853 9999
3854 9999
3855 9999
3856 9999
3857 9999
3858 9999
3859 9999
3860 9999
3861 9999
3862 9999
3863 9999
3864 9999
3865 9999
3866 9999
3867 9999
3868 9999
3869 9999
3870 9999
3871 9999
3872 9999
3873 9999
3874 9999
3875 9999
3876 9999
3877 9999
3878 9999
3879 9999
3880 2512
3881 2511
3882 9999
3883 9999
3884 9999
3885 9999
3886 9999
3887 9999
3888 9999
3889 9999
3890 9999
3891 9999
3892 9999
3893 9999
3894 9999
3895 9999
3896 9999
3897 9999
3898 9999
3899 9999
3900 9999
3901 9999
3902 9999
3903 9999
3904 9999
3905 2510
3906 2510
3907 2510
3908 2510
3909 2510
3910 2511
3911 9999
3912 2511
3913 9999
3914 9999
3915 9999
3916 9999
3917 9999
3918 2509
3919 2510
3920 2510
3921 2510
3922 2510
3923 2510
3924 2510
3925 2510
3926 2509
3927 9999
3928 9999
3929 9999
3930 9999
3931 9999
3932 9999
3933 9999
3934 9999
3935 9999
3936 2510
3937 2512
3938 2511
3939 9999
3940 9999
3941 9999
3942 9999
3943 9999
3944 2512
3945 2511
3946 2511
3947 2510
3948 9999
3949 9999
3950 2511
3951 9999
3952 9999
3953 2509
3954 9999
3955 9999
3956 9999
3957 2509
3958 2509
3959 2509
3960 2509
3961 2509
3962 9999
3963 9999
3964 2509
3965 2508
3966 2508
3967 2508
3968 2508
3969 2508
3970 2508
3971 2508
3972 2508
3973 2508
3974 2508
3975 2508
3976 2508
3977 2508
3978 9999
3979 9999
3980 9999
3981 9999
3982 2508
3983 2508
3984 2508
3985 9999
3986 9999
3987 9999
3988 9999
3989 9999
3990 9999
3991 9999
3992 9999
3993 9999
3994 9999
3995 9999
3996 9999
3997 9999
3998 9999
3999 9999
4000 9999
4001 9999
4002 9999
4003 9999
4004 9999
4005 9999
4006 9999
4007 9999
4008 9999
4009 9999
4010 9999
4011 9999
4012 9999
4013 9999
4014 9999
4015 9999
4016 9999
4017 9999
4018 9999
4019 9999
4020 9999
4021 9999
4022 9999
4023 9999
4024 9999
4025 9999
4026 9999
4027 9999
4028 9999
4029 9999
4030 9999
4031 9999
4339 9999
4340 9999
4341 9999
4342 2510
4343 9999
4344 9999
4345 2510
4346 2510
4347 2510
4348 2509
4349 2510
4350 2510
4351 2511
4352 2509
4353 2510
4354 2512
4355 2511
4356 2511
4357 2511
4358 2512
4359 2511
4360 2512
4361 2512
4362 2511
4363 2509
4364 2512
4365 2511
4366 2511
4367 2513
4368 2513
4369 2514
4370 2505
4371 2519
4372 2512
4373 2511
4374 2505
4375 2519
4376 2515
4377 2512
4378 2506
4379 2506
4380 2512
4381 2511
4382 2513
4383 2506
4384 2516
4385 2515
4386 2518
4387 2512
4388 2513
4389 2513
4390 2513
4391 2513
4392 2513
4393 2516
4394 2513
4395 2512
4396 2508
4397 2514
4398 2513
4399 2521
4400 2514
4401 2513
4402 2513
4403 2513
4404 2513
4405 2509
4406 2512
4407 2507
4408 2511
4409 2507
4410 2513
4411 2514
4412 2512
4413 2513
4414 2516
4415 2512
4416 2514
4417 2510
4418 2521
4419 2507
4420 2510
4421 2512
4422 2512
4423 2512
4424 2513
4425 2512
4426 2515
4427 2515
4428 2520
4429 2520
4430 2515
4431 2516
4432 2515
4433 2514
4434 2514
4435 2517
4436 2513
4437 2511
4438 2513
4439 2512
4440 2512
4441 2513
4442 2517
4443 2514
4444 2515

