2 2525
3 2525
4 2524
5 2524
6 2525
7 2524
8 2525
9 2524
10 2524
11 2524
12 2525
13 2525
14 2526
15 2525
16 2525
17 2524
18 2524
19 2524
20 2524
21 2524
22 2522
23 2521
24 2521
25 2519
26 2519
27 2520
28 2519
29 2520
30 2522
31 2520
32 2519
33 2518
34 2518
35 2518
36 2518
37 2518
38 2518
39 2518
40 2518
41 2518
42 2518
43 2518
44 2518
45 2518
46 2518
47 2518
48 2525
49 2518
50 2518
51 2518
52 2518
53 2525
54 2519
55 2519
56 2519
57 2519
58 2519
59 2519
60 2519
61 2520
62 2520
63 2520
64 2520
65 2521
66 2521
67 2520
68 2526
69 2526
70 2521
71 2521
72 2521
73 2521
74 2522
75 2522
76 2521
77 2521
78 2521
79 2521
80 2521
81 2520
82 2520
83 2520
84 2520
85 2521
86 2521
87 2521
88 2520
89 2520
90 2519
91 2520
92 2520
93 2520
94 2519
95 2518
96 2518
97 2520
98 2518
99 2518
100 2523
101 2518
102 2518
103 2518
104 2519
105 2518
106 2518
107 2518
108 2517
109 2518
110 2517
111 2517
112 2517
113 2517
114 2518
115 2517
116 2517
117 2517
118 2517
119 2521
120 2516
121 2516
122 2516
123 2518
124 2519
125 2518
126 2518
127 2518
128 2519
129 2519
130 2519
131 2519
132 2520
133 2520
134 2520
135 2520
136 2520
137 2521
138 2521
139 2521
140 2521
141 2521
142 2521
143 2520
144 2521
145 2521
146 2520
147 2520
148 2520
149 2521
150 2522
151 2525
152 2526
153 2519
154 2519
155 2519
156 2520
157 2527
158 2518
159 2518
160 2518
161 2518
162 2519
163 2518
164 2518
165 2519
166 2519
167 2520
168 2519
169 2519
170 2519
171 2519
172 2519
173 2519
174 2519
175 2519
176 2519
177 2519
178 2519
179 2519
180 2527
181 2517
182 2518
183 2520
184 2520
185 2519
186 2519
187 2519
188 2519
189 2519
190 2519
191 2519
192 2521
193 2521
194 2521
195 2521
196 2529
197 2521
198 2528
199 2520
200 2522
201 2521
202 2521
203 2521
204 2521
205 2527
206 2521
207 2520
208 2520
209 2521
210 2527
211 2520
212 2520
213 2521
214 2521
215 2520
216 2520
217 2520
218 2520
219 2520
220 2521
221 2521
222 2521
223 2521
224 2522
225 2523
226 2521
227 2521
228 2521
229 2522
230 2521
231 2521
232 2521
233 2521
234 2524
235 2530
236 2523
237 2524
238 2524
239 2523
240 2524
241 2524
242 2524
243 2524
244 2525
245 2525
246 2525
247 2526
248 2526
249 2526
250 2526
251 2525
252 2526
253 2525
254 2525
255 2525
256 2531
257 2526
258 2526
259 2526
260 2526
261 2529
262 2527
263 2526
264 2527
265 2532
266 2526
267 2527
268 2527
269 2527
270 2527
271 2527
272 2526
273 2526
274 2526
275 2526
276 2525
277 2525
278 2524
279 2526
280 2532
281 2528
282 2528
283 2528
284 2527
285 2527
286 2526
287 2531
288 2525
289 2531
290 2529
291 2528
292 2527
293 2530
294 2532
295 2535
296 2533
297 2526
298 2526
299 2537
300 2526
301 2526
302 2526
303 2526
304 2527
305 2526
306 2527
307 2524
308 2525
309 2525
310 2525
311 2525
312 2525
313 2525
314 2524
315 2524
316 2524
317 2524
318 2523
319 2522
320 2524
321 2526
322 2524
323 2525
324 2523
325 2523
326 2523
327 2523
328 2522
329 2522
330 2522
331 2522
332 2523
333 2522
334 2522
335 2522
336 2531
337 2521
338 2521
339 2522
340 2523
341 2522
342 2521
343 2521
344 2521
345 2520
346 2521
347 2521
348 2522
349 2521
350 2521
351 2521
352 2521
353 2520
354 2521
355 2521
356 2521
357 2521
358 2521
359 2521
360 2521
361 2521
362 2521
363 2521
364 2521
365 2521
366 2521
367 2521
368 2521
369 2521
370 2521
371 2521
372 2521
373 2521
374 2527
375 2521
376 2522
377 2522
378 2521
379 2521
380 2521
381 2521
382 2521
383 2521
384 2521
385 2521
386 2521
387 2521
388 2522
389 2522
390 2522
391 2522
392 2522
393 2522
394 2522
395 2521
396 2522
397 2522
398 2522
399 2522
400 2522
401 2522
402 2521
403 2522
404 2522
405 2522
406 2523
407 2522
408 2522
409 2521
410 2521
411 2521
412 2522
413 2522
414 2523
415 2522
416 2523
417 2523
418 2532
419 2524
420 2531
421 2531
422 2531
423 2526
424 2531
425 2530
426 2528
427 2525
428 2527
429 2526
430 2525
431 2524
432 2524
433 2523
434 2523
435 2523
436 2523
437 2523
438 2523
439 2524
440 2523
441 2523
442 2523
443 2523
444 2524
445 2524
446 2524
447 2524
448 2524
449 2524
450 2524
451 2524
452 2524
453 2527
454 2527
455 2524
456 2525
457 2526
458 2526
459 2525
460 2524
461 2524
462 2525
463 2525
464 2524
465 2525
466 2534
467 2525
468 2525
469 2531
470 2530
471 2525
472 2526
473 2533
474 2531
475 2525
476 2524
477 2524
478 2525
479 2525
480 2525
481 2525
482 2529
483 2525
484 2525
485 2525
486 2532
487 2525
488 2532
489 2524
490 2524
491 2524
492 2524
493 2523
494 2522
495 2522
496 2522
497 2523
498 2522
499 2522
500 2523
501 2522
502 2526
503 2526
504 2523
505 2523
506 2522
507 2521
508 2522
509 2523
510 2522
511 2523
512 2522
513 2523
514 2523
515 2523
516 2523
517 2523
518 2523
519 2524
520 2524
521 2524
522 2524
523 2523
524 2523
525 2523
526 2522
527 2522
528 2524
529 2524
530 2526
531 2524
532 2526
533 2527
534 2527
535 2527
536 2527
537 2526
538 2526
539 2528
540 2526
541 2527
542 2527
543 2528
544 2528
545 2528
546 2528
547 2529
548 2528
549 2529
550 2528
551 2529
552 2529
553 2529
554 2529
555 2529
556 2529
557 2529
558 2529
559 2530
560 2529
561 2530
562 2544
563 2537
564 2537
565 2544
566 2539
567 2541
568 2542
569 2543
570 2543
571 2538
572 2544
573 2530
574 2528
575 2527
576 2527
577 2527
578 2533
579 2527
580 2542
581 2531
582 2532
583 2533
584 2532
585 2531
586 2531
587 2541
588 2541
589 2529
590 2536
591 2534
592 2528
593 2529
594 2528
595 2528
596 2537
597 2529
598 2537
599 2537
600 2535
601 2535
602 2535
603 2537
604 2530
605 2529
606 2543
607 2534
608 2531
609 2530
610 2529
611 2529
612 2529
613 2534
614 2528
615 2528
616 2529
617 2530
618 2528
619 2529
620 2528
621 2528
622 2529
623 2529
624 2529
625 2528
626 2528
627 2528
628 2528
629 2528
630 2529
631 2528
632 2528
633 2527
634 2528
635 2528
636 2528
637 2539
638 2539
639 2537
640 2537
641 2535
642 2537
643 2537
644 2536
645 2526
646 2525
647 2525
648 2525
649 2543
650 2531
651 2538
652 2529
653 2530
654 2528
655 2528
656 2530
657 2527
658 2530
659 2528
660 2527
661 2527
662 2526
663 2527
664 2526
665 2527
666 2527
667 2528

