2 2498
3 2498
4 2498
5 2498
6 2498
7 2497
8 2498
9 2498
10 2498
11 2498
12 2498
13 2498
14 2498
15 2498
16 2498
17 2498
18 2498
19 2498
20 2497
21 2497
22 2498
23 2498
24 2498
25 2498
26 2498
27 2498
28 2498
29 2498
30 2498
31 2498
32 2497
33 2498
34 2498
35 2499
36 2499
37 2498
38 2498
39 2498
40 2498
41 2497
42 2498
43 2499
44 2498
45 2498
46 2498
47 2498
48 2498
49 2498
50 2498
51 2498
52 2498
53 2498
54 2498
55 2498
56 2498
57 2498
58 2498
59 2498
60 2497
61 2498
62 2497
63 2498
64 2498
65 2497
66 2497
67 2498
68 2498
69 2497
70 2498
71 2498
72 2498
73 2498
74 2498
75 2498
76 2498
77 2498
78 2498
79 2498
80 2498
81 2498
82 2498
83 2498
84 2498
85 2498
86 2498
87 2498
88 2498
89 2498
90 2498
91 2498
92 2498
93 2498
94 2498
95 2498
96 2498
97 2498
98 2498
99 2498
100 2498
101 2498
102 2498
103 2498
104 2498
105 2498
106 2498
107 2497
108 2498
109 2497
110 2497
111 2497
112 2497
113 2497
114 2497
115 2497
116 2497
117 2497
118 2497
119 2497
120 2497
121 2497
122 2497
123 2497
124 2497
125 2497
126 2497
127 2497
128 2497
129 2497
130 2497
131 2496
132 2497
133 2497
134 2497
135 2496
136 2496
137 2496
138 2496
139 2497
140 2497
141 2496
142 2496
143 2496
144 2497
145 2497
146 2497
147 2496
148 2496
149 2497
150 2496
151 2496
152 2496
153 2497
154 2497
155 2497
156 2496
157 2497
158 2497
159 2497
160 2497
161 2497
162 2497
163 2497
164 2497
165 2497
166 2497
167 2497
168 2497
169 2500
170 2498
171 2496
172 2497
173 2498
174 2497
175 2497
176 2497
177 2497
178 2497
179 2497
180 2497
181 2497
182 2497
183 2497
184 2497
185 2497
186 2497
187 2498
188 2497
189 2497
190 2498
191 2497
192 2497
193 2498
194 2498
195 2498
196 2498
197 2498
198 2498
199 2498
200 2498
201 2498
202 2498
203 2498
204 2498
205 2498
206 2497
207 2497
208 2497
209 2497
210 2498
211 2497
212 2497
213 2498
214 2497
215 2497
216 2497
217 2497
218 2497
219 2497
220 2497
221 2498
222 2500
223 2497
224 2497
225 2497
226 2497
227 2497
228 2497
229 2497
230 2497
231 2497
232 2496
233 2496
234 2496
235 2496
236 2496
237 2496
238 2496
239 2496
240 2496
241 2497
242 2497
243 2497
244 2497
245 2496
246 2496
247 2496
248 2496
249 2496
250 2496
251 2496
252 2496
253 2496
254 2496
255 2496
256 2497
257 2496
258 2496
259 2496
260 2496
261 2496
262 2496
263 2496
264 2496
265 2496
266 2496
267 2496
268 2496
269 2496
270 2496
271 2496
272 2496
273 2496
274 2496
275 2496
276 2496
277 2495
278 2496
279 2496
280 2496
281 2496
282 2496
283 2495
284 2496
285 2496
286 2496
287 2495
288 2495
289 2495
290 2495
291 2496
292 2494
293 2496
294 2495
295 2495
296 2495
297 2496
298 2496
299 2495
300 2495
301 2495
302 2495
303 2496
304 2495
305 2495
306 2495
307 2495
308 2495
309 2495
310 2495
311 2495
312 2495
313 2496
314 2495
315 2495
316 2495
317 2495
318 2495
319 2495
320 2494
321 2495
322 2495
323 2495
324 2494
325 2494
326 2494
327 2495
328 2494
329 2494
330 2494
331 2494
332 2495
333 2495
334 2494
335 2494
336 2494
337 2494
338 2494
339 2494
340 2494
341 2494
342 2494
343 2494
344 2495
345 2492
346 2494
347 2493
348 2496
349 2494
350 2493
351 2498
352 2496
353 2495
354 2494
355 2497
356 2494
357 2494
358 2493
359 2494
360 2494
361 2494
362 2493
363 2494
364 2493
365 2493
366 2494
367 2493
368 2493
369 2493
370 2493
371 2493
372 2493
373 2493
374 2493
375 2493
376 2493
377 2493
378 2493
379 2493
380 2493
381 2493
382 2492
383 2493
384 2493
385 2493
386 2493
387 2493
388 2492
389 2492
390 2493
391 2493
392 2492
393 2493
394 2492
395 2492
396 2492
397 2492
398 2493
399 2492
400 2493
401 2493
402 2492
403 2498
404 2492
405 2493
406 2492
407 2493
408 2493
409 2494
410 2493
411 2492
412 2493
413 2493
414 2492
415 2492
416 2493
417 2492
418 2492
419 2492
420 2492
421 2492
422 2492
423 2492
424 2492
425 2492
426 2492
427 2492
428 2492
429 2492
430 2493
431 2492
432 2492
433 2492
434 2492
435 2492
436 2492
437 2492
438 2492
439 2492
440 2492
441 2492
442 2492
443 2491
444 2492
445 2492
446 2492
447 2492
448 2492
449 2492
450 2492
451 2492
452 2492
453 2492
454 2491
455 2492
456 2492
457 2491
458 2492
459 2492
460 2492
461 2492
462 2492
463 2492
464 2492
465 2492
466 2492
467 2492
468 2492
469 2492
470 2492
471 2492
472 2492
473 2492
474 2492
475 2492
476 2491
477 2492
478 2492
479 2492
480 2492
481 2492
482 2492
483 2492
484 2492
485 2492
486 2492
487 2492
488 2492
489 2492
490 2492
491 2492
492 2492
493 2492
494 2492
495 2492
496 2492
497 2492
498 2493
499 2493
500 2492
501 2492
502 2492
503 2492
504 2492
505 2492
506 2493
507 2494
508 2492
509 2492
510 2492
511 2492
512 2492
513 2493
514 2493
515 2493
516 2492
517 2493
518 2492
519 2493
520 2493
521 2492
522 2492
523 2492
524 2492
525 2493
526 2493
527 2493
528 2492
529 2492
530 2492
531 2493
532 2493
533 2493
534 2493
535 2493
536 2492
537 2493
538 2493
539 2493
540 2493
541 2493
542 2493
543 2493
544 2493
545 2493
546 2493
547 2493
548 2493
549 2493
550 2493
551 2493
552 2493
553 2493
554 2493
555 2493
556 2494
557 2494
558 2493
559 2493
560 2494
561 2494
562 2493
563 2493
564 2493
565 2493
566 2494
567 2494
568 2494
569 2494
570 2494
571 2494
572 2494
573 2494
574 2494
575 2494
576 2495
577 2494
578 2494
579 2494
580 2494
581 2494
582 2494
583 2494
584 2494
585 2494
586 2494
587 2494
588 2494
589 2494
590 2494
591 2494
592 2494
593 2494
594 2494
595 2494
596 2494
597 2494
598 2494
599 2494
600 2501
601 2494
602 2494
603 2494
604 2494
605 2493
606 2494
607 2494
608 2494
609 2494
610 2494
611 2494
612 2494
613 2494
614 2494
615 2494
616 2494
617 2494
618 2494
619 2493
620 2494
621 2493
622 2494
623 2494
624 2494
625 2493
626 2494
627 2494
628 2494
629 2494
630 2493
631 2494
632 2494
633 2494
634 2494
635 2494
636 2494
637 2494
638 2494
639 2494
640 2494
641 2495
642 2494
643 2495
644 2495
645 2494
646 2495
647 2495
648 2495
649 2495
650 2495
651 2495
652 2495
653 2495
654 2495
655 2494
656 2495
657 2495
658 2495
659 2499
660 2495
661 2496
662 2495
663 2495
664 2495
665 2496
666 2496
667 2496
668 2495
669 2495
670 2495
671 2496
672 2496
673 2495
674 2495
675 2496
676 2496
677 2496
678 2495
679 2496
680 2496
681 2495
682 2495
683 2495
684 2496
685 2496
686 2496
687 2496
688 2496
689 2496
690 2497
691 2498
692 2500
693 2495
694 2495
695 2495
696 2496
697 2495
698 2496
699 2496
700 2495
701 2495
702 2495
703 2496
704 2496
705 2496
706 2496
707 2495
708 2496
709 2496
710 2496
711 2496
712 2495
713 2496
714 2496
715 2495
716 2496
717 2496
718 2496
719 2496
720 2496
721 2497
722 2497
723 2497
724 2497
725 2497
726 2496
727 2496
728 2497
729 2497
730 2497
731 2497
732 2496
733 2497
734 2497
735 2497
736 2497
737 2497
738 2497
739 2497
740 2497
741 2497
742 2497
743 2497
744 2497
745 2497
746 2498
747 2497
748 2498
749 2497
750 2497
751 2498
752 2498
753 2499
754 2498
755 2498
756 2497
757 2498
758 2497
759 2498
760 2498
761 2498
762 2498
763 2497
764 2498
765 2498
766 2498
767 2498
768 2498
769 2498
770 2498
771 2498
772 2498
773 2498
774 2498
775 2498
776 2498
777 2498
778 2497
779 2498
780 2498
781 2498
782 2498
783 2498
784 2499
785 2498
786 2498
787 2498
788 2498
789 2498
790 2498
791 2499
792 2499
793 2498
794 2498
795 2499
796 2498
797 2498
798 2499
799 2498
800 2498
801 2498
802 2498
803 2499
804 2499
805 2498
806 2498
807 2499
808 2498
809 2498
810 2498
811 2498
812 2498
813 2499
814 2500
815 2498
816 2498
817 2498
818 2498
819 2499
820 2499
821 2498
822 2497
823 2498
824 2499
825 2498
826 2499
827 2498
828 2498
829 2498
830 2499
831 2498
832 2499
833 2499
834 2499
835 2499
836 2499
837 2499
838 2499
839 2499
840 2499
841 2499
842 2499
843 2499
844 2500
845 2500
846 2500
847 2500
848 2500
849 2500
850 2501
851 2501
852 2501
853 2501
854 2501
855 2501
856 2501
857 2501
858 2501
859 2501
860 2501
861 2501
862 2501
863 2501
864 2500
865 2501
866 2500
867 2501
868 2500
869 2501
870 2501
871 2501
872 2500
873 2500
874 2501
875 2501
876 2501
877 2501
878 2501
879 2500
880 2500
881 2500
882 2500
883 2500
884 2500
885 2500
886 2500
887 2500
888 2500
889 2501
890 2501
891 2501
892 2501
893 2501
894 2501
895 2502
896 2501
897 2502
898 2502
899 2502
900 2502
901 2502
902 2501
903 2502
904 2502
905 2502
906 2502
907 2502
908 2502
909 2502
910 2502
911 2502
912 2501
913 2501
914 2502
915 2502
916 2502
917 2502
918 2502
919 2501
920 2502
921 2502
922 2502
923 2501
924 2502
925 2503
926 2502
927 2501
928 2502
929 2502
930 2502
931 2502
932 2502
933 2502
934 2502
935 2503
936 2502
937 2502
938 2501
939 2502
940 2502
941 2501
942 2502
943 2502
944 2502
945 2501
946 2501
947 2501
948 2501
949 2501
950 2501
951 2502
952 2504
953 2500
954 2501
955 2501
956 2501
957 2501
958 2500
959 2500
960 2500
961 2501
962 2501
963 2501
964 2501
965 2501
966 2501
967 2501
968 2501
969 2501
970 2501
971 2500
972 2500
973 2501
974 2501
975 2501
976 2501
977 2501
978 2501
979 2501
980 2501
981 2501
982 2501
983 2501
984 2502
985 2501
986 2501
987 2502
988 2502
989 2501
990 2502
991 2502
992 2502
993 2501
994 2502
995 2502
996 2502
997 2502
998 2502
999 2502
1000 2502
1001 2502
1002 2502
1003 2502
1004 2502
1005 2502
1006 2502
1007 2502
1008 2501
1009 2501
1010 2502
1011 2501
1012 2501
1013 2501
1014 2502
1015 2502
1016 2501
1017 2501
1018 2501
1019 2501
1020 2501
1021 2501
1022 2501
1023 2501
1024 2501
1025 2500
1026 2502
1027 2501
1028 2501
1029 2501
1030 2501
1031 2501
1032 2501
1033 2501
1034 2501
1035 2501
1036 2501
1037 2501
1038 2501
1039 2501
1040 2500
1041 2500
1042 2500
1043 2500
1044 2501
1045 2500
1046 2501
1047 2501
1048 2501
1049 2501
1050 2500
1051 2500
1052 2501
1053 2500
1054 2503
1055 2504
1056 2501
1057 2502
1058 2502
1059 2501
1060 2501
1061 2501
1062 2501
1063 2501
1064 2501
1065 2501
1066 2501
1067 2501
1068 2501
1069 2501
1070 2501
1071 2501
1072 2500
1073 2501
1074 2501
1075 2500
1076 2502
1077 2501
1078 2501
1079 2501
1080 2502
1081 2502
1082 2501
1083 2502
1084 2502
1085 2502
1086 2502
1087 2502
1088 2502
1089 2502
1090 2502
1091 2502
1092 2502
1093 2502
1094 2502
1095 2502
1096 2502
1097 2502
1098 2502
1099 2502
1100 2502
1101 2501
1102 2502
1103 2502
1104 2502
1105 2502
1106 2502
1107 2503
1108 2502
1109 2503
1110 2503
1111 2502
1112 2502
1113 2502
1114 2501
1115 2502
1116 2502
1117 2503
1118 2503
1119 2503
1120 2503
1121 2503
1122 2503
1123 2503
1124 2502
1125 2503
1126 2503
1127 2503
1128 2503
1129 2503
1130 2503
1131 2502
1132 2502
1133 2502
1134 2503
1135 2503
1136 2503
1137 2503
1138 2502
1139 2504
1140 2503
1141 2502
1142 2501
1143 2502
1144 2502
1145 2502
1146 2503
1147 2503
1148 2502
1149 2504
1150 2502
1151 2503
1152 2503
1153 2503
1154 2502
1155 2503
1156 2503
1157 2503
1158 2504
1159 2503
1160 2504
1161 2504
1162 2504
1163 2504
1164 2509
1165 2504
1166 2504
1167 2504
1168 2505
1169 2504
1170 2504
1171 2505
1172 2505
1173 2505
1174 2505
1175 2505
1176 2505
1177 2505
1178 2505
1179 2504
1180 2505
1181 2505
1182 2505
1183 2505
1184 2506
1185 2503
1186 2506
1187 2506
1188 2505
1189 2505
1190 2505
1191 2506
1192 2505
1193 2505
1194 2505
1195 2505
1196 2506
1197 2506
1198 2511
1199 2507
1200 2506
1201 2507
1202 2505
1203 2505
1204 2506
1205 2506
1206 2507
1207 2507
1208 2507
1209 2506
1210 2507
1211 2507
1212 2507
1213 2507
1214 2507
1215 2507
1216 2506
1217 2507
1218 2507
1219 2506
1220 2507
1221 2507
1222 2507
1223 2507
1224 2507
1225 2507
1226 2507
1227 2507
1228 2507
1229 2507
1230 2506
1231 2506
1232 2507
1233 2507
1234 2507
1235 2507
1236 2507
1237 2507
1238 2507
1239 2507
1240 2507
1241 2508
1242 2507
1243 2507
1244 2507
1245 2507
1246 2507
1247 2509
1248 2507
1249 2507
1250 2508
1251 2506
1252 2507
1253 2505
1254 2510
1255 2513
1256 2504
1257 2510
1258 2506
1259 2506
1260 2508
1261 2507
1262 2509
1263 2509
1264 2508
1265 2509
1266 2507
1267 2507
1268 2507
1269 2507
1270 2507
1271 2508
1272 2508
1273 2508
1274 2508
1275 2509
1276 2508
1277 2507
1278 2507
1279 2507
1280 2507
1281 2507
1282 2507
1283 2507
1284 2507
1285 2507
1286 2507
1287 2507
1288 2507
1289 2507
1290 2507
1291 2507
1292 2507
1293 2507
1294 2507
1295 2507
1296 2507
1297 2507
1298 2507
1299 2507
1300 2507
1301 2507
1302 2507
1303 2507
1304 2507
1305 2507
1306 2507
1307 2507
1308 2507
1309 2507
1310 2507
1311 2507
1312 2507
1313 2507
1314 2507
1315 2507
1316 2507
1317 2507
1318 2507
1319 2507
1320 2507
1321 2507
1322 2507
1323 2507
1324 2508
1325 2507
1326 2508
1327 2508
1328 2508
1329 2507
1330 2507
1331 2508
1332 2507
1333 2508
1334 2507
1335 2507
1336 2507
1337 2507
1338 2507
1339 2507
1340 2507
1341 2507
1342 2507
1343 2508
1344 2508
1345 2508
1346 2508
1347 2507
1348 2508
1349 2508
1350 2508
1351 2508
1352 2508
1353 2508
1354 2508
1355 2508
1356 2508
1357 2508
1358 2508
1359 2508
1360 2508
1361 2508
1362 2508
1363 2508
1364 2508
1365 2508
1366 2508
1367 2508
1368 2508
1369 2508
1370 2508
1371 2508
1372 2508
1373 2509
1374 2509
1375 2509
1376 2509
1377 2509
1378 2509
1379 2509
1380 2509
1381 2509
1382 2509
1383 2509
1384 2509
1385 2509
1386 2509
1387 2509
1388 2510
1389 2510
1390 2510
1391 2510
1392 2509
1393 2510
1394 2510
1395 2510
1396 2510
1397 2510
1398 2510
1399 2510
1400 2510
1401 2510
1402 2510
1403 2510
1404 2511
1405 2510
1406 2510
1407 2510
1408 2510
1409 2510
1410 2510
1411 2510
1412 2511
1413 2511
1414 2511
1415 2510
1416 2511
1417 2511
1418 2510
1419 2510
1420 2510
1421 2511
1422 2510
1423 2511
1424 2511
1425 2511
1426 2511
1427 2511
1428 2511
1429 2511
1430 2511
1431 2511
1432 2511
1433 2511
1434 2511
1435 2511
1436 2511
1437 2510
1438 2511
1439 2511
1440 2511
1441 2511
1442 2511
1443 2511
1444 2511
1445 2512
1446 2511
1447 2512
1448 2511
1449 2511
1450 2511
1451 2511
1452 2511
1453 2511
1454 2511
1455 2511
1456 2511
1457 2511
1458 2511
1459 2511
1460 2510
1461 2510
1462 2510
1463 2511
1464 2511
1465 2510
1466 2510
1467 2510
1468 2511
1469 2511
1470 2511
1471 2511
1472 2511
1473 2511
1474 2511
1475 2511
1476 2513
1477 2510
1478 2511
1479 2512
1480 2511
1481 2513
1482 2511
1483 2513
1484 2512
1485 2513
1486 2512
1487 2512
1488 2512
1489 2513
1490 2513
1491 2512
1492 2513
1493 2513
1494 2513
1495 2514
1496 2513
1497 2513
1498 2513
1499 2514
1500 2514
1501 2512
1502 2512
1503 2512
1504 2511
1505 2511
1506 2514
1507 2511
1508 2511
1509 2511
1510 2511
1511 2511
1512 2511
1513 2511
1514 2511
1515 2512
1516 2511
1517 2510
1518 2510
1519 2511
1520 2511
1521 2511
1522 2510
1523 2510
1524 2511
1525 2511
1526 2511
1527 2512
1528 2512
1529 2511
1530 2511
1531 2511
1532 2511
1533 2512
1534 2512
1535 2512
1536 2512
1537 2512
1538 2512
1539 2512
1540 2511
1541 2515
1542 2514
1543 2513
1544 2512
1545 2511
1546 2512
1547 2512
1548 2512
1549 2512
1550 2513
1551 2514
1552 2513
1553 2513
1554 2512
1555 2515
1556 2515
1557 2515
1558 2514
1559 2513
1560 2513
1561 2513
1562 2514
1563 2517
1564 2514
1565 2515
1566 2511
1567 2511
1568 2511
1569 2514
1570 2512
1571 2515
1572 2515
1573 2510
1574 2510
1575 2510
1576 2510
1577 2510
1578 2511
1579 2516
1580 2516
1581 2512
1582 2515
1583 2514
1584 2515
1585 2512
1586 2509
1587 2509
1588 2509
1589 2508
1590 2509
1591 2509
1592 2512
1593 2508
1594 2513
1595 2509
1596 2510
1597 2509
1598 2509
1599 2509
1600 2510
1601 2509
1602 2511
1603 2512
1604 2510
1605 2511
1606 2511
1607 2511
1608 2512
1609 2511
1610 2512
1611 2514
1612 2513
1613 2510
1614 2510
1615 2510
1616 2511
1617 2510
1618 2510
1619 2510
1620 2509
1621 2509
1622 2510
1623 2510
1624 2511
1625 2511
1626 2511
1627 2512
1628 2510
1629 2511
1630 2511
1631 2511
1632 2511
1633 2511
1634 2511
1635 2511
1636 2511
1637 2511
1638 2511
1639 2511
1640 2511
1641 2511
1642 2516
1643 2511
1644 2511
1645 2511
1646 2511
1647 2511
1648 2511
1649 2511
1650 2511
1651 2510
1652 2513
1653 2510
1654 2513
1655 2511
1656 2511
1657 2512
1658 2513
1659 2515
1660 2513
1661 2510
1662 2512
1663 2512
1664 2510
1665 2510
1666 2511
1667 2512
1668 2511
1669 2512
1670 2512
1671 2511
1672 2512
1673 2511
1674 2512
1675 2512
1676 2512
1677 2511
1678 2512
1679 2512
1680 2511
1681 2511
1682 2511
1683 2511
1684 2514
1685 2512
1686 2513
1687 2512
1688 2511
1689 2512
1690 2511
1691 2511
1692 2513
1693 2512
1694 2510
1695 2510
1696 2511
1697 2511
1698 2511
1699 2509
1700 2511
1701 2510
1702 2509
1703 2510
1704 2509
1705 2510
1706 2512
1707 2510
1708 2510
1709 2517
1710 2515
1711 2509
1712 2510
1713 2512
1714 2509
1715 2509
1716 2509
1717 2513
1718 2513
1719 2514
1720 2514
1721 2509
1722 2515
1723 2514
1724 2511
1725 2511
1726 2510
1727 2511
1728 2512
1729 2512
1730 2509
1731 2509
1732 2510
1733 2510
1734 2510
1735 2510
1736 2510
1737 2513
1738 2510
1739 2509
1740 2509
1741 2514
1742 2509
1743 2510
1744 2510
1745 2509
1746 2509
1747 2509
1748 2509
1749 2509
1750 2509
1751 2509
1752 2509
1753 2509
1754 2509
1755 2510
1756 2510
1757 2510
1758 2510
1759 2510
1760 2510
1761 2511
1762 2508
1763 2509
1764 2510
1765 2510
1766 2511
1767 2511
1768 2514
1769 2511
1770 2517
1771 2512
1772 2512
1773 2513
1774 2512
1775 2513
1776 2514
1777 2517
1778 2513
1779 2512
1780 2512
1781 2512
1782 2512
1783 2513
1784 2513
1785 2513
1786 2513
1787 2513
1788 2518
1789 2513
1790 2516
1791 2512
1792 2512
1793 2512
1794 2512
1795 2511
1796 2511
1797 2511
1798 2511
1799 2511
1800 2514
1801 2511
1802 2511
1803 2512
1804 2511
1805 2510
1806 2511
1807 2511
1808 2511
1809 2510
1810 2511
1811 2511
1812 2510
1813 2511
1814 2510
1815 2510
1816 2511
1817 2511
1818 2521
1819 2511
1820 2512
1821 2511
1822 2511
1823 2512
1824 2512
1825 2512
1826 2512
1827 2511
1828 2511
1829 2511
1830 2510
1831 2511
1832 2512
1833 2510
1834 2511
1835 2511
1836 2512
1837 2512
1838 2512
1839 2516
1840 2512
1841 2510
1842 2511
1843 2511
1844 2511
1845 2515
1846 2512
1847 2513
1848 2515
1849 2515
1850 2517
1851 2516
1852 2515
1853 2513
1854 2513
1855 2513
1856 2518
1857 2512
1858 2513
1859 2514
1860 2512
1861 2515
1862 2512
1863 2511
1864 2516
1865 2515
1866 2514
1867 2515
1868 2514
1869 2513
1870 2513
1871 2513
1872 2511
1873 2513
1874 2512
1875 2512
1876 2512
1877 2512
1878 2511
1879 2511
1880 2511
1881 2511
1882 2512
1883 2511
1884 2511
1885 2513
1886 2510
1887 2510
1888 2510
1889 2510
1890 2510
1891 2510
1892 2510
1893 2509
1894 2509
1895 2509
1896 2509
1897 2510
1898 2511
1899 2511
1900 2511
1901 2510
1902 2510
1903 2510
1904 2510
1905 2509
1906 2510
1907 2510
1908 2510
1909 2510
1910 2510
1911 2510
1912 2511
1913 2520
1914 2510
1915 2510
1916 2510
1917 2511
1918 2511
1919 2512
1920 2511
1921 2511
1922 2522
1923 2512
1924 2511
1925 2511
1926 2513
1927 2512
1928 2512
1929 2513
1930 2513
1931 2513
1932 2512
1933 2524
1934 2511
1935 2511
1936 2522
1937 2511
1938 2511
1939 2512
1940 2511
1941 2512
1942 2517
1943 2512
1944 2512
1945 2512
1946 2511
1947 2511
1948 2512
1949 2511
1950 2511
1951 2511
1952 2510
1953 2510
1954 2510
1955 2509
1956 2509
1957 2509
1958 2509
1959 2509
1960 2509
1961 2508
1962 2509
1963 2508
1964 2509
1965 2508
1966 2510
1967 2510
1968 2509
1969 2508
1970 2508
1971 2506
1972 2509
1973 2509
1974 2506
1975 2507
1976 2508
1977 2507
1978 2507
1979 2507
1980 2509
1981 2507
1982 2508
1983 2508
1984 2508
1985 2509
1986 2509
1987 2509
1988 2509
1989 2510
1990 2509
1991 2510
1992 2510
1993 2511
1994 2510
1995 2512
1996 2510
1997 2510
1998 2510
1999 2513
2000 2511
2001 2510
2002 2510
2003 2510
2004 2509
2005 2509
2006 2510
2007 2509
2008 2509
2009 2509
2010 2509
2011 2509
2012 2509
2013 2509
2014 2509
2015 2506
2016 2506
2017 2507
2018 2506
2019 2508
2020 2505
2021 2510
2022 2507
2023 2507
2024 2507
2025 2507
2026 2508
2027 2509
2028 2506
2029 2507
2030 2507
2031 2506
2032 2506
2033 2507
2034 2507
2035 2506
2036 2507
2037 2506
2038 2507
2039 2507
2040 2507
2041 2507
2042 2507
2043 2509
2044 2511
2045 2508
2046 2508
2047 2506

184 2521
185 2519
186 2519
187 2522
188 2528
189 2518
190 2524
191 2520
192 2520
193 2520
194 2519
195 2518
196 2517
197 2525
198 2527
199 2519
200 2520
201 2519
202 2520
203 2524
204 2522
205 2516
206 2522
207 2523
208 2511
209 2511
210 2511
211 2519
212 2517
213 2517
214 2523
215 2515
216 2510
217 2511
218 2521
219 2509
220 2517
221 2510
222 9999
223 2510
224 2509
225 2509
226 2514
227 2509
228 2509
229 2510
230 2510
231 2516
232 2515
233 2515
234 2509
235 2516
236 2518
237 2517
238 2514
239 2517
240 2515
241 2515
242 2512
243 2524
244 2513
245 2511
246 2510
247 2515
248 2510
249 2512
250 2516
251 2510
252 2512
253 2510
254 2517
255 2517
256 2512
257 2510
258 2510
259 2517
260 2515
261 2517
262 2517
263 2516
264 2517
265 2518
266 2516
267 2518
268 2514
269 2520
270 2515
271 2516
272 2517
273 2517
274 2517
275 2517
276 2516
277 2522
278 2511
279 2516
280 2520
281 2510
282 2510
283 2510
284 2517
285 2520
286 2510
287 2510
288 2518
289 2516
290 2510
291 2519
292 2517
293 2511
294 2511
295 2525
296 2515
297 2517
298 2516
299 2516
300 2517
301 2518
302 2512
303 2511
304 2521
305 2518
306 2518
307 2518
308 2519
309 2517
310 2517
311 2518
312 2516
313 2513
314 2519
315 2523
316 2520
317 2515
318 2517
319 2518
320 2517
321 2511
322 2518
323 2512
324 2516
1280 2540
1281 2551
1282 2546
1283 2547
1284 2550
1285 2554
1286 2541
1287 2548
1288 2548
1289 2548
1290 2543
1291 2554
1292 2549
1293 2548
1294 2548
1295 2548
1296 2541
1297 2542
1298 2556
1299 2548
1300 2551
1301 2549
1302 2550
1303 2548
1304 2551
1305 2551
1306 2542
1307 2553
1308 2549
1309 2548
1310 2549
1311 2549
1312 2552
1313 2557
1314 2552
1315 2552
1316 2554
1317 2554
1318 2556
1319 2553
1320 2544
1321 2548
1322 2550
1323 2553
1324 2553
1325 2545
1326 2546
1327 2545
1328 2558
1329 2548
1330 2555
1331 2559
1332 2549
1333 2553
1334 2555
1335 2553
1336 2552
1337 2549
1338 2554
1339 2556
1340 2553
1341 2545
1342 2555
1343 2553
1344 2552
1345 2550
1346 2555
1347 2553
1348 2553
1349 2552
1350 2556
1351 2546
1352 2552
1353 2553
1354 2552
1355 2552
1356 2553
1357 2552
1358 2558
1359 2559
1360 2558
1361 2553
1362 2556
1363 2552
1364 2551
1365 2554
1366 2558
1367 2554
1368 2559
1369 2558
1370 2553
1371 2548
1372 2556
1373 2555
1374 2554
1375 2557
1376 2553
1377 2554
1378 2553
1379 2555
1380 2548
1381 2555
1382 2554
1383 2551
1384 2553
1385 2554
1386 2555
1387 2549
1388 2557
1389 2557
1390 2555
1391 2555
1392 2559
1393 2559
1394 2556
1395 2556
1396 2557
1397 2556
1398 2560
1399 2554
1400 2556
1401 2550
1402 2555

