369 2453
370 2454
371 2453
372 2456
373 2452
374 2453
375 2452
376 2453
377 2454
378 2452
379 2454
380 2453
381 2452
382 2453
383 2454
384 2454
385 2453
386 2454
387 2454
388 2455
389 2454
390 2454
391 2454
392 2454
393 2454
394 2460
395 2454
396 2454
397 2455
398 2457
399 2456
400 2455
401 2455
402 2454
403 2453
404 2453
405 2454
406 2454
407 2454
408 2454
409 2453
410 2453
411 2453
412 2453
413 2453
414 2453
415 2453
416 2453
417 2453
418 2453
419 2453
420 2453
421 2453
422 2453
423 2453
424 2453
425 2453
426 2452
427 2453
428 2453
429 2453
430 2453
431 2453
432 2453
433 2453
434 2453
435 2453
436 2453
437 2453
438 2453
439 2453
440 2453
441 2453
442 2452
443 2453
444 2453
445 2453
446 2453
447 2453
448 2453
449 2453
450 2453
451 2453
452 2453
453 2453
454 2453
455 2453
456 2453
457 2453
458 2453
459 2453
460 2453
461 2453
462 2453
463 2454
464 2455
465 2454
466 2453
467 2453
468 2454
469 2454
470 2454
471 2453
472 2453
473 2454
474 2454
475 2454
476 2454
477 2453
478 2454
479 2453
480 2454
481 2454
482 2454
483 2454
484 2456
485 2455
486 2456
487 2454
488 2454
489 2454
490 2454
491 2454
492 2454
493 2454
494 2455
495 2455
496 2455
497 2455
498 2455
499 2457
500 2456
501 2456
502 2456
503 2456
504 2456
505 2456
506 2456
507 2456
508 2456
509 2456
510 2456
511 2456
512 2456
513 2455
514 2456
515 2454
516 2456
517 2456
518 2456
519 2456
520 2456
521 2456
522 2457
523 2456
524 2457
525 2457
526 2458
527 2457
528 2458
529 2459
530 2459
531 2459
532 2459
533 2459
534 2459
535 2459
536 2459
537 2459
538 2458
539 2459
540 2459
541 2459
542 2459
543 2460
544 2459
545 2460
546 2460
547 2460
548 2459
549 2459
550 2459
551 2459
552 2458
553 2459
554 2459
555 2459
556 2459
557 2459
558 2459
559 2459
560 2461
561 2460
562 2460
563 2460
564 2462
565 2461
566 2461
567 2462
568 2462
569 2461
570 2462
571 2461
572 2462
573 2462
574 2461
575 2462
576 2462
577 2462
578 2462
579 2463
580 2463
581 2463
582 2463
583 2463
584 2463
585 2464
586 2464
587 2464
588 2464
589 2464
590 2464
591 2465
592 2464
593 2464
594 2464
595 2464
596 2465
597 2465
598 2465
599 2465
600 2466
601 2465
602 2465
603 2465
604 2466
605 2465
606 2466
607 2467
608 2466
609 2466
610 2466
611 2466
612 2467
613 2467
614 2466
615 2467
616 2467
617 2467
618 2468
619 2467
620 2467
621 2468
622 2468
623 2468
624 2468
625 2468
626 2469
627 2468
628 2469
629 2468
630 2470
631 2468
632 2468
633 2468
634 2469
635 2469
636 2467
637 2468
638 2467
639 2465
640 2466
641 2465
642 2465
643 2465
644 2465
645 2465
646 2465
647 2465
648 2465
649 2465
650 2465
651 2465
652 2465
653 2465
654 2465
655 2465
656 2465
657 2465
658 2466
659 2466
660 2465
661 2465
662 2465
663 2465
664 2466
665 2466
666 2465
667 2466
668 2465
669 2466
670 2465
671 2465
672 2465
673 2465
674 2465
675 2466
676 2466
677 2466
678 2466
679 2466
680 2467
681 2466
682 2466
683 2466
684 2467
685 2467
686 2466
687 2466
688 2466
689 2466
690 2466
691 2466
692 2466
693 2466
694 2467
695 2467
696 2467
697 2467
698 2467
699 2467
700 2467
701 2467
702 2468
703 2468
704 2468
705 2467
706 2467
707 2467
708 2467
709 2467
710 2467
711 2467
712 2467
713 2467
714 2467
715 2467
716 2467
717 2467
718 2467
719 2467
720 2467
721 2467
722 2467
723 2467
724 2467
725 2467
726 2467
727 2467
728 2467
729 2467
730 2467
731 2467
732 2468
733 2467
734 2468
735 2468
736 2468
737 2468
738 2467
739 2467
740 2468
741 2467
742 2468
743 2468
744 2468
745 2468
746 2468
747 2468
748 2468
749 2468
750 2468
751 2468
752 2468
753 2468
754 2468
755 2468
756 2468
757 2468
758 2468
759 2468
760 2468
761 2468
762 2468
763 2468
764 2468
765 2468
766 2468
767 2468
768 2468
769 2468
770 2468
771 2468
772 2468
773 2468
774 2468
775 2469
776 2469
777 2468
778 2468
779 2467
780 2468
781 2468
782 2468
783 2468
784 2468
785 2468
786 2467
787 2468
788 2468
789 2468
790 2468
791 2469
792 2468
793 2468
794 2468
795 2468
796 2468
797 2468
798 2468
799 2469
800 2469
801 2469
802 2469
803 2468
804 2469
805 2468
806 2469
807 2469
808 2469
809 2469
810 2469
811 2469
812 2469
813 2469
814 2469
815 2469
816 2469
817 2469
818 2469
819 2469
820 2469
821 2469
822 2469
823 2469
824 2469
825 2469
826 2469
827 2469
828 2469
829 2469
830 2469
831 2469
832 2470
833 2469
834 2469
835 2469
836 2469
837 2469
838 2469
839 2469
840 2470
841 2470
842 2470
843 2469
844 2469
845 2469
846 2469
847 2470
848 2469
849 2470
850 2470
851 2469
852 2469
853 2469
854 2470
855 2469
856 2469
857 2469
858 2469
859 2470
860 2470
861 2469
862 2469
863 2469
864 2469
865 2472
866 2469
867 2470
868 2469
869 2469
870 2469
871 2469
872 2469
873 2469
874 2469
875 2469
876 2468
877 2468
878 2468
879 2469
880 2469
881 2469
882 2469
883 2469
884 2469
885 2468
886 2469
887 2469
888 2469
889 2469
890 2469
891 2470
892 2470
893 2470
894 2470
895 2470
896 2470
897 2470
898 2470
899 2470
900 2470
901 2470
902 2470
903 2470
904 2470
905 2470
906 2470
907 2470
908 2470
909 2470
910 2470
911 2470
912 2470
913 2470
914 2470
915 2470
916 2470
917 2470
918 2469
919 2469
920 2470
921 2470
922 2470
923 2470
924 2470
925 2470
926 2471
927 2471
928 2470
929 2471
930 2471
931 2471
932 2471
933 2471
934 2471
935 2472
936 2472
937 2471
938 2471
939 2472
940 2472
941 2472
942 2472
943 2472
944 2472
945 2472
946 2472
947 2472
948 2472
949 2472
950 2472
951 2472
952 2472
953 2472
954 2473
955 2473
956 2473
957 2473
958 2473
959 2473
960 2473
961 2474
962 2474
963 2474
964 2474
965 2474
966 2474
967 2474
968 2474
969 2474
970 2474
971 2474
972 2474
973 2474
974 2474
975 2474
976 2474
977 2474
978 2474
979 2474
980 2474
981 2474
982 2473
983 2473
984 2474
985 2474
986 2474
987 2474
988 2474
989 2474
990 2474
991 2474
992 2474
993 2474
994 2475
995 2475
996 2475
997 2475
998 2475
999 2475
1000 2474
1001 2474
1002 2475
1003 2475
1004 2475
1005 2474
1006 2475
1007 2474
1008 2474
1009 2474
1010 2475
1011 2474
1012 2474
1013 2474
1014 2475
1015 2475
1016 2475
1017 2475
1018 2475
1019 2475
1020 2475
1021 2475
1022 2475
1023 2475
1024 2476
1025 2475
1026 2475
1027 2475
1028 2475
1029 2475
1030 2475
1031 2475
1032 2475
1033 2475
1034 2475
1035 2476
1036 2476
1037 2477
1038 2477
1039 2477
1040 2477
1041 2477
1042 2477
1043 2477
1044 2477
1045 2477
1046 2476
1047 2477
1048 2477
1049 2477
1050 2477
1051 2477
1052 2477
1053 2477
1054 2476
1055 2476
1056 2476
1057 2477
1058 2476
1059 2476
1060 2476
1061 2477
1062 2477
1063 2477
1064 2477
1065 2476
1066 2476
1067 2477
1068 2476
1069 2476
1070 2476
1071 2476
1072 2476
1073 2476
1074 2476
1075 2476
1076 2476
1077 2476
1078 2476
1079 2476
1080 2476
1081 2476
1082 2476
1083 2476
1084 2476
1085 2476
1086 2476
1087 2476
1088 2476
1089 2476
1090 2476
1091 2476
1092 2476
1093 2477
1094 2477
1095 2477
1096 2477
1097 2477
1098 2477
1099 2477
1100 2477
1101 2477
1102 2477
1103 2477
1104 2477
1105 2478
1106 2478
1107 2478
1108 2478
1109 2479
1110 2479
1111 2479
1112 2479
1113 2480
1114 2479
1115 2479
1116 2480
1117 2480
1118 2480
1119 2480
1120 2480
1121 2481
1122 2481
1123 2481
1124 2481
1125 2481
1126 2481
1127 2481
1128 2481
1129 2481
1130 2481
1131 2481
1132 2481
1133 2481
1134 2481
1135 2481
1136 2481
1137 2481
1138 2481
1139 2482
1140 2481
1141 2481
1142 2481
1143 2481
1144 2481
1145 2481
1146 2481
1147 2481
1148 2481
1149 2482
1150 2482
1151 2481
1152 2481
1153 2481
1154 2481
1155 2481
1156 2481
1157 2481
1158 2481
1159 2481
1160 2481
1161 2481
1162 2482
1163 2482
1164 2482
1165 2482
1166 2482
1167 2482
1168 2481
1169 2481
1170 2482
1171 2481
1172 2481
1173 2481
1174 2481
1175 2481
1176 2481
1177 2481
1178 2481
1179 2481
1180 2481
1181 2481
1182 2481
1183 2482
1184 2482
1185 2481
1186 2482
1187 2482
1188 2482
1189 2482
1190 2482
1191 2482
1192 2482
1193 2482
1194 2482
1195 2482
1196 2482
1197 2482
1198 2483
1199 2483
1200 2483
1201 2483
1202 2484
1203 2484
1204 2484
1205 2484
1206 2484
1207 2484
1208 2483
1209 2484
1210 2484
1211 2484
1212 2484
1213 2484
1214 2484
1215 2484
1216 2484
1217 2484
1218 2484
1219 2484
1220 2483
1221 2484
1222 2484
1223 2484
1224 2484
1225 2484
1226 2484
1227 2484
1228 2484
1229 2485
1230 2485
1231 2485
1232 2484
1233 2485
1234 2484
1235 2484
1236 2485
1237 2484
1238 2484
1239 2484
1240 2484
1241 2484
1242 2484
1243 2484
1244 2484
1245 2484
1246 2485
1247 2485
1248 2485
1249 2485
1250 2485
1251 2485
1252 2484
1253 2485
1254 2485
1255 2485
1256 2485
1257 2485
1258 2484
1259 2484
1260 2485
1261 2485
1262 2485
1263 2485
1264 2485
1265 2485
1266 2485
1267 2485
1268 2485
1269 2486
1270 2485
1271 2485
1272 2486
1273 2486
1274 2486
1275 2486
1276 2486
1277 2486
1278 2486
1279 2486
1280 2486
1281 2486
1282 2486
1283 2486
1284 2487
1285 2486
1286 2486
1287 2486
1288 2486
1289 2487
1290 2487
1291 2487
1292 2487
1293 2487
1294 2487
1295 2487
1296 2487
1297 2487
1298 2487
1299 2487
1300 2487
1301 2488
1302 2487
1303 2488
1304 2488
1305 2488
1306 2488
1307 2488
1308 2488
1309 2488
1310 2488
1311 2488
1312 2488
1313 2488
1314 2488
1315 2488
1316 2489
1317 2489
1318 2489
1319 2489
1320 2488
1321 2488
1322 2489
1323 2488
1324 2488
1325 2488
1326 2488
1327 2488
1328 2489
1329 2488
1330 2488
1331 2489
1332 2489
1333 2489
1334 2489
1335 2489
1336 2489
1337 2489
1338 2489
1339 2489
1340 2489
1341 2489
1342 2489
1343 2489
1344 2489
1345 2489
1346 2489
1347 2489
1348 2489
1349 2489
1350 2489
1351 2489
1352 2489
1353 2489
1354 2489
1355 2489
1356 2489
1357 2489
1358 2489
1359 2489
1360 2489
1361 2489
1362 2490
1363 2490
1364 2490
1365 2490
1366 2490
1367 2490
1368 2490
1369 2490
1370 2490
1371 2490
1372 2490
1373 2490
1374 2490
1375 2491
1376 2491
1377 2491
1378 2491
1379 2491
1380 2491
1381 2491
1382 2491
1383 2491
1384 2491
1385 2491
1386 2491
1387 2491
1388 2491
1389 2491
1390 2491
1391 2491
1392 2491
1393 2491
1394 2491
1395 2491
1396 2491
1397 2491
1398 2491
1399 2491
1400 2491
1401 2491
1402 2491
1403 2491
1404 2491
1405 2491
1406 2491
1407 2491
1408 2491
1409 2491
1410 2491
1411 2491
1412 2491
1413 2491
1414 2491
1415 2491
1416 2491
1417 2491
1418 2491
1419 2491
1420 2491
1421 2491
1422 2491
1423 2491
1424 2491
1425 2491
1426 2491
1427 2491
1428 2491
1429 2492
1430 2491
1431 2492
1432 2492
1433 2492
1434 2492
1435 2492
1436 2491
1437 2491
1438 2492
1439 2492
1440 2492
1441 2492
1442 2492
1443 2492
1444 2492
1445 2492
1446 2492
1447 2492
1448 2492
1449 2492
1450 2492
1451 2492
1452 2492
1453 2492
1454 2493
1455 2493
1456 2493
1457 2493
1458 2493
1459 2493
1460 2493
1461 2493
1462 2493
1463 2493
1464 2493
1465 2493
1466 2493
1467 2493
1468 2493
1469 2493
1470 2493
1471 2493
1472 2493
1473 2493
1474 2493
1475 2493
1476 2493
1477 2493
1478 2493
1479 2493
1480 2493
1481 2493
1482 2493
1483 2493
1484 2494
1485 2494
1486 2494
1487 2494
1488 2494
1489 2494
1490 2494
1491 2494
1492 2494
1493 2494
1494 2494
1495 2494
1496 2494
1497 2494
1498 2494
1499 2493
1500 2494
1501 2493
1502 2493
1503 2493
1504 2493
1505 2493
1506 2493
1507 2493
1508 2493
1509 2493
1510 2493
1511 2494
1512 2492
1513 2493
1514 2493
1515 2493
1516 2493
1517 2494
1518 2493
1519 2496
1520 2494
1521 2494
1522 2494
1523 2494
1524 2494
1525 2495
1526 2494
1527 2495
1528 2495
1529 2495
1530 2494
1531 2495
1532 2496
1533 2494
1534 2495
1535 2495
1536 2495
1537 2496
1538 2495
1539 2495
1540 2496
1541 2496
1542 2496
1543 2496
1544 2496
1545 2496
1546 2496
1547 2496
1548 2496
1549 2496
1550 2496
1551 2496
1552 2496
1553 2496
1554 2496
1555 2496
1556 2496
1557 2496
1558 2496
1559 2497
1560 2498
1561 2497
1562 2497
1563 2496
1564 2497
1565 2497
1566 2497
1567 2497
1568 2497
1569 2497
1570 2498
1571 2497
1572 2497
1573 2497
1574 2501
1575 2497
1576 2498
1577 2498
1578 2500
1579 2500
1580 2500
1581 2501
1582 2500
1583 2500
1584 2497
1585 2501
1586 2499
1587 2499
1588 2499
1589 2498
1590 2498
1591 2498
1592 2498
1593 2501
1594 2501
1595 2500
1596 2499
1597 2499
1598 2498
1599 2504
1600 2506
1601 2497
1602 2497
1603 2495
1604 2495
1605 2495
1606 2495
1607 2495
1608 2494
1609 2495
1610 2495
1611 2494
1612 2494
1613 2495
1614 2495
1615 2495
1616 2495
1617 2495
1618 2495
1619 2495
1620 2495
1621 2495
1622 2495
1623 2495
1624 2495
1625 2495
1626 2495
1627 2495
1628 2494
1629 2495
1630 2495
1631 2495
1632 2495
1633 2496
1634 2496
1635 2496
1636 2495
1637 2496
1638 2496
1639 2495
1640 2495
1641 2495
1642 2495
1643 2495
1644 2495
1645 2495
1646 2495
1647 2495
1648 2495
1649 2495
1650 2495
1651 2495
1652 2495
1653 2496
1654 2496
1655 2496
1656 2496
1657 2496
1658 2496
1659 2496
1660 2496
1661 2496
1662 2496
1663 2496
1664 2496
1665 2496
1666 2496
1667 2496
1668 2496
1669 2496
1670 2496
1671 2496
1672 2496
1673 2496
1674 2496
1675 2496
1676 2496
1677 2496
1678 2497
1679 2497
1680 2496
1681 2497
1682 2497
1683 2497
1684 2497
1685 2497
1686 2497
1687 2497
1688 2496
1689 2496
1690 2497
1691 2497
1692 2497
1693 2497
1694 2496
1695 2496
1696 2497
1697 2497
1698 2497
1699 2497
1700 2496
1701 2497
1702 2497
1703 2497
1704 2497
1705 2497
1706 2497
1707 2497
1708 2497
1709 2497
1710 2497
1711 2498
1712 2497
1713 2497
1714 2497
1715 2497
1716 2498
1717 2498
1718 2498
1719 2498
1720 2498
1721 2498
1722 2498
1723 2497
1724 2498
1725 2498
1726 2498
1727 2498
1728 2498
1729 2498
1730 2498
1731 2498
1732 2498
1733 2498
1734 2498
1735 2499
1736 2499
1737 2498
1738 2499
1739 2498
1740 2498
1741 2498
1742 2498
1743 2499
1744 2499
1745 2498
1746 2498
1747 2498
1748 2498
1749 2498
1750 2498
1751 2498
1752 2498
1753 2498
1754 2499
1755 2499
1756 2499
1757 2499
1758 2498
1759 2498
1760 2499
1761 2499
1762 2498
1763 2498
1764 2499
1765 2498
1766 2498
1767 2498
1768 2498
1769 2498
1770 2498
1771 2498
1772 2498
1773 2498
1774 2498
1775 2498
1776 2498
1777 2498
1778 2498
1779 2498
1780 2498
1781 2498
1782 2497
1783 2497
1784 2497
1785 2497
1786 2497
1787 2497
1788 2497
1789 2497
1790 2497
1791 2497
1792 2497
1793 2497
1794 2497
1795 2497
1796 2497
1797 2497
1798 2498
1799 2497
1800 2498
1801 2497
1802 2497
1803 2498
1804 2497
1805 2498
1806 2498
1807 2498
1808 2498
1809 2498
1810 2498
1811 2498
1812 2497
1813 2497
1814 2497
1815 2497
1816 2498
1817 2497
1818 2498
1819 2498
1820 2497
1821 2497
1822 2497
1823 2497
1824 2497
1825 2497
1826 2497
1827 2497
1828 2497
1829 2497
1830 2497
1831 2497
1832 2496
1833 2497
1834 2497
1835 2496
1836 2497
1837 2496
1838 2496
1839 2496
1840 2496
1841 2497
1842 2497
1843 2497
1844 2497
1845 2497
1846 2497
1847 2497
1848 2497
1849 2497
1850 2496
1851 2496
1852 2496
1853 2497
1854 2496
1855 2497
1856 2497
1857 2497
1858 2497
1859 2497
1860 2497
1861 2497
1862 2496
1863 2497
1864 2497
1865 2496
1866 2496
1867 2497
1868 2496
1869 2496
1870 2496
1871 2497
1872 2497
1873 2497
1874 2496
1875 2496
1876 2496
1877 2496
1878 2496
1879 2496
1880 2497
1881 2496
1882 2496
1883 2496
1884 2497
1885 2497
1886 2497
1887 2497
1888 2496
1889 2497
1890 2497
1891 2497
1892 2497
1893 2497
1894 2498
1895 2497
1896 2497
1897 2497
1898 2496
1899 2497
1900 2497
1901 2497
1902 2497
1903 2497
1904 2497
1905 2497
1906 2497
1907 2497
1908 2497
1909 2497
1910 2497
1911 2497
1912 2497
1913 2497
1914 2497
1915 2497
1916 2497
1917 2496
1918 2498
1919 2498
1920 2497
1921 2497
1922 2497
1923 2497
1924 2497
1925 2497
1926 2497
1927 2499
1928 2496
1929 2501
1930 2497
1931 2498
1932 2497
1933 2498
1934 2498
1935 2498
1936 2498
1937 2498
1938 2497
1939 2498
1940 2498
1941 2498
1942 2498
1943 2497
1944 2498
1945 2498
1946 2498
1947 2498
1948 2498
1949 2498
1950 2497
1951 2498
1952 2498
1953 2498
1954 2498
1955 2498
1956 2497
1957 2498
1958 2498
1959 2498
1960 2498
1961 2498
1962 2498
1963 2498
1964 2498
1965 2497
1966 2498
1967 2498
1968 2498
1969 2498
1970 2498
1971 2498
1972 2498
1973 2498
1974 2498
1975 2498
1976 2498
1977 2498
1978 2498
1979 2498
1980 2498
1981 2498
1982 2498
1983 2499
1984 2498
1985 2498
1986 2498
1987 2498
1988 2498
1989 2498
1990 2498
1991 2497
1992 2498
1993 2498
1994 2497
1995 2497
1996 2497
1997 2497
1998 2497
1999 2497
2000 2498
2001 2497
2002 2496
2003 2498
2004 2499
2005 2498
2006 2497
2007 2497
2008 2497
2009 2497
2010 2497
2011 2496
2012 2496
2013 2496
2014 2496
2015 2496
2016 2496
2017 2496
2018 2496
2019 2496
2020 2496
2021 2496
2022 2496
2023 2496
2024 2496
2025 2496
2026 2496
2027 2495
2028 2494
2029 2495
2030 2496
2031 2495
2032 2495
2033 2495
2034 2495
2035 2495
2036 2495
2037 2495
2038 2495
2039 2495
2040 2495
2041 2495
2042 2495
2043 2495
2044 2495
2045 2495
2046 2495
2047 2495
2048 2495
2049 2495
2050 2495
2051 2495
2052 2495
2053 2495
2054 2495
2055 2495
2056 2495
2057 2495
2058 2495
2059 2495
2060 2495
2061 2495
2062 2495
2063 2495
2064 2495
2065 2495
2066 2495
2067 2495
2068 2495
2069 2495
2070 2495
2071 2495
2072 2495
2073 2495
2074 2495
2075 2495
2076 2495
2077 2495
2078 2495
2079 2494
2080 2495
2081 2495
2082 2494
2083 2494
2084 2495
2085 2495
2086 2495
2087 2495
2088 2494
2089 2495
2090 2495
2091 2494
2092 2494
2093 2494
2094 2494
2095 2494
2096 2495
2097 2494
2098 2494
2099 2494
2100 2495
2101 2494
2102 2494
2103 2494
2104 2494
2105 2495
2106 2495
2107 2495
2108 2494
2109 2495
2110 2494
2111 2494
2112 2494
2113 2494
2114 2494
2115 2493
2116 2494
2117 2493
2118 2493
2119 2494
2120 2494
2121 2494
2122 2494
2123 2494
2124 2494
2125 2494
2126 2494
2127 2494
2128 2494
2129 2494
2130 2494
2131 2494
2132 2494
2133 2494
2134 2494
2135 2494
2136 2494
2137 2494
2138 2493
2139 2494
2140 2493
2141 2494
2142 2494
2143 2493
2144 2493
2145 2493
2146 2494
2147 2494
2148 2493
2149 2493
2150 2493
2151 2493
2152 2493
2153 2493
2154 2493
2155 2493
2156 2493
2157 2493
2158 2493
2159 2493
2160 2493
2161 2493
2162 2494
2163 2493
2164 2493
2165 2493
2166 2493
2167 2493
2168 2494
2169 2493
2170 2493
2171 2492
2172 2493
2173 2493
2174 2493
2175 2493
2176 2493
2177 2493
2178 2493
2179 2493
2180 2493
2181 2493
2182 2493
2183 2494
2184 2493
2185 2493
2186 2493
2187 2493
2188 2494
2189 2494
2190 2493
2191 2493
2192 2493
2193 2493
2194 2493
2195 2493
2196 2494
2197 2494
2198 2493
2199 2493
2200 2494
2201 2494
2202 2494
2203 2494
2204 2494
2205 2494
2206 2494
2207 2494
2208 2494
2209 2494
2210 2494
2211 2494
2212 2495
2213 2494
2214 2494
2215 2494
2216 2495
2217 2495
2218 2495
2219 2495
2220 2495
2221 2495
2222 2495
2223 2495
2224 2495
2225 2495
2226 2495
2227 2495
2228 2495
2229 2495
2230 2495
2231 2495
2232 2495
2233 2495
2234 2495
2235 2495
2236 2495
2237 2495
2238 2495
2239 2495
2240 2495
2241 2495
2242 2495
2243 2495
2244 2494
2245 2495
2246 2496
2247 2495
2248 2495
2249 2495
2250 2494
2251 2495
2252 2495
2253 2495
2254 2495
2255 2495
2256 2495
2257 2495
2258 2495
2259 2495
2260 2495
2261 2495
2262 2495
2263 2495
2264 2495
2265 2495
2266 2495
2267 2495
2268 2495
2269 2495
2270 2495
2271 2495
2272 2496
2273 2495
2274 2495
2275 2496
2276 2495
2277 2495
2278 2495
2279 2496
2280 2495
2281 2496
2282 2496
2283 2496
2284 2496
2285 2496
2286 2495
2287 2495
2288 2495
2289 2495
2290 2495
2291 2495
2292 2496
2293 2495
2294 2496
2295 2496
2296 2495
2297 2495
2298 2496
2299 2496
2300 2496
2301 2495
2302 2495
2303 2495
2304 2495
2305 2496
2306 2496
2307 2496
2308 2495
2309 2496
2310 2496
2311 2495
2312 2495
2313 2495
2314 2495
2315 2495
2316 2495
2317 2495
2318 2495
2319 2496
2320 2496
2321 2496
2322 2496
2323 2496
2324 2496
2325 2496
2326 2496
2327 2496
2328 2496
2329 2496
2330 2496
2331 2496
2332 2497
2333 2496
2334 2496
2335 2497
2336 2496
2337 2496
2338 2497
2339 2496
2340 2496
2341 2497
2342 2497
2343 2497
2344 2497
2345 2497
2346 2497
2347 2497
2348 2497
2349 2497
2350 2497
2351 2497
2352 2497
2353 2498
2354 2497
2355 2497
2356 2497
2357 2497
2358 2498
2359 2498
2360 2498
2361 2498
2362 2498
2363 2498
2364 2498
2365 2498
2366 2498
2367 2498
2368 2498
2369 2498
2370 2498
2371 2498
2372 2498
2373 2498
2374 2498
2375 2499
2376 2498
2377 2498
2378 2498
2379 2498
2380 2498
2381 2499
2382 2498
2383 2498
2384 2498
2385 2502
2386 2500
2387 2499
2388 2499
2389 2498
2390 2498
2391 2498
2392 2501
2393 2498
2394 2500
2395 2499
2396 2501
2397 2498
2398 2498
2399 2499
2400 2501
2401 2499
2402 2498
2403 2498
2404 2498
2405 2499
2406 2498
2407 2499
2408 2499
2409 2498
2410 2499
2411 2498
2412 2499
2413 2499
2414 2498
2415 2499
2416 2499
2417 2499
2418 2499
2419 2499
2420 2498
2421 2499
2422 2499
2423 2499
2424 2499
2425 2499
2426 2498
2427 2498
2428 2498
2429 2498
2430 2498
2431 2499
2432 2502
2433 2499
2434 2499
2435 2500
2436 2499
2437 2500
2438 2499
2439 2499
2440 2499
2441 2499
2442 2499
2443 2499
2444 2499
2445 2499
2446 2499
2447 2499
2448 2499
2449 2499
2450 2502
2451 2499
2452 2499
2453 2499
2454 2499
2455 2498
2456 2499
2457 2499
2458 2499
2459 2499
2460 2499
2461 2499
2462 2499
2463 2499
2464 2499
2465 2499
2466 2499
2467 2499
2468 2499
2469 2499
2470 2499
2471 2499
2472 2499
2473 2499
2474 2499
2475 2499
2476 2499
2477 2499
2478 2500
2479 2499
2480 2499
2481 2498
2482 2499
2483 2499
2484 2499
2485 2499
2486 2499
2487 2499
2488 2499
2489 2499
2490 2499
2491 2499
2492 2498
2493 2499
2494 2499
2495 2499
2496 2499
2497 2499
2498 2498
2499 2498
2500 2498
2501 2498
2502 2498
2503 2498
2504 2498
2505 2498
2506 2498
2507 2499
2508 2497
2509 2498
2510 2498
2511 2498
2512 2498
2513 2497
2514 2497
2515 2497
2516 2497
2517 2497
2518 2497
2519 2497
2520 2498
2521 2498
2522 2498
2523 2498
2524 2497
2525 2497
2526 2498
2527 2497
2528 2498
2529 2498
2530 2497
2531 2497
2532 2498
2533 2498
2534 2497
2535 2497
2536 2497
2537 2497
2538 2497
2539 2497
2540 2497
2541 2497
2542 2497
2543 2497
2544 2497
2545 2497
2546 2497
2547 2497
2548 2497
2549 2497
2550 2497
2551 2498
2552 2497
2553 2497
2554 2496
2555 2498
2556 2497
2557 2497
2558 2498
2559 2497
2560 2497
2561 2498
2562 2498
2563 2498
2564 2497
2565 2497
2566 2497
2567 2497
2568 2498
2569 2498
2570 2497
2571 2498
2572 2498
2573 2498
2574 2498
2575 2499
2576 2497
2577 2498
2578 2498
2579 2498
2580 2498
2581 2498
2582 2498
2583 2498
2584 2498
2585 2498
2586 2498
2587 2498
2588 2498
2589 2498
2590 2498
2591 2498
2592 2498
2593 2498
2594 2498
2595 2498
2596 2498
2597 2497
2598 2497
2599 2496
2600 2497
2601 2497
2602 2499
2603 2498
2604 2498
2605 2498
2606 2498
2607 2500
2608 2500
2609 2499
2610 2499
2611 2499
2612 2499
2613 2499
2614 2499
2615 2499
2616 2499
2617 2499
2618 2499
2619 2499
2620 2499
2621 2499
2622 2499
2623 2499
2624 2499
2625 2499
2626 2499
2627 2500
2628 2499
2629 2499
2630 2499
2631 2499
2632 2499
2633 2499
2634 2499
2635 2500
2636 2500
2637 2499
2638 2499
2639 2499
2640 2500
2641 2499
2642 2501
2643 2501
2644 2499
2645 2499
2646 2499
2647 2499
2648 2500
2649 2499
2650 2499
2651 2500
2652 2499
2653 2499
2654 2499
2655 2499
2656 2499
2657 2500
2658 2499
2659 2499
2660 2500
2661 2499
2662 2499
2663 2499
2664 2499
2665 2500
2666 2499
2667 2498
2668 2499
2669 2499
2670 2499
2671 2499
2672 2498
2673 2499
2674 2499
2675 2499
2676 2499
2677 2499
2678 2499
2679 2498
2680 2499
2681 2499
2682 2499
2683 2500
2684 2499
2685 2499
2686 2499
2687 2499
2688 2499
2689 2499
2690 2499
2691 2501
2692 2499
2693 2499
2694 2499
2695 2499
2696 2499
2697 2499
2698 2499
2699 2499
2700 2499
2701 2499
2702 2498
2703 2501
2704 2499
2705 2499
2706 2500
2707 2499
2708 2499
2709 2498
2710 2499
2711 2499
2712 2499
2713 2500
2714 2499
2715 2498
2716 2499
2717 2498
2718 2499
2719 2499
2720 2499
2721 2499
2722 2499
2723 2499
2724 2499
2725 2499
2726 2499
2727 2499
2728 2499
2729 2499
2730 2499
2731 2499
2732 2499
2733 2499
2734 2499
2735 2499
2736 2499
2737 2498
2738 2498
2739 2498
2740 2498
2741 2499
2742 2499
2743 2499
2744 2499
2745 2499
2746 2498
2747 2498
2748 2499
2749 2498
2750 2498
2751 2498
2752 2498
2753 2499
2754 2499
2755 2498
2756 2498
2757 2498
2758 2498
2759 2498
2760 2498
2761 2499
2762 2498
2763 2498
2764 2498
2765 2498
2766 2498
2767 2498
2768 2498
2769 2498
2770 2498
2771 2498
2772 2498
2773 2498
2774 2498
2775 2498
2776 2498
2777 2498
2778 2498
2779 2499
2780 2498
2781 2499
2782 2499
2783 2499
2784 2498
2785 2499
2786 2498
2787 2499
2788 2499
2789 2498
2790 2498
2791 2499
2792 2499
2793 2498
2794 2498
2795 2499
2796 2499
2797 2499
2798 2499
2799 2499
2800 2499
2801 2499
2802 2498
2803 2499
2804 2498
2805 2499
2806 2499
2807 2499
2808 2499
2809 2499
2810 2499
2811 2499
2812 2499
2813 2499
2814 2499
2815 2499
2816 2499
2817 2499
2818 2499
2819 2499
2820 2499
2821 2499
2822 2499
2823 2499
2824 2499
2825 2500
2826 2500
2827 2501
2828 2501
2829 2501
2830 2501
2831 2501
2832 2501
2833 2501
2834 2501
2835 2501
2836 2501
2837 2501
2838 2501
2839 2501
2840 2501
2841 2501
2842 2501
2843 2501
2844 2501
2845 2501
2846 2501
2847 2501
2848 2501
2849 2501
2850 2501
2851 2501
2852 2501
2853 2502
2854 2502
2855 2502
2856 2502
2857 2502
2858 2502
2859 2502
2860 2502
2861 2502
2862 2502
2863 2502
2864 2502
2865 2502
2866 2502
2867 2502
2868 2503
2869 2503
2870 2503
2871 2503
2872 2503
2873 2503
2874 2503
2875 2503
2876 2503
2877 2503
2878 2503
2879 2503
2880 2503
2881 2503
2882 2504
2883 2504
2884 2504
2885 2504
2886 2504
2887 2504
2888 2504
2889 2504
2890 2504
2891 2504
2892 2504
2893 2504
2894 2504
2895 2504
2896 2504
2897 2504
2898 2504
2899 2504
2900 2504
2901 2504
2902 2505
2903 2505
2904 2505
2905 2505
2906 2505
2907 2505
2908 2505
2909 2505
2910 2505
2911 2505
2912 2505
2913 2505
2914 2505
2915 2505
2916 2505
2917 2505
2918 2505
2919 2505
2920 2505
2921 2505
2922 2505
2923 2505
2924 2505
2925 2505
2926 2505
2927 2505
2928 2504
2929 2505
2930 2505
2931 2505
2932 2505
2933 2505
2934 2505
2935 2505
2936 2505
2937 2505
2938 2507
2939 2505
2940 2504
2941 2504
2942 2504
2943 2505
2944 2505
2945 2505
2946 2504
2947 2505
2948 2504
2949 2504
2950 2504
2951 2504
2952 2504
2953 2505
2954 2505
2955 2504
2956 2505
2957 2505
2958 2504
2959 2507
2960 2506
2961 2504
2962 2504
2963 2510
2964 2509
2965 2505
2966 2505
2967 2505
2968 2506
2969 2505
2970 2505
2971 2505
2972 2505
2973 2505
2974 2506
2975 2505
2976 2505
2977 2505
2978 2505
2979 2505
2980 2505
2981 2505
2982 2505
2983 2505
2984 2505
2985 2504
2986 2506
2987 2505
2988 2505
2989 2507
2990 2504
2991 2505
2992 2504
2993 2505
2994 2505
2995 2504
2996 2506
2997 2504
2998 2505
2999 2504
3000 2504
3001 2505
3002 2504
3003 2505
3004 2504
3005 2504
3006 2504
3007 2504
3008 2504
3009 2504
3010 2505
3011 2506
3012 2504
3013 2504
3014 2503
3015 2505
3016 2504
3017 2504
3018 2504
3019 2504
3020 2504
3021 2504
3022 2504
3023 2504
3024 2504
3025 2503
3026 2504
3027 2503
3028 2504
3029 2504
3030 2503
3031 2503
3032 2504
3033 2507
3034 2513
3035 2505
3036 2504
3037 2504
3038 2504
3039 2505
3040 2505
3041 2505
3042 2505
3043 2505
3044 2505
3045 2505
3046 2505
3047 2506
3048 2506
3049 2505
3050 2506
3051 2506
3052 2506
3053 2504
3054 2505
3055 2505
3056 2505
3057 2504
3058 2505
3059 2505
3060 2505
3061 2505
3062 2505
3063 2506
3064 2505
3065 2505
3066 2505
3067 2506
3068 2506
3069 2505
3070 2505
3071 2506
3072 2506
3073 2506
3074 2506
3075 2506
3076 2506
3077 2506
3078 2506
3079 2505
3080 2504
3081 2505
3082 2505
3083 2505
3084 2505
3085 2505
3086 2505
3087 2505
3088 2505
3089 2505
3090 2505
3091 2507
3092 2506
3093 2510
3094 2510
3095 2506
3096 2509
3097 2508
3098 2508
3099 2508
3100 2507
3101 2507
3102 2508
3103 2511
3104 2506
3105 2505
3106 2507
3107 2507
3108 2507
3109 2507
3110 2507
3111 2508
3112 2506
3113 2506
3114 2507
3115 2507
3116 2509
3117 2507
3118 2508
3119 2508
3120 2507
3121 2507
3122 2508
3123 2508
3124 2511
3125 2510
3126 2509
3127 2509
3128 2510
3129 2507
3130 2511
3131 2511
3132 2514
3133 2509
3134 2509
3135 2509
3136 2509
3137 2506
3138 2515
3139 2513
3140 2513
3141 2510
3142 2511
3143 2511
3144 2509
3145 2509
3146 2509
3147 2509
3148 2509
3149 2508
3150 2515
3151 2515
3152 2511
3153 2513
3154 2511
3155 2511
3156 2513
3157 2509
3158 2508
3159 2508
3160 2508
3161 2510
3162 2510
3163 2510
3164 2510
3165 2510
3166 2510
3167 2510
3168 2510
3169 2509
3170 2509
3171 2514
3172 2509
3173 2516
3174 2510
3175 2508
3176 2509
3177 2507
3178 2508
3179 2507
3180 2507
3181 2512
3182 2510
3183 2514
3184 2508
3185 2508
3186 2508
3187 2510
3188 2510
3189 2509
3190 2510
3191 2509
3192 2510
3193 2508
3194 2510
3195 2511
3196 2510
3197 2512
3198 2513
3199 2513
3200 2511
3201 2515
3202 2510
3203 2511
3204 2510
3205 2510
3206 2510
3207 2509
3208 2512
3209 2510
3210 2508
3211 2513
3212 2512
3213 2507
3214 2512
3215 2512
3216 2514
3217 2514
3218 2512
3219 2512
3220 2510
3221 2510
3222 2512
3223 2510
3224 2514
3225 2516
3226 2511
3227 2510
3228 2510
3229 2511
3230 2512
3231 2515
3232 2509
3233 2511
3234 2511
3235 2511
3236 2512
3237 2511
3238 2512
3239 2514
3240 2512
3241 2515
3242 2512
3243 2512
3244 2515
3245 2512
3246 2517
3247 2512
3248 2512
3249 2511
3250 2513
3251 2512
3252 2514
3253 2513
3254 2520
3255 2512
3256 2512
3257 2513
3258 2514
3259 2513
3260 2512
3261 2512
3262 2513
3263 2511
3264 2514
3265 2511
3266 2512
3267 2513
3268 2511
3269 2510
3270 2517
3271 2511
3272 2512
3273 2513
3274 2511
3275 2512
3276 2512
3277 2514
3278 2515
3279 2512
3280 2512
3281 2512
3282 2511
3283 2514
3284 2514
3285 2512
3286 2515
3287 2513
3288 2512
3289 2515
3290 2515
3291 2518
3292 2517
3293 2511
3294 2518
3295 2521
3296 2512
3297 2511
3298 2512
3299 2517
3300 2513
3301 2517
3302 2512
3303 2513
3304 2512
3305 2512
3306 2512
3307 2512
3308 2514
3309 2513
3310 2512
3311 2513
3312 2513
3313 2517
3314 2517
3315 2514
3316 2511
3317 2511
3318 2510
3319 2512
3320 2512
3321 2513
3322 2517
3323 2515
3324 2517
3325 2515
3326 2517
3327 2510
3328 2511
3329 2512
3330 2512
3331 2513
3332 2513
3333 2510
3334 2511
3335 2511
3336 2516
3337 2515
3338 2518
3339 2518
3340 2512
3341 2514
3342 2513
3343 2512
3344 2511
3345 2511
3346 2518
3347 2517
3348 2517
3349 2515
3350 2511
3351 2511
3352 2512
3353 2512
3354 2511
3355 2511
3356 2511
3357 2514
3358 2510
3359 2510
3360 2510
3361 2518
3362 2514
3363 2510
3364 2510
3365 2516
3366 2522
3367 2511
3368 2510
3369 2511
3370 2511
3371 2511
3372 2520
3373 2516
3374 2511
3375 2516
3376 2511
3377 2511
3378 2510
3379 2511
3380 2511
3381 2510
3382 2513
3383 2509
3384 2509
3385 2510
3386 2510
3387 2510
3388 2510
3389 2510
3390 2511
3391 2510
3392 2509
3393 2509
3394 2511
3395 2510
3396 2517
3397 2516
3398 2515
3399 2510
3400 2509
3401 2509
3402 2510
3403 2510
3404 2510
3405 2510
3406 2516
3407 2511
3408 2511
3409 2511
3410 2511
3411 2511
3412 2512
3413 2512
3414 2512
3415 2513
3416 2513
3417 2512
3418 2513
3419 2513
3420 2513
3421 2513
3422 2512
3423 2512
3424 2513
3425 2512
3426 2513
3427 2512
3428 2512
3429 2512
3430 2512
3431 2512
3432 2512
3433 2511
3434 2512
3435 2512
3436 2512
3437 2511
3438 2511
3439 2511
3440 2512
3441 2513
3442 2511
3443 2511
3444 2511
3445 2511
3446 2511
3447 2512
3448 2512
3449 2512
3450 2512
3451 2511
3452 2512
3453 2512
3454 2513
3455 2512
3456 2512
3457 2512
3458 2512
3459 2514
3460 2516
3461 2511
3462 2512
3463 2512
3464 2511
3465 2511
3466 2510
3467 2511
3468 2511
3469 2511
3470 2511
3471 2511
3472 2511
3473 2510
3474 2520
3475 2514
3476 2512
3477 2513
3478 2510
3479 2510
3480 2510
3481 2518
3482 2512
3483 2512
3484 2511
3485 2512
3486 2514
3487 2510
3488 2510
3489 2509
3490 2510
3491 2511
3492 2508
3493 2511
3494 2510
3495 2513
3496 2509
3497 2508
3498 2505
3499 2505
3500 2510
3501 2508
3502 2511
3503 2513
3504 2513
3505 2506
3506 2513
3507 2507
3508 2516
3509 2517
3510 2506
3511 2506
3512 2516
3513 2507
3514 2508
3515 2508
3516 2507
3517 2507
3518 2509
3519 2509
3520 2509
3521 2508
3522 2507
3523 2507
3524 2507
3525 2507
3526 2508
3527 2508
3528 2508
3529 2508
3530 2507
3531 2507
3532 2508
3533 2508
3534 2509
3535 2508
3536 2507
3537 2517
3538 2505
3539 2506
3540 2506
3541 2506
3542 2507
3543 2507
3544 2507
3545 2514
3546 2508
3547 2509
3548 2509
3549 2511
3550 2513
3551 2509
3552 2508
3553 2509
3554 2509
3555 2508
3556 2509
3557 2510
3558 2511
3559 2508
3560 2509
3561 2506
3562 2506
3563 2506
3564 2507
3565 2517
3566 2508
3567 2506
3568 2518
3569 2505
3570 2505
3571 2514
3572 2511
3573 2505
3574 2505
3575 2505
3576 2504
3577 2504
3578 2504
3579 2506
3580 2505
3581 2504
3582 2505
3583 2506
3584 2505
3585 2506
3586 2505
3587 2506
3588 2508
3589 2508
3590 2509
3591 2509
3592 2507
3593 2507
3594 2507
3595 2506
3596 2505
3597 2505
3598 2510
3599 2506
3600 2505
3601 2505
3602 2506
3603 2504
3604 2504
3605 2504
3606 2504
3607 2504
3608 2504
3609 2504
3610 2504
3611 2505
3612 2503
3613 2505
3614 2504
3615 2504
3616 2504
3617 2504
3618 2504
3619 2502
3620 2503
3621 2505
3622 2505
3623 2506
3624 2506
3625 2506

537 2476
538 2473
539 2473
540 2475
541 2472
542 2476
543 2472
544 2476
545 9999
546 9999
547 2478
548 2473
549 9999
550 2474
551 2473
552 2474
553 9999
554 2473
555 2474
556 2473
557 2473
558 2474
559 2474
560 2475
561 2474
562 2474
563 2474
564 2474
565 2474
566 2474
567 2475
568 2475
569 2475
570 2475
571 2474
572 2474
573 2475
574 2478
575 9999
576 2474
577 9999
578 2475
579 2475
580 9999
581 9999
582 9999
583 9999
584 9999
585 9999
586 9999
587 9999
588 9999
589 9999
590 9999
591 9999
592 9999
593 9999
594 9999
595 2478
596 9999
597 9999
598 2479
599 9999
600 9999
601 9999
602 9999
603 9999
604 9999
605 9999
606 9999
607 9999
608 9999
609 9999
610 9999
611 9999
612 9999
613 9999
614 9999
615 9999
616 9999
617 9999
618 9999
619 9999
620 9999
621 9999
622 9999
623 9999
624 9999
625 9999
626 9999
627 9999
628 9999
629 9999
630 9999
631 9999
632 9999
633 9999
634 9999
635 9999
636 9999
637 9999
638 9999
639 9999
640 9999
641 9999
642 9999
643 9999
644 2484
645 9999
646 9999
647 2478
648 2485
649 2485
650 2485
651 2485
652 2485
653 2486
654 2487
655 2487
656 2486
657 2487
658 2486
659 2479
660 2487
661 2487
662 2487
663 2479
664 2487
665 2479
666 2479
667 2487
668 2479
669 2489
670 2491
671 2491
672 2488
784 2493
785 2493
786 2495
787 2490
788 2494
789 2493
790 2494
791 2489
792 2493
793 2492
794 2492
795 2492
796 2497
797 2486
798 2493
799 2493
800 2493
801 2486
802 2486
803 2494
804 2494
805 2494
806 2488
807 2485
808 2497
809 2495
810 2485
811 2493
812 2491
813 2498
814 2486
815 2487
816 2492
817 2496
818 2485
819 2493
820 2495
821 2485
822 2495
823 2485
824 2495
825 2485
826 2496
827 2498
828 2485
829 2487
830 2486
831 2497
832 2496
833 2498
834 2494
835 2494
836 2493
837 2492
838 2493
839 2493
840 2495
841 2494
842 2494
843 2485
844 2491
845 2490
846 2495
847 2495
848 2495
849 2497
850 2497
851 2488
852 2496
853 2492
854 2489
855 2493
856 2490
857 2496
858 2491
859 2493
860 2484
861 2493
862 2494
863 2493
864 2494
865 2493
866 2494
867 2496
868 2493
869 2496
870 2490
871 2496
872 2484
873 2493
874 2489
875 2491
876 2487
877 2487
878 2492
879 2484
880 2496
881 2495
882 2495
883 2494
884 2494
885 2494
886 2495
887 2490
888 2494
889 2485
890 2496
891 2495
892 2496
893 2487
894 2485
895 2485
896 2488
897 2485
898 2496
899 2497
900 2485
901 2485
902 2489
903 2486
904 2491
905 2491
906 2487
907 2491
908 2498
909 2496
910 2497
911 2497
912 2489
913 2495
914 2497
915 2497
916 2500
917 2491
918 2488
919 2487
920 2487
921 2496
922 2501
923 2495
924 2496
925 2495
926 2501
927 2488
928 2487
929 2497
930 2497
931 2499
932 2487
933 2500
934 2501
935 2499
936 2489
937 2498
938 2498
939 2498
940 2498
941 2498
942 2499
943 2498
944 2499
945 2501
946 2498
947 2498
948 2498
949 2488
950 2497
951 2497
952 2488
953 2489
954 2492
955 2498
956 2498
957 2499
958 2499
959 2498
960 2498
961 2493
962 2499
963 2499
964 2500
965 2501
966 2500
967 2499
968 2502
969 2501
970 2504
971 2503
972 2501
973 2501
974 2504
975 2503
976 2502
977 2493
978 2496
979 2500
980 2500
981 2500
982 2499
983 2500
984 2502
985 2492
986 2501
987 2491
988 2491
989 2504
990 2502
991 2495
992 2505
993 2504
994 2503
995 2504
996 2503
997 2504
998 2502
999 2497
1000 2495
1001 2505
1002 2492
1003 2501
1004 2500
1005 2500
1006 2503
1007 2498
1008 2498
1009 2494
1010 2493
1011 2499
1012 2501
1013 2493
1014 2502
1015 2493
1016 2501
1017 2505
1018 2500
1019 2500
1020 2500
1021 2500
1022 2501
1023 2502
1024 2497
1025 2500
1026 2495
1027 2494
1028 2501
1029 2501
1030 2501
1031 2502
1032 2495
1033 2501
1034 2502
1035 2495
1036 2508
1037 2495
1038 2501
1039 2498
1040 2504
1041 2495
1042 2500
1043 2504
1044 2503
1045 2503
1046 2503
1047 2505
1048 2510
1049 2496
1050 2498
1051 2506
1141 2506
1142 2506
1143 2505
1144 2511
1145 2502
1146 2502
1147 2504
1148 2498
1149 2509
1150 2498
1151 2502
1152 2506
1153 2502
1154 2502
1155 2503
1156 2501
1157 2504
1158 2503
1159 2502
1160 2502
1161 2500
1162 2502
1163 2503
1164 2502
1165 9999
1166 2499
1167 2500
1168 2495
1169 2500
1170 9999
1171 2493
1172 2500
1173 2496
1174 2494
1175 2497
1176 2501
1177 2496
1178 9999
1179 2500
1180 2500
1181 2505
1182 2497
1183 2497
1184 9999
1185 9999
1186 9999
1187 9999
1188 9999
1189 2499
1190 2500
1191 2499
1192 2499
1193 2500
1194 2501
1195 9999
1196 2496
1197 2504
1198 2503
1437 2513
1438 2514
1439 2513
1440 2514
1441 2510
1442 2505
1443 2516
1444 2516
1445 2516
1446 2511
1447 2516
1448 2515
1449 2511
1450 2516
1451 2515
1452 2514
1453 2516
1454 2516
1455 2516
1456 2517
1457 2515
1458 2513
1459 2514
1460 2517
1461 2516
1462 2511
1463 2518
1464 2517
1465 2515
1466 2517
1467 2517
1468 2507
1469 2516
1470 2517
1471 2515
1472 2515
1473 2515
1474 2515
1475 2514
1476 2514
1477 2514
1478 2514
1479 2517
1480 2514
1481 2514
1482 2511
1483 2513
1484 2513
1485 2515
1486 2514
1487 2514
1488 2515
1489 2514
1490 2513
1491 2513
1492 2515
1493 2512
1494 9999
1495 2513
1496 2518
1497 9999
1498 2506
1499 2516
1500 2517
1501 9999
1502 2511
1503 2505
1504 2505
1505 9999
1506 9999
1507 9999
1508 9999
1509 2509
1510 9999
1511 2508
1512 2509
1513 9999
1514 9999
1515 2508
1516 9999
1517 2508
1518 2508
1519 2508
1520 2508
1521 9999
1522 9999
1523 2507
1524 2509
1525 2508
1526 2507
1527 9999
1528 2507
1529 9999
1530 9999
1531 9999
1532 9999
1533 9999
1534 2508
1535 2509
1536 9999
1537 9999
1538 9999
1539 9999
1540 9999
1541 9999
1542 9999
1543 9999
1544 2510
1545 2509
1546 9999
1547 2515
1548 2515
1549 2513
1550 2519
1551 2518
1552 2520
1751 2518
1752 2517
1753 2518
1754 2513
1755 2520
1756 2511
1757 2518
1758 2519
1759 2520
1760 2514
1761 2512
1762 2515
1763 2518
1764 2511
1765 2519
1766 2518
1767 2518
1768 2517
1769 2518
1770 2511
1771 2517
1772 2517
1773 2517
1774 2518
1775 2517
1776 2518
1777 2518
1778 2517
1779 2518
1780 2517
1781 2517
1782 2517
1783 2518
1784 2518
1785 2517
1786 2517
1787 2517
1788 2517
1789 2517
1790 2516
1791 2516
1792 2516
1793 2510
1794 2519
1795 2516
1796 2518
1797 2517
1798 2510
1799 2521
1800 2519
1801 2518
1802 2518
1803 2511
1804 2520
1805 2518
1806 2521
1807 2524
1808 2518
1809 2519
1810 2517
1811 2517
1812 2511
1813 2510
1814 2523
1815 2518
1816 2524
1817 2518
1818 2519
1819 2518
1820 2518
1821 2519
1822 2519
1823 2519
1824 2520
1825 2519
1826 2518
1827 2520
1828 2516
1829 2522
1830 2520
1831 2515
1832 2523
1833 2512
1834 2512
1835 2513
1836 2520
1837 2512
1838 2515
1839 2516
1840 2520
1841 2520
1842 2518
1843 2519
1844 2519
1845 2520
1846 2520
1847 2519
1848 2522
1849 2510
1850 2520
1851 2510
1852 2517
1853 2521
1854 2510
1855 2517
1856 2517
1857 2516
1858 2524
1859 2517
1860 2512
1861 2521
1862 2517
1863 2517
1864 2520
1865 2520
1866 2516
1867 2524
1868 2510
1869 2518
1870 2510
1871 2517
1872 2517
1873 2510
1874 2513
1875 2518
1876 2516
1877 2520
1878 2516
1879 2517
1880 2510
1881 2516
1882 2519
1883 2515
1884 2517
1885 2516
1886 2516
1887 2516
1888 2517
1889 2516
1890 2510
1891 2513
1892 2518
1893 2518
1894 2517
1895 2517
1896 2522
1897 2517
1898 2518
1899 2516
1900 2510
1901 2517
1902 2510
1903 2518
1904 2517
1905 2516
1906 2517
1907 2517
1908 2517
1909 2510
1910 2512
1911 2513
1912 2517
1913 2518
1914 2517
1915 2518
1916 2519
1917 2519
1918 2510
1919 2511
1920 2515
1921 2510
1922 2520
1923 2520
1924 2517
1925 2517
1926 2512
1927 9999
1928 2519
1929 2515
1930 2518
1931 2510
1932 2518
1933 2511
1934 9999
1935 2514
1936 2519
1937 2518
1938 2509
1939 2519
1940 2510
1941 9999
1942 9999
1943 2518
1944 2513
1945 2519
1946 2511
1947 2519
1948 2519
1949 2511
1950 2518
1951 2518
1952 2518
1953 2518
1954 2518
1955 2519
1956 2519
1957 2523
1958 9999
1959 9999
1960 2518
1961 2511
1962 2518
1963 2518
1964 2512
1965 2509
1966 9999
1967 2520
1968 2518
2381 2533
2382 2535
2383 2535
2384 2537
2385 2531
2386 2540
2387 2538
2388 2537
2389 2537
2390 2537
2391 2537
2392 2538
2393 2532
2394 2531
2395 2538
2396 2539
2397 2537
2398 2537
2399 2536
2400 2540
2401 2540
2402 2542
2842 2540
2843 2540
2844 2539
2845 2544
2846 2538
2847 2547
2848 2540
2849 2542
2850 2542
2851 2541
2852 2541
2853 2542
2854 2542
2855 2544
2856 2541
2857 2540
2858 2548
2859 2547
2860 2540
2861 2541
2862 2541
2863 2541
2864 2540
2865 2542
2866 2541
2867 2544
2868 2541
2869 2549
2870 2541
2871 2541
2872 2541
2873 2541
2874 2547
2875 2542
2876 2542
2877 2542
2878 2541
2879 2542
2880 2550
2881 2542
2882 2542
2883 2542
2884 2543
2885 2547
2886 2543
2887 2545
2888 2541
2889 2551
2890 2542
2891 2548
2892 2543
2893 2550
2894 2548
2895 2549
2896 2543
2897 2543
2898 2542
2899 2544
2900 2544
2901 2542
2902 2542
2903 2542
2904 2550
2905 2543
2906 2544
2907 2544
2908 2543
2909 2544
2910 2544
2911 2543
2912 2543
2913 2543
2914 2544
2915 2539
2916 2545
2917 2549
2918 2547
2919 2550
2920 2541
2921 2550

