2730 2512
2731 2514
2732 2513
2733 2514
2734 2512
2735 2513
2736 2512
2737 2512
2738 2517
2739 2513
2740 2512
2741 2512
2742 2512
2743 2522
2744 2513
2745 2512
2746 2514
2747 2513
2748 2513
2749 2511
2750 2519
2751 2511
2752 2517
2753 2521
2754 2513
2755 2511
2756 2511
2757 2511
2758 2511
2759 2511
2760 2512
2761 2514
2762 2512
2763 2514
2764 2513
2765 2511
2766 2511
2767 2514
2768 2511
2769 2511
2770 2512
2771 2512
2772 2510
2773 2511
2774 2515
2775 2513
2776 2516
2777 2510
2778 2510
2779 2511
2780 2510
2781 2510
2782 2510
2783 2510
2784 2510
2785 2510
2786 2511
2787 2510
2788 2510
2789 2511
2790 2511
2791 2510
2792 2512
2793 2513
2794 2513
2795 2513
2796 2512
2797 2512
2798 2512
2799 2511
2800 2511
2801 2511
2802 2513
2803 2509
2804 2509
2805 2509
2806 2509
2807 2509
2808 2509
2809 2509
2810 2509
2811 2509
2812 2509
2813 2509
2814 2509
2815 2509
2816 2509
2817 2509
2818 2509
2819 2509
2820 2509
2821 2509
2822 2509
2823 2510
2824 2509
2825 2508
2826 2508
2827 2508
2828 2508
2829 2508
2830 2509
2831 2509
2832 2511
2833 2509
2834 2509
2835 2510
2836 2509
2837 2508
2838 2508
2839 2508
2840 2508
2841 2508
2842 2508
2843 2508
2844 2508
2845 2508
2846 2508
2847 2508
2848 2508
2849 2508
2850 2508
2851 2512
2852 2507
2853 2509
2854 2513
2855 2511
2856 2509
2857 2509
2858 2508
2859 2509
2860 2508
2861 2508
2862 2508
2863 2508
2864 2508
2865 2509
2866 2508
2867 2509
2868 2509
2869 2509
2870 2508
2871 2509
2872 2510
2873 2509
2874 2509
2875 2508
2876 2508
2877 2509
2878 2508
2879 2509
2880 2509
2881 2508
2882 2508
2883 2508
2884 2508
2885 2508
2886 2509
2887 2508
2888 2508
2889 2508
2890 2508
2891 2507
2892 2508
2893 2511
2894 2509
2895 2508
2896 2507
2897 2508
2898 2511
2899 2507
2900 2506
2901 2507
2902 2507
2903 2507
2904 2507
2905 2508
2906 2511
2907 2508
2908 2507
2909 2507
2910 2508
2911 2507
2912 2510
2913 2512
2914 2510
2915 2507
2916 2507
2917 2507
2918 2507
2919 2507
2920 2506
2921 2506
2922 2505
2923 2506
2924 2510
2925 2507
2926 2506
2927 2507
2928 2506
2929 2506
2930 2507
2931 2506
2932 2506
2933 2506
2934 2507
2935 2506
2936 2506
2937 2507
2938 2506
2939 2507
2940 2507
2941 2508
2942 2508
2943 2509
2944 2507
2945 2507
2946 2507
2947 2507
2948 2507
2949 2511
2950 2507
2951 2507
2952 2508
2953 2516
2954 2507
2955 2508
2956 2506
2957 2508
2958 2507
2959 2506
2960 2506
2961 2506
2962 2506
2963 2506
2964 2506
2965 2506
2966 2505
2967 2506
2968 2506
2969 2506
2970 2505
2971 2507
2972 2505
2973 2505
2974 2505
2975 2505
2976 2505
2977 2513
2978 2506
2979 2506
2980 2505
2981 2506
2982 2506
2983 2506
2984 2505
2985 2506
2986 2506
2987 2506
2988 2506
2989 2505
2990 2511
2991 2503
2992 2503
2993 2503
2994 2508
2995 2504
2996 2505
2997 2504
2998 2511
2999 2504
3000 2503
3001 2503
3002 2502
3003 2502
3004 2504
3005 2504
3006 2507
3007 2503
3008 2503
3009 2504
3010 2504
3011 2503
3012 2502
3013 2502
3014 2502
3015 2502
3016 2503
3017 2502
3018 2507
3019 2503
3020 2504
3021 2504
3022 2503
3023 2503
3024 2504
3025 2504
3026 2504
3027 2504
3028 2503
3029 2503
3030 2503
3031 2503
3032 2504
3033 2503
3034 2504
3035 2503
3036 2503
3037 2504
3038 2507
3039 2503
3040 2504
3041 2504
3042 2508
3043 2505
3044 2505
3045 2503
3046 2503
3047 2503
3048 2503
3049 2503
3050 2503
3051 2503
3052 2508
3053 2502
3054 2503
3055 2503
3056 2502
3057 2502
3058 2502
3059 2502
3060 2502
3061 2502
3062 2501
3063 2501
3064 2502
3065 2501
3066 2501
3067 2501
3068 2501
3069 2501
3070 2501
3071 2500
3072 2500
3073 2501
3074 2500
3075 2505
3076 2501
3077 2500
3078 2500
3079 2500
3080 2499
3081 2499
3082 2500
3083 2499
3084 2499
3085 2499
3086 2501
3087 2501
3088 2501
3089 2501
3090 2500
3091 2500
3092 2499
3093 2506
3094 2499
3095 2507
3096 2500
3097 2501
3098 2502
3099 2504
3100 2501
3101 2501
3102 2503
3103 2502
3104 2505
3105 2502
3106 2502
3107 2507
3108 2501
3109 2501
3110 2501
3111 2501
3112 2501
3113 2501
3114 2501
3115 2501
3116 2501
3117 2507
3118 2501
3119 2501
3120 2501
3121 2500
3122 2500
3123 2500
3124 2500
3125 2500
3126 2500
3127 2500
3128 2500
3129 2500
3130 2499
3131 2499
3132 2499
3133 2499
3134 2498
3135 2498
3136 2498
3137 2498
3138 2498
3139 2497
3140 2497
3141 2497
3142 2497
3143 2498
3144 2498
3145 2498
3146 2498
3147 2498
3148 2498
3149 2498
3150 2498
3151 2498
3152 2498
3153 2498
3154 2499
3155 2499
3156 2499
3157 2499
3158 2499
3159 2499
3160 2499
3161 2499
3162 2499
3163 2499
3164 2499
3165 2499
3166 2498
3167 2499
3168 2499
3169 2499
3170 2498
3171 2498
3172 2498
3173 2499
3174 2499
3175 2499
3176 2499
3177 2499
3178 2499
3179 2499
3180 2499
3181 2499
3182 2500
3183 2499
3184 2500
3185 2500
3186 2502
3187 2502
3188 2502
3189 2503
3190 2503
3191 2503
3192 2508
3193 2504
3194 2504
3195 2504
3196 2504
3197 2504
3198 2504
3199 2504
3200 2504
3201 2505
3202 2508
3203 2504
3204 2505
3205 2508
3206 2504
3207 2508
3208 2509
3209 2508
3210 2505
3211 2505
3212 2504
3213 2504
3214 2504
3215 2504
3216 2504
3217 2504
3218 2504
3219 2504
3220 2504
3221 2504
3222 2504
3223 2508
3224 2506
3225 2508
3226 2504
3227 2505
3228 2505
3229 2504
3230 2505
3231 2504
3232 2504
3233 2504
3234 2504
3235 2504
3236 2504
3237 2504
3238 2504
3239 2504
3240 2504
3241 2504
3242 2505
3243 2504
3244 2505
3245 2505
3246 2504
3247 2505
3248 2504
3249 2506
3250 2505
3251 2505
3252 2505
3253 2505
3254 2504
3255 2504
3256 2504
3257 2508
3258 2505
3259 2506
3260 2503
3261 2504
3262 2505
3263 2504
3264 2504
3265 2503
3266 2504
3267 2508
3268 2505
3269 2504
3270 2504
3271 2504
3272 2504
3273 2504
3274 2504
3275 2504
3276 2504
3277 2504
3278 2503
3279 2503
3280 2504
3281 2503
3282 2503
3283 2504
3284 2503
3285 2503
3286 2503
3287 2503
3288 2504
3289 2504
3290 2504
3291 2503
3292 2504
3293 2507
3294 2508
3295 2503
3296 2503
3297 2503
3298 2503
3299 2503
3300 2504
3301 2503
3302 2504
3303 2504
3304 2504
3305 2504
3306 2504
3307 2504
3308 2504
3309 2504
3310 2504
3311 2504
3312 2504
3313 2504
3314 2504
3315 2504
3316 2504
3317 2504
3318 2504
3319 2503
3320 2504
3321 2504
3322 2504
3323 2503
3324 2504
3325 2503
3326 2504
3327 2504
3328 2504
3329 2503
3330 2503
3331 2503
3332 2503
3333 2504
3334 2504
3335 2504
3336 2503
3337 2503
3338 2504
3339 2504
3340 2504
3341 2504
3342 2504
3343 2504
3344 2504
3345 2504
3346 2504
3347 2504
3348 2504
3349 2504
3350 2503
3351 2503
3352 2503
3353 2504
3354 2504
3355 2504
3356 2504
3357 2504
3358 2504
3359 2504
3360 2504
3361 2504
3362 2504
3363 2504
3364 2505
3365 2505
3366 2504
3367 2505
3368 2505
3369 2505
3370 2505
3371 2504
3372 2505
3373 2504
3374 2505
3375 2505
3376 2505
3377 2505
3378 2505
3379 2504
3380 2504
3381 2505
3382 2504
3383 2505
3384 2504
3385 2505
3386 2505
3387 2505
3388 2505
3389 2505
3390 2505
3391 2505
3392 2505
3393 2504
3394 2504
3395 2505
3396 2505
3397 2504
3398 2505
3399 2505
3400 2505
3401 2504
3402 2504
3403 2504
3404 2504
3405 2505
3406 2505
3407 2504
3408 2504
3409 2505
3410 2504
3411 2504
3412 2505
3413 2505
3414 2505
3415 2505
3416 2505
3417 2504
3418 2505
3419 2504
3420 2504
3421 2505
3422 2504
3423 2504
3424 2504
3425 2505
3426 2504
3427 2504
3428 2504
3429 2505
3430 2504
3431 2504
3432 2505
3433 2504
3434 2504
3435 2504
3436 2504
3437 2504
3438 2504
3439 2504
3440 2504
3441 2504
3442 2504
3443 2504
3444 2504
3445 2504
3446 2504
3447 2504
3448 2504
3449 2504
3450 2504
3451 2504
3452 2504
3453 2504
3454 2504
3455 2504
3456 2504
3457 2504
3458 2504
3459 2504
3460 2504
3461 2504
3462 2504
3463 2504
3464 2504
3465 2504
3466 2504
3467 2504
3468 2503
3469 2504
3470 2503
3471 2503
3472 2504
3473 2504
3474 2504
3475 2504
3476 2504
3477 2504
3478 2504
3479 2504
3480 2504
3481 2504
3482 2503
3483 2503
3484 2503
3485 2503
3486 2503
3487 2504
3488 2503
3489 2503
3490 2503
3491 2503
3492 2503
3493 2504
3494 2504
3495 2503
3496 2503
3497 2504
3498 2504
3499 2504
3500 2503
3501 2503
3502 2504
3503 2504
3504 2504
3505 2503
3506 2503
3507 2503
3508 2503
3509 2503
3510 2503
3511 2503
3512 2503
3513 2503
3514 2503
3515 2503
3516 2503
3517 2503
3518 2503
3519 2503
3520 2503
3521 2503
3522 2507
3523 2502
3524 2504
3525 2503
3526 2503
3527 2503
3528 2503
3529 2503
3530 2503
3531 2503
3532 2503
3533 2503
3534 2503
3535 2503
3536 2503
3537 2503
3538 2503
3539 2503
3540 2503
3541 2503
3542 2503
3543 2503
3544 2503
3545 2503
3546 2503
3547 2503
3548 2503
3549 2503
3550 2503
3551 2503
3552 2503
3553 2503
3554 2503
3555 2503
3556 2503
3557 2503
3558 2503
3559 2503
3560 2503
3561 2503
3562 2503
3563 2503
3564 2503
3565 2503
3566 2503
3567 2503
3568 2503
3569 2503
3570 2503
3571 2503
3572 2503
3573 2503
3574 2503
3575 2503
3576 2503
3577 2503
3578 2503
3579 2503
3580 2503
3581 2503
3582 2503
3583 2503
3584 2503
3585 2503
3586 2503
3587 2503
3588 2503
3589 2503
3590 2503
3591 2503
3592 2503
3593 2503
3594 2503
3595 2503
3596 2503
3597 2503
3598 2502
3599 2503
3600 2503
3601 2503
3602 2503
3603 2503
3604 2503
3605 2502
3606 2502
3607 2502
3608 2502
3609 2503
3610 2503
3611 2503
3612 2502
3613 2503
3614 2502
3615 2503
3616 2503
3617 2502
3618 2502
3619 2502
3620 2502
3621 2502
3622 2502
3623 2502
3624 2502
3625 2502
3626 2502
3627 2502
3628 2502
3629 2502
3630 2502
3631 2502
3632 2502
3633 2502
3634 2502
3635 2503
3636 2502
3637 2502
3638 2502
3639 2502
3640 2502
3641 2502
3642 2502
3643 2503
3644 2502
3645 2502
3646 2502
3647 2502
3648 2502
3649 2503
3650 2502
3651 2502
3652 2502
3653 2502
3654 2502
3655 2502
3656 2502
3657 2502
3658 2502
3659 2502
3660 2501
3661 2501
3662 2501
3663 2501
3664 2501
3665 2501
3666 2501
3667 2502
3668 2502
3669 2501
3670 2501
3671 2501
3672 2505
3673 2501
3674 2502
3675 2501
3676 2502
3677 2502
3678 2501
3679 2502
3680 2502
3681 2502
3682 2501
3683 2501
3684 2502
3685 2501
3686 2502
3687 2501
3688 2502
3689 2501
3690 2502
3691 2501
3692 2502
3693 2501
3694 2501
3695 2501
3696 2501
3697 2501
3698 2501
3699 2501
3700 2501
3701 2501
3702 2501
3703 2501
3704 2500
3705 2500
3706 2501
3707 2501
3708 2501
3709 2500
3710 2500
3711 2500
3712 2500
3713 2500
3714 2500
3715 2500
3716 2500
3717 2500
3718 2500
3719 2500
3720 2500
3721 2500
3722 2500
3723 2500
3724 2501
3725 2500
3726 2500
3727 2501
3728 2500
3729 2501
3730 2500
3731 2501
3732 2500
3733 2500
3734 2500
3735 2500
3736 2500
3737 2500
3738 2500
3739 2500
3740 2500
3741 2500
3742 2500
3743 2500
3744 2500
3745 2500
3746 2500
3747 2500
3748 2500
3749 2500
3750 2500
3751 2500
3752 2500
3753 2500
3754 2500
3755 2500
3756 2500
3757 2500
3758 2500
3759 2500
3760 2500
3761 2500
3762 2500
3763 2500
3764 2500
3765 2499
3766 2499
3767 2499
3768 2500
3769 2500
3770 2500
3771 2499
3772 2499
3773 2499
3774 2499
3775 2499
3776 2500
3777 2499
3778 2499
3779 2499
3780 2500
3781 2500
3782 2500
3783 2500
3784 2500
3785 2499
3786 2500
3787 2500
3788 2500
3789 2500
3790 2499
3791 2500
3792 2499
3793 2499
3794 2500
3795 2499
3796 2500
3797 2499
3798 2499
3799 2499
3800 2500
3801 2500
3802 2499
3803 2499
3804 2499
3805 2499
3806 2499
3807 2499
3808 2499
3809 2499
3810 2499
3811 2499
3812 2499
3813 2499
3814 2499
3815 2499
3816 2499
3817 2499
3818 2499
3819 2499
3820 2499
3821 2499
3822 2499
3823 2499
3824 2499
3825 2499
3826 2498
3827 2499
3828 2499
3829 2500
3830 2500
3831 2500
3832 2500
3833 2500
3834 2499
3835 2499
3836 2499
3837 2499
3838 2499
3839 2500
3840 2499
3841 2499
3842 2500
3843 2500
3844 2499
3845 2500
3846 2500
3847 2500
3848 2500
3849 2500
3850 2499
3851 2500
3852 2500
3853 2500
3854 2499
3855 2499
3856 2500
3857 2500
3858 2500
3859 2500
3860 2499
3861 2500
3862 2500
3863 2500
3864 2500
3865 2500
3866 2500
3867 2499
3868 2499
3869 2499
3870 2499
3871 2499
3872 2499
3873 2499
3874 2499
3875 2498
3876 2499
3877 2499
3878 2498
3879 2498
3880 2498
3881 2498
3882 2498
3883 2498
3884 2498
3885 2499
3886 2499
3887 2498
3888 2498
3889 2499
3890 2498
3891 2499
3892 2499
3893 2499
3894 2498
3895 2499
3896 2499
3897 2499
3898 2499
3899 2499
3900 2509
3901 2511
3902 2501
3903 2500
3904 2507
3905 2499
3906 2499
3907 2498
3908 2499
3909 2498
3910 2499
3911 2499
3912 2499
3913 2498
3914 2498
3915 2498
3916 2498
3917 2498
3918 2498
3919 2498
3920 2498
3921 2498
3922 2498
3923 2498
3924 2498
3925 2498
3926 2498
3927 2498
3928 2498
3929 2498
3930 2498
3931 2498
3932 2498
3933 2498
3934 2498
3935 2498
3936 2498
3937 2498
3938 2498
3939 2498
3940 2498
3941 2498
3942 2498
3943 2498
3944 2498
3945 2498
3946 2498
3947 2498
3948 2498
3949 2498
3950 2498
3951 2498
3952 2498
3953 2498
3954 2498
3955 2498
3956 2498
3957 2498
3958 2498
3959 2498
3960 2498
3961 2498
3962 2498
3963 2498
3964 2498
3965 2498
3966 2499
3967 2498
3968 2498
3969 2499
3970 2498
3971 2498
3972 2498
3973 2499
3974 2498
3975 2498
3976 2499
3977 2499
3978 2498
3979 2498
3980 2498
3981 2498
3982 2498
3983 2498
3984 2498
3985 2498
3986 2498
3987 2498
3988 2498
3989 2498
3990 2498
3991 2498
3992 2498
3993 2498
3994 2499
3995 2499
3996 2498
3997 2498
3998 2498
3999 2499
4000 2498
4001 2498
4002 2498
4003 2498
4004 2498
4005 2498
4006 2498
4007 2498
4008 2498
4009 2498
4010 2498
4011 2498
4012 2498
4013 2498
4014 2498
4015 2498
4016 2498
4017 2498
4018 2498
4019 2498
4020 2498
4021 2498
4022 2498
4023 2499
4024 2498
4025 2498
4026 2498
4027 2498
4028 2498
4029 2498
4030 2498
4031 2498
4032 2498
4033 2498
4034 2498
4035 2498
4036 2498
4037 2498
4038 2498
4039 2498
4040 2498
4041 2498
4042 2499
4043 2498
4044 2498
4045 2498
4046 2498
4047 2498
4048 2498
4049 2498
4050 2498
4051 2498
4052 2498
4053 2498
4054 2498
4055 2498
4056 2498
4057 2498
4058 2498
4059 2498
4060 2497
4061 2498
4062 2498
4063 2497
4064 2497
4065 2497
4066 2497
4067 2497
4068 2497
4069 2497
4070 2497
4071 2497
4072 2497
4073 2498
4074 2498
4075 2497
4076 2498
4077 2498
4078 2498
4079 2498
4080 2497
4081 2497
4082 2497
4083 2498
4084 2497
4085 2498
4086 2498
4087 2498
4088 2498
4089 2498
4090 2498
4091 2498
4092 2497
4093 2498
4094 2498
4095 2498
4096 2498
4097 2498
4098 2497
4099 2497
4100 2497
4101 2497
4102 2497
4103 2497
4104 2497
4105 2497
4106 2497
4107 2496
4108 2497
4109 2496
4110 2497
4111 2497
4112 2496
4113 2496
4114 2496
4115 2496
4116 2496
4117 2496
4118 2496
4119 2496
4120 2497
4121 2496
4122 2496
4123 2497
4124 2496
4125 2496
4126 2496
4127 2496
4128 2496
4129 2496
4130 2496
4131 2496
4132 2496
4133 2496
4134 2496
4135 2496
4136 2496
4137 2496
4138 2496
4139 2496
4140 2496
4141 2496
4142 2496
4143 2496
4144 2496
4145 2495
4146 2496
4147 2496
4148 2496
4149 2496
4150 2496
4151 2496
4152 2496
4153 2496
4154 2496
4155 2495
4156 2496
4157 2495
4158 2495
4159 2495
4160 2495
4161 2495
4162 2495
4163 2495
4164 2495
4165 2495
4166 2495
4167 2495
4168 2495
4169 2495
4170 2495
4171 2495
4172 2495
4173 2495
4174 2495
4175 2495
4176 2495
4177 2495
4178 2495
4179 2495
4180 2495
4181 2495
4182 2495
4183 2495
4184 2495
4185 2495
4186 2495
4187 2495
4188 2495
4189 2494
4190 2495
4191 2495
4192 2495
4193 2495
4194 2495
4195 2494
4196 2494
4197 2495
4198 2494
4199 2494
4200 2494
4201 2494
4202 2494
4203 2494
4204 2494
4205 2494
4206 2494
4207 2494
4208 2494
4209 2494
4210 2494
4211 2494
4212 2494
4213 2494
4214 2494
4215 2494
4216 2494
4217 2494
4218 2494
4219 2494
4220 2494
4221 2494
4222 2494
4223 2494
4224 2494
4225 2494
4226 2494
4227 2493
4228 2494
4229 2494
4230 2494
4231 2494
4232 2494
4233 2494
4234 2493
4235 2493
4236 2493
4237 2493
4238 2493
4239 2493
4240 2493
4241 2493
4242 2493
4243 2493
4244 2493
4245 2493
4246 2493
4247 2493
4248 2493
4249 2493
4250 2493
4251 2493
4252 2493
4253 2493
4254 2493
4255 2494
4256 2493
4257 2493
4258 2493
4259 2493
4260 2493
4261 2493
4262 2493
4263 2493
4264 2493
4265 2493
4266 2493
4267 2493
4268 2492
4269 2493
4270 2493
4271 2493
4272 2493
4273 2493
4274 2493
4275 2493
4276 2493
4277 2493
4278 2493
4279 2493
4280 2493
4281 2493
4282 2493
4283 2493
4284 2493
4285 2493
4286 2493
4287 2493
4288 2493
4289 2493
4290 2493
4291 2493
4292 2493
4293 2493
4294 2493
4295 2493
4296 2493
4297 2493
4298 2493
4299 2493
4300 2493
4301 2493
4302 2493
4303 2493
4304 2492
4305 2492
4306 2492
4307 2492
4308 2492
4309 2492
4310 2492
4311 2492
4312 2492
4313 2491
4314 2492
4315 2492
4316 2492
4317 2491
4318 2491
4319 2491
4320 2491
4321 2491
4322 2491
4323 2491
4324 2491
4325 2491
4326 2491
4327 2491
4328 2492
4329 2491
4330 2491
4331 2490
4332 2490
4333 2490
4334 2490
4335 2490
4336 2490
4337 2491
4338 2491
4339 2490
4340 2493
4341 2491
4342 2490
4343 2491
4344 2490
4345 2491
4346 2490
4347 2490
4348 2490
4349 2490
4350 2490
4351 2490
4352 2490
4353 2491
4354 2490
4355 2490
4356 2490
4357 2490
4358 2490
4359 2490
4360 2490
4361 2490
4362 2490
4363 2490
4364 2490
4365 2491
4366 2490
4367 2490
4368 2490
4369 2490
4370 2490
4371 2490
4372 2490
4373 2490
4374 2490
4375 2489
4376 2490
4377 2489
4378 2490
4379 2489
4380 2490
4381 2490
4382 2490
4383 2489
4384 2490
4385 2490
4386 2490
4387 2489
4388 2490
4389 2489
4390 2489
4391 2489
4392 2489
4393 2489
4394 2489
4395 2489
4396 2489
4397 2489
4398 2489
4399 2489
4400 2490
4401 2489
4402 2489
4403 2489
4404 2489
4405 2489
4406 2489
4407 2489
4408 2489
4409 2489
4410 2489
4411 2489
4412 2489
4413 2490
4414 2490
4415 2489
4416 2489
4417 2489
4418 2489
4419 2488
4420 2488
4421 2489
4422 2489
4423 2488
4424 2488
4425 2489
4426 2488
4427 2488
4428 2489
4429 2489
4430 2489
4431 2489
4432 2488
4433 2488
4434 2489
4435 2489
4436 2489
4437 2488
4438 2488
4439 2488
4440 2488
4441 2489
4442 2488
4443 2489
4444 2488
4445 2489
4446 2488
4447 2488
4448 2488
4449 2488
4450 2488
4451 2488
4452 2489
4453 2488
4454 2488
4455 2488
4456 2488
4457 2488
4458 2488
4459 2488
4460 2488
4461 2488
4462 2488
4463 2488
4464 2487
4465 2488
4466 2488
4467 2487
4468 2488
4469 2487
4470 2489
4471 2489
4472 2487
4473 2488
4474 2488
4475 2488
4476 2487
4477 2487
4478 2487
4479 2488
4480 2488
4481 2487
4482 2488
4483 2488
4484 2487
4485 2487
4486 2487
4487 2491
4488 2487
4489 2487
4490 2488
4491 2487
4492 2487
4493 2489
4494 2488
4495 2487
4496 2488
4497 2488
4498 2487
4499 2487
4500 2491
4501 2488
4502 2487
4503 2488
4504 2486
4505 2486
4506 2487
4507 2487
4508 2488
4509 2486
4510 2487
4511 2486
4512 2486
4513 2487
4514 2487
4515 2487
4516 2487
4517 2489
4518 2487
4519 2487
4520 2487
4521 2487
4522 2487
4523 2487
4524 2488
4525 2487
4526 2487
4527 2487
4528 2490
4529 2487
4530 2487
4531 2487
4532 2487
4533 2487
4534 2486
4535 2487
4536 2487
4537 2487
4538 2487
4539 2487
4540 2487
4541 2487
4542 2487
4543 2487
4544 2486
4545 2486
4546 2489
4547 2489
4548 2486
4549 2485
4550 2486
4551 2486
4552 2486
4553 2486
4554 2486
4555 2485
4556 2489
4557 2485
4558 2486
4559 2495
4560 2486
4561 2486
4562 2487
4563 2487
4564 2489
4565 2489
4566 2485
4567 2490
4568 2486
4569 2486
4570 2486
4571 2487
4572 2486
4573 2486
4574 2487
4575 2487
4576 2487
4577 2490
4578 2487
4579 2487
4580 2487
4581 2487
4582 2487
4583 2487
4584 2489
4585 2487
4586 2487
4587 2487
4588 2488
4589 2490
4590 2487
4591 2487
4592 2487
4593 2487
4594 2487
4595 2488
4596 2487
4597 2487
4598 2487
4599 2487
4600 2488
4601 2488
4602 2487
4603 2487
4604 2488
4605 2488
4606 2488
4607 2488
4608 2488
4609 2488
4610 2488
4611 2488
4612 2488
4613 2488
4614 2488
4615 2488
4616 2488
4617 2488
4618 2488
4619 2488
4620 2488
4621 2488
4622 2489
4623 2489
4624 2488
4625 2489
4626 2489
4627 2490
4628 2489
4629 2488
4630 2488
4631 2489
4632 2489
4633 2489
4634 2488
4635 2489
4636 2488
4637 2488
4638 2489
4639 2489
4640 2488
4641 2488
4642 2488
4643 2488
4644 2488
4645 2488
4646 2488
4647 2488
4648 2488
4649 2488
4650 2488
4651 2488
4652 2488
4653 2488
4654 2488
4655 2488
4656 2489
4657 2489
4658 2488
4659 2488
4660 2489
4661 2489
4662 2488
4663 2489
4664 2489
4665 2488
4666 2489
4667 2487
4668 2490
4669 2490
4670 2486
4671 2486
4672 2486
4673 2487
4674 2488
4675 2488
4676 2488
4677 2489
4678 2489
4679 2489
4680 2489
4681 2489
4682 2488
4683 2488
4684 2488
4685 2488
4686 2488
4687 2488
4688 2488
4689 2488
4690 2488
4691 2488
4692 2488
4693 2489
4694 2489
4695 2491
4696 2490
4697 2489
4698 2488
4699 2488
4700 2488
4701 2489
4702 2489
4703 2489
4704 2489
4705 2489
4706 2489
4707 2489
4708 2489
4709 2489
4710 2489
4711 2489
4712 2489
4713 2489
4714 2489
4715 2489
4716 2489
4717 2489
4718 2489
4719 2489
4720 2489
4721 2489
4722 2489
4723 2489
4724 2489
4725 2489
4726 2489
4727 2489
4728 2489
4729 2489
4730 2489
4731 2489
4732 2489
4733 2489
4734 2489
4735 2489
4736 2489
4737 2489
4738 2489
4739 2489
4740 2489
4741 2489
4742 2489
4743 2489
4744 2489
4745 2489
4746 2489
4747 2489
4748 2489
4749 2489
4750 2489
4751 2489
4752 2489
4753 2489
4754 2489
4755 2489
4756 2489
4757 2489
4758 2489
4759 2489
4760 2489
4761 2490
4762 2490
4763 2490
4764 2489
4765 2489
4766 2489
4767 2489
4768 2489
4769 2489
4770 2489
4771 2489
4772 2489
4773 2489
4774 2489
4775 2489
4776 2490
4777 2489
4778 2489
4779 2489
4780 2489
4781 2489
4782 2489
4783 2490
4784 2490
4785 2490
4786 2489
4787 2489
4788 2490
4789 2490
4790 2489
4791 2489
4792 2489
4793 2489
4794 2489
4795 2489
4796 2489
4797 2489
4798 2489
4799 2489
4800 2489
4801 2489
4802 2489
4803 2489
4804 2490
4805 2489
4806 2489
4807 2489
4808 2489
4809 2489
4810 2489
4811 2489
4812 2489
4813 2489
4814 2489
4815 2489
4816 2489
4817 2489
4818 2489
4819 2489
4820 2489
4821 2490
4822 2489
4823 2489
4824 2489
4825 2489
4826 2489
4827 2489
4828 2489
4829 2489
4830 2490
4831 2490
4832 2490
4833 2490
4834 2481
4835 2479
4836 2479
4837 2480
4838 2480
4839 2478
4840 2479
4841 2492
4842 2492
4843 2492
4844 2493
4845 2486
4846 2485
4847 2484
4848 2484
4849 2482
4850 2482
4851 2481
4852 2480
4853 2479
4854 2480
4855 2476
4856 2475
4857 2479
4858 2476
4859 2479
4860 2479
4861 2479
4862 2478
4863 2477
4864 2478
4865 2477
4866 2478
4867 2475
4868 2477
4869 2477
4870 2474
4871 2469
4872 2469
4873 2470
4874 2471
4875 2470
4876 2472
4877 2471
4878 2471
4879 2469
4880 2468
4881 2469
4882 2468
4883 2468
4884 2469
4885 2469
4886 2469
4887 2468
4888 2469
4889 2469
4890 2470
4891 2470
4892 2471
4893 2472
4894 2472
4895 2471
4896 2472
4897 2471
4898 2471
4899 2470
4900 2471
4901 2471
4902 2466
4903 2471
4904 2470
4905 2470
4906 2466
4907 2466
4908 2469
4909 2465
4910 2465
4911 2465
4912 2465
4913 2464
4914 2469
4915 2469
4916 2469
4917 2464
4918 2465
4919 2464
4920 2467
4921 2464
4922 2463
4923 2464
4924 2463
4925 2463
4926 2464
4927 2465
4928 2462
4929 2462
4930 2463
4931 2463
4932 2462
4933 2463
4934 2466
4935 2466
4936 2465
4937 2460
4938 2460
4939 2460
4940 2461
4941 2461
4942 2459
4943 2460
4944 2460
4945 2459
4946 2460
4947 2460
4948 2460
4949 2459
4950 2462
4951 2460
4952 2462
4953 2462
4954 2458
4955 2466
4956 2466
4957 2467
4958 2468
4959 2467
4960 2463
4961 2462
4962 2461
4963 2461
4964 2462
4965 2462
4966 2462
4967 2464
4968 2465
4969 2467
4970 2467
4971 2464
4972 2465
4973 2466
4974 2466
4975 2465
4976 2468
4977 2466
4978 2466
4979 2467
4980 2465
4981 2467
4982 2466
4983 2467
4984 2466
4985 2468
4986 2464
4987 2465
4988 2467
4989 2464
4990 2464
4991 2464
4992 2466
4993 2465
4994 2460
4995 2460
4996 2465
4997 2460
4998 2457
4999 2454
5000 2460
5001 2459
5002 2460
5003 2459
5004 2460
5005 2465
5006 2460
5007 2468
5008 2471
5009 2455
5010 2457
5011 2453
5012 2454
5013 2455
5014 2453
5015 2453
5016 2453
5017 2452
5018 2452
5019 2452
5020 2460
5021 2452
5022 2452
5023 2453
5024 2454
5025 2452
5026 2458
5027 2456
5028 2453
5029 2451
5030 2451
5031 2451
5032 2451
5033 2451
5034 2451
5035 2451
5036 2452
5037 2451
5038 2452
5039 2451
5040 2456
5041 2451
5042 2451
5043 2450
5044 2450
5045 2455
5046 2450
5047 2455
5048 2450
5049 2450
5050 2450
5051 2450
5052 2450
5053 2454
5054 2450
5055 2450
5056 2453
5057 2454
5058 2454
5059 2455
5060 2453
5061 2454
5062 2454
5063 2455
5064 2455
5065 2454
5066 2455
5067 2454
5068 2453
5069 2453
5070 2452
5071 2449
5072 2449
5073 2452
5074 2455
5075 2457
5076 2451
5077 2449
5078 2459
5079 2457
5080 2455
5081 2452
5082 2452
5083 2453
5084 2454
5085 2453
5086 2454
5087 2454
5088 2453
5089 2451
5090 2452
5091 2452
5092 2452
5093 2452
5094 2453
5095 2451
5096 2452
5097 2454
5098 2453
5099 2453
5100 2453
5101 2453
5102 2454
5103 2455
5104 2452
5105 2453
5106 2452
5107 2452
5108 2452
5109 2452
5110 2453
5111 2453
5112 2452
5113 2452
5114 2453
5115 2452
5116 2451
5117 2452
5118 2452
5119 2453
5120 2452
5121 2452
5122 2452
5123 2452
5124 2452
5125 2453
5126 2452
5127 2452
5128 2452
5129 2452
5130 2452
5131 2451
5132 2451
5133 2450
5134 2449
5135 2450
5136 2450
5137 2451
5138 2451
5139 2450
5140 2451
5141 2450
5142 2450
5143 2450
5144 2451
5145 2450
5146 2450
5147 2453
5148 2453
5149 2452
5150 2451
5151 2452
5152 2451
5153 2452
5154 2452
5155 2452
5156 2452
5157 2452
5158 2451
5159 2451
5160 2451
5161 2451
5162 2451
5163 2451
5164 2450
5165 2450
5166 2450
5167 2450
5168 2450
5169 2450
5170 2450
5171 2450
5172 2451
5173 2450
5174 2450
5175 2450
5176 2450
5177 2449
5178 2451
5179 2450
5180 2450
5181 2450
5182 2450
5183 2450
5184 2450
5185 2450
5186 2452
5187 2453
5188 2451
5189 2450
5190 2450
5191 2450
5192 2450
5193 2449
5194 2450
5195 2449
5196 2448
5197 2448
5198 2448
5199 2449
5200 2448
5201 2448
5202 2453
5203 2448
5204 2449
5205 2449
5206 2447
5207 2446
5208 2450
5209 2444
5210 2445
5211 2446
5212 2450
5213 2445
5214 2445
5215 2444
5216 2445
5217 2445
5218 2445
5219 2452
5220 2444
5221 2446
5222 2444
5223 2451
5224 2448
5225 2454
5226 2446
5227 2449
5228 2449
5229 2451
5230 2449
5231 2446
5232 2445
5233 2446
5234 2446
5235 2446
5236 2447
5237 2442
5238 2444
5239 2444
5240 2444
5241 2444
5242 2444
5243 2444
5244 2445
5245 2447
5246 2447
5247 2447
5248 2446
5249 2445
5250 2449
5251 2447
5252 2449
5253 2448
5254 2448
5255 2452
5256 2451
5257 2455
5258 2453
5259 2450
5260 2449
5261 2450
5262 2451
5263 2449
5264 2449
5265 2451
5266 2449
5267 2449
5268 2450
5269 2450
5270 2450
5271 2449
5272 2449
5273 2451
5274 2452
5275 2450
5276 2450
5277 2450
5278 2450
5279 2452
5280 2450
5281 2449
5282 2450
5283 2451
5284 2452
5285 2451
5286 2450
5287 2451
5288 2450
5289 2450
5290 2449
5291 2450
5292 2450
5293 2450
5294 2450
5295 2449
5296 2453
5297 2449
5298 2449
5299 2449
5300 2449
5301 2448
5302 2448
5303 2448
5304 2449
5305 2448
5306 2447
5307 2447
5308 2447
5309 2447
5310 2446
5311 2446
5312 2449
5313 2449
5314 2446
5315 2445
5316 2446
5317 2446
5318 2446
5319 2445
5320 2445
5321 2446
5322 2446
5323 2445
5324 2446
5325 2445
5326 2445
5327 2445
5328 2445
5329 2444
5330 2442
5331 2442
5332 2441
5333 2446
5334 2440
5335 2440
5336 2444
5337 2441
5338 2440
5339 2441
5340 2442
5341 2439
5342 2438
5343 2443
5344 2439
5345 2439
5346 2439
5347 2439
5348 2439
5349 2440
5350 2440
5351 2439
5352 2439
5353 2438
5354 2438
5355 2438
5356 2446
5357 2445
5358 2442
5359 2434
5360 2434
5361 2437
5362 2438
5363 2437
5364 2441
5365 2434
5366 2434
5367 2436
5368 2437
5369 2436
5370 2431
5371 2443
5372 2442
5373 2442
5374 2431
5375 2431
5376 2442
5377 2432
5378 2430
5379 2432
5380 2431
5381 2448
5382 2432
5383 2433
5384 2434
5385 2434
5386 2438
5387 2436
5388 2435
5389 2435
5390 2434
5391 2435
5392 2435
5393 2435
5394 2434
5395 2432
5396 2432
5397 2432
5398 2432
5399 2431
5400 2430
5401 2433
5402 2433
5403 2434
5404 2434
5405 2434
5406 2433
5407 2433
5408 2434
5409 2432
5410 2433
5411 2432
5412 2431
5413 2430
5414 2430
5415 2430
5416 2438
5417 2432
5418 2432
5419 2433
5420 2437
5421 2432
5422 2432
5423 2432
5424 2433
5425 2433
5426 2432
5427 2432
5428 2431
5429 2431
5430 2431
5431 2430
5432 2429
5433 2429
5434 2429
5435 2429
5436 2428
5437 2428
5438 2428
5439 2429
5440 2428
5441 2440
5442 2432
5443 2444
5444 2430
5445 2434
5446 2433
5447 2431
5448 2431
5449 2431
5450 2425
5451 2438
5452 2425
5453 2425
5454 2428
5455 2430
5456 2436
5457 2432
5458 2427
5459 2436
5460 2429
5461 2431
5462 2431
5463 2438
5464 2434
5465 2435
5466 2436
5467 2428
5468 2430
5469 2443
5470 2430
5471 2432
5472 2432
5473 2431
5474 2429
5475 2429
5476 2429
5477 2429
5478 2430
5479 2435
5480 2436
5481 2437
5482 2435
5483 2430
5484 2429
5485 2430
5486 2431
5487 2430
5488 2430
5489 2430
5490 2430
5491 2430
5492 2430
5493 2429
5494 2430
5495 2429
5496 2429
5497 2430
5498 2434
5499 2434
5500 2430
5501 2433
5502 2434
5503 2438
5504 2442
5505 2431
5506 2435
5507 2434
5508 2433
5509 2431
5510 2428
5511 2430
5512 2430
5513 2430
5514 2434
5515 2432
5516 2432
5517 2431
5518 2431
5519 2431
5520 2430
5521 2431
5522 2432
5523 2431
5524 2431
5525 2431
5526 2431
5527 2430
5528 2430
5529 2430
5530 2430
5531 2429
5532 2430
5533 2430
5534 2430
5535 2430
5536 2430
5537 2429
5538 2430
5539 2429
5540 2429
5541 2429
5542 2429
5543 2429
5544 2429
5545 2430
5546 2430
5547 2431
5548 2430
5549 2431
5550 2435
5551 2432
5552 2431
5553 2431
5554 2434
5555 2432
5556 2431
5557 2431
5558 2432
5559 2432
5560 2431
5561 2432
5562 2431
5563 2431
5564 2431
5565 2437
5566 2437
5567 2434
5568 2432
5569 2432
5570 2429
5571 2435
5572 2435
5573 2436
5574 2429
5575 2430
5576 2431
5577 2431
5578 2431
5579 2432
5580 2433
5581 2432
5582 2432
5583 2433
5584 2433
5585 2433
5586 2434
5587 2433
5588 2436
5589 2436
5590 2434
5591 2434
5592 2436
5593 2435
5594 2440
5595 2440
5596 2434
5597 2435
5598 2435
5599 2436
5600 2436
5601 2435
5602 2435
5603 2435
5604 2434
5605 2435
5606 2435
5607 2435
5608 2434
5609 2433
5610 2434
5611 2432
5612 2431
5613 2433
5614 2428
5615 2429
5616 2428
5617 2434
5618 2430
5619 2431
5620 2429
5621 2429
5622 2426
5623 2425
5624 2437
5625 2430
5626 2434
5627 2429
5628 2428
5629 2430
5630 2430
5631 2430
5632 2430
5633 2430
5634 2429
5635 2429
5636 2428
5637 2430
5638 2431
5639 2431
5640 2430
5641 2429
5642 2432
5643 2425
5644 2424
5645 2438
5646 2438
5647 2438
5648 2437
5649 2430
5650 2428
5651 2428
5652 2428
5653 2429
5654 2430
5655 2429
5656 2429
5657 2429
5658 2429
5659 2429
5660 2429
5661 2429
5662 2428
5663 2427
5664 2427
5665 2427
5666 2427
5667 2426
5668 2426
5669 2427
5670 2428
5671 2428
5672 2428
5673 2445
5674 2443
5675 2438
5676 2436
5677 2436
5678 2437
5679 2437
5680 2436
5681 2436
5682 2435
5683 2437
5684 2438
5685 2436
5686 2445
5687 2432
5688 2428
5689 2425
5690 2434
5691 2435
5692 2433
5693 2425
5694 2425
5695 2425
5696 2425
5697 2425
5698 2433
5699 2435
5700 2432
5701 2434
5702 2435
5703 2434
5704 2438
5705 2434
5706 2431
5707 2431
5708 2431
5709 2431
5710 2431
5711 2430
5712 2431
5713 2431
5714 2431
5715 2432
5716 2432
5717 2432
5718 2432
5719 2432
5720 2432
5721 2436
5722 2432
5723 2433
5724 2432
5725 2432
5726 2432
5727 2432
5728 2432
5729 2432
5730 2432
5731 2432
5732 2432
5733 2431
5734 2430
5735 2430
5736 2429
5737 2435
5738 2430
5739 2430
5740 2433
5741 2431
5742 2431
5743 2431
5744 2431
5745 2431
5746 2431
5747 2431
5748 2431
5749 2432
5750 2431
5751 2431
5752 2431
5753 2431
5754 2431
5755 2430
5756 2430
5757 2430
5758 2430
5759 2429
5760 2430
5761 2429
5762 2430
5763 2430
5764 2430
5765 2430
5766 2431
5767 2431
5768 2430
5769 2430

2898 2549
2899 2547
2900 2547
2901 2554
2902 2547
2903 2550
2904 2551
2905 2552
2906 2551
2907 2551
2908 2553
2909 2553
2910 2547
2911 2547
2912 2546
2913 2551
2914 2548
2915 2553
2916 2545
2917 2547
2918 2559
2919 2557
2920 2545
2921 2551
2922 2549
2923 2552
2924 2552
2925 2550
2926 2554
2927 2558
2928 2558
2929 2552
2930 2548
2931 2544
2932 2551
2933 2556
2934 2558
2935 2550
2936 2554
2937 2552
2938 2555
2939 2551
2940 2553
2941 2553
2942 2550
2943 2544
2944 2551
2945 2551
2946 2554
2947 2550
2948 2546
2949 2544
2950 2551
2951 2551
2952 2553
2953 2553
2954 2553
2955 2552
2956 2554
2957 2551
2958 2550
2959 2549
2960 2553
2961 2551
2962 2546
2963 2551
2964 2550
2965 2543
2966 2552
2967 2544
2968 2551
2969 2554
2970 2550
2971 2552
2972 2550
2973 2552
2974 2550
2975 2549
2976 2551
2977 2553
2978 2555
2979 2555
2980 2551
2981 2553
2982 2545
2983 2553
2984 2543
2985 2544
2986 2552
2987 2549
2988 2550
2989 2557
2990 2546
2991 2546
2992 2557
2993 2556
2994 2548
2995 2554
2996 2547
2997 2545
2998 2556
2999 2546
3000 2543
3001 2551
3002 2546
3003 2542
3004 2542
3005 2552
3006 2553
3007 2545
3008 2548
3009 2554
3010 2552
3011 2554
3012 2549
3013 2548
3014 2541
3015 2545
3016 2550
3017 2541
3018 2542
3019 2540
3020 2544
3021 2552
3022 2547
3023 2543
3024 2554
3025 2552
3026 2540
3027 2546
3028 2545
3029 2542
3030 2551
3031 2553
3032 2540
3033 2539
3034 2542
3035 2548
3036 2543
3037 2546
3038 2546
3039 2547
3040 2547
3041 2546
3042 2548
3043 2540
3044 2551
3045 2538
3046 2538
3047 2542
3048 2546
3049 2546
3050 2546
3051 2551
3052 2551
3053 2545
3054 2551
3055 2550
3056 2540
3057 2546
3058 2543
3059 2537
3060 2547
3061 2544
3062 2542
3063 2541
3064 2548
3065 2549
3066 2539
3067 2539
3068 2543
3069 2544
3070 2537
3071 2542
3072 2540
3073 2545
3074 2544
3075 2545
3076 2538
3077 2544
3078 2548
3079 2550
3080 2550
3081 2540
3082 2548
3083 2550
3084 2538
3085 2537
3086 2544
3087 2538
3088 2546
3089 2539
3090 2542
3091 2542
3092 2541
3093 2535
3094 2546
3095 2537
3096 2535
3097 2542
3098 2538
3099 2534
3100 2542
3101 2541
3102 2545
3103 2542
3104 2543
3105 2543
3106 2544
3107 2544
3108 2541
3109 2542
3110 2542
3111 2542
3112 2535
3113 2541
3114 2541
3115 2535
3116 2534
3117 2541
3118 2547
3119 2547
3120 2542
3121 2541
3122 2541
3123 2546
3124 2545
3125 2540
3126 2541
3127 2532
3128 2545
3129 2543
3130 2542
3131 2543
3132 2531
3133 2544
3134 2530
3135 2544
3136 2540
3137 2537
3138 2534
3139 2532
3140 2540
3141 2536
3142 2540
3143 2533
3144 2530
3145 2528
3146 2529
3147 2541
3148 2540
3149 2539
3150 2541
3151 2529
3152 2540
3153 2538
3154 2534
3155 2529
3156 2528
3157 2542
3158 2540
3159 2535
3160 2538
3161 2537
3162 2537
3163 2540
3164 2543
3165 2540
3166 2535
3167 2540
3168 2545
3169 2540
3170 2531
3171 2531
3172 2540
3173 2540
3174 2538
3175 2543
3176 2542
3177 2541
3178 2539
3179 2545
3180 2547
3181 2542
3182 2542
3183 2534
3184 2548
3185 2542
3186 2542
3187 2544
3188 2546
3189 2544
3190 2547
3191 2538
3192 2541
3193 2544
3194 2546
3195 2546
3196 2546
3197 2546
3198 2546
3199 2547
3200 2541
3201 2545
3202 2547
3203 2539
3204 2539
3205 2536
3206 2543
3207 2543
3208 2543
3209 2544
3210 2544
3211 2545
3212 2545
3213 2539
3214 2544
3215 2545
3216 2542
3217 2544
3218 2547
3219 2545
3220 2544
3221 2549
3222 2538
3223 2550
3224 2541
3225 2544
3226 2536
3227 2545
3228 2544
3229 2548
3230 2544
3231 2545
3232 2544
3233 2543
3234 2545
3235 2541
3236 2544
3237 2546
3238 2544
3239 2548
3240 2545
3241 2544
3242 2544
3243 2544
3244 2549
3245 2541
3246 2541
3247 2550
3248 2543
3249 2544
3250 2550
3251 2541
3252 2544
3253 2543
3254 2542
3255 2544
3256 2543
3257 2544
3258 2548
3259 2547
3260 2545
3261 2539
3262 2545
3263 2545
3264 2545
3265 2547
3266 2550
3267 2538
3268 2548
3269 2540
3270 2542
3271 2550
3272 2550
3273 2536
3274 2550
3275 2543
3276 2541
3277 2543
3278 2543
3279 2541
3280 2542
3281 2537
3282 2550
3283 2544
3284 2548
3285 2536
3286 2546
3287 2540
3288 2547
3289 2540
3290 2545
3291 2543
3292 2543
3293 2543
3294 2543
3295 2543
3296 2544
3297 2542
3298 2543
3299 2544
3300 2544
3301 2546
3302 2543
3303 2544
3304 2543
3305 2542
3306 2543
3307 2542
3308 2543
3309 2543
3310 2542
3311 2543
3312 2543
3313 2543
3314 2543
3315 2542
3316 2543
3317 2543
3318 2543
3319 2536
3320 2542
3321 2542
3322 2542
3323 2542
3324 2542
3325 2542
3326 2545
3327 2542
3328 2542
3329 2541
3330 2542
3331 2542
3332 2545
3333 2542
3334 2542
3335 2541
3336 2543
3337 2542
3338 2541
3339 2541
3340 2542
3341 2545
3342 2546
3343 2542
3344 2543
3345 2548
3346 2543
3347 2549
3348 2545
3349 2548
3350 2546
3351 2545
3352 2543
3353 2542
3354 2543
3355 2550
3356 2542
3357 2547
3358 2542
3359 2543
3360 2546
3361 2543
3362 2545
3363 2544
3364 2541
3365 2542
3366 2542
3367 2546
3368 2547
3369 2541
3370 2543
3371 2540
3372 2540
3373 2536
3374 2542
3375 2541
3376 2541
3377 2542
3378 2541
3379 2541
3380 2545
3381 2545
3382 2536
3383 2547
3384 2539
3385 2541
3386 2534
3387 2542
3388 2548
3389 2547
3390 2543
3391 2548
3392 2540
3393 2542
3394 2541
3395 2541
3396 2540
3397 2541
3398 2540
3399 2540
3400 2540
3401 2541
3402 2540
3403 2540
3404 2540
3405 2544
3406 2541
3407 2540
3408 2546
3409 2541
3410 2540
3411 2541
3412 2541
3413 2542
3414 2541
3415 2536
3416 2538
3417 2539
3418 2539
3419 2540
3420 2540
3421 2539
3422 2538
3423 2541
3424 2539
3425 2538
3426 2540
3427 2541
3428 2536
3429 2540
3430 2540
3431 2546
3432 2540
3433 2540
3434 2546
3435 2539
3436 2544
3437 2540
3438 2540
3439 2536
3440 2538
3441 2538
3442 2537
3443 2537
3444 2537
3445 2537
3446 2542
3447 2542
3448 2535
3449 2544
3450 2539
3451 2534
3452 2535
3453 2536
3454 2536
3455 2536
3456 2536
3457 2537
3458 2537
3459 2537
3460 2537
3461 2536
3462 2535
3463 2532
3464 2543
3465 2544
3466 2535
3467 2540
3468 2538
3469 2535
3470 2539
3471 2534
3472 2536
3473 2536
3474 2534
3475 2531
3476 2531
3477 2543
3478 2535
3479 2533
3480 2535
3481 2537
3482 2538
3483 2537
3484 2533
3485 2534
3486 2534
3487 2541
3488 2533
3489 2533
3490 2533
3491 2533
3492 2532
3493 2534
3494 2531
3495 2531
3496 2532
3497 2528
3498 2528
3499 2532
3500 2536
3501 2535
3502 2536
3503 2540
3504 2537
3505 2531
3506 2533
3507 2530
3508 2532
3509 2530
3510 2525
3511 2530
3512 2526
3513 2535
3514 2530
3515 2531
3516 2539
3517 2533
3518 2536
3519 2530
3520 2538
3521 2533
3522 2531
3523 2532
3524 2531
3525 2532
3526 2531
3527 2531
3528 2531
3529 2530
3530 2530
3531 2530
3532 2529
3533 2529
3534 2524
3535 2531
3536 2531
3537 2530
3538 2523
3539 2531
3540 2531
3541 2530
3542 2530
3543 2523
3544 2530
3545 2530
3546 2530
3547 2530
3548 2530
3549 2530
3550 2531
3551 2530
3552 2530
3553 2530
3554 2531
3555 2529
3556 2530
3557 2536
3558 2531
3559 2530
3560 2530
3561 2530
3562 2530
3563 2530
3564 2531
3565 2531
3566 2532
3567 2531
3568 2531
3569 2532
3570 2531
3571 2532
3572 2532
3573 2532
3574 2532
3575 2532
3576 2531
3577 2530
3578 2531
3579 2530
3580 2533
3581 2531
3582 2537
3583 2527
3584 2530
3585 2533
3586 2532
3587 2532
3588 2531
3711 2522
3712 2523
3713 2517
3714 2523
3715 2523
3716 2523
3717 2524
3718 2521
3719 2528
3720 2524
3721 2525
3722 2524
3723 2529
3724 2524
3725 2524
3726 2527
3727 2528
3728 2525
3729 2526
3730 2524
3731 2524
3732 2524
3733 2525
3734 2527
3735 2523
3736 2524
3737 2524
3738 2523
3739 2523
3740 2528
3741 2526
3742 2519
3743 2521
3744 2525
3745 2517
3746 2518
3747 2522
3748 2522
3749 2522
3750 2523
3751 2514
3752 2523
3753 2523
3754 2523
3755 2523
3756 2524
3757 2526
3758 2525
3759 2522
3760 2514
3761 2512
3762 2512
3763 2512
3764 2512
3765 2511
3766 2511
3767 2521
3768 2519
3769 9999
3770 2517
3771 2518
3772 2517
3773 2517
3774 2511
3775 2514
3776 2517
3777 2517
3778 2524
3779 2511
3780 2516
3781 2515
3782 9999
3783 2514
3784 2517
3785 2516
3786 2516
3787 2517
3788 2517
3789 2515
3790 2515
3791 9999
3792 2514
3793 2512
3794 2515
3795 2514
3796 2514
3797 2514
3798 9999
3799 9999
3800 9999
3801 2515
3802 9999
3803 2514
3804 2514
3805 2513
3806 2514
3807 2514
3808 9999
3809 9999
3810 9999
3811 2513
3812 2512
3813 9999
3814 9999
3815 9999
3816 9999
3817 9999
3818 9999
3819 2513
3820 2514
3821 9999
3822 2512
3823 9999
3824 9999
3825 2513
3826 9999
3827 2512
3828 2515
3829 9999
3830 9999
3831 9999
3832 9999
3833 9999
3834 9999
3835 9999
3836 9999
3837 9999
3838 9999
3839 9999
3840 9999
3841 9999
3842 9999
3843 9999
3844 2511
3845 9999
3846 9999
3847 9999
3848 2513
3849 2513
3850 2513
3851 2513
3852 2513
3853 2513
3854 9999
3855 2513
3856 2513
3857 2513
3858 2512
3859 2513
3860 2513
3861 9999
3862 2513
3863 9999
3864 9999
3865 9999
3866 9999
3867 2512
3868 9999
3869 9999
3870 9999
3871 9999
3872 9999
3873 9999
3874 9999
3875 9999
3876 9999
3877 2511
3878 2512
3879 9999
3880 9999
3881 9999
3882 9999
3883 2513
3884 2512
3885 2511
3886 2512
3887 2512
3888 2511
3889 2512
3890 2512
3891 2512
3892 2511
3893 9999
3894 2514
3895 2514
3896 2512
3897 2511
3898 2515
3899 9999
3900 9999
3901 9999
3902 9999
3903 9999
3904 9999
3905 9999
3906 9999
3907 9999
3908 9999
3909 9999
3910 9999
3911 9999
3912 9999
3913 9999
3914 9999
3915 9999
3916 9999
3917 9999
3918 9999
3919 2510
3920 2511
3921 2511
3922 2512
3923 2511
3924 2511
3925 2511
3926 2512
3927 9999
3928 9999
3929 2510
3930 2511
3931 2511
3932 2511
3933 2513
3934 2514
3935 2511
3936 9999
3937 2511
3938 2511
3939 2511
3940 2511
3941 9999
3942 2510
3943 2510
3944 2510
3945 9999
3946 9999
3947 9999
3948 9999
3949 2511
3950 9999
3951 9999
3952 9999
3953 9999
3954 9999
3955 9999
3956 9999
3957 9999
3958 9999
3959 9999
3960 9999
3961 9999
3962 9999
3963 9999
3964 9999
3965 9999
3966 9999
3967 9999
3968 9999
3969 9999
3970 9999
3971 9999
3972 9999
3973 9999
3974 9999
3975 9999
3976 9999
3977 9999
4161 9999
4162 9999
4163 9999
4164 9999
4165 9999
4166 9999
4167 9999
4168 9999
4169 9999
4170 9999
4171 9999
4172 9999
4173 9999
4174 9999
4175 9999
4176 9999
4177 9999
4178 9999
4179 9999
4180 9999
4181 9999
4182 9999
4183 9999
4184 9999
4185 9999
4186 9999
4187 9999
4188 9999
4189 9999
4190 2514
4191 9999
4192 9999
4193 9999
4194 9999
4195 9999
4196 2506
4197 9999
4198 9999
4199 2506
4200 9999
4201 2506
4202 2510
4203 9999
4204 2506
4205 2506
4206 2515
4207 2515
4208 2515
4209 2514
4210 2511
4211 2513
4212 2516
4213 2507
4214 2511
4215 2519
4216 2516
4217 2515
4218 2515
4219 2514
4220 2515
4221 2515
4222 2515
4223 2514
4224 2515
4225 2520
4226 2511
4227 2512
4228 2515
4229 2516
4230 2516
4231 2515
4232 2516
4233 2516
4234 2517
4235 2516
4236 2516
4237 2519
4238 2514
4239 2509
4240 2516
4241 2514
4242 2516
4243 2517
4244 2517
4245 2516
4246 2516
4247 2515
4248 2509
4249 2516
4250 2517
4251 2516
4252 2517
4253 2519
4254 2514
4255 2516
4256 2515
4257 2515
4258 2515
4259 2515
4260 2515
4261 2516
4262 2515
4263 2515
4264 2515
4265 2521
4266 2509
4267 2519
4268 2520
4269 2513
4270 2522
4271 2509
4272 2509
4273 2520
4274 2519
4275 2514
4276 2515
4277 2514
4278 2511
4279 2519
4280 2516
4281 2515
4282 2515
4283 2510
4284 2510
4285 2516
4286 2511
4287 2517
4288 2516
4289 2511
4290 2519
4291 2517
4292 2518
4293 2517
4294 2517
4295 2524
4296 2519
4297 2519
4298 2520
4299 2519
4300 2516
4301 2522
4302 2521
4303 2517
4304 2517
4305 2517
4306 2517
4307 2511
4308 2512
4309 2518
4310 2519
4311 2523
4312 2525
4313 2518
4314 2519
4315 2519
4316 2519
4317 2519
4318 2520
4319 2519
4320 2518
4321 2519
4322 2519
4323 2519
4324 2518
4325 2520
4326 2520
4327 2520
4328 2520
4329 2519
4330 2518
4331 2520
4332 2520
4333 2519
4334 2519
4335 2518
4336 2521
4337 2518
4338 2526
4339 2527
4340 2520
4341 2526
4342 2513
4343 2527
4344 2520
4345 2521
4346 2523
4347 2520
4348 2522
4349 2524
4350 2524
4351 2526
4352 2524
4353 2525
4354 2528
4355 2523
4356 2524
4357 2523
4358 2523
4359 2522
4360 2522
4361 2522
4362 2522
4363 2522
4364 2521
4365 2523
4366 2526
4367 2523
4368 2522
4369 2522
4370 2522
4371 2522
4372 2522
4373 2522
4374 2522
4375 2522
4376 2517
4377 2521
4378 2526
4379 2526
4380 2524
4381 2522
4382 2522
4383 2523
4384 2523
4385 2522
4386 2520
4387 2528
4388 2525
4389 2527
4390 2521
4391 2521
4392 2521
4393 2521
4394 2523
4395 2522
4396 2522
4397 2523
4398 2522
4399 2521
4400 2522
4401 2525
4402 2527
4403 2518
4404 2523
4405 2522
4406 2523
4407 2522
4408 2521
4409 2525
4410 2522
4411 2523
4412 2527
4413 2523
4414 2522
4415 2529
4416 2526
4417 2524
4418 2521
4419 2525
4420 2525
4421 2522
4422 2525
4423 2522
4424 2518
4425 2519
4426 2515
4427 2520
4428 2521
4429 2522
4430 2521
4431 2522
4432 2524
4433 2529
4434 2524
4435 2527
4436 2524
4437 2519
4438 2522
4439 2529
4440 2521
4441 2523
4442 2515
4443 2519
4444 2519
4445 2522
4446 2521
4447 2521
4448 2523
4449 2523
4450 2523
4451 2524
4452 2525
4453 2526
4454 2520
4455 2528
4456 2526
4457 2523
4458 2523
4459 2523
4460 2520
4461 2526
4462 2529
4463 2523
4464 2529
4465 2527
4466 2521
4467 2517
4468 2523
4469 2526
4470 2527
4471 2523
4472 2519
4473 2530
4474 2521
4475 2521
4476 2522
4477 2521
4478 2519
4479 2522
4480 2523
4481 2521
4482 2521
4483 2522
4484 2522
4485 2524

