2751 2530
2752 2524
2753 2524
2754 2522
2755 2521
2756 2521
2757 2520
2758 2518
2759 2527
2760 2521
2761 2519
2762 2516
2763 2516
2764 2521
2765 2520
2766 2519
2767 2521
2768 2520
2769 2520
2770 2523
2771 2520
2772 2522
2773 2518
2774 2519
2775 2519
2776 2518
2777 2527
2778 2522
2779 2521
2780 2528
2781 2522
2782 2524
2783 2523
2784 2523
2785 2521
2786 2522
2787 2521
2788 2521
2789 2521
2790 2520
2791 2520
2792 2520
2793 2519
2794 2520
2795 2519
2796 2526
2797 2525
2798 2522
2799 2522
2800 2521
2801 2522
2802 2526
2803 2522
2804 2521
2805 2527
2806 2523
2807 2520
2808 2519
2809 2520
2810 2525
2811 2521
2812 2520
2813 2525
2814 2525
2815 2519
2816 2519
2817 2520
2818 2519
2819 2524
2820 2518
2821 2522
2822 2519
2823 2518
2824 2518
2825 2522
2826 2518
2827 2528
2828 2519
2829 2519
2830 2517
2831 2523
2832 2517
2833 2518
2834 2519
2835 2520
2836 2518
2837 2518
2838 2518
2839 2518
2840 2518
2841 2518
2842 2519
2843 2519
2844 2519
2845 2518
2846 2520
2847 2518
2848 2518
2849 2517
2850 2518
2851 2517
2852 2516
2853 2530
2854 2520
2855 2517
2856 2525
2857 2518
2858 2517
2859 2530
2860 2518
2861 2519
2862 2519
2863 2518
2864 2519
2865 2518
2866 2516
2867 2516
2868 2518
2869 2525
2870 2517
2871 2517
2872 2519
2873 2519
2874 2518
2875 2525
2876 2524
2877 2529
2878 2521
2879 2520
2880 2517
2881 2527
2882 2517
2883 2518
2884 2520
2885 2518
2886 2519
2887 2521
2888 2519
2889 2522
2890 2525
2891 2521
2892 2519
2893 2519
2894 2523
2895 2519
2896 2518
2897 2522
2898 2517
2899 2516
2900 2521
2901 2524
2902 2518
2903 2517
2904 2522
2905 2517
2906 2523
2907 2520
2908 2519
2909 2518
2910 2518
2911 2518
2912 2518
2913 2519
2914 2530
2915 2517
2916 2516
2917 2516
2918 2516
2919 2517
2920 2523
2921 2524
2922 2526
2923 2526
2924 2516
2925 2517
2926 2517
2927 2517
2928 2517
2929 2521
2930 2521
2931 2522
2932 2517
2933 2516
2934 2516
2935 2516
2936 2516
2937 2516
2938 2516
2939 2515
2940 2515
2941 2515
2942 2515
2943 2515
2944 2516
2945 2515
2946 2515
2947 2521
2948 2521
2949 2514
2950 2516
2951 2515
2952 2516
2953 2516
2954 2517
2955 2517
2956 2517
2957 2517
2958 2517
2959 2517
2960 2517
2961 2516
2962 2517
2963 2517
2964 2517
2965 2516
2966 2516
2967 2516
2968 2516
2969 2515
2970 2518
2971 2519
2972 2522
2973 2518
2974 2515
2975 2515
2976 2524
2977 2517
2978 2520
2979 2516
2980 2518
2981 2518
2982 2519
2983 2521
2984 2520
2985 2514
2986 2515
2987 2515
2988 2522
2989 2515
2990 2515
2991 2515
2992 2514
2993 2514
2994 2515
2995 2515
2996 2515
2997 2516
2998 2516
2999 2516
3000 2516
3001 2520
3002 2517
3003 2516
3004 2516
3005 2515
3006 2519
3007 2518
3008 2518
3009 2517
3010 2517
3011 2515
3012 2515
3013 2518
3014 2516
3015 2515
3016 2515
3017 2516
3018 2515
3019 2514
3020 2515
3021 2515
3022 2515
3023 2515
3024 2515
3025 2515
3026 2515
3027 2515
3028 2514
3029 2517
3030 2513
3031 2513
3032 2514
3033 2514
3034 2514
3035 2515
3036 2515
3037 2515
3038 2515
3039 2516
3040 2515
3041 2517
3042 2514
3043 2513
3044 2514
3045 2514
3046 2513
3047 2514
3048 2514
3049 2514
3050 2514
3051 2514
3052 2513
3053 2514
3054 2516
3055 2517
3056 2514
3057 2513
3058 2513
3059 2513
3060 2513
3061 2513
3062 2513
3063 2513
3064 2518
3065 2513
3066 2513
3067 2512
3068 2512
3069 2511
3070 2513
3071 2513
3072 2513
3073 2512
3074 2512
3075 2512
3076 2512
3077 2512
3078 2512
3079 2512
3080 2513
3081 2512
3082 2512
3083 2512
3084 2512
3085 2512
3086 2513
3087 2513
3088 2516
3089 2515
3090 2517
3091 2512
3092 2512
3093 2512
3094 2512
3095 2512
3096 2512
3097 2512
3098 2512
3099 2512
3100 2512
3101 2512
3102 2512
3103 2512
3104 2512
3105 2511
3106 2511
3107 2512
3108 2514
3109 2515
3110 2510
3111 2511
3112 2511
3113 2511
3114 2511
3115 2511
3116 2511
3117 2512
3118 2511
3119 2511
3120 2511
3121 2511
3122 2511
3123 2511
3124 2510
3125 2510
3126 2513
3127 2511
3128 2511
3129 2510
3130 2510
3131 2510
3132 2510
3133 2510
3134 2510
3135 2511
3136 2510
3137 2510
3138 2512
3139 2513
3140 2510
3141 2509
3142 2509
3143 2509
3144 2510
3145 2509
3146 2509
3147 2508
3148 2509
3149 2517
3150 2512
3151 2510
3152 2510
3153 2510
3154 2513
3155 2509
3156 2509
3157 2509
3158 2510
3159 2509
3160 2510
3161 2509
3162 2510
3163 2510
3164 2510
3165 2510
3166 2510
3167 2510
3168 2511
3169 2510
3170 2510
3171 2509
3172 2510
3173 2510
3174 2510
3175 2510
3176 2510
3177 2510
3178 2509
3179 2509
3180 2509
3181 2510
3182 2510
3183 2510
3184 2510
3185 2510
3186 2510
3187 2510
3188 2510
3189 2509
3190 2510
3191 2510
3192 2510
3193 2509
3194 2510
3195 2510
3196 2510
3197 2510
3198 2510
3199 2510
3200 2509
3201 2510
3202 2510
3203 2510
3204 2510
3205 2510
3206 2510
3207 2510
3208 2510
3209 2510
3210 2510
3211 2510
3212 2510
3213 2509
3214 2510
3215 2509
3216 2509
3217 2509
3218 2511
3219 2510
3220 2510
3221 2510
3222 2510
3223 2510
3224 2509
3225 2509
3226 2509
3227 2510
3228 2510
3229 2510
3230 2510
3231 2509
3232 2509
3233 2509
3234 2510
3235 2509
3236 2509
3237 2508
3238 2508
3239 2508
3240 2508
3241 2509
3242 2509
3243 2509
3244 2510
3245 2509
3246 2509
3247 2509
3248 2510
3249 2509
3250 2509
3251 2509
3252 2509
3253 2509
3254 2509
3255 2509
3256 2509
3257 2510
3258 2509
3259 2509
3260 2510
3261 2510
3262 2510
3263 2510
3264 2510
3265 2510
3266 2510
3267 2510
3268 2510
3269 2510
3270 2510
3271 2510
3272 2510
3273 2510
3274 2510
3275 2510
3276 2510
3277 2510
3278 2509
3279 2510
3280 2509
3281 2509
3282 2510
3283 2509
3284 2509
3285 2509
3286 2510
3287 2510
3288 2510
3289 2510
3290 2510
3291 2509
3292 2509
3293 2510
3294 2510
3295 2510
3296 2509
3297 2510
3298 2510
3299 2510
3300 2510
3301 2510
3302 2510
3303 2510
3304 2510
3305 2510
3306 2510
3307 2510
3308 2510
3309 2510
3310 2510
3311 2510
3312 2510
3313 2510
3314 2510
3315 2510
3316 2510
3317 2510
3318 2510
3319 2510
3320 2510
3321 2510
3322 2509
3323 2510
3324 2509
3325 2510
3326 2510
3327 2510
3328 2510
3329 2510
3330 2510
3331 2510
3332 2510
3333 2510
3334 2510
3335 2510
3336 2510
3337 2510
3338 2510
3339 2510
3340 2510
3341 2510
3342 2509
3343 2509
3344 2509
3345 2508
3346 2509
3347 2509
3348 2513
3349 2509
3350 2510
3351 2511
3352 2508
3353 2508
3354 2508
3355 2509
3356 2509
3357 2509
3358 2510
3359 2510
3360 2509
3361 2509
3362 2511
3363 2509
3364 2509
3365 2509
3366 2509
3367 2509
3368 2509
3369 2509
3370 2510
3371 2509
3372 2510
3373 2510
3374 2510
3375 2509
3376 2509
3377 2510
3378 2509
3379 2510
3380 2510
3381 2510
3382 2510
3383 2510
3384 2510
3385 2510
3386 2510
3387 2510
3388 2510
3389 2510
3390 2510
3391 2510
3392 2510
3393 2509
3394 2509
3395 2509
3396 2509
3397 2509
3398 2509
3399 2510
3400 2509
3401 2509
3402 2509
3403 2509
3404 2509
3405 2509
3406 2509
3407 2509
3408 2509
3409 2509
3410 2509
3411 2509
3412 2509
3413 2509
3414 2509
3415 2509
3416 2509
3417 2509
3418 2509
3419 2509
3420 2509
3421 2509
3422 2509
3423 2509
3424 2509
3425 2509
3426 2509
3427 2509
3428 2509
3429 2509
3430 2509
3431 2509
3432 2509
3433 2509
3434 2509
3435 2509
3436 2509
3437 2509
3438 2510
3439 2509
3440 2509
3441 2510
3442 2509
3443 2509
3444 2509
3445 2509
3446 2509
3447 2509
3448 2509
3449 2509
3450 2510
3451 2509
3452 2509
3453 2510
3454 2509
3455 2509
3456 2509
3457 2509
3458 2509
3459 2509
3460 2509
3461 2509
3462 2509
3463 2509
3464 2509
3465 2509
3466 2509
3467 2509
3468 2509
3469 2509
3470 2509
3471 2509
3472 2509
3473 2509
3474 2509
3475 2509
3476 2509
3477 2508
3478 2509
3479 2508
3480 2508
3481 2508
3482 2508
3483 2508
3484 2508
3485 2508
3486 2509
3487 2509
3488 2509
3489 2508
3490 2509
3491 2509
3492 2509
3493 2509
3494 2509
3495 2509
3496 2509
3497 2509
3498 2509
3499 2509
3500 2509
3501 2509
3502 2509
3503 2509
3504 2509
3505 2509
3506 2510
3507 2510
3508 2510
3509 2512
3510 2510
3511 2509
3512 2509
3513 2509
3514 2511
3515 2510
3516 2509
3517 2510
3518 2510
3519 2512
3520 2509
3521 2510
3522 2510
3523 2510
3524 2509
3525 2509
3526 2510
3527 2511
3528 2510
3529 2509
3530 2509
3531 2509
3532 2509
3533 2509
3534 2509
3535 2510
3536 2512
3537 2510
3538 2509
3539 2510
3540 2510
3541 2510
3542 2511
3543 2511
3544 2510
3545 2510
3546 2510
3547 2510
3548 2509
3549 2510
3550 2509
3551 2509
3552 2509
3553 2509
3554 2509
3555 2509
3556 2509
3557 2509
3558 2509
3559 2509
3560 2509
3561 2509
3562 2509
3563 2509
3564 2509
3565 2509
3566 2508
3567 2509
3568 2509
3569 2509
3570 2508
3571 2509
3572 2509
3573 2509
3574 2508
3575 2508
3576 2508
3577 2509
3578 2509
3579 2509
3580 2509
3581 2509
3582 2509
3583 2509
3584 2509
3585 2508
3586 2509
3587 2508
3588 2508
3589 2508
3590 2509
3591 2508
3592 2508
3593 2508
3594 2507
3595 2508
3596 2508
3597 2507
3598 2507
3599 2507
3600 2507
3601 2507
3602 2508
3603 2507
3604 2507
3605 2507
3606 2507
3607 2507
3608 2507
3609 2507
3610 2507
3611 2507
3612 2507
3613 2507
3614 2507
3615 2507
3616 2507
3617 2507
3618 2507
3619 2507
3620 2507
3621 2507
3622 2507
3623 2507
3624 2507
3625 2507
3626 2507
3627 2507
3628 2507
3629 2507
3630 2507
3631 2507
3632 2507
3633 2507
3634 2507
3635 2507
3636 2507
3637 2508
3638 2507
3639 2507
3640 2508
3641 2508
3642 2508
3643 2508
3644 2508
3645 2508
3646 2508
3647 2508
3648 2508
3649 2508
3650 2508
3651 2507
3652 2508
3653 2507
3654 2507
3655 2508
3656 2507
3657 2507
3658 2507
3659 2507
3660 2507
3661 2507
3662 2507
3663 2507
3664 2507
3665 2507
3666 2507
3667 2507
3668 2508
3669 2508
3670 2507
3671 2508
3672 2508
3673 2507
3674 2508
3675 2508
3676 2508
3677 2507
3678 2508
3679 2507
3680 2508
3681 2508
3682 2508
3683 2508
3684 2507
3685 2507
3686 2508
3687 2507
3688 2508
3689 2508
3690 2508
3691 2507
3692 2507
3693 2508
3694 2508
3695 2508
3696 2508
3697 2508
3698 2508
3699 2508
3700 2508
3701 2508
3702 2508
3703 2508
3704 2507
3705 2508
3706 2508
3707 2508
3708 2508
3709 2508
3710 2508
3711 2508
3712 2508
3713 2508
3714 2508
3715 2508
3716 2508
3717 2508
3718 2508
3719 2508
3720 2508
3721 2507
3722 2507
3723 2508
3724 2507
3725 2508
3726 2507
3727 2507
3728 2508
3729 2508
3730 2508
3731 2507
3732 2507
3733 2507
3734 2507
3735 2507
3736 2507
3737 2507
3738 2507
3739 2507
3740 2507
3741 2507
3742 2507
3743 2507
3744 2507
3745 2507
3746 2507
3747 2507
3748 2507
3749 2508
3750 2508
3751 2507
3752 2507
3753 2507
3754 2507
3755 2507
3756 2507
3757 2507
3758 2507
3759 2507
3760 2507
3761 2507
3762 2507
3763 2507
3764 2507
3765 2507
3766 2507
3767 2507
3768 2507
3769 2508
3770 2507
3771 2507
3772 2507
3773 2507
3774 2507
3775 2507
3776 2507
3777 2507
3778 2507
3779 2507
3780 2507
3781 2506
3782 2507
3783 2507
3784 2507
3785 2507
3786 2507
3787 2507
3788 2507
3789 2507
3790 2506
3791 2507
3792 2507
3793 2507
3794 2507
3795 2506
3796 2506
3797 2506
3798 2506
3799 2507
3800 2507
3801 2507
3802 2507
3803 2507
3804 2507
3805 2507
3806 2507
3807 2506
3808 2506
3809 2507
3810 2507
3811 2507
3812 2506
3813 2506
3814 2507
3815 2507
3816 2507
3817 2506
3818 2506
3819 2506
3820 2507
3821 2507
3822 2506
3823 2506
3824 2506
3825 2507
3826 2510
3827 2509
3828 2506
3829 2507
3830 2506
3831 2507
3832 2507
3833 2506
3834 2506
3835 2506
3836 2507
3837 2506
3838 2506
3839 2506
3840 2506
3841 2506
3842 2506
3843 2506
3844 2506
3845 2506
3846 2507
3847 2506
3848 2506
3849 2506
3850 2506
3851 2506
3852 2506
3853 2506
3854 2506
3855 2506
3856 2506
3857 2506
3858 2506
3859 2506
3860 2505
3861 2506
3862 2506
3863 2506
3864 2506
3865 2506
3866 2506
3867 2506
3868 2506
3869 2506
3870 2506
3871 2506
3872 2506
3873 2506
3874 2506
3875 2506
3876 2506
3877 2506
3878 2506
3879 2506
3880 2506
3881 2506
3882 2505
3883 2506
3884 2505
3885 2505
3886 2506
3887 2506
3888 2506
3889 2506
3890 2506
3891 2506
3892 2506
3893 2506
3894 2506
3895 2506
3896 2506
3897 2505
3898 2506
3899 2506
3900 2506
3901 2506
3902 2506
3903 2506
3904 2505
3905 2506
3906 2505
3907 2506
3908 2505
3909 2506
3910 2506
3911 2506
3912 2506
3913 2506
3914 2505
3915 2505
3916 2505
3917 2506
3918 2505
3919 2505
3920 2506
3921 2505
3922 2505
3923 2505
3924 2509
3925 2505
3926 2505
3927 2506
3928 2505
3929 2505
3930 2505
3931 2505
3932 2505
3933 2506
3934 2505
3935 2505
3936 2505
3937 2505
3938 2505
3939 2505
3940 2506
3941 2505
3942 2505
3943 2508
3944 2505
3945 2505
3946 2505
3947 2505
3948 2505
3949 2505
3950 2505
3951 2505
3952 2505
3953 2505
3954 2505
3955 2505
3956 2505
3957 2505
3958 2505
3959 2505
3960 2505
3961 2505
3962 2505
3963 2505
3964 2505
3965 2506
3966 2505
3967 2504
3968 2505
3969 2504
3970 2505
3971 2504
3972 2505
3973 2505
3974 2505
3975 2505
3976 2505
3977 2505
3978 2505
3979 2505
3980 2505
3981 2505
3982 2504
3983 2504
3984 2504
3985 2504
3986 2504
3987 2505
3988 2505
3989 2505
3990 2505
3991 2505
3992 2505
3993 2504
3994 2504
3995 2504
3996 2505
3997 2504
3998 2504
3999 2505
4000 2504
4001 2505
4002 2504
4003 2504
4004 2504
4005 2504
4006 2504
4007 2504
4008 2504
4009 2504
4010 2504
4011 2504
4012 2504
4013 2504
4014 2504
4015 2504
4016 2504
4017 2504
4018 2504
4019 2503
4020 2504
4021 2504
4022 2504
4023 2504
4024 2504
4025 2504
4026 2504
4027 2503
4028 2504
4029 2504
4030 2504
4031 2504
4032 2503
4033 2504
4034 2503
4035 2503
4036 2504
4037 2504
4038 2504
4039 2503
4040 2503
4041 2503
4042 2503
4043 2503
4044 2503
4045 2503
4046 2503
4047 2503
4048 2503
4049 2503
4050 2503
4051 2503
4052 2503
4053 2503
4054 2503
4055 2503
4056 2503
4057 2503
4058 2503
4059 2503
4060 2503
4061 2503
4062 2502
4063 2502
4064 2502
4065 2502
4066 2503
4067 2502
4068 2502
4069 2502
4070 2502
4071 2503
4072 2502
4073 2502
4074 2502
4075 2502
4076 2502
4077 2502
4078 2502
4079 2502
4080 2502
4081 2502
4082 2502
4083 2502
4084 2502
4085 2502
4086 2502
4087 2502
4088 2501
4089 2502
4090 2502
4091 2502
4092 2501
4093 2502
4094 2502
4095 2502
4096 2501
4097 2502
4098 2501
4099 2501
4100 2501
4101 2501
4102 2501
4103 2500
4104 2501
4105 2501
4106 2501
4107 2501
4108 2501
4109 2501
4110 2501
4111 2500
4112 2501
4113 2501
4114 2500
4115 2500
4116 2500
4117 2501
4118 2501
4119 2501
4120 2501
4121 2501
4122 2501
4123 2500
4124 2501
4125 2501
4126 2500
4127 2500
4128 2501
4129 2500
4130 2500
4131 2500
4132 2500
4133 2500
4134 2499
4135 2499
4136 2499
4137 2499
4138 2499
4139 2499
4140 2499
4141 2503
4142 2502
4143 2503
4144 2494
4145 2494
4146 2498
4147 2500
4148 2498
4149 2499
4150 2499
4151 2499
4152 2500
4153 2499
4154 2499
4155 2499
4156 2499
4157 2499
4158 2499
4159 2499
4160 2499
4161 2499
4162 2499
4163 2499
4164 2499
4165 2499
4166 2499
4167 2499
4168 2499
4169 2499
4170 2498
4171 2499
4172 2499
4173 2499
4174 2499
4175 2499
4176 2499
4177 2499
4178 2499
4179 2498
4180 2499
4181 2501
4182 2498
4183 2498
4184 2498
4185 2498
4186 2499
4187 2499
4188 2499
4189 2499
4190 2499
4191 2499
4192 2499
4193 2499
4194 2499
4195 2499
4196 2498
4197 2499
4198 2498
4199 2498
4200 2498
4201 2498
4202 2498
4203 2498
4204 2498
4205 2498
4206 2498
4207 2498
4208 2498
4209 2498
4210 2498
4211 2498
4212 2498
4213 2498
4214 2498
4215 2498
4216 2498
4217 2498
4218 2498
4219 2498
4220 2498
4221 2498
4222 2498
4223 2499
4224 2499
4225 2499
4226 2499
4227 2499
4228 2499
4229 2498
4230 2499
4231 2498
4232 2498
4233 2498
4234 2498
4235 2498
4236 2498
4237 2498
4238 2498
4239 2498
4240 2498
4241 2498
4242 2498
4243 2498
4244 2498
4245 2498
4246 2498
4247 2498
4248 2498
4249 2498
4250 2498
4251 2498
4252 2498
4253 2498
4254 2499
4255 2498
4256 2498
4257 2498
4258 2499
4259 2498
4260 2498
4261 2498
4262 2498
4263 2498
4264 2498
4265 2498
4266 2498
4267 2498
4268 2498
4269 2498
4270 2498
4271 2498
4272 2498
4273 2498
4274 2498
4275 2498
4276 2498
4277 2498
4278 2498
4279 2498
4280 2498
4281 2498
4282 2498
4283 2498
4284 2498
4285 2498
4286 2498
4287 2498
4288 2498
4289 2498
4290 2498
4291 2498
4292 2498
4293 2498
4294 2498
4295 2498
4296 2498
4297 2498
4298 2498
4299 2498
4300 2498
4301 2498
4302 2498
4303 2498
4304 2498
4305 2498
4306 2498
4307 2498
4308 2498
4309 2498
4310 2498
4311 2498
4312 2498
4313 2497
4314 2497
4315 2498
4316 2498
4317 2498
4318 2498
4319 2498
4320 2498
4321 2498
4322 2498
4323 2497
4324 2497
4325 2497
4326 2497
4327 2497
4328 2497
4329 2497
4330 2497
4331 2497
4332 2497
4333 2497
4334 2496
4335 2497
4336 2497
4337 2497
4338 2497
4339 2497
4340 2497
4341 2496
4342 2496
4343 2496
4344 2496
4345 2496

3160 2545
3161 2543
3162 2547
3163 2546
3164 2544
3165 2544
3166 2542
3167 2545
3168 2545
3169 2541
3170 2543
3171 2545
3172 2544
3173 2544
3174 2544
3175 2545
3176 2536
3177 2545
3178 2544
3179 2537
3180 2539
3181 2551
3182 2540
3183 2546
3184 2541
3185 2544
3186 2549
3187 2547
3188 2548
3189 2544
3190 2551
3191 2538
3192 2546
3193 2551
3194 2551
3195 2541
3196 2537
3197 2548
3198 2547
3199 2538
3200 2545
3201 2546
3202 2545
3203 2545
3204 2547
3205 2544
3206 2545
3207 2543
3208 2544
3209 2550
3210 2540
3211 2545
3212 2545
3213 2545
3214 2545
3215 2546
3216 2545
3217 2544
3218 2545
3219 2545
3220 2540
3221 2540
3222 2542
3223 2542
3224 2545
3225 2549
3226 2548
3227 2545
3228 2546
3229 2546
3230 2548
3231 2545
3232 2546
3233 2546
3234 2545
3235 2545
3236 2543
3237 2545
3238 2545
3239 2548
3240 2545
3241 2546
3242 2550
3243 2541
3244 2542
3245 2545
3246 2549
3247 2549
3248 2545
3249 2551
3250 2548
3251 2547
3252 2545
3253 2549
3254 2548
3255 2545
3256 2545
3257 2545
3258 2550
3259 2549
3260 2552
3261 2544
3262 2544
3263 2547
3264 2545
3265 2544
3266 2544
3267 2543
3268 2544
3269 2544
3270 2545
3271 2544
3272 2545
3273 2545
3274 2545
3275 2545
3276 2542
3277 2545
3278 2545
3279 2544
3280 2545
3281 2545
3282 2545
3283 2544
3284 2542
3285 2545
3286 2544
3287 2544
3288 2545
3289 2544
3290 2545
3291 2546
3292 2545
3293 2554
3294 2545
3295 2545
3296 2545
3297 2544
3298 2545
3299 2544
3300 2545
3301 2544
3302 2544
3303 2544
3304 2545
3305 2544
3306 2545
3307 2544
3308 2545
3309 2551
3310 2545
3311 2545
3312 2545
3313 2545
3314 2545
3315 2551
3316 2542
3317 2549
3318 2547
3319 2544
3320 2543
3321 2545
3322 2545
3323 2553
3324 2548
3325 2544
3326 2544
3327 2543
3328 2541
3329 2544
3330 2544
3331 2544
3332 2544
3333 2544
3334 2544
3335 2544
3336 2544
3337 2553
3338 2541
3339 2544
3340 2542
3341 2542
3342 2550
3343 2547
3344 2550
3345 2544
3346 2549
3347 2544
3348 2539
3349 2546
3350 2545
3351 2546
3352 2545
3353 2538
3354 2548
3355 2545
3356 2544
3357 2545
3358 2543
3359 2550
3360 2549
3361 2549
3362 2548
3363 2544
3364 2544
3365 2544
3366 2543
3367 2543
3368 2543
3369 2544
3370 2548
3371 2543
3372 2542
3373 2543
3374 2542
3375 2551
3376 2543
3377 2541
3378 2545
3379 2543
3380 2543
3381 2546
3382 2541
3383 2542
3384 2543
3385 2542
3386 2542
3387 2547
3388 2540
3389 2543
3390 2542
3391 2542
3392 2541
3393 2546
3394 2542
3395 2542
3396 2542
3397 2542
3398 2542
3399 2541
3400 2541
3401 2541
3402 2545
3403 2541
3404 2541
3405 2541
3406 2541
3407 2542
3408 2541
3409 2539
3410 2541
3411 2541
3412 2542
3413 2541
3414 2541
3415 2543
3416 2541
3417 2541
3418 2541
3419 2540
3420 2540
3421 2539
3422 2543
3423 2540
3424 2540
3425 2541
3426 2540
3427 2543
3428 2544
3429 2542
3430 2540
3431 2541
3432 2541
3433 2541
3434 2539
3435 2540
3436 2540
3437 2540
3438 2539
3439 2543
3440 2539
3441 2540
3442 2540
3443 2541
3444 2541
3445 2541
3446 2541
3447 2541
3448 2540
3449 2547
3450 2538
3451 2539
3452 2538
3453 2538
3454 2538
3455 2539
3456 2538
3457 2539
3458 2539
3459 2539
3460 2539
3461 2540
3462 2540
3463 2541
3464 2541
3465 2542
3466 2544
3467 2540
3468 2541
3469 2540
3470 2540
3471 2538
3472 2540
3473 2540
3474 2540
3475 2540
3476 2540
3477 2538
3478 2540
3479 2540
3480 2538
3481 2541
3482 2537
3483 2541
3484 2541
3485 2541
3486 2540
3487 2540
3488 2540
3489 2539
3490 2539
3491 2539
3492 2538
3493 2539
3494 2541
3495 2539
3496 2538
3497 2538
3498 2538
3499 2537
3500 2537
3501 2537
3502 2538
3503 2538
3504 2537
3505 2536
3506 2539
3507 2537
3508 2537
3509 2536
3510 2540
3511 2541
3512 2536
3513 2536
3514 2539
3515 2538
3516 2535
3517 2535
3518 2537
3519 2536
3520 2540
3521 2537
3522 2531
3523 2538
3524 2537
3525 2537
3526 2543
3527 2538
3528 2539
3529 2537
3530 2537
3531 2536
3532 2541
3533 2536
3534 2538
3535 2537
3536 2536
3537 2537
3538 2536
3539 2534
3540 2540
3541 2534
3542 2537
3543 2537
3544 2541
3545 2535
3546 2535
3547 2539
3548 2529
3549 2539
3550 2540
3551 2535
3552 2536
3553 2534
3554 2535
3555 2534
3556 2533
3557 2534
3558 2532
3559 2533
3560 2533
3561 2533
3562 2532
3563 2536
3564 2528
3565 2533
3566 2534
3567 2540
3568 2539
3569 2534
3570 2538
3571 2533
3572 2533
3573 2534
3574 2532
3575 2533
3576 2534
3577 2536
3578 2533
3579 2532
3580 2531
3581 2532
3582 2531
3583 2531
3584 2532
3585 2531
3586 2532
3587 2532
3588 2532
3589 2532
3590 2532
3591 2532
3592 2533
3593 2533
3594 2532
3595 2534
3596 2533
3597 2539
3598 2534
3599 2535
3600 2535
3601 2535
3602 2534
3603 2535
3604 2533
3605 2533
3606 2536
3607 2532
3608 2532
3609 2535
3610 2533
3611 2532
3612 2533
3613 2534
3614 2532
3615 2533
3616 2532
3617 2532
3618 2532
3619 2532
3620 2532
3621 2531
3622 2531
3623 2531
3624 2531
3625 2531
3626 2529
3627 2530
3628 2539
3629 2531
3630 2530
3631 2530
3632 2530
3633 2531
3634 2530
3635 2529
3636 2529
3637 2530
3638 2530
3639 2529
3640 2529
3641 2529
3642 2529
3643 2529
3644 2528
3645 2528
3646 2528
3647 2527
3648 2530
3649 2528
3650 2527
3651 2527
3652 2528
3653 2527
3654 2527
3655 2527
3656 2527
3657 2527
3658 2526
3659 2528
3660 2528
3661 2527
3662 2527
3663 2527
3664 2526
3665 2529
3666 2527
3667 2526
3668 2526
3669 2526
3670 2525
3671 2525
3672 2526
3673 2527
3674 9999
3675 9999
3676 2527
3677 2523
3678 2526
3679 9999
3680 2525
3681 9999
3682 2525
3683 9999
3684 2525
3685 2525
3686 2526
3687 2526
3688 2528
3689 9999
3690 2526
3691 2526
3692 2526
3693 9999
3694 9999
3695 9999
3696 2528
3697 2524
3698 2520
3699 9999
3700 9999
3701 2526
3702 2521
3703 2524
3704 9999
3705 9999
3706 9999
3707 2525
3708 9999
3709 9999
3710 9999
3711 9999
3712 2527
3713 2524
3714 2526
3715 2524
3716 2524
3717 2524
3718 2523
3719 2523
3720 2526
3721 2525
3722 2525
3723 2524
3724 9999
3725 2520
3726 2523
3727 2524
3728 2524
3729 2524
3730 2524
3731 2524
3732 2524
3733 9999
3734 2524
3735 2524
3736 9999
3737 2527
3738 2524
3739 9999
3740 2524
3741 9999
3742 2525
3743 2523
3744 2527
3745 2525
3746 2525
3747 2526
3748 2525
3749 2525
3750 2524
3751 2524
3752 2524
3753 2524
3754 2527
3755 2525
3756 2528
3757 2523
3758 2524
3759 2526
3760 2524
3761 2525
3762 2519
3763 2524
3764 2531
3765 2524
3766 2519
3767 2526
3768 2524
3769 2527
3770 2519
3771 9999
3772 9999
3773 9999
3774 2523
3775 2522
3776 2523
3777 2522
3778 2522
3779 2522
3780 2522
3781 2523
3782 2521
3783 2521
3784 2522
3785 2522
3786 2521
3787 2525
3788 2526
3789 2526
3790 2521
3791 9999
3792 9999
3793 2526
3794 2521
3795 2522
3796 2521
3797 2521
3798 2527
3799 2523
3800 9999
3801 2521
3802 2521
3803 9999
3804 2523
3805 9999
3806 2520
3807 2520
3808 2519
3809 2520
3810 2519
3811 2519
3812 2524
3813 2524
3814 2521
3815 2522
3816 9999
3817 9999
3818 2523
3819 2523
3820 2522
3821 2526
3822 2524
3823 2525
3824 2524
3825 2522
3826 2522
3827 9999
3828 9999
3829 2522
3830 2519
3831 9999
3832 9999
3833 2521
3834 2523
3835 2526
3836 2521
3837 2522
3838 2519
3839 2522
3840 2521
3841 9999
3842 9999
3843 2520
3844 2521
3845 2519
3846 9999
3847 9999
3848 2519
3849 2519
3850 2521
3851 2518
3852 2519
3853 9999
3854 9999
3855 2520
3856 2520
3857 2520
3858 2521
3859 2521
3860 9999
3861 2520
3862 2520
3863 9999
3864 2520
3865 2520
3866 2520
3867 2521
3868 9999
3869 2518
3870 2521
3871 2520
3872 2520
3873 2521
3874 9999
3875 2518
3876 9999
3877 9999
3878 2520
3879 2520
3880 9999
3881 2521
3882 2521
3883 2521
3884 2521
3885 2522
3886 9999
3887 2522
3888 2521
3889 9999
3890 2521
3891 2520
3892 2521
3893 2521
3894 2521
3895 2520
3896 9999
3897 9999
3898 9999
3899 9999
3900 2520
3901 2521
3902 9999
3903 2520
3904 2519
3905 2518
3906 2521
3907 2520
3908 2520
3909 2520
3910 2519
3911 2520
3912 2520
3913 2519
3914 2520
3915 2521
3916 2521
3917 2521
3918 2519
3919 2522
3920 2522
3921 2523
3922 2518
3923 2521
3924 2522
3925 9999
3926 2521
3927 2520
3928 2520
3929 2519
3930 9999
3931 9999
3932 2521
3933 2520
3934 2520
3935 2520
3936 2520
3937 2520
3938 2522
3939 2523
3940 2520
3941 2520
3942 2519
3943 2520
3944 2519
3945 2519
3946 2520
3947 2524
3948 9999
3949 2519
3950 2519
3951 9999
3952 9999
3953 9999
3954 9999
3955 9999
3956 9999
3957 9999
3958 9999
3959 9999
3960 9999
3961 9999
3962 2522
3963 2521
3964 2519
3965 9999
3966 2517
3967 9999
3968 2520
3969 9999
3970 9999
3971 9999
3972 9999
3973 9999
3974 2524
3975 2517
3976 2520
3977 2521
3978 2521
3979 2521
3980 2520
3981 2520
3982 2521
3983 2521
3984 2521
3985 2519
3986 2519
3987 9999
3988 2520
3989 9999
3990 2522
3991 2519
3992 2520
3993 9999
3994 2523
3995 9999
3996 9999
3997 2520
3998 9999
3999 9999
4000 9999
4001 9999
4002 2525
4003 9999
4004 9999
4005 9999
4006 2522
4007 9999
4008 9999
4009 2519
4010 9999
4011 9999
4012 9999
4013 2518
4014 2517
4015 2520
4016 2519
4017 2521
4018 2523
4019 9999
4020 2521
4021 2521
4022 2520
4023 9999
4024 2520
4025 2524
4026 2526
4027 2519
4028 9999
4029 9999
4030 9999
4031 2521
4032 2520
4033 2519
4034 2518
4035 2519
4036 9999
4037 2517
4038 9999
4039 9999
4040 9999
4041 9999
4042 9999
4043 9999
4044 9999
4045 9999
4046 9999
4047 9999
4048 9999
4049 9999
4050 9999
4051 9999
4052 9999
4053 9999
4054 9999
4055 9999
4056 9999
4057 9999
4058 9999
4059 9999
4060 9999
4061 9999
4062 9999
4063 9999
4064 9999
4065 9999
4066 9999
4067 9999
4068 9999
4069 9999

