1485 2495
1486 2495
1487 2496
1488 2497
1489 2499
1490 2496
1491 2497
1492 2498
1493 2497
1494 2497
1495 2502
1496 2502
1497 2501
1498 2499
1499 2499
1500 2500
1501 2501
1502 2500
1503 2498
1504 2504
1505 2496
1506 2500
1507 2500
1508 2501
1509 2501
1510 2501
1511 2501
1512 2502
1513 2498
1514 2499
1515 2500
1516 2501
1517 2497
1518 2496
1519 2494
1520 2494
1521 2494
1522 2494
1523 2494
1524 2494
1525 2494
1526 2494
1527 2495
1528 2496
1529 2497
1530 2497
1531 2505
1532 2500
1533 2501
1534 2501
1535 2501
1536 2501
1537 2501
1538 2506
1539 2505
1540 2506
1541 2506
1542 2507
1543 2507
1544 2508
1545 2508
1546 2509
1547 2508
1548 2508
1549 2508
1550 2508
1551 2509
1552 2508
1553 2508
1554 2509
1555 2508
1556 2512
1557 2507
1558 2508
1559 2507
1560 2508
1561 2510
1562 2508
1563 2508
1564 2508
1565 2507
1566 2507
1567 2510
1568 2507
1569 2506
1570 2510
1571 2507
1572 2507
1573 2506
1574 2510
1575 2506
1576 2507
1577 2507
1578 2511
1579 2506
1580 2508
1581 2507
1582 2507
1583 2507
1584 2507
1585 2507
1586 2507
1587 2513
1588 2512
1589 2509
1590 2509
1591 2513
1592 2508
1593 2516
1594 2507
1595 2508
1596 2507
1597 2506
1598 2511
1599 2505
1600 2510
1601 2509
1602 2506
1603 2506
1604 2515
1605 2502
1606 2500
1607 2504
1608 2510
1609 2514
1610 2507
1611 2506
1612 2506
1613 2506
1614 2505
1615 2505
1616 2506
1617 2504
1618 2504
1619 2503
1620 2503
1621 2503
1622 2502
1623 2502
1624 2502
1625 2502
1626 2502
1627 2502
1628 2502
1629 2502
1630 2502
1631 2502
1632 2502
1633 2501
1634 2502
1635 2501
1636 2502
1637 2502
1638 2502
1639 2502
1640 2502
1641 2502
1642 2502
1643 2502
1644 2502
1645 2503
1646 2503
1647 2503
1648 2504
1649 2504
1650 2504
1651 2504
1652 2506
1653 2504
1654 2504
1655 2504
1656 2504
1657 2511
1658 2508
1659 2505
1660 2506
1661 2508
1662 2507
1663 2507
1664 2508
1665 2506
1666 2508
1667 2509
1668 2508
1669 2507
1670 2507
1671 2505
1672 2505
1673 2510
1674 2511
1675 2506
1676 2512
1677 2501
1678 2500
1679 2500
1680 2501
1681 2501
1682 2504
1683 2504
1684 2505
1685 2504
1686 2504
1687 2503
1688 2504
1689 2504
1690 2503
1691 2503
1692 2502
1693 2504
1694 2513
1695 2513
1696 2516
1697 2512
1698 2504
1699 2503
1700 2517
1701 2514
1702 2512
1703 2512
1704 2503
1705 2517
1706 2513
1707 2512
1708 2504
1709 2503
1710 2504
1711 2504
1712 2503
1713 2503
1714 2502
1715 2506
1716 2502
1717 2502
1718 2503
1719 2503
1720 2504
1721 2504
1722 2504
1723 2504
1724 2504
1725 2502
1726 2502
1727 2502
1728 2502
1729 2502
1730 2502
1731 2502
1732 2502
1733 2501
1734 2502
1735 2502
1736 2505
1737 2502
1738 2502
1739 2502
1740 2502
1741 2502
1742 2502
1743 2502
1744 2502
1745 2503
1746 2502
1747 2502
1748 2502
1749 2504
1750 2503
1751 2501
1752 2504
1753 2502
1754 2502
1755 2502
1756 2502
1757 2502
1758 2503
1759 2502
1760 2501
1761 2501
1762 2501
1763 2502
1764 2500
1765 2500
1766 2501
1767 2501
1768 2506
1769 2501
1770 2501
1771 2502
1772 2501
1773 2500
1774 2502
1775 2501
1776 2500
1777 2500
1778 2501
1779 2505
1780 2501
1781 2501
1782 2500
1783 2502
1784 2501
1785 2501
1786 2502
1787 2503
1788 2503
1789 2502
1790 2502
1791 2502
1792 2502
1793 2502
1794 2502
1795 2502
1796 2501
1797 2501
1798 2501
1799 2501
1800 2502
1801 2502
1802 2501
1803 2502
1804 2504
1805 2505
1806 2502
1807 2502
1808 2502
1809 2502
1810 2502
1811 2502
1812 2504
1813 2502
1814 2502
1815 2504
1816 2502
1817 2502
1818 2503
1819 2502
1820 2501
1821 2505
1822 2504
1823 2501
1824 2502
1825 2502
1826 2502
1827 2502
1828 2503
1829 2502
1830 2502
1831 2501
1832 2501
1833 2502
1834 2502
1835 2502
1836 2502
1837 2501
1838 2501
1839 2501
1840 2501
1841 2502
1842 2501
1843 2502
1844 2501
1845 2503
1846 2503
1847 2502
1848 2502
1849 2502
1850 2502
1851 2502
1852 2502
1853 2501
1854 2504
1855 2501
1856 2501
1857 2501
1858 2501
1859 2506
1860 2501
1861 2501
1862 2501
1863 2501
1864 2501
1865 2501
1866 2501
1867 2501
1868 2501
1869 2501
1870 2501
1871 2501
1872 2501
1873 2505
1874 2505
1875 2501
1876 2501
1877 2500
1878 2501
1879 2501
1880 2501
1881 2501
1882 2501
1883 2501
1884 2501
1885 2501
1886 2501
1887 2501
1888 2501
1889 2501
1890 2502
1891 2502
1892 2501
1893 2501
1894 2502
1895 2502
1896 2501
1897 2504
1898 2502
1899 2502
1900 2502
1901 2502
1902 2502
1903 2502
1904 2501
1905 2502
1906 2502
1907 2502
1908 2502
1909 2501
1910 2501
1911 2502
1912 2504
1913 2501
1914 2501
1915 2501
1916 2501
1917 2500
1918 2502
1919 2501
1920 2501
1921 2501
1922 2501
1923 2501
1924 2501
1925 2501
1926 2501
1927 2500
1928 2503
1929 2501
1930 2503
1931 2502
1932 2507
1933 2502
1934 2504
1935 2501
1936 2502
1937 2502
1938 2504
1939 2502
1940 2502
1941 2502
1942 2502
1943 2501
1944 2502
1945 2502
1946 2503
1947 2502
1948 2501
1949 2505
1950 2502
1951 2502
1952 2502
1953 2506
1954 2506
1955 2501
1956 2504
1957 2502
1958 2502
1959 2502
1960 2505
1961 2502
1962 2502
1963 2501
1964 2502
1965 2502
1966 2504
1967 2502
1968 2502
1969 2502
1970 2501
1971 2502
1972 2502
1973 2502
1974 2502
1975 2503
1976 2503
1977 2503
1978 2502
1979 2501
1980 2502
1981 2502
1982 2502
1983 2502
1984 2503
1985 2502
1986 2502
1987 2502
1988 2502
1989 2502
1990 2502
1991 2503
1992 2502
1993 2502
1994 2502
1995 2502
1996 2502
1997 2502
1998 2503
1999 2502
2000 2503
2001 2502
2002 2503
2003 2502
2004 2502
2005 2502
2006 2502
2007 2502
2008 2502
2009 2502
2010 2503
2011 2502
2012 2503
2013 2502
2014 2503
2015 2502
2016 2502
2017 2502
2018 2502
2019 2502
2020 2502
2021 2502
2022 2502
2023 2503
2024 2506
2025 2502
2026 2503
2027 2503
2028 2502
2029 2502
2030 2502
2031 2502
2032 2502
2033 2502
2034 2502
2035 2502
2036 2502
2037 2502
2038 2502
2039 2502
2040 2504
2041 2502
2042 2502
2043 2502
2044 2502
2045 2502
2046 2502
2047 2502
2048 2502
2049 2502
2050 2502
2051 2502
2052 2502
2053 2502
2054 2502
2055 2502
2056 2502
2057 2501
2058 2501
2059 2502
2060 2502
2061 2501
2062 2502
2063 2501
2064 2501
2065 2501
2066 2501
2067 2501
2068 2501
2069 2501
2070 2501
2071 2501
2072 2501
2073 2501
2074 2501
2075 2501
2076 2501
2077 2501
2078 2501
2079 2501
2080 2501
2081 2501
2082 2501
2083 2501
2084 2501
2085 2501
2086 2501
2087 2501
2088 2501
2089 2501
2090 2501
2091 2501
2092 2502
2093 2502
2094 2503
2095 2504
2096 2504
2097 2506
2098 2506
2099 2509
2100 2511
2101 2513
2102 2513
2103 2495
2104 2498
2105 2506
2106 2499
2107 2499
2108 2498
2109 2498
2110 2498
2111 2498
2112 2499
2113 2499
2114 2499
2115 2499
2116 2503
2117 2513
2118 2498
2119 2500
2120 2502
2121 2506
2122 2505
2123 2494
2124 2494
2125 2500
2126 2499
2127 2505
2128 2498
2129 2498
2130 2498
2131 2501
2132 2502
2133 2496
2134 2497
2135 2497
2136 2497
2137 2498
2138 2498
2139 2498
2140 2498
2141 2498
2142 2498
2143 2498
2144 2498
2145 2498
2146 2498
2147 2498
2148 2498
2149 2498
2150 2498
2151 2498
2152 2498
2153 2497
2154 2497
2155 2497
2156 2497
2157 2497
2158 2496
2159 2497
2160 2497
2161 2497
2162 2497
2163 2497
2164 2497
2165 2503
2166 2497
2167 2496
2168 2496
2169 2496
2170 2499
2171 2496
2172 2496
2173 2496
2174 2496
2175 2495
2176 2495
2177 2495
2178 2495
2179 2495
2180 2495
2181 2495
2182 2495
2183 2496
2184 2496
2185 2495
2186 2496
2187 2496
2188 2496
2189 2496
2190 2496
2191 2496
2192 2496
2193 2496
2194 2497
2195 2497
2196 2496
2197 2497
2198 2497
2199 2497
2200 2497
2201 2497
2202 2497
2203 2497
2204 2497
2205 2497
2206 2497
2207 2497
2208 2497
2209 2497
2210 2497
2211 2497
2212 2497
2213 2497
2214 2498
2215 2498
2216 2497
2217 2496
2218 2496
2219 2496
2220 2496
2221 2496
2222 2496
2223 2500
2224 2495
2225 2495
2226 2495
2227 2495
2228 2494
2229 2494
2230 2495
2231 2494
2232 2494
2233 2494
2234 2494
2235 2494
2236 2493
2237 2493
2238 2493
2239 2493
2240 2493
2241 2493
2242 2492
2243 2492
2244 2492
2245 2492
2246 2492
2247 2492
2248 2492
2249 2492
2250 2492
2251 2492
2252 2492
2253 2492
2254 2492
2255 2492
2256 2492
2257 2492
2258 2491
2259 2491
2260 2491
2261 2491
2262 2491
2263 2491
2264 2491
2265 2491
2266 2491
2267 2491
2268 2491
2269 2491
2270 2491
2271 2491
2272 2491
2273 2491
2274 2491
2275 2491
2276 2491
2277 2491
2278 2491
2279 2490
2280 2490
2281 2490
2282 2490
2283 2490
2284 2490
2285 2490
2286 2490
2287 2490
2288 2490
2289 2490
2290 2490
2291 2490
2292 2490
2293 2490
2294 2490
2295 2490
2296 2490
2297 2491
2298 2491
2299 2491
2300 2490
2301 2490
2302 2490
2303 2490
2304 2490
2305 2490
2306 2490
2307 2490
2308 2490
2309 2490
2310 2490
2311 2490
2312 2490
2313 2490
2314 2490
2315 2490
2316 2490
2317 2490
2318 2490
2319 2490
2320 2490
2321 2490
2322 2490
2323 2490
2324 2490
2325 2490
2326 2490
2327 2490
2328 2490
2329 2490
2330 2490
2331 2490
2332 2490
2333 2490
2334 2490
2335 2490
2336 2490
2337 2490
2338 2490
2339 2490
2340 2490
2341 2490
2342 2490
2343 2490
2344 2490
2345 2490
2346 2490
2347 2490
2348 2490
2349 2490
2350 2490
2351 2490
2352 2490
2353 2490
2354 2490
2355 2490
2356 2490
2357 2490
2358 2490
2359 2490
2360 2490
2361 2490
2362 2490
2363 2490
2364 2490
2365 2490
2366 2490
2367 2490
2368 2490
2369 2490
2370 2490
2371 2490
2372 2490
2373 2490
2374 2490
2375 2490
2376 2490
2377 2490
2378 2490
2379 2490
2380 2490
2381 2490
2382 2490
2383 2490
2384 2490
2385 2490
2386 2490
2387 2490
2388 2490
2389 2490
2390 2490
2391 2490
2392 2490
2393 2490
2394 2490
2395 2490
2396 2489
2397 2489
2398 2490
2399 2489
2400 2489
2401 2489
2402 2489
2403 2489
2404 2489
2405 2489
2406 2489
2407 2489
2408 2489
2409 2489
2410 2489
2411 2489
2412 2489
2413 2489
2414 2489
2415 2495
2416 2488
2417 2489
2418 2489
2419 2489
2420 2489
2421 2489
2422 2489
2423 2489
2424 2489
2425 2489
2426 2489
2427 2489
2428 2489
2429 2489
2430 2489
2431 2489
2432 2489
2433 2489
2434 2489
2435 2489
2436 2489
2437 2488
2438 2488
2439 2489
2440 2489
2441 2488
2442 2488
2443 2488
2444 2488
2445 2488
2446 2488
2447 2488
2448 2488
2449 2488
2450 2488
2451 2488
2452 2488
2453 2488
2454 2488
2455 2488
2456 2488
2457 2488
2458 2488
2459 2488
2460 2488
2461 2488
2462 2488
2463 2488
2464 2488
2465 2488
2466 2488
2467 2488
2468 2488
2469 2488
2470 2488
2471 2488
2472 2488
2473 2488
2474 2488
2475 2488
2476 2488
2477 2488
2478 2488
2479 2488
2480 2488
2481 2488
2482 2488
2483 2488
2484 2488
2485 2488
2486 2488
2487 2488
2488 2488
2489 2488
2490 2487
2491 2488
2492 2487
2493 2487
2494 2487
2495 2487
2496 2487
2497 2487
2498 2487
2499 2487
2500 2487
2501 2487
2502 2487
2503 2487
2504 2486
2505 2487
2506 2487
2507 2487
2508 2487
2509 2487
2510 2487
2511 2486
2512 2487
2513 2487
2514 2487
2515 2487
2516 2487
2517 2487
2518 2486
2519 2487
2520 2486
2521 2487
2522 2480
2523 2481
2524 2481
2525 2481
2526 2488
2527 2488
2528 2489
2529 2479
2530 2487
2531 2488
2532 2487
2533 2492
2534 2486
2535 2496
2536 2478
2537 2487
2538 2489
2539 2480
2540 2497
2541 2483
2542 2490
2543 2484
2544 2485
2545 2485
2546 2485
2547 2486
2548 2486
2549 2486
2550 2486
2551 2486
2552 2487
2553 2486
2554 2486
2555 2486
2556 2487
2557 2487
2558 2486
2559 2486
2560 2486
2561 2486
2562 2486
2563 2486
2564 2486
2565 2486
2566 2486
2567 2487
2568 2486
2569 2486
2570 2486
2571 2486
2572 2486
2573 2486
2574 2486
2575 2486
2576 2486
2577 2486
2578 2486
2579 2486
2580 2485
2581 2493
2582 2488
2583 2487
2584 2486
2585 2486
2586 2486
2587 2486
2588 2486
2589 2477
2590 2486
2591 2486
2592 2483
2593 2486
2594 2486
2595 2481
2596 2487
2597 2482
2598 2482
2599 2489
2600 2487
2601 2487
2602 2482
2603 2487
2604 2488
2605 2488
2606 2488
2607 2485
2608 2484
2609 2484
2610 2484
2611 2485
2612 2483
2613 2486
2614 2486
2615 2484
2616 2487
2617 2482
2618 2488
2619 2485
2620 2486
2621 2483
2622 2486
2623 2481
2624 2483
2625 2480
2626 2479
2627 2487
2628 2476
2629 2478
2630 2479
2631 2480
2632 2479
2633 2478
2634 2478
2635 2477
2636 2478
2637 2478
2638 2478
2639 2477
2640 2478
2641 2477
2642 2477
2643 2476
2644 2475
2645 2476
2646 2475
2647 2476
2648 2487
2649 2475
2650 2476
2651 2475
2652 2475
2653 2479
2654 2477
2655 2477
2656 2477
2657 2477
2658 2477
2659 2477
2660 2477
2661 2479
2662 2476
2663 2477
2664 2477
2665 2477
2666 2477
2667 2476
2668 2479
2669 2478
2670 2475
2671 2476
2672 2476
2673 2471
2674 2476
2675 2477
2676 2470
2677 2470
2678 2470
2679 2470
2680 2470
2681 2469
2682 2475
2683 2470
2684 2470
2685 2470
2686 2469
2687 2469
2688 2469
2689 2468
2690 2467
2691 2467
2692 2466
2693 2466
2694 2465
2695 2464
2696 2463
2697 2461
2698 2461
2699 2462
2700 2462
2701 2462
2702 2463
2703 2464
2704 2465
2705 2465
2706 2465
2707 2465
2708 2465
2709 2466
2710 2466
2711 2467
2712 2467
2713 2467
2714 2467
2715 2467
2716 2467
2717 2467
2718 2468
2719 2467
2720 2467
2721 2466
2722 2466
2723 2466
2724 2466
2725 2466
2726 2466
2727 2466
2728 2466
2729 2467
2730 2466
2731 2466
2732 2466
2733 2467
2734 2468
2735 2467
2736 2467
2737 2466
2738 2466
2739 2466
2740 2468
2741 2467
2742 2468
2743 2468
2744 2469
2745 2469
2746 2470
2747 2470
2748 2470
2749 2471
2750 2469
2751 2471
2752 2472
2753 2471
2754 2472
2755 2472
2756 2472
2757 2472
2758 2472
2759 2471
2760 2472
2761 2472
2762 2476
2763 2471
2764 2473
2765 2473
2766 2472
2767 2472
2768 2472
2769 2472
2770 2472
2771 2471
2772 2472
2773 2476
2774 2475
2775 2469
2776 2469
2777 2469
2778 2468
2779 2468
2780 2468
2781 2468
2782 2467
2783 2466
2784 2475
2785 2465
2786 2466
2787 2467
2788 2467
2789 2469
2790 2466
2791 2467
2792 2467
2793 2467
2794 2466
2795 2466
2796 2466
2797 2465
2798 2464
2799 2464
2800 2463
2801 2462
2802 2467
2803 2461
2804 2466
2805 2459
2806 2457

1835 2524
1836 2525
1837 2525
1838 2530
1839 2529
1840 2527
1841 2526
1842 2525
1843 2519
1844 2527
1845 2526
1846 2520
1847 2519
1848 2524
1849 2522
1850 2523
1851 2525
1852 2527
1853 2526
1854 2526
1855 2527
1856 2530
1857 2525
1858 2517
1859 2527
1860 2525
1861 2526
1862 2524
1863 2521
1864 2518
1865 2517
1866 2529
1867 2527
1868 2516
1869 2522
1870 2522
1871 2516
1872 2517
1873 2523
1874 2524
1875 2529
1876 2526
1877 2520
1878 2528
1879 2524
1880 2526
1881 2531
1882 2533
1883 2527
1884 2525
1885 2525
1886 2526
1887 2530
1888 2526
1889 2527
1890 2526
1891 2526
1892 2526
1893 2525
1894 2529
1895 2535
1896 2527
1897 2530
1898 2529
1899 2527
1900 2528
1901 2523
1902 2525
1903 2537
1904 2523
1905 2525
1906 2531
1907 2527
1908 2530
1909 2532
1910 2523
1911 2531
1912 2530
1913 2529
1914 2528
1915 2531
1916 2535
1917 2532
1918 2523
1919 2530
1920 2530
1921 2531
1922 2530
1923 2528
1924 2533
1925 2530
1926 2529
1927 2529
1928 2531
1929 2523
1930 2532
1931 2529
1932 2523
1933 2523
1934 2533
1935 2532
1936 2536
1937 2532
1938 2524
1939 2524
1940 2523
1941 2530
1942 2528
1943 2529
1944 2533
1945 2533
1946 2529
1947 2530
1948 2529
1949 2525
1950 2526
1951 2531
1952 2528
1953 2531
1954 2524
1955 2529
1956 2528
1957 2528
1958 2529
1959 2534
1960 2534
1961 2530
1962 2531
1963 2531
1964 2532
1965 2536
1966 2533
1967 2529
1968 2525
1969 2530
1970 2529
1971 2532
1972 2525
1973 2528
1974 2527
1975 2524
1976 2532
1977 2538
1978 2537
1979 2532
1980 2531
1981 2529
1982 2527
1983 2533
1984 2528
1985 2529
1986 2533
1987 2531
1988 2536
1989 2534
1990 2533
1991 2532
1992 2535
1993 2532
1994 2539
1995 2535
1996 2531
1997 2531
1998 2527
1999 2526
2000 2535
2001 2536
2002 2530
2003 2531
2004 2536
2005 2529
2006 2529
2007 2532
2008 2536
2009 2537
2010 2525
2011 2534
2012 2531
2013 2523
2014 2527
2015 2528
2016 2528
2017 2526
2018 2527
2019 2536
2020 2522
2021 2531
2022 2526
2023 2527
2024 2525
2025 2528
2026 2531
2027 2536
2028 2527
2029 2531
2030 2521
2031 2528
2032 2527
2033 2522
2034 2526
2035 2527
2036 2530
2037 2526
2038 2525
2039 2525
2040 2526
2041 2525
2042 2525
2043 2526
2044 2525
2045 2525
2046 2525
2047 2520
2048 2525
2049 2525
2050 2525
2051 2525
2052 2525
2053 2525
2054 2525
2055 2525
2056 2525
2057 2525
2058 2525
2059 2525
2060 2525
2061 2524
2062 2523
2063 2525
2064 2525
2065 2528
2066 2525
2067 2530
2068 2525
2069 2527
2070 2525
2071 2525
2072 2526
2073 2524
2074 2526
2075 2525
2076 2525
2077 2525
2078 2525
2079 2525
2080 2525
2081 2525
2082 2525
2083 2525
2084 2525
2085 2525
2086 2525
2087 2525
2088 2525
2089 2525
2090 2525
2091 2517
2092 2526
2093 2519
2094 2528
2095 2529
2096 2521
2097 9999
2098 2519
2099 9999
2100 9999
2101 9999
2102 9999
2103 2529
2104 2529
2105 2531
2106 2519
2107 2518
2108 2517
2109 2517
2110 2517
2111 2517
2112 2522
2113 2521
2114 2523
2115 2516
2116 2524
2117 9999
2118 2517
2119 2523
2120 2516
2121 2520
2122 2528
2123 2518
2124 2526
2125 2516
2126 2518
2127 2524
2128 2524
2129 2528
2130 2522
2131 2523
2132 2524
2133 2524
2134 2516
2135 2524
2136 2524
2137 2524
2138 2523
2139 2526
2140 2524
2141 2523
2142 2516
2143 2521
2144 2522
2145 2523
2146 2524
2147 2528
2148 2526
2149 2525
2150 2525
2151 2525
2152 2529
2153 2526
2154 2531
2155 2531
2156 2524
2157 2528
2158 2522
2159 2530
2160 2524
2161 2530
2162 2528
2163 2527
2164 2525
2165 2519
2166 2520
2167 2522
2168 2528
2169 2525
2170 2524
2171 2527
2172 2529
2173 2524
2174 2528
2175 2522
2176 2527

