334 2515
335 2514
336 2513
337 2513
338 2513
339 2513
340 2513
341 2515
342 2514
343 2517
344 2517
345 2516
346 2513
347 2513
348 2513
349 2523
350 2524
351 2513
352 2514
353 2513
354 2525
355 2515
356 2515
357 2514
358 2514
359 2514
360 2513
361 2513
362 2512
363 2513
364 2513
365 2512
366 2513
367 2512
368 2512
369 2513
370 2515
371 2512
372 2514
373 2515
374 2515
375 2516
376 2522
377 2521
378 2520
379 2520
380 2516
381 2514
382 2514
383 2515
384 2515
385 2515
386 2518
387 2515
388 2517
389 2517
390 2517
391 2516
392 2516
393 2515
394 2515
395 2515
396 2514
397 2514
398 2524
399 2513
400 2513
401 2513
402 2513
403 2512
404 2512
405 2513
406 2515
407 2514
408 2513
409 2512
410 2512
411 2513
412 2514
413 2515
414 2513
415 2514
416 2514
417 2513
418 2514
419 2514
420 2514
421 2513
422 2515
423 2514
424 2513
425 2514
426 2514
427 2514
428 2517
429 2514
430 2512
431 2512
432 2528
433 2513
434 2513
435 2513
436 2514
437 2513
438 2513
439 2513
440 2513
441 2514
442 2512
443 2514
444 2513
445 2514
446 2514
447 2514
448 2514
449 2515
450 2516
451 2517
452 2517
453 2518
454 2519
455 2519
456 2521
457 2521
458 2517
459 2520
460 2519
461 2520
462 2518
463 2517
464 2518
465 2518
466 2517
467 2517
468 2518
469 2516
470 2517
471 2517
472 2516
473 2517
474 2517
475 2520
476 2521
477 2517
478 2517
479 2520
480 2517
481 2517
482 2516
483 2520
484 2522
485 2522
486 2517
487 2517
488 2523
489 2517
490 2518
491 2517
492 2518
493 2518
494 2517
495 2517
496 2520
497 2521
498 2522
499 2520
500 2519
501 2518
502 2518
503 2518
504 2520
505 2519
506 2519
507 2518
508 2519
509 2519
510 2519
511 2529
512 2518
513 2519
514 2520
515 2520
516 2518
517 2518
518 2520
519 2519
520 2519
521 2520
522 2519
523 2522
524 2521
525 2521
526 2526
527 2519
528 2519
529 2524
530 2518
531 2518
532 2519
533 2519
534 2518
535 2518
536 2518
537 2518
538 2518
539 2518
540 2518
541 2520
542 2517
543 2522
544 2518
545 2523
546 2520
547 2518
548 2526
549 2519
550 2520
551 2520
552 2527
553 2514
554 2517
555 2515
556 2516
557 2517
558 2519
559 2516
560 2517
561 2515
562 2516
563 2517
564 2517
565 2519
566 2520
567 2516
568 2517
569 2518
570 2519
571 2519
572 2521
573 2520
574 2519
575 2519
576 2521
577 2521
578 2518
579 2520
580 2518
581 2531
582 2529
583 2529
584 2523
585 2518
586 2519
587 2518
588 2518
589 2522
590 2525
591 2518
592 2521
593 2519
594 2519
595 2523
596 2519
597 2526
598 2519
599 2518
600 2524
601 2522
602 2523
603 2518
604 2520
605 2520
606 2525
607 2520
608 2519
609 2518
610 2519
611 2518
612 2518
613 2518
614 2518
615 2519
616 2523
617 2518
618 2518
619 2518
620 2527
621 2518
622 2517
623 2518
624 2519
625 2520
626 2517
627 2517
628 2517
629 2516
630 2518
631 2519
632 2518
633 2518
634 2517
635 2517
636 2518
637 2518
638 2518
639 2525
640 2519
641 2518
642 2518
643 2526
644 2518
645 2517
646 2516
647 2515
648 2517
649 2516
650 2517
651 2517
652 2518
653 2518
654 2518
655 2518
656 2518
657 2519
658 2520
659 2521
660 2517
661 2522
662 2515
663 2516
664 2518
665 2519
666 2519
667 2521
668 2516
669 2517
670 2515
671 2523
672 2515
673 2518
674 2517
675 2518
676 2518
677 2518
678 2518
679 2518
680 2518
681 2518
682 2518
683 2520
684 2521
685 2517
686 2520
687 2518
688 2516
689 2516
690 2519
691 2520
692 2521
693 2516
694 2519
695 2518
696 2520
697 2518
698 2518
699 2518
700 2518
701 2516
702 2516
703 2518
704 2518
705 2515
706 2515
707 2515
708 2524
709 2519
710 2517
711 2515
712 2516
713 2515
714 2517
715 2519
716 2517
717 2516
718 2516
719 2518
720 2515
721 2516
722 2517
723 2517
724 2514
725 2517
726 2517
727 2517
728 2516
729 2516
730 2518
731 2515
732 2516
733 2517
734 2518
735 2518
736 2516
737 2516
738 2514
739 2516
740 2515
741 2517
742 2515
743 2514
744 2519
745 2518
746 2515
747 2516
748 2516
749 2518
750 2519
751 2517
752 2517
753 2516
754 2516
755 2516
756 2522
757 2523
758 2514
759 2513
760 2521
761 2514
762 2513
763 2516
764 2513
765 2514
766 2512
767 2511
768 2515
769 2510
770 2511
771 2512
772 2511
773 2512
774 2512
775 2512
776 2512
777 2511
778 2511
779 2511
780 2512
781 2512
782 2511
783 2512
784 2511
785 2512
786 2512
787 2512
788 2512
789 2512
790 2512
791 2514
792 2517
793 2512
794 2512
795 2512
796 2514
797 2515
798 2514
799 2517
800 2517
801 2517
802 2516
803 2517
804 2517
805 2517
806 2522
807 2517
808 2519
809 2516
810 2518
811 2517
812 2518
813 2517
814 2518
815 2517
816 2518
817 2517
818 2517
819 2517
820 2517
821 2516
822 2516
823 2516
824 2517
825 2518
826 2517
827 2516
828 2516
829 2516
830 2516
831 2517
832 2518
833 2517
834 2517
835 2521
836 2521
837 2522
838 2522
839 2523
840 2518
841 2518
842 2519
843 2520
844 2519
845 2519
846 2519
847 2518
848 2517
849 2518
850 2520
851 2520
852 2519
853 2519
854 2518
855 2517
856 2512
857 2513
858 2514
859 2513
860 2517
861 2514
862 2516
863 2517
864 2517
865 2517
866 2516
867 2515
868 2516
869 2515
870 2516
871 2519
872 2515
873 2514
874 2514
875 2513
876 2512
877 2511
878 2515
879 2514
880 2514
881 2514
882 2512
883 2513
884 2514
885 2517
886 2516
887 2516
888 2516
889 2520
890 2519
891 2519
892 2518
893 2518
894 2518
895 2518
896 2517
897 2517
898 2518
899 2521
900 2521
901 2520
902 2521
903 2519
904 2519
905 2514
906 2514
907 2514
908 2514
909 2515
910 2515
911 2515
912 2514
913 2516
914 2515
915 2518
916 2515
917 2515
918 2518
919 2514
920 2519
921 2516
922 2516
923 2518
924 2517
925 2516
926 2517
927 2516
928 2516
929 2516
930 2518
931 2517
932 2516
933 2516
934 2515
935 2515
936 2516
937 2516
938 2516
939 2515
940 2515
941 2516
942 2515
943 2516
944 2517
945 2520
946 2521
947 2515
948 2514
949 2514
950 2515
951 2514
952 2515
953 2518
954 2516
955 2517
956 2513
957 2521
958 2513
959 2514
960 2514
961 2515
962 2514
963 2514
964 2514
965 2514
966 2521
967 2517
968 2513
969 2513
970 2513
971 2513
972 2514
973 2523
974 2513
975 2526
976 2515
977 2521
978 2516
979 2519
980 2516
981 2521
982 2520
983 2517
984 2514
985 2515
986 2514
987 2513
988 2513
989 2513
990 2513
991 2513
992 2512
993 2511
994 2511
995 2512
996 2512
997 2512
998 2512
999 2513
1000 2513
1001 2514
1002 2511
1003 2512
1004 2512
1005 2513
1006 2513
1007 2514
1008 2513
1009 2512
1010 2513
1011 2513
1012 2513
1013 2513
1014 2512
1015 2513
1016 2513
1017 2513
1018 2513
1019 2513
1020 2514
1021 2514
1022 2514
1023 2515
1024 2512
1025 2516
1026 2512
1027 2512
1028 2520
1029 2518
1030 2519
1031 2520
1032 2512
1033 2512
1034 2512
1035 2512
1036 2512
1037 2513
1038 2513
1039 2514
1040 2514
1041 2516
1042 2516
1043 2516
1044 2516
1045 2515
1046 2515
1047 2515
1048 2517
1049 2516
1050 2515
1051 2519
1052 2515
1053 2516
1054 2515
1055 2513
1056 2512
1057 2515
1058 2514
1059 2517
1060 2516
1061 2517
1062 2513
1063 2513
1064 2513
1065 2512
1066 2512
1067 2513
1068 2513
1069 2517
1070 2517
1071 2517
1072 2523
1073 2515
1074 2516
1075 2515
1076 2526
1077 2515
1078 2516
1079 2516
1080 2515
1081 2515
1082 2514
1083 2518
1084 2526
1085 2515
1086 2517
1087 2517
1088 2517
1089 2518
1090 2518
1091 2517
1092 2516
1093 2516
1094 2516
1095 2515
1096 2514
1097 2514
1098 2513
1099 2514
1100 2515
1101 2515
1102 2515
1103 2515
1104 2515
1105 2515
1106 2515
1107 2514
1108 2515
1109 2516
1110 2516
1111 2518
1112 2518
1113 2518
1114 2520
1115 2517
1116 2517
1117 2517
1118 2522
1119 2516
1120 2517
1121 2517
1122 2519
1123 2518
1124 2518
1125 2518
1126 2519
1127 2521
1128 2516
1129 2515
1130 2515
1131 2515
1132 2514
1133 2515
1134 2515
1135 2515
1136 2517
1137 2517
1138 2516
1139 2516
1140 2518
1141 2523
1142 2523
1143 2518
1144 2518
1145 2518
1146 2518
1147 2518
1148 2518
1149 2519
1150 2519
1151 2519
1152 2517
1153 2517
1154 2517
1155 2518
1156 2519
1157 2519
1158 2519
1159 2519
1160 2519
1161 2517
1162 2516
1163 2515
1164 2515
1165 2515
1166 2515
1167 2515
1168 2515
1169 2515
1170 2514
1171 2515
1172 2515
1173 2515
1174 2516
1175 2517
1176 2516
1177 2516
1178 2516
1179 2516
1180 2517
1181 2517
1182 2516
1183 2516
1184 2515
1185 2515
1186 2516
1187 2517
1188 2517
1189 2515
1190 2515
1191 2516
1192 2513
1193 2513
1194 2513
1195 2515
1196 2515
1197 2515
1198 2516
1199 2517
1200 2518
1201 2517
1202 2518
1203 2517
1204 2518
1205 2518
1206 2517
1207 2524
1208 2517
1209 2517
1210 2517
1211 2525
1212 2517
1213 2518
1214 2516
1215 2518
1216 2517
1217 2515
1218 2515
1219 2515
1220 2518
1221 2527
1222 2518
1223 2514
1224 2513
1225 2513
1226 2517
1227 2512
1228 2516
1229 2517
1230 2516
1231 2517
1232 2520
1233 2520
1234 2511
1235 2520
1236 2513
1237 2513
1238 2518
1239 2519
1240 2516
1241 2513
1242 2516
1243 2514
1244 2515
1245 2515
1246 2515
1247 2515
1248 2515
1249 2515
1250 2515
1251 2516
1252 2516
1253 2516
1254 2515
1255 2518
1256 2518
1257 2519
1258 2520
1259 2519
1260 2519
1261 2519
1262 2519
1263 2522
1264 2520
1265 2520
1266 2521
1267 2518
1268 2518
1269 2518
1270 2519
1271 2520
1272 2520
1273 2520
1274 2520
1275 2520
1276 2520
1277 2520
1278 2520
1279 2522
1280 2522
1281 2522
1282 2522
1283 2525
1284 2525
1285 2522
1286 2519
1287 2522
1288 2523
1289 2523
1290 2519
1291 2519
1292 2526
1293 2526
1294 2527
1295 2524
1296 2521
1297 2522
1298 2524
1299 2520
1300 2520
1301 2520
1302 2519
1303 2519
1304 2519
1305 2535
1306 2520
1307 2520

