2319 2495
2320 2495
2321 2495
2322 2496
2323 2496
2324 2496
2325 2496
2326 2496
2327 2496
2328 2496
2329 2496
2330 2496
2331 2496
2332 2496
2333 2495
2334 2496
2335 2496
2336 2496
2337 2496
2338 2497
2339 2497
2340 2496
2341 2497
2342 2497
2343 2497
2344 2497
2345 2497
2346 2497
2347 2497
2348 2497
2349 2498
2350 2497
2351 2497
2352 2497
2353 2498
2354 2498
2355 2498
2356 2498
2357 2498
2358 2498
2359 2498
2360 2498
2361 2498
2362 2498
2363 2498
2364 2498
2365 2498
2366 2498
2367 2497
2368 2497
2369 2498
2370 2498
2371 2498
2372 2497
2373 2498
2374 2498
2375 2498
2376 2498
2377 2498
2378 2497
2379 2498
2380 2498
2381 2498
2382 2498
2383 2498
2384 2498
2385 2498
2386 2500
2387 2498
2388 2498
2389 2498
2390 2498
2391 2497
2392 2498
2393 2498
2394 2498
2395 2498
2396 2498
2397 2498
2398 2499
2399 2498
2400 2498
2401 2498
2402 2498
2403 2499
2404 2498
2405 2498
2406 2498
2407 2498
2408 2498
2409 2498
2410 2498
2411 2499
2412 2499
2413 2499
2414 2499
2415 2498
2416 2498
2417 2498
2418 2498
2419 2499
2420 2499
2421 2498
2422 2499
2423 2499
2424 2499
2425 2499
2426 2498
2427 2498
2428 2498
2429 2498
2430 2498
2431 2498
2432 2499
2433 2498
2434 2498
2435 2498
2436 2498
2437 2499
2438 2499
2439 2498
2440 2498
2441 2498
2442 2498
2443 2498
2444 2498
2445 2498
2446 2498
2447 2498
2448 2498
2449 2498
2450 2498
2451 2498
2452 2498
2453 2498
2454 2498
2455 2498
2456 2498
2457 2498
2458 2498
2459 2497
2460 2497
2461 2498
2462 2498
2463 2498
2464 2498
2465 2498
2466 2498
2467 2498
2468 2498
2469 2498
2470 2497
2471 2498
2472 2497
2473 2498
2474 2498
2475 2498
2476 2498
2477 2498
2478 2497
2479 2498
2480 2498
2481 2498
2482 2498
2483 2498
2484 2498
2485 2498
2486 2498
2487 2498
2488 2499
2489 2498
2490 2498
2491 2499
2492 2498
2493 2498
2494 2498
2495 2498
2496 2498
2497 2499
2498 2498
2499 2498
2500 2498
2501 2499
2502 2499
2503 2499
2504 2498
2505 2499
2506 2499
2507 2499
2508 2499
2509 2499
2510 2499
2511 2498
2512 2498
2513 2498
2514 2498
2515 2498
2516 2498
2517 2498
2518 2498
2519 2498
2520 2498
2521 2498
2522 2498
2523 2498
2524 2499
2525 2499
2526 2499
2527 2498
2528 2498
2529 2498
2530 2499
2531 2498
2532 2498
2533 2498
2534 2498
2535 2498
2536 2498
2537 2497
2538 2497
2539 2498
2540 2498
2541 2498
2542 2497
2543 2498
2544 2498
2545 2497
2546 2498
2547 2498
2548 2498
2549 2498
2550 2498
2551 2497
2552 2497
2553 2497
2554 2497
2555 2498
2556 2497
2557 2498
2558 2497
2559 2498
2560 2497
2561 2498
2562 2497
2563 2497
2564 2497
2565 2498
2566 2498
2567 2498
2568 2498
2569 2498
2570 2498
2571 2498
2572 2498
2573 2498
2574 2498
2575 2498
2576 2498
2577 2498
2578 2498
2579 2498
2580 2498
2581 2498
2582 2498
2583 2498
2584 2498
2585 2498
2586 2498
2587 2498
2588 2498
2589 2498
2590 2498
2591 2498
2592 2498
2593 2498
2594 2498
2595 2498
2596 2498
2597 2498
2598 2498
2599 2498
2600 2499
2601 2498
2602 2498
2603 2498
2604 2498
2605 2498
2606 2498
2607 2498
2608 2498
2609 2498
2610 2498
2611 2498
2612 2498
2613 2498
2614 2498
2615 2498
2616 2498
2617 2498
2618 2498
2619 2498
2620 2498
2621 2498
2622 2498
2623 2498
2624 2498
2625 2498
2626 2498
2627 2498
2628 2499
2629 2496
2630 2498
2631 2497
2632 2497
2633 2497
2634 2497
2635 2497
2636 2497
2637 2497
2638 2496
2639 2496
2640 2497
2641 2497
2642 2497
2643 2497
2644 2497
2645 2497
2646 2496
2647 2497
2648 2496
2649 2497
2650 2496
2651 2497
2652 2497
2653 2497
2654 2497
2655 2497
2656 2496
2657 2497
2658 2497
2659 2497
2660 2497
2661 2496
2662 2496
2663 2496
2664 2497
2665 2497
2666 2497
2667 2500
2668 2496
2669 2497
2670 2496
2671 2496
2672 2496
2673 2497
2674 2496
2675 2496
2676 2496
2677 2496
2678 2496
2679 2497
2680 2497
2681 2497
2682 2497
2683 2496
2684 2497
2685 2497
2686 2497
2687 2497
2688 2497
2689 2497
2690 2497
2691 2497
2692 2497
2693 2497
2694 2497
2695 2497
2696 2497
2697 2497
2698 2497
2699 2497
2700 2497
2701 2497
2702 2496
2703 2496
2704 2497
2705 2497
2706 2497
2707 2496
2708 2496
2709 2496
2710 2497
2711 2496
2712 2497
2713 2496
2714 2496
2715 2496
2716 2497
2717 2497
2718 2497
2719 2497
2720 2497
2721 2497
2722 2497
2723 2497
2724 2498
2725 2500
2726 2498
2727 2498
2728 2498
2729 2498
2730 2498
2731 2498
2732 2497
2733 2500
2734 2499
2735 2498
2736 2498
2737 2498
2738 2498
2739 2498
2740 2498
2741 2498
2742 2498
2743 2497
2744 2497
2745 2497
2746 2497
2747 2497
2748 2497
2749 2497
2750 2497
2751 2497
2752 2497
2753 2497
2754 2497
2755 2497
2756 2497
2757 2497
2758 2497
2759 2497
2760 2497
2761 2497
2762 2497
2763 2497
2764 2497
2765 2497
2766 2497
2767 2496
2768 2497
2769 2496
2770 2496
2771 2497
2772 2497
2773 2496
2774 2498
2775 2498
2776 2497
2777 2497
2778 2497
2779 2497
2780 2496
2781 2496
2782 2497
2783 2497
2784 2497
2785 2496
2786 2495
2787 2496
2788 2496
2789 2496
2790 2496
2791 2496
2792 2496
2793 2496
2794 2495
2795 2495
2796 2495
2797 2495
2798 2495
2799 2495
2800 2495
2801 2495
2802 2494
2803 2494
2804 2495
2805 2495
2806 2495
2807 2495
2808 2494
2809 2495
2810 2494
2811 2494
2812 2495
2813 2494
2814 2495
2815 2494
2816 2494
2817 2494
2818 2495
2819 2495
2820 2494
2821 2495
2822 2495
2823 2495
2824 2495
2825 2494
2826 2494
2827 2494
2828 2495
2829 2495
2830 2494
2831 2495
2832 2494
2833 2494
2834 2495
2835 2494
2836 2494
2837 2495
2838 2495
2839 2495
2840 2495
2841 2494
2842 2495
2843 2495
2844 2494
2845 2494
2846 2494
2847 2494
2848 2494
2849 2494
2850 2495
2851 2494
2852 2494
2853 2494
2854 2494
2855 2494
2856 2494
2857 2494
2858 2494
2859 2494
2860 2494
2861 2494
2862 2494
2863 2494
2864 2494
2865 2494
2866 2494
2867 2494
2868 2494
2869 2494
2870 2494
2871 2494
2872 2494
2873 2494
2874 2494
2875 2493
2876 2494
2877 2494
2878 2494
2879 2494
2880 2494
2881 2494
2882 2494
2883 2494
2884 2494
2885 2494
2886 2494
2887 2494
2888 2494
2889 2494
2890 2494
2891 2494
2892 2494
2893 2495
2894 2495
2895 2495
2896 2495
2897 2495
2898 2495
2899 2495
2900 2494
2901 2494
2902 2494
2903 2495
2904 2495
2905 2494
2906 2495
2907 2495
2908 2494
2909 2495
2910 2495
2911 2495
2912 2495
2913 2495
2914 2495
2915 2495
2916 2495
2917 2496
2918 2495
2919 2495
2920 2495
2921 2495
2922 2495
2923 2495
2924 2495
2925 2497
2926 2494
2927 2495
2928 2495
2929 2495
2930 2495
2931 2495
2932 2495
2933 2495
2934 2495
2935 2494
2936 2495
2937 2495
2938 2495
2939 2495
2940 2494
2941 2494
2942 2495
2943 2495
2944 2494
2945 2497
2946 2495
2947 2495
2948 2494
2949 2494
2950 2495
2951 2494
2952 2494
2953 2494
2954 2495
2955 2494
2956 2494
2957 2494
2958 2494
2959 2494
2960 2495
2961 2494
2962 2494
2963 2494
2964 2494
2965 2494
2966 2494
2967 2494
2968 2494
2969 2494
2970 2494
2971 2494
2972 2494
2973 2494
2974 2494
2975 2494
2976 2494
2977 2494
2978 2494
2979 2493
2980 2493
2981 2494
2982 2493
2983 2494
2984 2494
2985 2493
2986 2494
2987 2494
2988 2494
2989 2494
2990 2494
2991 2494
2992 2494
2993 2494
2994 2494
2995 2494
2996 2494
2997 2494
2998 2494
2999 2494
3000 2494
3001 2494
3002 2494
3003 2494
3004 2494
3005 2494
3006 2494
3007 2494
3008 2494
3009 2494
3010 2494
3011 2494
3012 2494
3013 2494
3014 2494
3015 2494
3016 2494
3017 2494
3018 2494
3019 2494
3020 2494
3021 2494
3022 2494
3023 2494
3024 2494
3025 2494
3026 2494
3027 2494
3028 2494
3029 2494
3030 2494
3031 2494
3032 2494
3033 2494
3034 2494
3035 2494
3036 2494
3037 2494
3038 2494
3039 2494
3040 2494
3041 2494
3042 2494
3043 2494
3044 2495
3045 2494
3046 2495
3047 2494
3048 2494
3049 2494
3050 2494
3051 2494
3052 2494
3053 2494
3054 2494
3055 2494
3056 2494
3057 2494
3058 2494
3059 2494
3060 2495
3061 2493
3062 2493
3063 2494
3064 2494
3065 2494
3066 2494
3067 2494
3068 2495
3069 2494
3070 2494
3071 2494
3072 2494
3073 2494
3074 2494
3075 2494
3076 2494
3077 2493
3078 2493
3079 2493
3080 2494
3081 2493
3082 2494
3083 2494
3084 2494
3085 2494
3086 2494
3087 2494
3088 2494
3089 2494
3090 2494
3091 2494
3092 2494
3093 2494
3094 2494
3095 2493
3096 2493
3097 2493
3098 2494
3099 2494
3100 2493
3101 2493
3102 2493
3103 2493
3104 2493
3105 2493
3106 2493
3107 2493
3108 2493
3109 2493
3110 2493
3111 2492
3112 2492
3113 2492
3114 2492
3115 2493
3116 2493
3117 2492
3118 2492
3119 2492
3120 2493
3121 2492
3122 2492
3123 2492
3124 2492
3125 2492
3126 2493
3127 2493
3128 2492
3129 2493
3130 2493
3131 2493
3132 2493
3133 2493
3134 2493
3135 2493
3136 2493
3137 2493
3138 2493
3139 2493
3140 2493
3141 2493
3142 2493
3143 2493
3144 2493
3145 2493
3146 2493
3147 2493
3148 2493
3149 2493
3150 2493
3151 2493
3152 2493
3153 2493
3154 2493
3155 2493
3156 2493
3157 2493
3158 2493
3159 2493
3160 2493
3161 2493
3162 2493
3163 2493
3164 2493
3165 2494
3166 2494
3167 2494
3168 2494
3169 2494
3170 2494
3171 2494
3172 2494
3173 2494
3174 2494
3175 2494
3176 2493
3177 2494
3178 2493
3179 2494
3180 2494
3181 2494
3182 2494
3183 2493
3184 2494
3185 2494
3186 2494
3187 2494
3188 2494
3189 2494
3190 2494
3191 2494
3192 2494
3193 2494
3194 2494
3195 2494
3196 2494
3197 2494
3198 2494
3199 2494
3200 2494
3201 2494
3202 2494
3203 2494
3204 2494
3205 2494
3206 2494
3207 2494
3208 2494
3209 2494
3210 2494
3211 2494
3212 2494
3213 2494
3214 2494
3215 2494
3216 2494
3217 2494
3218 2494
3219 2494
3220 2494
3221 2494
3222 2494
3223 2493
3224 2493
3225 2493
3226 2494
3227 2494
3228 2494
3229 2494
3230 2494
3231 2494
3232 2494
3233 2493
3234 2493
3235 2494
3236 2493
3237 2493
3238 2493
3239 2494
3240 2493
3241 2494
3242 2494
3243 2494
3244 2494
3245 2494
3246 2494
3247 2494
3248 2494
3249 2494
3250 2494
3251 2494
3252 2494
3253 2494
3254 2494
3255 2494
3256 2494
3257 2494
3258 2494
3259 2494
3260 2494
3261 2494
3262 2494
3263 2494
3264 2494
3265 2494
3266 2494
3267 2494
3268 2494
3269 2494
3270 2494
3271 2494
3272 2494
3273 2494
3274 2494
3275 2494
3276 2494
3277 2494
3278 2494
3279 2495
3280 2494
3281 2493
3282 2494
3283 2494
3284 2494
3285 2494
3286 2494
3287 2494
3288 2493
3289 2494
3290 2494
3291 2494
3292 2494
3293 2495
3294 2494
3295 2495
3296 2494
3297 2494
3298 2494
3299 2494
3300 2494
3301 2495
3302 2494
3303 2494
3304 2494
3305 2494
3306 2494
3307 2494
3308 2494
3309 2494
3310 2494
3311 2494
3312 2496
3313 2494
3314 2493
3315 2494
3316 2494
3317 2494
3318 2494
3319 2494
3320 2494
3321 2494
3322 2494
3323 2494
3324 2494
3325 2494
3326 2494
3327 2494
3328 2495
3329 2495
3330 2494
3331 2495
3332 2494
3333 2494
3334 2495
3335 2495
3336 2495
3337 2495
3338 2495
3339 2495
3340 2495
3341 2495
3342 2495
3343 2495
3344 2495
3345 2495
3346 2495
3347 2495
3348 2495
3349 2495
3350 2496
3351 2495
3352 2495
3353 2496
3354 2496
3355 2496
3356 2496
3357 2496
3358 2496
3359 2496
3360 2496
3361 2496
3362 2496
3363 2496
3364 2496
3365 2496
3366 2496
3367 2496
3368 2495
3369 2496
3370 2497
3371 2496
3372 2496
3373 2496
3374 2496
3375 2496
3376 2496
3377 2496
3378 2496
3379 2496
3380 2496
3381 2496
3382 2496
3383 2496
3384 2496
3385 2496
3386 2496
3387 2496
3388 2496
3389 2496
3390 2496
3391 2496
3392 2497
3393 2497
3394 2497
3395 2496
3396 2497
3397 2497
3398 2497
3399 2497
3400 2497
3401 2497
3402 2497
3403 2497
3404 2498
3405 2498
3406 2497
3407 2498
3408 2498
3409 2498
3410 2497
3411 2497
3412 2498
3413 2498
3414 2498
3415 2498
3416 2498
3417 2498
3418 2498
3419 2497
3420 2498
3421 2498
3422 2498
3423 2498
3424 2498
3425 2497
3426 2497
3427 2497
3428 2497
3429 2497
3430 2498
3431 2498
3432 2498
3433 2498
3434 2496
3435 2498
3436 2497
3437 2497
3438 2497
3439 2497
3440 2497
3441 2497
3442 2497
3443 2498
3444 2497
3445 2497
3446 2497
3447 2498
3448 2498
3449 2497
3450 2498
3451 2496
3452 2497
3453 2497
3454 2498
3455 2497
3456 2497
3457 2497
3458 2497
3459 2497
3460 2497
3461 2496
3462 2496
3463 2496
3464 2498
3465 2498
3466 2497
3467 2497
3468 2497
3469 2497
3470 2497
3471 2497
3472 2497
3473 2497
3474 2497
3475 2497
3476 2497
3477 2498
3478 2498
3479 2498
3480 2497
3481 2498
3482 2497
3483 2498
3484 2498
3485 2497
3486 2498
3487 2498
3488 2498
3489 2497
3490 2497
3491 2498
3492 2497
3493 2497
3494 2498
3495 2498
3496 2498
3497 2497
3498 2497
3499 2497
3500 2497
3501 2497
3502 2497
3503 2498
3504 2498
3505 2498
3506 2497
3507 2497
3508 2497
3509 2498
3510 2497
3511 2497
3512 2498
3513 2499
3514 2498
3515 2497
3516 2498
3517 2498
3518 2497
3519 2498
3520 2498
3521 2500
3522 2509
3523 2501
3524 2501
3525 2500
3526 2503
3527 2502
3528 2504
3529 2504
3530 2504
3531 2507
3532 2501
3533 2499
3534 2501
3535 2502
3536 2501
3537 2500
3538 2499
3539 2499
3540 2499
3541 2499
3542 2499
3543 2499
3544 2499
3545 2499
3546 2499
3547 2499
3548 2499
3549 2499
3550 2500
3551 2500
3552 2500
3553 2500
3554 2500
3555 2500
3556 2500
3557 2500
3558 2500
3559 2500
3560 2500
3561 2500
3562 2500
3563 2500
3564 2500
3565 2500
3566 2500
3567 2500
3568 2500
3569 2500
3570 2500
3571 2500
3572 2500
3573 2500
3574 2500
3575 2500
3576 2500
3577 2500
3578 2500
3579 2500
3580 2500
3581 2499
3582 2500
3583 2500
3584 2499
3585 2500
3586 2501
3587 2500
3588 2500
3589 2500
3590 2500
3591 2500
3592 2500
3593 2500
3594 2500
3595 2500
3596 2501
3597 2501
3598 2500
3599 2501
3600 2500
3601 2500
3602 2500
3603 2500
3604 2500
3605 2500
3606 2500
3607 2501
3608 2501
3609 2500
3610 2500
3611 2500
3612 2501
3613 2500
3614 2501
3615 2500
3616 2500
3617 2500
3618 2500
3619 2501
3620 2501
3621 2500
3622 2500
3623 2501
3624 2501
3625 2501
3626 2501
3627 2501
3628 2501
3629 2501
3630 2501
3631 2500
3632 2501
3633 2500
3634 2500
3635 2500
3636 2500
3637 2500
3638 2500
3639 2500
3640 2500
3641 2500
3642 2500
3643 2500
3644 2500
3645 2500
3646 2500
3647 2500
3648 2500
3649 2500
3650 2500
3651 2500
3652 2500
3653 2500
3654 2500
3655 2500
3656 2500
3657 2500
3658 2500
3659 2500
3660 2500
3661 2500
3662 2500
3663 2500
3664 2500
3665 2500
3666 2500
3667 2500
3668 2500
3669 2500
3670 2500
3671 2500
3672 2500
3673 2500
3674 2500
3675 2500
3676 2500
3677 2500
3678 2500
3679 2500
3680 2500
3681 2500
3682 2500
3683 2500
3684 2500
3685 2500
3686 2500
3687 2500
3688 2500
3689 2500
3690 2500
3691 2500
3692 2500
3693 2500
3694 2500
3695 2500
3696 2500
3697 2500
3698 2499
3699 2499
3700 2500
3701 2500
3702 2500
3703 2500
3704 2500
3705 2501
3706 2500
3707 2500
3708 2500
3709 2500
3710 2501
3711 2501
3712 2501
3713 2501
3714 2501
3715 2500
3716 2501
3717 2501
3718 2500
3719 2506
3720 2500
3721 2498
3722 2498
3723 2497
3724 2497
3725 2500
3726 2499
3727 2497
3728 2498
3729 2495
3730 2496
3731 2498
3732 2497
3733 2499
3734 2498
3735 2496
3736 2495
3737 2500
3738 2499
3739 2503
3740 2501
3741 2498
3742 2504
3743 2499
3744 2500
3745 2503
3746 2501
3747 2501
3748 2504
3749 2500
3750 2499
3751 2501
3752 2500
3753 2500
3754 2499
3755 2500
3756 2500
3757 2500
3758 2500
3759 2500
3760 2501
3761 2501
3762 2501
3763 2502
3764 2501
3765 2501
3766 2500
3767 2502
3768 2502
3769 2498
3770 2499
3771 2498
3772 2499
3773 2499
3774 2499
3775 2499
3776 2505
3777 2499
3778 2502
3779 2498
3780 2497
3781 2500
3782 2498
3783 2499
3784 2499
3785 2500
3786 2500
3787 2499
3788 2499
3789 2501
3790 2500
3791 2500
3792 2500
3793 2501
3794 2500
3795 2503
3796 2500
3797 2500
3798 2501
3799 2501
3800 2501
3801 2502
3802 2502
3803 2502
3804 2502
3805 2503
3806 2499
3807 2504
3808 2503
3809 2502
3810 2502
3811 2502
3812 2502
3813 2502
3814 2502
3815 2503
3816 2502
3817 2502
3818 2503
3819 2502
3820 2503
3821 2503
3822 2503
3823 2503
3824 2503
3825 2503
3826 2503
3827 2504
3828 2504
3829 2504
3830 2504
3831 2503
3832 2503
3833 2504
3834 2504
3835 2504
3836 2504
3837 2506
3838 2504
3839 2503
3840 2503
3841 2504
3842 2504
3843 2504
3844 2504
3845 2504
3846 2503
3847 2503
3848 2504
3849 2505
3850 2504
3851 2504
3852 2504
3853 2503
3854 2504
3855 2504
3856 2504
3857 2504
3858 2504
3859 2504
3860 2505
3861 2504
3862 2505
3863 2505
3864 2505
3865 2504
3866 2504
3867 2505
3868 2505
3869 2504
3870 2506
3871 2503
3872 2504
3873 2504
3874 2505
3875 2504
3876 2504
3877 2504
3878 2504
3879 2504
3880 2505
3881 2505
3882 2505
3883 2505
3884 2504
3885 2506
3886 2505
3887 2505
3888 2504
3889 2504
3890 2508
3891 2505
3892 2506
3893 2504
3894 2505
3895 2505
3896 2504
3897 2505
3898 2505
3899 2504
3900 2504
3901 2504
3902 2505
3903 2504
3904 2504
3905 2504
3906 2504
3907 2504
3908 2504
3909 2504
3910 2505
3911 2504
3912 2504
3913 2505
3914 2504
3915 2503
3916 2503
3917 2504
3918 2503
3919 2503
3920 2503
3921 2503
3922 2504
3923 2503
3924 2503
3925 2503
3926 2503
3927 2503
3928 2504
3929 2507
3930 2503
3931 2503
3932 2503
3933 2503
3934 2507
3935 2509
3936 2505
3937 2506
3938 2504
3939 2507
3940 2503
3941 2503
3942 2503
3943 2504
3944 2503
3945 2503
3946 2503
3947 2504
3948 2504
3949 2504
3950 2504
3951 2506
3952 2506
3953 2505
3954 2507
3955 2504
3956 2504
3957 2505
3958 2505
3959 2505
3960 2505
3961 2505
3962 2505
3963 2506
3964 2505
3965 2505
3966 2506
3967 2506
3968 2506
3969 2507
3970 2506
3971 2506
3972 2506
3973 2505
3974 2508
3975 2505
3976 2506
3977 2506
3978 2505
3979 2505
3980 2505
3981 2506
3982 2506
3983 2506
3984 2506
3985 2506
3986 2506
3987 2505
3988 2505
3989 2508
3990 2508
3991 2508
3992 2506
3993 2509
3994 2506
3995 2507
3996 2505
3997 2506
3998 2505
3999 2505
4000 2506
4001 2505
4002 2506
4003 2507
4004 2505
4005 2506
4006 2506
4007 2506
4008 2505
4009 2506
4010 2506
4011 2506
4012 2505
4013 2504
4014 2504
4015 2504
4016 2505
4017 2504
4018 2504
4019 2505
4020 2505
4021 2505
4022 2505
4023 2505
4024 2505
4025 2504
4026 2504
4027 2505
4028 2505
4029 2505
4030 2505
4031 2504
4032 2504
4033 2504
4034 2504
4035 2505
4036 2505
4037 2505
4038 2505
4039 2508
4040 2507
4041 2506
4042 2505
4043 2505
4044 2505
4045 2505
4046 2505
4047 2510
4048 2505
4049 2505
4050 2504
4051 2506
4052 2506
4053 2504
4054 2505
4055 2505
4056 2505
4057 2505
4058 2505
4059 2506
4060 2505
4061 2505
4062 2504
4063 2504
4064 2505
4065 2506
4066 2505
4067 2506
4068 2505
4069 2506
4070 2507
4071 2511
4072 2506
4073 2506
4074 2506
4075 2505
4076 2507
4077 2506
4078 2507
4079 2508
4080 2511
4081 2510
4082 2506
4083 2510
4084 2506
4085 2506
4086 2506
4087 2507
4088 2507
4089 2507
4090 2512
4091 2506
4092 2505
4093 2513
4094 2510
4095 2506
4096 2504
4097 2504
4098 2506
4099 2506
4100 2514
4101 2513
4102 2513
4103 2506
4104 2513
4105 2505
4106 2506
4107 2507
4108 2507
4109 2507
4110 2507
4111 2507
4112 2507
4113 2507
4114 2506
4115 2507
4116 2505
4117 2506
4118 2506
4119 2506
4120 2506
4121 2506
4122 2505
4123 2505
4124 2505
4125 2505
4126 2505
4127 2506
4128 2504
4129 2509
4130 2508
4131 2505
4132 2505
4133 2505
4134 2504
4135 2505
4136 2505
4137 2505
4138 2505
4139 2506
4140 2507
4141 2506
4142 2507
4143 2508
4144 2507
4145 2506
4146 2508
4147 2512
4148 2506
4149 2507
4150 2506
4151 2507
4152 2507
4153 2510
4154 2507
4155 2506
4156 2507
4157 2507
4158 2507
4159 2507
4160 2508
4161 2508
4162 2508
4163 2508
4164 2508
4165 2509
4166 2509
4167 2509
4168 2513
4169 2509
4170 2509
4171 2509
4172 2510
4173 2509
4174 2512
4175 2507
4176 2510
4177 2507
4178 2508
4179 2508
4180 2508
4181 2509
4182 2508
4183 2507
4184 2508
4185 2507
4186 2507
4187 2508
4188 2506
4189 2506
4190 2506
4191 2506
4192 2515
4193 2506
4194 2506
4195 2507
4196 2506
4197 2509
4198 2506
4199 2506
4200 2508
4201 2507
4202 2506
4203 2506
4204 2507
4205 2506
4206 2506
4207 2507
4208 2507
4209 2507
4210 2506
4211 2511
4212 2510
4213 2508
4214 2515
4215 2505
4216 2512
4217 2507
4218 2508
4219 2508
4220 2506
4221 2507
4222 2506
4223 2505
4224 2505
4225 2507
4226 2515
4227 2505
4228 2504
4229 2505
4230 2505
4231 2506
4232 2506
4233 2504
4234 2506
4235 2505
4236 2505
4237 2505
4238 2505
4239 2504
4240 2504
4241 2505
4242 2516
4243 2505
4244 2505
4245 2506
4246 2505
4247 2509
4248 2505
4249 2506
4250 2506
4251 2505
4252 2505
4253 2505
4254 2506
4255 2506
4256 2506
4257 2506
4258 2505
4259 2506
4260 2509
4261 2506
4262 2507
4263 2506
4264 2507
4265 2507
4266 2507
4267 2507
4268 2507
4269 2507
4270 2507
4271 2507
4272 2508
4273 2507
4274 2515
4275 2507
4276 2510
4277 2506
4278 2507
4279 2506
4280 2507
4281 2508
4282 2507
4283 2508
4284 2508
4285 2508
4286 2508
4287 2508
4288 2508
4289 2508
4290 2508
4291 2508
4292 2508
4293 2510
4294 2508
4295 2508
4296 2507
4297 2509
4298 2508
4299 2508
4300 2509
4301 2508
4302 2508
4303 2509
4304 2509
4305 2510
4306 2508
4307 2508
4308 2508
4309 2509
4310 2510
4311 2514
4312 2510
4313 2510
4314 2509
4315 2513
4316 2509
4317 2509
4318 2509
4319 2508
4320 2508
4321 2508
4322 2508
4323 2510
4324 2508
4325 2508
4326 2508
4327 2508
4328 2508
4329 2508
4330 2508
4331 2508
4332 2508
4333 2507
4334 2507
4335 2508
4336 2508
4337 2508
4338 2508
4339 2508
4340 2508
4341 2508
4342 2508
4343 2508
4344 2509
4345 2508
4346 2508
4347 2508
4348 2508
4349 2508
4350 2508
4351 2509
4352 2509
4353 2508
4354 2512
4355 2508
4356 2508
4357 2508
4358 2508
4359 2508
4360 2508
4361 2507
4362 2508
4363 2508
4364 2508
4365 2508
4366 2508
4367 2508
4368 2507
4369 2507
4370 2507
4371 2507
4372 2508
4373 2508
4374 2508
4375 2508
4376 2508
4377 2508
4378 2507
4379 2507
4380 2507
4381 2507
4382 2507
4383 2507
4384 2507
4385 2506
4386 2507
4387 2506
4388 2507
4389 2507
4390 2507
4391 2507
4392 2507
4393 2507
4394 2508
4395 2508
4396 2508
4397 2510
4398 2508
4399 2509
4400 2510
4401 2510
4402 2509
4403 2508
4404 2509
4405 2508
4406 2509
4407 2508
4408 2509
4409 2508
4410 2509
4411 2509
4412 2509
4413 2508
4414 2508
4415 2508
4416 2508
4417 2508
4418 2508
4419 2507
4420 2507
4421 2508
4422 2507
4423 2508
4424 2508
4425 2507
4426 2507
4427 2506
4428 2509
4429 2508
4430 2506
4431 2506
4432 2507
4433 2508
4434 2509
4435 2508
4436 2508
4437 2506
4438 2506
4439 2508
4440 2507
4441 2506
4442 2507
4443 2507
4444 2506
4445 2506
4446 2508
4447 2509
4448 2508
4449 2509
4450 2509
4451 2508
4452 2508
4453 2509
4454 2510
4455 2510
4456 2509
4457 2513
4458 2513
4459 2513
4460 2514
4461 2514
4462 2513
4463 2513
4464 2510
4465 2513
4466 2512
4467 2511
4468 2512
4469 2510
4470 2510
4471 2510
4472 2509
4473 2509
4474 2510
4475 2508
4476 2507
4477 2507
4478 2507
4479 2507
4480 2510
4481 2508
4482 2508
4483 2508
4484 2508
4485 2508
4486 2509
4487 2507
4488 2508
4489 2508
4490 2508
4491 2509
4492 2508
4493 2508
4494 2509
4495 2509
4496 2510
4497 2510
4498 2510
4499 2510
4500 2509
4501 2509
4502 2508
4503 2508
4504 2510
4505 2508
4506 2508
4507 2510
4508 2511
4509 2507
4510 2509
4511 2508
4512 2508
4513 2507
4514 2508
4515 2507
4516 2507
4517 2507
4518 2507
4519 2506
4520 2505
4521 2506
4522 2507
4523 2506
4524 2507
4525 2505
4526 2508
4527 2504
4528 2504
4529 2505
4530 2510
4531 2505
4532 2506
4533 2506
4534 2505

2462 9999
2463 9999
2464 9999
2465 9999
2466 9999
2467 9999
2468 9999
2469 9999
2470 9999
2471 9999
2472 9999
2473 9999
2474 9999
2475 9999
2476 9999
2477 9999
2478 9999
2479 9999
2480 9999
2481 9999
2482 9999
2483 9999
2484 9999
2485 9999
2486 9999
2487 9999
2488 9999
2489 9999
2490 9999
2491 9999
2492 9999
2493 9999
2494 9999
2495 9999
2496 9999
2497 9999
2498 9999
2499 9999
2500 9999
2501 9999
2502 9999
2503 9999
2504 9999
2505 9999
2506 9999
2507 9999
2508 9999
2509 9999
2510 9999
2511 9999
2512 9999
2513 9999
2514 9999
2515 9999
2516 9999
2517 9999
2518 9999
2519 9999
2520 9999
2521 9999
2522 9999
2523 9999
2524 9999
2525 9999
2526 9999
2527 9999
2528 9999
2529 9999
2530 9999
2531 9999
2532 9999
2533 9999
2534 9999
2535 9999
2536 9999
2537 9999
2538 9999
2539 9999
2540 9999
2541 9999
2542 9999
2543 9999
2544 9999
2545 9999
2546 9999
2547 9999
2548 9999
2549 9999
2550 9999
2551 9999
2552 9999
2553 9999
2554 9999
2555 9999
2556 9999
2557 9999
2558 9999
2559 9999
2560 9999
2561 9999
2562 9999
2563 9999
2564 9999
2565 9999
2566 9999
2567 9999
2568 9999
2569 9999
2570 9999
2571 9999
2572 9999
2573 9999
2574 9999
2575 9999
2576 9999
2577 9999
2578 9999
2579 9999
2580 9999
2581 9999
2582 9999
2583 9999
2584 9999
2585 9999
2586 9999
2587 9999
2588 9999
2589 9999
2590 9999
2591 9999
2592 9999
2593 2510
2594 2511
2595 2510
2596 2510
2597 9999
2598 9999
2599 9999
2600 2511
2601 9999
2602 9999
2603 9999
2604 9999
2605 9999
2606 2511
2607 9999
2608 9999
2609 9999
2610 2518
2611 9999
2612 9999
2613 9999
2614 9999
2615 9999
2616 9999
2617 9999
2618 9999
2619 9999
2620 9999
2621 9999
2622 2516
2623 9999
2624 9999
2625 9999
2626 2513
2627 2514
2628 2517
2629 2513
2630 2517
2631 2516
2632 2513
2633 2513
2634 2514
2635 2516
2636 2519
2637 2513
2638 2513
2639 2513
2640 2514
2641 2513
2642 2515
2643 2515
2644 2515
2645 2515
2646 2516
2647 2515
2648 2515
2649 2515
2650 2515
2651 2516
2652 2516
2653 2516
2654 2515
2655 2510
2656 2511
2657 2516
2658 2518
2659 2510
2660 2517
2661 2518
2662 2518
2663 2517
2664 2524
2665 2525
2666 2519
2667 2512
2668 2514
2669 2512
2670 2523
2671 2524
2672 2512
2673 2525
2674 2523
2675 2525
2676 2526
2677 2526
2678 2525
2679 2515
2680 2527
2681 2526
2682 2525
2683 2524
2684 2523
2685 2531
2686 2525
2687 2525
2688 2525
2814 2515
2815 2518
2816 2517
2817 2518
2818 2516
2819 2516
2820 2519
2821 2517
2822 2523
2823 2510
2824 2510
2825 2510
2826 2510
2827 2520
2828 2516
2829 2511
2830 2511
2831 2517
2832 2519
2833 2517
2834 2518
2835 2518
2836 2519
2837 2510
2838 2518
2839 2519
2840 2519
2841 2518
2842 2518
2843 2519
2844 2519
2845 2517
2846 2520
2847 2516
2848 2516
2849 2517
2850 2517
2851 2517
2852 2518
2853 2516
2854 2517
2855 2518
2856 2509
2857 2517
2858 2511
2859 2517
2860 2518
2861 2517
2862 2517
2863 2516
2864 2516
2865 2516
2866 2517
2867 2518
2868 2519
2869 2517
2870 2517
2871 2516
2872 2518
2873 2518
2874 2517
2875 2516
2876 2516
2877 2517
2878 2516
2879 2516
2880 2517
2881 2517
2882 2518
2883 2517
2884 2508
2885 2517
2886 2517
2887 2517
2888 2517
2889 2517
2890 2514
2891 2515
2892 2523
2893 2517
2894 2518
2895 2520
2896 2517
2897 2516
2898 2517
2899 2517
2900 2517
2901 2517
2902 2517
2903 2518
2904 2518
2905 2518
2906 2518
2907 2518
2908 2519
2909 2518
2910 2518
2911 2518
2912 2519
2913 2518
2914 2518
2915 2518
2916 2516
2917 2519
2918 2518
2919 2519
2920 2519
2921 2517
2922 2517
2923 2518
2924 2518
2925 2520
3228 2518
3229 2511
3230 2511
3231 2517
3232 2511
3233 2515
3234 2516
3235 2515
3236 2517
3237 2512
3238 2517
3239 2512
3240 2516
3241 2511
3242 2521
3243 2517
3244 2516
3245 2522
3246 2520
3247 2520
3248 2515
3249 2516
3250 2509
3251 2517
3252 2517
3253 2517
3254 2516
3255 2515
3256 2515
3257 2515
3258 2515
3259 2515
3260 2516
3261 2518
3262 2509
3263 2508
3264 2510
3265 2508
3266 2515
3267 2510
3268 2516
3269 2515
3270 2514
3271 2514
3272 2517
3273 2514
3274 2513
3275 2509
3276 2514
3277 2514
3278 2513
3279 2512
3280 2507
3281 2513
3282 2513
3283 2514
3284 2512
3285 2506
3286 2513
3287 2513
3288 2513
3289 2513
3290 2512
3291 2514
3292 2506
3293 2513
3294 2513
3295 2509
3296 2515
3297 2514
3298 2513
3299 2513
3300 2514
3301 2513
3302 2513
3303 2513
3304 2509
3305 2510
3306 2507
3307 9999
3308 2512
3309 9999
3310 2514
3311 2511
3312 2513
3313 2512
3314 2513
3315 2514
3316 2513
3317 2516
3318 2506
3319 2518
3320 2517
3321 2519
3322 2514
3323 2513
3324 2514
3325 2513
3326 2516
3327 2519
3328 2519
3329 2514
3330 2514
3331 2513
3332 2514
3333 2513
3334 2514
3335 2514
3336 2514
3337 2514
3338 2513
3339 2514
3340 2514
3341 2514
3342 2515
3343 2514
3344 2514
3345 2515
3346 2514
3347 2515
3348 2516
3349 2515
3350 2515
3351 2515
3352 2516
3353 2516
3354 2516
3355 2517
3356 2517
3357 2517
3358 2517
3359 2517
3360 2517
3361 2517
3362 2519
3363 2518
3364 2519
3365 2518
3407 2524
3408 2523
3409 2523
3410 2519
3411 2524
3412 2524
3413 2524
3414 2529
3415 2525
3416 2520
3417 2516
3418 2523
3419 2524
3420 2523
3421 2524
3422 2524
3423 2517
3424 2523
3425 2522
3426 2527
3427 2527
3428 2523
3429 2529
3430 2517
3431 2523
3432 2524
3433 2517
3434 2521
3435 2519
3436 2518
3437 2522
3438 2524
3439 2523
3440 2523
3441 2519
3442 2518
3443 2530
3444 2523
3445 2527
3446 2524
3447 2522
3448 2528
3449 2518
3450 2522
3451 2524
3452 2520
3453 2523
3454 2526
3455 2518
3456 2529
3457 2520
3458 2525
3459 2527
3460 2526
3461 2526
3462 2526
3463 2528
3464 2526
3465 2531
3466 2529
3467 2525
3468 2522
3469 2519
3470 2526
3471 2523
3472 2524
3473 2524
3474 2524
3475 2524
3476 2525
3477 2521
3626 2543
3627 2543
3628 2539
3629 2538
3630 2539
3631 2543
3632 2539
3633 2533
3634 2538
3635 2541
3636 2540
3637 2543
3638 2539
3639 2544
3640 2538
3641 2543
3642 2538
3643 2539
3644 2542
3645 2536
3646 2537
3647 2542
3648 2539
3649 2536
3650 2543
3651 2540
3652 2537
3653 2533
3654 2537
3655 2537
3656 2537
3657 2537
3658 2537
3659 2536
3660 2537
3661 2538
3662 2537
3663 2537
3664 2536
3665 2536
3666 2537
3667 2538
3668 2538
3669 2542
3670 2533
3671 2537
3672 2537
3999 2543
4000 2539
4001 2542
4002 2545
4003 2545
4004 2544
4005 2543
4006 2544
4007 2545
4008 2548
4009 2546
4010 2545
4011 2541
4012 2544
4013 2548
4014 2537
4015 2544
4016 2550
4017 2543
4018 2543
4019 2542
4020 2543
4021 2542
4022 2543
4023 2541
4024 2542
4025 2542
4026 2542
4027 2539
4028 2546
4029 2545
4030 2537
4031 2546
4032 2542
4033 2543
4034 2542
4035 2543
4036 2543
4037 2542
4038 2543
4039 2543
4040 2543
4041 2546
4042 2548
4043 2545
4044 2544
4045 2545
4046 2546
4047 2545
4048 2544
4049 2543
4050 2544
4051 2547
4052 2536
4053 2543
4054 2539
4055 2535
4056 2544
4057 2536
4058 2544
4059 2543
4060 2535
4061 2545
4062 2546
4063 2545
4064 2544
4065 2543
4066 2536
4067 2536
4068 2544
4069 2544
4070 2544
4071 2550
4072 2538
4073 2543
4074 2547
4075 2550
4076 2543
4077 2537
4078 2536
4079 2547
4080 2548
4081 2548
4082 2546
4083 2540
4084 2548
4085 2541
4086 2542
4087 2541
4088 2538
4089 2541
4090 2538
4091 2545
4092 2545
4093 2540
4094 2550
4095 2536
4096 2540
4097 2537
4098 2536
4099 2549
4100 2548
4101 2546
4102 2548
4103 2545
4104 2539
4105 2546
4106 2538
4107 2543
4108 2537
4109 2545
4110 2546
4111 2546
4112 2546
4113 2538
4114 2549
4115 2551
4116 2543
4117 2546
4118 2537
4119 2547
4120 2541
4121 2541
4122 2541
4123 2537
4124 2547
4125 2547
4126 2547
4127 2546
4128 2544
4129 2537
4130 2550
4131 2540
4132 2540
4133 2541
4134 2539
4135 2538
4136 2537
4137 2541
4138 2543
4139 2547
4140 2545
4141 2542
4142 2538
4143 2552
4144 2538
4145 2550
4146 2548
4147 2549
4148 2546
4149 2550
4150 2541
4151 2538
4152 2549
4153 2549
4154 2549
4155 2544
4156 2551
4157 2539
4158 2549
4159 2547
4160 2551
4161 2549
4162 2549
4163 2546
4164 2541
4165 2549
4166 2539
4167 2549
4168 2547
4169 2550
4170 2550
4171 2550
4172 2549
4173 2552
4174 2553
4175 2544
4176 2549
4177 2543
4178 2547
4179 2540
4180 2540
4181 2539
4182 2541
4183 2545
4184 2541
4185 2552
4186 2545
4187 2540
4188 2552
4189 2540
4190 2545
4191 2553
4192 2553
4193 2541
4194 2548
4195 2554
4196 2543
4197 2554
4198 2554
4199 2549
4200 2542
4201 2549
4202 2545
4203 2547
4204 2542
4205 2548
4206 2551
4207 2545
4208 2540
4209 2540
4210 2551
4211 2545
4212 2543
4213 2542
4214 2540
4215 2553
4216 2554
4217 2544
4218 2548
4219 2540
4220 2540
4221 2544
4222 2548
4223 2555
4224 2542
4225 2548
4226 2548
4227 2555
4228 2541
4229 2547
4230 2546
4231 2548
4232 2551
4233 2542
4234 2541
4235 2548
4236 2541
4237 2541
4238 2552
4239 2545
4240 2548
4241 2544
4242 2551
4243 2551
4244 2548
4245 2550
4246 2545
4247 2549
4248 2544
4249 2542
4250 2546
4251 2550
4252 2549
4253 2543
4254 2543
4255 2549
4256 2542
4257 2555
4258 2542
4259 2548
4260 2554
4261 2548
4262 2542
4263 2549
4264 2551
4265 2548
4266 2551
4267 2544
4268 2553
4269 2549
4270 2550
4271 2544
4272 2548
4273 2556
4274 2556
4275 2552
4276 2551
4277 2542
4278 2553
4279 2544
4280 2552
4281 2551
4282 2551
4283 2551
4284 2550
4285 2550
4286 2555
4287 2550
4288 2546
4289 2552
4290 2554
4291 2548
4292 2552
4293 2557
4294 2556
4295 2543
4296 2549
4297 2547
4298 2552
4299 2543
4300 2543
4301 2555
4302 2554
4303 2543
4304 2552
4305 2543
4306 2543
4307 2543
4308 2543
4309 2553
4310 2544
4311 2552
4312 2554
4313 2553
4314 2552
4315 2543
4316 2554
4317 2544
4318 2543
4319 2545
4320 2554

