580 2368
581 2366
582 2366
583 2359
584 2361
585 2359
586 2359
587 2360
588 2370
589 2377
590 2362
591 2375
592 2382
593 2373
594 2374
595 2369
596 2369
597 2369
598 2369
599 2369
600 2369
601 2372
602 2370
603 2376
604 2379
605 2372
606 2373
607 2374
608 2374
609 2376
610 2377
611 2383
612 2381
613 2377
614 2376
615 2387
616 2379
617 2379
618 2379
619 2377
620 2376
621 2380
622 2381
623 2380
624 2397
625 2399
626 2389
627 2400
628 2391
629 2387
630 2398
631 2384
632 2386
633 2384
634 2386
635 2393
636 2386
637 2383
638 2385
639 2385
640 2383
641 2383
642 2384
643 2384
644 2388
645 2388
646 2390
647 2391
648 2393
649 2385
650 2393
651 2390
652 2384
653 2385
654 2384
655 2401
656 2388
657 2389
658 2389
659 2390
660 2391
661 2393
662 2390
663 2398
664 2394
665 2393
666 2389
667 2392
668 2394
669 2405
670 2402
671 2396
672 2401
673 2398
674 2405
675 2399
676 2397
677 2397
678 2396
679 2396
680 2396
681 2395
682 2395
683 2395
684 2394
685 2394
686 2398
687 2394
688 2394
689 2394
690 2394
691 2393
692 2394
693 2394
694 2394
695 2394
696 2393
697 2395
698 2396
699 2393
700 2393
701 2393
702 2392
703 2392
704 2392
705 2391
706 2391
707 2391
708 2391
709 2392
710 2391
711 2390
712 2390
713 2391
714 2391
715 2391
716 2391
717 2391
718 2391
719 2391
720 2392
721 2391
722 2391
723 2391
724 2391
725 2391
726 2391
727 2391
728 2392
729 2391
730 2391
731 2391
732 2391
733 2391
734 2392
735 2392
736 2392
737 2392
738 2392
739 2392
740 2392
741 2392
742 2392
743 2392
744 2392
745 2392
746 2392
747 2392
748 2392
749 2392
750 2392
751 2392
752 2392
753 2392
754 2392
755 2392
756 2392
757 2392
758 2392
759 2392
760 2392
761 2392
762 2392
763 2392
764 2392
765 2392
766 2395
767 2392
768 2392
769 2394
770 2391
771 2392
772 2390
773 2391
774 2392
775 2393
776 2391
777 2391
778 2391
779 2391
780 2392
781 2393
782 2394
783 2395
784 2392
785 2394
786 2394
787 2393
788 2393
789 2391
790 2391
791 2391
792 2391
793 2390
794 2391
795 2391
796 2391
797 2391
798 2391
799 2391
800 2390
801 2391
802 2391
803 2391
804 2391
805 2391
806 2391
807 2392
808 2392
809 2392
810 2392
811 2392
812 2392
813 2391
814 2395
815 2391
816 2391
817 2392
818 2392
819 2392
820 2392
821 2392
822 2391
823 2391
824 2392
825 2397
826 2396
827 2395
828 2392
829 2396
830 2391
831 2391
832 2391
833 2391
834 2391
835 2391
836 2391
837 2391
838 2392
839 2391
840 2392
841 2392
842 2392
843 2397
844 2403
845 2390
846 2390
847 2389
848 2388
849 2387
850 2387
851 2386
852 2393
853 2390
854 2396
855 2395
856 2382
857 2384
858 2391
859 2395
860 2396
861 2396
862 2395
863 2382
864 2386
865 2402
866 2401
867 2402
868 2402
869 2399
870 2393
871 2388
872 2389
873 2396
874 2393
875 2388
876 2396
877 2405
878 2387
879 2387
880 2386
881 2396
882 2394
883 2397
884 2402
885 2405
886 2398
887 2398
888 2394
889 2394
890 2396
891 2395
892 2396
893 2399
894 2400
895 2400
896 2402
897 2402
898 2395
899 2393
900 2402
901 2401
902 2398
903 2394
904 2411
905 2402
906 2397
907 2410
908 2402
909 2401
910 2402
911 2404
912 2402
913 2392
914 2393
915 2393
916 2408
917 2405
918 2396
919 2397
920 2403
921 2409
922 2399
923 2398
924 2405
925 2399
926 2392
927 2397
928 2400
929 2404
930 2405
931 2404
932 2397
933 2404
934 2406
935 2398
936 2401
937 2398
938 2400
939 2398
940 2395
941 2395
942 2386
943 2391
944 2389
945 2392
946 2393
947 2389
948 2385
949 2393
950 2392
951 2389
952 2385
953 2390
954 2388
955 2386
956 2398
957 2384
958 2385
959 2404
960 2400
961 2384
962 2387
963 2393
964 2395
965 2388
966 2398
967 2403
968 2400
969 2393
970 2397
971 2398
972 2402
973 2394

