3283 2527
3284 2526
3285 2526
3286 2527
3287 2527
3288 2525
3289 2525
3290 2525
3291 2526
3292 2525
3293 2525
3294 2525
3295 2528
3296 2524
3297 2529
3298 2524
3299 2523
3300 2526
3301 2525
3302 2524
3303 2523
3304 2523
3305 2523
3306 2523
3307 2522
3308 2523
3309 2522
3310 2521
3311 2525
3312 2521
3313 2521
3314 2520
3315 2519
3316 2519
3317 2520
3318 2519
3319 2519
3320 2519
3321 2519
3322 2519
3323 2528
3324 2519
3325 2519
3326 2519
3327 2519
3328 2519
3329 2527
3330 2516
3331 2517
3332 2518
3333 2518
3334 2518
3335 2518
3336 2518
3337 2518
3338 2518
3339 2518
3340 2519
3341 2519
3342 2518
3343 2518
3344 2519
3345 2518
3346 2518
3347 2518
3348 2518
3349 2519
3350 2519
3351 2522
3352 2528
3353 2521
3354 2518
3355 2518
3356 2519
3357 2521
3358 2520
3359 2519
3360 2520
3361 2521
3362 2520
3363 2521
3364 2520
3365 2520
3366 2520
3367 2520
3368 2520
3369 2520
3370 2520
3371 2520
3372 2520
3373 2520
3374 2520
3375 2521
3376 2520
3377 2520
3378 2520
3379 2520
3380 2519
3381 2520
3382 2521
3383 2521
3384 2521
3385 2521
3386 2520
3387 2519
3388 2520
3389 2520
3390 2520
3391 2520
3392 2520
3393 2520
3394 2518
3395 2517
3396 2518
3397 2519
3398 2520
3399 2520
3400 2520
3401 2520
3402 2519
3403 2521
3404 2522
3405 2519
3406 2519
3407 2520
3408 2519
3409 2521
3410 2519
3411 2519
3412 2520
3413 2517
3414 2521
3415 2520
3416 2518
3417 2517
3418 2518
3419 2517
3420 2518
3421 2518
3422 2518
3423 2519
3424 2519
3425 2519
3426 2521
3427 2519
3428 2519
3429 2519
3430 2518
3431 2518
3432 2519
3433 2516
3434 2518
3435 2518
3436 2517
3437 2524
3438 2515
3439 2515
3440 2520
3441 2518
3442 2516
3443 2517
3444 2517
3445 2518
3446 2523
3447 2520
3448 2518
3449 2517
3450 2520
3451 2518
3452 2519
3453 2524
3454 2523
3455 2518
3456 2518
3457 2520
3458 2518
3459 2522
3460 2521
3461 2517
3462 2517
3463 2516
3464 2516
3465 2516
3466 2515
3467 2515
3468 2515
3469 2515
3470 2517
3471 2517
3472 2518
3473 2517
3474 2519
3475 2519
3476 2520
3477 2521
3478 2521
3479 2521
3480 2517
3481 2517
3482 2517
3483 2517
3484 2520
3485 2521
3486 2526
3487 2518
3488 2518
3489 2517
3490 2517
3491 2518
3492 2518
3493 2518
3494 2517
3495 2517
3496 2517
3497 2518
3498 2527
3499 2518
3500 2518
3501 2516
3502 2515
3503 2516
3504 2523
3505 2517
3506 2514
3507 2518
3508 2519
3509 2524
3510 2519
3511 2524
3512 2517
3513 2517
3514 2518
3515 2523
3516 2521
3517 2521
3518 2520
3519 2521
3520 2520
3521 2520
3522 2519
3523 2518
3524 2519
3525 2518
3526 2519
3527 2517
3528 2527
3529 2527
3530 2517
3531 2518
3532 2518
3533 2518
3534 2518
3535 2518
3536 2519
3537 2518
3538 2517
3539 2518
3540 2520
3541 2518
3542 2516
3543 2517
3544 2517
3545 2518
3546 2518
3547 2522
3548 2523
3549 2518
3550 2519
3551 2519
3552 2519
3553 2517
3554 2517
3555 2517
3556 2517
3557 2517
3558 2524
3559 2516
3560 2516
3561 2518
3562 2517
3563 2518
3564 2518
3565 2517
3566 2517
3567 2516
3568 2517
3569 2516
3570 2515
3571 2515
3572 2515
3573 2516
3574 2520
3575 2516
3576 2522
3577 2518
3578 2520
3579 2528
3580 2519
3581 2519
3582 2520
3583 2519
3584 2518
3585 2519
3586 2518
3587 2518
3588 2518
3589 2520
3590 2517
3591 2518
3592 2518
3593 2518
3594 2517
3595 2517
3596 2516
3597 2518
3598 2517
3599 2516
3600 2518
3601 2519
3602 2519
3603 2519
3604 2519
3605 2518
3606 2529
3607 2519
3608 2530
3609 2519
3610 2519
3611 2518
3612 2520
3613 2520
3614 2520
3615 2519
3616 2520
3617 2519
3618 2518
3619 2518
3620 2518
3621 2519
3622 2517
3623 2519
3624 2519
3625 2516
3626 2514
3627 2516
3628 2514
3629 2513
3630 2513
3631 2513
3632 2514
3633 2515
3634 2515
3635 2515
3636 2515
3637 2522
3638 2515
3639 2516
3640 2517
3641 2520
3642 2517
3643 2521
3644 2517
3645 2529
3646 2519
3647 2519
3648 2519
3649 2518
3650 2517
3651 2518
3652 2520
3653 2516
3654 2516
3655 2516
3656 2515
3657 2516
3658 2521
3659 2515
3660 2516
3661 2514
3662 2516
3663 2515
3664 2515
3665 2514
3666 2514
3667 2514
3668 2514
3669 2516
3670 2521
3671 2514
3672 2515
3673 2523
3674 2528
3675 2523
3676 2514
3677 2514
3678 2516
3679 2518
3680 2517
3681 2513
3682 2515
3683 2514
3684 2515
3685 2516
3686 2515
3687 2517
3688 2515
3689 2516
3690 2516
3691 2517
3692 2517
3693 2518
3694 2518
3695 2518
3696 2519
3697 2519
3698 2519
3699 2519
3700 2519
3701 2518
3702 2521
3703 2517
3704 2518
3705 2519
3706 2520
3707 2518
3708 2520
3709 2519
3710 2518
3711 2517
3712 2521
3713 2520
3714 2519
3715 2521
3716 2518
3717 2518
3718 2518
3719 2518
3720 2517
3721 2522
3722 2528
3723 2517
3724 2519
3725 2518
3726 2522
3727 2525
3728 2517
3729 2522
3730 2521
3731 2520
3732 2517
3733 2517
3734 2517
3735 2518
3736 2517
3737 2518
3738 2517
3739 2517
3740 2518
3741 2521
3742 2519
3743 2518
3744 2518
3745 2518
3746 2518
3747 2518
3748 2517
3749 2517
3750 2518
3751 2517
3752 2517
3753 2519
3754 2518
3755 2518
3756 2518
3757 2518
3758 2518
3759 2518
3760 2519
3761 2518
3762 2520
3763 2521
3764 2522
3765 2520
3766 2522
3767 2518
3768 2518
3769 2519
3770 2517
3771 2521
3772 2522
3773 2518
3774 2519
3775 2519
3776 2519
3777 2520
3778 2524
3779 2518
3780 2519
3781 2519
3782 2519
3783 2517
3784 2518
3785 2518
3786 2518
3787 2520
3788 2519
3789 2518
3790 2517
3791 2517
3792 2518
3793 2517
3794 2516
3795 2520
3796 2517
3797 2518
3798 2517
3799 2518
3800 2526
3801 2516
3802 2518
3803 2520
3804 2517
3805 2519
3806 2524
3807 2518
3808 2518
3809 2519
3810 2523
3811 2518
3812 2519
3813 2519
3814 2519
3815 2518
3816 2518
3817 2518
3818 2520
3819 2520
3820 2517
3821 2518
3822 2517
3823 2516
3824 2517
3825 2516
3826 2518
3827 2517
3828 2517
3829 2522
3830 2519
3831 2520
3832 2518
3833 2516
3834 2515
3835 2518
3836 2519
3837 2518
3838 2517
3839 2517
3840 2519
3841 2519
3842 2519
3843 2519
3844 2518
3845 2520
3846 2520
3847 2518
3848 2518
3849 2518
3850 2519
3851 2518
3852 2520
3853 2521
3854 2519
3855 2520
3856 2520
3857 2524
3858 2523
3859 2525
3860 2520
3861 2525
3862 2519
3863 2520
3864 2520
3865 2519
3866 2524
3867 2523
3868 2524
3869 2522
3870 2519
3871 2519
3872 2519
3873 2521
3874 2520
3875 2520
3876 2521
3877 2520
3878 2521
3879 2521
3880 2522
3881 2522
3882 2518
3883 2519
3884 2523
3885 2520
3886 2521
3887 2521
3888 2521
3889 2521
3890 2521
3891 2520
3892 2521
3893 2521
3894 2521
3895 2521
3896 2525
3897 2521
3898 2521
3899 2522
3900 2523
3901 2520
3902 2520
3903 2520
3904 2521
3905 2521
3906 2520
3907 2526
3908 2524
3909 2519
3910 2520
3911 2520
3912 2520
3913 2524
3914 2521
3915 2520
3916 2519
3917 2521
3918 2519
3919 2523
3920 2521
3921 2521
3922 2520
3923 2520
3924 2521
3925 2522
3926 2522
3927 2522
3928 2522
3929 2524
3930 2524
3931 2522
3932 2523
3933 2523
3934 2522
3935 2521
3936 2523
3937 2522
3938 2523
3939 2523
3940 2523
3941 2523
3942 2524
3943 2523
3944 2523
3945 2523
3946 2523
3947 2523
3948 2522
3949 2523
3950 2522
3951 2523
3952 2523
3953 2523
3954 2523
3955 2523
3956 2523
3957 2523
3958 2527
3959 2521
3960 2520
3961 2522
3962 2522
3963 2523
3964 2523
3965 2524
3966 2524
3967 2522
3968 2524
3969 2523
3970 2524
3971 2523
3972 2521
3973 2521
3974 2522
3975 2523
3976 2523
3977 2524
3978 2525
3979 2524
3980 2522
3981 2525
3982 2527
3983 2528
3984 2532
3985 2533
3986 2534
3987 2533
3988 2532
3989 2533
3990 2535
3991 2537
3992 2539
3993 2544
3994 2544
3995 2542
3996 2543
3997 2549
3998 2549
3999 2549
4000 2535
4001 2537
4002 2540
4003 2537
4004 2538
4005 2537
4006 2534
4007 2534
4008 2534
4009 2531
4010 2529
4011 2532
4012 2527
4013 2526
4014 2526
4015 2524
4016 2523
4017 2524
4018 2523
4019 2520
4020 2519
4021 2520
4022 2517
4023 2517
4024 2519
4025 2519
4026 2518
4027 2518
4028 2518
4029 2518
4030 2517
4031 2518
4032 2517
4033 2518
4034 2517
4035 2517
4036 2517
4037 2516
4038 2517
4039 2531
4040 2515
4041 2515
4042 2515
4043 2515
4044 2530
4045 2530
4046 2515
4047 2516
4048 2515
4049 2515
4050 2515
4051 2530
4052 2517
4053 2517
4054 2518
4055 2531
4056 2531
4057 2530
4058 2519
4059 2516
4060 2517
4061 2520
4062 2517
4063 2518
4064 2531
4065 2529
4066 2522
4067 2519
4068 2518
4069 2519
4070 2521
4071 2519
4072 2519
4073 2519
4074 2528
4075 2520
4076 2522
4077 2519
4078 2519
4079 2519
4080 2518
4081 2519
4082 2518
4083 2519
4084 2520
4085 2523
4086 2517
4087 2516
4088 2519
4089 2518
4090 2516
4091 2516
4092 2517
4093 2517
4094 2517
4095 2533
4096 2517
4097 2517
4098 2518
4099 2518
4100 2518
4101 2518
4102 2518
4103 2518
4104 2517
4105 2518
4106 2520
4107 2518
4108 2518
4109 2517
4110 2517
4111 2517
4112 2517
4113 2518
4114 2520
4115 2517
4116 2518
4117 2517
4118 2518
4119 2517
4120 2517
4121 2518
4122 2519
4123 2523
4124 2517
4125 2531
4126 2518
4127 2530
4128 2531
4129 2535
4130 2519
4131 2532
4132 2519
4133 2519
4134 2519
4135 2518
4136 2519
4137 2518
4138 2519
4139 2521
4140 2519
4141 2521
4142 2518
4143 2519
4144 2518
4145 2518
4146 2523
4147 2518
4148 2519
4149 2518
4150 2521
4151 2520
4152 2519
4153 2521
4154 2523
4155 2522
4156 2522
4157 2524
4158 2524
4159 2522
4160 2522
4161 2523
4162 2524
4163 2523
4164 2523
4165 2524
4166 2524
4167 2523
4168 2524
4169 2523
4170 2523
4171 2523
4172 2523
4173 2523
4174 2524
4175 2524
4176 2524
4177 2524
4178 2527
4179 2524
4180 2525
4181 2525
4182 2524
4183 2524
4184 2523
4185 2523
4186 2523
4187 2523
4188 2523
4189 2523
4190 2523
4191 2523
4192 2524
4193 2523
4194 2523
4195 2523
4196 2523
4197 2523
4198 2523
4199 2523
4200 2523
4201 2523
4202 2523
4203 2523
4204 2524
4205 2524
4206 2523
4207 2523
4208 2524
4209 2523
4210 2524
4211 2524
4212 2524
4213 2524
4214 2524
4215 2524
4216 2523
4217 2523
4218 2523
4219 2523
4220 2523
4221 2524
4222 2531
4223 2525
4224 2524
4225 2524
4226 2523
4227 2523
4228 2523
4229 2522
4230 2522
4231 2523
4232 2523
4233 2523
4234 2523
4235 2523
4236 2526
4237 2525
4238 2524
4239 2524
4240 2525
4241 2525
4242 2525
4243 2524
4244 2525
4245 2525
4246 2526
4247 2525
4248 2526
4249 2526
4250 2526
4251 2526
4252 2525
4253 2525
4254 2525
4255 2525
4256 2527
4257 2524
4258 2526
4259 2523
4260 2523
4261 2524
4262 2525
4263 2525
4264 2521
4265 2522
4266 2524
4267 2523
4268 2524
4269 2529
4270 2524
4271 2524
4272 2525
4273 2524
4274 2524
4275 2522
4276 2525
4277 2525
4278 2524
4279 2523
4280 2523
4281 2525
4282 2525
4283 2523
4284 2523
4285 2524
4286 2523
4287 2522
4288 2522
4289 2522
4290 2522
4291 2522
4292 2524
4293 2522
4294 2523
4295 2522
4296 2524
4297 2523
4298 2523
4299 2523
4300 2524
4301 2523
4302 2522
4303 2522
4304 2522
4305 2525
4306 2525
4307 2526
4308 2525
4309 2524
4310 2523
4311 2524
4312 2524
4313 2523
4314 2522
4315 2522
4316 2522
4317 2522
4318 2521
4319 2521
4320 2521
4321 2521
4322 2521
4323 2525
4324 2522
4325 2521
4326 2522
4327 2523
4328 2522
4329 2522
4330 2522
4331 2522
4332 2523
4333 2522
4334 2522
4335 2521
4336 2520
4337 2521
4338 2521
4339 2522
4340 2521
4341 2521
4342 2521
4343 2521
4344 2522
4345 2522
4346 2522
4347 2522
4348 2522
4349 2521
4350 2522
4351 2523
4352 2525
4353 2523
4354 2524
4355 2523
4356 2523
4357 2523
4358 2523
4359 2524
4360 2523
4361 2523
4362 2524
4363 2524
4364 2523
4365 2523
4366 2523
4367 2523
4368 2523
4369 2523
4370 2523
4371 2524
4372 2523
4373 2524
4374 2524
4375 2524
4376 2524
4377 2524
4378 2523
4379 2524
4380 2523
4381 2529
4382 2524
4383 2525
4384 2525
4385 2527
4386 2526
4387 2525
4388 2524
4389 2524
4390 2525
4391 2525
4392 2525
4393 2525
4394 2531
4395 2530
4396 2526
4397 2525
4398 2527
4399 2525
4400 2524
4401 2526
4402 2525
4403 2526
4404 2525
4405 2525
4406 2526
4407 2526
4408 2525
4409 2525
4410 2525
4411 2525
4412 2526
4413 2526
4414 2525
4415 2526
4416 2526
4417 2526
4418 2526
4419 2525
4420 2525
4421 2525
4422 2526
4423 2525
4424 2525
4425 2525
4426 2526
4427 2526
4428 2526
4429 2526
4430 2525
4431 2526
4432 2526
4433 2526
4434 2526
4435 2527
4436 2526
4437 2526
4438 2526
4439 2526
4440 2527
4441 2527
4442 2529
4443 2531
4444 2526
4445 2526
4446 2526
4447 2526
4448 2526
4449 2528
4450 2528
4451 2526
4452 2526
4453 2526
4454 2526
4455 2530
4456 2530
4457 2529
4458 2526
4459 2524
4460 2530
4461 2527
4462 2524
4463 2529
4464 2529
4465 2528
4466 2527
4467 2529
4468 2528
4469 2527
4470 2530
4471 2526
4472 2530
4473 2530
4474 2529
4475 2530
4476 2527
4477 2530
4478 2527
4479 2527
4480 2530
4481 2527
4482 2528
4483 2527
4484 2526
4485 2527
4486 2528
4487 2531
4488 2531
4489 2532
4490 2533
4491 2529
4492 2529
4493 2533
4494 2529
4495 2530
4496 2529
4497 2530
4498 2530
4499 2530
4500 2531
4501 2530
4502 2531
4503 2531
4504 2530
4505 2530
4506 2529
4507 2529
4508 2529
4509 2531
4510 2528
4511 2530
4512 2531
4513 2528
4514 2527
4515 2527
4516 2530
4517 2529
4518 2528
4519 2528
4520 2528
4521 2528
4522 2528
4523 2528
4524 2528
4525 2527
4526 2527
4527 2527
4528 2527
4529 2528
4530 2528
4531 2528
4532 2528
4533 2527
4534 2531
4535 2530
4536 2528
4537 2527
4538 2528
4539 2527
4540 2529
4541 2528
4542 2528
4543 2528
4544 2526
4545 2524
4546 2524
4547 2535
4548 2524
4549 2525
4550 2525
4551 2526
4552 2526
4553 2527
4554 2527
4555 2528
4556 2528
4557 2532
4558 2528
4559 2528
4560 2526
4561 2525
4562 2526
4563 2526
4564 2526
4565 2526
4566 2527
4567 2526
4568 2525
4569 2524
4570 2524
4571 2523
4572 2528
4573 2523
4574 2528
4575 2524
4576 2523
4577 2526
4578 2527
4579 2524
4580 2524
4581 2523
4582 2523
4583 2523
4584 2523
4585 2523
4586 2523
4587 2522
4588 2527
4589 2525
4590 2522
4591 2522
4592 2522
4593 2523
4594 2523
4595 2523
4596 2522
4597 2523
4598 2530
4599 2523
4600 2524
4601 2523
4602 2529
4603 2530
4604 2524
4605 2525
4606 2525
4607 2524
4608 2525
4609 2524
4610 2524
4611 2524
4612 2524
4613 2526
4614 2526
4615 2526
4616 2525
4617 2528
4618 2521
4619 2525
4620 2529
4621 2529
4622 2521
4623 2527
4624 2527
4625 2524
4626 2524
4627 2524
4628 2527
4629 2523
4630 2526
4631 2525
4632 2527
4633 2523
4634 2523
4635 2526
4636 2523
4637 2523
4638 2529
4639 2523
4640 2523
4641 2523
4642 2526
4643 2522
4644 2523
4645 2523
4646 2522
4647 2521
4648 2521
4649 2521
4650 2521
4651 2521
4652 2521
4653 2521
4654 2520
4655 2521
4656 2521
4657 2521
4658 2521
4659 2523
4660 2520
4661 2520
4662 2524
4663 2525
4664 2520
4665 2520
4666 2520
4667 2521
4668 2521
4669 2521
4670 2523
4671 2522
4672 2522
4673 2522
4674 2522
4675 2519
4676 2520
4677 2519
4678 2519
4679 2522
4680 2522
4681 2521
4682 2520
4683 2520
4684 2520
4685 2520
4686 2520
4687 2520
4688 2519
4689 2519
4690 2519
4691 2519
4692 2521
4693 2520
4694 2519
4695 2519
4696 2519
4697 2520
4698 2523
4699 2523
4700 2521
4701 2521
4702 2522
4703 2520
4704 2519
4705 2518
4706 2518
4707 2518
4708 2518
4709 2518
4710 2518
4711 2518
4712 2518
4713 2518
4714 2518
4715 2528
4716 2528
4717 2518
4718 2518
4719 2518
4720 2518
4721 2518
4722 2518
4723 2518
4724 2519
4725 2518
4726 2518
4727 2518
4728 2518
4729 2518
4730 2519
4731 2518
4732 2519
4733 2519
4734 2519
4735 2519
4736 2519
4737 2520
4738 2520
4739 2520
4740 2520
4741 2521
4742 2522
4743 2522
4744 2523
4745 2522
4746 2522
4747 2522
4748 2521
4749 2525
4750 2524
4751 2519
4752 2520
4753 2526
4754 2521
4755 2519
4756 2519
4757 2519
4758 2519
4759 2519
4760 2518
4761 2520
4762 2522
4763 2519
4764 2519
5100 2508
5101 2507
5102 2507
5103 2507
5104 2510
5105 2512
5106 2511
5107 2509
5108 2507
5109 2506
5110 2506
5111 2514
5112 2507
5113 2515
5114 2515
5115 2506
5116 2506
5117 2506
5118 2506
5119 2506
5120 2507
5121 2508
5122 2508
5123 2509
5124 2508
5125 2508
5126 2507
5127 2507
5128 2507
5129 2508
5130 2507
5131 2508
5132 2508
5133 2508
5134 2515
5135 2511
5136 2507
5137 2507
5138 2508
5139 2508
5140 2511
5141 2508
5142 2511
5143 2506
5144 2508
5145 2508
5146 2508
5147 2508
5148 2509
5149 2508
5150 2507
5151 2507
5152 2508
5153 2508
5154 2508
5155 2509
5156 2514
5157 2514
5158 2510
5159 2511
5160 2511
5161 2511
5162 2511
5163 2510
5164 2511
5165 2511
5166 2511
5167 2511
5168 2511
5169 2511
5170 2511
5171 2514
5172 2509
5173 2509
5174 2509
5175 2509
5176 2509
5177 2510
5178 2509
5179 2509
5180 2509
5181 2509
5182 2510
5183 2509
5184 2509
5185 2509
5186 2509
5187 2509
5188 2509
5189 2509
5190 2509
5191 2509
5192 2509
5193 2509
5194 2510
5195 2509
5196 2510
5197 2510
5198 2510
5199 2510
5200 2509
5201 2508
5202 2509
5203 2509
5204 2509
5205 2511
5206 2510
5207 2510
5208 2509
5209 2509
5210 2509
5211 2510
5212 2510
5213 2508
5214 2509
5215 2512
5216 2510
5217 2511
5218 2511
5219 2510
5220 2510
5221 2510
5222 2512
5223 2511
5224 2509
5225 2515
5226 2511
5227 2511
5228 2511
5229 2514
5230 2514
5231 2512
5232 2511
5233 2510
5234 2511
5235 2513
5236 2510
5237 2512
5238 2513
5239 2518
5240 2514
5241 2510
5242 2510
5243 2510
5244 2510
5245 2511
5246 2511
5247 2512
5248 2512
5249 2513
5250 2510
5251 2511
5252 2512
5253 2512
5254 2511
5255 2511
5256 2511
5257 2510
5258 2510
5259 2511
5260 2511
5261 2511
5262 2511
5263 2511
5264 2510
5265 2511
5266 2510
5267 2513
5268 2512
5269 2513
5270 2510
5271 2511
5272 2514
5273 2511
5274 2510
5275 2509
5276 2510
5277 2510
5278 2510
5279 2511
5280 2508
5281 2509
5282 2510
5283 2509
5284 2509
5285 2509
5286 2511
5287 2509
5288 2508
5289 2508
5290 2508
5291 2507
5292 2508
5293 2507
5294 2507
5295 2508
5296 2508
5297 2508
5298 2508
5299 2509
5300 2508
5301 2509
5302 2508
5303 2508
5304 2508
5305 2507
5306 2508
5307 2508
5308 2509
5309 2508
5310 2509
5311 2507
5312 2508
5313 2507
5314 2508
5315 2508
5316 2508
5317 2507
5318 2507
5319 2508
5320 2511
5321 2510
5322 2509
5323 2505
5324 2507
5325 2508
5326 2509
5327 2515
5328 2508
5329 2511
5330 2508
5331 2509
5332 2509
5333 2511
5334 2508
5335 2510
5336 2507
5337 2505
5338 2507
5339 2507
5340 2507
5341 2507
5342 2507
5343 2507
5344 2508
5345 2508
5346 2508
5347 2508
5348 2508
5349 2508
5350 2508
5351 2508
5352 2508
5353 2509
5354 2508
5355 2512
5356 2509
5357 2505
5358 2506
5359 2506
5360 2509
5361 2507
5362 2509
5363 2507
5364 2507
5365 2507
5366 2507
5367 2507
5368 2507
5369 2507
5370 2507
5371 2507
5372 2507
5373 2507
5374 2507
5375 2507
5376 2507
5377 2507
5378 2507
5379 2507
5380 2506
5381 2506
5382 2506
5383 2506
5384 2506
5385 2506
5386 2506
5387 2506
5388 2506
5389 2506
5390 2506
5391 2506
5392 2506
5393 2506
5394 2506
5395 2506
5396 2506
5397 2506
5398 2506
5399 2506
5400 2506
5401 2506
5402 2506
5403 2507
5404 2507
5405 2506
5406 2506
5407 2506
5408 2506
5409 2506
5410 2506
5411 2506
5412 2506
5413 2506
5414 2506
5415 2506
5416 2506
5417 2507
5418 2506
5419 2506
5420 2506
5421 2506
5422 2506
5423 2506
5424 2506
5425 2506
5426 2506
5427 2506
5428 2506
5429 2506
5430 2506
5431 2506
5432 2506
5433 2506
5434 2506
5435 2506
5436 2506
5437 2506
5438 2506
5439 2506
5440 2506
5441 2505
5442 2505
5443 2506
5444 2507
5445 2509
5446 2513
5447 2507
5448 2516
5449 2516
5450 2515
5451 2514
5452 2516
5453 2516
5454 2516
5455 2514
5456 2511
5457 2512
5458 2507
5459 2502
5460 2505
5461 2505
5462 2504
5463 2505
5464 2505
5465 2506
5466 2505
5467 2514
5468 2506
5469 2505
5470 2505
5471 2504
5472 2505
5473 2505
5474 2505
5475 2505
5476 2505
5477 2509
5478 2505
5479 2507
5480 2507
5481 2507
5482 2506
5483 2507
5484 2505
5485 2503
5486 2504
5487 2504
5488 2504
5489 2504
5490 2504
5491 2504
5492 2504
5493 2503
5494 2504
5495 2503
5496 2504
5497 2507
5498 2506
5499 2503
5500 2503
5501 2504
5502 2503
5503 2503
5504 2503
5505 2502
5506 2503
5507 2505
5508 2503
5509 2503
5510 2503
5511 2502
5512 2502
5513 2505
5514 2502
5515 2502
5516 2502
5517 2502
5518 2502
5519 2502
5520 2502
5521 2502
5522 2503
5523 2504
5524 2502
5525 2502
5526 2502
5527 2502
5528 2502
5529 2502
5530 2502
5531 2501
5532 2501
5533 2501
5534 2501
5535 2501
5536 2502
5537 2501
5538 2499
5539 2499
5540 2499
5541 2499
5542 2499
5543 2500
5544 2504
5545 2500
5546 2501
5547 2499
5548 2499
5549 2499
5550 2500
5551 2499
5552 2499
5553 2498
5554 2498
5555 2499
5556 2498
5557 2498
5558 2498
5559 2498
5560 2498
5561 2499
5562 2499
5563 2498
5564 2498
5565 2498
5566 2498
5567 2496
5568 2497
5569 2497
5570 2497
5571 2496
5572 2496
5573 2496
5574 2496
5575 2496
5576 2496
5577 2496
5578 2496
5579 2496
5580 2496
5581 2496
5582 2496
5583 2496
5584 2495
5585 2495
5586 2496
5587 2495
5588 2495
5589 2495
5590 2495
5591 2495
5592 2495
5593 2495
5594 2495
5595 2495
5596 2496
5597 2496
5598 2495
5599 2495
5600 2495
5601 2495
5602 2495
5603 2496
5604 2495
5605 2496
5606 2496
5607 2495
5608 2495
5609 2496
5610 2495
5611 2495
5612 2495
5613 2495
5614 2495
5615 2495
5616 2495
5617 2495
5618 2495
5619 2495
5620 2495
5621 2495
5622 2495
5623 2495
5624 2495
5625 2495
5626 2495
5627 2495
5628 2495
5629 2495
5630 2495
5631 2495
5632 2495
5633 2495
5634 2495
5635 2495
5636 2495
5637 2496
5638 2496
5639 2495
5640 2495
5641 2495
5642 2496
5643 2495
5644 2496
5645 2495
5646 2495
5647 2495
5648 2495
5649 2495
5650 2495
5651 2495
5652 2495
5653 2496
5654 2496
5655 2495
5656 2496
5657 2495
5658 2495
5659 2495
5660 2496
5661 2496
5662 2495
5663 2495
5664 2495
5665 2495
5666 2495
5667 2495
5668 2495
5669 2495
5670 2495
5671 2495
5672 2495
5673 2495
5674 2495
5675 2495
5676 2495
5677 2495
5678 2495
5679 2495
5680 2496
5681 2496
5682 2495
5683 2496
5684 2496
5685 2495
5686 2496
5687 2496
5688 2496
5689 2496
5690 2496
5691 2496
5692 2496
5693 2495
5694 2496
5695 2495
5696 2496
5697 2496
5698 2496
5699 2496
5700 2495
5701 2496
5702 2495
5703 2496
5704 2496
5705 2495
5706 2495
5707 2496
5708 2496
5709 2495
5710 2495
5711 2495
5712 2496
5713 2496
5714 2496
5715 2495
5716 2495
5717 2496
5718 2495
5719 2495
5720 2495
5721 2495
5722 2495
5723 2496
5724 2495
5725 2495
5726 2495
5727 2495
5728 2495
5729 2495
5730 2495
5731 2495
5732 2495
5733 2495
5734 2495
5735 2495
5736 2495
5737 2495
5738 2495
5739 2495
5740 2495
5741 2495
5742 2496
5743 2495
5744 2495
5745 2495
5746 2495
5747 2495
5748 2495
5749 2495
5750 2495
5751 2495
5752 2495
5753 2495
5754 2495
5755 2495
5756 2495
5757 2495
5758 2495
5759 2495
5760 2495
5761 2495
5762 2495
5763 2495
5764 2495
5765 2495
5766 2495
5767 2495
5768 2495
5769 2495
5770 2495
5771 2495
5772 2495
5773 2495
5774 2495
5775 2495
5776 2495
5777 2495
5778 2496
5779 2496
5780 2497
5781 2501
5782 2502
5783 2500
5784 2500
5785 2500
5786 2498
5787 2504
5788 2496
5789 2496
5790 2496
5791 2496
5792 2496
5793 2496
5794 2497
5795 2501
5796 2502
5797 2498
5798 2496
5799 2496
5800 2497
5801 2504
5802 2503
5803 2496
5804 2497
5805 2497
5806 2497
5807 2496
5808 2496
5809 2496
5810 2496
5811 2496
5812 2496
5813 2496
5814 2500
5815 2496
5816 2496
5817 2496
5818 2495
5819 2497
5820 2498

