2 2394
3 2395
4 2394
5 2394
6 2394
7 2395
8 2396
9 2396
10 2393
11 2392
12 2396
13 2391
14 2390
15 2390
16 2394
17 2391
18 2390
19 2395
20 2397
21 2389
22 2392
23 2391
24 2391
25 2390
26 2387
27 2387
28 2387
29 2387
30 2386
31 2386
32 2386
33 2386
34 2386
35 2386
36 2385
37 2385
38 2385
39 2385
40 2385
41 2385
42 2385
43 2384
44 2384
45 2384
46 2385
47 2384
48 2384
49 2385
50 2389
51 2386
52 2385
53 2384
54 2385
55 2381
56 2382
57 2382
58 2382
59 2382
60 2382
61 2382
62 2382
63 2382
64 2382
65 2382
66 2385
67 2383
68 2384
69 2383
70 2383
71 2383
72 2383
73 2383
74 2383
75 2383
76 2384
77 2385
78 2385
79 2384
80 2384
81 2384
82 2384
83 2385
84 2385
85 2384
86 2384
87 2384
88 2384
89 2384
90 2384
91 2384
92 2384
93 2384
94 2384
95 2384
96 2384
97 2384
98 2384
99 2384
100 2384
101 2384
102 2384
103 2384
104 2384
105 2384
106 2384
107 2384
108 2384
109 2385
110 2389
111 2388
1045 2307
1046 2307
1047 2307
1048 2312
1049 2313
1050 2307
1051 2307
1052 2308
1053 2310
1054 2313
1055 2312
1056 2313
1057 2309
1058 2305
1059 2305
1060 2305
1061 2312
1062 2305
1063 2307
1064 2307
1065 2308
1066 2307
1067 2308
1068 2308
1069 2309
1070 2308
1071 2309
1072 2309
1073 2308
1074 2310
1075 2310
1076 2310
1077 2316
1078 2311
1079 2317
1080 2312
1081 2314
1082 2315
1083 2316
1084 2317
1085 2317
1086 2313
1087 2312
1088 2312
1089 2316
1090 2312
1091 2312
1092 2313
1093 2314
1094 2315
1095 2316
1096 2312
1097 2313
1098 2312
1099 2313
1100 2314
1101 2315
1102 2316
1103 2315
1104 2317
1105 2316
1106 2317
1107 2314
1108 2314
1109 2314
1110 2315
1111 2316
1112 2316
1113 2316
1114 2315
1115 2317
1116 2316
1117 2316
1118 2319
1119 2317
1120 2319
1121 2320
1122 2319
1123 2318
1124 2317
1125 2316
1126 2317
1127 2316
1128 2317
1129 2317
1130 2317
1131 2316
1132 2318
1133 2316
1134 2316
1135 2315
1136 2316
1137 2317
1138 2318
1139 2319
1140 2317
1141 2321
1142 2316
1143 2320
1144 2322
1145 2315
1146 2315
1147 2315
1148 2316
1149 2324
1150 2316
1151 2318
1152 2317
1153 2317
1154 2317
1155 2315
1156 2320
1157 2318
1158 2318
1159 2316
1160 2317
1161 2324
1162 2321
1163 2315
1164 2315
1165 2315
1166 2314
1167 2312
1168 2313
1169 2313
1170 2314
1171 2313
1172 2312
1173 2310
1174 2311
1175 2312
1176 2310
1177 2310
1178 2311
1179 2311
1180 2310
1181 2310
1182 2309
1183 2309
1184 2316
1185 2311
1186 2309
1187 2309
1188 2309
1189 2309
1190 2308
1191 2312
1192 2307
1193 2311
1194 2309
1195 2312
1196 2325
1197 2310
1198 2310
1199 2310
1200 2319
1201 2309
1202 2309
1203 2307
1204 2308
1205 2307
1206 2307
1207 2307
1208 2306
1209 2307
1210 2305
1211 2306
1212 2306
1213 2306
1214 2306
1215 2305
1216 2305
1217 2306
1218 2307
1219 2306
1220 2305
1221 2305
1222 2304
1223 2304
1224 2309
1225 2307
1226 2304
1227 2308
1228 2304
1229 2307
1230 2304
1231 2305
1232 2305
1233 2304
1234 2304
1235 2304
1236 2304
1237 2304
1238 2304
1239 2304
1240 2305
1241 2306
1242 2306
1243 2307
1244 2306
1245 2305
1246 2306
1247 2304
1248 2307
1249 2304
1250 2305
1251 2306
1252 2305
1253 2305
1254 2305
1255 2304
1256 2306
1257 2306
1258 2305
1259 2306
1260 2306
1261 2307
1262 2305
1263 2305
1264 2307
1265 2306
1266 2306
1267 2307
1268 2307
1269 2310
1270 2305
1271 2308
1272 2306
1273 2307
1274 2306
1275 2306
1276 2306
1277 2306
1278 2307
1279 2306
1280 2306
1281 2305
1282 2306
1283 2304
1284 2303
1285 2305
1286 2305
1287 2304
1288 2304
1289 2305
1290 2304
1291 2305
1292 2306
1293 2305
1294 2305
1295 2305
1296 2305
1297 2305
1298 2305
1299 2309
1300 2305
1301 2304
1302 2305
1303 2304
1304 2305
1305 2306
1306 2308
1307 2305
1308 2305
1309 2305
1310 2314
1311 2305
1312 2306
1313 2308
1314 2306
1315 2303
1316 2310
1317 2309
1318 2302
1319 2305
1320 2302
1321 2307
1322 2305
1323 2306
1324 2312
1325 2306
1326 2302
1327 2303
1328 2303
1329 2303
1330 2302
1331 2303
1332 2301
1333 2303
1334 2310
1335 2310
1336 2312
1337 2300
1338 2301
1339 2302
1340 2300
1341 2301
1342 2302
1343 2306
1344 2301
1345 2301
1346 2301
1347 2306
1348 2300
1349 2300
1350 2305
1351 2301
1352 2300
1353 2300
1354 2300
1355 2301
1356 2302
1357 2300
1358 2303
1359 2303
1360 2300
1361 2300
1362 2299
1363 2299
1364 2302
1365 2299
1366 2303
1367 2300
1368 2300
1369 2299
1370 2299
1371 2299
1372 2299
1373 2299
1374 2299
1375 2299
1376 2301
1377 2299
1378 2302
1379 2299
1380 2299
1381 2299
1382 2298
1383 2302
1384 2300
1385 2301
1386 2303
1387 2304
1388 2300
1389 2301
1390 2300
1391 2301
1392 2300
1393 2301
1394 2300
1395 2299
1396 2300
1397 2299
1398 2297
1399 2298
1400 2298
1401 2298
1402 2297
1403 2298
1404 2298
1405 2297
1406 2296
1407 2296
1408 2296
1409 2297
1410 2297
1411 2296
1412 2296
1413 2296
1414 2298
1415 2296
1416 2296
1417 2296
1418 2296
1419 2295
1420 2295
1421 2306
1422 2295
1423 2295
1424 2295
1425 2296
1426 2296
1427 2296
1428 2295
1429 2295
1430 2298
1431 2294
1432 2296
1433 2298
1434 2294
1435 2294
1436 2294
1437 2294
1438 2294
1439 2294
1440 2295
1441 2294
1442 2294
1443 2293
1444 2293
1445 2296
1446 2293
1447 2293
1448 2296
1449 2293
1450 2293
1451 2294
1452 2293
1453 2293
1454 2293
1455 2292
1456 2292
1457 2292
1458 2293
1459 2293
1460 2296
1461 2292
1462 2292
1463 2292
1464 2292
1465 2293
1466 2292
1467 2297
1468 2297
1469 2295
1470 2294
1471 2292
1472 2291
1473 2291
1474 2296
1475 2295
1476 2292
1477 2292
1478 2292
1479 2293
1480 2293
1481 2293
1482 2295
1483 2292
1484 2293
1485 2298
1486 2292
1487 2292
1488 2292
1489 2293
1490 2292
1491 2293
1492 2293
1493 2292
1494 2292
1495 2292
1496 2302
1497 2307
1498 2291
1499 2296
1500 2301
1501 2302
1502 2293
1503 2294
1504 2294
1505 2291
1506 2295
1507 2293
1508 2299
1509 2294
1510 2292
1511 2291
1512 2293
1513 2295
1514 2292
1515 2292
1516 2292
1517 2291
1518 2291
1519 2290
1520 2292
1521 2296
1522 2291
1523 2292
1524 2291
1525 2291
1526 2291
1527 2291
1528 2294
1529 2296
1530 2296
1531 2291
1532 2291
1533 2292
1534 2291
1535 2291
1536 2291
1537 2290
1538 2300
1539 2290
1540 2293
1541 2296
1542 2291
1543 2295
1544 2294
1545 2292
1546 2291
1547 2293
1548 2291
1549 2293
1550 2291
1551 2289
1552 2290
1553 2289
1554 2290
1555 2293
1556 2293
1557 2291
1558 2291
1559 2291
1560 2290
1561 2290
1562 2290
1563 2291
1564 2291
1565 2291
1566 2290
1567 2289
1568 2291
1569 2288
1570 2289
1571 2289
1572 2288
1573 2289
1574 2289
1575 2289
1576 2290
1577 2286
1578 2285
1579 2287
1580 2286
1581 2294
1582 2293
1583 2281
1584 2291
1585 2286
1586 2295
1587 2279
1588 2288
1589 2299
1590 2287
1591 2287
1592 2285
1593 2278
1594 2288
1595 2278
1596 2292
1597 2284
1598 2286
1599 2275
1600 2278
1601 2274
1602 2275
1603 2275
1604 2276
1605 2275
1606 2281
1607 2271
1608 2271
1609 2278
1610 2267
1611 2273
1612 2272
1613 2270
1614 2277
1615 2274
1616 2267
1617 2267
1618 2270
1619 2267
1620 2265
1621 2273
1622 2269
1623 2269
1624 2268
1625 2274
1626 2277
1627 2275
1628 2261
1629 2266
1630 2270
1631 2258
1632 2268
1633 2265

1061 2392
1062 2392
1063 2393
1064 2403
1065 2394
1066 2404
1067 2391
1068 2399
1069 2402
1070 2394
1071 2394
1072 2393
1073 2394
1074 2400
1075 2394
1076 2400
1077 2400
1078 2397
1079 2397
1080 2406
1081 2399
1082 2397
1083 2405
1084 2404
1085 2398
1086 2409
1087 2405
1088 2407
1089 2401
1090 2409
1091 2408
1092 2404
1093 2402
1094 2414
1095 2408
1096 2405
1097 2415
1098 2404
1099 2417
1100 2405
1101 2405
1102 2410
1103 2408
1104 2409
1105 2417
1106 2412
1107 2411
1108 2419
1109 2410
1110 2420
1111 2409
1112 2410
1113 2422
1114 2423
1115 2411
1116 2412
1117 2422
1118 2413
1119 2419
1120 2418
1121 2426
1122 2415
1123 2416
1124 2419
1125 2419
1126 2416
1127 2426
1128 2425
1129 2417
1130 2431
1131 2428
1132 2419
1133 2419
1134 2419
1135 2420
1136 2420
1137 2428
1138 2425
1139 2432
1140 2427
1141 2436
1142 2436
1143 2429
1144 2431
1145 2431
1146 2432
1147 2431
1148 2428
1149 2432
1150 2435
1151 2428
1152 2431
1153 2434
1154 2439
1155 2436
1156 2435
1157 2439
1158 2437
1159 2436
1160 2432
1161 2430
1162 2438
1163 2438
1164 2442
1165 2434
1166 2429
1167 2428
1168 2428
1169 2438
1170 2433
1171 2428
1172 2435
1173 2426
1174 2437
1175 2433
1176 2426
1177 2426
1178 2428
1179 2425
1180 2431
1181 2426
1182 2429
1183 2433
1184 2426
1185 2425
1186 2432
1187 2424
1188 2426
1189 2428
1190 2431
1191 2428
1192 2434
1193 2424
1194 2424
1195 2432
1196 2427
1197 2424
1198 2423
1199 2431
1200 2428
1201 2426
1202 2426
1203 2426
1204 2423
1205 2424
1206 2433
1207 2427
1208 2425
1209 2431
1210 2426
1211 2424
1212 2429
1213 2429
1214 2429
1215 2420
1216 2432
1217 2428
1218 2422
1219 2420
1220 2422
1221 2429
1222 2424
1223 2424
1224 2430
1225 2420
1226 2430
1227 2425
1228 2422
1229 2424
1230 2415
1231 2425
1232 2423
1233 2425
1234 2426
1235 2414
1236 2419
1237 2423
1238 2426
1239 2427
1240 2423
1241 2415
1242 2422
1243 2417
1244 2423
1245 2421
1246 2422
1247 2418
1248 2412
1249 2421
1250 2423
1251 2415
1252 2413
1253 2421
1254 2420
1255 2414
1256 2421
1257 2416
1258 2414
1259 2414
1260 2415
1261 2415
1262 2418
1263 2422
1264 2421
1265 2420
1266 2412
1267 2412
1268 2422
1269 2418
1270 2412
1271 2419
1272 2411
1273 2413
1274 2416
1275 2409
1276 2409
1277 2410
1278 2406
1279 2420
1280 2410
1281 2419
1282 2412
1283 2416
1284 2411
1285 2414
1286 2406
1287 2412
1288 2412
1289 2407
1290 2412
1291 2408
1292 2409
1293 2417
1294 2407
1295 2412
1296 2414
1297 2411
1298 2409
1299 2413
1300 2410
1301 2405
1302 2405
1303 2405
1304 2410
1305 2410
1306 2405
1307 2413
1308 2411
1309 2402
1310 2404
1311 2410
1312 2408
1313 2404
1314 2404
1315 2405
1316 2402
1317 2407
1318 2407
1319 2410
1320 2413
1321 2405
1322 2411
1323 2403
1324 2404
1325 2408
1326 2403
1327 2402
1328 2410
1329 2402
1330 2401
1331 2402
1332 2400
1333 2407
1334 2406
1335 2407
1336 2404
1337 2402
1338 2411
1339 2401
1340 2402
1341 2401
1342 2403
1343 2402
1344 2402
1345 2399
1346 2403
1347 2398
1348 2397
1349 2402
1350 2404
1351 2396
1352 2401
1353 2398
1354 2404
1355 2403
1356 2401
1357 2407
1358 2398
1359 2396
1360 2398
1361 2404
1362 2395
1363 2402
1364 2407
1365 2394
1366 2403
1367 2394
1368 2400
1369 2394
1370 2401
1371 2402
1372 2396
1373 2399
1374 2400
1375 2395
1376 2396
1377 2395
1378 2394
1379 2394
1380 2393
1381 2392
1382 2395
1383 2396
1384 2392
1385 2394
1386 2393
1387 2395
1388 2391
1389 2397
1390 2396
1391 2397
1392 2392
1393 2391
1394 2393
1395 2392
1396 2399
1397 2401
1398 2398
1399 2395
1400 2395
1401 2394
1402 2394
1403 2394
1404 2395
1405 2395
1406 2394
1407 2393
1408 2391
1409 2394
1410 2396
1411 2402
1412 2389
1413 2394
1414 2390
1415 2394
1416 2398
1417 2402
1418 2397
1419 2398
1420 2392
1421 2393
1422 2392
1423 2388
1424 2390
1425 2396
1426 2391
1427 2398
1428 2394
1429 2394
1430 2394
1431 2396
1432 2394
1433 2401
1434 2399
1435 2395
1436 2401
1437 2397
1438 2396
1439 2397
1440 2397
1441 2396
1442 2398
1443 2396
1444 2396
1445 2399
1446 2396
1447 2395
1448 2397
1449 2398
1450 2388
1451 2392
1452 2395
1453 2389
1454 2393
1455 2395
1456 2397
1457 2396
1458 2390
1459 2391
1460 2398
1461 2395
1462 2399
1463 2399
1464 2395
1465 2394
1466 2394
1467 2391
1468 2398
1469 2392
1470 2398
1471 2394
1472 2395
1473 2390
1474 2397
1475 2387
1476 2388
1477 2390
1478 2388
1479 2395
1480 2389
1481 2395
1482 2387
1483 2396
1484 2388
1485 2396
1486 2396
1487 2388
1488 2388
1489 2395
1490 2388
1491 2397
1492 2388
1493 2389
1494 2386
1495 2391
1496 2387
1497 2391
1498 2393
1499 2388
1500 2385
1501 2386
1502 2391
1503 2391
1504 2395
1505 2388
1506 2393
1507 2396
1508 2391
1509 2386
1510 2383
1511 2385
1512 2393
1513 2389
1514 2394
1515 2391
1516 2385
1517 2385
1518 2384
1519 2390
1520 2386
1521 2388
1522 2392
1523 2392
1524 2384
1525 2386
1526 2386
1527 2390
1528 2389
1529 2385
1530 2389
1531 2387
1532 2385
1533 2386
1534 2384
1535 2383
1536 2384
1537 2388
1538 2388
1539 2388
1540 2384
1541 2383
1542 2382
1543 2386
1544 2386
1545 2386
1546 2386
1547 2385
1548 2382
1549 2381
1550 2382
1551 2380
1552 2379
1553 2383
1554 2377
1555 2379
1556 2378
1557 2377
1558 2376
1559 2375
1560 2374
1561 2375
1562 2373
1563 2374
1564 2372
1565 2372
1566 2372
1567 2372
1568 2371
1569 2369
1570 2370
1571 2369
1572 2378
1573 2373
1574 2367
1575 2366
1576 2368
1577 2368
1578 2367
1579 2372
1580 2368
1581 2368
1582 2376
1583 2372
1584 2376
1585 2373
1586 2374
1587 2372
1588 2375
1589 2363
1590 2362
1591 2362
1592 2363
1593 2371
1594 2370
1595 2369
1596 2364
1597 2364
1598 2366
1599 2372

