301 2494
302 2493
303 2494
304 2496
305 2497
306 2492
307 2492
308 2492
309 2494
310 2496
311 2493
312 2493
313 2492
314 2492
315 2492
316 2492
317 2492
318 2491
319 2497
320 2496
321 2492
322 2493
323 2492
324 2500
325 2490
326 2491
327 2491
328 2490
329 2489
330 2490
331 2491
332 2491
333 2492
334 2491
335 2492
336 2492
337 2494
338 2493
339 2491
340 2490
341 2491
342 2492
343 2496
344 2494
345 2495
346 2495
347 2491
348 2491
349 2491
350 2491
351 2492
352 2492
353 2493
354 2491
355 2497
356 2492
357 2494
358 2491
359 2491
360 2491
361 2492
362 2491
363 2490
364 2492
365 2491
366 2490
367 2492
368 2491
369 2491
370 2492
371 2492
372 2491
373 2493
374 2492
375 2491
376 2491
377 2491
378 2490
379 2490
380 2499
381 2491
382 2492
383 2491
384 2493
385 2492
386 2500
387 2490
388 2491
389 2491
390 2492
391 2492
392 2492
393 2492
394 2492
395 2491
396 2492
397 2492
398 2492
399 2492
400 2492
401 2492
402 2493
403 2492
404 2492
405 2492
406 2492
407 2492
408 2492
409 2492
410 2492
411 2492
412 2492
413 2492
414 2492
415 2491
416 2492
417 2492
418 2492
419 2492
420 2492
421 2492
422 2492
423 2491
424 2492
425 2492
426 2492
427 2492
428 2492
429 2492
430 2492
431 2492
432 2492
433 2492
434 2491
435 2492
436 2492
437 2491
438 2492
439 2492
440 2491
441 2492
442 2492
443 2492
444 2492
445 2492
446 2492
447 2491
448 2491
449 2491
450 2491
451 2491
452 2491
453 2491
454 2491
455 2491
456 2491
457 2491
458 2491
459 2491
460 2491
461 2491
462 2491
463 2491
464 2491
465 2491
466 2491
467 2491
468 2491
469 2491
470 2491
471 2491
472 2491
473 2491
474 2491
475 2491
476 2491
477 2491
478 2491
479 2490
480 2491
481 2491
482 2491
483 2491
484 2491
485 2491
486 2491
487 2491
488 2491
489 2491
490 2491
491 2491
492 2491
493 2491
494 2490
495 2491
496 2491
497 2491
498 2491
499 2491
500 2491
501 2491
502 2491
503 2491
504 2491
505 2491
506 2491
507 2491
508 2491
509 2490
510 2491
511 2491
512 2491
513 2491
514 2491
515 2491
516 2491
517 2491
518 2491
519 2491
520 2491
521 2491
522 2491
523 2491
524 2491
525 2491
526 2491
527 2491
528 2491
529 2491
530 2491
531 2491
532 2491
533 2491
534 2491
535 2490
536 2490
537 2490
538 2491
539 2490
540 2491
541 2490
542 2490
543 2490
544 2491
545 2490
546 2490
547 2491
548 2490
549 2490
550 2490
551 2490
552 2490
553 2490
554 2491
555 2490
556 2490
557 2490
558 2490
559 2490
560 2490
561 2490
562 2490
563 2490
564 2490
565 2490
566 2493
567 2491
568 2490
569 2491
570 2491
571 2491
572 2490
573 2490
574 2490
575 2491
576 2490
577 2491
578 2490
579 2490
580 2490
581 2490
582 2490
583 2490
584 2490
585 2490
586 2491
587 2491
588 2492
589 2492
590 2490
591 2490
592 2490
593 2490
594 2490
595 2490
596 2491
597 2490
598 2490
599 2490
600 2490
601 2490
602 2489
603 2489
604 2490
605 2490
606 2490
607 2490
608 2490
609 2489
610 2490
611 2489
612 2489
613 2489
614 2489
615 2489
616 2489
617 2489
618 2489
619 2489
620 2489
621 2490
622 2488
623 2489
624 2489
625 2488
626 2493
627 2489
628 2489
629 2489
630 2489
631 2489
632 2491
633 2490
634 2489
635 2489
636 2489
637 2490
638 2489
639 2490
640 2489
641 2489
642 2489
643 2490
644 2489
645 2489
646 2489
647 2489
648 2489
649 2489
650 2490
651 2489
652 2489
653 2490
654 2489
655 2490
656 2490
657 2489
658 2490
659 2489
660 2489
661 2489
662 2489
663 2489
664 2489
665 2489
666 2489
667 2489
668 2489
669 2489
670 2489
671 2489
672 2489
673 2489
674 2489
675 2489
676 2489
677 2489
678 2489
679 2489
680 2489
681 2489
682 2489
683 2489
684 2489
685 2489
686 2489
687 2489
688 2489
689 2489
690 2489
691 2490
692 2489
693 2489
694 2489
695 2489
696 2489
697 2489
698 2489
699 2489
700 2489
701 2489
702 2489
703 2489
704 2489
705 2489
706 2489
707 2489
708 2489
709 2489
710 2489
711 2489
712 2489
713 2489
714 2489
715 2489
716 2489
717 2489
718 2489
719 2489
720 2489
721 2489
722 2489
723 2489
724 2489
725 2489
726 2489
727 2489
728 2489
729 2489
730 2489
731 2489
732 2489
733 2489
734 2489
735 2489
736 2489
737 2489
738 2489
739 2489
740 2489
741 2489
742 2489
743 2489
744 2489
745 2489
746 2489
747 2489
748 2489
749 2489
750 2489
751 2489
752 2488
753 2488
754 2488
755 2488
756 2489
757 2488
758 2488
759 2489
760 2489
761 2488
762 2488
763 2488
764 2487
765 2488
766 2488
767 2488
768 2488
769 2488
770 2488
771 2488
772 2488
773 2488
774 2488
775 2487
776 2488
777 2488
778 2488
779 2488
780 2488
781 2488
782 2488
783 2488
784 2488
785 2488
786 2488
787 2489
788 2488
789 2488
790 2488
791 2488
792 2488
793 2488
794 2488
795 2488
796 2488
797 2488
798 2488
799 2488
800 2488
801 2488
802 2488
803 2488
804 2488
805 2488
806 2488
807 2488
808 2488
809 2488
810 2488
811 2488
812 2488
813 2488
814 2488
815 2488
816 2488
817 2488
818 2488
819 2488
820 2488
821 2488
822 2488
823 2488
824 2488
825 2488
826 2488
827 2488
828 2488
829 2488
830 2488
831 2488
832 2488
833 2488
834 2488
835 2488
836 2488
837 2488
838 2488
839 2488
840 2488
841 2488
842 2488
843 2488
844 2488
845 2488
846 2488
847 2488
848 2487
849 2488
850 2488
851 2487
852 2487
853 2487
854 2487
855 2488
856 2488
857 2487
858 2487
859 2487
860 2487
861 2487
862 2487
863 2487
864 2487
865 2487
866 2487
867 2487
868 2487
869 2487
870 2487
871 2487
872 2487
873 2487
874 2487
875 2487
876 2487
877 2487
878 2487
879 2486
880 2487
881 2486
882 2487
883 2487
884 2487
885 2486
886 2486
887 2486
888 2486
889 2486
890 2486
891 2486
892 2486
893 2486
894 2486
895 2486
896 2486
897 2486
898 2486
899 2486
900 2486
901 2486
902 2486
903 2486
904 2486
905 2486
906 2486
907 2486
908 2486
909 2489
910 2486
911 2486
912 2486
913 2486
914 2485
915 2485
916 2485
917 2485
918 2485
919 2486
920 2485
921 2486
922 2486
923 2486
924 2486
925 2486
926 2485
927 2485
928 2485
929 2485
930 2485
931 2486
932 2485
933 2485
934 2486
935 2485
936 2486
937 2485
938 2485
939 2487
940 2485
941 2485
942 2485
943 2485
944 2485
945 2485
946 2485
947 2485
948 2485
949 2485
950 2485
951 2485
952 2485
953 2485
954 2489
955 2486
956 2485
957 2485
958 2485
959 2485
960 2485
961 2485
962 2485
963 2485
964 2485
965 2485
966 2485
967 2485
968 2485
969 2485
970 2485
971 2485
972 2485
973 2485
974 2485
975 2485
976 2485
977 2485
978 2485
979 2485
980 2485
981 2485
982 2485
983 2485
984 2485
985 2485
986 2485
987 2485
988 2485
989 2485
990 2485
991 2485
992 2485
993 2485
994 2485
995 2485
996 2485
997 2485
998 2485
999 2485
1000 2485
1001 2484
1002 2484
1003 2485
1004 2485
1005 2485
1006 2485
1007 2484
1008 2484
1009 2484
1010 2485
1011 2485
1012 2484
1013 2485
1014 2487
1015 2486
1016 2485
1017 2484
1018 2484
1019 2484
1020 2485
1021 2485
1022 2485
1023 2485
1024 2485
1025 2485
1026 2485
1027 2485
1028 2485
1029 2485
1030 2485
1031 2485
1032 2485
1033 2485
1034 2485
1035 2485
1036 2484
1037 2484
1038 2485
1039 2486
1040 2486
1041 2485
1042 2485
1043 2485
1044 2485
1045 2485
1046 2485
1047 2485
1048 2485
1049 2485
1050 2485
1051 2485
1052 2485
1053 2485
1054 2485
1055 2485
1056 2485
1057 2485
1058 2485
1059 2485
1060 2485
1061 2485
1062 2485
1063 2485
1064 2485
1065 2485
1066 2485
1067 2485
1068 2485
1069 2485
1070 2485
1071 2485
1072 2485
1073 2485
1074 2485
1075 2485
1076 2485
1077 2484
1078 2485
1079 2485
1080 2485
1081 2485
1082 2485
1083 2485
1084 2485
1085 2485
1086 2485
1087 2485
1088 2485
1089 2485
1090 2485
1091 2485
1092 2485
1093 2485
1094 2485
1095 2485
1096 2485
1097 2485
1098 2485
1099 2485
1100 2485
1101 2485
1102 2485
1103 2485
1104 2485
1105 2485
1106 2485
1107 2485
1108 2485
1109 2485
1110 2485
1111 2485
1112 2485
1113 2486
1114 2485
1115 2484
1116 2485
1117 2486
1118 2485
1119 2485
1120 2490
1121 2485
1122 2485
1123 2485
1124 2485
1125 2485
1126 2485
1127 2485
1128 2485
1129 2485
1130 2485
1131 2485
1132 2485
1133 2485
1134 2485
1135 2485
1136 2485
1137 2485
1138 2485
1139 2485
1140 2485
1141 2485
1142 2485
1143 2485
1144 2486
1145 2485
1146 2485
1147 2485
1148 2485
1149 2485
1150 2485
1151 2485
1152 2486
1153 2485
1154 2486
1155 2486
1156 2486
1157 2486
1158 2486
1159 2486
1160 2486
1161 2486
1162 2486
1163 2486
1164 2486
1165 2486
1166 2486
1167 2486
1168 2486
1169 2486
1170 2486
1171 2486
1172 2486
1173 2486
1174 2486
1175 2486
1176 2486
1177 2488
1178 2487
1179 2486
1180 2486
1181 2486
1182 2486
1183 2486
1184 2486
1185 2486
1186 2486
1187 2486
1188 2486
1189 2486
1190 2487
1191 2486
1192 2486
1193 2487
1194 2487
1195 2487
1196 2487
1197 2487
1198 2487
1199 2487
1200 2487
1201 2487
1202 2487
1203 2487
1204 2487
1205 2487
1206 2487
1207 2487
1208 2487
1209 2487
1210 2488
1211 2487
1212 2487
1213 2487
1214 2487
1215 2487
1216 2487
1217 2487
1218 2487
1219 2487
1220 2487
1221 2488
1222 2487
1223 2488
1224 2487
1225 2487
1226 2487
1227 2488
1228 2488
1229 2487
1230 2487
1231 2487
1232 2487
1233 2487
1234 2487
1235 2487
1236 2487
1237 2487
1238 2487
1239 2487
1240 2487
1241 2488
1242 2487
1243 2487
1244 2487
1245 2487
1246 2487
1247 2487
1248 2487
1249 2487
1250 2488
1251 2487
1252 2487
1253 2488
1254 2487
1255 2487
1256 2487
1257 2488
1258 2488
1259 2488
1260 2487
1261 2488
1262 2488
1263 2488
1264 2488
1265 2488
1266 2488
1267 2488
1268 2488
1269 2488
1270 2488
1271 2488
1272 2488
1273 2488
1274 2488
1275 2488
1276 2488
1277 2488
1278 2488
1279 2488
1280 2488
1281 2488
1282 2488
1283 2488
1284 2488
1285 2488
1286 2488
1287 2488
1288 2488
1289 2488
1290 2488
1291 2488
1292 2488
1293 2488
1294 2488
1295 2488
1296 2488
1297 2488
1298 2488
1299 2488
1300 2488
1301 2488
1302 2489
1303 2488
1304 2488
1305 2488
1306 2488
1307 2488
1308 2488
1309 2488
1310 2488
1311 2488
1312 2488
1313 2488
1314 2488
1315 2488
1316 2488
1317 2488
1318 2488
1319 2488
1320 2488
1321 2488
1322 2488
1323 2488
1324 2488
1325 2488
1326 2488
1327 2488
1328 2488
1329 2488
1330 2488
1331 2488
1332 2488
1333 2488
1334 2489
1335 2488
1336 2488
1337 2488
1338 2488
1339 2488
1340 2488
1341 2488
1342 2488
1343 2488
1344 2488
1345 2488
1346 2488
1347 2488
1348 2488
1349 2488
1350 2488
1351 2488
1352 2488
1353 2488
1354 2488
1355 2488
1356 2489
1357 2494
1358 2488
1359 2488
1360 2488
1361 2499
1362 2489
1363 2488
1364 2488
1365 2488
1366 2487
1367 2488
1368 2488
1369 2488
1370 2487
1371 2489
1372 2488
1373 2488
1374 2488
1375 2489
1376 2490
1377 2492
1378 2492
1379 2487
1380 2484
1381 2486
1382 2485
1383 2485
1384 2485
1385 2489
1386 2492
1387 2491
1388 2492
1389 2486
1390 2486
1391 2486
1392 2486
1393 2487
1394 2487
1395 2485
1396 2487
1397 2486
1398 2486
1399 2486
1400 2487
1401 2486
1402 2487
1403 2488
1404 2488
1405 2489
1406 2487
1407 2486
1408 2490
1409 2491
1410 2487
1411 2489
1412 2488
1413 2487
1414 2486
1415 2488
1416 2487
1417 2487
1418 2487
1419 2485
1420 2491
1421 2484
1422 2484
1423 2488
1424 2491
1425 2489
1426 2488
1427 2482
1428 2488
1429 2483
1430 2482
1431 2487
1432 2482
1433 2482
1434 2491
1435 2490
1436 2493
1437 2488
1438 2489
1439 2489
1440 2487
1441 2482
1442 2487
1443 2500
1444 2485
1445 2485
1446 2500
1447 2497
1448 2498
1449 2497
1450 2484
1451 2496
1452 2495
1453 2497
1454 2490
1455 2489
1456 2482
1457 2482
1458 2482
1550 2483
1551 2483
1552 2484
1553 2493
1554 2492
1555 2486
1556 2487
1557 2483
1558 2484
1559 2484
1560 2483
1561 2482
1562 2494
1563 2493
1564 2487
1565 2488
1566 2494
1567 2486
1568 2486
1569 2486
1570 2486
1571 2485
1572 2485
1573 2488
1574 2487
1575 2487
1576 2487
1577 2487
1578 2487
1579 2486
1580 2486
1581 2487
1582 2487
1583 2487
1584 2486
1585 2486
1586 2486
1587 2486
1588 2486
1589 2492
1590 2486
1591 2486
1592 2487
1593 2491
1594 2489
1595 2490
1596 2490
1597 2493
1598 2493
1599 2490
1600 2488
1601 2487
1602 2488
1603 2489
1604 2488
1605 2488
1606 2488
1607 2488
1608 2491
1609 2489
1610 2489
1611 2489
1612 2490
1613 2489
1614 2489
1615 2489
1616 2488
1617 2488
1618 2488
1619 2488
1620 2488
1621 2488
1622 2488
1623 2488
1624 2488
1625 2487
1626 2491
1627 2488
1628 2488
1629 2488
1630 2488
1631 2492
1632 2488
1633 2488
1634 2491
1635 2491
1636 2488
1637 2488
1638 2489
1639 2488
1640 2489
1641 2489
1642 2488
1643 2488
1644 2489
1645 2489
1646 2488
1647 2488
1648 2488
1649 2489
1650 2488
1651 2489
1652 2490
1653 2488
1654 2488
1655 2488
1656 2487
1657 2487
1658 2487
1659 2488
1660 2488
1661 2488
1662 2488
1663 2489
1664 2490
1665 2488
1666 2489
1667 2487
1668 2487
1669 2487
1670 2487
1671 2488
1672 2489
1673 2495
1674 2490
1675 2488
1676 2488
1677 2488
1678 2488
1679 2489
1680 2488
1681 2488
1682 2488
1683 2488
1684 2488
1685 2487
1686 2488
1687 2488
1688 2487
1689 2487
1690 2487
1691 2488
1692 2488
1693 2488
1694 2488
1695 2488
1696 2488
1697 2488
1698 2488
1699 2488
1700 2488
1701 2488
1702 2488
1703 2488
1704 2487
1705 2487
1706 2487
1707 2487
1708 2487
1709 2487
1710 2487
1711 2487
1712 2487
1713 2487
1714 2487
1715 2487
1716 2488
1717 2487
1718 2487
1719 2487
1720 2487
1721 2487
1722 2487
1723 2487
1724 2488
1725 2488
1726 2488
1727 2488
1728 2488
1729 2488
1730 2488
1731 2488
1732 2488
1733 2488
1734 2488
1735 2488
1736 2488
1737 2488
1738 2488
1739 2488
1740 2488
1741 2488
1742 2488
1743 2488
1744 2488
1745 2488
1746 2487
1747 2487
1748 2487
1749 2487
1750 2487
1751 2487
1752 2487
1753 2487
1754 2487
1755 2487
1756 2487
1757 2486
1758 2486
1759 2486
1760 2486
1761 2486
1762 2486
1763 2486
1764 2486
1765 2486
1766 2486
1767 2486
1768 2486
1769 2486
1770 2486
1771 2486
1772 2486
1773 2486
1774 2486
1775 2486
1776 2486
1777 2486
1778 2487
1779 2487
1780 2485
1781 2486
1782 2486
1783 2486
1784 2486
1785 2485
1786 2485
1787 2486
1788 2485
1789 2485
1790 2484
1791 2484
1792 2484
1793 2484
1794 2484
1795 2484
1796 2484
1797 2484
1798 2484
1799 2484
1800 2484
1801 2484
1802 2484
1803 2484
1804 2484
1805 2484
1806 2484
1807 2483
1808 2484
1809 2484
1810 2484
1811 2484
1812 2483
1813 2483
1814 2483
1815 2483
1816 2484
1817 2483
1818 2483
1819 2483
1820 2483
1821 2483
1822 2483
1823 2483
1824 2482
1825 2483
1826 2483
1827 2483
1828 2483
1829 2483
1830 2485
1831 2483
1832 2483
1833 2483
1834 2483
1835 2483
1836 2483
1837 2483
1838 2483
1839 2483
1840 2483
1841 2483
1842 2482
1843 2483
1844 2483
1845 2483
1846 2483
1847 2484
1848 2483
1849 2482
1850 2483
1851 2482
1852 2483
1853 2482
1854 2482
1855 2483
1856 2483
1857 2483
1858 2482
1859 2482
1860 2482
1861 2482
1862 2482
1863 2482
1864 2482
1865 2482
1866 2483
1867 2482
1868 2482
1869 2482
1870 2482
1871 2482
1872 2482
1873 2482
1874 2482
1875 2482
1876 2482
1877 2482
1878 2482
1879 2482
1880 2481
1881 2482
1882 2482
1883 2482
1884 2481
1885 2482
1886 2482
1887 2482
1888 2482
1889 2482
1890 2482
1891 2482
1892 2482
1893 2482
1894 2482
1895 2481
1896 2482
1897 2481
1898 2482
1899 2482
1900 2482
1901 2482
1902 2482
1903 2482
1904 2482
1905 2482
1906 2482
1907 2482
1908 2481
1909 2482
1910 2482
1911 2483
1912 2482
1913 2481
1914 2481
1915 2481
1916 2481
1917 2481
1918 2481
1919 2481
1920 2481
1921 2481
1922 2480
1923 2480
1924 2481
1925 2481
1926 2481
1927 2481
1928 2480
1929 2481
1930 2481
1931 2481
1932 2481
1933 2481
1934 2481
1935 2484
1936 2480
1937 2480
1938 2479
1939 2479
1940 2480
1941 2480
1942 2480
1943 2480
1944 2480
1945 2480
1946 2482
1947 2480
1948 2481
1949 2480
1950 2480
1951 2481
1952 2480
1953 2480
1954 2480
1955 2480
1956 2480
1957 2480
1958 2480
1959 2480
1960 2480
1961 2480
1962 2480
1963 2480
1964 2479
1965 2479
1966 2479
1967 2479
1968 2479
1969 2479
1970 2479
1971 2479
1972 2479
1973 2479
1974 2479
1975 2479
1976 2479
1977 2479
1978 2479
1979 2479
1980 2479
1981 2479
1982 2479
1983 2479
1984 2478
1985 2478
1986 2478
1987 2478
1988 2478
1989 2478
1990 2478
1991 2478
1992 2478
1993 2478
1994 2478
1995 2478
1996 2478
1997 2478
1998 2478
1999 2478
2000 2478
2001 2478
2002 2477
2003 2477
2004 2478
2005 2477
2006 2477
2007 2478
2008 2478
2009 2478
2010 2478
2011 2478
2012 2477
2013 2477
2014 2477
2015 2478
2016 2478
2017 2478
2018 2478
2019 2477
2020 2478
2021 2478
2022 2478
2023 2477
2024 2477
2025 2477
2026 2477
2027 2477
2028 2477
2029 2477
2030 2477
2031 2477
2032 2477
2033 2477
2034 2477
2035 2476
2036 2476
2037 2477
2038 2476
2039 2476
2040 2476
2041 2476
2042 2476
2043 2476
2044 2476
2045 2476
2046 2476
2047 2476
2048 2476
2049 2476
2050 2476
2051 2475
2052 2476
2053 2476
2054 2476
2055 2475
2056 2475
2057 2475
2058 2476
2059 2475
2060 2475
2061 2475
2062 2475
2063 2474
2064 2474
2065 2474
2066 2475
2067 2474
2068 2474
2069 2474
2070 2474
2071 2474
2072 2474
2073 2474
2074 2474
2075 2474
2076 2474
2077 2474
2078 2474
2079 2474
2080 2474
2081 2474
2082 2474
2083 2474
2084 2474
2085 2474
2086 2473
2087 2473
2088 2474
2089 2473
2090 2473
2091 2473
2092 2473
2093 2473
2094 2473
2095 2473
2096 2473
2097 2472
2098 2473
2099 2473
2100 2473
2101 2473
2102 2472
2103 2472
2104 2472
2105 2472
2106 2472
2107 2472
2108 2472
2109 2472
2110 2471
2111 2472
2112 2471
2113 2472
2114 2472
2115 2472
2116 2472
2117 2472
2118 2472
2119 2472
2120 2472
2121 2472
2122 2472
2123 2472
2124 2472
2125 2472
2126 2471
2127 2471
2128 2471
2129 2471
2130 2472
2131 2472
2132 2471
2133 2471
2134 2471
2135 2471
2136 2471
2137 2471
2138 2471
2139 2471
2140 2471
2141 2471
2142 2471
2143 2471
2144 2470
2145 2471
2146 2470
2147 2471
2148 2470
2149 2471
2150 2470
2151 2470
2152 2470
2153 2470
2154 2470
2155 2470
2156 2470
2157 2470
2158 2470
2159 2470
2160 2470
2161 2470
2162 2470
2163 2469
2164 2469
2165 2469
2166 2469
2167 2470
2168 2470
2169 2469
2170 2469
2171 2469
2172 2469
2173 2469
2174 2469
2175 2469
2176 2469
2177 2469
2178 2469
2179 2469
2180 2469
2181 2469
2182 2468
2183 2468
2184 2468
2185 2468
2186 2468
2187 2469
2188 2468
2189 2468
2190 2468
2191 2468
2192 2468
2193 2468
2194 2468
2195 2468
2196 2468
2197 2468
2198 2468
2199 2468
2200 2467
2201 2468
2202 2467
2203 2468
2204 2468
2205 2467
2206 2467
2207 2467
2208 2467
2209 2467
2210 2467
2211 2467
2212 2467
2213 2467
2214 2467
2215 2467
2216 2467
2217 2467
2218 2467
2219 2467
2220 2467
2221 2467
2222 2467
2223 2467
2224 2467
2225 2466
2226 2467
2227 2467
2228 2467
2229 2466
2230 2466
2231 2466
2232 2466
2233 2466
2234 2466
2235 2466
2236 2466
2237 2466
2238 2466
2239 2466
2240 2466
2241 2466
2242 2466
2243 2466
2244 2466
2245 2466
2246 2466
2247 2466
2248 2466
2249 2466
2250 2466
2251 2465
2252 2466
2253 2467
2254 2466
2255 2465
2256 2465
2257 2465
2258 2465
2259 2465
2260 2465
2261 2466
2262 2465
2263 2465
2264 2465
2265 2465
2266 2465
2267 2465
2268 2465
2269 2465
2270 2465
2271 2465
2272 2464
2273 2464
2274 2464
2275 2464
2276 2464
2277 2464
2278 2464
2279 2464
2280 2464
2281 2464
2282 2464
2283 2464
2284 2464
2285 2464
2286 2464
2287 2464
2288 2464
2289 2464
2290 2464
2291 2464
2292 2464
2293 2464
2294 2464
2295 2464
2296 2464
2297 2464
2298 2464
2299 2464
2300 2464
2301 2463
2302 2463
2303 2463
2304 2463
2305 2463
2306 2463
2307 2463
2308 2463
2309 2463
2310 2463
2311 2463
2312 2463
2313 2463
2314 2463
2315 2462
2316 2463
2317 2462
2318 2462
2319 2462
2320 2463
2321 2462
2322 2462
2323 2462
2324 2462
2325 2462
2326 2462
2327 2462
2328 2462
2329 2462
2330 2462
2331 2462
2332 2462
2333 2462
2334 2462
2335 2462
2336 2462
2337 2462
2338 2462
2339 2462
2340 2462
2341 2462
2342 2462
2343 2462
2344 2462
2345 2462
2346 2462
2347 2462
2348 2461
2349 2461
2350 2461
2351 2461
2352 2461
2353 2461
2354 2461
2355 2461
2356 2461
2357 2461
2358 2461
2359 2461
2360 2461
2361 2461
2362 2461
2363 2461
2364 2461
2365 2461
2366 2461
2367 2461
2368 2461
2369 2461
2370 2461
2371 2461
2372 2460
2373 2460
2374 2460
2375 2461
2376 2461
2377 2460
2378 2460
2379 2460
2380 2460
2381 2460
2382 2460
2383 2460
2384 2460
2385 2460
2386 2460
2387 2460
2388 2460
2389 2460
2390 2460
2391 2460
2392 2460
2393 2460
2394 2460
2395 2460
2396 2460
2397 2460
2398 2460
2399 2459
2400 2459
2401 2460
2402 2460
2403 2460
2404 2460
2405 2459
2406 2459
2407 2460
2408 2459
2409 2459
2410 2460
2411 2459
2412 2460
2413 2459
2414 2460
2415 2460
2416 2459
2417 2459
2418 2459
2419 2459
2420 2459
2421 2459
2422 2459
2423 2459
2424 2459
2425 2459
2426 2459
2427 2459
2428 2459
2429 2459
2430 2459
2431 2459
2432 2459
2433 2459
2434 2459
2435 2459
2436 2458
2437 2458
2438 2459
2439 2459
2440 2459
2441 2458
2442 2458
2443 2458
2444 2458
2445 2458
2446 2458
2447 2458
2448 2458
2449 2458
2450 2458
2451 2458
2452 2458
2453 2458
2454 2458
2455 2457
2456 2457
2457 2457
2458 2457
2459 2457
2460 2457
2461 2457
2462 2457
2463 2457
2464 2457
2465 2457
2466 2457
2467 2457
2468 2457
2469 2457
2470 2456
2471 2457
2472 2456
2473 2456
2474 2456
2475 2456
2476 2456
2477 2456
2478 2456
2479 2456
2480 2456
2481 2456
2482 2456
2483 2455
2484 2455
2485 2455
2486 2455
2487 2455
2488 2455
2489 2455
2490 2455
2491 2455
2492 2454
2493 2454
2494 2455
2495 2454
2496 2454
2497 2454
2498 2454
2499 2454
2500 2454
2501 2454
2502 2454
2503 2454
2504 2453
2505 2454
2506 2453
2507 2454
2508 2453
2509 2453
2510 2453
2511 2453
2512 2453
2513 2453
2514 2453
2515 2453
2516 2453
2517 2453
2518 2453
2519 2452
2520 2452
2521 2453
2522 2452
2523 2452
2524 2452
2525 2452
2526 2452
2527 2452
2528 2452
2529 2452
2530 2452
2531 2451
2532 2451
2533 2451
2534 2451
2535 2451
2536 2451
2537 2451
2538 2451
2539 2451
2540 2451
2541 2451
2542 2451
2543 2450
2544 2450
2545 2450
2546 2451
2547 2450
2548 2450
2549 2450
2550 2450
2551 2450
2552 2450
2553 2450
2554 2450
2555 2450
2556 2449
2557 2450
2558 2456
2559 2450
2560 2450
2561 2450
2562 2450
2563 2449
2564 2450
2565 2450
2566 2449
2567 2449
2568 2449
2569 2449
2570 2453
2571 2453
2572 2453
2573 2449
2574 2451
2575 2450
2576 2450
2577 2448
2578 2448
2579 2448
2580 2449
2581 2449
2582 2447
2583 2447
2584 2447
2585 2447
2586 2447
2587 2446
2588 2446
2589 2447
2590 2447
2591 2446
2592 2446
2593 2446
2594 2446
2595 2446
2596 2446
2597 2445
2598 2445
2599 2445
2600 2445
2601 2445
2602 2445
2603 2445
2604 2444
2605 2444
2606 2444
2607 2444
2608 2444
2609 2444
2610 2444
2611 2444
2612 2444
2613 2444
2614 2444
2615 2443
2616 2443
2617 2443
2618 2443
2619 2443
2620 2444
2621 2443
2622 2443
2623 2443
2624 2442
2625 2442
2626 2442
2627 2446
2628 2442
2629 2446
2630 2443
2631 2443
2632 2442
2633 2442
2634 2441
2635 2441
2636 2441
2637 2441
2638 2442
2639 2441
2640 2441
2641 2441
2642 2441
2643 2441
2644 2441
2645 2440
2646 2441
2647 2441
2648 2441
2649 2441
2650 2441
2651 2441
2652 2441
2653 2440
2654 2440
2655 2441
2656 2440
2657 2440
2658 2440
2659 2440
2660 2440
2661 2440
2662 2440
2663 2440
2664 2440
2665 2440
2666 2440
2667 2440
2668 2439
2669 2440
2670 2440
2671 2440
2672 2440
2673 2440
2674 2439
2675 2439
2676 2439
2677 2439
2678 2439
2679 2439
2680 2439
2681 2439
2682 2442
2683 2439
2684 2438
2685 2439
2686 2438
2687 2439
2688 2439
2689 2439
2690 2439
2691 2439
2692 2438
2693 2438
2694 2438
2695 2439
2696 2440
2697 2442
2698 2438
2699 2439
2700 2440
2701 2437
2702 2438
2703 2437
2704 2438
2705 2437
2706 2436
2707 2436
2708 2438
2709 2437
2710 2437
2711 2437
2712 2437
2713 2438
2714 2438
2715 2437
2716 2438
2717 2437
2718 2438
2719 2438
2720 2438
2721 2437
2722 2437
2723 2437
2724 2438
2725 2438
2726 2437
2727 2439
2728 2438
2729 2437
2730 2438
2731 2438
2732 2437
2733 2440
2734 2437
2735 2437
2736 2437
2737 2437
2738 2436
2739 2436
2740 2437
2741 2437
2742 2437
2743 2437
2744 2437
2745 2437
2746 2436
2747 2436
2748 2440
2749 2437
2750 2437
2751 2437
2752 2437
2753 2437
2754 2438
2755 2437
2756 2437
2757 2437
2758 2437
2759 2437
2760 2436
2761 2437
2762 2437
2763 2436
2764 2437
2765 2438
2766 2438
2767 2438
2768 2438
2769 2438
2770 2438
2771 2439
2772 2439
2773 2439
2774 2439
2775 2439
2776 2439
2777 2437
2778 2437
2779 2437
2780 2437
2781 2437
2782 2437
2783 2437
2784 2437
2785 2438
2786 2438
2787 2438
2788 2438
2789 2438
2790 2438
2791 2437
2792 2437
2793 2437
2794 2437
2795 2438
2796 2438
2797 2437
2798 2436
2799 2436
2800 2436
2801 2436
2802 2440
2803 2436
2804 2436
2805 2435
2806 2436
2807 2436
2808 2436
2809 2436
2810 2436
2811 2436
2812 2436
2813 2436
2814 2436
2815 2435
2816 2436
2817 2436
2818 2436
2819 2436
2820 2436
2821 2436
2822 2435
2823 2436
2824 2435
2825 2436
2826 2436
2827 2435
2828 2435
2829 2435
2830 2435
2831 2435
2832 2435
2833 2435
2834 2435
2835 2435
2836 2435
2837 2435
2838 2434
2839 2435
2840 2434
2841 2434
2842 2435
2843 2435
2844 2434
2845 2434
2846 2435
2847 2434
2848 2434
2849 2434
2850 2434
2851 2434
2852 2434
2853 2434
2854 2434
2855 2434
2856 2434
2857 2434
2858 2434
2859 2433
2860 2433
2861 2433
2862 2433
2863 2433
2864 2433
2865 2433
2866 2433
2867 2433
2868 2433
2869 2433
2870 2433
2871 2433
2872 2433
2873 2432
2874 2432
2875 2432
2876 2432
2877 2432
2878 2432
2879 2432
2880 2432
2881 2432
2882 2432
2883 2432
2884 2432
2885 2432
2886 2432
2887 2432
2888 2432
2889 2431
2890 2431
2891 2431
2892 2431
2893 2431
2894 2431
2895 2431
2896 2431
2897 2430
2898 2431
2899 2430
2900 2430
2901 2432
2902 2431
2903 2431
2904 2431
2905 2431
2906 2430
2907 2433
2908 2431
2909 2430
2910 2430
2911 2430
2912 2430
2913 2430
2914 2430
2915 2430
2916 2430
2917 2430
2918 2430
2919 2430
2920 2430
2921 2429
2922 2430
2923 2430
2924 2430
2925 2429
2926 2429
2927 2429
2928 2429
2929 2429
2930 2429
2931 2429
2932 2430
2933 2429
2934 2429
2935 2429
2936 2428
2937 2429
2938 2429
2939 2429
2940 2429
2941 2429
2942 2430
2943 2435
2944 2432
2945 2431
2946 2430
2947 2430
2948 2430
2949 2430
2950 2428
2951 2429
2952 2429
2953 2429
2954 2429
2955 2429
2956 2429
2957 2430
2958 2431
2959 2431
2960 2431
2961 2434
2962 2431
2963 2431
2964 2431
2965 2434
2966 2433
2967 2432
2968 2433
2969 2432
2970 2433
2971 2432
2972 2433
2973 2433
2974 2432
2975 2432
2976 2431
2977 2432
2978 2431
2979 2431
2980 2431
2981 2430
2982 2432
2983 2432
2984 2431
2985 2431
2986 2432
2987 2431
2988 2431
2989 2431
2990 2430
2991 2431
2992 2431
2993 2430
2994 2430
2995 2429
2996 2429
2997 2431
2998 2429
2999 2429
3000 2430
3001 2430
3002 2429
3003 2429
3004 2430
3005 2430
3006 2430
3007 2431
3008 2430
3009 2429
3010 2430
3011 2429
3012 2429
3013 2430
3014 2430
3015 2431
3016 2430
3017 2431
3018 2431
3019 2431
3020 2431
3021 2430
3022 2431
3023 2433
3024 2431
3025 2430
3026 2430
3027 2431
3028 2429
3029 2428
3030 2429
3031 2430
3032 2429
3033 2429
3034 2429
3035 2429
3036 2429
3037 2429
3038 2429
3039 2428
3040 2428
3041 2429
3042 2428
3043 2428
3044 2428
3045 2429
3046 2428
3047 2427
3048 2428
3049 2427
3050 2428
3051 2428
3052 2428
3053 2427
3054 2430
3055 2427
3056 2427
3057 2427
3058 2426
3059 2434
3060 2427
3061 2427
3062 2426
3063 2426
3064 2426
3065 2426
3066 2426
3067 2426
3068 2426
3069 2426
3070 2426
3071 2426
3072 2426
3073 2426
3074 2426
3075 2426
3076 2426
3077 2426
3078 2426
3079 2426
3080 2427
3081 2426
3082 2426
3083 2427
3084 2426
3085 2426
3086 2426
3087 2425
3088 2426
3089 2426
3090 2426
3091 2426
3092 2426
3093 2425
3094 2425
3095 2425
3096 2425
3097 2425
3098 2425
3099 2424
3100 2427
3101 2425
3102 2425
3103 2425
3104 2425
3105 2425
3106 2426
3107 2429
3108 2424
3109 2424
3110 2424
3111 2423
3112 2424
3113 2423
3114 2424
3115 2423
3116 2424
3117 2424
3118 2424
3119 2424
3120 2423
3121 2423
3122 2423
3123 2423
3124 2423
3125 2423
3126 2423
3127 2423
3128 2423
3129 2423
3130 2423
3131 2422
3132 2423
3133 2423
3134 2422
3135 2422
3136 2422
3137 2422
3138 2422
3139 2422
3140 2422
3141 2422
3142 2422
3143 2425
3144 2425
3145 2423
3146 2424
3147 2424
3148 2424
3149 2424
3150 2424
3151 2424
3152 2423
3153 2423
3154 2422
3155 2421
3156 2422
3157 2422
3158 2422
3159 2422
3160 2421
3161 2421
3162 2421
3163 2422
3164 2422
3165 2422
3166 2422
3167 2421
3168 2422
3169 2422
3170 2422
3171 2422
3172 2422
3173 2421
3174 2422
3175 2422
3176 2422
3177 2421
3178 2421
3179 2421
3180 2422
3181 2422
3182 2422
3183 2421
3184 2422
3185 2421
3186 2421
3187 2421
3188 2424
3189 2422
3190 2431
3191 2424
3192 2422
3193 2423
3194 2427
3195 2423
3196 2423

436 2531
437 2523
438 2526
439 2526
440 2524
441 2523
442 2526
443 2524
444 2525
445 2524
446 2524
447 2527
448 2524
449 2522
450 2528
451 2529
452 2515
453 2522
454 2523
455 2525
456 2517
457 2523
458 2517
459 2524
460 2525
461 2523
462 2524
463 2521
464 2514
465 2515
466 2524
467 2525
468 2516
469 2517
470 2518
471 2528
472 2528
473 2526
474 2528
475 2518
476 2521
477 2514
478 2518
479 2528
480 2514
481 2514
482 2518
483 2516
484 2527
485 2518
486 2515
487 2514
488 2518
489 2518
490 2522
491 2514
492 2522
493 2521
494 2518
495 2519
496 2516
497 2515
498 2521
499 2528
500 2519
501 2514
502 2521
503 2518
504 2525
505 2520
506 2519
507 2520
508 2515
509 2519
510 2519
511 2522
512 2523
513 2526
514 2525
515 2522
516 2513
517 2513
518 2513
519 2521
520 2514
521 2517
522 2517
523 2517
524 2513
525 2515
526 2520
527 2519
528 2519
529 2524
530 2524
531 2520
532 2517
533 2517
534 2520
535 2519
536 2520
537 2521
538 2513
539 2520
540 2520
541 2520
542 2520
543 2520
544 2527
545 2521
546 2517
547 2523
548 2527
549 2520
550 2520
551 2527
552 2513
553 2526
748 2507
749 2514
750 2502
751 2512
752 2512
753 2504
754 2515
755 2516
756 2516
757 2517
758 2511
759 2512
760 2516
761 2513
762 2511
763 2513
764 2523
765 2519
766 2518
767 2520
768 2519
769 2517
770 2525
771 2512
772 2515
773 2520
774 2512
775 2512
776 2512
777 2513
778 2517
779 2515
780 2526
781 2516
782 2512
783 2515
784 2512
785 2526
786 2517
787 2518
788 2519
789 2518
790 2518
791 2518
792 2523
793 2512
794 2522
795 2521
796 2520
797 2512
798 2526
799 2518
800 2512
801 2525
802 2517
803 2522
804 2518
805 2519
806 2518
807 2519
808 2518
809 2517
810 2517
811 2517
812 2518
813 2525
814 2521
815 2519
816 2517
817 2512
818 2525
819 2515
820 2521
821 2523
822 2516
823 2519
824 2519
825 2524
826 2514
827 2517
828 2512
829 2513
830 2517
831 2519
832 2518
833 2517
834 2521
835 2511
836 2515
837 2521
838 2513
839 2514
840 2514
841 2514
842 2514
843 2521
844 2508
845 2514
846 2515
847 2520
848 2514
849 2513
850 2513
851 2510
852 2519
853 2515
854 2507
855 2508
856 2512
857 2513
858 2514
859 2517
860 2515
861 2504
862 2513
863 2513
864 2514
865 2503
866 2503
867 2509
868 2510
869 2509
870 2508
871 2504
872 2510
873 2506
874 2510
875 2510
876 2502
877 2507
878 2512
879 2511
880 2509
881 2513
882 2508
883 2512
884 2505
885 2516
886 2510
887 2508
888 2511
889 2512
890 2507
891 2511
892 2510
893 2504
894 2509
895 2510
896 2509
897 2501
898 2509
899 2501
900 2515
901 2512
902 2505
903 2501
904 2510
905 2503
906 2504
907 2503
908 2508
909 2507
910 2502
911 2503
912 2514
913 2502
914 2504
915 2509
916 2510
917 2510
918 2503
919 2504
920 2509
921 2506
922 2507
923 2506
924 2511
925 2508
926 2501
927 2503
928 2508
929 2508
930 2513
931 2506
932 2505
933 2508
934 2510
935 2503
936 2504
937 2504
938 2506
939 2500
940 2500
941 2500
942 2504
943 2503

