1878 2358
1879 2366
1880 2367
1881 2362
1882 2361
1883 2360
1884 2365
1885 2363
1886 2359
1887 2360
1888 2366
1889 2364
1890 2363
1891 2363
1892 2362
1893 2363
1894 2362
1895 2362
1896 2365
1897 2365
1898 2361
1899 2362
1900 2362
1901 2364
1902 2363
1903 2364
1904 2363
1905 2363
1906 2363
1907 2363
1908 2363
1909 2363
1910 2363
1911 2362
1912 2363
1913 2362
1914 2362
1915 2362
1916 2362
1917 2367
1918 2362
1919 2362
1920 2363
1921 2364
1922 2364
1923 2363
1924 2363
1925 2363
1926 2364
1927 2364
1928 2365
1929 2365
1930 2367
1931 2367
1932 2366
1933 2368
1934 2368
1935 2370
1936 2369
1937 2369
1938 2369
1939 2370
1940 2370
1941 2370
1942 2370
1943 2370
1944 2370
1945 2370
1946 2377
1947 2376
1948 2377
1949 2379
1950 2378
1951 2377
1952 2377
1953 2376
1954 2376
1955 2379
1956 2379
1957 2379
1958 2379
1959 2379
1960 2379
1961 2378
1962 2378
1963 2380
1964 2379
1965 2380
1966 2380
1967 2380
1968 2382
1969 2381
1970 2381
1971 2382
1972 2383
1973 2382
1974 2383
1975 2382
1976 2384
1977 2384
1978 2385
1979 2385
1980 2384
1981 2384
1982 2384
1983 2384
1984 2383
1985 2384
1986 2384
1987 2383
1988 2383
1989 2382
1990 2382
1991 2383
1992 2383
1993 2382
1994 2382
1995 2383
1996 2383
1997 2383
1998 2383
1999 2383
2000 2383
2001 2383
2002 2383
2003 2383
2004 2384
2005 2383
2006 2387
2007 2385
2008 2384
2009 2385
2010 2386
2011 2386
2012 2387
2013 2388
2014 2389
2015 2387
2016 2388
2017 2387
2018 2387
2019 2388
2020 2387
2021 2388
2022 2388
2023 2389
2024 2393
2025 2391
2026 2391
2027 2390
2028 2391
2029 2391
2030 2390
2031 2390
2032 2391
2033 2391
2034 2390
2035 2390
2036 2391
2037 2391
2038 2391
2039 2392
2040 2392
2041 2392
2042 2393
2043 2393
2044 2393
2045 2393
2046 2393
2047 2393
2048 2394
2049 2394
2050 2394
2051 2395
2052 2395
2053 2395
2054 2395
2055 2396
2056 2395
2057 2396
2058 2397
2059 2397
2060 2396
2061 2398
2062 2397
2063 2397
2064 2397
2065 2398
2066 2397
2067 2399
2068 2397
2069 2398
2070 2398
2071 2398
2072 2398
2073 2398
2074 2399
2075 2397
2076 2400
2077 2398
2078 2399
2079 2399
2080 2399
2081 2399
2082 2400
2083 2399
2084 2399
2085 2399
2086 2400
2087 2400
2088 2400
2089 2400
2090 2401
2091 2401
2092 2401
2093 2403
2094 2403
2095 2403
2096 2401
2097 2401
2098 2401
2099 2407
2100 2410
2101 2407
2102 2407
2103 2405
2104 2404
2105 2408
2106 2409
2107 2401
2108 2403
2109 2404
2110 2402
2111 2401
2112 2401
2113 2400
2114 2403
2115 2404
2116 2409
2117 2404
2118 2405
2119 2402
2120 2402
2121 2402
2122 2402
2123 2402
2124 2403
2125 2403
2126 2403
2127 2403
2128 2402
2129 2403
2130 2402
2131 2403
2132 2402
2133 2402
2134 2402
2135 2402
2136 2402
2137 2403
2138 2403
2139 2403
2140 2402
2141 2402
2142 2403
2143 2403
2144 2403
2145 2404
2146 2404
2147 2404
2148 2403
2149 2405
2150 2402
2151 2402
2152 2403
2153 2405
2154 2405
2155 2404
2156 2404
2157 2404
2158 2404
2159 2404
2160 2405
2161 2408
2162 2404
2163 2401
2164 2401
2165 2399
2166 2400
2167 2401
2168 2400
2169 2399
2170 2399
2171 2399
2172 2401
2173 2399
2174 2400
2175 2400
2176 2404
2177 2404
2178 2403
2179 2400
2180 2399
2181 2399
2182 2400
2183 2399
2184 2400
2185 2400
2186 2399
2187 2400
2188 2400
2189 2399
2190 2399
2191 2399
2192 2398
2193 2399
2194 2399
2195 2398
2196 2399
2197 2398
2198 2398
2199 2398
2200 2398
2201 2399
2202 2397
2203 2401
2204 2398
2205 2401
2206 2398
2207 2400
2208 2404
2209 2399
2210 2401
2211 2400
2212 2401
2213 2400
2214 2400
2215 2399
2216 2407
2217 2400
2218 2401
2219 2401
2220 2403
2221 2402
2222 2402
2223 2401
2224 2405
2225 2402
2226 2404
2227 2401
2228 2401
2229 2403
2230 2402
2231 2402
2232 2402
2233 2402
2234 2403
2235 2404
2236 2403
2237 2403
2238 2402
2239 2403
2240 2403
2241 2404
2242 2404
2243 2405
2244 2404
2245 2405
2246 2405
2247 2406
2248 2405
2249 2406
2250 2406
2251 2411
2252 2405
2253 2406
2254 2406
2255 2406
2256 2406
2257 2406
2258 2406
2259 2406
2260 2407
2261 2407
2262 2407
2263 2407
2264 2407
2265 2406
2266 2406
2267 2411
2268 2413
2269 2406
2270 2406
2271 2407
2272 2407
2273 2407
2274 2413
2275 2411
2276 2407
2277 2407
2278 2410
2279 2411
2280 2407
2281 2408
2282 2409
2283 2408
2284 2408
2285 2408
2286 2408
2287 2408
2288 2409
2289 2408
2290 2408
2291 2408
2292 2408
2293 2408
2294 2408
2295 2408
2296 2408
2297 2408
2298 2408
2299 2409
2300 2410
2301 2410
2302 2410
2303 2410
2304 2410
2305 2410
2306 2410
2307 2411
2308 2411
2309 2407
2310 2404
2311 2412
2312 2416
2313 2411
2314 2417
2315 2418
2316 2415
2317 2417
2318 2415
2319 2406
2320 2412
2321 2415
2322 2412
2323 2412
2324 2411
2325 2411
2326 2411
2327 2411
2328 2411
2329 2412
2330 2413
2331 2412
2332 2412
2333 2412
2334 2412
2335 2412
2336 2411
2337 2412
2338 2412
2339 2412
2340 2412
2341 2412
2342 2411
2343 2411
2344 2412
2345 2412
2346 2412
2347 2411
2348 2411
2349 2411
2350 2411
2351 2411
2352 2410
2353 2409
2354 2409
2355 2417
2356 2409
2357 2409
2358 2410
2359 2410
2360 2410
2361 2410
2362 2411
2363 2411
2364 2411
2365 2410
2366 2409
2367 2410
2368 2411
2369 2411
2370 2411
2371 2410
2372 2411
2373 2410
2374 2411
2375 2410
2376 2410
2377 2408
2378 2413
2379 2410
2380 2411
2381 2410
2382 2410
2383 2410
2384 2409
2385 2409
2386 2410
2387 2410
2388 2409
2389 2409
2390 2409
2391 2409
2392 2410
2393 2410
2394 2410
2395 2410
2396 2410
2397 2410
2398 2410
2399 2410
2400 2410
2401 2410
2402 2409
2403 2409
2404 2412
2405 2407
2406 2407
2407 2407
2408 2407
2409 2409
2410 2408
2411 2409
2412 2407
2413 2409
2414 2407
2415 2407
2416 2409
2417 2407
2418 2406
2419 2406
2420 2406
2421 2406
2422 2405
2423 2405
2424 2406
2425 2406
2426 2406
2427 2407
2428 2407
2429 2406
2430 2406
2431 2405
2432 2413
2433 2413
2434 2404
2435 2405
2436 2404
2437 2404
2438 2404
2439 2404
2440 2404
2441 2404
2442 2404
2443 2404
2444 2406
2445 2406
2446 2416
2447 2406
2448 2408
2449 2407
2450 2408
2451 2407
2452 2415
2453 2408
2454 2409
2455 2406
2456 2406
2457 2407
2458 2411
2459 2407
2460 2407
2461 2406
2462 2406
2463 2406
2464 2408
2465 2408
2466 2408
2467 2408
2468 2410
2469 2407
2470 2406
2471 2407
2472 2406
2473 2413
2474 2407
2475 2408
2476 2407
2477 2407
2478 2408
2479 2406
2480 2406
2481 2407
2482 2408
2483 2407
2484 2407
2485 2408
2486 2407
2487 2406
2488 2406
2489 2410
2490 2406
2491 2407
2492 2405
2493 2406
2494 2406
2495 2405
2496 2404
2497 2405
2498 2405
2499 2404
2500 2404
2501 2405
2502 2405
2503 2405
2504 2406
2505 2404
2506 2403
2507 2405
2508 2405
2509 2405
2510 2405
2511 2405
2512 2404
2513 2404
2514 2405
2515 2406
2516 2405
2517 2404
2518 2405
2519 2404
2520 2404
2521 2404
2522 2403
2523 2404
2524 2404
2525 2404
2526 2404
2527 2405
2528 2404
2529 2405
2530 2404
2531 2404
2532 2404
2533 2405
2534 2405
2535 2404
2536 2405
2537 2405
2538 2405
2539 2405
2540 2404
2541 2404
2542 2404
2543 2405
2544 2405
2545 2406
2546 2405
2547 2406
2548 2405
2549 2405
2550 2405
2551 2406
2552 2405
2553 2406
2554 2405
2555 2405
2556 2406
2557 2405
2558 2406
2559 2406
2560 2405
2561 2406
2562 2406
2563 2406
2564 2407
2565 2406
2566 2407
2567 2407
2568 2406
2569 2406
2570 2405
2571 2406
2572 2409
2573 2406
2574 2405
2575 2404
2576 2404
2577 2404
2578 2405
2579 2404
2580 2404
2581 2404
2582 2403
2583 2403
2584 2406
2585 2405
2586 2404
2587 2404
2588 2404
2589 2405
2590 2404
2591 2404
2592 2404
2593 2404
2594 2404
2595 2404
2596 2404
2597 2404
2598 2405
2599 2405
2600 2405
2601 2405
2602 2405
2603 2405
2604 2405
2605 2405
2606 2405
2607 2405
2608 2405
2609 2405
2610 2405
2611 2406
2612 2405
2613 2405
2614 2405
2615 2405
2616 2406
2617 2406
2618 2405
2619 2406
2620 2406
2621 2406
2622 2406
2623 2406
2624 2406
2625 2407
2626 2407
2627 2407
2628 2407
2629 2406
2630 2407
2631 2407
2632 2407
2633 2407
2634 2407
2635 2408
2636 2408
2637 2408
2638 2408
2639 2408
2640 2412
2641 2410
2642 2410
2643 2410
2644 2410
2645 2409
2646 2408
2647 2410
2648 2409
2649 2409
2650 2409
2651 2409
2652 2409
2653 2409
2654 2409
2655 2409
2656 2409
2657 2409
2658 2409
2659 2409
2660 2409
2661 2409
2662 2408
2663 2408
2664 2408
2665 2408
2666 2408
2667 2408
2668 2408
2669 2408
2670 2408
2671 2409
2672 2409
2673 2409
2674 2409
2675 2408
2676 2409
2677 2408
2678 2409
2679 2409
2680 2409
2681 2410
2682 2409
2683 2409
2684 2409
2685 2409
2686 2409
2687 2410
2688 2409
2689 2409
2690 2409
2691 2410
2692 2410
2693 2409
2694 2409
2695 2410
2696 2409
2697 2409
2698 2409
2699 2410
2700 2410
2701 2409
2702 2410
2703 2409
2704 2409
2705 2409
2706 2410
2707 2410
2708 2410
2709 2410
2710 2410
2711 2410
2712 2410
2713 2410
2714 2410
2715 2410
2716 2410
2717 2411
2718 2411
2719 2410
2720 2410
2721 2410
2722 2411
2723 2410
2724 2411
2725 2411
2726 2411
2727 2410
2728 2410
2729 2411
2730 2410
2731 2410
2732 2411
2733 2411
2734 2411
2735 2411
2736 2411
2737 2411
2738 2411
2739 2412
2740 2412
2741 2412
2742 2412
2743 2412
2744 2413
2745 2413
2746 2413
2747 2415
2748 2413
2749 2413
2750 2413
2751 2412
2752 2412
2753 2413
2754 2413
2755 2413
2756 2413
2757 2413
2758 2413
2759 2413
2760 2413
2761 2413
2762 2413
2763 2414
2764 2413
2765 2413
2766 2414
2767 2413
2768 2413
2769 2413
2770 2413
2771 2413
2772 2413
2773 2413
2774 2413
2775 2413
2776 2414
2777 2413
2778 2414
2779 2414
2780 2415
2781 2414
2782 2414
2783 2415
2784 2415
2785 2414
2786 2416
2787 2415
2788 2415
2789 2415
2790 2414
2791 2415
2792 2417
2793 2417
2794 2414
2795 2414
2796 2415
2797 2414
2798 2414
2799 2414
2800 2415
2801 2414
2802 2414
2803 2414
2804 2415
2805 2415
2806 2415
2807 2416
2808 2415
2809 2415
2810 2416
2811 2416
2812 2416
2813 2417
2814 2416
2815 2418
2816 2417
2817 2416
2818 2415
2819 2415
2820 2415
2821 2415
2822 2415
2823 2416
2824 2415
2825 2415
2826 2415
2827 2415
2828 2415
2829 2415
2830 2415
2831 2415
2832 2416
2833 2415
2834 2415
2835 2416
2836 2415
2837 2415
2838 2415
2839 2415
2840 2416
2841 2415
2842 2415
2843 2415
2844 2415
2845 2415
2846 2415
2847 2414
2848 2415
2849 2415
2850 2415
2851 2415
2852 2415
2853 2415
2854 2415
2855 2416
2856 2416
2857 2416
2858 2416
2859 2417
2860 2417
2861 2417
2862 2417
2863 2419
2864 2417
2865 2417
2866 2417
2867 2418
2868 2418
2869 2419
2870 2418
2871 2419
2872 2418
2873 2420
2874 2419
2875 2419
2876 2419
2877 2420
2878 2420
2879 2420
2880 2421
2881 2420
2882 2422
2883 2423
2884 2421
2885 2421
2886 2420
2887 2420
2888 2420
2889 2421
2890 2421
2891 2421
2892 2422
2893 2421
2894 2422
2895 2422
2896 2422
2897 2422
2898 2421
2899 2422
2900 2421
2901 2422
2902 2422
2903 2422
2904 2422
2905 2422
2906 2421
2907 2422
2908 2422
2909 2421
2910 2421
2911 2422
2912 2422
2913 2422
2914 2422
2915 2421
2916 2421
2917 2421
2918 2421
2919 2423
2920 2422
2921 2423
2922 2423
2923 2423
2924 2424
2925 2425
2926 2421
2927 2422
2928 2422
2929 2424
2930 2423
2931 2423
2932 2423
2933 2424
2934 2423
2935 2424
2936 2423
2937 2424
2938 2423
2939 2424
2940 2425
2941 2425
2942 2425
2943 2425
2944 2425
2945 2425
2946 2425
2947 2425
2948 2425
2949 2425
2950 2426
2951 2426
2952 2425
2953 2425
2954 2425
2955 2426
2956 2425
2957 2426
2958 2426
2959 2426
2960 2426
2961 2426
2962 2426
2963 2426
2964 2426
2965 2426
2966 2426
2967 2426
2968 2426
2969 2426
2970 2426
2971 2426
2972 2426
2973 2426
2974 2426
2975 2426
2976 2426
2977 2427
2978 2428
2979 2427
2980 2428
2981 2428
2982 2428
2983 2427
2984 2427
2985 2427
2986 2427
2987 2427
2988 2426
2989 2426
2990 2426
2991 2426
2992 2426
2993 2427
2994 2427
2995 2427
2996 2426
2997 2427
2998 2430
2999 2426
3000 2427
3001 2429
3002 2428
3003 2428
3004 2428
3005 2428
3006 2429
3007 2428
3008 2428
3009 2428
3010 2429
3011 2429
3012 2429
3013 2429
3014 2430
3015 2429
3016 2429
3017 2430
3018 2431
3019 2429
3020 2430
3021 2429
3022 2430
3023 2430
3024 2430
3025 2430
3026 2430
3027 2429
3028 2428
3029 2428
3030 2429
3031 2428
3032 2428
3033 2428
3034 2428
3035 2428
3036 2428
3037 2428
3038 2429
3039 2428
3040 2428
3041 2428
3042 2429
3043 2429
3044 2429
3045 2429
3046 2430
3047 2430
3048 2429
3049 2430
3050 2431
3051 2431
3052 2430
3053 2430
3054 2429
3055 2429
3056 2429
3057 2429
3058 2436
3059 2432
3060 2431
3061 2432
3062 2431

2591 2426
2592 2426
2593 2427
2594 2427
2595 2428
2596 2427
2597 2428
2598 2428
2599 2429
2600 2428
2601 2429
2602 2428
2603 2428
2604 2428
2605 2427
2606 2427
2607 2427
2608 2427
2609 2428
2610 2426
2611 2426
2612 2427
2613 2423
2614 2425
2615 2428
2616 2426
2617 2423
2618 2426
2619 2424
2620 2430
2621 2428
2622 2429
2623 2431
2624 2426
2625 2424
2626 2424
2627 2427
2628 2427
2629 2426
2630 2428
2631 2429
2632 2429
2633 2428
2634 2434
2635 2428
2636 2428
2637 2427
2638 2424
2639 2429
2640 2431
2641 2437
2642 2435
2643 2430
2644 2424
2645 2426
2646 2426
2647 2430
2648 2425
2649 2434
2650 2433
2651 2438
2652 2434
2653 2435
2654 2434
2655 2433
2656 2436
2657 2436
2658 2436
2659 2433
2660 2436
2661 2435
2662 2437
2663 2436
2664 2439
2665 2434
2666 2432
2667 2430
2668 2437
2669 2438
2670 2437
2671 2440
2672 2439
2673 2430
2674 2437
2675 2439
2676 2440
2677 2440
2678 2447
2679 2446
2680 2446
2681 2442
2682 2448
2683 2442
2684 2441
2685 2443
2686 2443
2687 2443
2688 2444
2689 2443
2690 2443
2691 2450
2692 2442
2693 2447
2694 2446
2695 2446
2696 2446
2697 2447
2698 2447
2699 2446
2700 2445
2701 2447
2702 2445
2703 2446
2704 2447
2705 2447
2706 2448
2707 2448
2708 2448
2709 2448
2710 2448
2711 2448
2712 2448
2713 2447
2714 2448
2715 2448
2716 2448
2717 2447
2718 2448
2719 2447
2720 2448
2721 2447
2722 2451
2723 2449
2724 2449
2725 2452
2726 2451
2727 2450
2728 2450
2729 2449
2730 2450
2731 2450
2732 2450
2733 2450
2734 2448
2735 2447
2736 2449
2737 2449
2738 2447
2739 2452
2740 2448
2741 2449
2742 2443
2743 2450
2744 2452
2745 2454
2746 2454
2747 2450
2748 2451
2749 2450
2750 2452
2751 2452
2752 2450
2753 2449
2754 2450
2755 2453
2756 2449
2757 2450
2758 2451
2759 2455
2760 2452
2761 2453
2762 2445
2763 2444
2764 2453
2765 2447
2766 2456
2767 2454
2768 2458
2769 2447
2770 2447
2771 2449
2772 2451
2773 2455
2774 2450
2775 2448
2776 2450
2777 2450
2778 2451
2779 2451
2780 2451
2781 2451
2782 2451
2783 2453
2784 2451
2785 2452
2786 2454
2787 2450
2788 2455
2789 2454
2790 2443
2791 2443
2792 2446
2793 2443
2794 2456
2795 2442
2796 2447
2797 2447
2798 2442
2799 2447
2800 2447
2801 2454
2802 2446
2803 2454
2804 2455
2805 2444
2806 2455
2807 2454
2808 2442
2809 2445
2810 2440
2811 2449
2812 2440
2813 2443
2814 2443
2815 2445
2816 2441
2817 2439
2818 2439
2819 2445
2820 2450
2821 2453
2822 2448
2823 2438
2824 2448
2825 2446
2826 2445
2827 2452
2828 2443
2829 2441
2830 2445
2831 2443
2832 2440
2833 2437
2834 2438
2835 2440
2836 2440
2837 2440
2838 2436
2839 2445
2840 2436
2841 2438
2842 2444
2843 2444
2844 2441
2845 2438
2846 2439
2847 2435
2848 2437
2849 2439
2850 2441
2851 2440
2852 2447
2853 2434
2854 2436
2855 2438
2856 2434

