4675 2517
4676 2518
4677 2519
4678 2517
4679 2517
4680 2518
4681 2517
4682 2517
4683 2516
4684 2519
4685 2523
4686 2523
4687 2515
4688 2519
4689 2515
4690 2515
4691 2515
4692 2514
4693 2515
4694 2527
4695 2527
4696 2525
4697 2527
4698 2529
4699 2521
4700 2515
4701 2515
4702 2516
4703 2526
4704 2526
4705 2522
4706 2515
4707 2516
4708 2518
4709 2518
4710 2520
4711 2517
4712 2515
4713 2514
4714 2513
4715 2514
4716 2527
4717 2513
4718 2514
4719 2513
4720 2513
4721 2516
4722 2514
4723 2514
4724 2515
4725 2516
4726 2517
4727 2517
4728 2518
4729 2518
4730 2522
4731 2518
4732 2521
4733 2518
4734 2516
4735 2521
4736 2516
4737 2517
4738 2517
4739 2516
4740 2516
4741 2522
4742 2520
4743 2522
4744 2515
4745 2515
4746 2515
4747 2515
4748 2518
4749 2517
4750 2521
4751 2520
4752 2516
4753 2522
4754 2515
4755 2521
4756 2516
4757 2516
4758 2518
4759 2516
4760 2515
4761 2515
4762 2516
4763 2515
4764 2515
4765 2519
4766 2515
4767 2517
4768 2516
4769 2518
4770 2516
4771 2517
4772 2515
4773 2515
4774 2514
4775 2517
4776 2515
4777 2516
4778 2516
4779 2517
4780 2517
4781 2521
4782 2517
4783 2517
4784 2517
4785 2516
4786 2515
4787 2515
4788 2516
4789 2515
4790 2515
4791 2515
4792 2516
4793 2516
4794 2516
4795 2516
4796 2516
4797 2515
4798 2516
4799 2518
4800 2518
4801 2516
4802 2515
4803 2520
4804 2514
4805 2514
4806 2517
4807 2513
4808 2513
4809 2515
4810 2517
4811 2518
4812 2517
4813 2514
4814 2514
4815 2514
4816 2513
4817 2514
4818 2515
4819 2513
4820 2515
4821 2517
4822 2516
4823 2517
4824 2515
4825 2518
4826 2512
4827 2512
4828 2512
4829 2518
4830 2513
4831 2516
4832 2514
4833 2514
4834 2514
4835 2513
4836 2517
4837 2513
4838 2513
4839 2514
4840 2513
4841 2516
4842 2514
4843 2515
4844 2514
4845 2514
4846 2513
4847 2513
4848 2515
4849 2512
4850 2512
4851 2512
4852 2513
4853 2513
4854 2512
4855 2512
4856 2512
4857 2511
4858 2513
4859 2517
4860 2512
4861 2516
4862 2512
4863 2513
4864 2514
4865 2515
4866 2515
4867 2520
4868 2515
4869 2514
4870 2513
4871 2513
4872 2512
4873 2512
4874 2513
4875 2513
4876 2513
4877 2520
4878 2513
4879 2513
4880 2514
4881 2514
4882 2517
4883 2517
4884 2512
4885 2513
4886 2512
4887 2513
4888 2511
4889 2514
4890 2524
4891 2515
4892 2516
4893 2514
4894 2512
4895 2513
4896 2514
4897 2510
4898 2512
4899 2512
4900 2511
4901 2512
4902 2512
4903 2511
4904 2521
4905 2511
4906 2522
4907 2515
4908 2515
4909 2512
4910 2512
4911 2513
4912 2514
4913 2514
4914 2515
4915 2512
4916 2511
4917 2510
4918 2511
4919 2509
4920 2513
4921 2513
4922 2511
4923 2510
4924 2510
4925 2510
4926 2509
4927 2510
4928 2514
4929 2514
4930 2511
4931 2511
4932 2512
4933 2512
4934 2512
4935 2512
4936 2512
4937 2512
4938 2511
4939 2517
4940 2509
4941 2509
4942 2510
4943 2515
4944 2510
4945 2511
4946 2510
4947 2511
4948 2513
4949 2515
4950 2509
4951 2509
4952 2508
4953 2517
4954 2516
4955 2509
4956 2509
4957 2516
4958 2509
4959 2508
4960 2509
4961 2509
4962 2509
4963 2508
4964 2509
4965 2509
4966 2510
4967 2510
4968 2509
4969 2509
4970 2508
4971 2508
4972 2513
4973 2509
4974 2512
4975 2513
4976 2510
4977 2510
4978 2511
4979 2511
4980 2511
4981 2510
4982 2510
4983 2510
4984 2509
4985 2508
4986 2509
4987 2509
4988 2508
4989 2508
4990 2507
4991 2507
4992 2506
4993 2509
4994 2513
4995 2507
4996 2508
4997 2513
4998 2508
4999 2506
5000 2507
5001 2507
5002 2507
5003 2507
5004 2507
5005 2507
5006 2507
5007 2506
5008 2506
5009 2506
5010 2506
5011 2506
5012 2506
5013 2507
5014 2506
5015 2506
5016 2505
5017 2506
5018 2506
5019 2505
5020 2511
5021 2507
5022 2506
5023 2506
5024 2507
5025 2508
5026 2508
5027 2508
5028 2508
5029 2507
5030 2508
5031 2508
5032 2511
5033 2507
5034 2507
5035 2508
5036 2507
5037 2507
5038 2510
5039 2508
5040 2507
5041 2506
5042 2507
5043 2507
5044 2506
5045 2506
5046 2506
5047 2507
5048 2507
5049 2506
5050 2506
5051 2510
5052 2505
5053 2506
5054 2506
5055 2510
5056 2506
5057 2506
5058 2506
5059 2514
5060 2506
5061 2510
5062 2506
5063 2506
5064 2505
5065 2509
5066 2508
5067 2506
5068 2505
5069 2505
5070 2505
5071 2505
5072 2506
5073 2510
5074 2506
5075 2506
5076 2511
5077 2506
5078 2506
5079 2505
5080 2506
5081 2508
5082 2506
5083 2506
5084 2506
5085 2505
5086 2506
5087 2505
5088 2505
5089 2505
5090 2506
5091 2506
5092 2504
5093 2504
5094 2504
5095 2504
5096 2504
5097 2505
5098 2504
5099 2504
5100 2504
5101 2504
5102 2504
5103 2505
5104 2504
5105 2504
5106 2504
5107 2504
5108 2504
5109 2504
5110 2504
5111 2504
5112 2505
5113 2505
5114 2509
5115 2508
5116 2505
5117 2505
5118 2508
5119 2505
5120 2505
5121 2507
5122 2508
5123 2504
5124 2504
5125 2504
5126 2504
5127 2504
5128 2505
5129 2505
5130 2505
5131 2505
5132 2510
5133 2506
5134 2506
5135 2506
5136 2507
5137 2507
5138 2506
5139 2506
5140 2506
5141 2506
5142 2509
5143 2509
5144 2505
5145 2506
5146 2506
5147 2505
5148 2505
5149 2505
5150 2505
5151 2505
5152 2505
5153 2505
5154 2510
5155 2504
5156 2506
5157 2504
5158 2510
5159 2508
5160 2505
5161 2504
5162 2505
5163 2505
5164 2505
5165 2505
5166 2506
5167 2505
5168 2504
5169 2505
5170 2505
5171 2504
5172 2505
5173 2505
5174 2505
5175 2506
5176 2504
5177 2504
5178 2505
5179 2509
5180 2504
5181 2504
5182 2508
5183 2505
5184 2504
5185 2504
5186 2504
5187 2505
5188 2504
5189 2504
5190 2504
5191 2504
5192 2504
5193 2504
5194 2504
5195 2503
5196 2503
5197 2503
5198 2503
5199 2502
5200 2503
5201 2502
5202 2502
5203 2503
5204 2504
5205 2502
5206 2502
5207 2510
5208 2502
5209 2503
5210 2502
5211 2503
5212 2502
5213 2501
5214 2501
5215 2501
5216 2501
5217 2502
5218 2502
5219 2502
5220 2502
5221 2503
5222 2508
5223 2506
5224 2500
5225 2500
5226 2501
5227 2500
5228 2500
5229 2500
5230 2500
5231 2503
5232 2499
5233 2500
5234 2499
5235 2499
5236 2498
5237 2498
5238 2499
5239 2499
5240 2498
5241 2499
5242 2498
5243 2498
5244 2499
5245 2499
5246 2499
5247 2499
5248 2499
5249 2499
5250 2499
5251 2499
5252 2499
5253 2500
5254 2500
5255 2500
5256 2500
5257 2500
5258 2500
5259 2500
5260 2501
5261 2501
5262 2501
5263 2500
5264 2500
5265 2500
5266 2500
5267 2499
5268 2499
5269 2500
5270 2501
5271 2501
5272 2499
5273 2499
5274 2502
5275 2499
5276 2499
5277 2500
5278 2499
5279 2499
5280 2500
5281 2500
5282 2500
5283 2501
5284 2499
5285 2499
5286 2499
5287 2501
5288 2499
5289 2500
5290 2500
5291 2499
5292 2498
5293 2498
5294 2498
5295 2498
5296 2498
5297 2498
5298 2498
5299 2499
5300 2498
5301 2498
5302 2498
5303 2499
5304 2499
5305 2499
5306 2499
5307 2499
5308 2498
5309 2498
5310 2499
5311 2499
5312 2498
5313 2498
5314 2498
5315 2498
5316 2498
5317 2498
5318 2498
5319 2497
5320 2497
5321 2497
5322 2497
5323 2497
5324 2497
5325 2496
5326 2496
5327 2496
5328 2496
5329 2496
5330 2495
5331 2496
5332 2501
5333 2496
5334 2497
5335 2497
5336 2497
5337 2497
5338 2497
5339 2497
5340 2497
5341 2497
5342 2497
5343 2497
5344 2497
5345 2497
5346 2497
5347 2497
5348 2497
5349 2497
5350 2497
5351 2497
5352 2497
5353 2497
5354 2497
5355 2497
5356 2498
5357 2498
5358 2498
5359 2498
5360 2498
5361 2498
5362 2497
5363 2497
5364 2498
5365 2498
5366 2498
5367 2498
5368 2498
5369 2498
5370 2498
5371 2498
5372 2499
5373 2498
5374 2498
5375 2499
5376 2499
5377 2499
5378 2498
5379 2498
5380 2499
5381 2498
5382 2499
5383 2499
5384 2499
5385 2499
5386 2499
5387 2499
5388 2499
5389 2498
5390 2499
5391 2499
5392 2499
5393 2499
5394 2499
5395 2499
5396 2498
5397 2499
5398 2500
5399 2499
5400 2499
5401 2500
5402 2500
5403 2499
5404 2499
5405 2500
5406 2500
5407 2500
5408 2500
5409 2500
5410 2500
5411 2500
5412 2500
5413 2500
5414 2500
5415 2500
5416 2500
5417 2501
5418 2500
5419 2501
5420 2501
5421 2501
5422 2501
5423 2501
5424 2501
5425 2501
5426 2501
5427 2501
5428 2501
5429 2501
5430 2501
5431 2501
5432 2501
5433 2501
5434 2501
5435 2501
5436 2502
5437 2502
5438 2502
5439 2502
5440 2501
5441 2501
5442 2501
5443 2501
5444 2501
5445 2501
5446 2502
5447 2501
5448 2501
5449 2501
5450 2501
5451 2501
5452 2501
5453 2501
5454 2501
5455 2501
5456 2501
5457 2501
5458 2501
5459 2501
5460 2501
5461 2501
5462 2501
5463 2501
5464 2501
5465 2501
5466 2501
5467 2501
5468 2501
5469 2501
5470 2501
5471 2501
5472 2501
5473 2501
5474 2501
5475 2501
5476 2502
5477 2501
5478 2502
5479 2502
5480 2502
5481 2502
5482 2502
5483 2502
5484 2502
5485 2502
5486 2502
5487 2502
5488 2502
5489 2502
5490 2502
5491 2502
5492 2503
5493 2502
5494 2502
5495 2502
5496 2503
5497 2502
5498 2502
5499 2502
5500 2502
5501 2502
5502 2502
5503 2503
5504 2503
5505 2502
5506 2502
5507 2503
5508 2503
5509 2502
5510 2502
5511 2502
5512 2502
5513 2503
5514 2503
5515 2502
5516 2503
5517 2503
5518 2503
5519 2503
5520 2502
5521 2503
5522 2503
5523 2503
5524 2503
5525 2503
5526 2503
5527 2503
5528 2503
5529 2503
5530 2503
5531 2503
5532 2503
5533 2503
5534 2503
5535 2503
5536 2503
5537 2503
5538 2502
5539 2503
5540 2503
5541 2502
5542 2502
5543 2503
5544 2503
5545 2503
5546 2503
5547 2502
5548 2503
5549 2503
5550 2503
5551 2503
5552 2502
5553 2502
5554 2503
5555 2503
5556 2503
5557 2503
5558 2503
5559 2503
5560 2503
5561 2503
5562 2502
5563 2502
5564 2503
5565 2502
5566 2502
5567 2503
5568 2502
5569 2503
5570 2503
5571 2502
5572 2503
5573 2503
5574 2502
5575 2502
5576 2503
5577 2502
5578 2502
5579 2502
5580 2502
5581 2502
5582 2502
5583 2502
5584 2502
5585 2502
5586 2502
5587 2502
5588 2502
5589 2502
5590 2502
5591 2502
5592 2503
5593 2502
5594 2502
5595 2502
5596 2502
5597 2502
5598 2501
5599 2502
5600 2503
5601 2501
5602 2506
5603 2502
5604 2502
5605 2502
5606 2502
5607 2502
5608 2502
5609 2502
5610 2502
5611 2502
5612 2502
5613 2502
5614 2502
5615 2501
5616 2501
5617 2501
5618 2503
5619 2501
5620 2501
5621 2501
5622 2501
5623 2501
5624 2501
5625 2501
5626 2501
5627 2501
5628 2501
5629 2501
5630 2501
5631 2501
5632 2501
5633 2501
5634 2501
5635 2501
5636 2501
5637 2501
5638 2501
5639 2501
5640 2501
5641 2501
5642 2501
5643 2501
5644 2501
5645 2501
5646 2501
5647 2501
5648 2501
5649 2501
5650 2501
5651 2501
5652 2501
5653 2501
5654 2500
5655 2500
5656 2501
5657 2500
5658 2500
5659 2500
5660 2500
5661 2500
5662 2500
5663 2500
5664 2500
5665 2500
5666 2500
5667 2500
5668 2500
5669 2500
5670 2500
5671 2500
5672 2500
5673 2500
5674 2500
5675 2500
5676 2500
5677 2500
5678 2500
5679 2499
5680 2499
5681 2499
5682 2499
5683 2499
5684 2499
5685 2500
5686 2499
5687 2499
5688 2499
5689 2499
5690 2499
5691 2499
5692 2499
5693 2499
5694 2499
5695 2499
5696 2499
5697 2499
5698 2499
5699 2499
5700 2499
5701 2499
5702 2499
5703 2500
5704 2500
5705 2499
5706 2499
5707 2499
5708 2499
5709 2499
5710 2499
5711 2499
5712 2499
5713 2500
5714 2500
5715 2500
5716 2500
5717 2500
5718 2500
5719 2500
5720 2500
5721 2500
5722 2500
5723 2500
5724 2500
5725 2500
5726 2500
5727 2500
5728 2500
5729 2500
5730 2500
5731 2500
5732 2501
5733 2501
5734 2501
5735 2501
5736 2501
5737 2501
5738 2501
5739 2501
5740 2500
5741 2500
5742 2501
5743 2500
5744 2501
5745 2501
5746 2501
5747 2501
5748 2501
5749 2501
5750 2501
5751 2501
5752 2501
5753 2501
5754 2501
5755 2501
5756 2501
5757 2501
5758 2501
5759 2501
5760 2501
5761 2501
5762 2501
5763 2501
5764 2501
5765 2501
5766 2501
5767 2501
5768 2501
5769 2501
5770 2501
5771 2501
5772 2501
5773 2500
5774 2501
5775 2501
5776 2501
5777 2501
5778 2501
5779 2501
5780 2501
5781 2501
5782 2501
5783 2501
5784 2501
5785 2501
5786 2501
5787 2501
5788 2501
5789 2501
5790 2501
5791 2500
5792 2500
5793 2501
5794 2501
5795 2501
5796 2500
5797 2500
5798 2500
5799 2500
5800 2500
5801 2500
5802 2500
5803 2503
5804 2500
5805 2499
5806 2499
5807 2499
5808 2499
5809 2499
5810 2499
5811 2499
5812 2499
5813 2499
5814 2499
5815 2499
5816 2499
5817 2499
5818 2499
5819 2499
5820 2499
5821 2499
5822 2499
5823 2499
5824 2499
5825 2499
5826 2499
5827 2499
5828 2499
5829 2499

5138 2528
5139 2531
5140 2531
5141 2531
5142 2532
5143 2525
5144 2529
5145 2535
5146 2529
5147 2530
5148 2537
5149 2538
5150 2532
5151 2536
5152 2525
5153 2533
5154 2525
5155 2526
5156 2533
5157 2534
5158 2533
5159 2533
5160 2535
5161 2524
5162 2538
5163 2525
5164 2530
5165 2530
5166 2532
5167 2531
5168 2531
5169 2531
5170 2524
5171 2536
5172 2534
5173 2532
5174 2532
5175 2525
5176 2533
5177 2527
5178 2531
5179 2536
5180 2531
5181 2533
5182 2534
5183 2533
5184 2524
5185 2524
5186 2531
5187 2536
5188 2535
5189 2536
5190 2527
5191 2532
5192 2532
5193 2530
5194 2524
5195 2523
5196 2525
5197 2536
5198 2526
5199 2532
5200 2533
5201 2523
5202 2527
5203 2528
5204 2528
5205 2525
5206 2536
5207 2523
5208 2523
5209 2535
5210 2524
5211 2531
5212 2536
5213 2523
5214 2524
5215 2523
5216 2530
5217 2523
5218 2524
5219 2529
5220 2532
5221 2528
5222 2530
5223 2523
5224 2535
5225 2535
5226 2533
5227 2530
5228 2529
5229 2523
5230 2536
5231 2535
5232 2531
5233 2523
5234 2523
5235 2528
5236 2531
5237 2529
5238 2532
5239 2530
5240 2529
5241 2528
5242 2531
5243 2531
5244 2529
5245 2532
5246 2527
5247 2528
5248 2528
5249 2530
5250 2528
5251 2531
5252 2530
5253 2531
5254 2533
5255 2531
5256 2532
5257 2532
5258 2531
5259 2530
5260 2522
5261 2532
5262 2532
5263 2536
5264 2536
5265 2534
5266 2534
5267 2536
5268 2524
5269 2526
5270 2523
5271 2530
5272 2529
5273 2532
5274 2530
5275 2530
5276 2531
5277 2529
5278 2529
5279 2529
5280 2529
5281 2530
5282 2529
5283 2531
5284 2532
5285 2530
5286 2532
5287 2531
5288 2531
5289 2530
5290 2531
5291 2531
5292 2531
5293 2531
5294 2531
5295 2528
5296 2531
5297 2531
5298 2530
5299 2527
5300 2524
5301 2529
5302 2527
5303 2529
5304 2528
5305 2527
5306 2529
5307 2529
5308 2528
5309 2528
5310 2527
5311 2528
5312 2528
5313 2528
5314 2527
5315 2536
5316 2529
5317 2528
5318 2527
5319 2534
5320 2529
5321 2528
5322 2529
5323 2527
5324 2527
5325 2528
5326 2528
5327 2525
5328 2530
5329 2536
5330 2528
5331 2528
5332 2528
5333 2530
5334 2531
5335 2525
5336 2534
5337 2528
5338 2528
5339 2527
5340 2535
5341 2524
5342 2529
5343 2534
5344 2533
5345 2530
5346 2530
5347 2529
5348 2529
5349 2528
5350 2528
5351 2529
5352 2529
5353 2528
5354 2529
5355 2529
5356 2528
5357 2528
5358 2528
5359 2528
5360 2533
5361 2528
5362 2528
5363 2526
5364 2528
5365 2528
5366 2528
5367 2522
5368 2526
5369 2529
5370 2532
5371 2533
5372 2525
5373 2528
5374 2528
5375 2530
5376 2528
5377 2530
5378 2528
5379 2530
5380 2531
5381 2532
5382 2529
5383 2527
5384 2528
5385 2522
5386 2531
5387 2531
5388 2534
5389 2525
5390 2529
5391 2528
5392 2528
5393 2527
5394 2522
5395 2522
5396 2528
5397 2527
5398 2528
5399 2522
5400 2524
5401 2529
5402 2534
5403 2535
5404 2531
5405 2527
5406 2522
5407 2522
5408 2529
5409 2528
5410 2529
5411 2531
5412 2527
5413 2528
5414 2532
5415 2534
5416 2531
5417 2524
5418 2529
5419 2530
5420 2530
5421 2528
5422 2530
5423 2529
5424 2529
5425 2529
5426 2529
5427 2538
5428 2531
5429 2528
5430 2538
5431 2528
5432 2530
5433 2525
5434 2536
5435 2536
5436 2537
5437 2537
5438 2533
5439 2532
5440 2532
5441 2531
5442 2532
5443 2531
5444 2531
5445 2534
5446 2532
5447 2540
5448 2535
5449 2537
5450 2531
5451 2533
5452 2532
5453 2532
5454 2533
5455 2532
5456 2532
5457 2536
5458 2532
5459 2534
5460 2533
5461 2529
5462 2533
5463 2539
5464 2539
5465 2533
5466 2538
5467 2541
5468 2535
5469 2533
5470 2532
5471 2533
5472 2533
5473 2533
5474 2540
5475 2532
5476 2530
5477 2538
5478 2534
5479 2535
5480 2534
5481 2533
5482 2532
5483 2534
5484 2532
5485 2532
5486 2534
5487 2532
5488 2531
5489 2532
5490 2532
5491 2532
5492 2532
5493 2532
5494 2532
5495 2531
5496 2529
5497 2532
5498 2535
5499 2535
5500 2531
5501 2531
5502 2529
5503 2525
5504 2536
5505 2533
5506 2533
5507 2531
5508 2531
5509 2530
5510 2529
5511 2529
5512 2530
5513 2529
5514 2529
5515 2530
5516 2531
5517 2536
5518 2529
5519 2529
5520 2531
5521 2529
5522 2529
5523 2529
5524 2528
5525 2532
5526 2528
5527 2529
5528 2529
5529 2529
5530 2530
5531 2521
5532 2526
5533 2528
5534 2527
5535 2531
5536 2526
5537 2527
5538 2527
5539 2526
5540 2525
5541 2526
5542 2527
5543 2527
5544 2526
5545 2526
5546 2526
5547 2532
5548 2528
5549 2527
5550 2524
5551 2526
5552 2525
5553 2527
5554 2525
5555 2525
5556 2532
5557 2525
5558 2527
5559 2527
5560 2527
5561 2527
5562 2526
5563 2525
5564 2525
5565 2525
5566 2526
5567 2518
5568 2524
5569 2525
5570 2530
5571 2524
5572 2525
5573 2524
5574 2524
5575 2524
5576 2524
5577 2524
5578 2517
5579 2524
5580 2530
5581 2525
5582 2524
5583 2525
5584 2518
5585 2525
5586 2525
5587 2526
5588 2526
5589 2525
5590 2524
5591 2526
5592 2530
5593 2526
5594 2525
5595 2525
5596 2525
5597 2525
5598 2528
5599 2524
5600 2524
5601 2523
5602 2526
5603 2526
5604 2526
5605 2527
5606 2523
5607 2530
5608 2518
5609 2521
5610 2518
5611 2526
5612 2521
5613 2527
5614 2526
5615 2527
5616 2527
5617 2522
5618 2530
5619 2532
5620 2527
5621 2525
5622 2526
5623 2525
5624 2526
5625 2526
5626 2525
5627 2528
5628 2526
5629 2524
5630 2526
5631 2525
5632 2526
5633 2526
5634 2525
5635 2527
5636 2527
5637 2527
5638 2526
5639 2526
5640 2527
5641 2522
5642 2528
5643 2531
5644 2528
5645 2526
5646 2527
5647 2527
5648 2527
5649 2527
5650 2527
5651 2527
5652 2526
5653 2525
5654 2525
5655 2533
5656 2525
5657 2525
5658 2525
5659 2526
5660 2526
5661 2527
5662 2526
5663 2527
5664 2522
5665 2525
5666 2527
5667 2526
5668 2526
5669 2533
5670 2527
5671 2525
5672 2524
5673 2524
5674 2524
5675 2523
5676 2525
5677 2523
5678 2523
5679 2525
5680 2524
5681 2524
5682 2517
5683 2529
5684 2523
5685 2525
5686 2525
5687 2530
5688 2528
5689 2526
5690 2526
5691 2522
5692 2520
5693 2521
5694 2521
5695 2521
5696 2525
5697 2526
5698 2521
5699 2521
5700 2523
5701 2521
5702 2520
5703 2520
5704 2522
5705 2520
5706 2520
5707 2524
5708 2524
5709 2520
5710 2523
5711 2520
5712 2520
5713 2520
5714 2521
5715 2519
5716 2520
5717 2523
5718 2520
5719 2520
5720 2520
5721 2520
5722 2521
5723 2522
5724 2519
5725 2522
5726 2523
5727 2512
5728 2512
5729 2523
5730 2515
5731 2512
5732 9999
5733 2516
5734 9999
5735 2519
5736 2526
5737 9999
5738 9999
5739 2525
5740 2519
5741 2518
5742 9999
5743 2519
5744 9999
5745 2520
5746 9999
5747 2517
5748 9999
5749 2519
5750 2519
5751 2520
5752 2519
5753 9999
5754 2520
5755 2520
5756 2518
5757 2519
5758 2519
5759 2521
5760 9999
5761 9999
5762 9999
5763 2520
5764 9999
5765 2519
5766 2519
5767 2515
5768 9999
5769 9999
5770 9999
5771 2519
5772 9999
5773 2518
5774 2516
5775 2516
5776 2518
5777 2517
5778 9999
5779 9999
5780 9999
5781 9999
5782 2514
5783 2516
5784 9999
5785 9999
5786 9999
5787 2516
5788 9999
5789 9999
5790 9999
5791 2514
5792 9999
5793 2521
5794 2518
5795 2518
5796 9999
5797 2522
5798 9999
5799 9999
5800 2517
5801 2517
5802 2512
5803 9999
5804 2520
5805 2519
5806 9999
5807 2516
5808 2517
5809 2518
5810 2518
5811 2518
5812 2518
5813 2518
5814 2519
5815 2519
5816 2519
5817 2518
5818 2518
5819 2519
5820 2518
5821 2520
5822 2523
5823 2523
5824 2518
5825 2518
5826 2518
5827 2518

