1 2528
2 2521
3 2521
4 2521
5 2521
6 2519
7 2519
8 2518
9 2518
10 2517
11 2516
12 2515
13 2515
14 2515
15 2514
16 2514
17 2514
18 2513
19 2514
20 2513
21 2513
22 2513
23 2512
24 2512
25 2511
26 2512
27 2512
28 2511
29 2512
30 2512
31 2511
32 2514
33 2511
34 2512
35 2512
36 2512
37 2512
38 2512
39 2512
40 2512
41 2512
42 2511
43 2511
44 2511
45 2513
46 2512
47 2512
48 2512
49 2512
50 2512
51 2512
52 2513
53 2513
54 2512
55 2513
56 2513
57 2513
58 2514
59 2515
60 2515
61 2517
62 2519
63 2519
64 2517
65 2518
66 2519
67 2516
68 2519
69 2519
70 2518
71 2516
72 2526
73 2513
74 2513
75 2514
76 2514
77 2514
78 2514
79 2517
80 2514
81 2515
82 2515
83 2514
84 2514
85 2515
86 2515
87 2514
88 2514
89 2515
90 2515
91 2515
92 2514
93 2514
94 2514
95 2515
96 2526
97 2526
98 2515
99 2515
100 2516
101 2516
102 2515
103 2515
104 2515
105 2515
106 2515
107 2514
108 2515
109 2515
110 2515
111 2515
112 2517
113 2514
114 2514
115 2514
116 2514
117 2514
118 2514
119 2528
120 2528
121 2527
122 2527
123 2528
124 2515
125 2527
126 2514
127 2514
128 2528
129 2516
130 2518
131 2517
132 2517
133 2517
134 2516
135 2516
136 2517
137 2517
138 2517
139 2516
140 2516
141 2526
142 2516
143 2526
144 2526
145 2518
146 2515
147 2515
148 2527
149 2527
150 2516
151 2516
152 2516
153 2527
154 2528
155 2528
156 2516
157 2516
158 2517
159 2516
160 2516
161 2517
162 2519
163 2519
164 2519
165 2516
166 2516
167 2517
168 2525
169 2518
170 2518
171 2518
172 2517
173 2518
174 2517
175 2518
176 2519
177 2519
178 2519
179 2527
180 2519
181 2520
182 2520
183 2523
184 2527
185 2518
186 2518
187 2518
188 2518
189 2518
190 2517
191 2518
192 2521
193 2518
194 2518
195 2518
196 2518
197 2519
198 2519
199 2519
200 2518
201 2518
202 2518
203 2518
204 2518
205 2518
206 2518
207 2525
208 2518
209 2523
210 2519
211 2519
212 2518
213 2518
214 2518
215 2519
216 2518
217 2518
218 2522
219 2528
220 2516
221 2516
222 2516
223 2519
224 2522
225 2518
226 2528
227 2528
228 2519
229 2518
230 2518
231 2518
232 2517
233 2518
234 2519
235 2518
236 2517
237 2517
238 2517
239 2518
240 2518
241 2518
242 2518
243 2520
244 2519
245 2517
246 2519
247 2518
248 2520
249 2518
250 2518
251 2517
252 2518
253 2520
254 2518
255 2518
256 2517
257 2518
258 2516
259 2515
260 2516
261 2526
262 2515
263 2516
264 2516
265 2517
266 2519
267 2520
268 2516
269 2522
270 2516
271 2517
272 2517
273 2526
274 2517
275 2517
276 2517
277 2517
278 2516
279 2517
280 2520
281 2517
282 2518
283 2518
284 2519
285 2520
286 2520
287 2522
288 2522
289 2521
290 2521
291 2522
292 2522
293 2523
294 2521
295 2524
296 2521
297 2520
298 2521
299 2521
300 2520
301 2520
302 2521
303 2521
304 2522
305 2523
306 2522
307 2521
308 2523
309 2523
310 2523
311 2523
312 2522
313 2522
314 2522
315 2521
316 2522
317 2521
318 2522
319 2522
320 2521
321 2521
322 2521
323 2521
324 2521
325 2520
326 2521
327 2522
328 2527
329 2520
330 2520
331 2520
332 2520
333 2521
334 2521
335 2521
336 2521
337 2521
338 2520
339 2520
340 2520
341 2520
342 2520
343 2520
344 2520
345 2520
346 2520
347 2520
348 2520
349 2520
350 2520
351 2520
352 2520
353 2520
354 2520
355 2520
356 2520
357 2520
358 2520
359 2519
360 2519
361 2518
362 2520
363 2520
364 2519
365 2520
366 2519
367 2519
368 2518
369 2519
370 2522
371 2521
372 2520
373 2520
374 2520
375 2520
376 2520
377 2520
378 2519
379 2523
380 2524
381 2519
382 2519
383 2519
384 2519
385 2519
386 2519
387 2526
388 2523
389 2525
390 2519
391 2519
392 2519
393 2519
394 2519
395 2518
396 2518
397 2530
398 2518
399 2518
400 2519
401 2526
402 2525
403 2526
404 2519
405 2518
406 2517
407 2518
408 2518
409 2518
410 2518
411 2518
412 2518
413 2518
414 2520
415 2517
416 2517
417 2517
418 2517
419 2530
420 2520
421 2515
422 2515
423 2516
424 2518
425 2519
426 2519
427 2519
428 2519
429 2517
430 2517
431 2517
432 2517
433 2517
434 2518
435 2518
436 2518
437 2518
438 2519
439 2519
440 2518
441 2518
442 2519
443 2518
444 2519
445 2518
446 2519
447 2519
448 2519
449 2519
450 2520
451 2520
452 2520
453 2520
454 2520
455 2520
456 2520
457 2521
458 2520
459 2522
460 2523
461 2523
462 2524
463 2523
464 2524
465 2520
466 2520
467 2520
468 2520
469 2520
470 2520
471 2520
472 2520
473 2520
474 2520
475 2521
476 2520
477 2520
478 2520
479 2520
480 2520
481 2520
482 2520
483 2520
484 2520
485 2520
486 2519
487 2519
488 2519
489 2519
490 2519
491 2519
492 2520
493 2520
494 2520
495 2520
496 2520
497 2519
498 2519
499 2519
500 2519
501 2518
502 2519
503 2520
504 2522
505 2521
506 2521
507 2521
508 2522
509 2522
510 2523
511 2526
512 2521
513 2521
514 2522
515 2521
516 2522
517 2521
518 2521
519 2522
520 2525
521 2521
522 2522
523 2523
524 2522
525 2522
526 2521
527 2522
528 2522
529 2522
530 2522
531 2522
532 2522
533 2523
534 2523
535 2522
536 2522
537 2522
538 2523
539 2523
540 2523
541 2523
542 2523
543 2523
544 2523
545 2524
546 2523
547 2524
548 2524
549 2523
550 2524
551 2523
552 2522
553 2522
554 2523
555 2522
556 2522
557 2521
558 2520
559 2520
560 2520
561 2520
562 2520
563 2520
564 2520
565 2520
566 2519
567 2520
568 2519
569 2519
570 2519
571 2519
572 2519
573 2520
574 2520
575 2520
576 2520
577 2525
578 2520
579 2520
580 2520
581 2520
582 2521
583 2519
584 2518
585 2520
586 2519
587 2519
588 2519
589 2520
590 2521
591 2519
592 2522
593 2518
594 2518
595 2517
596 2517
597 2517
598 2522
599 2518
600 2520
601 2520
602 2519
603 2519
604 2520
605 2519
606 2518
607 2519
608 2518
609 2521
610 2521
611 2519
612 2518
613 2517
614 2517
615 2518
616 2517
617 2517
618 2518
619 2518
620 2518
621 2518
622 2518
623 2518
624 2518
625 2518
626 2517
627 2518
628 2520
629 2517
630 2518
631 2523
632 2519
633 2519
634 2519
635 2519
636 2519
637 2519
638 2519
639 2519
640 2519
641 2519
642 2519
643 2519
644 2520
645 2520
646 2519
647 2530
648 2519
649 2519
650 2519
651 2520
652 2518
653 2521
654 2521
655 2522
656 2516
657 2523
658 2524
659 2520
660 2519
661 2519
662 2519
663 2519
664 2520
665 2519
666 2520
667 2520
668 2519
669 2519
670 2519
671 2519
672 2520
673 2519
674 2520
675 2522
676 2519
677 2519
678 2519
679 2521
680 2519
681 2518
682 2519
683 2519
684 2523
685 2519
686 2519
687 2519
688 2520
689 2519
690 2518
691 2519
692 2520
693 2520
694 2520
695 2518
696 2518
697 2520
698 2519
699 2518
700 2529
701 2520
702 2518
703 2521
704 2517
705 2517
706 2520
707 2521
708 2517
709 2517
710 2517
711 2517
712 2518
713 2518
714 2518
715 2519
716 2519
717 2518
718 2519
719 2527
720 2518
721 2523
722 2526
723 2520
724 2527
725 2522
726 2520
727 2519
728 2517
729 2519
730 2519
731 2522
732 2519
733 2518
734 2518
735 2518
736 2515
737 2516
738 2518
739 2519
740 2516
741 2515
742 2517
743 2522
744 2513
745 2514
746 2512
747 2519
748 2518
749 2512
750 2521
751 2519
752 2514
753 2518
754 2519
755 2519
756 2516
757 2517
758 2519
759 2517
760 2517
761 2516
762 2516
763 2517
764 2516
765 2518
766 2516
767 2516
768 2516
769 2519
770 2518
771 2518
772 2519
773 2520
774 2516
775 2515
776 2514
777 2519
778 2519
779 2515
780 2516
781 2517
782 2523
783 2518
784 2516
785 2516
786 2517
787 2517
788 2515
789 2516
790 2521
791 2516
792 2516
793 2516
794 2517
795 2515
796 2516
797 2515
798 2515
799 2514
800 2514
801 2515
802 2515
803 2515
804 2515
805 2515
806 2515
807 2515
808 2514
809 2516
810 2515
811 2515
812 2516
813 2516
814 2517
815 2515
816 2515
817 2515
818 2514
819 2515
820 2515
821 2516
822 2516
823 2515
824 2514
825 2515
826 2515
827 2516
828 2514
829 2517
830 2516
831 2516
832 2516
833 2516
834 2516
835 2516
836 2515
837 2515
838 2514
839 2515
840 2513
841 2514
842 2515
843 2513
844 2513
845 2513
846 2513
847 2515
848 2515
849 2514
850 2514
851 2514
852 2514
853 2514
854 2514
855 2514
856 2514
857 2514
858 2514
859 2514
860 2514
861 2514
862 2514
863 2517
864 2512
865 2513
866 2513
867 2514
868 2514
869 2514
870 2514
871 2513
872 2513
873 2513
874 2513
875 2513
876 2514
877 2514
878 2516
879 2514
880 2514
881 2513
882 2513
883 2513
884 2513
885 2513
886 2516
887 2513
888 2519
889 2513
890 2514
891 2513
892 2516
893 2516
894 2511
895 2512
896 2512
897 2512
898 2512
899 2519
900 2513
901 2524
902 2512
903 2511
904 2512
905 2517
906 2512
907 2511
908 2512
909 2513
910 2513
911 2513
912 2514
913 2514
914 2515
915 2515
916 2514
917 2515
918 2514
919 2514
920 2515
921 2515
922 2515
923 2518
924 2513
925 2513
926 2516
927 2512
928 2514
929 2512
930 2511
931 2510
932 2511
933 2512
934 2512
935 2512
936 2513
937 2513
938 2513
939 2513
940 2513
941 2513
942 2513
943 2513
944 2513
945 2512
946 2512
947 2517
948 2512
949 2512
950 2515
951 2515
952 2512
953 2513
954 2512
955 2512
956 2512
957 2513
958 2513
959 2513
960 2512
961 2512
962 2512
963 2512
964 2512
965 2512
966 2512
967 2513
968 2514
969 2513
970 2513
971 2513
972 2514
973 2512
974 2513
975 2513
976 2513
977 2512
978 2512
979 2513
980 2513
981 2513
982 2513
983 2512
984 2512
985 2512
986 2512
987 2512
988 2513
989 2513
990 2513
991 2513
992 2513
993 2513
994 2513
995 2513
996 2513
997 2513
998 2513
999 2513
1000 2513
1001 2513
1002 2513
1003 2513
1004 2513
1005 2513
1006 2513
1007 2513
1008 2513
1009 2513
1010 2513
1011 2511
1012 2511
1013 2511
1014 2511
1015 2512
1016 2512
1017 2516
1018 2511
1019 2510
1020 2510
1021 2509
1022 2510
1023 2510
1024 2514
1025 2518
1026 2514
1027 2509
1028 2508
1029 2517
1030 2514
1031 2508
1032 2512
1033 2513
1034 2509
1035 2512
1036 2512
1037 2512
1038 2512
1039 2512
1040 2511
1041 2511
1042 2511
1043 2511
1044 2510
1045 2510
1046 2509
1047 2510
1048 2509
1049 2509
1050 2515
1051 2512
1052 2511
1053 2511
1054 2511
1055 2511
1056 2512
1057 2512
1058 2513
1059 2509
1060 2509
1061 2514
1062 2513
1063 2509
1064 2509
1065 2509
1066 2509
1067 2510
1068 2510
1069 2511
1070 2510
1071 2510
1072 2515
1073 2512
1074 2514
1075 2511
1076 2510
1077 2510
1078 2509
1079 2513
1080 2514
1081 2510
1082 2511
1083 2509
1084 2512
1085 2509
1086 2516
1087 2511
1088 2508
1089 2509
1090 2510
1091 2513
1092 2513
1093 2510
1094 2509
1095 2509
1096 2509
1097 2509
1098 2510
1099 2516
1100 2509
1101 2509
1102 2513
1103 2514
1104 2510
1105 2511
1106 2510
1107 2509
1108 2509
1109 2509
1110 2510
1111 2509
1112 2509
1113 2509
1114 2510
1115 2511
1116 2510
1117 2510
1118 2510
1119 2511
1120 2511
1121 2510
1122 2510
1123 2510
1124 2511
1125 2510
1126 2510
1127 2509
1128 2509
1129 2509
1130 2509
1131 2509
1132 2509
1133 2509
1134 2509
1135 2509
1136 2506
1137 2506
1138 2513
1139 2506
1140 2506
1141 2506
1142 2506
1143 2506
1144 2507
1145 2506
1146 2506
1147 2506
1148 2506
1149 2506
1150 2507
1151 2508
1152 2508
1153 2508
1154 2512
1155 2509
1156 2508
1157 2505
1158 2505
1159 2511
1160 2508
1161 2506
1162 2506
1163 2515
1164 2512
1165 2510
1166 2510
1167 2511
1168 2508
1169 2508
1170 2508
1171 2508
1172 2507
1173 2507
1174 2512
1175 2507
1176 2507
1177 2507
1178 2507
1179 2509
1180 2507
1181 2507
1182 2510
1183 2507
1184 2510
1185 2508
1186 2507
1187 2509
1188 2508
1189 2508
1190 2507
1191 2507
1192 2507
1193 2507
1194 2507
1195 2506
1196 2506
1197 2506
1198 2505
1199 2505
1200 2505
1201 2506
1202 2505
1203 2506
1204 2505
1205 2505
1206 2506
1207 2506
1208 2506
1209 2506
1210 2506
1211 2507
1212 2506
1213 2506
1214 2506
1215 2506
1216 2507
1217 2507
1218 2508
1219 2507

