879 2507
880 2504
881 2502
882 2503
883 2502
884 2501
885 2500
886 2501
887 2501
888 2501
889 2501
890 2504
891 2502
892 2504
893 2504
894 2504
895 2504
896 2510
897 2504
898 2503
899 2504
900 2503
901 2512
902 2513
903 2506
904 2505
905 2505
906 2504
907 2503
908 2504
909 2504
910 2512
911 2516
912 2512
913 2511
914 2504
915 2504
916 2504
917 2503
918 2502
919 2503
920 2510
921 2510
922 2504
923 2504
924 2510
925 2508
926 2507
927 2507
928 2507
929 2507
930 2513
931 2509
932 2509
933 2507
934 2507
935 2505
936 2504
937 2513
938 2504
939 2508
940 2502
941 2502
942 2501
943 2502
944 2503
945 2503
946 2504
947 2514
948 2504
949 2505
950 2504
951 2505
952 2504
953 2504
954 2503
955 2503
956 2503
957 2502
958 2503
959 2502
960 2502
961 2506
962 2504
963 2504
964 2506
965 2506
966 2506
967 2504
968 2504
969 2504
970 2505
971 2504
972 2508
973 2509
974 2505
975 2503
976 2504
977 2506
978 2504
979 2502
980 2502
981 2502
982 2503
983 2502
984 2509
985 2508
986 2502
987 2503
988 2504
989 2504
990 2504
991 2505
992 2507
993 2511
994 2511
995 2513
996 2509
997 2510
998 2506
999 2511
1000 2507
1001 2514
1002 2507
1003 2505
1004 2506
1005 2505
1006 2506
1007 2506
1008 2506
1009 2506
1010 2506
1011 2507
1012 2510
1013 2507
1014 2506
1015 2508
1016 2507
1017 2507
1018 2507
1019 2506
1020 2507
1021 2509
1022 2508
1023 2507
1024 2507
1025 2506
1026 2510
1027 2506
1028 2508
1029 2507
1030 2507
1031 2508
1032 2507
1033 2506
1034 2510
1035 2508
1036 2508
1037 2509
1038 2507
1039 2507
1040 2507
1041 2507
1042 2507
1043 2507
1044 2507
1045 2506
1046 2506
1047 2506
1048 2506
1049 2506
1050 2506
1051 2506
1052 2506
1053 2506
1054 2506
1055 2506
1056 2507
1057 2507
1058 2507
1059 2507
1060 2506
1061 2507
1062 2507
1063 2506
1064 2506
1065 2506
1066 2507
1067 2507
1068 2507
1069 2507
1070 2506
1071 2506
1072 2506
1073 2509
1074 2510
1075 2507
1076 2510
1077 2508
1078 2505
1079 2506
1080 2506
1081 2508
1082 2506
1083 2506
1084 2508
1085 2506
1086 2511
1087 2506
1088 2511
1089 2506
1090 2506
1091 2507
1092 2505
1093 2505
1094 2506
1095 2506
1096 2506
1097 2506
1098 2510
1099 2509
1100 2508
1101 2510
1102 2509
1103 2505
1104 2505
1105 2509
1106 2504
1107 2505
1108 2509
1109 2504
1110 2504
1111 2503
1112 2503
1113 2505
1114 2506
1115 2504
1116 2508
1117 2505
1118 2505
1119 2505
1120 2506
1121 2506
1122 2506
1123 2505
1124 2505
1125 2505
1126 2507
1127 2506
1128 2505
1129 2505
1130 2505
1131 2505
1132 2505
1133 2504
1134 2509
1135 2506
1136 2505
1137 2504
1138 2506
1139 2506
1140 2505
1141 2504
1142 2504
1143 2503
1144 2508
1145 2507
1146 2507
1147 2507
1148 2508
1149 2505
1150 2506
1151 2506
1152 2505
1153 2506
1154 2506
1155 2506
1156 2506
1157 2505
1158 2506
1159 2506
1160 2506
1161 2506
1162 2505
1163 2505
1164 2510
1165 2510
1166 2509
1167 2511
1168 2505
1169 2510
1170 2505
1171 2505
1172 2506
1173 2507
1174 2503
1175 2506
1176 2504
1177 2509
1178 2504
1179 2504
1180 2503
1181 2504
1182 2500
1183 2503
1184 2502
1185 2503
1186 2499
1187 2505
1188 2499
1189 2517
1190 2515
1191 2514
1192 2517
1193 2514
1194 2501
1195 2497
1196 2497
1197 2512
1198 2517
1199 2514
1200 2505
1201 2517
1202 2506
1203 2509
1204 2507
1205 2506
1206 2507
1207 2502
1208 2507
1209 2506
1210 2507
1211 2506
1212 2506
1213 2505
1214 2508
1215 2506
1216 2507
1217 2507
1218 2507
1219 2507
1220 2509
1221 2509
1222 2508
1223 2510
1224 2507
1225 2506
1226 2508
1227 2508
1228 2509
1229 2506
1230 2507
1231 2507
1232 2506
1233 2506
1234 2507
1235 2507
1236 2506
1237 2506
1238 2506
1239 2507
1240 2506
1241 2509
1242 2506
1243 2507
1244 2507
1245 2507
1246 2510
1247 2507
1248 2506
1249 2505
1250 2505
1251 2505
1252 2511
1253 2505
1254 2505
1255 2508
1256 2504
1257 2504
1258 2504
1259 2505
1260 2510
1261 2509
1262 2509
1263 2504
1264 2509
1265 2509
1266 2507
1267 2510
1268 2505
1269 2507
1270 2504
1271 2509
1272 2509
1273 2509
1274 2504
1275 2505
1276 2505
1277 2511
1278 2505
1279 2506
1280 2505
1281 2507
1282 2506
1283 2506
1284 2509
1285 2506
1286 2506
1287 2505
1288 2506
1289 2506
1290 2506
1291 2506
1292 2506
1293 2509
1294 2509
1295 2506
1296 2506
1297 2506
1298 2509
1299 2505
1300 2505
1301 2505
1302 2505
1303 2505
1304 2505
1305 2505
1306 2505
1307 2504
1308 2504
1309 2505
1310 2506
1311 2505
1312 2505
1313 2505
1314 2505
1315 2505
1316 2505
1317 2505
1318 2505
1319 2505
1320 2505
1321 2505
1322 2505
1323 2505
1324 2505
1325 2505
1326 2505
1327 2505
1328 2505
1329 2505
1330 2504
1331 2504
1332 2504
1333 2505
1334 2504
1335 2504
1336 2505
1337 2505
1338 2505
1339 2504
1340 2504
1341 2504
1342 2504
1343 2505
1344 2505
1345 2505
1346 2504
1347 2504
1348 2503
1349 2503
1350 2504
1351 2503
1352 2507
1353 2504
1354 2503
1355 2503
1356 2503
1357 2503
1358 2503
1359 2503
1360 2503
1361 2503
1362 2503
1363 2503
1364 2503
1365 2502
1366 2503
1367 2503
1368 2502
1369 2503
1370 2502
1371 2502
1372 2502
1373 2502
1374 2503
1375 2503
1376 2503
1377 2503
1378 2503
1379 2503
1380 2503
1381 2503
1382 2503
1383 2503
1384 2502
1385 2502
1386 2502
1387 2502
1388 2503
1389 2503
1390 2502
1391 2502
1392 2501
1393 2506
1394 2501
1395 2501
1396 2501
1397 2501
1398 2501
1399 2501
1400 2501
1401 2503
1402 2501
1403 2501
1404 2501
1405 2501
1406 2501
1407 2501
1408 2506
1409 2503
1410 2504
1411 2502
1412 2499
1413 2499
1414 2499
1415 2500
1416 2506
1417 2502
1418 2503
1419 2502
1420 2502
1421 2501
1422 2501
1423 2502
1424 2501
1425 2501
1426 2501
1427 2501
1428 2501
1429 2501
1430 2501
1431 2501
1432 2501
1433 2501
1434 2501
1435 2501
1436 2502
1437 2504
1438 2500
1439 2501
1440 2501
1441 2501
1442 2502
1443 2501
1444 2501
1445 2501
1446 2501
1447 2501
1448 2501
1449 2501
1450 2500
1451 2504
1452 2501
1453 2501
1454 2501
1455 2501
1456 2505
1457 2500
1458 2501
1459 2502
1460 2501
1461 2500
1462 2501
1463 2501
1464 2507
1465 2500
1466 2501
1467 2501
1468 2504
1469 2499
1470 2504
1471 2501
1472 2501
1473 2502
1474 2504
1475 2498
1476 2504
1477 2503
1478 2499
1479 2499
1480 2499
1481 2500
1482 2501
1483 2500
1484 2500
1485 2500
1486 2499
1487 2500
1488 2500
1489 2508
1490 2503
1491 2501
1492 2500
1493 2500
1494 2500
1495 2500
1496 2500
1497 2500
1498 2500
1499 2500
1500 2500
1501 2500
1502 2499
1503 2499
1504 2499
1505 2500
1506 2499
1507 2499
1508 2499
1509 2499
1510 2500
1511 2499
1512 2499
1513 2499
1514 2499
1515 2499
1516 2499
1517 2499
1518 2499
1519 2499
1520 2499
1521 2499
1522 2499
1523 2499
1524 2499
1525 2499
1526 2499
1527 2499
1528 2499
1529 2499
1530 2499
1531 2498
1532 2499
1533 2498
1534 2499
1535 2498
1536 2498
1537 2498
1538 2498
1539 2498
1540 2498
1541 2498
1542 2498
1543 2498
1544 2498
1545 2498
1546 2498
1547 2498
1548 2498
1549 2498
1550 2498
1551 2498
1552 2498
1553 2498
1554 2498
1555 2498
1556 2498
1557 2498
1558 2498
1559 2498
1560 2498
1561 2498
1562 2498
1563 2498
1564 2498
1565 2498
1566 2498
1567 2498
1568 2498
1569 2498
1570 2498
1571 2498
1572 2498
1573 2498
1574 2498
1575 2498
1576 2498
1577 2498
1578 2498
1579 2498
1580 2498
1581 2498
1582 2498
1583 2497
1584 2498
1585 2498
1586 2498
1587 2498
1588 2498
1589 2498
1590 2498
1591 2498
1592 2498
1593 2498
1594 2498
1595 2498
1596 2498
1597 2498
1598 2498
1599 2498
1600 2498
1601 2498
1602 2498
1603 2498
1604 2498
1605 2498
1606 2498
1607 2498
1608 2498
1609 2498
1610 2498
1611 2499
1612 2499
1613 2498
1614 2498
1615 2498
1616 2498
1617 2498
1618 2498
1619 2498
1620 2498
1621 2498
1622 2498
1623 2498
1624 2498
1625 2498
1626 2498
1627 2498
1628 2498
1629 2498
1630 2498
1631 2498
1632 2498
1633 2498
1634 2498
1635 2498
1636 2498
1637 2498
1638 2498
1639 2498
1640 2498
1641 2498
1642 2498
1643 2498
1644 2498
1645 2498
1646 2498
1647 2498
1648 2498
1649 2498
1650 2498
1651 2498
1652 2498
1653 2498
1654 2498
1655 2498
1656 2498
1657 2498
1658 2498
1659 2498
1660 2498
1661 2498
1662 2498
1663 2498
1664 2498
1665 2498
1666 2498
1667 2498
1668 2498
1669 2498
1670 2498
1671 2498
1672 2498
1673 2498
1674 2498
1675 2498
1676 2498
1677 2497
1678 2497
1679 2497
1680 2497
1681 2497
1682 2498
1683 2499
1684 2497
1685 2497
1686 2497
1687 2497
1688 2497
1689 2497
1690 2498
1691 2498
1692 2498
1693 2498
1694 2497
1695 2498
1696 2498
1697 2497
1698 2497
1699 2498
1700 2497
1701 2497
1702 2497
1703 2497
1704 2497
1705 2497
1706 2497
1707 2497
1708 2497
1709 2497
1710 2497
1711 2497
1712 2497
1713 2497
1714 2497
1715 2496
1716 2497
1717 2497
1718 2497
1719 2497
1720 2497
1721 2496
1722 2497
1723 2496
1724 2496
1725 2496
1726 2496
1727 2496
1728 2496
1729 2496
1730 2496
1731 2496
1732 2496
1733 2496
1734 2496
1735 2497
1736 2496
1737 2496
1738 2496
1739 2496
1740 2495
1741 2495
1742 2496
1743 2496
1744 2495
1745 2495
1746 2495
1747 2495
1748 2496
1749 2495
1750 2494
1751 2495
1752 2495
1753 2495
1754 2496
1755 2494
1756 2494
1757 2494
1758 2494
1759 2494
1760 2494
1761 2494
1762 2494
1763 2494
1764 2494
1765 2494
1766 2494
1767 2494
1768 2494
1769 2493
1770 2493
1771 2494
1772 2494
1773 2494
1774 2493
1775 2493
1776 2494
1777 2493
1778 2493
1779 2494
1780 2494
1781 2494
1782 2494
1783 2494
1784 2493
1785 2493
1786 2493
1787 2493
1788 2493
1789 2493
1790 2493
1791 2493
1792 2493
1793 2493
1794 2493
1795 2493
1796 2493
1797 2493
1798 2493
1799 2493
1800 2493
1801 2493
1802 2493
1803 2493
1804 2493
1805 2493
1806 2493
1807 2493
1808 2493
1809 2492
1810 2492
1811 2492
1812 2493
1813 2495
1814 2492
1815 2492
1816 2493
1817 2493
1818 2493
1819 2493
1820 2493
1821 2493
1822 2493
1823 2493
1824 2493
1825 2492
1826 2492
1827 2493
1828 2493
1829 2492
1830 2492
1831 2497
1832 2492
1833 2492
1834 2492
1835 2492
1836 2492
1837 2492
1838 2493
1839 2492
1840 2493
1841 2492
1842 2492
1843 2492
1844 2492
1845 2496
1846 2493
1847 2494
1848 2493
1849 2493
1850 2494
1851 2493
1852 2493
1853 2493
1854 2493
1855 2493
1856 2493
1857 2492
1858 2492
1859 2492
1860 2492
1861 2492
1862 2492
1863 2492
1864 2492
1865 2492
1866 2492
1867 2492
1868 2492
1869 2492
1870 2492
1871 2492
1872 2492
1873 2492
1874 2492
1875 2492
1876 2492
1877 2492
1878 2492
1879 2492
1880 2492
1881 2492
1882 2492
1883 2491
1884 2492
1885 2491
1886 2492
1887 2492
1888 2492
1889 2492
1890 2492
1891 2492
1892 2492
1893 2492
1894 2492
1895 2492
1896 2492
1897 2492
1898 2492
1899 2492
1900 2492
1901 2492
1902 2492
1903 2492
1904 2491
1905 2491
1906 2492
1907 2491
1908 2492
1909 2491
1910 2491
1911 2491
1912 2491
1913 2491
1914 2491
1915 2495
1916 2491
1917 2491
1918 2491
1919 2491
1920 2491
1921 2491
1922 2491
1923 2491
1924 2491
1925 2491
1926 2491
1927 2491
1928 2491
1929 2491
1930 2491
1931 2491
1932 2491
1933 2491
1934 2491
1935 2491
1936 2491
1937 2491
1938 2490
1939 2491
1940 2490
1941 2490
1942 2490
1943 2490
1944 2490
1945 2490
1946 2490
1947 2490
1948 2490
1949 2490
1950 2490
1951 2490
1952 2490
1953 2491
1954 2491
1955 2491
1956 2491
1957 2490
1958 2490
1959 2490
1960 2490
1961 2490
1962 2490
1963 2490
1964 2490
1965 2490
1966 2490
1967 2490
1968 2490
1969 2490
1970 2490
1971 2490
1972 2490
1973 2490
1974 2490
1975 2490
1976 2490
1977 2490
1978 2490
1979 2490
1980 2490
1981 2490
1982 2490
1983 2490
1984 2490
1985 2490
1986 2490
1987 2490
1988 2490
1989 2490
1990 2490
1991 2490
1992 2490
1993 2490
1994 2490
1995 2490
1996 2490
1997 2489
1998 2489
1999 2490
2000 2490
2001 2490
2002 2489
2003 2490
2004 2490
2005 2490
2006 2489
2007 2490
2008 2490
2009 2490
2010 2489
2011 2490
2012 2489
2013 2490
2014 2490
2015 2490
2016 2490
2017 2490
2018 2490
2019 2490
2020 2490
2021 2490
2022 2489
2023 2490
2024 2489
2025 2490
2026 2490
2027 2490
2028 2490
2029 2489
2030 2490
2031 2490
2032 2490
2033 2490
2034 2490
2035 2490
2036 2490
2037 2489
2038 2489
2039 2490
2040 2489
2041 2489
2042 2490
2043 2490
2044 2490
2045 2490
2046 2490
2047 2490
2048 2490
2049 2490
2050 2490
2051 2490
2052 2490
2053 2490
2054 2490
2055 2490
2056 2490
2057 2490
2058 2490
2059 2490
2060 2490
2061 2489
2062 2489
2063 2490
2064 2489
2065 2489
2066 2490
2067 2490
2068 2489
2069 2490
2070 2489
2071 2489
2072 2490
2073 2489
2074 2489
2075 2489
2076 2489
2077 2489
2078 2489
2079 2489
2080 2489
2081 2489
2082 2489
2083 2489
2084 2488
2085 2489
2086 2489
2087 2489
2088 2489
2089 2489
2090 2489
2091 2489
2092 2489
2093 2489
2094 2488
2095 2488
2096 2489
2097 2489
2098 2488
2099 2488
2100 2488
2101 2488
2102 2489
2103 2489
2104 2488
2105 2488
2106 2488
2107 2488
2108 2488
2109 2489
2110 2488
2111 2488
2112 2488
2113 2488
2114 2488
2115 2488
2116 2488
2117 2488
2118 2488
2119 2492
2120 2489
2121 2488
2122 2488
2123 2488
2124 2488
2125 2488
2126 2488
2127 2488
2128 2488
2129 2488
2130 2488
2131 2488
2132 2488
2133 2488
2134 2488
2135 2488
2136 2488
2137 2488
2138 2488
2139 2488
2140 2488
2141 2488
2142 2488
2143 2488
2144 2489
2145 2489
2146 2489
2147 2488
2148 2488
2149 2488
2150 2488
2151 2488
2152 2489
2153 2488
2154 2489
2155 2488
2156 2489
2157 2489
2158 2488
2159 2488
2160 2489
2161 2489
2162 2489
2163 2488
2164 2488
2165 2488
2166 2488
2167 2488
2168 2488
2169 2488
2170 2488
2171 2488
2172 2488
2173 2488
2174 2488
2175 2488
2176 2488
2177 2488
2178 2488
2179 2488
2180 2488
2181 2488
2182 2488
2183 2488
2184 2488
2185 2489
2186 2489
2187 2488
2188 2489
2189 2489
2190 2489
2191 2489
2192 2489
2193 2489
2194 2489
2195 2489
2196 2489
2197 2489
2198 2489
2199 2489
2200 2489
2201 2489
2202 2489
2203 2489
2204 2489
2205 2489
2206 2489
2207 2488
2208 2489
2209 2489
2210 2489
2211 2489
2212 2489
2213 2489
2214 2489
2215 2489
2216 2489
2217 2489
2218 2489
2219 2489
2220 2489
2221 2489
2222 2489
2223 2489
2224 2489
2225 2489
2226 2489
2227 2489
2228 2489
2229 2489
2230 2489
2231 2489
2232 2489
2233 2489
2234 2489
2235 2489
2236 2489
2237 2489
2238 2489
2239 2489
2240 2489
2241 2489
2242 2489
2243 2489
2244 2489
2245 2489
2246 2489
2247 2489
2248 2489
2249 2489
2250 2489
2251 2489
2252 2489
2253 2489
2254 2489
2255 2489
2256 2489
2257 2489
2258 2489
2259 2489
2260 2489
2261 2489
2262 2489
2263 2489
2264 2489
2265 2489
2266 2489
2267 2489
2268 2489
2269 2489
2270 2489
2271 2489
2272 2489
2273 2489
2274 2489
2275 2489
2276 2489
2277 2489
2278 2489
2279 2489
2280 2489
2281 2489
2282 2489
2283 2489
2284 2489
2285 2489
2286 2489
2287 2489
2288 2489
2289 2489
2290 2489
2291 2489
2292 2489
2293 2488
2294 2489
2295 2489
2296 2489
2297 2489
2298 2488
2299 2489
2300 2488
2301 2489
2302 2489
2303 2488
2304 2489
2305 2489
2306 2489
2307 2489
2308 2489
2309 2489
2310 2489
2311 2489
2312 2489
2313 2489
2314 2489
2315 2489
2316 2489
2317 2489
2318 2489
2319 2489
2320 2489
2321 2489
2322 2488
2323 2489
2324 2489
2325 2488
2326 2489
2327 2489
2328 2488
2329 2489
2330 2489
2331 2489
2332 2489
2333 2489
2334 2489
2335 2488
2336 2488
2337 2489
2338 2488
2339 2488
2340 2489
2341 2488
2342 2488
2343 2489
2344 2488
2345 2489
2346 2488
2347 2488
2348 2488
2349 2488
2350 2490
2351 2489
2352 2489
2353 2489
2354 2488
2355 2488
2356 2488
2357 2488
2358 2488
2359 2488
2360 2488
2361 2488
2362 2488
2363 2488
2364 2488
2365 2488
2366 2488
2367 2488
2368 2488
2369 2488
2370 2487
2371 2488
2372 2488
2373 2488
2374 2487
2375 2488
2376 2487
2377 2487
2378 2487
2379 2488
2380 2487
2381 2487
2382 2487
2383 2488
2384 2488
2385 2487
2386 2487
2387 2487
2388 2487
2389 2487
2390 2487
2391 2487
2392 2487
2393 2487
2394 2487
2395 2487
2396 2488
2397 2487
2398 2487
2399 2487
2400 2487
2401 2487
2402 2487
2403 2488
2404 2487
2405 2487
2406 2487
2407 2487
2408 2487
2409 2487
2410 2488
2411 2487
2412 2488
2413 2488
2414 2488
2415 2488
2416 2487
2417 2488
2418 2488
2419 2488
2420 2488
2421 2488
2422 2488
2423 2488
2424 2488
2425 2488
2426 2488
2427 2488
2428 2487
2429 2487
2430 2488
2431 2488
2432 2488
2433 2488
2434 2488
2435 2488
2436 2488
2437 2488
2438 2488
2439 2488
2440 2488
2441 2488
2442 2487
2443 2488
2444 2488
2445 2487
2446 2488
2447 2488
2448 2488
2449 2488
2450 2488
2451 2488
2452 2488
2453 2488
2454 2488
2455 2488
2456 2488
2457 2488
2458 2488
2459 2488
2460 2488
2461 2488
2462 2488
2463 2488
2464 2488
2465 2488
2466 2488
2467 2488
2468 2488
2469 2488
2470 2488
2471 2488
2472 2488
2473 2488
2474 2488
2475 2488
2476 2488
2477 2488
2478 2488
2479 2488
2480 2488
2481 2488
2482 2488
2483 2488
2484 2488
2485 2488
2486 2488
2487 2488
2488 2488
2489 2488
2490 2488
2491 2488
2492 2488
2493 2488
2494 2488
2495 2488
2496 2488
2497 2488
2498 2488
2499 2488
2500 2488
2501 2488
2502 2488
2503 2488
2504 2488
2505 2488
2506 2488
2507 2488
2508 2488
2509 2488
2510 2488
2511 2488
2512 2488
2513 2488
2514 2488
2515 2488
2516 2488
2517 2488
2518 2488
2519 2488
2520 2488
2521 2488
2522 2488
2523 2488
2524 2488
2525 2488
2526 2488
2527 2488
2528 2488
2529 2488
2530 2488
2531 2488
2532 2488
2533 2488
2534 2488
2535 2488
2536 2488
2537 2488
2538 2488
2539 2488
2540 2488
2541 2488
2542 2488
2543 2488
2544 2488
2545 2488
2546 2488
2547 2488
2548 2488
2549 2488
2550 2488
2551 2488
2552 2488
2553 2488
2554 2488
2555 2488
2556 2488
2557 2488
2558 2489
2559 2489
2560 2488
2561 2488
2562 2488
2563 2488
2564 2488
2565 2488
2566 2488
2567 2488
2568 2488
2569 2488
2570 2488
2571 2488
2572 2488
2573 2488
2574 2489
2575 2488
2576 2488
2577 2488
2578 2488
2579 2489
2580 2488
2581 2488
2582 2488
2583 2488
2584 2488
2585 2488
2586 2488
2587 2488
2588 2488
2589 2488
2590 2488
2591 2487
2592 2487
2593 2487
2594 2487
2595 2487
2596 2487
2597 2487
2598 2487
2599 2487
2600 2487
2601 2487
2602 2487
2603 2487
2604 2488
2605 2488
2606 2489
2607 2489
2608 2488
2609 2489
2610 2489
2611 2489
2612 2489
2613 2489
2614 2488
2615 2489
2616 2489
2617 2489
2618 2489
2619 2489
2620 2489
2621 2490
2622 2489
2623 2489
2624 2489
2625 2490
2626 2490
2627 2490
2628 2490
2629 2490
2630 2490
2631 2490
2632 2490
2633 2489
2634 2490
2635 2489
2636 2490
2637 2489
2638 2489
2639 2489
2640 2489
2641 2488
2642 2489
2643 2488
2644 2488
2645 2487
2646 2487
2647 2487
2648 2487
2649 2487
2650 2487
2651 2487
2652 2487
2653 2486
2654 2487
2655 2487
2656 2487
2657 2487
2658 2487
2659 2487
2660 2487
2661 2487
2662 2487
2663 2487
2664 2487
2665 2486
2666 2486
2667 2486
2668 2486
2669 2486
2670 2485
2671 2485
2672 2486
2673 2485
2674 2486
2675 2485
2676 2486
2677 2485
2678 2485
2679 2485
2680 2485
2681 2486
2682 2486
2683 2487
2684 2486
2685 2487
2686 2487
2687 2486
2688 2486
2689 2487
2690 2486
2691 2487
2692 2487
2693 2487
2694 2487
2695 2486
2696 2486
2697 2486
2698 2486
2699 2486
2700 2486
2701 2486
2702 2486
2703 2486
2704 2486
2705 2486
2706 2487
2707 2487
2708 2499
2709 2493
2710 2491
2711 2495
2712 2498
2713 2486
2714 2486
2715 2487
2716 2485
2717 2484
2718 2484
2719 2484
2720 2484
2721 2485
2722 2485
2723 2485
2724 2485
2725 2485
2726 2485
2727 2485
2728 2486
2729 2485
2730 2485
2731 2486
2732 2486
2733 2486
2734 2486
2735 2486
2736 2486
2737 2486
2738 2486
2739 2486
2740 2485
2741 2485
2742 2486
2743 2486
2744 2485
2745 2489
2746 2490
2747 2488
2748 2486
2749 2486
2750 2485
2751 2486
2752 2485
2753 2485
2754 2485
2755 2485
2756 2485
2757 2485
2758 2485
2759 2485
2760 2485
2761 2485
2762 2485
2763 2484
2764 2484
2765 2487
2766 2484
2767 2484
2768 2485
2769 2488
2770 2496

1461 2531
1462 2531
1463 2531
1464 2537
1465 2533
1466 2536
1467 2532
1468 2531
1469 2532
1470 2540
1471 2538
1472 2535
1473 2545
1474 2536
1475 2538
1476 2540
1477 2537
1478 2531
1479 2537
1480 2542
1481 2544
1482 2538
1483 2530
1484 2542
1485 2542
1486 2544
1487 2530
1488 2530
1489 2530
1490 2534
1491 2534
1492 2538
1493 2544
1494 2539
1495 2535
1496 2530
1497 2532
1498 2536
1499 2539
1500 2538
1501 2536
1502 2538
1503 2536
1504 2537
1505 2537
1506 2537
1507 2541
1508 2538
1509 2537
1510 2536
1511 2537
1512 2536
1513 2540
1514 2541
1515 2536
1516 2536
1517 2536
1518 2537
1519 2542
1520 2536
1521 2536
1522 2536
1523 2537
1524 2533
1525 2535
1526 2536
1527 2538
1528 2536
1529 2539
1530 2536
1531 2535
1532 2535
1533 2541
1534 2540
1535 2535
1536 2534
1537 2539
1538 2536
1539 2529
1540 2543
1541 2537
1542 2536
1543 2541
1544 2540
1545 2531
1546 2536
1547 2536
1548 2537
1549 2536
1550 2535
1551 2530
1552 2531
1553 2535
1554 2530
1555 2535
1556 2535
1557 2535
1558 2535
1559 2535
1560 2534
1561 2535
1562 2535
1563 2535
1564 2538
1565 2535
1566 2536
1567 2534
1568 2534
1569 2535
1570 2537
1571 2534
1572 2534
1573 2535
1574 2533
1575 2534
1576 2533
1577 2534
1578 2538
1579 2534
1580 2533
1581 2534
1582 2539
1583 2533
1584 2533
1585 2533
1586 2534
1587 2533
1588 2534
1589 2534
1590 2533
1591 2537
1592 2535
1593 2535
1594 2535
1595 2535
1596 2538
1597 2541
1598 2534
1599 2534
1600 2535
1601 2537
1602 2535
1603 2535
1604 2535
1605 2540
1606 2534
1607 2535
1608 2537
1609 2535
1610 2535
1611 2535
1612 2535
1613 2535
1614 2535
1615 2535
1616 2536
1617 2535
1618 2533
1619 2543
1620 2536
1621 2529
1622 2540
1623 2534
1624 2539
1625 2534
1626 2537
1627 2535
1628 2535
1629 2542
1630 2542
1631 2543
1632 2537
1633 2535
1634 2537
1635 2540
1636 2540
1637 2531
1638 2533
1639 2536
1640 2539
1641 2543
1642 2535
1643 2537
1644 2543
1645 2538
1646 2537
1647 2536
1648 2535
1649 2535
1650 2541
1651 2529
1652 2539
1653 2538
1654 2538
1655 2540
1656 2542
1657 2536
1658 2539
1659 2535
1660 2543
1661 2537
1662 2535
1663 2534
1664 2540
1665 2539
1666 2535
1667 2536
1668 2535
1669 2536
1670 2538
1671 2535
1672 2534
1673 2534
1674 2539
1675 2538
1676 2534
1677 2530
1678 2535
1679 2541
1680 2536
1681 2543
1682 2529
1683 2536
1684 2533
1685 2538
1686 2533
1687 2536
1688 2536
1689 2535
1690 2534
1691 2534
1692 2535
1693 2528
1694 2538
1695 2538
1696 2528
1697 2533
1698 2527
1699 2539
1700 2533
1701 2529
1702 2536
1703 2536
1704 2540
1705 2532
1706 2526
1707 2530
1708 2532
1709 2528
1710 2530
1711 2532
1712 2532
1713 2538
1714 2525
1715 2531
1716 2532
1717 2532
1718 2528
1719 2530
1720 2530
1721 2529
1722 2528
1723 2527
1724 2530
1725 2529
1726 2525
1727 2524
1728 2530
1729 2524
1730 2525
1731 2523
1732 2528
1733 2532
1734 2532
1735 2532
1736 2531
1737 2525
1738 2530
1739 2533
1740 2525
1741 2524
1742 2529
1743 2528
1744 2528
1745 2534
1746 2521
1747 2525
1748 2533
1749 2522
1750 2531
1751 2529
1752 2525
1753 2533
1754 2526
1755 2530
1756 2522
1907 2512
1908 2512
1909 2505
1910 2509
1911 2511
1912 2510
1913 2513
1914 2511
1915 2511
1916 2510
1917 2510
1918 2509
1919 2510
1920 2509
1921 2509
1922 2510
1923 2510
1924 2508
1925 2509
1926 2510
1927 2510
1928 2509
1929 2514
1930 2508
1931 2509
1932 2512
1933 2510
1934 2505
1935 2508
1936 2504
1937 2508
1938 2505
1939 2504
1940 2507
1941 2504
1942 2518
1943 2503
1944 2506
1945 2507
1946 2506
1947 2508
1948 2508
1949 2508
1950 2509
1951 2508
1952 2508
1953 2508
1954 2508
1955 2508
1956 2503
1957 2510
1958 2503
1959 2510
1960 2506
1961 2508
1962 2510
1963 2504
1964 2508
1965 2508
1966 2508
1967 2508
1968 2510
1969 2513
1970 2510
1971 2509
1972 2509
1973 2511
1974 2511
1975 2506
1976 2506
1977 2511
1978 2508
1979 2508
1980 2507
1981 2508
1982 2507
1983 2508
1984 2509
1985 2508
1986 2507
1987 2512
1988 2504
1989 2508
1990 2506
1991 2509
1992 2508
1993 2508
1994 2508
1995 2508
1996 2509
1997 2501
1998 2501
1999 9999
2000 2509
2001 2509
2002 2508
2003 2508
2004 2508
2005 2506
2006 2504
2007 2505
2008 2507
2009 2507
2010 2508
2011 2508
2012 2505
2013 2508
2014 2508
2015 2507
2016 2508
2017 2508
2018 2508
2019 2502
2020 2502
2021 2509
2022 2514
2023 2510
2024 2508
2025 2508
2026 2508
2027 2509
2028 2509
2029 2510
2030 2510
2031 2510
2032 2509
2033 2509
2034 2510
2035 2507
2036 2509
2037 2509
2038 2509
2039 2512
2040 2515
2041 2506
2042 2518
2352 2516
2353 2520
2354 2514
2355 2515
2356 2512
2357 2517
2358 2516
2359 2511
2360 2516
2361 2513
2362 2514
2363 2507
2364 2517
2365 2506
2366 2509
2367 2517
2368 2508
2369 2515
2370 2506
2371 2516
2372 2518
2373 2519
2374 2512
2375 2511
2376 2510
2377 2511
2378 2512
2379 2512
2380 2517
2381 2511
2382 2512
2383 2511
2384 2515
2385 2516
2386 2506
2387 2517
2388 2513
2389 2506
2390 2511
2391 2507
2392 2506
2393 2519
2394 2519
2395 2508
2396 2512
2397 2506
2398 2506
2399 2513
2400 2510
2401 2512
2402 2512
2403 2512
2404 2516
2405 2512
2406 2513
2407 2511
2408 2512
2409 2512
2410 2512
2411 2512
2412 2512
2413 2512
2414 2511
2415 2510
2416 2515
2417 2508
2418 2505
2419 2511
2420 2511
2421 2511
2422 2511
2423 2510
2424 2507
2425 2509
2426 2510
2427 2510
2428 2509
2429 2508
2430 2509
2431 2507
2432 2511
2433 2514
2434 2502
2435 2502
2436 2502
2437 2503
2438 2513
2439 2511
2440 2510
2441 2510
2442 2513
2443 2514
2444 2515
2445 2509
2446 2510
2447 2509
2448 2509
2449 2509
2450 2508
2451 2509
2452 2508
2453 2508
2454 2500
2455 2508
2456 2508
2457 2508
2458 2504
2459 2512
2460 2505
2461 2507
2462 9999
2463 2508
2464 9999
2465 2507
2466 2507
2467 2506
2468 9999
2469 2513
2470 9999
2471 2506
2472 2506
2473 2506
2474 2506
2475 9999
2476 2502
2477 2506
2478 2507
2479 2507
2480 2507
2481 2506
2482 2506
2483 2506
2484 9999
2485 9999
2486 2503
2487 2505
2488 2505
2489 2505
2490 2505
2491 2505
2492 2506
2493 9999
2494 2506
2495 2506
2496 2505
2497 2506
2498 2506
2499 2507
2500 2506
2501 2506
2502 2506
2503 2505
2504 2506
2505 2505
2506 9999
2507 2500
2508 2508
2509 9999
2510 2505
2511 2503
2512 2503
2513 2502
2514 2506
2515 9999
2516 2508
2517 9999
2518 9999
2519 2507
2520 9999
2521 2503
2522 2504
2523 9999
2524 9999
2525 9999
2526 2500
2527 9999
2528 2507
2529 2507
2530 2506
2531 2506
2532 2509
2533 9999
2534 2506
2535 2506
2536 2505
2537 2505
2538 2506
2539 2507
2540 2502
2541 9999
2542 2506
2543 9999
2544 2506
2545 2506
2546 2506
2547 2505
2548 2504
2549 9999
2550 9999
2551 2510
2552 2500
2553 2507
2554 2507
2555 9999
2556 2511
2557 2500
2558 9999
2559 2506
2560 9999
2561 9999
2562 9999
2563 2504
2564 9999
2565 9999
2566 9999
2567 9999
2568 2504
2569 2505
2570 2503
2571 2503
2572 2500
2573 9999
2574 2502
2575 2504
2576 2506
2577 2504
2578 2504
2579 2505
2580 2505
2581 2504
2582 2505
2583 2504
2584 9999
2585 2506
2586 2506
2587 2507
2588 9999
2589 9999
2590 2501
2591 2500
2592 2499
2593 2499
2594 9999
2595 2501
2596 2501
2597 2504
2598 2500
2599 2500
2600 2503
2601 2508
2602 2503
2603 2502
2604 2502
2605 2503
2606 2504
2607 2507
2608 2507
2609 2517
2610 2515
2611 2508
2612 2513
2613 2511
2614 2511
2615 2509
2616 2509
2617 2513
2618 2509
2619 2510
2620 2519
2621 2509
2622 2508
2623 2508
2624 2518
2625 2518
2626 2511
2627 2511
2628 2511
2629 2511
2630 2512
2631 2512
2632 2514
2633 2514
2634 2510
2635 2511
2636 2512
2637 2511
2638 2508
2639 2510
2640 2517
2641 2513
2642 2519
2643 2507
2644 2505
2645 2509
2646 2509
2647 2507
2648 2508
2649 2509
2650 2508
2651 2506
2652 2506
2653 2503

