1653 2514
1654 2514
1655 2516
1656 2511
1657 2510
1658 2510
1659 2512
1660 2512
1661 2513
1662 2512
1663 2512
1664 2511
1665 2511
1666 2512
1667 2514
1668 2513
1669 2513
1670 2517
1671 2518
1672 2519
1673 2520
1674 2521
1675 2518
1676 2510
1677 2513
1678 2511
1679 2518
1680 2513
1681 2511
1682 2511
1683 2511
1684 2511
1685 2519
1686 2521
1687 2513
1688 2522
1689 2514
1690 2513
1691 2524
1692 2513
1693 2513
1694 2513
1695 2513
1696 2513
1697 2513
1698 2513
1699 2513
1700 2512
1701 2513
1702 2513
1703 2512
1704 2512
1705 2512
1706 2512
1707 2512
1708 2512
1709 2513
1710 2512
1711 2512
1712 2511
1713 2513
1714 2513
1715 2512
1716 2511
1717 2512
1718 2512
1719 2513
1720 2512
1721 2511
1722 2512
1723 2511
1724 2510
1725 2511
1726 2511
1727 2510
1728 2511
1729 2512
1730 2513
1731 2512
1732 2510
1733 2511
1734 2510
1735 2510
1736 2510
1737 2509
1738 2509
1739 2509
1740 2510
1741 2508
1742 2508
1743 2510
1744 2508
1745 2511
1746 2522
1747 2507
1748 2508
1749 2509
1750 2511
1751 2508
1752 2508
1753 2509
1754 2508
1755 2509
1756 2509
1757 2509
1758 2509
1759 2509
1760 2509
1761 2508
1762 2508
1763 2508
1764 2520
1765 2508
1766 2518
1767 2520
1768 2507
1769 2520
1770 2523
1771 2506
1772 2507
1773 2507
1774 2506
1775 2512
1776 2512
1777 2511
1778 2510
1779 2511
1780 2511
1781 2510
1782 2510
1783 2511
1784 2514
1785 2518
1786 2509
1787 2509
1788 2519
1789 2510
1790 2511
1791 2512
1792 2512
1793 2511
1794 2511
1795 2511
1796 2511
1797 2511
1798 2511
1799 2511
1800 2511
1801 2511
1802 2511
1803 2511
1804 2511
1805 2511
1806 2511
1807 2511
1808 2510
1809 2510
1810 2511
1811 2512
1812 2513
1813 2513
1814 2512
1815 2511
1816 2514
1817 2517
1818 2516
1819 2516
1820 2517
1821 2518
1822 2509
1823 2509
1824 2510
1825 2510
1826 2510
1827 2510
1828 2511
1829 2511
1830 2514
1831 2511
1832 2518
1833 2510
1834 2510
1835 2511
1836 2517
1837 2510
1838 2510
1839 2510
1840 2511
1841 2511
1842 2511
1843 2511
1844 2510
1845 2513
1846 2512
1847 2511
1848 2510
1849 2510
1850 2511
1851 2511
1852 2511
1853 2511
1854 2512
1855 2511
1856 2511
1857 2510
1858 2508
1859 2508
1860 2508
1861 2509
1862 2508
1863 2509
1864 2508
1865 2509
1866 2509
1867 2509
1868 2509
1869 2510
1870 2508
1871 2508
1872 2508
1873 2508
1874 2508
1875 2509
1876 2509
1877 2510
1878 2511
1879 2511
1880 2511
1881 2511
1882 2511
1883 2511
1884 2519
1885 2511
1886 2511
1887 2510
1888 2511
1889 2512
1890 2511
1891 2511
1892 2511
1893 2511
1894 2511
1895 2512
1896 2511
1897 2510
1898 2511
1899 2510
1900 2510
1901 2510
1902 2511
1903 2511
1904 2511
1905 2511
1906 2511
1907 2511
1908 2511
1909 2510
1910 2510
1911 2510
1912 2510
1913 2510
1914 2520
1915 2509
1916 2509
1917 2507
1918 2506
1919 2506
1920 2507
1921 2506
1922 2507
1923 2507
1924 2509
1925 2508
1926 2508
1927 2509
1928 2510
1929 2510
1930 2510
1931 2511
1932 2510
1933 2511
1934 2511
1935 2511
1936 2511
1937 2511
1938 2511
1939 2511
1940 2511
1941 2511
1942 2513
1943 2510
1944 2511
1945 2511
1946 2514
1947 2510
1948 2509
1949 2509
1950 2510
1951 2510
1952 2510
1953 2509
1954 2509
1955 2509
1956 2509
1957 2509
1958 2509
1959 2509
1960 2508
1961 2509
1962 2508
1963 2508
1964 2508
1965 2508
1966 2509
1967 2509
1968 2508
1969 2509
1970 2509
1971 2508
1972 2508
1973 2509
1974 2508
1975 2509
1976 2507
1977 2507
1978 2508
1979 2507
1980 2508
1981 2508
1982 2508
1983 2508
1984 2508
1985 2508
1986 2508
1987 2507
1988 2508
1989 2507
1990 2507
1991 2507
1992 2507
1993 2507
1994 2508
1995 2508
1996 2508
1997 2508
1998 2509
1999 2511
2000 2506
2001 2507
2002 2507
2003 2506
2004 2507
2005 2506
2006 2506
2007 2506
2008 2506
2009 2506
2010 2510
2011 2505
2012 2506
2013 2510
2014 2508
2015 2507
2016 2508
2017 2507
2018 2507
2019 2506
2020 2506
2021 2506
2022 2505
2023 2506
2024 2505
2025 2505
2026 2505
2027 2506
2028 2504
2029 2504
2030 2504
2031 2503
2032 2503
2033 2504
2034 2504
2035 2502
2036 2502
2037 2502
2038 2502
2039 2503
2040 2504
2041 2505
2042 2503
2043 2503
2044 2503
2045 2508
2046 2504
2047 2506
2048 2508
2049 2505
2050 2506
2051 2505
2052 2505
2053 2504
2054 2505
2055 2505
2056 2505
2057 2505
2058 2505
2059 2504
2060 2504
2061 2504
2062 2504
2063 2504
2064 2504
2065 2509
2066 2505
2067 2505
2068 2505
2069 2504
2070 2504
2071 2504
2072 2505
2073 2505
2074 2505
2075 2504
2076 2505
2077 2504
2078 2505
2079 2506
2080 2505
2081 2505
2082 2506
2083 2505
2084 2505
2085 2505
2086 2505
2087 2505
2088 2505
2089 2506
2090 2506
2091 2507
2092 2507
2093 2509
2094 2506
2095 2507
2096 2507
2097 2506
2098 2506
2099 2508
2100 2508
2101 2508
2102 2510
2103 2509
2104 2509
2105 2510
2106 2508
2107 2508
2108 2508
2109 2507
2110 2507
2111 2507
2112 2506
2113 2507
2114 2507
2115 2506
2116 2507
2117 2506
2118 2505
2119 2505
2120 2504
2121 2504
2122 2505
2123 2506
2124 2506
2125 2507
2126 2508
2127 2510
2128 2510
2129 2511
2130 2512
2131 2513
2132 2513
2133 2513
2134 2511
2135 2511
2136 2509
2137 2508
2138 2508
2139 2510
2140 2508
2141 2509
2142 2512
2143 2513
2144 2513
2145 2516
2146 2513
2147 2511
2148 2511
2149 2511
2150 2513
2151 2512
2152 2512
2153 2512
2154 2509
2155 2507
2156 2509
2157 2506
2158 2506
2159 2507
2160 2508
2161 2509
2162 2510
2163 2510
2164 2511
2165 2509
2166 2508
2167 2511
2168 2507
2169 2507
2170 2515
2171 2514
2172 2514
2173 2513
2174 2513
2175 2507
2176 2519
2177 2506
2178 2505
2179 2511
2180 2505
2181 2510
2182 2505
2183 2508
2184 2505
2185 2507
2186 2507
2187 2510
2188 2507
2189 2508
2190 2510
2191 2509
2192 2508
2193 2509
2194 2508
2195 2508
2196 2507
2197 2507
2198 2507
2199 2506
2200 2506
2201 2510
2202 2505
2203 2506
2204 2506
2205 2505
2206 2507
2207 2507
2208 2508
2209 2508
2210 2507
2211 2508
2212 2511
2213 2508
2214 2509
2215 2509
2216 2506
2217 2508
2218 2506
2219 2507
2220 2508
2221 2507
2222 2507
2223 2507
2224 2507
2225 2507
2226 2507
2227 2508
2228 2507
2229 2508
2230 2513
2231 2508
2232 2513
2233 2506
2234 2508
2235 2508
2236 2507
2237 2509
2238 2510
2239 2509
2240 2509
2241 2512
2242 2508
2243 2509
2244 2509
2245 2509
2246 2509
2247 2508
2248 2508
2249 2521
2250 2508
2251 2516
2252 2512
2253 2521
2254 2512
2255 2509
2256 2509
2257 2510
2258 2511
2259 2510
2260 2510
2261 2510
2262 2509
2263 2509
2264 2511
2265 2509
2266 2510
2267 2510
2268 2512
2269 2509
2270 2509
2271 2508
2272 2510
2273 2510
2274 2511
2275 2509
2276 2509
2277 2508
2278 2509
2279 2510
2280 2509
2281 2509
2282 2509
2283 2511
2284 2510
2285 2511
2286 2510
2287 2510
2288 2510
2289 2510
2290 2510
2291 2510
2292 2510
2293 2511
2294 2509
2295 2513
2296 2509
2297 2515
2298 2511
2299 2511
2300 2511
2301 2510
2302 2509
2303 2510
2304 2513
2305 2510
2306 2509
2307 2509
2308 2513
2309 2508
2310 2509
2311 2509
2312 2509
2313 2509
2314 2509
2315 2509
2316 2509
2317 2509
2318 2510
2319 2512
2320 2510
2321 2510
2322 2511
2323 2511
2324 2511
2325 2512
2326 2512
2327 2511
2328 2513
2329 2511
2330 2511
2331 2512
2332 2512
2333 2512
2334 2525
2335 2513
2336 2517
2337 2517
2338 2517
2339 2516
2340 2514
2341 2513
2342 2513
2343 2516
2344 2514
2345 2515
2346 2514
2347 2516
2348 2517
2349 2515
2350 2515
2351 2516
2352 2517
2353 2517
2354 2516
2355 2517
2356 2517
2357 2517
2358 2517
2359 2516
2360 2516
2361 2520
2362 2516
2363 2516
2364 2516
2365 2516
2366 2516
2367 2515
2368 2515
2369 2516
2370 2520
2371 2516
2372 2515
2373 2516
2374 2515
2375 2517
2376 2515
2377 2521
2378 2516
2379 2517
2380 2531
2381 2514
2382 2517
2383 2515
2384 2517
2385 2518
2386 2517
2387 2516
2388 2516
2389 2521
2390 2515
2391 2517
2392 2517
2393 2517
2394 2511
2395 2516
2396 2514
2397 2515
2398 2516
2399 2516
2400 2517
2401 2517
2402 2517
2403 2517
2404 2518
2405 2518
2406 2517
2407 2517
2408 2521
2409 2522
2410 2519
2411 2518
2412 2525
2413 2518
2414 2518
2415 2518
2416 2518
2417 2518
2418 2518
2419 2519
2420 2519
2421 2519
2422 2519
2423 2519
2424 2519
2425 2519
2426 2518
2427 2517
2428 2518
2429 2521
2430 2519
2431 2519
2432 2517
2433 2519
2434 2516
2435 2518
2436 2518
2437 2517
2438 2521
2439 2519
2440 2517
2441 2517
2442 2517
2443 2517
2444 2516
2445 2530
2446 2527
2447 2532
2448 2526
2449 2524
2450 2525
2451 2528
2452 2529
2453 2527
2454 2533
2455 2521
2456 2524
2457 2520
2458 2525
2459 2513
2460 2513
2461 2514
2462 2514
2463 2517
2464 2517
2465 2514
2466 2515
2467 2515
2468 2514
2469 2516
2470 2516
2471 2518
2472 2518
2473 2518
2474 2518
2475 2514
2476 2516
2477 2516
2478 2513
2479 2514
2480 2514
2481 2514
2482 2514
2483 2513
2484 2514
2485 2516
2486 2514
2487 2515
2488 2516
2489 2515
2490 2511
2491 2514
2492 2514
2493 2520
2494 2511
2495 2510
2496 2510
2497 2511
2498 2513
2499 2513
2500 2512
2501 2512
2502 2512
2503 2511
2504 2510
2505 2517
2506 2510
2507 2511
2508 2511
2509 2511
2510 2512
2511 2512
2512 2512
2513 2512
2514 2512
2515 2511
2516 2514
2517 2512
2518 2511
2519 2512
2520 2511
2521 2511
2522 2511
2523 2510
2524 2513
2525 2514
2526 2511
2527 2511
2528 2512
2529 2512
2530 2512
2531 2512
2532 2513
2533 2512
2534 2512
2535 2515
2536 2514
2537 2514
2538 2514
2539 2513
2540 2513
2541 2512
2542 2512
2543 2510
2544 2510
2545 2511
2546 2511
2547 2511
2548 2514
2549 2513
2550 2514
2551 2512
2552 2513
2553 2513
2554 2513
2555 2512
2556 2514
2557 2510
2558 2510
2559 2511
2560 2511
2561 2510
2562 2510
2563 2510
2564 2510
2565 2510
2566 2511
2567 2511
2568 2511
2569 2511
2570 2512
2571 2511
2572 2511
2573 2515
2574 2522
2575 2511
2576 2510
2577 2509
2578 2523
2579 2509
2580 2516
2581 2516
2582 2524
2583 2524
2584 2525
2585 2528
2586 2528
2587 2526
2588 2528
2589 2528
2590 2510
2591 2509
2592 2512
2593 2511
2594 2512
2595 2512
2596 2514
2597 2515
2598 2516
2599 2513
2600 2513
2601 2518
2602 2518
2603 2518
2604 2513
2605 2514
2606 2517
2607 2511
2608 2516
2609 2517
2610 2516
2611 2514
2612 2514
2613 2519
2614 2519
2615 2514
2616 2514
2617 2514
2618 2514
2619 2514
2620 2515
2621 2514
2622 2513
2623 2514
2624 2514
2625 2513
2626 2514
2627 2514
2628 2515
2629 2516
2630 2517
2631 2517
2632 2517
2633 2518
2634 2518
2635 2518
2636 2520
2637 2520
2638 2524
2639 2518
2640 2518
2641 2518
2642 2517
2643 2517
2644 2517
2645 2520
2646 2517
2647 2519
2648 2518
2649 2516
2650 2516
2651 2516
2652 2519
2653 2523
2654 2522
2655 2522
2656 2522
2657 2522
2658 2518
2659 2517
2660 2517
2661 2520
2662 2517
2663 2516
2664 2516
2665 2516
2666 2520
2667 2516
2668 2516
2669 2517
2670 2517
2671 2517
2672 2517
2673 2525
2674 2526
2675 2516
2676 2516
2677 2525
2678 2516
2679 2518
2680 2515
2681 2515
2682 2515
2683 2515
2684 2518
2685 2518
2686 2515
2687 2518
2688 2517
2689 2519
2690 2517
2691 2517
2692 2516
2693 2518
2694 2519
2695 2520
2696 2520
2697 2520
2698 2519
2699 2522
2700 2518
2701 2519
2702 2518
2703 2519
2704 2521
2705 2521
2706 2517
2707 2516
2708 2517
2709 2519
2710 2523
2711 2515
2712 2522
2713 2515
2714 2515
2715 2519
2716 2519
2717 2518
2718 2519
2719 2518
2720 2519
2721 2515
2722 2519
2723 2515
2724 2516
2725 2515
2726 2515
2727 2515
2728 2515
2729 2515
2730 2517
2731 2515
2732 2516
2733 2517
2734 2515
2735 2516
2736 2516
2737 2518
2738 2519
2739 2517
2740 2517
2741 2517
2742 2517
2743 2518
2744 2519
2745 2519
2746 2519
2747 2519
2748 2518
2749 2519
2750 2519
2751 2520
2752 2518
2753 2518
2754 2517
2755 2518
2756 2519
2757 2519
2758 2520
2759 2520
2760 2522
2761 2522
2762 2520
2763 2520
2764 2519
2765 2522
2766 2522
2767 2520
2768 2521
2769 2521
2770 2522
2771 2520
2772 2519
2773 2519
2774 2520
2775 2522
2776 2519
2777 2522
2778 2521
2779 2519
2780 2521
2781 2520
2782 2519
2783 2519
2784 2519
2785 2519
2786 2519
2787 2522
2788 2519
2789 2519
2790 2519
2791 2518
2792 2518
2793 2518
2794 2519
2795 2518
2796 2519
2797 2519
2798 2523
2799 2519
2800 2518
2801 2518
2802 2518
2803 2522
2804 2522
2805 2518
2806 2519
2807 2520
2808 2521
2809 2520
2810 2517
2811 2517
2812 2521
2813 2522
2814 2521
2815 2521
2816 2518
2817 2519
2818 2519
2819 2521
2820 2521
2821 2520
2822 2520
2823 2521
2824 2517
2825 2518
2826 2518
2827 2518
2828 2518
2829 2517
2830 2516
2831 2519
2832 2515
2833 2516
2834 2516
2835 2521
2836 2522
2837 2516
2838 2518
2839 2518
2840 2517
2841 2517
2842 2516
2843 2517
2844 2517
2845 2518
2846 2517
2847 2516
2848 2517
2849 2518
2850 2518
2851 2517
2852 2519
2853 2517
2854 2518
2855 2525
2856 2518
2857 2517
2858 2517
2859 2518
2860 2517
2861 2516
2862 2515
2863 2515
2864 2515
2865 2520
2866 2517
2867 2514
2868 2515
2869 2515
2870 2516
2871 2515
2872 2516
2873 2519
2874 2515
2875 2516
2876 2518
2877 2517
2878 2516
2879 2517
2880 2516
2881 2515
2882 2516
2883 2516
2884 2515
2885 2516
2886 2516
2887 2516
2888 2518
2889 2517
2890 2518
2891 2518
2892 2518
2893 2521
2894 2515
2895 2515
2896 2515
2897 2518
2898 2514
2899 2514
2900 2515
2901 2513
2902 2513
2903 2514
2904 2514
2905 2517
2906 2514
2907 2515
2908 2518
2909 2519
2910 2514
2911 2514
2912 2515
2913 2515
2914 2514
2915 2514
2916 2514
2917 2517
2918 2514
2919 2515
2920 2514
2921 2514
2922 2515
2923 2516
2924 2516
2925 2515
2926 2513
2927 2515
2928 2512
2929 2512
2930 2515
2931 2512
2932 2513
2933 2513
2934 2516
2935 2512
2936 2512
2937 2515
2938 2513
2939 2511
2940 2513
2941 2513
2942 2513
2943 2513
2944 2519
2945 2517
2946 2513
2947 2513
2948 2514
2949 2513
2950 2513
2951 2512
2952 2511
2953 2512
2954 2510
2955 2512
2956 2511
2957 2512
2958 2512
2959 2512
2960 2513
2961 2512
2962 2515
2963 2512
2964 2511
2965 2511
2966 2520
2967 2512
2968 2511
2969 2514
2970 2513
2971 2513
2972 2511
2973 2512
2974 2511
2975 2513
2976 2510
2977 2510
2978 2511
2979 2511
2980 2511
2981 2512
2982 2511
2983 2510
2984 2510
2985 2510
2986 2510
2987 2511
2988 2512
2989 2513
2990 2512
2991 2515
2992 2514
2993 2515
2994 2511
2995 2516
2996 2511
2997 2511
2998 2511
2999 2513
3000 2513
3001 2510
3002 2510
3003 2515
3004 2513
3005 2514
3006 2510
3007 2511
3008 2511
3009 2516
3010 2512
3011 2511
3012 2510
3013 2510
3014 2514
3015 2513
3016 2508
3017 2508
3018 2509
3019 2509
3020 2509
3021 2509
3022 2510
3023 2509
3024 2509
3025 2509
3026 2508
3027 2508
3028 2515
3029 2508
3030 2509
3031 2508
3032 2508
3033 2507
3034 2513
3035 2509
3036 2514
3037 2509
3038 2508
3039 2508
3040 2508
3041 2508
3042 2508
3043 2507
3044 2508
3045 2507
3046 2507
3047 2507
3048 2508
3049 2507
3050 2507
3051 2507
3052 2512
3053 2519
3054 2508
3055 2516
3056 2510
3057 2513
3058 2510
3059 2509
3060 2511
3061 2512
3062 2508
3063 2508
3064 2509
3065 2509
3066 2509
3067 2508
3068 2508
3069 2510
3070 2508
3071 2507
3072 2513
3073 2510
3074 2509
3075 2509
3076 2509
3077 2508
3078 2510
3079 2507
3080 2507
3081 2508
3082 2507
3083 2508
3084 2509
3085 2509
3086 2509
3087 2508
3088 2508
3089 2508
3090 2509
3091 2509
3092 2507
3093 2509
3094 2512
3095 2507
3096 2506
3097 2506
3098 2507
3099 2511
3100 2507
3101 2507
3102 2507
3103 2507
3104 2508
3105 2509
3106 2511
3107 2507
3108 2507
3109 2507
3110 2508
3111 2509
3112 2513
3113 2508
3114 2507
3115 2507
3116 2510
3117 2508
3118 2507
3119 2508
3120 2508
3121 2508
3122 2508
3123 2507
3124 2507
3125 2508
3126 2507
3127 2508
3128 2507
3129 2507
3130 2508
3131 2509
3132 2507
3133 2508
3134 2508
3135 2507
3136 2509
3137 2511
3138 2507
3139 2507
3140 2506
3141 2506
3142 2514
3143 2508
3144 2506
3145 2510
3146 2507
3147 2510
3148 2507
3149 2506
3150 2507
3151 2507
3152 2509
3153 2507
3154 2509
3155 2507
3156 2506
3157 2506
3158 2507
3159 2506
3160 2506
3161 2506
3162 2505
3163 2509
3164 2513
3165 2506
3166 2506
3167 2505
3168 2505
3169 2507
3170 2506
3171 2504
3172 2505
3173 2508
3174 2505
3175 2505
3176 2509
3177 2505
3178 2505
3179 2506
3180 2505
3181 2506
3182 2507
3183 2508
3184 2507
3185 2506
3186 2506
3187 2506
3188 2508
3189 2505
3190 2505
3191 2508
3192 2508
3193 2505
3194 2505
3195 2505
3196 2504
3197 2505
3198 2505
3199 2504
3200 2507
3201 2504
3202 2505
3203 2504
3204 2504
3205 2504
3206 2504
3207 2504
3208 2503
3209 2503
3210 2503
3211 2503
3212 2503
3213 2503
3214 2503
3215 2503
3216 2504
3217 2504
3218 2504
3219 2504
3220 2503
3221 2503
3222 2503
3223 2504
3224 2506
3225 2504
3226 2504
3227 2504
3228 2504
3229 2504
3230 2504
3231 2504
3232 2503
3233 2503
3234 2504
3235 2504
3236 2504
3237 2507
3238 2505
3239 2503
3240 2503
3241 2504
3242 2504
3243 2503
3244 2503
3245 2502
3246 2503
3247 2503
3248 2503
3249 2502
3250 2503
3251 2503
3252 2503
3253 2502
3254 2502
3255 2502
3256 2504
3257 2509
3258 2503
3259 2506
3260 2502
3261 2503
3262 2503
3263 2503
3264 2503
3265 2504
3266 2502
3267 2503
3268 2503
3269 2502
3270 2503
3271 2503
3272 2503
3273 2502
3274 2502
3275 2502
3276 2504
3277 2503
3278 2503
3279 2503
3280 2503
3281 2503
3282 2503
3283 2502
3284 2506
3285 2502
3286 2503
3287 2503
3288 2502
3289 2502
3290 2502
3291 2503
3292 2503
3293 2503
3294 2503
3295 2503
3296 2503
3297 2502
3298 2503
3299 2503
3300 2503
3301 2503
3302 2506
3303 2503
3304 2504
3305 2505
3306 2503
3307 2502
3308 2502
3309 2502
3310 2502
3311 2502
3312 2502
3313 2502
3314 2501
3315 2502
3316 2501
3317 2501
3318 2501
3319 2501
3320 2501
3321 2501
3322 2501
3323 2501
3324 2501
3325 2501
3326 2501
3327 2501
3328 2501
3329 2501
3330 2501
3331 2501
3332 2501
3333 2501
3334 2501
3335 2501
3336 2501
3337 2502
3338 2501
3339 2505
3340 2500
3341 2501
3342 2501
3343 2501
3344 2501
3345 2501
3346 2501
3347 2501
3348 2501
3349 2501
3350 2501
3351 2501
3352 2501
3353 2501
3354 2501
3355 2501
3356 2501
3357 2501
3358 2501
3359 2501
3360 2501
3361 2501
3362 2501
3363 2501
3364 2501
3365 2501
3366 2501
3367 2501
3368 2501
3369 2501
3370 2501
3371 2501
3372 2501
3373 2501
3374 2501
3375 2500
3376 2501
3377 2501
3378 2502
3379 2501
3380 2501
3381 2500
3382 2501
3383 2500
3384 2501
3385 2501
3386 2501
3387 2501
3388 2501
3389 2501
3390 2502
3391 2501
3392 2500
3393 2501
3394 2500
3395 2501
3396 2501
3397 2500
3398 2501
3399 2501
3400 2501
3401 2500
3402 2503
3403 2500
3404 2500
3405 2501
3406 2501
3407 2501
3408 2501
3409 2501
3410 2501
3411 2501
3412 2501
3413 2501
3414 2504
3415 2501
3416 2502
3417 2501
3418 2500
3419 2501
3420 2505
3421 2500
3422 2501
3423 2501
3424 2501
3425 2501
3426 2501
3427 2501
3428 2501
3429 2501
3430 2500
3431 2500
3432 2500
3433 2501
3434 2503
3435 2500
3436 2500
3437 2500
3438 2500
3439 2500
3440 2500
3441 2500
3442 2500
3443 2500
3444 2500
3445 2500
3446 2500
3447 2500
3448 2500
3449 2500
3450 2500
3451 2500
3452 2500
3453 2500
3454 2500
3455 2500
3456 2500
3457 2500
3458 2500
3459 2500
3460 2500
3461 2500
3462 2500
3463 2500
3464 2500
3465 2500
3466 2500
3467 2500
3468 2500
3469 2501
3470 2501
3471 2500
3472 2500
3473 2500
3474 2499
3475 2500
3476 2500
3477 2500
3478 2499
3479 2500
3480 2499
3481 2500
3482 2500
3483 2499
3484 2500
3485 2500
3486 2500
3487 2500
3488 2500
3489 2499
3490 2500
3491 2500
3492 2499
3493 2499
3494 2500
3495 2500
3496 2500
3497 2500
3498 2500
3499 2499
3500 2499
3501 2500
3502 2500
3503 2500
3504 2499
3505 2500
3506 2500
3507 2500
3508 2500
3509 2500
3510 2500
3511 2500
3512 2500
3513 2500
3514 2500
3515 2500
3516 2500
3517 2500
3518 2500
3519 2500
3520 2500
3521 2499
3522 2500
3523 2499
3524 2499
3525 2499
3526 2499
3527 2500
3528 2500
3529 2500
3530 2500
3531 2500
3532 2500
3533 2499
3534 2500
3535 2500
3536 2500
3537 2500
3538 2499
3539 2499
3540 2499
3541 2499
3542 2499
3543 2499
3544 2499
3545 2499
3546 2499
3547 2499
3548 2499
3549 2499
3550 2499
3551 2499
3552 2500
3553 2499
3554 2500
3555 2500
3556 2500
3557 2500
3558 2500
3559 2500
3560 2500
3561 2500
3562 2500
3563 2500
3564 2500
3565 2500
3566 2500
3567 2500
3568 2500
3569 2500
3570 2500
3571 2500
3572 2500
3573 2500
3574 2499
3575 2499
3576 2500
3577 2500
3578 2500
3579 2499
3580 2499
3581 2499
3582 2500
3583 2498
3584 2499
3585 2499
3586 2499
3587 2499
3588 2499
3589 2499
3590 2499
3591 2499
3592 2502
3593 2499
3594 2499
3595 2499
3596 2499
3597 2499
3598 2499
3599 2499
3600 2499
3601 2499
3602 2499
3603 2499
3604 2499
3605 2498
3606 2499
3607 2500
3608 2499
3609 2499
3610 2499
3611 2499
3612 2498
3613 2498
3614 2499
3615 2499
3616 2499
3617 2499
3618 2499
3619 2499
3620 2499
3621 2499
3622 2499
3623 2500
3624 2500
3625 2500
3626 2499
3627 2499
3628 2500
3629 2499
3630 2500
3631 2500
3632 2500
3633 2500
3634 2499
3635 2499
3636 2499
3637 2499
3638 2499
3639 2499
3640 2499
3641 2499
3642 2500
3643 2500
3644 2499
3645 2500
3646 2500
3647 2500
3648 2499
3649 2499
3650 2499
3651 2499
3652 2499
3653 2499
3654 2499
3655 2502
3656 2498
3657 2498
3658 2499
3659 2499
3660 2499
3661 2498
3662 2499
3663 2499
3664 2499
3665 2499
3666 2499
3667 2499
3668 2499
3669 2499
3670 2498
3671 2499
3672 2498
3673 2498
3674 2498
3675 2498
3676 2498
3677 2498
3678 2498
3679 2498
3680 2497
3681 2498
3682 2497
3683 2498
3684 2497
3685 2497
3686 2497
3687 2497
3688 2497
3689 2497
3690 2497
3691 2497
3692 2498
3693 2497
3694 2498
3695 2498
3696 2498
3697 2498
3698 2498
3699 2498
3700 2498
3701 2498
3702 2498
3703 2498
3704 2498
3705 2498
3706 2498
3707 2498
3708 2498
3709 2498
3710 2505
3711 2500
3712 2498
3713 2498
3714 2498
3715 2497
3716 2497
3717 2497
3718 2498
3719 2498
3720 2497
3721 2498
3722 2498
3723 2498
3724 2498
3725 2498
3726 2498
3727 2498
3728 2498
3729 2498
3730 2498
3731 2498
3732 2498
3733 2497
3734 2497
3735 2498
3736 2498
3737 2498
3738 2498
3739 2498
3740 2498
3741 2498
3742 2498
3743 2498
3744 2498
3745 2498
3746 2498
3747 2498
3748 2498
3749 2497
3750 2498
3751 2498
3752 2498
3753 2498
3754 2498
3755 2498
3756 2498
3757 2498
3758 2498
3759 2498
3760 2498
3761 2498
3762 2498
3763 2497
3764 2497
3765 2497
3766 2497
3767 2497
3768 2497
3769 2498
3770 2497
3771 2497
3772 2498
3773 2498
3774 2498
3775 2498
3776 2498
3777 2497
3778 2497
3779 2497
3780 2497
3781 2496
3782 2497
3783 2497
3784 2497
3785 2496
3786 2497
3787 2497
3788 2497
3789 2497
3790 2497
3791 2497
3792 2497
3793 2497
3794 2497
3795 2496
3796 2496
3797 2497
3798 2497
3799 2497
3800 2497
3801 2496
3802 2497
3803 2497
3804 2496
3805 2497
3806 2497
3807 2497
3808 2497
3809 2497
3810 2497
3811 2497
3812 2496
3813 2497
3814 2496
3815 2496
3816 2496
3817 2496
3818 2496
3819 2496
3820 2496
3821 2496
3822 2496
3823 2496
3824 2496
3825 2496
3826 2496
3827 2496
3828 2496
3829 2496
3830 2496
3831 2496
3832 2496
3833 2496
3834 2496
3835 2495
3836 2496
3837 2496
3838 2496
3839 2496
3840 2496
3841 2496
3842 2495
3843 2495
3844 2496
3845 2496
3846 2496
3847 2496
3848 2496
3849 2498
3850 2495
3851 2496
3852 2496
3853 2496
3854 2496
3855 2496
3856 2496
3857 2496
3858 2496
3859 2496
3860 2496
3861 2496
3862 2496
3863 2496
3864 2496
3865 2496
3866 2495
3867 2495
3868 2496
3869 2496
3870 2496
3871 2496
3872 2496
3873 2496
3874 2496
3875 2496
3876 2497
3877 2498
3878 2498
3879 2498
3880 2496
3881 2496
3882 2496
3883 2496
3884 2496
3885 2495
3886 2495
3887 2496
3888 2495
3889 2495
3890 2496
3891 2495
3892 2493
3893 2492
3894 2492
3895 2491
3896 2491
3897 2491
3898 2490
3899 2490
3900 2490
3901 2489
3902 2488
3903 2488
3904 2488
3905 2488
3906 2488
3907 2488
3908 2488
3909 2488
3910 2487
3911 2488
3912 2487
3913 2487
3914 2487
3915 2487
3916 2487
3917 2487
3918 2487
3919 2487
3920 2487
3921 2487
3922 2488
3923 2488
3924 2488
3925 2488
3926 2487
3927 2488
3928 2488
3929 2488
3930 2488
3931 2488
3932 2488
3933 2488
3934 2488
3935 2489
3936 2489
3937 2489
3938 2489
3939 2489
3940 2489
3941 2489
3942 2489
3943 2489
3944 2489
3945 2489
3946 2491
3947 2489
3948 2488
3949 2489
3950 2489
3951 2489
3952 2492
3953 2488
3954 2488
3955 2488
3956 2489
3957 2488
3958 2489
3959 2488
3960 2488
3961 2488
3962 2488
3963 2487
3964 2487
3965 2487
3966 2487
3967 2487
3968 2486
3969 2487
3970 2487
3971 2487
3972 2487
3973 2486
3974 2486
3975 2486
3976 2486
3977 2486
3978 2485
3979 2485
3980 2485
3981 2485
3982 2485
3983 2486
3984 2486
3985 2487
3986 2487
3987 2487
3988 2487
3989 2488
3990 2489
3991 2488
3992 2488
3993 2489
3994 2489
3995 2490
3996 2490
3997 2490
3998 2491
3999 2490
4000 2490
4001 2490
4002 2490
4003 2495
4004 2491
4005 2491
4006 2490
4007 2491
4008 2491
4009 2491
4010 2491
4011 2490
4012 2490
4013 2490
4014 2490
4015 2490
4016 2490
4017 2490
4018 2490
4019 2489
4020 2490
4021 2490
4022 2490
4023 2489
4024 2490
4025 2490
4026 2490
4027 2489
4028 2489
4029 2489
4030 2489
4031 2489
4032 2489
4033 2488
4034 2488
4035 2488
4036 2488
4037 2488
4038 2488
4039 2488
4040 2488
4041 2487
4042 2487
4043 2487
4044 2487
4045 2487
4046 2486
4047 2486
4048 2486
4049 2486
4050 2486
4051 2486
4052 2485
4053 2486
4054 2485
4055 2485
4056 2485
4057 2484
4058 2484
4059 2484
4060 2483
4061 2484
4062 2484
4063 2484
4064 2484
4065 2484
4066 2484
4067 2484
4068 2484
4069 2484
4070 2484
4071 2484
4072 2484
4073 2484
4074 2484
4075 2484
4076 2485
4077 2486
4078 2486
4079 2486
4080 2485
4081 2485
4082 2485
4083 2486
4084 2486
4085 2487
4086 2487
4087 2486
4088 2487
4089 2487
4090 2486
4091 2487
4092 2487
4093 2487
4094 2487
4095 2489
4096 2492
4097 2488
4098 2488
4099 2488
4100 2488
4101 2488
4102 2488
4103 2488
4104 2488
4105 2488
4106 2488
4107 2488
4108 2488
4109 2488
4110 2488
4111 2488
4112 2489
4113 2489
4114 2489
4115 2489
4116 2489
4117 2489
4118 2489
4119 2489
4120 2489
4121 2489
4122 2489
4123 2489
4124 2489
4125 2489
4126 2489
4127 2489
4128 2489
4129 2489
4130 2490
4131 2489
4132 2489
4133 2489
4134 2489
4135 2489
4136 2488
4137 2489
4138 2489
4139 2489
4140 2489
4141 2489
4142 2490
4143 2489
4144 2489
4145 2489
4146 2489
4147 2489
4148 2489
4149 2489
4150 2489
4151 2488
4152 2488
4153 2489
4154 2489
4155 2489
4156 2489
4157 2488
4158 2489
4159 2489
4160 2489
4161 2489
4162 2489
4163 2489
4164 2489
4165 2489
4166 2489
4167 2489
4168 2489
4169 2489
4170 2490
4171 2490
4172 2490
4173 2490
4174 2490
4175 2490
4176 2490
4177 2490
4178 2490
4179 2490
4180 2490
4181 2490
4182 2491
4183 2491
4184 2491
4185 2491
4186 2491
4187 2491
4188 2491

3511 2530
3512 2533
3513 2532
3514 2530
3515 2532
3516 2532
3517 2531
3518 2531
3519 2531
3520 2529
3521 2531
3522 2535
3523 2532
3524 2532
3525 2532
3526 2532
3527 2530
3528 2534
3529 2527
3530 2525
3531 2537
3532 2532
3533 2531
3534 2531
3535 2533
3536 2533
3537 2536
3538 2535
3539 2531
3540 2532
3541 2534
3542 2532
3543 2531
3544 2530
3545 2532
3546 2537
3547 2530
3548 2532
3549 2534
3550 2531
3551 2524
3552 2537
3553 2534
3554 2532
3555 2531
3556 2532
3557 2530
3558 2533
3559 2537
3560 2534
3561 2534
3562 2531
3563 2535
3564 2534
3565 2530
3566 2531
3567 2530
3568 2528
3569 2531
3570 2527
3571 2527
3572 2527
3573 2528
3574 2526
3575 2527
3576 2531
3577 2525
3578 2518
3579 2522
3580 2529
3581 2527
3582 2522
3583 2524
3584 2524
3585 2519
3586 2512
3587 2526
3588 2513
3589 2512
3590 2512
3591 2523
3592 2523
3593 2522
3594 2514
3595 2527
3596 2514
3597 2513
3598 2527
3599 2523
3600 2527
3601 2526
3602 2518
3603 2519
3604 2521
3605 2517
3606 2515
3607 2515
3608 2514
3609 2520
3610 2518
3611 2525
3612 2520
3613 2518
3614 2525
3615 2522
3616 2527
3617 2523
3618 2524
3619 2520
3620 2525
3621 2526
3622 2529
3623 2523
3624 2515
3625 2523
3626 2523
3627 2530
3628 2524
3629 2523
3630 2523
3631 2516
3632 2517
3633 2522
3634 2521
3635 2523
3636 2519
3637 2519
3638 2524
3639 2524
3640 2523
3641 2528
3642 2524
3643 2525
3644 2528
3645 2523
3646 2523
3647 2522
3648 2523
3649 2522
3650 2525
3651 2523
3652 2523
3653 2523
3654 2522
3655 2523
3656 2523
3657 2527
3658 2524
3659 2525
3660 2525
3661 2522
3662 2527
3663 2525
3664 2525
3665 2528
3666 2524
3667 2524
3668 2525
3669 2526
3670 2525
3671 2525
3672 2526
3673 2526
3674 2525
3675 2525
3676 2525
3677 2526
3678 2523
3679 2526
3680 2525
3681 2524
3682 2529
3683 2525
3684 2524
3685 2525
3686 2528
3687 2524
3688 2519
3689 2524
3690 2524
3691 2525
3692 2523
3693 2523
3694 2525
3695 2522
3696 2521
3697 2526
3698 2517
3699 2524
3700 2525
3701 2525
3702 2525
3703 2524
3704 2526
3705 2518
3706 2524
3707 2524
3708 2525
3709 2531
3710 2526
3711 2523
3712 2524
3713 2523
3714 2522
3715 2522
3716 2522
3717 2523
3718 2522
3719 2524
3720 2525
3721 2517
3722 2522
3723 2522
3724 2523
3725 2525
3726 2523
3727 2523
3728 2526
3729 2523
3730 2523
3731 2522
3732 2516
3733 2527
3734 2521
3735 2528
3736 2528
3737 2523
3738 2526
3739 2517
3740 2516
3741 2525
3742 2526
3743 2518
3744 2523
3745 2527
3746 2526
3747 2523
3748 2523
3749 2523
3750 2522
3751 2524
3752 2526
3753 2522
3754 2523
3755 2524
3756 2523
3757 2523
3758 2522
3759 2522
3760 2521
3761 2522
3762 2522
3763 2515
3764 2526
3765 2520
3766 2517
3767 2518
3768 2515
3769 2514
3770 2522
3771 2519
3772 2519
3773 2519
3774 2519
3775 2520
3776 2525
3777 2523
3778 2521
3779 2522
3780 2522
3781 2516
3782 2522
3783 2523
3784 2523
3785 2523
3786 2524
3787 2523
3788 2524
3789 2522
3790 2525
3791 2522
3792 2517
3793 2517
3794 2525
3795 2525
3796 2525
3797 2524
3798 2518
3799 2515
3800 2518
3801 2529
3802 2518
3803 2519
3804 2524
3805 2524
3806 2522
3807 2515
3808 2528
3809 2528
3810 2529
3811 2518
3812 2518
3813 2529
3814 2523
3815 2515
3816 2520
3817 2515
3818 2520
3819 2521
3820 2522
3821 2523
3822 2517
3823 2519
3824 2526
3825 2522
3826 2522
3827 2523
3828 2523
3829 2523
3830 2515
3831 2519
3832 2516
3833 2516
3834 2524
3835 2523
3836 2523
3837 2523
3838 2523
3839 2525
3840 2520
3841 2524
3842 2524
3843 2523
3844 2523
3845 2524
3846 2525
3847 2524
3848 2524
3849 2516
3850 2523
3851 2523
3852 2523
3853 2523
3854 2518
3855 2526
3856 2522
3857 2521
3858 2522

