2588 2415
2589 2415
2590 2416
2591 2415
2592 2415
2593 2415
2594 2415
2595 2415
2596 2416
2597 2415
2598 2416
2599 2415
2600 2415
2601 2415
2602 2416
2603 2416
2604 2416
2605 2416
2606 2416
2607 2416
2608 2417
2609 2416
2610 2417
2611 2417
2612 2417
2613 2417
2614 2417
2615 2417
2616 2417
2617 2417
2618 2417
2619 2418
2620 2418
2621 2417
2622 2418
2623 2418
2624 2418
2625 2418
2626 2418
2627 2418
2628 2418
2629 2418
2630 2417
2631 2418
2632 2418
2633 2417
2634 2418
2635 2418
2636 2418
2637 2418
2638 2418
2639 2418
2640 2418
2641 2418
2642 2418
2643 2418
2644 2418
2645 2417
2646 2418
2647 2417
2648 2418
2649 2418
2650 2417
2651 2419
2652 2417
2653 2417
2654 2417
2655 2417
2656 2416
2657 2416
2658 2416
2659 2416
2660 2416
2661 2416
2662 2416
2663 2416
2664 2415
2665 2415
2666 2415
2667 2415
2668 2415
2669 2415
2670 2414
2671 2414
2672 2414
2673 2414
2674 2414
2675 2414
2676 2414
2677 2414
2678 2414
2679 2414
2680 2414
2681 2414
2682 2414
2683 2414
2684 2414
2685 2414
2686 2414
2687 2414
2688 2414
2689 2414
2690 2414
2691 2414
2692 2414
2693 2414
2694 2414
2695 2414
2696 2414
2697 2414
2698 2414
2699 2414
2700 2414
2701 2414
2702 2414
2703 2414
2704 2414
2705 2413
2706 2413
2707 2413
2708 2414
2709 2414
2710 2414
2711 2414
2712 2414
2713 2413
2714 2414
2715 2414
2716 2414
2717 2413
2718 2414
2719 2413
2720 2414
2721 2414
2722 2414
2723 2414
2724 2414
2725 2414
2726 2414
2727 2414
2728 2413
2729 2414
2730 2414
2731 2415
2732 2414
2733 2414
2734 2413
2735 2414
2736 2414
2737 2414
2738 2414
2739 2414
2740 2416
2741 2420
2742 2415
2743 2416
2744 2419
2745 2415
2746 2415
2747 2417
2748 2415
2749 2416
2750 2415
2751 2415
2752 2416
2753 2417
2754 2415
2755 2415
2756 2415
2757 2416
2758 2416
2759 2415
2760 2416
2761 2415
2762 2415
2763 2415
2764 2415
2765 2416
2766 2415
2767 2415
2768 2415
2769 2415
2770 2415
2771 2415
2772 2415
2773 2415
2774 2415
2775 2415
2776 2415
2777 2415
2778 2415
2779 2415
2780 2415
2781 2415
2782 2415
2783 2415
2784 2415
2785 2416
2786 2415
2787 2415
2788 2415
2789 2415
2790 2416
2791 2415
2792 2415
2793 2415
2794 2416
2795 2417
2796 2416
2797 2416
2798 2416
2799 2416
2800 2419
2801 2418
2802 2416
2803 2416
2804 2416
2805 2416
2806 2415
2807 2416
2808 2417
2809 2416
2810 2416
2811 2416
2812 2417
2813 2416
2814 2416
2815 2417
2816 2416
2817 2416
2818 2416
2819 2417
2820 2416
2821 2417
2822 2417
2823 2418
2824 2416
2825 2416
2826 2416
2827 2417
2828 2417
2829 2417
2830 2417
2831 2417
2832 2417
2833 2417
2834 2417
2835 2421
2836 2417
2837 2418
2838 2418
2839 2417
2840 2417
2841 2418
2842 2417
2843 2416
2844 2417
2845 2417
2846 2417
2847 2417
2848 2417
2849 2417
2850 2417
2851 2417
2852 2417
2853 2417
2854 2417
2855 2418
2856 2417
2857 2417
2858 2417
2859 2417
2860 2417
2861 2418
2862 2418
2863 2418
2864 2417
2865 2417
2866 2418
2867 2418
2868 2417
2869 2417
2870 2417
2871 2418
2872 2418
2873 2418
2874 2418
2875 2419
2876 2420
2877 2418
2878 2418
2879 2418
2880 2418
2881 2417
2882 2418
2883 2419

2597 2438
2598 2438
2599 2446
2600 2439
2601 2439
2602 2433
2603 2440
2604 2439
2605 2445
2606 2438
2607 2434
2608 2446
2609 2446
2610 2438
2611 2438
2612 2438
2613 2438
2614 2438
2615 2436
2616 2441
2617 2437
2618 2445
2619 2445
2620 2435
2621 2435
2622 2438
2623 2439
2624 2438
2625 2438
2626 2438
2627 2438
2628 2438
2629 2437
2630 2437
2631 2437
2632 2437
2633 2437
2634 2439
2635 2438
2636 2433
2637 2432
2638 2431
2639 2434
2640 9999
2641 9999
2642 2437
2643 9999
2644 9999
2645 9999
2646 9999
2662 2432
2663 2432
2664 2428
2665 2428
2666 2428
2667 2429
2668 2429
2669 2431
2670 2431
2671 2430
2672 2431
2673 2430
2674 2430
2675 2431
2676 2431
2677 2431
2678 2432
2679 2433
2680 2432
2681 2433
2682 2433
2683 2432
2684 2434
2685 2433
2686 2433
2687 2432
2688 2433
2689 2433
2690 2434
2691 2437
2692 2435
2693 2438
2694 2438
2695 2433
2696 2434
2697 2435
2698 2435
2699 2436
2700 2438
2701 2433
2702 2437
2703 2437
2704 2433
2705 2435
2706 2436
2707 2434
2708 2437
2709 2434
2710 2434
2711 2435
2712 2434
2713 2434
2714 2435
2715 2434
2716 2431
2717 2434
2718 2434
2719 2433
2720 2440
2721 2431
2722 2435
2723 2435
2724 2435
2725 2436
2726 2435
2727 2434
2728 2434
2729 2435
2730 2436
2731 2433
2732 2434
2733 2435
2734 2434
2735 2436
2736 2436
2737 2436
2738 2437
2739 2436
2740 2439
2741 2436
2742 2437
2743 2431
2744 2436
2745 2437
2746 2445
2747 2445
2748 2432
2749 2431
2750 2437
2751 2436
2752 2444
2753 2444
2754 2442
2755 2444
2756 2439
2757 2440
2758 2440
2759 2440
2760 2440
2761 2439
2762 2440
2763 2440
2764 2441
2765 2441
2766 2441
2767 2440
2768 2441
2769 2440
2770 2440
2771 2440
2772 2440
2773 2440
2774 2433
2775 2441
2776 2441
2777 2441
2778 2441
2779 2441
2780 2442
2781 2443
2782 2437
2783 2442
2784 2439
2785 2434
2786 2443
2787 2443
2788 2441
2789 2435
2790 2440
2791 2444
2792 2445
2793 2443
2794 2443
2795 2444
2796 2446
2797 2449
2798 2436
2799 2444
2800 2444
2801 2444
2802 2443
2803 2444
2804 2444
2805 2445
2806 2445
2807 2445
2808 2451
2809 2445
2810 2446
2811 2447
2812 2446
2813 2447
2814 2447
2815 2447
2816 2447
2817 2447
2818 2447
2819 2448
2820 2448
2821 2449
2822 2448
2823 2449
2824 2449
2825 2449
2826 2449
2827 2449
2828 2449
2829 2450
2830 2449
2831 2449
2832 2449
2833 2450
2834 2453
2835 2450
2836 2450
2837 2452
2838 2452
2839 2451
2840 2451
2841 2451
2842 2452
2843 2452
2844 2453
2845 2452
2846 2458
2847 2453
2848 2455
2849 2456
2850 2453
2851 2455
2852 2454
2853 2452
2854 2453
2855 2456
2856 2457
2857 2456
2858 2454
2859 2455
2860 2454
2861 2455
2862 2456
2863 2455
2864 2456
2865 2455
2866 2454
2867 2457
2868 2458
2869 2457
2870 2458
2871 2457
2872 2459
2873 2457
2874 2459
2875 2460
2876 2459
2877 2460
2878 2459
2879 2467
2880 2461

