1078 2494
1079 2493
1080 2494
1081 2492
1082 2492
1083 2492
1084 2492
1085 2493
1086 2493
1087 2493
1088 2493
1089 2493
1090 2493
1091 2492
1092 2493
1093 2493
1094 2493
1095 2493
1096 2492
1097 2492
1098 2492
1099 2492
1100 2492
1101 2492
1102 2492
1103 2492
1104 2492
1105 2492
1106 2492
1107 2492
1108 2491
1109 2492
1110 2493
1111 2493
1112 2492
1113 2493
1114 2493
1115 2493
1116 2492
1117 2492
1118 2492
1119 2492
1120 2493
1121 2492
1122 2493
1123 2492
1124 2491
1125 2491
1126 2491
1127 2491
1128 2490
1129 2490
1130 2490
1131 2490
1132 2490
1133 2490
1134 2490
1135 2490
1136 2489
1137 2489
1138 2490
1139 2489
1140 2489
1141 2489
1142 2488
1143 2487
1144 2487
1145 2487
1146 2487
1147 2487
1148 2486
1149 2498
1150 2489
1151 2492
1152 2491
1153 2489
1154 2485
1155 2484
1156 2490
1157 2488
1158 2488
1159 2491
1160 2488
1161 2487
1162 2487
1163 2488
1164 2487
1165 2487
1166 2487
1167 2487
1168 2486
1169 2486
1170 2486
1171 2486
1172 2487
1173 2487
1174 2486
1175 2486
1176 2486
1177 2487
1178 2486
1179 2487
1180 2486
1181 2486
1182 2487
1183 2487
1184 2486
1185 2486
1186 2486
1187 2487
1188 2487
1189 2486
1190 2485
1191 2486
1192 2485
1193 2489
1194 2486
1195 2485
1196 2486
1197 2485
1198 2485
1199 2486
1200 2485
1201 2486
1202 2486
1203 2486
1204 2487
1205 2487
1206 2487
1207 2487
1208 2487
1209 2487
1210 2487
1211 2487
1212 2487
1213 2486
1214 2488
1215 2487
1216 2487
1217 2487
1218 2487
1219 2487
1220 2487
1221 2487
1222 2487
1223 2487
1224 2487
1225 2488
1226 2487
1227 2489
1228 2487
1229 2487
1230 2488
1231 2488
1232 2488
1233 2488
1234 2488
1235 2488
1236 2488
1237 2488
1238 2488
1239 2488
1240 2488
1241 2488
1242 2488
1243 2488
1244 2488
1245 2488
1246 2488
1247 2488
1248 2488
1249 2488
1250 2488
1251 2488
1252 2488
1253 2488
1254 2489
1255 2489
1256 2489
1257 2489
1258 2489
1259 2489
1260 2489
1261 2489
1262 2490
1263 2490
1264 2490
1265 2490
1266 2490
1267 2490
1268 2490
1269 2490
1270 2490
1271 2491
1272 2491
1273 2490
1274 2491
1275 2491
1276 2491
1277 2491
1278 2491
1279 2491
1280 2491
1281 2491
1282 2491
1283 2491
1284 2491
1285 2491
1286 2491
1287 2491
1288 2491
1289 2491
1290 2491
1291 2491
1292 2491
1293 2491
1294 2490
1295 2491
1296 2492
1297 2491
1298 2491
1299 2491
1300 2492
1301 2491
1302 2491
1303 2491
1304 2491
1305 2491
1306 2492
1307 2491
1308 2492
1309 2491
1310 2492
1311 2492
1312 2492
1313 2492
1314 2493
1315 2493
1316 2492
1317 2492
1318 2492
1319 2492
1320 2491
1321 2491
1322 2491
1323 2492
1324 2492
1325 2491
1326 2491
1327 2491
1328 2491
1329 2491
1330 2492
1331 2491
1332 2491
1333 2491
1334 2491
1335 2491
1336 2491
1337 2492
1338 2491
1339 2491
1340 2492
1341 2491
1342 2492
1343 2491
1344 2491
1345 2491
1346 2491
1347 2491
1348 2491
1349 2491
1350 2491
1351 2491
1352 2491
1353 2491
1354 2491
1355 2491
1356 2491
1357 2491
1358 2491
1359 2491
1360 2491
1361 2491
1362 2491
1363 2491
1364 2491
1365 2491
1366 2491
1367 2491
1368 2491
1369 2491
1370 2491
1371 2491
1372 2491
1373 2491
1374 2491
1375 2491
1376 2491
1377 2491
1378 2491
1379 2491
1380 2491
1381 2491
1382 2491
1383 2491
1384 2491
1385 2491
1386 2491
1387 2491
1388 2491
1389 2490
1390 2492
1391 2491
1392 2491
1393 2491
1394 2491
1395 2491
1396 2491
1397 2491
1398 2491
1399 2491
1400 2491
1401 2491
1402 2491
1403 2491
1404 2491
1405 2491
1406 2491
1407 2490
1408 2491
1409 2492
1410 2491
1411 2492
1412 2491
1413 2491
1414 2491
1415 2492
1416 2491
1417 2491
1418 2491
1419 2491
1420 2491
1421 2491
1422 2491
1423 2491
1424 2491
1425 2491
1426 2491
1427 2491
1428 2491
1429 2491
1430 2490
1431 2491
1432 2491
1433 2491
1434 2491
1435 2491
1436 2491
1437 2491
1438 2491
1439 2491
1440 2491
1441 2491
1442 2491
1443 2491
1444 2491
1445 2491
1446 2491
1447 2492
1448 2491
1449 2492
1450 2492
1451 2491
1452 2491
1453 2491
1454 2491
1455 2491
1456 2491
1457 2491
1458 2492
1459 2492
1460 2492
1461 2491
1462 2492
1463 2492
1464 2492
1465 2492
1466 2492
1467 2492
1468 2491
1469 2492
1470 2492
1471 2492
1472 2492
1473 2492
1474 2492
1475 2492
1476 2491
1477 2492
1478 2492
1479 2492
1480 2492
1481 2492
1482 2492
1483 2492
1484 2492
1485 2492
1486 2492
1487 2492
1488 2492
1489 2492
1490 2492
1491 2492
1492 2491
1493 2492
1494 2492
1495 2491
1496 2492
1497 2492
1498 2492
1499 2492
1500 2491
1501 2492
1502 2491
1503 2491
1504 2491
1505 2492
1506 2491
1507 2490
1508 2492
1509 2491
1510 2492
1511 2492
1512 2490
1513 2491
1514 2491
1515 2491
1516 2490
1517 2491
1518 2491
1519 2491
1520 2491
1521 2491
1522 2491
1523 2491
1524 2491
1525 2491
1526 2491
1527 2491
1528 2491
1529 2491
1530 2491
1531 2490
1532 2490
1533 2491
1534 2490
1535 2490
1536 2491
1537 2490
1538 2490
1539 2490
1540 2490
1541 2490
1542 2490
1543 2491
1544 2490
1545 2490
1546 2490
1547 2490
1548 2490
1549 2490
1550 2490
1551 2490
1552 2490
1553 2490
1554 2490
1555 2490
1556 2490
1557 2491
1558 2491
1559 2491
1560 2492
1561 2492
1562 2492
1563 2491
1564 2492
1565 2492
1566 2492
1567 2491
1568 2491
1569 2491
1570 2491
1571 2491
1572 2491
1573 2491
1574 2491
1575 2491
1576 2491
1577 2491
1578 2490
1579 2491
1580 2491
1581 2491
1582 2491
1583 2491
1584 2491
1585 2491
1586 2491
1587 2491
1588 2492
1589 2492
1590 2492
1591 2492
1592 2492
1593 2491
1594 2491
1595 2492
1596 2492
1597 2492
1598 2492
1599 2492
1600 2493
1601 2493
1602 2492
1603 2493
1604 2492
1605 2492
1606 2493
1607 2493
1608 2493
1609 2493
1610 2493
1611 2493
1612 2494
1613 2493
1614 2493
1615 2493
1616 2493
1617 2493
1618 2493
1619 2493
1620 2493
1621 2493
1622 2493
1623 2493
1624 2493
1625 2493
1626 2493
1627 2493
1628 2494
1629 2493
1630 2493
1631 2494
1632 2494
1633 2493
1634 2493
1635 2493
1636 2493
1637 2493
1638 2493
1639 2493
1640 2493
1641 2493
1642 2493
1643 2494
1644 2494
1645 2494
1646 2494
1647 2494
1648 2494
1649 2494
1650 2494
1651 2494
1652 2494
1653 2494
1654 2494
1655 2494
1656 2494
1657 2495
1658 2494
1659 2495
1660 2495
1661 2495
1662 2495
1663 2495
1664 2495
1665 2495
1666 2495
1667 2495
1668 2495
1669 2495
1670 2495
1671 2495
1672 2495
1673 2495
1674 2495
1675 2495
1676 2495
1677 2495
1678 2495
1679 2495
1680 2495
1681 2495
1682 2495
1683 2495
1684 2495
1685 2495
1686 2495
1687 2495
1688 2496
1689 2495
1690 2495
1691 2495
1692 2495
1693 2495
1694 2495
1695 2495
1696 2495
1697 2495
1698 2495
1699 2495
1700 2495
1701 2495
1702 2497
1703 2495
1704 2495
1705 2495
1706 2495
1707 2495
1708 2495
1709 2496
1710 2495
1711 2495
1712 2496
1713 2496
1714 2496
1715 2496
1716 2496
1717 2496
1718 2496
1719 2496
1720 2496
1721 2497
1722 2497
1723 2497
1724 2496
1725 2497
1726 2497
1727 2497
1728 2497
1729 2497
1730 2497
1731 2497
1732 2497
1733 2497
1734 2497
1735 2497
1736 2497
1737 2497
1738 2497
1739 2497
1740 2496
1741 2496
1742 2497
1743 2497
1744 2497
1745 2497
1746 2497
1747 2497
1748 2497
1749 2497
1750 2497
1751 2497
1752 2497
1753 2497
1754 2497
1755 2498
1756 2498
1757 2497
1758 2497
1759 2497
1760 2497
1761 2497
1762 2497
1763 2497
1764 2497
1765 2497
1766 2497
1767 2497
1768 2497
1769 2498
1770 2497
1771 2497
1772 2497
1773 2497
1774 2497
1775 2497
1776 2497
1777 2497
1778 2498
1779 2498
1780 2498
1781 2498
1782 2498
1783 2498
1784 2498
1785 2498
1786 2498
1787 2498
1788 2498
1789 2498
1790 2498
1791 2498
1792 2498
1793 2497
1794 2498
1795 2499
1796 2498
1797 2498
1798 2498
1799 2498
1800 2497
1801 2497
1802 2497
1803 2497
1804 2498
1805 2498
1806 2497
1807 2497
1808 2497
1809 2498
1810 2498
1811 2498
1812 2498
1813 2498
1814 2498
1815 2498
1816 2498
1817 2498
1818 2498
1819 2498
1820 2498
1821 2498
1822 2498
1823 2499
1824 2498
1825 2498
1826 2498
1827 2498
1828 2498
1829 2498
1830 2498
1831 2498
1832 2498
1833 2498
1834 2499
1835 2499
1836 2498
1837 2498
1838 2498
1839 2498
1840 2498
1841 2498
1842 2498
1843 2498
1844 2498
1845 2497
1846 2497
1847 2498
1848 2497
1849 2497
1850 2497
1851 2497
1852 2497
1853 2497
1854 2497
1855 2497
1856 2497
1857 2497
1858 2496
1859 2496
1860 2496
1861 2496
1862 2496
1863 2496
1864 2496
1865 2496
1866 2496
1867 2496
1868 2496
1869 2496
1870 2495
1871 2495
1872 2495
1873 2495
1874 2495
1875 2495
1876 2495
1877 2495
1878 2495
1879 2495
1880 2495
1881 2495
1882 2495
1883 2495
1884 2495
1885 2495
1886 2495
1887 2495
1888 2495
1889 2495
1890 2495
1891 2495
1892 2495
1893 2495
1894 2495
1895 2495
1896 2495
1897 2495
1898 2495
1899 2495
1900 2495
1901 2495
1902 2495
1903 2495
1904 2495
1905 2495
1906 2495
1907 2495
1908 2495
1909 2495
1910 2495
1911 2495
1912 2495
1913 2495
1914 2495
1915 2495
1916 2495
1917 2495
1918 2495
1919 2495
1920 2496
1921 2495
1922 2496
1923 2496
1924 2496
1925 2496
1926 2496
1927 2496
1928 2496
1929 2496
1930 2496
1931 2496
1932 2496
1933 2498
1934 2497
1935 2496
1936 2496
1937 2496
1938 2496
1939 2496
1940 2496
1941 2497
1942 2496
1943 2496
1944 2496
1945 2496
1946 2496
1947 2496
1948 2496
1949 2497
1950 2497
1951 2497
1952 2497
1953 2497
1954 2497
1955 2497
1956 2497
1957 2497
1958 2497
1959 2497
1960 2497
1961 2497
1962 2498
1963 2498
1964 2498
1965 2498
1966 2497
1967 2497
1968 2497
1969 2498
1970 2497
1971 2497
1972 2498
1973 2498
1974 2497
1975 2498
1976 2498
1977 2497
1978 2497
1979 2497
1980 2500
1981 2498
1982 2498
1983 2499
1984 2498
1985 2498
1986 2498
1987 2499
1988 2498
1989 2498
1990 2499
1991 2498
1992 2498
1993 2498
1994 2499
1995 2498
1996 2498
1997 2499
1998 2498
1999 2498
2000 2498
2001 2498
2002 2498
2003 2498
2004 2498
2005 2498
2006 2498
2007 2498
2008 2499
2009 2498
2010 2499
2011 2499
2012 2500
2013 2500
2014 2499
2015 2499
2016 2499
2017 2499
2018 2500
2019 2499
2020 2499
2021 2499
2022 2499
2023 2499
2024 2499
2025 2499
2026 2499
2027 2499
2028 2499
2029 2501
2030 2500
2031 2500
2032 2500
2033 2500
2034 2500
2035 2500
2036 2500
2037 2500
2038 2500
2039 2499
2040 2499
2041 2500
2042 2499
2043 2500
2044 2499
2045 2500
2046 2500
2047 2500
2048 2500
2049 2500
2050 2500
2051 2500
2052 2500
2053 2500
2054 2500
2055 2500
2056 2500
2057 2501
2058 2501
2059 2501
2060 2501
2061 2501
2062 2501
2063 2501
2064 2501
2065 2501
2066 2501
2067 2501
2068 2501
2069 2501
2070 2502
2071 2502
2072 2502
2073 2502
2074 2502
2075 2502
2076 2502
2077 2502
2078 2502
2079 2501
2080 2505
2081 2503
2082 2503
2083 2503
2084 2503
2085 2503
2086 2503
2087 2503
2088 2503
2089 2503
2090 2503
2091 2503
2092 2503
2093 2504
2094 2503
2095 2503
2096 2504
2097 2504
2098 2504
2099 2504
2100 2504
2101 2504
2102 2504
2103 2504
2104 2504
2105 2504
2106 2504
2107 2504
2108 2504
2109 2504
2110 2504
2111 2504
2112 2504
2113 2504
2114 2503
2115 2503
2116 2504
2117 2504
2118 2504
2119 2503
2120 2503
2121 2503
2122 2503
2123 2504
2124 2503
2125 2503
2126 2504
2127 2503
2128 2503
2129 2503
2130 2503
2131 2503
2132 2503
2133 2504
2134 2504
2135 2503
2136 2504
2137 2503
2138 2503
2139 2503
2140 2504
2141 2504
2142 2504
2143 2504
2144 2504
2145 2504
2146 2504
2147 2504
2148 2504
2149 2505
2150 2503
2151 2504
2152 2504
2153 2504
2154 2504
2155 2504
2156 2504
2157 2504
2158 2504
2159 2503
2160 2503
2161 2503
2162 2503
2163 2504
2164 2503
2165 2503
2166 2503
2167 2503
2168 2503
2169 2503
2170 2503
2171 2503
2172 2503
2173 2503
2174 2503
2175 2503
2176 2503
2177 2503
2178 2503
2179 2503
2180 2503
2181 2503
2182 2503
2183 2503
2184 2503
2185 2503
2186 2504
2187 2502
2188 2503
2189 2503
2190 2502
2191 2502
2192 2503
2193 2503
2194 2503
2195 2502
2196 2503
2197 2503
2198 2502
2199 2502
2200 2502
2201 2502
2202 2502
2203 2502
2204 2502
2205 2502
2206 2503
2207 2502
2208 2502
2209 2502
2210 2502
2211 2503
2212 2502
2213 2502
2214 2502
2215 2502
2216 2502
2217 2502
2218 2502
2219 2502
2220 2502
2221 2502
2222 2502
2223 2502
2224 2502
2225 2502
2226 2502
2227 2502
2228 2502
2229 2502
2230 2502
2231 2502
2232 2502
2233 2502
2234 2502
2235 2502
2236 2502
2237 2502
2238 2502
2239 2502
2240 2502
2241 2502
2242 2502
2243 2502
2244 2502
2245 2502
2246 2502
2247 2502
2248 2503
2249 2502
2250 2503
2251 2503
2252 2502
2253 2503
2254 2502
2255 2502
2256 2503
2257 2502
2258 2502
2259 2503
2260 2503
2261 2503
2262 2503
2263 2503
2264 2503
2265 2503
2266 2503
2267 2503
2268 2503
2269 2503
2270 2503
2271 2503
2272 2503
2273 2503
2274 2504
2275 2504
2276 2504
2277 2504
2278 2504
2279 2504
2280 2504
2281 2505
2282 2505
2283 2505
2284 2505
2285 2505
2286 2505
2287 2505
2288 2505
2289 2505
2290 2505
2291 2505
2292 2505
2293 2505
2294 2505
2295 2505
2296 2505
2297 2505
2298 2505
2299 2505
2300 2505
2301 2505
2302 2505
2303 2504
2304 2505
2305 2504
2306 2504
2307 2504
2308 2504
2309 2504
2310 2504
2311 2504
2312 2504
2313 2504
2314 2504
2315 2504
2316 2504
2317 2504
2318 2504
2319 2504
2320 2504
2321 2504
2322 2504
2323 2504
2324 2504
2325 2504
2326 2504
2327 2504
2328 2504
2329 2505
2330 2505
2331 2505
2332 2505
2333 2505
2334 2505
2335 2505
2336 2505
2337 2505
2338 2505
2339 2505
2340 2505
2341 2505
2342 2505
2343 2505
2344 2505
2345 2505
2346 2505
2347 2504
2348 2504
2349 2504
2350 2504
2351 2504
2352 2504
2353 2504
2354 2503
2355 2503
2356 2502
2357 2502
2358 2502
2359 2502
2360 2501
2361 2501
2362 2500
2363 2500
2364 2500
2365 2499
2366 2500
2367 2499
2368 2500
2369 2499
2370 2498
2371 2498
2372 2498
2373 2498
2374 2498
2375 2498
2376 2498
2377 2497
2378 2498
2379 2502
2380 2496
2381 2497
2382 2497
2383 2497
2384 2496
2385 2497
2386 2497
2387 2496
2388 2496
2389 2496
2390 2495
2391 2496
2392 2496
2393 2496
2394 2496
2395 2496
2396 2496
2397 2496
2398 2496
2399 2495
2400 2495
2401 2495
2402 2495
2403 2495
2404 2496
2405 2494
2406 2494
2407 2494
2408 2494
2409 2494
2410 2494
2411 2493
2412 2494
2413 2493
2414 2493
2415 2493
2416 2493
2417 2493
2418 2492
2419 2492
2420 2492
2421 2492
2422 2492
2423 2492
2424 2490
2425 2491
2426 2491
2427 2490
2428 2490
2429 2490
2430 2490
2431 2490
2432 2490
2433 2490
2434 2490
2435 2490
2436 2490
2437 2490
2438 2491
2439 2490
2440 2491
2441 2491
2442 2491
2443 2491
2444 2491
2445 2491
2446 2491
2447 2491
2448 2491
2449 2491
2450 2492
2451 2492
2452 2492
2453 2493
2454 2493
2455 2493
2456 2493
2457 2493
2458 2493
2459 2492
2460 2493
2461 2494
2462 2493
2463 2493
2464 2493
2465 2493
2466 2493
2467 2494
2468 2494
2469 2494
2470 2494
2471 2494
2472 2494
2473 2497
2474 2495
2475 2495
2476 2495
2477 2495
2478 2495
2479 2495
2480 2496
2481 2496
2482 2497
2483 2496
2484 2496
2485 2496
2486 2496
2487 2496
2488 2497
2489 2497
2490 2497
2491 2497
2492 2497
2493 2497
2494 2496
2495 2496
2496 2495
2497 2497
2498 2497
2499 2497
2500 2497
2501 2497
2502 2498
2503 2497
2504 2497
2505 2497
2506 2497
2507 2497
2508 2496
2509 2497
2510 2497
2511 2497
2512 2497
2513 2500
2514 2498
2515 2499
2516 2498
2517 2498
2518 2498
2519 2498
2520 2498
2521 2498
2522 2499
2523 2499
2524 2498
2525 2498
2526 2499
2527 2498
2528 2499
2529 2498
2530 2499
2531 2499
2532 2499
2533 2507
2534 2499
2535 2499
2536 2499
2537 2498
2538 2499
2539 2499
2540 2499
2541 2502
2542 2499
2543 2499
2544 2498
2545 2498
2546 2498
2547 2498
2548 2499
2549 2497
2550 2498
2551 2498
2552 2499
2553 2497
2554 2497
2555 2499
2556 2506
2557 2503
2558 2497
2559 2497
2560 2498
2561 2496
2562 2500
2563 2497
2564 2496
2565 2496
2566 2497
2567 2496
2568 2497
2569 2496
2570 2497
2571 2497
2572 2497
2573 2497
2574 2497
2575 2496
2576 2496
2577 2496
2578 2496
2579 2497
2580 2497
2581 2496
2582 2499
2583 2496
2584 2498
2585 2497
2586 2497
2587 2497
2588 2498
2589 2498
2590 2498
2591 2498
2592 2498
2593 2498
2594 2499
2595 2499
2596 2499
2597 2500
2598 2501
2599 2501
2600 2500
2601 2501
2602 2501
2603 2501
2604 2501
2605 2500
2606 2506
2607 2506
2608 2503
2609 2501
2610 2501
2611 2502
2612 2500
2613 2501
2614 2501
2615 2501
2616 2501
2617 2501
2618 2501
2619 2501
2620 2507
2621 2501
2622 2501
2623 2501
2624 2502
2625 2501
2626 2501
2627 2502
2628 2502
2629 2502
2630 2502
2631 2502
2632 2502
2633 2502
2634 2502
2635 2502
2636 2502
2637 2502
2638 2501
2639 2502
2640 2502
2641 2502
2642 2501
2643 2503
2644 2502
2645 2502
2646 2504
2647 2503
2648 2503
2649 2502
2650 2502
2651 2503
2652 2502
2653 2502
2654 2503
2655 2503
2656 2503
2657 2503
2658 2503
2659 2503
2660 2503
2661 2503
2662 2503
2663 2504
2664 2503
2665 2503
2666 2503
2667 2503
2668 2503
2669 2503
2670 2503
2671 2503
2672 2503
2673 2503
2674 2503
2675 2502
2676 2504
2677 2503
2678 2502
2679 2503
2680 2503
2681 2503
2682 2504
2683 2503
2684 2503
2685 2503
2686 2503
2687 2503
2688 2503
2689 2503
2690 2503
2691 2503
2692 2502
2693 2503
2694 2503
2695 2508
2696 2504
2697 2503
2698 2502
2699 2505
2700 2503
2701 2503
2702 2503
2703 2503
2704 2503
2705 2502
2706 2511
2707 2503
2708 2503
2709 2503
2710 2505
2711 2506
2712 2501
2713 2504
2714 2500
2715 2500
2716 2500
2717 2501
2718 2503
2719 2500
2720 2500
2721 2500
2722 2501
2723 2500
2724 2499
2725 2500
2726 2500
2727 2498
2728 2499
2729 2499
2730 2499
2731 2499
2732 2504
2733 2502
2734 2500
2735 2503
2736 2507
2737 2509
2738 2500
2739 2499
2740 2501
2741 2498
2742 2499
2743 2502
2744 2497
2745 2498
2746 2498
2747 2499
2748 2498
2749 2499
2750 2499
2751 2499
2752 2499
2753 2499
2754 2500
2755 2500
2756 2500
2757 2500
2758 2500
2759 2501
2760 2501
2761 2501
2762 2501
2763 2501
2764 2501
2765 2500
2766 2500
2767 2500
2768 2500
2769 2501
2770 2501
2771 2501
2772 2501
2773 2500
2774 2501
2775 2500
2776 2501
2777 2503
2778 2502
2779 2502
2780 2501
2781 2501
2782 2505
2783 2502
2784 2507
2785 2502
2786 2508
2787 2504
2788 2503
2789 2504
2790 2502
2791 2504
2792 2501
2793 2502
2794 2502
2795 2502
2796 2502
2797 2502
2798 2503
2799 2502
2800 2504
2801 2502
2802 2505
2803 2503
2804 2503
2805 2509
2806 2502
2807 2502
2808 2501
2809 2502
2810 2502
2811 2502
2812 2508
2813 2503
2814 2503
2815 2504
2816 2503
2817 2503
2818 2505
2819 2503
2820 2503
2821 2503
2822 2504
2823 2503
2824 2503
2825 2503
2826 2502
2827 2503
2828 2504
2829 2502
2830 2503
2831 2504
2832 2503
2833 2503
2834 2503
2835 2503
2836 2504
2837 2504
2838 2504
2839 2504
2840 2504
2841 2505
2842 2504
2843 2504
2844 2504
2845 2503
2846 2504
2847 2504
2848 2503
2849 2503
2850 2503
2851 2504
2852 2503
2853 2504
2854 2503
2855 2503
2856 2503
2857 2503
2858 2503
2859 2503
2860 2503
2861 2503
2862 2504
2863 2503
2864 2503
2865 2503
2866 2503
2867 2503
2868 2503
2869 2503
2870 2504
2871 2503
2872 2504
2873 2505
2874 2505
2875 2505
2876 2505
2877 2505
2878 2505
2879 2505
2880 2505
2881 2504
2882 2505
2883 2505
2884 2505
2885 2505
2886 2504
2887 2504
2888 2504
2889 2505
2890 2505
2891 2505
2892 2507
2893 2507
2894 2507
2895 2507
2896 2508
2897 2507
2898 2507
2899 2508
2900 2509
2901 2515
2902 2508
2903 2509
2904 2509
2905 2506
2906 2506
2907 2507
2908 2507
2909 2505
2910 2505
2911 2505
2912 2505
2913 2504
2914 2503
2915 2504
2916 2504
2917 2503
2918 2503
2919 2503
2920 2504
2921 2503
2922 2504
2923 2503
2924 2503
2925 2503
2926 2503
2927 2503
2928 2503
2929 2502
2930 2503
2931 2503
2932 2504
2933 2503
2934 2503
2935 2503
2936 2503
2937 2503
2938 2504
2939 2505
2940 2504
2941 2504
2942 2503
2943 2503
2944 2503
2945 2504
2946 2506
2947 2503
2948 2503
2949 2502
2950 2502
2951 2503
2952 2503
2953 2504
2954 2505
2955 2503
2956 2504
2957 2505
2958 2504

1182 2499
1183 2499
1184 2500
1185 2504
1186 2503
1187 2499
1188 2499
1189 2507
1190 2503
1191 2507
1192 2506
1193 2513
1194 2500
1195 2499
1196 2508
1197 2510
1198 2509
1199 2505
1200 2506
1201 2501
1202 2501
1203 2509
1204 2503
1205 2501
1206 2500
1207 2512
1208 2508
1209 2507
1210 2501
1211 2508
1212 2503
1213 2501
1214 2500
1215 2514
1216 2507
1217 2500
1218 2501
1219 2508
1220 2501
1221 2500
1222 2508
1223 2506
1224 2507
1225 2510
1226 2501
1227 2507
1228 2507
1229 2507
1230 2507
1231 2507
1232 2507
1233 2514
1234 2508
1235 2500
1236 2500
1237 2507
1238 2508
1239 2508
1240 2507
1241 2507
1242 2508
1243 2507
1244 2507
1245 2508
1246 2508
1247 2507
1248 2508
1249 2508
1250 2508
1251 2508
1252 2507
1253 2506
1254 2507
1255 2501
1256 2509
1257 2501
1258 2501
1259 2501
1260 2503
1261 2509
1262 2510
1263 2509
1264 2509
1265 2502
1266 2502
1267 2508
1268 2505
1269 2503
1270 2502
1271 9999
1272 9999
1273 2514
1274 2509
1275 2516
1276 2511
1277 2509
1278 2514
1279 2511
1280 2515
1281 2504
1282 2514
1283 2513
1284 2511
1285 2503
1286 2514
1287 2512
1288 2505
1289 2504
1290 2505
1291 2506
1292 2516
1293 2507
1294 2516
1295 2508
1296 2504
1297 2505
1298 2514
1299 2505
1300 2504
1301 2517
1302 2508
1303 2506
1304 2513
1305 2515
1306 2513
1307 2515
1308 2516
1309 2506
1310 2505
1311 2506
1312 2514
1313 2509
1314 2515
1315 2505
1316 2514
1317 2514
1318 2506
1319 2514
1320 2514
1321 2514
1322 2514
1323 2517
1324 2507
1325 2507
1326 2514
1327 2513
1328 2514
1329 2509
1330 2513
1331 2513
1332 2512
1333 2514
1334 2514
1335 2512
1336 2517
1337 2510
1338 2513
1339 2513
1340 2514
1341 2516
1342 2513
1343 2519
1344 2517
1345 2515
1346 2516
1347 2516
1348 2515
1349 2515
1350 2517
1351 2514
1352 2518
1353 2509
1354 2515
1355 2514
1356 2515
1357 2515
1358 2515
1359 2514
1360 2516
1361 2516
1362 2515
1363 2516
1364 2515
1365 2517
1366 2516
1367 2516
1368 2516
1369 2516
1370 2517
1371 2517
1372 2517
1373 2518
1374 2517
1375 2517
1376 2517
1377 2517
1378 2517
1379 2517
1380 2519
1381 2517
1382 2518
1383 2518
1384 2522
1385 2524
1386 2513
1387 2521
1388 2510
1389 2516
1390 2515
1391 2519
1392 2518
1393 2519
1394 2517
1395 2518
1396 2518
1397 2517
1398 2518
1399 2523
1400 2519
1401 2522
1402 2513
1403 2520
1404 2519
1405 2524
1406 2519
1407 2517
1408 2521
1409 2522
1410 2511
1411 2517
1412 2521
1413 2516
1414 2517
1415 2517
1416 2521
1417 2517
1418 2518
1419 2518
1420 2519
1421 2515
1422 2515
1423 2517
1424 2517
1425 2516
1426 2516
1427 2516
1428 2518
1429 2520
1639 2516
1640 2520
1641 2515
1642 2515
1643 2515
1644 2515
1645 2513
1646 2523
1647 2516
1648 2514
1649 2515
1650 2516
1651 2517
1652 2515
1653 2516
1654 2511
1655 2515
1656 2516
1657 2508
1658 2508
1659 2515
1660 2520
1661 2516
1662 2515
1663 2510
1664 2518
1665 2517
1666 2516
1667 2516
1668 2515
1669 2517
1670 2515
1671 2515
1672 2515
1673 2516
1674 2516
1675 2518
1676 2516
1677 2517
1678 2514
1679 2507
1680 2507
1681 2515
1682 2515
1683 2521
1684 2515
1685 2514
1686 2514
1687 2515
1688 2515
1689 2513
1690 2516
1823 2516
1824 2517
1825 2522
1826 2515
1827 2515
1828 2522
1829 2523
1830 2521
1831 2517
1832 2516
1833 2516
1834 2516
1835 2517
1836 2516
1837 2517
1838 2516
1839 2515
1840 2515
1841 2514
1842 2514
1843 2514
1844 2516
1845 2516
1846 2515
1847 2516
1848 2511
1849 2514
1850 2517
1851 2518
1852 2520
1853 2515
1854 2517
1855 2516
1856 2516
1857 2518
1858 2517
1859 2523
1860 2521
1861 2513
1862 2520
1863 2522
1864 2510
1865 2515
1866 2518
1867 2521
1868 2523
1869 2522
1870 2515
1871 2514
1872 2517
1873 2517
1874 2513
1875 2516
1876 2515
1877 2517
1878 2514
1879 2518
1880 2519
1881 2510
1882 2519
1883 2518
1884 2509
1885 2521
1886 2511
1887 2515
1888 2523
1889 2518
1890 2520
1891 2516
1892 2514
1893 2514
1894 2513
1895 2516
1896 2517
1897 2514
1898 2514
1899 2514
1900 2514
1901 2514
1902 2514
1903 2514
1904 2513
1905 2514
1906 2514
1907 2514
1908 2514
1909 2515
1910 2515
1911 2515
1912 2514
1913 2515
1914 2514
1915 2522
1916 2513
1917 2515
1918 2514
1919 2516
1920 2512
1921 2514
1922 2515
1923 2513
1924 2516
1925 2515
1926 2516
1927 2515
1928 2517
1929 2516
1930 2514
1931 2513
1932 2511
1933 9999
1934 2516
1935 2515
1936 2517
1937 2522
1938 2515
1939 2515
1940 2515
1941 2516
1942 2516
1943 2516
1944 2515
1945 2517
1946 2516
1947 2516
1948 2516
1949 2516
1950 2516
1951 2516
1952 2516
1953 2516
1954 2516
1955 2516
1956 2517
1957 2516
1958 2516
1959 2516
1960 2516
1961 2516
1962 2515
1963 2515
1964 2516
1965 2519
1966 2519
1967 2516
1968 2517
1969 2515
1970 2516
1971 2516
1972 2516
1973 2516
1974 2516
1975 2516
1976 2516
1977 2516
1978 2516
1979 2516
1980 2516
1981 2516
1982 2516
1983 2516
1984 2516
1985 2516
1986 2518
1987 2519
1988 2523
1989 2519
1990 9999
1991 2519
1992 2518
1993 2518
1994 2516
1995 2522
1996 2521
1997 2516
1998 2516
1999 2518
2000 2510
2001 2515
2002 2515
2003 2515
2004 2519
2005 2516
2006 2516
2007 2518
2008 2519
2009 2516
2010 2521
2011 2514
2012 2517
2013 2519
2014 2526
2015 2520
2016 2518
2017 2518
2018 2518
2019 2517
2020 2518
2021 2517
2022 2518
2023 2518
2024 2519
2025 2520
2026 2519
2027 2518
2028 2519
2029 2513
2030 2524
2031 2521
2032 2514
2033 2521
2034 2523
2035 2520
2036 2521
2037 2514
2038 2520
2039 2521
2040 2520
2041 2520
2042 2520
2043 2520
2044 2521
2045 2523
2046 2524
2047 2524
2048 2525
2049 2517
2050 2515
2051 2528
2052 2522
2053 2515
2054 2519
2055 2519
2056 2527
2057 2517
2058 2525
2059 2528
2060 2528
2061 2521
2062 2525
2063 2524
2064 2524
2065 2524
2066 2524
2067 2524
2068 2524
2069 2524
2070 2526
2071 2523
2072 2529
2073 2526
2074 2525
2075 2525
2076 2525
2077 2525
2078 2526
2079 2527
2080 2525
2081 2532
2082 2533
2083 2534
2084 2530
2085 2534
2086 2528
2087 2524
2088 2535
2089 2527
2090 2522
2091 2521
2092 2533
2093 2526
2094 2527
2095 2527
2096 2527
2097 2533
2098 2527
2099 2529
2100 2533
2101 2533
2151 2533
2152 2533
2153 2532
2154 2530
2155 2538
2156 2533
2157 2532
2158 2534
2159 2530
2160 2532
2161 2529
2162 2530
2163 2525
2164 2526
2165 2531
2166 2531
2167 2529
2168 2530
2169 2532
2170 2530
2171 2530
2172 2530
2173 2532
2174 2528
2175 2529
2176 2530
2177 2534
2178 2532
2179 2533
2180 2531
2181 2530
2182 2522
2183 2534
2184 2533
2185 2525
2186 2531
2187 2522
2188 2533
2189 2529
2190 2524
2191 2526
2192 2525
2193 2526
2194 2526
2195 2522
2196 2522
2197 2524
2198 2522
2199 2529
2200 2526
2201 2526
2202 2534
2203 2531
2204 2530
2205 2530
2206 2536
2207 2533
2208 2528
2209 2530
2210 2529
2211 2529
2212 2529
2213 2532
2214 2530
2215 2532
2216 2531
2217 2528
2218 2526
2219 2529
2220 2534
2221 2528
2222 2527
2223 2528
2224 2528
2225 2532
2226 2529
2227 2528
2228 2528
2229 2528
2230 2529
2231 2529
2232 2528
2233 2527
2234 2528
2235 2529
2236 2529
2237 2529
2238 2532
2239 2527
2240 2529
2241 2528
2242 2528
2243 2529
2244 2534
2245 2535
2246 2528
2247 2529
2248 2528
2249 2528
2250 2529
2251 2529
2252 2529
2253 2529
2254 2529
2255 2528
2256 2523
2257 2530
2258 2530
2259 2529
2260 2529
2261 2530
2262 2530
2263 2530
2264 2531
2265 2530
2266 2530
2267 2530
2268 2530
2269 2530
2270 2531
2271 2531
2272 2530
2273 2530
2274 2531
2275 2531
2276 2532
2277 2531
2278 2539
2279 2533
2280 2533
2281 2534
2282 2540
2330 2540
2331 2538
2332 2539
2333 2539
2334 2535
2335 2539
2336 2543
2337 2541
2338 2537
2339 2539
2340 2539
2341 2538
2342 2538
2343 2538
2344 2542
2345 2536
2346 2542
2347 2539
2348 2539
2349 2538
2350 2539
2351 2535
2352 2538
2353 2537
2354 2537
2355 2537
2356 2539
2357 2537
2358 2538
2359 2538
2360 2537
2361 2536
2362 2536
2363 2536
2364 2535
2365 2536
2366 2535
2367 2535
2368 2535
2369 2532
2370 2538
2371 2536
2372 2536
2373 2536
2374 2534
2375 2541
2376 2537
2377 2535
2378 2535
2379 2532
2380 2532
2381 2533
2382 2541
2383 2533
2384 2532
2385 2540
2386 2533
2387 2531
2388 2540
2389 2526
2390 2533
2391 2535
2392 2539
2393 2534
2394 2531
2395 2536
2396 2532
2397 2532
2398 2532
2399 2532
2400 2535
2401 2533
2402 2524
2403 2536
2404 2537
2405 2532
2406 2533
2407 2532
2408 2531
2409 2529
2410 2532
2411 2532
2412 2531
2413 2531
2414 2531
2415 2531
2416 2531
2417 2531
2418 2530
2419 2530
2420 2529
2421 2530
2422 2530
2423 2531
2424 2531
2425 2532
2426 2529
2427 2526
2428 2528
2429 2529
2430 2524
2431 2525
2432 2534
2433 2528
2434 2528
2435 2527
2436 2528
2437 2529
2438 2528
2439 2529
2440 2528
2441 2529
2442 2530
2443 2528
2444 2529
2445 2528
2446 2529
2447 2531
2448 2529
2449 2528
2450 2529
2451 2531
2452 2531
2453 2531
2454 2530
2455 2531
2456 2534
2457 2532
2458 2523
2459 2535
2460 2537
2461 2531
2462 2530
2463 2531
2464 2534
2465 2531
2466 2531
2467 2530
2468 2530
2469 2531
2470 2532
2471 2532
2472 2533
2473 2533
2474 2538
2475 2536
2476 2533
2477 2533
2478 2535
2479 2541
2480 2534
2481 2534
2482 2534
2483 2534
2484 2535
2485 2535
2486 2533
2487 2535
2488 2536
2489 2536
2490 2536
2491 2535
2492 2536
2493 2534
2494 2536
2495 2537
2496 2538
2497 2536
2498 2536
2499 2544
2500 2536
2501 2544
2502 2535
2503 2535
2504 2536
2505 2539
2506 2536
2507 2535
2508 2535
2509 2539
2510 2530
2511 2531
2512 2536
2513 2543
2514 2538
2515 2537
2516 2537
2517 2538
2518 2539
2519 2540
2520 2532
2521 2536
2522 2539
2523 2539
2524 2539
2525 2540
2526 2542
2527 2531
2528 2543
2529 2538
2530 2538
2531 2531
2532 2545
2533 2540
2534 2539
2535 2540
2536 2545
2537 2545
2538 2545
2539 2544
2540 2543
2541 2538
2542 2538
2543 2537
2544 2539
2545 2539
2546 2536
2547 2536
2548 2543
2549 2536
2550 2539
2551 2538
2552 2539
2553 2538
2554 2538
2555 2539
2556 2542
2557 2542
2558 2539
2559 2537
2560 2538
2561 2542
2562 2539
2563 2538
2564 2534
2565 2536
2566 2537
2567 2536
2568 2537
2569 2537
2570 2537
2571 2534
2572 2538
2573 2538
2574 2531
2575 2538
2576 2537
2577 2538
2578 2531
2579 2541
2580 2538
2581 2538
2582 2538
2583 2539
2584 2536
2585 2540
2586 2541
2587 2541
2588 2535
2589 2536
2590 2547
2591 2539
2592 2540
2593 2541
2594 2540
2595 2542
2596 2545
2597 2542
2598 2546
2599 2543
2600 2543
2601 2539
2602 2543
2603 2542
2604 2544
2605 2546
2606 2548
2607 2549
2608 2539
2609 2549
2610 2541
2611 2538
2612 2544
2613 2549
2614 2538
2615 2542
2616 2549
2617 2543
2618 2552
2619 2552
2620 2544
2621 2538
2622 2548
2623 2548
2624 2541
2625 2543
2626 2547
2627 2552
2628 2538
2629 2545
2630 2542
2631 2543
2632 2547
2633 2539
2634 2545
2635 2546
2636 2546
2637 2539
2638 2549
2639 2546
2640 2544
2641 2548
2642 2548
2643 2543
2644 2547
2645 2546
2646 2553
2647 2547
2648 2547
2649 2548
2650 2547
2651 2548
2652 2542
2653 2542
2654 2540
2655 2549
2656 2548
2657 2549
2658 2549
2659 2548
2660 2547
2661 2546
2662 2554
2663 2544
2664 2543
2665 2541
2666 2548
2667 2547
2668 2547
2669 2547
2670 2546
2671 2544
2672 2548
2673 2548
2674 2542
2675 2550
2676 2554
2677 2553
2678 2548
2679 2554
2680 2548
2681 2556
2682 2546
2683 2546
2684 2548
2685 2547
2686 2555
2687 2554
2688 2550
2689 2549
2690 2552
2691 2547
2692 2544

