1564 2481
1565 2481
1566 2481
1567 2481
1568 2481
1569 2481
1570 2481
1571 2481
1572 2481
1573 2481
1574 2481
1575 2481
1576 2481
1577 2480
1578 2480
1579 2480
1580 2483
1581 2483
1582 2482
1583 2482
1584 2482
1585 2483
1586 2482
1587 2482
1588 2482
1589 2482
1590 2482
1591 2482
1592 2482
1593 2483
1594 2482
1595 2483
1596 2483
1597 2482
1598 2483
1599 2482
1600 2482
1601 2482
1602 2482
1603 2482
1604 2483
1605 2483
1606 2483
1607 2483
1608 2483
1609 2483
1610 2483
1611 2483
1612 2483
1613 2483
1614 2483
1615 2483
1616 2483
1617 2483
1618 2483
1619 2483
1620 2483
1621 2484
1622 2484
1623 2484
1624 2484
1625 2484
1626 2484
1627 2484
1628 2483
1629 2483
1630 2483
1631 2484
1632 2484
1633 2484
1634 2483
1635 2483
1636 2483
1637 2483
1638 2483
1639 2483
1640 2482
1641 2482
1642 2483
1643 2482
1644 2483
1645 2483
1646 2483
1647 2483
1648 2483
1649 2483
1650 2483
1651 2483
1652 2483
1653 2483
1654 2484
1655 2483
1656 2483
1657 2484
1658 2484
1659 2484
1660 2483
1661 2484
1662 2484
1663 2483
1664 2483
1665 2483
1666 2483
1667 2484
1668 2484
1669 2484
1670 2484
1671 2484
1672 2484
1673 2484
1674 2484
1675 2484
1676 2484
1677 2484
1678 2484
1679 2484
1680 2484
1681 2484
1682 2485
1683 2485
1684 2485
1685 2485
1686 2485
1687 2485
1688 2486
1689 2486
1690 2486
1691 2487
1692 2486
1693 2486
1694 2485
1695 2486
1696 2485
1697 2486
1698 2486
1699 2486
1700 2486
1701 2486
1702 2486
1703 2486
1704 2486
1705 2486
1706 2486
1707 2486
1708 2487
1709 2486
1710 2487
1711 2487
1712 2487
1713 2487
1714 2486
1715 2486
1716 2486
1717 2487
1718 2486
1719 2486
1720 2486
1721 2487
1722 2487
1723 2486
1724 2486
1725 2486
1726 2486
1727 2486
1728 2486
1729 2486
1730 2486
1731 2486
1732 2486
1733 2486
1734 2486
1735 2486
1736 2486
1737 2486
1738 2486
1739 2486
1740 2486
1741 2486
1742 2486
1743 2486
1744 2486
1745 2486
1746 2486
1747 2486
1748 2486
1749 2486
1750 2486
1751 2486
1752 2486
1753 2486
1754 2486
1755 2486
1756 2486
1757 2486
1758 2486
1759 2486
1760 2486
1761 2487
1762 2486
1763 2486
1764 2486
1765 2486
1766 2486
1767 2486
1768 2486
1769 2487
1770 2487
1771 2487
1772 2487
1773 2487
1774 2487
1775 2487
1776 2487
1777 2487
1778 2487
1779 2487
1780 2487
1781 2487
1782 2487
1783 2487
1784 2487
1785 2487
1786 2487
1787 2488
1788 2488
1789 2487
1790 2488
1791 2487
1792 2488
1793 2488
1794 2488
1795 2488
1796 2488
1797 2488
1798 2488
1799 2488
1800 2488
1801 2488
1802 2488
1803 2488
1804 2488
1805 2488
1806 2489
1807 2488
1808 2488
1809 2489
1810 2489
1811 2489
1812 2489
1813 2489
1814 2489
1815 2489
1816 2489
1817 2489
1818 2489
1819 2489
1820 2489
1821 2489
1822 2489
1823 2489
1824 2489
1825 2489
1826 2489
1827 2489
1828 2489
1829 2489
1830 2489
1831 2489
1832 2490
1833 2490
1834 2490
1835 2490
1836 2489
1837 2490
1838 2490
1839 2490
1840 2490
1841 2490
1842 2490
1843 2490
1844 2490
1845 2490
1846 2490
1847 2490
1848 2490
1849 2490
1850 2490
1851 2490
1852 2490
1853 2490
1854 2490
1855 2490
1856 2490
1857 2490
1858 2490
1859 2490
1860 2490
1861 2490
1862 2489
1863 2490
1864 2490
1865 2490
1866 2490
1867 2490
1868 2490
1869 2489
1870 2490
1871 2490
1872 2490
1873 2490
1874 2490
1875 2490
1876 2490
1877 2490
1878 2490
1879 2490
1880 2490
1881 2490
1882 2490
1883 2490
1884 2490
1885 2490
1886 2490
1887 2490
1888 2490
1889 2490
1890 2490
1891 2491
1892 2491
1893 2491
1894 2491
1895 2491
1896 2491
1897 2491
1898 2491
1899 2491
1900 2491
1901 2491
1902 2491
1903 2491
1904 2491
1905 2491
1906 2491
1907 2490
1908 2490
1909 2490
1910 2490
1911 2490
1912 2490
1913 2490
1914 2490
1915 2490
1916 2489
1917 2489
1918 2489
1919 2489
1920 2489
1921 2489
1922 2489
1923 2489
1924 2489
1925 2489
1926 2489
1927 2489
1928 2489
1929 2489
1930 2489
1931 2489
1932 2489
1933 2489
1934 2489
1935 2489
1936 2489
1937 2489
1938 2490
1939 2490
1940 2490
1941 2490
1942 2489
1943 2490
1944 2490
1945 2490
1946 2490
1947 2490
1948 2490
1949 2490
1950 2490
1951 2490
1952 2490
1953 2490
1954 2490
1955 2490
1956 2490
1957 2490
1958 2490
1959 2490
1960 2491
1961 2491
1962 2491
1963 2490
1964 2491
1965 2491
1966 2491
1967 2491
1968 2491
1969 2492
1970 2492
1971 2492
1972 2492
1973 2492
1974 2492
1975 2492
1976 2493
1977 2493
1978 2493
1979 2493
1980 2493
1981 2493
1982 2493
1983 2493
1984 2493
1985 2493
1986 2493
1987 2493
1988 2493
1989 2493
1990 2493
1991 2493
1992 2493
1993 2493
1994 2493
1995 2493
1996 2493
1997 2493
1998 2493
1999 2493
2000 2493
2001 2493
2002 2493
2003 2493
2004 2493
2005 2493
2006 2493
2007 2493
2008 2492
2009 2493
2010 2493
2011 2493
2012 2493
2013 2493
2014 2493
2015 2493
2016 2493
2017 2493
2018 2493
2019 2493
2020 2493
2021 2493
2022 2493
2023 2493
2024 2493
2025 2493
2026 2493
2027 2493
2028 2493
2029 2492
2030 2493
2031 2492
2032 2492
2033 2492
2034 2492
2035 2492
2036 2492
2037 2492
2038 2492
2039 2492
2040 2492
2041 2492
2042 2492
2043 2492
2044 2492
2045 2492
2046 2492
2047 2491
2048 2491
2049 2491
2050 2491
2051 2491
2052 2491
2053 2491
2054 2491
2055 2491
2056 2491
2057 2490
2058 2490
2059 2490
2060 2490
2061 2490
2062 2490
2063 2490
2064 2490
2065 2490
2066 2490
2067 2490
2068 2490
2069 2490
2070 2490
2071 2490
2072 2490
2073 2490
2074 2490
2075 2490
2076 2491
2077 2492
2078 2492
2079 2492
2080 2493
2081 2493
2082 2492
2083 2493
2084 2492
2085 2492
2086 2492
2087 2495
2088 2493
2089 2494
2090 2493
2091 2494
2092 2494
2093 2494
2094 2494
2095 2495
2096 2495
2097 2494
2098 2498
2099 2495
2100 2495
2101 2496
2102 2495
2103 2495
2104 2495
2105 2495
2106 2499
2107 2495
2108 2496
2109 2495
2110 2495
2111 2495
2112 2494
2113 2495
2114 2495
2115 2495
2116 2495
2117 2496
2118 2496
2119 2495
2120 2496
2121 2496
2122 2496
2123 2497
2124 2496
2125 2496
2126 2496
2127 2495
2128 2496
2129 2496
2130 2495
2131 2495
2132 2496
2133 2496
2134 2496
2135 2495
2136 2495
2137 2495
2138 2495
2139 2495
2140 2494
2141 2494
2142 2494
2143 2494
2144 2494
2145 2495
2146 2494
2147 2495
2148 2495
2149 2495
2150 2495
2151 2495
2152 2495
2153 2495
2154 2495
2155 2495
2156 2495
2157 2495
2158 2495
2159 2495
2160 2496
2161 2496
2162 2496
2163 2496
2164 2497
2165 2497
2166 2498
2167 2498
2168 2499
2169 2499
2170 2499
2171 2499
2172 2499
2173 2500
2174 2500
2175 2499
2176 2499
2177 2499
2178 2499
2179 2500
2180 2500
2181 2500
2182 2500
2183 2500
2184 2501
2185 2501
2186 2501
2187 2501
2188 2502
2189 2502
2190 2502
2191 2502
2192 2502
2193 2503
2194 2503
2195 2504
2196 2503
2197 2503
2198 2504
2199 2504
2200 2505
2201 2505
2202 2505
2203 2505
2204 2504
2205 2505
2206 2505
2207 2504
2208 2505
2209 2505
2210 2505
2211 2505
2212 2505
2213 2506
2214 2506
2215 2505
2216 2505
2217 2506
2218 2505
2219 2505
2220 2505
2221 2505
2222 2505
2223 2506
2224 2506
2225 2506
2226 2505
2227 2505
2228 2507
2229 2505
2230 2505
2231 2505
2232 2505
2233 2505
2234 2504
2235 2504
2236 2504
2237 2504
2238 2503
2239 2503
2240 2504
2241 2503
2242 2503
2243 2503
2244 2503
2245 2504
2246 2504
2247 2504
2248 2503
2249 2503
2250 2503
2251 2503
2252 2503
2253 2503
2254 2503
2255 2503
2256 2504
2257 2504
2258 2503
2259 2502
2260 2502
2261 2502
2262 2502
2263 2503
2264 2504
2265 2503
2266 2503
2267 2503
2268 2503
2269 2503
2270 2503
2271 2501
2272 2503
2273 2503
2274 2503
2275 2503
2276 2503
2277 2503
2278 2503
2279 2503
2280 2503
2281 2503
2282 2503
2283 2504
2284 2501
2285 2499
2286 2504
2287 2501
2288 2500
2289 2499
2290 2500
2291 2499
2292 2501
2293 2500
2294 2508
2295 2502
2296 2502
2297 2504
2298 2505
2299 2506
2300 2507
2301 2508
2302 2505
2303 2500
2304 2508
2305 2506
2306 2503
2307 2499
2308 2499
2309 2504
2310 2497
2311 2499
2312 2499
2313 2499
2314 2499
2315 2499
2316 2500
2317 2500
2318 2501
2319 2501
2320 2501
2321 2501
2322 2502
2323 2503
2324 2502
2325 2502
2326 2501
2327 2501
2328 2501
2329 2501
2330 2501
2331 2502
2332 2501
2333 2501
2334 2501
2335 2501
2336 2500
2337 2506
2338 2502
2339 2502
2340 2501
2341 2501
2342 2501
2343 2501
2344 2500
2345 2501
2346 2503
2347 2501
2348 2500
2349 2500
2350 2500
2351 2499
2352 2500
2353 2501
2354 2503
2355 2504
2356 2502
2357 2506
2358 2501
2359 2501
2360 2498
2361 2498
2362 2498
2363 2500
2364 2498
2365 2498
2366 2497
2367 2497
2368 2501
2369 2497
2370 2497
2371 2497
2372 2497
2373 2497
2374 2497
2375 2499
2376 2500
2377 2497
2378 2498
2379 2502
2380 2497
2381 2499
2382 2498
2383 2500
2384 2499
2385 2498
2386 2499
2387 2500
2388 2501
2389 2500
2390 2499
2391 2501
2392 2501
2393 2500
2394 2501
2395 2501
2396 2501
2397 2500
2398 2501
2399 2501
2400 2501
2401 2500
2402 2500
2403 2501
2404 2508
2405 2501
2406 2501
2407 2506
2408 2507
2409 2501
2410 2501
2411 2501
2412 2503
2413 2502
2414 2502
2415 2501
2416 2501
2417 2502
2418 2501
2419 2502
2420 2502
2421 2502
2422 2502
2423 2514
2424 2503
2425 2504
2426 2506
2427 2505
2428 2503
2429 2504
2430 2504
2431 2504
2432 2505
2433 2505
2434 2504
2435 2503
2436 2504
2437 2503
2438 2504
2439 2505
2440 2504
2441 2504
2442 2503
2443 2503
2444 2503
2445 2503
2446 2511
2447 2504
2448 2505
2449 2502
2450 2502
2451 2502
2452 2500
2453 2502
2454 2502
2455 2501
2456 2500
2457 2500
2458 2500
2459 2500
2460 2499
2461 2500
2462 2503
2463 2500
2464 2500
2465 2500
2466 2501
2467 2501
2468 2500
2469 2500
2470 2500
2471 2502
2472 2502
2473 2499
2474 2500
2475 2499
2476 2500
2477 2500
2478 2500
2479 2500
2480 2500
2481 2503
2482 2499
2483 2499
2484 2500
2485 2502
2486 2501
2487 2500
2488 2500
2489 2500
2490 2500
2491 2500
2492 2501
2493 2501
2494 2500
2495 2500
2496 2501
2497 2501
2498 2502
2499 2503
2500 2502
2501 2501
2502 2499
2503 2500
2504 2501
2505 2500
2506 2500
2507 2501
2508 2501
2509 2510
2510 2501
2511 2503
2512 2501
2513 2498
2514 2498
2515 2499
2516 2497
2517 2499
2518 2499
2519 2504
2520 2505
2521 2504
2522 2503
2523 2502
2524 2502
2525 2499
2526 2499
2527 2499
2528 2499
2529 2499
2530 2499
2531 2500
2532 2500
2533 2501
2534 2500
2535 2500
2536 2500
2537 2502
2538 2500
2539 2500
2540 2500
2541 2500
2542 2499
2543 2500
2544 2500
2545 2500
2546 2500
2547 2500
2548 2500
2549 2500
2550 2506
2551 2504
2552 2501
2553 2501
2554 2500
2555 2499
2556 2499
2557 2500
2558 2499
2559 2499
2560 2498
2561 2499
2562 2499
2563 2498
2564 2498
2565 2498
2566 2498
2567 2498
2568 2498
2569 2498
2570 2498
2571 2498
2572 2500
2573 2500
2574 2497
2575 2498
2576 2499
2577 2497
2578 2499
2579 2498
2580 2497
2581 2497
2582 2499
2583 2498
2584 2497
2585 2499
2586 2498
2587 2498
2588 2498
2589 2498
2590 2498
2591 2498
2592 2498
2593 2498
2594 2498
2595 2498
2596 2502
2597 2503
2598 2503
2599 2497
2600 2498
2601 2498
2602 2501
2603 2498
2604 2498
2605 2498
2606 2497
2607 2497
2608 2497
2609 2497
2610 2497
2611 2497
2612 2496
2613 2496
2614 2495
2615 2497
2616 2496
2617 2500
2618 2499
2619 2497
2620 2505
2621 2498
2622 2501
2623 2500
2624 2500
2625 2500
2626 2497
2627 2496
2628 2494
2629 2492
2630 2490
2631 2489
2632 2484
2633 2481
2634 2490
2635 2479
2636 2475
2637 2480
2638 2479
2639 2477
2640 2471
2641 2470
2642 2466
2643 2472
2644 2474
2645 2468
2646 2447
2647 2442
2648 2439
2649 2445
2650 2441
2651 2441
2652 2425
2653 2422
2654 2422
2655 2421
2656 2410
2657 2412
2658 2410
2659 2392
2660 2412
2661 2418
2662 2414
2663 2413
2664 2411
2665 2425
2666 2424
2667 2428
2668 2424
2669 2419
2670 2436
2671 2439
2672 2426
2673 2433
2674 2439
2675 2451
2676 2456
2677 2456
2678 2458
2679 2458
2680 2458
2681 2460
2682 2463
2683 2465
2684 2466
2685 2469
2686 2474
2687 2475
2688 2474
2689 2476
2690 2467
2691 2465
2692 2465
2693 2479
2694 2466
2695 2474
2696 2466
2697 2464
2698 2462
2699 2459
2700 2461
2701 2452
2702 2453
2703 2453
2704 2451
2705 2449
2706 2449
2707 2448
2708 2449
2709 2448
2710 2448
2711 2447
2712 2447
2713 2446
2714 2450
2715 2448
2716 2451
2717 2449
2718 2452
2719 2449
2720 2451
2721 2452
2722 2454
2723 2452
2724 2454
2725 2456
2726 2457
2727 2455
2728 2457
2729 2457
2730 2457
2731 2459
2732 2460
2733 2461
2734 2462
2735 2463
2736 2464
2737 2464
2738 2466
2739 2469
2740 2466
2741 2467
2742 2484
2743 2486
2744 2486
2745 2486
2746 2490
2747 2502
2748 2497
2749 2515
2750 2515
2751 2521
2752 2523
2753 2522
2754 2525
2755 2519
2756 2533
2757 2535
2758 2535
2759 2535
2760 2541
2761 2534
2762 2539
2763 2542
2764 2538
2765 2538
2766 2537
2767 2543
2768 2559
2769 2544
2770 2545
2771 2558
2772 2560
2773 2546
2774 2544
2775 2545
2776 2548
2777 2543
2778 2541
2779 2540
2780 2539
2781 2537
2782 2539
2783 2539
2784 2538
2785 2537
2786 2522
2787 2526
2788 2530
2789 2508
2790 2508
2791 2509
2792 2510
2793 2509
2794 2511
2795 2511
2796 2512
2797 2509
2798 2509
2799 2509
2800 2509
2801 2510
2802 2511
2803 2510
2804 2510
2805 2507
2806 2506
2807 2507
2808 2507
2809 2507
2810 2508
2811 2508
2812 2509
2813 2509
2814 2508
2815 2508
2816 2509
2817 2510
2818 2510
2819 2511
2820 2510
2821 2510
2822 2511
2823 2512
2824 2514
2825 2514
2826 2510
2827 2511
2828 2511
2829 2512
2830 2512
2831 2512
2832 2511
2833 2514
2834 2512
2835 2513
2836 2513
2837 2514
2838 2513
2839 2513
2840 2513
2841 2514
2842 2514
2843 2515
2844 2515
2845 2516
2846 2516
2847 2520
2848 2521
2849 2521
2850 2521
2851 2521
2852 2521
2853 2521
2854 2524
2855 2522
2856 2528
2857 2525
2858 2524
2859 2522
2860 2522
2861 2523
2862 2527
2863 2525
2864 2523
2865 2524
2866 2526
2867 2526
2868 2525
2869 2524
2870 2523
2871 2520
2872 2518
2873 2516
2874 2515
2875 2514
2876 2501
2877 2501
2878 2500
2879 2497
2880 2496
2881 2504
2882 2506
2883 2493
2884 2505
2885 2497
2886 2495
2887 2493
2888 2488
2889 2487
2890 2487
2891 2485
2892 2485
2893 2488
2894 2488
2895 2490
2896 2491
2897 2492
2898 2494
2899 2510
2900 2511
2901 2503
2902 2502
2903 2503
2904 2522
2905 2521
2906 2518
2907 2510
2908 2524
2909 2522
2910 2518
2911 2519
2912 2519
2913 2521
2914 2519
2915 2518
2916 2518
2917 2520
2918 2518
2919 2517
2920 2517
2921 2517
2922 2517
2923 2536
2924 2517
2925 2517
2926 2520
2927 2520
2928 2517
2929 2517
2930 2517
2931 2519
2932 2537
2933 2518
2934 2518
2935 2518
2936 2518
2937 2517
2938 2517
2939 2517
2940 2517
2941 2517
2942 2517
2943 2517
2944 2524
2945 2517
2946 2526
2947 2517
2948 2517
2949 2517
2950 2524
2951 2517
2952 2516
2953 2516
2954 2516
2955 2516
2956 2516
2957 2516
2958 2516
2959 2516
2960 2516
2961 2516
2962 2516
2963 2516
2964 2516
2965 2516
2966 2516
2967 2516
2968 2516
2969 2516
2970 2516
2971 2516
2972 2517
2973 2519
2974 2516
2975 2516
2976 2517
2977 2519
2978 2517
2979 2516
2980 2516
2981 2517
2982 2516
2983 2516
2984 2519
2985 2516
2986 2516
2987 2519
2988 2516
2989 2520
2990 2519
2991 2518
2992 2517
2993 2516
2994 2516
2995 2522
2996 2516
2997 2516
2998 2517
2999 2519
3000 2516
3001 2516
3002 2519
3003 2516
3004 2518
3005 2517
3006 2517
3007 2516
3008 2519
3009 2517
3010 2517
3011 2517
3012 2516
3013 2516
3014 2516
3015 2521
3016 2521
3017 2516
3018 2516
3019 2516
3020 2516
3021 2516
3022 2516
3023 2520
3024 2517
3025 2519
3026 2518
3027 2517
3028 2516
3029 2517
3030 2518
3031 2521
3032 2518
3033 2517
3034 2517
3035 2518
3036 2518
3037 2517
3038 2518
3039 2517
3040 2518
3041 2517
3042 2517
3043 2520
3044 2518
3045 2517
3046 2518
3047 2517
3048 2517
3049 2517
3050 2517
3051 2518
3052 2517
3053 2518
3054 2517
3055 2520
3056 2519
3057 2520
3058 2520
3059 2519
3060 2518
3061 2517
3062 2518
3063 2518
3064 2518
3065 2518
3066 2518
3067 2519
3068 2520
3069 2518
3070 2518
3071 2517
3072 2520
3073 2520
3074 2519
3075 2518
3076 2519
3077 2518
3078 2518
3079 2516
3080 2527
3081 2520
3082 2517
3083 2517
3084 2519
3085 2517
3086 2517
3087 2517
3088 2517
3089 2520
3090 2518
3091 2518
3092 2519
3093 2522
3094 2518
3095 2517
3096 2521
3097 2516
3098 2517
3099 2516
3100 2520
3101 2518
3102 2517
3103 2518
3104 2518
3105 2518
3106 2518
3107 2518
3108 2519
3109 2518
3110 2517
3111 2517
3112 2516
3113 2516
3114 2516
3115 2516
3116 2516
3117 2516
3118 2516
3119 2516
3120 2516
3121 2516
3122 2517
3123 2517
3124 2517
3125 2517
3126 2517
3127 2517
3128 2517
3129 2517
3130 2517
3131 2517
3132 2517
3133 2521
3134 2518
3135 2518
3136 2517
3137 2517
3138 2519
3139 2519
3140 2520
3141 2523
3142 2522
3143 2519
3144 2521
3145 2521
3146 2520
3147 2528
3148 2521
3149 2522
3150 2523
3151 2523
3152 2520
3153 2522
3154 2523
3155 2522
3156 2521
3157 2522
3158 2524
3159 2523
3160 2527
3161 2522
3162 2520
3163 2522
3164 2520
3165 2522
3166 2521
3167 2521
3168 2521
3169 2519
3170 2519
3171 2521
3172 2520
3173 2521
3174 2521
3175 2522
3176 2522
3177 2520
3178 2520
3179 2519
3180 2519
3181 2520
3182 2521
3183 2521
3184 2522
3185 2519
3186 2522
3187 2529
3188 2521
3189 2524
3190 2523
3191 2523
3192 2528
3193 2523
3194 2522
3195 2521
3196 2520
3197 2523
3198 2517
3199 2516
3200 2524
3201 2521
3202 2520
3203 2521
3204 2523
3205 2525
3206 2521
3207 2525
3208 2524
3209 2523
3210 2523
3211 2523
3212 2525
3213 2523
3214 2524
3215 2522
3216 2522
3217 2522
3218 2522
3219 2522
3220 2525
3221 2522
3222 2522
3223 2523
3224 2522
3225 2522
3226 2522
3227 2522
3228 2522
3229 2522
3230 2522
3231 2521
3232 2521
3233 2521
3234 2521
3235 2522
3236 2521
3237 2522
3238 2521
3239 2521
3240 2522
3241 2522
3242 2520
3243 2521
3244 2521
3245 2522
3246 2526
3247 2523
3248 2522
3249 2527
3250 2524
3251 2525
3252 2526
3253 2522
3254 2522
3255 2522
3256 2522
3257 2522
3258 2522
3259 2522
3260 2522
3261 2523
3262 2522
3263 2524
3264 2523
3265 2524
3266 2523
3267 2523
3268 2523
3269 2523
3270 2524
3271 2523
3272 2522
3273 2522
3274 2523
3275 2523
3276 2524
3277 2525
3278 2525
3279 2526
3280 2526
3281 2526
3282 2524
3283 2525
3284 2525
3285 2526
3286 2526
3287 2526
3288 2524
3289 2525
3290 2524
3291 2524
3292 2524
3293 2527
3294 2526
3295 2526
3296 2526
3297 2526
3298 2525
3299 2525
3300 2525
3301 2525
3302 2525
3303 2526
3304 2525
3305 2525
3306 2526
3307 2526
3308 2524
3309 2524
3310 2523
3311 2524
3312 2524
3313 2523
3314 2526
3315 2525
3316 2525
3317 2525
3318 2525
3319 2524
3320 2525
3321 2526
3322 2525
3323 2525
3324 2525
3325 2526
3326 2526
3327 2526
3328 2526
3329 2526
3330 2526
3331 2525
3332 2533
3333 2524
3334 2524
3335 2524
3336 2523
3337 2523
3338 2527
3339 2524
3340 2523
3341 2526
3342 2526
3343 2526
3344 2526
3345 2527
3346 2526
3347 2525
3348 2525
3349 2529
3350 2529
3351 2528
3352 2526
3353 2524
3354 2524
3355 2524
3356 2523
3357 2523
3358 2523
3359 2523
3360 2523
3361 2523
3362 2522
3363 2522
3364 2522
3365 2523
3366 2522
3367 2523
3368 2522
3369 2520
3370 2524
3371 2521
3372 2521
3373 2520
3374 2520
3375 2520
3376 2520
3377 2519
3378 2520
3379 2520
3380 2520
3381 2520
3382 2520
3383 2519
3384 2520
3385 2520
3386 2519
3387 2519
3388 2519
3389 2519
3390 2520
3391 2520
3392 2519
3393 2519
3394 2519
3395 2520
3396 2520
3397 2521
3398 2520
3399 2519
3400 2520
3401 2520
3402 2517
3403 2521
3404 2519
3405 2519
3406 2517
3407 2517
3408 2518
3409 2517
3410 2518
3411 2518
3412 2518
3413 2518
3414 2527
3415 2519
3416 2518
3417 2528
3418 2528
3419 2527
3420 2527
3421 2529
3422 2525
3423 2534
3424 2534
3425 2528
3426 2530
3427 2537
3428 2533
3429 2536
3430 2537
3431 2533
3432 2528
3433 2529
3434 2533
3435 2533
3436 2524
3437 2529
3438 2533
3439 2534
3440 2532
3441 2525
3442 2531
3443 2531
3444 2524
3445 2526
3446 2524
3447 2532
3448 2527
3449 2526
3450 2532
3451 2524
3452 2524
3453 2524
3454 2529
3455 2524
3456 2524
3457 2524
3458 2524
3459 2524
3460 2523
3461 2523
3462 2523
3463 2523
3464 2523
3465 2523
3466 2523
3467 2523
3468 2523
3469 2524
3470 2523
3471 2523
3472 2533
3473 2533
3474 2523
3475 2532
3476 2532
3477 2526
3478 2523
3479 2525
3480 2523
3481 2523
3482 2523
3483 2523
3484 2523
3485 2523
3486 2523
3487 2523
3488 2523
3489 2523
3490 2523
3491 2526
3492 2524
3493 2523
3494 2523
3495 2523
3496 2523
3497 2527
3498 2523
3499 2525
3500 2524
3501 2524
3502 2523
3503 2523
3504 2523
3505 2523
3506 2523
3507 2523
3508 2523
3509 2523
3510 2524
3511 2523
3512 2523
3513 2524
3514 2524
3515 2526
3516 2530
3517 2527
3518 2527
3519 2527
3520 2526
3521 2526
3522 2525
3523 2526
3524 2525
3525 2527
3526 2526
3527 2525
3528 2524
3529 2524
3530 2524
3531 2524
3532 2524
3533 2523
3534 2524
3535 2523
3536 2536
3537 2523
3538 2523
3539 2523
3540 2524
3541 2524
3542 2524
3543 2525
3544 2526
3545 2529
3546 2525
3547 2524
3548 2537
3549 2527
3550 2527
3551 2526
3552 2525
3553 2526
3554 2526
3555 2525
3556 2526
3557 2525
3558 2525
3559 2525
3560 2524
3561 2537
3562 2524
3563 2527
3564 2527
3565 2527
3566 2527
3567 2526
3568 2526
3569 2522
3570 2523
3571 2523
3572 2523
3573 2523
3574 2523
3575 2522
3576 2523
3577 2522
3578 2523
3579 2523
3580 2523
3581 2524
3582 2525
3583 2525
3584 2524
3585 2523
3586 2525
3587 2535
3588 2525
3589 2526
3590 2527
3591 2527
3592 2527
3593 2527
3594 2528
3595 2525
3596 2525
3597 2525
3598 2525
3599 2524
3600 2524
3601 2525
3602 2527
3603 2525
3604 2525
3605 2524
3606 2525
3607 2525
3608 2525
3609 2526
3610 2524
3611 2525
3612 2526
3613 2525
3614 2523
3615 2523
3616 2525
3617 2525
3618 2524
3619 2529
3620 2528
3621 2525
3622 2525
3623 2525
3624 2526
3625 2526
3626 2525
3627 2526
3628 2527
3629 2524
3630 2525
3631 2522
3632 2522
3633 2521
3634 2520
3635 2521
3636 2521
3637 2520
3638 2520
3639 2520
3640 2520
3641 2520
3642 2520
3643 2520
3644 2520
3645 2522
3646 2521
3647 2521
3648 2520
3649 2520
3650 2518
3651 2519
3652 2519
3653 2518
3654 2519
3655 2517
3656 2517
3657 2516
3658 2518
3659 2518
3660 2517
3661 2516
3662 2518
3663 2517
3664 2518
3665 2519
3666 2518
3667 2518
3668 2518
3669 2518
3670 2517
3671 2517
3672 2518
3673 2516
3674 2516
3675 2515
3676 2515
3677 2514
3678 2514
3679 2514
3680 2514
3681 2514
3682 2514
3683 2514
3684 2513
3685 2513
3686 2513
3687 2513
3688 2512
3689 2512
3690 2512
3691 2513
3692 2512
3693 2512
3694 2512
3695 2512
3696 2512
3697 2512
3698 2512
3699 2513
3700 2513
3701 2514
3702 2515
3703 2514
3704 2514
3705 2515
3706 2518
3707 2515
3708 2515
3709 2518
3710 2518
3711 2518
3712 2518
3713 2519
3714 2520
3715 2520
3716 2522
3717 2522
3718 2522
3719 2522
3720 2523
3721 2524
3722 2524
3723 2525
3724 2525
3725 2525
3726 2524
3727 2526
3728 2525
3729 2526
3730 2525
3731 2525
3732 2525
3733 2526
3734 2524
3735 2525
3736 2525
3737 2525
3738 2525
3739 2525
3740 2525
3741 2524
3742 2524
3743 2525
3744 2525
3745 2524
3746 2524
3747 2524
3748 2524
3749 2524
3750 2524
3751 2523
3752 2524
3753 2524
3754 2524
3755 2524
3756 2524
3757 2524
3758 2528
3759 2526
3760 2527
3761 2525
3762 2524
3763 2524
3764 2527
3765 2524
3766 2534
3767 2539
3768 2524
3769 2524
3770 2524
3771 2525
3772 2525
3773 2526
3774 2527
3775 2528
3776 2527
3777 2527
3778 2526
3779 2527
3780 2529
3781 2527
3782 2527
3783 2527
3784 2527
3785 2528
3786 2528
3787 2527
3788 2527
3789 2527
3790 2529
3791 2528
3792 2529
3793 2528
3794 2528
3795 2527
3796 2527
3797 2529
3798 2530
3799 2530
3800 2531
3801 2529
3802 2528
3803 2530
3804 2530
3805 2530
3806 2526
3807 2526
3808 2527
3809 2527
3810 2527
3811 2527
3812 2526
3813 2527
3814 2525
3815 2525
3816 2525
3817 2528
3818 2534
3819 2528
3820 2526
3821 2531
3822 2526
3823 2525
3824 2525
3825 2526
3826 2525
3827 2526
3828 2524
3829 2526
3830 2525
3831 2525
3832 2525
3833 2525
3834 2524
3835 2528
3836 2526
3837 2527
3838 2528
3839 2527
3840 2525
3841 2524
3842 2522
3843 2522

