51 2492
52 2492
53 2492
54 2492
55 2493
56 2493
57 2493
58 2493
59 2493
60 2493
61 2493
62 2493
63 2493
64 2493
65 2493
66 2493
67 2495
68 2495
69 2494
70 2494
71 2493
72 2493
73 2494
74 2493
75 2494
76 2494
77 2494
78 2494
79 2494
80 2494
81 2493
82 2493
83 2493
84 2493
85 2494
86 2494
87 2494
88 2493
89 2493
90 2493
91 2493
92 2493
93 2493
94 2493
95 2493
96 2493
97 2493
98 2493
99 2493
100 2493
101 2493
102 2493
103 2493
104 2493
105 2493
106 2493
107 2493
108 2493
109 2493
110 2493
111 2493
112 2493
113 2493
114 2493
115 2493
116 2493
117 2494
118 2494
119 2493
120 2493
121 2493
122 2493
123 2493
124 2494
125 2493
126 2493
127 2493
128 2493
129 2493
130 2493
131 2493
132 2493
133 2493
134 2493
135 2493
136 2493
137 2493
138 2493
139 2493
140 2492
141 2493
142 2493
143 2493
144 2493
145 2494
146 2492
147 2492
148 2493
149 2493
150 2493
151 2497
152 2493
153 2493
154 2493
155 2493
156 2494
157 2493
158 2493
159 2493
160 2493
161 2493
162 2493
163 2493
164 2493
165 2493
166 2493
167 2493
168 2493
169 2493
170 2494
171 2493
172 2493
173 2494
174 2493
175 2492
176 2493
177 2492
178 2497
179 2496
180 2498
181 2492
182 2494
183 2493
184 2492
185 2492
186 2492
187 2493
188 2492
189 2494
190 2494
191 2494
192 2493
193 2493
194 2493
195 2492
196 2492
197 2491
198 2492
199 2492
200 2492
201 2491
202 2491
203 2491
204 2491
205 2491
206 2491
207 2491
208 2491
209 2491
210 2491
211 2490
212 2490
213 2490
214 2490
215 2490
216 2490
217 2490
218 2490
219 2489
220 2489
221 2489
222 2489
223 2489
224 2489
225 2489
226 2489
227 2489
228 2489
229 2489
230 2489
231 2489
232 2489
233 2489
234 2489
235 2489
236 2489
237 2489
238 2489
239 2489
240 2489
241 2490
242 2489
243 2490
244 2490
245 2489
246 2490
247 2490
248 2490
249 2490
250 2490
251 2490
252 2490
253 2490
254 2490
255 2490
256 2490
257 2490
258 2490
259 2490
260 2490
261 2490
262 2490
263 2490
264 2490
265 2490
266 2491
267 2491
268 2491
269 2490
270 2491
271 2491
272 2491
273 2491
274 2491
275 2491
276 2491
277 2491
278 2491
279 2491
280 2491
281 2491
282 2491
283 2491
284 2491
285 2491
286 2491
287 2491
288 2491
289 2492
290 2492
291 2492
292 2492
293 2493
294 2493
295 2493
296 2493
297 2493
298 2493
299 2493
300 2493
301 2493
302 2493
303 2493
304 2494
305 2493
306 2493
307 2493
308 2493
309 2493
310 2493
311 2493
312 2493
313 2492
314 2492
315 2492
316 2492
317 2492
318 2491
319 2491
320 2491
321 2491
322 2492
323 2492
324 2490
325 2491
326 2491
327 2491
328 2491
329 2491
330 2491
331 2491
332 2491
333 2491
334 2491
335 2491
336 2491
337 2491
338 2491
339 2491
340 2491
341 2491
342 2491
343 2491
344 2491
345 2491
346 2491
347 2491
348 2497
349 2495
350 2492
351 2492
352 2491
353 2492
354 2491
355 2491
356 2492
357 2491
358 2492
359 2492
360 2492
361 2492
362 2491
363 2492
364 2492
365 2492
366 2493
367 2493
368 2493
369 2493
370 2493
371 2493
372 2493
373 2493
374 2493
375 2493
376 2493
377 2494
378 2494
379 2494
380 2494
381 2493
382 2495
383 2494
384 2494
385 2494
386 2494
387 2495
388 2495
389 2495
390 2494
391 2500
392 2495
393 2495
394 2496
395 2495
396 2495
397 2496
398 2496
399 2495
400 2495
401 2495
402 2495
403 2495
404 2495
405 2495
406 2496
407 2496
408 2496
409 2496
410 2496
411 2496
412 2496
413 2496
414 2496
415 2496
416 2497
417 2496
418 2496
419 2496
420 2496
421 2496
422 2496
423 2496
424 2497
425 2495
426 2499
427 2496
428 2496
429 2496
430 2496
431 2496
432 2495
433 2496
434 2496
435 2495
436 2496
437 2496
438 2496
439 2495
440 2495
441 2496
442 2495
443 2496
444 2495
445 2495
446 2495
447 2496
448 2496
449 2495
450 2495
451 2495
452 2495
453 2496
454 2496
455 2495
456 2495
457 2495
458 2495
459 2495
460 2495
461 2495
462 2495
463 2495
464 2495
465 2496
466 2494
467 2495
468 2494
469 2495
470 2495
471 2494
472 2494
473 2494
474 2493
475 2494
476 2494
477 2494
478 2494
479 2494
480 2494
481 2494
482 2494
483 2494
484 2494
485 2494
486 2494
487 2494
488 2494
489 2494
490 2494
491 2494
492 2495
493 2495
494 2495
495 2494
496 2494
497 2495
498 2495
499 2494
500 2494
501 2495
502 2495
503 2494
504 2495
505 2494
506 2494
507 2495
508 2494
509 2494
510 2495
511 2494
512 2495
513 2494
514 2494
515 2494
516 2495
517 2494
518 2495
519 2495
520 2495
521 2496
522 2496
523 2495
524 2495
525 2495
526 2495
527 2495
528 2495
529 2495
530 2495
531 2495
532 2495
533 2495
534 2496
535 2495
536 2496
537 2496
538 2495
539 2495
540 2495
541 2495
542 2495
543 2495
544 2495
545 2495
546 2495
547 2495
548 2495
549 2495
550 2495
551 2495
552 2495
553 2495
554 2495
555 2495
556 2495
557 2495
558 2495
559 2495
560 2495
561 2495
562 2495
563 2495
564 2495
565 2495
566 2494
567 2495
568 2495
569 2495
570 2495
571 2495
572 2495
573 2495
574 2495
575 2495
576 2495
577 2495
578 2495
579 2495
580 2495
581 2495
582 2495
583 2495
584 2495
585 2495
586 2495
587 2495
588 2495
589 2495
590 2495
591 2495
592 2495
593 2495
594 2495
595 2495
596 2495
597 2495
598 2494
599 2495
600 2494
601 2494
602 2494
603 2495
604 2494
605 2494
606 2494
607 2495
608 2494
609 2494
610 2495
611 2494
612 2495
613 2495
614 2495
615 2495
616 2495
617 2494
618 2495
619 2495
620 2495
621 2495
622 2495
623 2495
624 2495
625 2495
626 2495
627 2495
628 2495
629 2494
630 2495
631 2495
632 2495
633 2495
634 2495
635 2495
636 2495
637 2496
638 2496
639 2496
640 2495
641 2496
642 2496
643 2496
644 2496
645 2496
646 2497
647 2497
648 2496
649 2497
650 2497
651 2497
652 2498
653 2498
654 2497
655 2497
656 2497
657 2498
658 2498
659 2498
660 2498
661 2498
662 2498
663 2498
664 2498
665 2498
666 2498
667 2497
668 2497
669 2498
670 2498
671 2498
672 2499
673 2498
674 2499
675 2499
676 2499
677 2499
678 2499
679 2499
680 2500
681 2500
682 2499
683 2500
684 2500
685 2500
686 2500
687 2500
688 2500
689 2500
690 2501
691 2501
692 2500
693 2500
694 2500
695 2500
696 2501
697 2501
698 2501
699 2501
700 2501
701 2501
702 2501
703 2501
704 2501
705 2501
706 2502
707 2502
708 2501
709 2502
710 2502
711 2502
712 2502
713 2502
714 2501
715 2501
716 2502
717 2502
718 2502
719 2502
720 2502
721 2502
722 2502
723 2502
724 2502
725 2501
726 2502
727 2502
728 2502
729 2502
730 2501
731 2502
732 2501
733 2501
734 2501
735 2501
736 2500
737 2501
738 2501
739 2501
740 2501
741 2501
742 2501
743 2501
744 2501
745 2501
746 2501
747 2501
748 2501
749 2501
750 2501
751 2501
752 2500
753 2501
754 2501
755 2500
756 2501
757 2501
758 2500
759 2500
760 2500
761 2500
762 2500
763 2501
764 2501
765 2500
766 2500
767 2501
768 2500
769 2500
770 2501
771 2500
772 2500
773 2500
774 2500
775 2500
776 2501
777 2500
778 2501
779 2501
780 2500
781 2500
782 2501
783 2500
784 2500
785 2499
786 2500
787 2500
788 2501
789 2501
790 2501
791 2501
792 2501
793 2501
794 2501
795 2501
796 2501
797 2501
798 2501
799 2501
800 2501
801 2501
802 2501
803 2501
804 2501
805 2501
806 2501
807 2501
808 2501
809 2501
810 2501
811 2501
812 2502
813 2502
814 2502
815 2502
816 2502
817 2502
818 2502
819 2502
820 2503
821 2502
822 2502
823 2502
824 2502
825 2502
826 2503
827 2503
828 2502
829 2502
830 2503
831 2503
832 2502
833 2502
834 2502
835 2503
836 2502
837 2502
838 2502
839 2502
840 2502
841 2502
842 2502
843 2502
844 2502
845 2502
846 2502
847 2502
848 2502
849 2502
850 2501
851 2502
852 2505
853 2501
854 2501
855 2502
856 2501
857 2501
858 2500
859 2501
860 2500
861 2501
862 2500
863 2500
864 2500
865 2500
866 2500
867 2500
868 2499
869 2500
870 2500
871 2499
872 2499
873 2499
874 2499
875 2499
876 2499
877 2499
878 2499
879 2499
880 2499
881 2498
882 2499
883 2499
884 2499
885 2498
886 2499
887 2499
888 2499
889 2499
890 2499
891 2499
892 2498
893 2499
894 2498
895 2498
896 2499
897 2498
898 2498
899 2498
900 2498
901 2498
902 2497
903 2498
904 2498
905 2497
906 2498
907 2498
908 2498
909 2498
910 2498
911 2497
912 2497
913 2498
914 2498
915 2497
916 2498
917 2498
918 2498
919 2499
920 2498
921 2497
922 2498
923 2498
924 2498
925 2498
926 2498
927 2498
928 2498
929 2498
930 2498
931 2498
932 2498
933 2498
934 2498
935 2498
936 2498
937 2499
938 2499
939 2499
940 2499
941 2499
942 2499
943 2499
944 2499
945 2500
946 2500
947 2500
948 2500
949 2500
950 2500
951 2501
952 2501
953 2501
954 2501
955 2501
956 2501
957 2502
958 2502
959 2502
960 2502
961 2502
962 2503
963 2503
964 2503
965 2503
966 2503
967 2504
968 2504
969 2504
970 2504
971 2504
972 2504
973 2504
974 2504
975 2504
976 2504
977 2504
978 2504
979 2505
980 2505
981 2504
982 2505
983 2505
984 2505
985 2505
986 2505
987 2506
988 2505
989 2505
990 2505
991 2505
992 2505
993 2506
994 2506
995 2505
996 2506
997 2506
998 2505
999 2505
1000 2505
1001 2505
1002 2505
1003 2505
1004 2505
1005 2505
1006 2505
1007 2505
1008 2505
1009 2505
1010 2505
1011 2506
1012 2506
1013 2506
1014 2506
1015 2506
1016 2505
1017 2505
1018 2505
1019 2506
1020 2505
1021 2506
1022 2505
1023 2505
1024 2505
1025 2506
1026 2505
1027 2505
1028 2505
1029 2505
1030 2505
1031 2505
1032 2505
1033 2505
1034 2505
1035 2505
1036 2505
1037 2505
1038 2505
1039 2505
1040 2505
1041 2505
1042 2505
1043 2505
1044 2505
1045 2504
1046 2504
1047 2504
1048 2507
1049 2505
1050 2505
1051 2504
1052 2505
1053 2505
1054 2505
1055 2505
1056 2505
1057 2504
1058 2504
1059 2503
1060 2504
1061 2504
1062 2504
1063 2504
1064 2504
1065 2504
1066 2503
1067 2504
1068 2504
1069 2504
1070 2504
1071 2504
1072 2503
1073 2504
1074 2503
1075 2503
1076 2504
1077 2504
1078 2504
1079 2504
1080 2503
1081 2504
1082 2503
1083 2503
1084 2503
1085 2503
1086 2503
1087 2504
1088 2504
1089 2504
1090 2503
1091 2503
1092 2503
1093 2503
1094 2503
1095 2503
1096 2502
1097 2503
1098 2502
1099 2502
1100 2502
1101 2502
1102 2502
1103 2502
1104 2502
1105 2502
1106 2502
1107 2502
1108 2502
1109 2502
1110 2502
1111 2502
1112 2502
1113 2502
1114 2502
1115 2503
1116 2503
1117 2502
1118 2503
1119 2503
1120 2503
1121 2503
1122 2503
1123 2503
1124 2503
1125 2503
1126 2503
1127 2503
1128 2503
1129 2503
1130 2503
1131 2503
1132 2503
1133 2503
1134 2503
1135 2503
1136 2503
1137 2503
1138 2503
1139 2503
1140 2503
1141 2503
1142 2503
1143 2503
1144 2503
1145 2503
1146 2503
1147 2503
1148 2504
1149 2503
1150 2503
1151 2504
1152 2504
1153 2503
1154 2504
1155 2504
1156 2504
1157 2504
1158 2504
1159 2503
1160 2503
1161 2503
1162 2503
1163 2503
1164 2504
1165 2506
1166 2504
1167 2505
1168 2504
1169 2505
1170 2505
1171 2505
1172 2505
1173 2505
1174 2505
1175 2505
1176 2505
1177 2505
1178 2505
1179 2506
1180 2505
1181 2505
1182 2505
1183 2505
1184 2506
1185 2505
1186 2505
1187 2505
1188 2506
1189 2505
1190 2506
1191 2506
1192 2506
1193 2506
1194 2506
1195 2506
1196 2506
1197 2507
1198 2505
1199 2506
1200 2507
1201 2507
1202 2507
1203 2507
1204 2507
1205 2507
1206 2507
1207 2507
1208 2507
1209 2507
1210 2507
1211 2507
1212 2508
1213 2507
1214 2507
1215 2507
1216 2507
1217 2507
1218 2507
1219 2508
1220 2509
1221 2510
1222 2508
1223 2508
1224 2508
1225 2508
1226 2508
1227 2507
1228 2508
1229 2508
1230 2509
1231 2508
1232 2508
1233 2508
1234 2508
1235 2507
1236 2508
1237 2508
1238 2508
1239 2507
1240 2507
1241 2507
1242 2508
1243 2507
1244 2507
1245 2508
1246 2508
1247 2508
1248 2507
1249 2507
1250 2507
1251 2507
1252 2507
1253 2508
1254 2507
1255 2508
1256 2508
1257 2508
1258 2507
1259 2508
1260 2508
1261 2508
1262 2507
1263 2508
1264 2508
1265 2508
1266 2508
1267 2508
1268 2508
1269 2508
1270 2508
1271 2508
1272 2508
1273 2508
1274 2508
1275 2508
1276 2508
1277 2508
1278 2508
1279 2508
1280 2508
1281 2508
1282 2508
1283 2508
1284 2507
1285 2511
1286 2506
1287 2506
1288 2511
1289 2507
1290 2507
1291 2507
1292 2507
1293 2507
1294 2508
1295 2508
1296 2507
1297 2508
1298 2508
1299 2508
1300 2507
1301 2508
1302 2508
1303 2508
1304 2508
1305 2508
1306 2507
1307 2507
1308 2508
1309 2507
1310 2511
1311 2513
1312 2512
1313 2511
1314 2511
1315 2509
1316 2509
1317 2508
1318 2512
1319 2512
1320 2509
1321 2509
1322 2508
1323 2509
1324 2514
1325 2512
1326 2509
1327 2511
1328 2510
1329 2510
1330 2509
1331 2509
1332 2509
1333 2508
1334 2508
1335 2508
1336 2510
1337 2510
1338 2510
1339 2509
1340 2510
1341 2508
1342 2510
1343 2509
1344 2509
1345 2508
1346 2509
1347 2509
1348 2508
1349 2511
1350 2513
1351 2510
1352 2509
1353 2509
1354 2513
1355 2509
1356 2513
1357 2513
1358 2510
1359 2511
1360 2512
1361 2512
1362 2512
1363 2508
1364 2514
1365 2513
1366 2508
1367 2509
1368 2511
1369 2512
1370 2510
1371 2510
1372 2510
1373 2511
1374 2510
1375 2511
1376 2509
1377 2509
1378 2508
1379 2508
1380 2508
1381 2512
1382 2510
1383 2510
1384 2511
1385 2510
1386 2509
1387 2509
1388 2510
1389 2509
1390 2508
1391 2509
1392 2508
1393 2509
1394 2510
1395 2510
1396 2515
1397 2510
1398 2509
1399 2509
1400 2509
1401 2509
1402 2509
1403 2508
1404 2508
1405 2511
1406 2509
1407 2508
1408 2507
1409 2508
1410 2508
1411 2508
1412 2507
1413 2510
1414 2507
1415 2507
1416 2507
1417 2506
1418 2507
1419 2507
1420 2506
1421 2505
1422 2506
1423 2505
1424 2506
1425 2508
1426 2507
1427 2506
1428 2505
1429 2505
1430 2505
1431 2505
1432 2505
1433 2505
1434 2504
1435 2504
1436 2505
1437 2504
1438 2504
1439 2503
1440 2507
1441 2504
1442 2510
1443 2501
1444 2506
1445 2506
1446 2508
1447 2507
1448 2507
1449 2507
1450 2508
1451 2501
1452 2502
1453 2501
1454 2501
1455 2502
1456 2505
1457 2505
1458 2501
1459 2506
1460 2507
1461 2502
1462 2502
1463 2505
1464 2502
1465 2505
1466 2506
1467 2504
1468 2503
1469 2507
1470 2507
1471 2509
1472 2509
1473 2509

943 2530
944 2521
945 2534
946 2528
947 2529
948 2533
949 2530
950 2537
951 2531
952 2527
953 2533
954 2530
955 2525
956 2535
957 2530
958 2534
959 2531
960 2535
961 2532
962 2526
963 2535
964 2533
965 2531
966 2531
967 2527
968 2536
969 2528
970 2541
971 2528
972 2541
973 2528
974 2532
975 2543
976 2543
977 2529
978 2530
979 2537
980 2534
981 2534
982 2540
983 2530
984 2533
985 2532
986 2538
987 2535
988 2534
989 2544
990 2545
991 2546
992 2544
993 2533
994 2538
995 2541
996 2541
997 2542
998 2543
999 2543
1000 2545
1001 2540
1002 2541
1003 2539
1004 2547
1005 2541
1006 2539
1007 2543
1008 2540
1009 2541
1010 2543
1011 2543
1012 2546
1013 2544
1014 2543
1015 2542
1016 2546
1017 2544
1018 2545
1019 2541
1020 2545
1021 2543
1022 2541
1023 2546
1024 2537
1025 2537
1026 2540
1027 2540
1028 2539
1029 2541
1030 2538
1031 2543
1032 2542
1033 2548
1034 2542
1035 2546
1036 2542
1037 2540
1038 2549
1039 2544
1040 2543
1041 2549
1042 2546
1043 2545
1044 2548
1045 2544
1046 2544
1047 2540
1048 2538
1049 2540
1050 2538
1051 2545
1052 2549
1053 2538
1054 2544
1055 2546
1056 2544
1057 2552
1058 2544
1059 2544
1060 2538
1061 2551
1062 2548
1063 2546
1064 2544
1065 2545
1066 2539
1067 2544
1068 2546
1069 2545
1070 2544
1071 2548
1072 2547
1073 2539
1074 2541
1075 2542
1076 2548
1077 2541
1078 2541
1079 2542
1080 2543
1081 2542
1082 2542
1083 2548
1084 2547
1085 2547
1086 2542
1087 2541
1088 2550
1089 2554
1090 2549
1091 2544
1092 2553
1093 2540
1094 2548
1095 2551
1096 2541
1097 2546
1098 2548
1099 2544
1100 2546
1101 2541
1102 2548
1103 2547
1104 2544
1105 2546
1106 2542
1107 2541
1108 2544
1109 2542
1110 2540
1111 2544
1112 2547
1113 2541
1114 2546
1115 2540
1116 2547
1117 2546
1118 2543
1119 2545
1120 2543
1121 2554
1122 2549
1123 2540
1124 2540
1125 2542
1126 2548
1127 2550
1128 2540
1129 2554
1130 2545
1131 2545
1132 2548
1133 2554
1134 2546
1135 2543
1136 2545
1137 2542
1138 2544
1139 2547
1140 2545
1141 2547
1142 2553
1143 2544
1144 2555
1145 2548
1146 2551
1147 2549
1148 2546
1149 2548
1150 2543
1151 2548
1152 2547
1153 2544
1154 2551
1155 2547
1156 2547
1157 2547
1158 2547
1159 2546
1160 2549
1161 2547
1162 2544
1163 2541
1164 2550
1165 2549
1166 2547
1167 2541
1168 2549
1169 2541
1170 2548
1171 2542
1172 2543
1173 2547
1174 2549
1175 2548
1176 2547
1177 2543
1178 2553
1179 2551
1180 2553
1181 2544
1182 2555
1183 2554
1184 2551
1185 2550
1186 2551
1187 2551

