292 2493
293 2494
294 2494
295 2494
296 2494
297 2494
298 2494
299 2494
300 2494
301 2494
302 2494
303 2494
304 2494
305 2494
306 2494
307 2494
308 2494
309 2494
310 2494
311 2494
312 2494
313 2494
314 2494
315 2494
316 2495
317 2494
318 2494
319 2494
320 2494
321 2494
322 2494
323 2494
324 2494
325 2494
326 2494
327 2494
328 2494
329 2493
330 2493
331 2494
332 2494
333 2493
334 2493
335 2494
336 2493
337 2493
338 2493
339 2494
340 2492
341 2493
342 2494
343 2496
344 2493
345 2493
346 2493
347 2493
348 2493
349 2493
350 2493
351 2493
352 2493
353 2493
354 2493
355 2493
356 2493
357 2493
358 2493
359 2493
360 2493
361 2493
362 2493
363 2493
364 2493
365 2492
366 2492
367 2492
368 2492
369 2492
370 2492
371 2492
372 2492
373 2492
374 2492
375 2492
376 2492
377 2492
378 2492
379 2492
380 2492
381 2492
382 2492
383 2492
384 2492
385 2492
386 2492
387 2492
388 2492
389 2492
390 2492
391 2492
392 2492
393 2492
394 2492
395 2492
396 2492
397 2492
398 2492
399 2492
400 2492
401 2492
402 2492
403 2492
404 2492
405 2492
406 2491
407 2491
408 2491
409 2492
410 2491
411 2492
412 2492
413 2492
414 2491
415 2491
416 2491
417 2491
418 2491
419 2491
420 2492
421 2491
422 2492
423 2492
424 2491
425 2491
426 2491
427 2492
428 2492
429 2491
430 2491
431 2491
432 2492
433 2492
434 2492
435 2491
436 2492
437 2492
438 2492
439 2492
440 2492
441 2492
442 2492
443 2491
444 2492
445 2492
446 2492
447 2492
448 2492
449 2491
450 2492
451 2492
452 2492
453 2492
454 2492
455 2492
456 2491
457 2492
458 2491
459 2491
460 2492
461 2492
462 2492
463 2491
464 2492
465 2492
466 2492
467 2491
468 2492
469 2491
470 2492
471 2492
472 2491
473 2493
474 2492
475 2491
476 2492
477 2492
478 2491
479 2492
480 2492
481 2491
482 2492
483 2493
484 2492
485 2492
486 2493
487 2493
488 2493
489 2493
490 2493
491 2492
492 2493
493 2493
494 2492
495 2492
496 2492
497 2492
498 2492
499 2492
500 2492
501 2493
502 2492
503 2492
504 2492
505 2492
506 2492
507 2492
508 2492
509 2492
510 2492
511 2492
512 2492
513 2492
514 2492
515 2491
516 2491
517 2492
518 2492
519 2492
520 2493
521 2496
522 2492
523 2492
524 2492
525 2491
526 2492
527 2492
528 2492
529 2492
530 2492
531 2492
532 2492
533 2492
534 2492
535 2492
536 2492
537 2492
538 2492
539 2492
540 2492
541 2491
542 2492
543 2492
544 2492
545 2492
546 2491
547 2492
548 2492
549 2491
550 2495
551 2492
552 2495
553 2491
554 2491
555 2491
556 2491
557 2491
558 2491
559 2491
560 2491
561 2491
562 2491
563 2491
564 2491
565 2491
566 2491
567 2491
568 2491
569 2492
570 2491
571 2492
572 2491
573 2491
574 2491
575 2491
576 2491
577 2491
578 2491
579 2491
580 2491
581 2491
582 2491
583 2491
584 2491
585 2491
586 2491
587 2491
588 2491
589 2491
590 2491
591 2491
592 2491
593 2491
594 2491
595 2491
596 2491
597 2491
598 2491
599 2491
600 2491
601 2491
602 2491
603 2491
604 2491
605 2491
606 2491
607 2491
608 2490
609 2491
610 2491
611 2491
612 2491
613 2491
614 2491
615 2491
616 2491
617 2491
618 2491
619 2491
620 2491
621 2491
622 2491
623 2491
624 2491
625 2491
626 2491
627 2491
628 2491
629 2491
630 2491
631 2491
632 2491
633 2491
634 2491
635 2491
636 2491
637 2491
638 2491
639 2491
640 2491
641 2490
642 2491
643 2491
644 2491
645 2490
646 2491
647 2490
648 2490
649 2490
650 2490
651 2490
652 2490
653 2490
654 2490
655 2492
656 2492
657 2491
658 2492
659 2491
660 2491
661 2490
662 2491
663 2491
664 2491
665 2491
666 2491
667 2491
668 2491
669 2491
670 2491
671 2491
672 2491
673 2491
674 2491
675 2492
676 2490
677 2491
678 2490
679 2491
680 2493
681 2491
682 2491
683 2491
684 2490
685 2492
686 2491
687 2491
688 2490
689 2491
690 2491
691 2495
692 2490
693 2490
694 2491
695 2491
696 2490
697 2490
698 2491
699 2491
700 2491
701 2490
702 2491
703 2491
704 2491
705 2491
706 2491
707 2491
708 2491
709 2490
710 2490
711 2491
712 2490
713 2490
714 2490
715 2490
716 2491
717 2491
718 2490
719 2490
720 2490
721 2490
722 2490
723 2490
724 2490
725 2490
726 2490
727 2490
728 2490
729 2490
730 2490
731 2490
732 2490
733 2490
734 2490
735 2490
736 2490
737 2490
738 2490
739 2490
740 2490
741 2490
742 2490
743 2490
744 2490
745 2490
746 2490
747 2489
748 2489
749 2490
750 2490
751 2490
752 2490
753 2490
754 2490
755 2490
756 2490
757 2490
758 2490
759 2490
760 2489
761 2489
762 2490
763 2490
764 2489
765 2489
766 2489
767 2490
768 2490
769 2490
770 2489
771 2489
772 2489
773 2489
774 2489
775 2490
776 2490
777 2490
778 2490
779 2490
780 2490
781 2490
782 2490
783 2490
784 2489
785 2490
786 2489
787 2489
788 2490
789 2489
790 2489
791 2489
792 2489
793 2489
794 2489
795 2489
796 2489
797 2489
798 2489

732 2507
733 2506
734 2509
735 9999
736 9999
737 2506
738 2507
739 9999
740 9999
741 9999
742 9999
743 9999
744 2509
745 2507
746 2506
747 9999
748 2507
749 2507
750 2506
751 2506
752 2507
753 2505
754 2509
755 2506
756 2507
757 2510
758 2504
759 2504
760 2505
761 2505
762 2504
763 2505
764 2505
765 2505
766 2505
767 2505
768 2504
769 2504
770 2504
771 2504
772 2504
773 2507
774 2504
775 2504
776 2504
777 2506
778 2505
779 2506
780 2506
781 9999
782 9999
783 2508
784 2505
785 2506
786 9999
787 2503
788 2502
789 2507
790 2505
791 2505
792 2506
793 2506
794 2506
795 2506
796 2506
797 2506

