3 2430
4 2431
5 2430
6 2431
7 2430
8 2430
9 2430
10 2431
11 2429
12 2430
13 2429
14 2429
15 2429
16 2429
17 2430
18 2430
19 2430
20 2430
21 2430
22 2429
23 2430
24 2429
25 2429
26 2429
27 2429
28 2430
29 2430
30 2430
31 2430
32 2431
33 2434
34 2434
35 2433
36 2433
37 2433
38 2432
39 2432
40 2432
41 2433
42 2432
43 2432
44 2431
45 2431
46 2431
47 2431
48 2431
49 2431
50 2431
51 2431
52 2433
53 2432
54 2432
55 2433
56 2432
57 2432
58 2432
59 2433
60 2434
61 2433
62 2433
63 2433
64 2433
65 2433
66 2433
67 2433
68 2433
69 2433
70 2433
71 2433
72 2433
73 2433
74 2433
75 2432
76 2433
77 2433
78 2433
79 2432
80 2432
81 2432
82 2432
83 2432
84 2432
85 2432
86 2432
87 2432
88 2432
89 2432
90 2431
91 2432
92 2432
93 2432
94 2431
95 2432
96 2432
97 2433
98 2432
99 2432
100 2432
101 2431
102 2431
103 2432
104 2431
105 2431
106 2432
107 2432
108 2431
109 2431
110 2432
111 2431
112 2432
113 2431
114 2431
115 2431
116 2432
117 2431
118 2431
119 2431
120 2431
121 2432
122 2431
123 2431
124 2431
125 2431
126 2431
127 2431
128 2431
129 2431
130 2431
131 2431
132 2430
133 2430
134 2430
135 2430
136 2430
137 2428
138 2430
139 2430
140 2430
141 2433
142 2429
143 2428
144 2428
145 2428
146 2428
147 2428
148 2432
149 2429
150 2429
151 2428
152 2428
153 2430
154 2429
155 2428
156 2428
157 2427
158 2428
159 2427
160 2427
161 2427
162 2428
163 2427
164 2427
165 2427
166 2427
167 2428
168 2427
169 2427
170 2427
171 2428
172 2426
173 2425
174 2428
175 2427
176 2425
177 2429
178 2425
179 2425
180 2425
181 2424
182 2426
183 2425
184 2424
185 2424
186 2424
187 2425
188 2424
189 2424
190 2423
191 2423
192 2424
193 2427
194 2423
195 2423
196 2424
197 2423
198 2424
199 2423
200 2429
201 2424
202 2424
203 2429
204 2429
205 2428
206 2428
207 2428
208 2429
209 2428
210 2428
211 2428
212 2428
213 2428
214 2429
215 2428
216 2428
217 2421
218 2429
219 2429
220 2421
221 2420
222 2421
223 2420
224 2420
225 2420
226 2420
227 2420
228 2420
229 2419
230 2420
231 2421
232 2420
233 2419
234 2420
235 2420
236 2419
237 2419
238 2420
239 2419
240 2419
241 2419
242 2420
243 2419
244 2419
245 2418
246 2418
247 2418
248 2418
249 2418
250 2419
251 2419
252 2418
253 2420
254 2420
255 2419
256 2419
257 2418
258 2420
259 2420
260 2418
261 2418
262 2419
263 2419
264 2419
265 2419
266 2418
267 2418
268 2419
269 2418
270 2418
271 2419
272 2419
273 2418
274 2418
275 2418
276 2418
277 2418
278 2418
279 2418
280 2418
281 2418
282 2418
283 2417
284 2418
285 2424
286 2419
287 2419
288 2419
289 2420
290 2418
291 2419
292 2423
293 2418
294 2418
295 2417
296 2417
297 2419
298 2418
299 2418
300 2418
301 2418
302 2418
303 2418
304 2418
305 2419
306 2419
307 2418
308 2419
309 2418
310 2421
311 2417
312 2413
313 2412
314 2411

