1 2501
2 2505
3 2505
4 2502
5 2501
6 2501
7 2501
8 2501
9 2501
10 2503
11 2502
12 2502
13 2501
14 2501
15 2500
16 2501
17 2500
18 2501
19 2500
20 2501
21 2501
22 2502
23 2502
24 2502
25 2502
26 2502
27 2501
28 2502
29 2502
30 2502
31 2502
32 2502
33 2501
34 2501
35 2503
36 2502
37 2501
38 2500
39 2500
40 2500
41 2500
42 2501
43 2501
44 2501
45 2500
46 2501
47 2501
48 2500
49 2500
50 2502
51 2501
52 2502
53 2502
54 2502
55 2502
56 2502
57 2502
58 2502
59 2501
60 2500
61 2502
62 2501
63 2501
64 2501
65 2500
66 2502
67 2501
68 2502
69 2502
70 2502
71 2500
72 2502
73 2502
74 2502
75 2502
76 2502
77 2502
78 2502
79 2502
80 2502
81 2501
82 2505
83 2502
84 2500
85 2501
86 2504
87 2501
88 2501
89 2501
90 2501
91 2500
92 2501
93 2501
94 2501
95 2501
96 2501
97 2501
98 2502
99 2505
100 2502
101 2501
102 2501
103 2501
104 2501
105 2501
106 2501
107 2501
108 2501
109 2502
110 2501
111 2502
112 2502
113 2501
114 2501
115 2501
116 2502
117 2502
118 2502
119 2501
120 2501
121 2501
122 2501
123 2501
124 2501
125 2501
126 2501
127 2501
128 2501
129 2501
130 2501
131 2501
132 2501
133 2501
134 2501
135 2501
136 2501
137 2501
138 2501
139 2501
140 2501
141 2501
142 2501
143 2501
144 2501
145 2501
146 2501
147 2501
148 2501
149 2501
150 2501
151 2501
152 2501
153 2501
154 2501
155 2501
156 2501
157 2501
158 2501
159 2501
160 2501
161 2501
162 2501
163 2501
164 2501
165 2501
166 2501
167 2501
168 2501
169 2501
170 2501
171 2501
172 2501
173 2501
174 2501
175 2501
176 2501
177 2501
178 2501
179 2501
180 2501
181 2501
182 2501
183 2501
184 2501
185 2501
186 2502
187 2501
188 2501
189 2501
190 2501
191 2501
192 2501
193 2501
194 2501
195 2501
196 2501
197 2501
198 2501
199 2501
200 2501
201 2501
202 2501
203 2501
204 2501
205 2501
206 2501
207 2501
208 2501
209 2501
210 2501
211 2501
212 2501
213 2501
214 2501
215 2501
216 2501
217 2501
218 2501
219 2501
220 2501
221 2501
222 2501
223 2501
224 2501
225 2501
226 2501
227 2501
228 2501
229 2501
230 2501
231 2501
232 2501
233 2501
234 2501
235 2501
236 2501
237 2501
238 2501
239 2501
240 2501
241 2501
242 2501
243 2501
244 2501
245 2501
246 2501
247 2501
248 2501
249 2501
250 2501
251 2501
252 2501
253 2501
254 2501
255 2501
256 2501
257 2501
258 2501
259 2501
260 2501
261 2501
262 2501
263 2501
264 2501
265 2501
266 2501
267 2501
268 2501
269 2501
270 2501
271 2501
272 2501
273 2501
274 2501
275 2501
276 2501
277 2501
278 2501
279 2501
280 2501
281 2501
282 2501
283 2501
284 2501
285 2501
286 2501
287 2501
288 2501
289 2501
290 2501
291 2501
292 2501
293 2501
294 2501
295 2501
296 2501
297 2501
298 2501
299 2501
300 2501
301 2501
302 2501
303 2501
304 2501
305 2501
306 2501
307 2501
308 2501
309 2501
310 2501
311 2501
312 2502
313 2501
314 2501
315 2502
316 2501
317 2501
318 2501
319 2501
320 2502
321 2501
322 2501
323 2501
324 2501
325 2502
326 2502
327 2502
328 2502
329 2502
330 2501
331 2502
332 2502
333 2501
334 2501
335 2501
336 2502
337 2501
338 2501
339 2501
340 2501
341 2501
342 2502
343 2502
344 2502
345 2502
346 2502
347 2502
348 2502
349 2501
350 2501
351 2501
352 2501
353 2500
354 2501
355 2501
356 2501
357 2501
358 2499
359 2501
360 2501
361 2501
362 2501
363 2501
364 2501
365 2501
366 2501
367 2501
368 2501
369 2501
370 2501
371 2500
372 2501
373 2501
374 2501
375 2501
376 2501
377 2501
378 2501
379 2501
380 2501
381 2500
382 2500
383 2501
384 2500
385 2500
386 2500
387 2500
388 2500
389 2500
390 2500
391 2500
392 2499
393 2500
394 2500
395 2500
396 2500
397 2500
398 2500
399 2500
400 2500
401 2500
402 2500
403 2500
404 2500
405 2500
406 2499
407 2500
408 2500
409 2499
410 2499
411 2499
412 2499
413 2499
414 2499
415 2499
416 2499
417 2499
418 2499
419 2499
420 2499
421 2499
422 2499
423 2499
424 2499
425 2499
426 2499
427 2499
428 2499
429 2499
430 2499
431 2499
432 2499
433 2499
434 2499
435 2499
436 2499
437 2499
438 2499
439 2499
440 2499
441 2499
442 2499
443 2499
444 2499
445 2498
446 2498
447 2498
448 2498
449 2498
450 2498
451 2498
452 2498
453 2498
454 2498
455 2498
456 2498
457 2498
458 2497
459 2497
460 2497
461 2497
462 2497
463 2497
464 2497
465 2497
466 2497
467 2497
468 2497
469 2497
470 2497
471 2497
472 2497
473 2497
474 2497
475 2497
476 2497
477 2497
478 2497
479 2497
480 2497
481 2497
482 2497
483 2497
484 2497
485 2497
486 2497
487 2497
488 2497
489 2497
490 2497
491 2497
492 2497
493 2497
494 2497
495 2497
496 2497
497 2497
498 2497
499 2497
500 2497
501 2497
502 2496
503 2497
504 2497
505 2497
506 2497
507 2497
508 2497
509 2496
510 2496
511 2497
512 2497
513 2496
514 2496
515 2496
516 2496
517 2496
518 2496
519 2496
520 2496
521 2496
522 2496
523 2496
524 2496
525 2496
526 2496
527 2496
528 2496
529 2496
530 2496
531 2496
532 2496
533 2496
534 2496
535 2496
536 2496
537 2496
538 2496
539 2496
540 2496
541 2496
542 2496
543 2496
544 2496
545 2496
546 2496
547 2496
548 2495
549 2496
550 2495
551 2495
552 2495
553 2495
554 2495
555 2495
556 2495
557 2495
558 2495
559 2495
560 2495
561 2496
562 2496
563 2496
564 2495
565 2495
566 2495
567 2495
568 2495
569 2495
570 2495
571 2495
572 2495
573 2495
574 2495
575 2495
576 2495
577 2495
578 2495
579 2495
580 2495
581 2495
582 2495
583 2495
584 2495
585 2495
586 2495
587 2495
588 2494
589 2495
590 2495
591 2495
592 2495
593 2495
594 2495
595 2495
596 2495
597 2494
598 2495
599 2495
600 2494
601 2494
602 2495
603 2495
604 2495
605 2495
606 2495
607 2495
608 2495
609 2495
610 2494
611 2495
612 2494
613 2494
614 2494
615 2494
616 2494
617 2495
618 2495
619 2494
620 2494
621 2494
622 2494
623 2494
624 2494
625 2494
626 2494
627 2494
628 2494
629 2494
630 2494
631 2494
632 2494
633 2494
634 2494
635 2494
636 2494
637 2494
638 2494
639 2494
640 2494
641 2494
642 2494
643 2494
644 2494
645 2494
646 2494
647 2494
648 2494
649 2494
650 2494
651 2494
652 2494
653 2494
654 2494
655 2494
656 2494
657 2494
658 2494
659 2494
660 2494
661 2494
662 2494
663 2495
664 2495
665 2494
666 2494
667 2494
668 2495
669 2494
670 2494
671 2494
672 2494
673 2494
674 2494
675 2494
676 2494
677 2495
678 2494
679 2493
680 2498
681 2494
682 2494
683 2494
684 2494
685 2494
686 2494
687 2494
688 2494
689 2494
690 2494
691 2494
692 2494
693 2494
694 2494
695 2494
696 2494
697 2494
698 2494
699 2494
700 2494
701 2494
702 2494
703 2494
704 2494
705 2494
706 2494
707 2494
708 2494
709 2494
710 2494
711 2494
712 2494
713 2494
714 2494
715 2494
716 2494
717 2494
718 2494
719 2494
720 2494
721 2494
722 2493
723 2494
724 2494
725 2494
726 2494
727 2494
728 2494
729 2494
730 2494
731 2494
732 2494
733 2494
734 2494
735 2494
736 2494
737 2494
738 2494
739 2494
740 2494
741 2494
742 2494
743 2494
744 2494
745 2494
746 2494
747 2494
748 2494
749 2494
750 2494
751 2493
752 2494
753 2494
754 2494
755 2494
756 2494
757 2494
758 2494
759 2494
760 2494
761 2494
762 2494
763 2493
764 2493
765 2493
766 2493
767 2493
768 2493
769 2493
770 2493
771 2493
772 2493
773 2493
774 2493
775 2493
776 2493
777 2493
778 2493
779 2493
780 2493
781 2493
782 2493
783 2494
784 2494
785 2494
786 2493
787 2494
788 2494
789 2494
790 2494
791 2493
792 2493
793 2493
794 2493
795 2493
796 2494
797 2494
798 2493
799 2493
800 2493
801 2494
802 2494
803 2494
804 2493
805 2493
806 2493
807 2493
808 2493
809 2493
810 2493
811 2493
812 2493
813 2493
814 2493
815 2493
816 2493
817 2493
818 2493
819 2493
820 2493
821 2493
822 2493
823 2493
824 2493
825 2493
826 2493
827 2493
828 2493
829 2493
830 2493
831 2493
832 2493
833 2492
834 2492
835 2493
836 2492
837 2492
838 2492
839 2492
840 2494
841 2493
842 2492
843 2492
844 2492
845 2492
846 2492
847 2492
848 2493
849 2493
850 2492
851 2492
852 2492
853 2492
854 2492
855 2492
856 2492
857 2492
858 2491
859 2494
860 2491
861 2491
862 2492
863 2492
864 2492
865 2492
866 2491
867 2491
868 2491
869 2491
870 2491
871 2491
872 2491
873 2491
874 2491
875 2491
876 2491
877 2491
878 2491
879 2491
880 2492
881 2491
882 2492
883 2492
884 2492
885 2492
886 2492
887 2491
888 2491
889 2491
890 2491
891 2491
892 2491
893 2491
894 2491
895 2491
896 2492
897 2492
898 2492
899 2490
900 2492
901 2491
902 2491
903 2491
904 2490
905 2490
906 2490
907 2490
908 2490
909 2490
910 2491
911 2490
912 2490
913 2490
914 2490
915 2490
916 2490
917 2489
918 2490
919 2490
920 2490
921 2490
922 2490
923 2490
924 2490
925 2490
926 2490
927 2490
928 2490
929 2490
930 2490
931 2490
932 2490
933 2490
934 2490
935 2490
936 2490
937 2490
938 2490
939 2489
940 2489
941 2489
942 2489
943 2489
944 2490
945 2489
946 2489
947 2489
948 2489
949 2489
950 2489
951 2489
952 2489
953 2489
954 2489
955 2489
956 2489
957 2489
958 2489
959 2489
960 2489
961 2489
962 2488
963 2489
964 2488
965 2488
966 2488
967 2488
968 2488
969 2488
970 2488
971 2488
972 2488
973 2488
974 2488
975 2488
976 2488
977 2488
978 2488
979 2487
980 2488
981 2488
982 2488
983 2488
984 2487
985 2488
986 2488
987 2487
988 2488

1 2540
2 2541
3 2546
4 2540
5 2538
6 2539
7 2544
8 2544
9 2536
10 2539
11 2543
12 2539
13 2538
14 2539
15 2539
16 2540
17 2531
18 2537
19 2539
20 2531
21 2545
22 2540
23 2543
24 2538
25 2537
26 2538
27 2537
28 2538
29 2535
30 2535
31 2538
32 2538
33 2537
34 2538
35 2542
36 2545
37 2531
38 2533
39 2537
40 2535
41 2539
42 2545
43 2540
44 2539
45 2540
46 2532
47 2539
48 2539
49 2539
50 2532
51 2531
52 2532
53 2538
54 2531
55 2539
56 2539
57 2531
58 2539
59 2536
60 2533
61 2544
62 2541
63 2538
64 2540
65 2531
66 2536
67 2533
68 2533
69 2538
70 2534
71 2535
72 2538
73 2538
74 2539
75 2537
76 2538
77 2538
78 2545
79 2541
80 2541
81 2541
82 2545
83 2539
84 2543
85 2544
86 2539
87 2539
88 2539
89 2545
90 2542
91 2536
92 2539
93 2538
94 2541
95 2539
96 2538
97 2538
98 2540
99 2542
100 2533
101 2539
102 2545
103 2539
104 2539
105 2534
106 2546
107 2547
108 2541
109 2540
110 2538
111 2537
112 2544
113 2545
114 2538
115 2546
116 2540
117 2535
118 2544
119 2546
120 2532
121 2535
122 2540
123 2540
124 2543
125 2535
126 2538
127 2538
128 2531
129 2538
130 2537
131 2545
132 2535
133 2543
134 2537
135 2537
136 2537
137 2537
138 2537
139 2540
140 2536
141 2535
142 2539
143 2537
144 2539
145 2537
146 2537
147 2536
148 2535
149 2542
150 2538
151 2538
152 2530
153 2537
154 2536
155 2537
156 2538
157 2537
158 2537
159 2537
160 2543
161 2544
162 2535
163 2542
164 2537
165 2538
166 2537
167 2537
168 2539
169 2537
170 2539
171 2537
172 2537
173 2538
174 2538
175 2538
176 2538
177 2537
178 2538
179 2538
180 2537
181 2536
182 2538
183 2539
184 2538
185 2537
186 2536
187 2537
188 2537
189 2537
190 2536
191 2538
192 2538
193 2537
194 2537
195 2536
196 2540
197 2536
198 2537
199 2537
200 2536
201 2542
202 2537
203 2536
204 2538
205 2540
206 2535
207 2536
208 2538
209 2535
210 2536
211 2536
212 2536
213 2538
270 2536
271 2533
272 2533
273 2533
274 2533
275 2527
276 2534
277 2532
278 2532
279 2533
280 2534
281 2534
282 2534
283 2533
284 2538
285 2533
286 2536
287 2533
288 2532
289 2532
290 2532
291 2533
292 2532
293 2533
294 2532
295 2532
296 2532
297 2532
298 2532
299 2532
300 2532
301 2532
302 2533
303 2530
304 2531
305 2532
306 2533
307 2531
308 2532
309 2532
310 2532
311 2533
312 2533
313 2533
314 2533
426 2528
427 2528
428 2529
429 2530
430 2530
431 2526
432 2526
433 2526
434 2525
435 2525
436 2525
437 2525
438 2524
439 2523
440 2524
441 2523
442 2523
443 2523
444 2523
445 2523
446 2523
447 2523
448 2522
449 2523
450 2522
451 2522
452 2522
453 2522
454 2522
455 2522
456 2521
457 2521
458 2521
459 2520
460 2520
461 2520
462 2520
463 2521
464 2520
465 2520
466 2521
467 2520
468 2520
469 2519
470 2519
471 2521
472 2520
473 2516
474 2518
475 2522
476 2520
477 2518
478 2517
479 2518
480 2518
481 2520
482 2520
483 2520
484 2519
485 2519
486 2519
487 2519
488 2518
489 2524
490 2519
491 2519
492 2519
493 2519
494 2519
495 2512
496 2518
497 2517
498 2518
499 2517
500 2518
501 2517
502 2517
503 2517
504 2517
505 2518
506 2518
507 2517
508 2517
509 2517
510 2517
511 2517
512 2517
513 2517
514 2517
515 2517
516 2517
517 2517
518 2517
519 2517
520 2517
521 2517
522 2516
523 2516
524 2517
525 2517
526 2516
527 2517
528 2518
529 2518
530 2515
531 2516
532 2516
533 2514
534 2516
535 2516
536 2515
537 2515
538 2515
539 2516
540 2515
541 2515
542 2516
543 2517
544 2516
545 2515
546 2516
547 2516
548 2516
549 2516
550 2515
551 2515
552 2516
553 2516
554 2516
555 2516
556 2516
557 2515
558 2515
559 2515
560 2515
561 9999
562 2514
563 2515
564 2507
565 2510
566 2513
567 2507
568 2510
569 2507
570 2516
571 2515
572 2515
573 2517
574 2515
575 2514
576 2514
577 2514
578 2514
579 2515
580 2519
581 2514
582 2517
583 2517
584 2515
585 2514
586 2514
587 2515
588 2514
589 2515
590 2514
591 2514
592 2515
611 2514
612 2514
613 2506
614 2514
615 2517
616 2513
617 2513
618 2514
619 2514
620 2517
621 2513
622 2513
623 2514
624 2513
625 2512
626 2514
627 2514
628 2513
629 2513
630 2513
631 2513
632 2514
633 2512
634 2512
635 2513
636 2513
637 2514
638 2514
639 2514
640 2513
665 2513
666 2513
667 2513
668 2513
669 2513
670 2512
671 2506
672 2513
673 2513
674 2513
675 2513
676 2513
677 2512
678 2512
679 2513
680 2513
681 2514
682 2513
683 2513
684 2512
685 2512
686 2512
687 2513
688 2512
689 2511
690 9999
691 2512
692 2511
693 2512
694 2511
695 2511
696 2512
697 2512
698 2508
699 2511
700 2510
701 2510
702 2511
703 2508
704 2509
705 2510
706 9999
707 2509
708 2506
709 9999
710 9999
711 2510
712 2510
713 2510
714 2510
715 2509
716 2510
857 2509
858 2506
859 2511
860 2511
861 2511
862 2512
863 2504
864 2504
865 2513
866 2510
867 2512
868 2510
869 2512
870 2512
871 2511
872 2512
873 2508
874 2513
875 2512
876 2510
877 2511
878 2511
879 2513
880 2512
881 2511
882 2510
883 2512
884 2513
885 2506
886 2512
887 2506
888 2506
889 2513
890 2514
991 9999
992 9999
993 9999
994 9999
995 9999
996 9999
997 9999
998 9999
999 9999
1000 9999
1001 9999
1002 9999
1003 9999
1004 9999
1005 9999
1006 9999

