1477 2509
1478 2514
1479 2520
1480 2518
1481 2512
1482 2513
1483 2513
1484 2512
1485 2511
1486 2514
1487 2513
1488 2513
1489 2511
1490 2511
1491 2511
1492 2510
1493 2513
1494 2517
1495 2511
1496 2515
1497 2515
1498 2513
1499 2513
1500 2512
1501 2514
1502 2513
1503 2513
1504 2512
1505 2511
1506 2510
1507 2510
1508 2510
1509 2516
1510 2509
1511 2514
1512 2515
1513 2514
1514 2509
1515 2510
1516 2521
1517 2514
1518 2514
1519 2509
1520 2508
1521 2509
1522 2514
1523 2510
1524 2510
1525 2511
1526 2511
1527 2510
1528 2510
1529 2511
1530 2513
1531 2514
1532 2509
1533 2510
1534 2509
1535 2509
1536 2509
1537 2508
1538 2511
1539 2510
1540 2510
1541 2519
1542 2519
1543 2512
1544 2512
1545 2512
1546 2509
1547 2519
1548 2508
1549 2508
1550 2507
1551 2512
1552 2519
1553 2512
1554 2514
1555 2507
1556 2518
1557 2514
1558 2509
1559 2512
1560 2511
1561 2512
1562 2506
1563 2508
1564 2508
1565 2512
1566 2507
1567 2507
1568 2513
1569 2509
1570 2508
1571 2511
1572 2512
1573 2509
1574 2509
1575 2510
1576 2512
1577 2509
1578 2510
1579 2515
1580 2510
1581 2513
1582 2509
1583 2510
1584 2510
1585 2511
1586 2510
1587 2510
1588 2509
1589 2509
1590 2511
1591 2516
1592 2511
1593 2512
1594 2520
1595 2509
1596 2513
1597 2516
1598 2517
1599 2509
1600 2509
1601 2509
1602 2507
1603 2508
1604 2508
1605 2508
1606 2508
1607 2509
1608 2510
1609 2510
1610 2510
1611 2510
1612 2512
1613 2508
1614 2507
1615 2508
1616 2508
1617 2507
1618 2507
1619 2513
1620 2510
1621 2507
1622 2507
1623 2509
1624 2507
1625 2508
1626 2508
1627 2507
1628 2507
1629 2507
1630 2513
1631 2507
1632 2507
1633 2507
1634 2507
1635 2507
1636 2506
1637 2506
1638 2506
1639 2505
1640 2506
1641 2507
1642 2506
1643 2506
1644 2505
1645 2505
1646 2507
1647 2506
1648 2506
1649 2512
1650 2506
1651 2506
1652 2506
1653 2508
1654 2508
1655 2507
1656 2507
1657 2511
1658 2506
1659 2507
1660 2507
1661 2507
1662 2507
1663 2506
1664 2506
1665 2506
1666 2506
1667 2506
1668 2506
1669 2507
1670 2507
1671 2506
1672 2506
1673 2505
1674 2509
1675 2509
1676 2509
1677 2510
1678 2508
1679 2511
1680 2508
1681 2508
1682 2507
1683 2506
1684 2505
1685 2505
1686 2506
1687 2506
1688 2506
1689 2506
1690 2505
1691 2509
1692 2511
1693 2508
1694 2511
1695 2506
1696 2505
1697 2507
1698 2505
1699 2507
1700 2505
1701 2505
1702 2506
1703 2505
1704 2505
1705 2506
1706 2510
1707 2507
1708 2506
1709 2508
1710 2510
1711 2509
1712 2506
1713 2505
1714 2505
1715 2505
1716 2505
1717 2505
1718 2505
1719 2505
1720 2505
1721 2506
1722 2505
1723 2505
1724 2506
1725 2505
1726 2505
1727 2505
1728 2504
1729 2504
1730 2504
1731 2504
1732 2504
1733 2506
1734 2506
1735 2505
1736 2505
1737 2506
1738 2507
1739 2506
1740 2506
1741 2505
1742 2505
1743 2504
1744 2504
1745 2509
1746 2509
1747 2505
1748 2505
1749 2504
1750 2507
1751 2508
1752 2504
1753 2505
1754 2504
1755 2504
1756 2504
1757 2504
1758 2510
1759 2509
1760 2505
1761 2504
1762 2509
1763 2510
1764 2503
1765 2503
1766 2509
1767 2509
1768 2517
1769 2507
1770 2503
1771 2507
1772 2504
1773 2504
1774 2503
1775 2503
1776 2506
1777 2503
1778 2502
1779 2504
1780 2507
1781 2503
1782 2503
1783 2503
1784 2503
1785 2504
1786 2503
1787 2503
1788 2502
1789 2506
1790 2502
1791 2507
1792 2503
1793 2503
1794 2502
1795 2502
1796 2502
1797 2502
1798 2505
1799 2503
1800 2503
1801 2503
1802 2504
1803 2502
1804 2502
1805 2506
1806 2502
1807 2502
1808 2503
1809 2503
1810 2502
1811 2502
1812 2502
1813 2502
1814 2502
1815 2507
1816 2503
1817 2502
1818 2502
1819 2501
1820 2501
1821 2501
1822 2501
1823 2501
1824 2502
1825 2501
1826 2501
1827 2501
1828 2501
1829 2502
1830 2501
1831 2501
1832 2501
1833 2506
1834 2506
1835 2500
1836 2501
1837 2500
1838 2500
1839 2500
1840 2499
1841 2500
1842 2499
1843 2499
1844 2500
1845 2499
1846 2499
1847 2499
1848 2500
1849 2500
1850 2500
1851 2501
1852 2500
1853 2500
1854 2500
1855 2500
1856 2500
1857 2500
1858 2500
1859 2500
1860 2500
1861 2501
1862 2500
1863 2500
1864 2500
1865 2501
1866 2500
1867 2500
1868 2501
1869 2501
1870 2501
1871 2501
1872 2501
1873 2501
1874 2501
1875 2500
1876 2500
1877 2500
1878 2500
1879 2500
1880 2500
1881 2500
1882 2500
1883 2500
1884 2500
1885 2499
1886 2499
1887 2500
1888 2499
1889 2500
1890 2501
1891 2500
1892 2499
1893 2500
1894 2500
1895 2500
1896 2506
1897 2500
1898 2500
1899 2500
1900 2500
1901 2500
1902 2500
1903 2500
1904 2500
1905 2500
1906 2500
1907 2500
1908 2500
1909 2500
1910 2500
1911 2500
1912 2500
1913 2500
1914 2500
1915 2500
1916 2500
1917 2500
1918 2500
1919 2500
1920 2500
1921 2500
1922 2500
1923 2500
1924 2500
1925 2499
1926 2500
1927 2499
1928 2499
1929 2500
1930 2500
1931 2499
1932 2499
1933 2499
1934 2499
1935 2499
1936 2499
1937 2499
1938 2499
1939 2498
1940 2499
1941 2499
1942 2499
1943 2501
1944 2501
1945 2499
1946 2499
1947 2499
1948 2499
1949 2499
1950 2499
1951 2499
1952 2499
1953 2499
1954 2499
1955 2499
1956 2499
1957 2498
1958 2499
1959 2499
1960 2499
1961 2499
1962 2499
1963 2499
1964 2499
1965 2499
1966 2499
1967 2499
1968 2499
1969 2499
1970 2499
1971 2499
1972 2499
1973 2499
1974 2499
1975 2499
1976 2499
1977 2499
1978 2499
1979 2499
1980 2499
1981 2499
1982 2499
1983 2499
1984 2499
1985 2499
1986 2499
1987 2499
1988 2499
1989 2499
1990 2502
1991 2498
1992 2499
1993 2499
1994 2499
1995 2500
1996 2500
1997 2499
1998 2499
1999 2499
2000 2499
2001 2499
2002 2499
2003 2499
2004 2499
2005 2498
2006 2499
2007 2500
2008 2499
2009 2500
2010 2500
2011 2499
2012 2499
2013 2499
2014 2499
2015 2500
2016 2499
2017 2499
2018 2499
2019 2499
2020 2499
2021 2499
2022 2499
2023 2499
2024 2499
2025 2499
2026 2499
2027 2499
2028 2499
2029 2499
2030 2499
2031 2499
2032 2499
2033 2499
2034 2499
2035 2499
2036 2499
2037 2499
2038 2499
2039 2499
2040 2499
2041 2499
2042 2498
2043 2498
2044 2498
2045 2500
2046 2503
2047 2498
2048 2499
2049 2500
2050 2499
2051 2499
2052 2501
2053 2498
2054 2498
2055 2498
2056 2498
2057 2499
2058 2499
2059 2499
2060 2499
2061 2498
2062 2498
2063 2498
2064 2498
2065 2498
2066 2498
2067 2498
2068 2498
2069 2499
2070 2499
2071 2499
2072 2499
2073 2499
2074 2499
2075 2499
2076 2499
2077 2499
2078 2498
2079 2499
2080 2499
2081 2499
2082 2499
2083 2499
2084 2499
2085 2499
2086 2499
2087 2499
2088 2499
2089 2499
2090 2499
2091 2499
2092 2499
2093 2499
2094 2499
2095 2499
2096 2499
2097 2499
2098 2499
2099 2499
2100 2499
2101 2499
2102 2499
2103 2499
2104 2499
2105 2499
2106 2498
2107 2499
2108 2498
2109 2499
2110 2498
2111 2498
2112 2498
2113 2498
2114 2498
2115 2498
2116 2498
2117 2499
2118 2499
2119 2499
2120 2498
2121 2499
2122 2498
2123 2498
2124 2498
2125 2499
2126 2498
2127 2498
2128 2498
2129 2498
2130 2498
2131 2499
2132 2499
2133 2499
2134 2498
2135 2499
2136 2499
2137 2499
2138 2499
2139 2499
2140 2499
2141 2499
2142 2499
2143 2499
2144 2499
2145 2498
2146 2499
2147 2499
2148 2499
2149 2499
2150 2499
2151 2499
2152 2499
2153 2499
2154 2499
2155 2499
2156 2499
2157 2499
2158 2499
2159 2498
2160 2498
2161 2499
2162 2498
2163 2498
2164 2498
2165 2498
2166 2498
2167 2498
2168 2498
2169 2498
2170 2498
2171 2498
2172 2498
2173 2498
2174 2498
2175 2498
2176 2498
2177 2498
2178 2498
2179 2498
2180 2498
2181 2498
2182 2498
2183 2498
2184 2498
2185 2499
2186 2499
2187 2498
2188 2498
2189 2498
2190 2498
2191 2498
2192 2498
2193 2499
2194 2499
2195 2499
2196 2498
2197 2499
2198 2499
2199 2498
2200 2499
2201 2499
2202 2499
2203 2499
2204 2499
2205 2499
2206 2498
2207 2499
2208 2500
2209 2499
2210 2499
2211 2499
2212 2500
2213 2500
2214 2499
2215 2499
2216 2499
2217 2499
2218 2499
2219 2500
2220 2499
2221 2498
2222 2499
2223 2500
2224 2499
2225 2499
2226 2499
2227 2499
2228 2499
2229 2499
2230 2499
2231 2499
2232 2499
2233 2499
2234 2499
2235 2499
2236 2499
2237 2499
2238 2499
2239 2499
2240 2499
2241 2499
2242 2499
2243 2498
2244 2499
2245 2499
2246 2499
2247 2499
2248 2499
2249 2499
2250 2499
2251 2498
2252 2498
2253 2499
2254 2499
2255 2499
2256 2499
2257 2499
2258 2499
2259 2499
2260 2499
2261 2499
2262 2498
2263 2498
2264 2499
2265 2499
2266 2499
2267 2499
2268 2499
2269 2499
2270 2499
2271 2498
2272 2499
2273 2499
2274 2499
2275 2499
2276 2499
2277 2499
2278 2499
2279 2499
2280 2499
2281 2499
2282 2499
2283 2499
2284 2499
2285 2499
2286 2499
2287 2499
2288 2499
2289 2499
2290 2498
2291 2498
2292 2498
2293 2498
2294 2498
2295 2498
2296 2498
2297 2498
2298 2498
2299 2498
2300 2498
2301 2498
2302 2498
2303 2498
2304 2498
2305 2498
2306 2498
2307 2498
2308 2498
2309 2498
2310 2498
2311 2498
2312 2498
2313 2498
2314 2498
2315 2498
2316 2498
2317 2498
2318 2498
2319 2498
2320 2498
2321 2498
2322 2498
2323 2498
2324 2498
2325 2498
2326 2498
2327 2498
2328 2498
2329 2498
2330 2498
2331 2498
2332 2498
2333 2498
2334 2498
2335 2498
2336 2498
2337 2498
2338 2498
2339 2498
2340 2498
2341 2498
2342 2498
2343 2498
2344 2498
2345 2498
2346 2498
2347 2498
2348 2498
2349 2498
2350 2498
2351 2498
2352 2498
2353 2498
2354 2498
2355 2498
2356 2498
2357 2498
2358 2498
2359 2498
2360 2498
2361 2498
2362 2498
2363 2498
2364 2498
2365 2498
2366 2498
2367 2498
2368 2498
2369 2498
2370 2498
2371 2498
2372 2498
2373 2498
2374 2499
2375 2499
2376 2498
2377 2498
2378 2498
2379 2498
2380 2499
2381 2498
2382 2499
2383 2498
2384 2498
2385 2498
2386 2498
2387 2498
2388 2498
2389 2499
2390 2498
2391 2498
2392 2499
2393 2499
2394 2499
2395 2499
2396 2499
2397 2499
2398 2498
2399 2499
2400 2499
2401 2499
2402 2499
2403 2499
2404 2498
2405 2499
2406 2499
2407 2499
2408 2498
2409 2498
2410 2499
2411 2498
2412 2499
2413 2499
2414 2498
2415 2498
2416 2498
2417 2498
2418 2498
2419 2499
2420 2498
2421 2498
2422 2499
2423 2498
2424 2498
2425 2498
2426 2498
2427 2498
2428 2498
2429 2498
2430 2498
2431 2498
2432 2498
2433 2498
2434 2498
2435 2498
2436 2498
2437 2498
2438 2498
2439 2498
2440 2498
2441 2498
2442 2498
2443 2498
2444 2498
2445 2498
2446 2498
2447 2498
2448 2498
2449 2498
2450 2498
2451 2498
2452 2498
2453 2498
2454 2498
2455 2498
2456 2498
2457 2502
2458 2498
2459 2498
2460 2498
2461 2498
2462 2498
2463 2498
2464 2498
2465 2498
2466 2498
2467 2499
2468 2498
2469 2498
2470 2498
2471 2498
2472 2498
2473 2498
2474 2498
2475 2498
2476 2498
2477 2498
2478 2498
2479 2498
2480 2498
2481 2498
2482 2498
2483 2497
2484 2497
2485 2498
2486 2498
2487 2498
2488 2498
2489 2498
2490 2498
2491 2497
2492 2498
2493 2498
2494 2498
2495 2498
2496 2497
2497 2498
2498 2498
2499 2498
2500 2498
2501 2498
2502 2498
2503 2497
2504 2498
2505 2498
2506 2498
2507 2498
2508 2497
2509 2497
2510 2498
2511 2498
2512 2497
2513 2497
2514 2497
2515 2497
2516 2497
2517 2497
2518 2497
2519 2497
2520 2499
2521 2498
2522 2498
2523 2498
2524 2497
2525 2497
2526 2498
2527 2497
2528 2498
2529 2498
2530 2497
2531 2497
2532 2498
2533 2498
2534 2498
2535 2498
2536 2497
2537 2497
2538 2497
2539 2497
2540 2497
2541 2497
2542 2497
2543 2497
2544 2497
2545 2498
2546 2498
2547 2498
2548 2497
2549 2497
2550 2497
2551 2497
2552 2498
2553 2497
2554 2497
2555 2497
2556 2497
2557 2497
2558 2497
2559 2497
2560 2497
2561 2497
2562 2497
2563 2497
2564 2497
2565 2497
2566 2497
2567 2497
2568 2497
2569 2497
2570 2497
2571 2497
2572 2497
2573 2497
2574 2497
2575 2497
2576 2497
2577 2497
2578 2497
2579 2497
2580 2497
2581 2497
2582 2497
2583 2497
2584 2497
2585 2497
2586 2497
2587 2497
2588 2497
2589 2497
2590 2497
2591 2497
2592 2497
2593 2497
2594 2497
2595 2497
2596 2497
2597 2497
2598 2497
2599 2497
2600 2497
2601 2497
2602 2497
2603 2497
2604 2497
2605 2497
2606 2497
2607 2497
2608 2497
2609 2497
2610 2496
2611 2497
2612 2496
2613 2497
2614 2497
2615 2497
2616 2496
2617 2496
2618 2496
2619 2497
2620 2497
2621 2497
2622 2497
2623 2497
2624 2497
2625 2497
2626 2497
2627 2497
2628 2497
2629 2497
2630 2497
2631 2497
2632 2497
2633 2497
2634 2496
2635 2496
2636 2496
2637 2496
2638 2496
2639 2496
2640 2496
2641 2496
2642 2496
2643 2496
2644 2496
2645 2496
2646 2496
2647 2496
2648 2496
2649 2500
2650 2495
2651 2496
2652 2495
2653 2495
2654 2496
2655 2495
2656 2495
2657 2496
2658 2496
2659 2496
2660 2495
2661 2495
2662 2496
2663 2496
2664 2496
2665 2495
2666 2496
2667 2495
2668 2494
2669 2497
2670 2496
2671 2496
2672 2496
2673 2496
2674 2496
2675 2496
2676 2496
2677 2496
2678 2496
2679 2496
2680 2496
2681 2496
2682 2496
2683 2496
2684 2496
2685 2496
2686 2496
2687 2496
2688 2496
2689 2496
2690 2496
2691 2496
2692 2496
2693 2496
2694 2496
2695 2496
2696 2496
2697 2496
2698 2496
2699 2496
2700 2496
2701 2495
2702 2495
2703 2495
2704 2495
2705 2496
2706 2495
2707 2495
2708 2495
2709 2495
2710 2495
2711 2495
2712 2495
2713 2495
2714 2495
2715 2495
2716 2495
2717 2495
2718 2495
2719 2495
2720 2495
2721 2495
2722 2495
2723 2495
2724 2495
2725 2496
2726 2495
2727 2495
2728 2496
2729 2496
2730 2496
2731 2496
2732 2495
2733 2496
2734 2496
2735 2496
2736 2496
2737 2496
2738 2495
2739 2495
2740 2495
2741 2495
2742 2495
2743 2495
2744 2495
2745 2495
2746 2495
2747 2495
2748 2495
2749 2495
2750 2495
2751 2495
2752 2495
2753 2495
2754 2495
2755 2494
2756 2495
2757 2494
2758 2494
2759 2494
2760 2495
2761 2495
2762 2494
2763 2495
2764 2495
2765 2495
2766 2495
2767 2495
2768 2495
2769 2495
2770 2495
2771 2495
2772 2495
2773 2495
2774 2495
2775 2494
2776 2494
2777 2494
2778 2494
2779 2494
2780 2494
2781 2494
2782 2494
2783 2494
2784 2494
2785 2494
2786 2494
2787 2494
2788 2494
2789 2494
2790 2494
2791 2494
2792 2494
2793 2494
2794 2494
2795 2494
2796 2494
2797 2494
2798 2494
2799 2494
2800 2494
2801 2494
2802 2494
2803 2494
2804 2494
2805 2494
2806 2494
2807 2494
2808 2493
2809 2493
2810 2494
2811 2494
2812 2494
2813 2494
2814 2493
2815 2494
2816 2494
2817 2494
2818 2493
2819 2493
2820 2494
2821 2494
2822 2494
2823 2493
2824 2493
2825 2493
2826 2493
2827 2493
2828 2493
2829 2493
2830 2493
2831 2493
2832 2493
2833 2493
2834 2492
2835 2493
2836 2492
2837 2493
2838 2493
2839 2493
2840 2493
2841 2492
2842 2493
2843 2493
2844 2493
2845 2493
2846 2492
2847 2492
2848 2492
2849 2492
2850 2492
2851 2492
2852 2492
2853 2492
2854 2492
2855 2492
2856 2492
2857 2492
2858 2492
2859 2492
2860 2492
2861 2492
2862 2492
2863 2492
2864 2492
2865 2492
2866 2491
2867 2492
2868 2492
2869 2492
2870 2492
2871 2492
2872 2492
2873 2491
2874 2492
2875 2493
2876 2493
2877 2492
2878 2492
2879 2492
2880 2492
2881 2492
2882 2492
2883 2492
2884 2492
2885 2492
2886 2492
2887 2492
2888 2492
2889 2492
2890 2492
2891 2492
2892 2492
2893 2491
2894 2491
2895 2491
2896 2491
2897 2492
2898 2491
2899 2491
2900 2492
2901 2491
2902 2491
2903 2491
2904 2493
2905 2492
2906 2491
2907 2491
2908 2491
2909 2491
2910 2491
2911 2491
2912 2491
2913 2491
2914 2491
2915 2491
2916 2492
2917 2493
2918 2491
2919 2492
2920 2491
2921 2492
2922 2492
2923 2492
2924 2492
2925 2492
2926 2492
2927 2492
2928 2491
2929 2491
2930 2491
2931 2491
2932 2491
2933 2491
2934 2491
2935 2490
2936 2491
2937 2491
2938 2491
2939 2491
2940 2491
2941 2491
2942 2491
2943 2490
2944 2491
2945 2490
2946 2490
2947 2490
2948 2491
2949 2491
2950 2491
2951 2491
2952 2491
2953 2491
2954 2491
2955 2491
2956 2491
2957 2491
2958 2493
2959 2492
2960 2491
2961 2491
2962 2491
2963 2491
2964 2491
2965 2491
2966 2490
2967 2491
2968 2491
2969 2490
2970 2491
2971 2491
2972 2491
2973 2491
2974 2490
2975 2490
2976 2491
2977 2491
2978 2491
2979 2491
2980 2491
2981 2491
2982 2491
2983 2491
2984 2491
2985 2491
2986 2491
2987 2491
2988 2490
2989 2490
2990 2490
2991 2490
2992 2490
2993 2490
2994 2490
2995 2490
2996 2490
2997 2490
2998 2490
2999 2490
3000 2490
3001 2490
3002 2490
3003 2490
3004 2490
3005 2490
3006 2490
3007 2490
3008 2490
3009 2490
3010 2490
3011 2490
3012 2490
3013 2490
3014 2490
3015 2490
3016 2490
3017 2490
3018 2490
3019 2490
3020 2490
3021 2490
3022 2490
3023 2489
3024 2489
3025 2489
3026 2489
3027 2489
3028 2489
3029 2489
3030 2489
3031 2489
3032 2489
3033 2489
3034 2489
3035 2489
3036 2489
3037 2489
3038 2489
3039 2488
3040 2488
3041 2488
3042 2488
3043 2488
3044 2488
3045 2488
3046 2488
3047 2488
3048 2488
3049 2488
3050 2488
3051 2488
3052 2487
3053 2489
3054 2487
3055 2487
3056 2487
3057 2487
3058 2488
3059 2488
3060 2489
3061 2486
3062 2487
3063 2486
3064 2487
3065 2487
3066 2487
3067 2487
3068 2486
3069 2486
3070 2487
3071 2487
3072 2487
3073 2487
3074 2487
3075 2487
3076 2486
3077 2487
3078 2487
3079 2487
3080 2487
3081 2486
3082 2487
3083 2486
3084 2486
3085 2486
3086 2486
3087 2485
3088 2485
3089 2485
3090 2485
3091 2485
3092 2485
3093 2485
3094 2486
3095 2485
3096 2485
3097 2485
3098 2485
3099 2485
3100 2485
3101 2485
3102 2485
3103 2485
3104 2485
3105 2485
3106 2485
3107 2484
3108 2484
3109 2484
3110 2484
3111 2484
3112 2484
3113 2484
3114 2483
3115 2483
3116 2483
3117 2483
3118 2483
3119 2483
3120 2483
3121 2483
3122 2483
3123 2483
3124 2483
3125 2483
3126 2483
3127 2483
3128 2483
3129 2483
3130 2483
3131 2483
3132 2483
3133 2483
3134 2482
3135 2482
3136 2483
3137 2483
3138 2482
3139 2482
3140 2481
3141 2482
3142 2482
3143 2482
3144 2482
3145 2482
3146 2490
3147 2482
3148 2482
3149 2481
3150 2481
3151 2481
3152 2481
3153 2481
3154 2480
3155 2481
3156 2480
3157 2483
3158 2479
3159 2480
3160 2480
3161 2480
3162 2479
3163 2480
3164 2479
3165 2479
3166 2478
3167 2478
3168 2479
3169 2478
3170 2479
3171 2479
3172 2479
3173 2479
3174 2479
3175 2479
3176 2479
3177 2479
3178 2479
3179 2478
3180 2478
3181 2478
3182 2477
3183 2478
3184 2478
3185 2479
3186 2479
3187 2479
3188 2479
3189 2478
3190 2479
3191 2479
3192 2479
3193 2479
3194 2479
3195 2479
3196 2479
3197 2479
3198 2478
3199 2479
3200 2479
3201 2478
3202 2479
3203 2479
3204 2479
3205 2479
3206 2479
3207 2479
3208 2479
3209 2479
3210 2478
3211 2479
3212 2478
3213 2478
3214 2479
3215 2479
3216 2479
3217 2478
3218 2479
3219 2478

1871 2534
1872 2535
1873 2535
1874 2535
1875 2541
1876 2535
1877 2537
1878 2530
1879 2536
1880 2531
1881 2535
1882 2538
1883 2535
1884 2537
1885 2535
1886 2540
1887 2530
1888 2538
1889 2541
1890 2538
1891 2533
1892 2536
1893 2530
1894 2528
1895 2528
1896 2531
1897 2540
1898 2528
1899 2540
1900 2535
1901 2534
1902 2534
1903 2528
1904 2535
1905 2538
1906 2536
1907 2535
1908 2536
1909 2537
1910 2533
1911 2535
1912 2535
1913 2535
1914 2528
1915 2536
1916 2529
1917 2541
1918 2535
1919 2537
1920 2535
1921 2535
1922 2535
1923 2536
1924 2535
1925 2541
1926 2531
1927 2536
1928 2538
1929 2536
1930 2534
1931 2532
1932 2533
1933 2539
1934 2535
1935 2535
1936 2531
1937 2534
1938 2534
1939 2535
1940 2535
1941 2535
1942 2535
1943 2539
1944 2535
1945 2536
1946 2536
1947 2536
1948 2537
1949 2540
1950 2535
1951 2533
1952 2535
1953 2529
1954 2532
1955 2536
1956 2531
1957 2534
1958 2534
1959 2534
1960 2534
1961 2535
1962 2540
1963 2532
1964 2539
1965 2533
1966 2533
1967 2534
1968 2536
1969 2535
1970 2534
1971 2541
1972 2534
1973 2534
1974 2534
1975 2534
1976 2536
1977 2535
1978 2535
1979 2534
1980 2535
1981 2540
1982 2538
1983 2534
1984 2533
1985 2538
1986 2533
1987 2534
1988 2534
1989 2534
1990 2535
1991 2535
1992 2533
1993 2537
1994 2536
1995 2535
1996 2535
1997 2535
1998 2534
1999 2533
2000 2540
2001 2534
2002 2538
2003 2534
2004 2535
2005 2535
2006 2532
2007 2538
2008 2534
2009 2533
2010 2535
2011 2532
2012 2534
2013 2534
2014 2531
2015 2535
2016 2539
2017 2535
2018 2533
2019 2531
2020 2529
2021 2537
2022 2537
2023 2537
2024 2534
2025 2535
2026 2537
2027 2534
2028 2533
2029 2533
2030 2533
2031 2533
2032 2533
2033 2532
2034 2533
2035 2533
2036 2533
2037 2532
2038 2532
2039 2533
2040 2534
2041 2536
2042 2533
2043 2533
2044 2533
2045 2533
2046 2533
2047 2534
2048 2533
2049 2533
2050 2539
2051 2539
2052 2535
2053 2538
2054 2534
2055 2535
2056 2532
2057 2531
2058 2532
2059 2537
2060 2538
2061 2538
2062 2536
2063 2536
2064 2525
2065 2533
2066 2532
2067 2533
2068 2533
2069 2534
2070 2532
2071 2532
2072 2530
2073 2532
2074 2532
2075 2535
2076 2532
2077 2536
2078 2528
2079 2531
2080 2537
2081 2532
2082 2531
2083 2531
2084 2532
2085 2536
2086 2530
2087 2524
2088 2530
2089 2531
2090 2531
2091 2532
2092 2532
2093 2532
2094 2531
2095 2532
2096 2530
2097 2532
2098 2529
2099 2530
2100 2531
2101 2529
2102 2530
2103 2531
2104 2537
2105 2531
2106 2530
2107 2531
2108 2530
2109 2525
2110 2530
2111 2530
2112 2535
2113 2530
2114 2534
2115 2532
2116 2528
2117 2527
2118 2536
2119 2522
2120 2527
2121 2529
2122 2529
2123 2530
2124 2531
2125 2531
2126 2522
2127 2531
2128 2529
2129 2531
2130 2536
2131 2530
2132 2530
2133 2530
2134 2532
2135 2522
2136 2530
2137 2529
2138 2530
2139 2530
2140 2533
2141 2530
2142 2531
2143 2529
2144 2531
2145 2527
2146 2530
2147 2529
2148 2529
2149 2528
2150 2535
2151 2526
2152 2528
2153 2528
2154 2528
2155 2529
2156 2529
2157 2529
2158 2529
2159 2530
2160 2534
2161 2526
2162 2531
2163 2530
2164 2530
2165 2530
2166 2532
2167 2531
2168 2529
2169 2523
2170 2529
2171 2529
2172 2530
2173 2529
2174 2529
2175 2531
2176 2533
2177 2529
2178 2534
2179 2530
2180 2529
2181 2521
2182 2530
2183 2529
2184 2530
2185 2530
2186 2529
2187 2529
2188 2529
2189 2528
2190 2530
2191 2520
2192 2527
2193 2526
2194 2527
2195 2528
2196 2528
2197 2529
2198 2525
2199 2527
2200 2527
2201 2527
2202 2527
2203 2528
2204 2519
2205 2527
2206 2528
2207 2527
2208 2527
2209 2526
2210 2526
2211 2527
2212 2526
2213 2533
2214 2533
2215 2528
2216 2527
2217 2521
2218 2526
2219 2527
2220 2526
2221 2526
2222 2527
2223 2526
2224 2526
2225 2526
2226 2527
2227 2526
2228 2525
2229 2523
2230 2524
2231 2525
2232 2526
2233 2529
2234 2526
2235 2525
2236 2525
2237 2527
2238 2528
2239 2526
2240 2527
2241 2525
2242 2524
2243 2525
2244 2527
2245 2525
2246 2521
2247 2525
2248 2530
2249 2525
2250 2526
2251 2530
2252 2524
2253 2528
2254 2523
2255 2523
2256 2524
2257 2522
2258 2523
2259 2523
2260 2529
2261 2524
2262 2525
2263 2529
2264 2523
2265 2523
2266 2523
2267 2524
2268 2523
2269 2531
2270 2523
2271 2526
2272 2524
2273 2524
2274 2524
2275 2522
2276 2525
2277 2522
2278 2522
2279 2522
2280 2522
2281 2521
2282 2522
2283 2521
2284 2527
2285 2521
2286 2527
2287 2521
2288 2523
2289 2522
2290 2522
2291 2526
2292 2516
2293 2527
2294 2528
2295 2527
2296 2525
2297 2524
2298 2524
2299 2523
2300 2527
2301 2527
2302 2525
2303 2528
2304 2524
2305 2524
2306 2523
2307 2523
2308 2525
2309 2530
2310 2528
2311 2525
2312 2529
2313 2523
2314 2523
2315 2523
2316 2524
2317 2522
2318 2528
2319 2522
2320 2522
2321 2521
2322 2522
2323 2522
2324 2522
2325 2523
2326 2521
2327 2521
2328 2521
2329 2521
2330 2521
2331 2521
2332 2520
2333 2520
2334 2520
2335 2520
2336 2520
2337 2520
2338 2520
2339 2520
2340 2520
2341 2519
2342 2519
2343 2519
2344 2519
2345 2519
2346 2517
2347 2519
2348 2517
2349 2518
2350 2521
2351 2518
2352 2518
2353 2518
2354 2517
2355 2517
2356 2517
2357 2517
2358 2517
2359 2522
2360 2519
2361 2517
2362 2519
2363 2517
2364 2516
2365 2517
2366 2517
2367 2517
2368 2516
2369 2516
2370 2516
2371 2516
2372 2522
2373 2521
2374 2515
2375 2515
2376 2516
2377 2522
2378 2516
2379 2514
2380 2519
2381 2519
2382 2516
2383 2520
2384 2515
2385 2516
2386 2515
2387 2516
2388 2515
2389 2514
2390 9999
2391 2515
2392 2516
2393 2518
2394 2514
2395 2517
2396 9999
2397 9999
2398 9999
2399 9999
2400 2518
2401 2521
2402 2514
2403 9999
2404 2510
2405 2511
2406 9999
2407 2516
2408 2521
2409 2510
2410 2515
2411 2515
2412 2515
2413 2516
2414 9999
2415 2515
2416 2515
2417 2514
2418 2516
2419 2515
2420 2515
2421 2514
2422 2515
2423 9999
2424 9999
2425 2510
2426 2510
2427 2516
2428 2516
2429 9999
2430 2514
2431 2517
2432 2515
2433 2515
2434 2515
2435 2514
2436 2515
2437 2515
2438 2514
2439 2515
2440 9999
2441 2520
2442 2515
2443 2515
2444 2515
2445 2515
2446 9999
2447 2514
2448 2521
2449 2515
2450 9999
2451 2515
2452 9999
2453 2514
2454 2514
2455 2514
2456 9999
2457 2515
2458 2516
2459 2514
2460 2514
2461 2514
2462 2520
2463 9999
2464 9999
2465 2514
2466 2510
2467 9999
2468 2513
2469 9999
2470 9999
2471 9999
2472 2510
2473 2514
2474 2513
2475 2510
2476 9999
2477 2512
2478 2512
2479 2513
2480 2517
2481 2513
2482 2513
2483 2514
2484 9999
2485 2516
2486 2512
2487 2512
2488 2512
2489 2512
2490 2511
2491 2513
2492 2513
2493 2513
2494 2513
2495 2512
2496 2512
2497 2511
2498 2511
2499 2511
2500 2512
2501 2511
2502 2512
2503 2510
2504 2511
2505 2512
2506 2511
2507 2511
2508 2511
2509 2511
2510 2512
2511 2512
2512 2517
2513 2516
2514 2513
2515 2513
2516 9999
2517 2512
2518 2513
2519 2515
2520 2520
2521 2511
2522 2512
2523 2516
2524 2512
2525 2513
2526 9999
2527 2511
2528 9999
2529 2512
2530 2512
2531 2512
2532 2512
2533 2512
2534 2512
2535 2512
2536 2512
2537 9999
2538 2517
2539 2512
2540 2515
2541 2512
2542 2512
2543 2511
2544 2511
2545 2512
2546 2512
2547 2511
2548 2509
2549 9999
2550 2511
2551 2510
2552 2510
2553 2510
2554 2512
2555 2512
2556 2514
2557 2511
2558 2511
2559 2514
2560 2513
2561 9999
2562 2511
2563 9999
2564 9999
2565 2511
2566 2511
2567 9999
2568 2512
2569 2512
2570 2511
2571 2510
2572 2511
2573 2509
2574 2512
2575 2512
2576 2512
2577 2512
2578 2512
2579 2513
2580 2513
2581 2513
2582 2512
2583 9999
2584 9999
2585 2512
2586 2511
2587 2510
2588 2512
2589 9999
2590 2515
2591 9999
2592 2512
2593 2512
2594 2512
2595 2511
2596 2511
2597 9999
2598 9999
2599 2513
2600 2513
2601 2513
2602 2512
2603 2512
2604 2511
2605 2511
2606 2511
2607 2511
2608 2512
2609 2511
2610 2512
2611 2513
2612 2513
2613 9999
2614 2512
2615 2512
2616 2513
2617 2516
2618 2508
2619 9999
2620 2513
2621 2512
2622 2513
2623 2512
2624 2512
2625 2513
2626 9999
2627 2513
2628 9999
2629 2511
2630 2511
2631 2516
2632 9999
2633 2513
2634 2510
2635 2512
2636 2513
2637 2512
2638 2511
2639 2511
2640 2511
2641 2510
2642 2511
2643 2511
2644 2511
2645 2510
2646 2510
2647 9999
2648 2513
2649 9999
2650 2511
2651 2510
2652 9999
2653 9999
2654 9999
2655 2507
2656 9999
2657 9999
2658 2511
2659 2510
2660 2510
2661 2510
2662 9999
2663 9999
2664 9999
2665 9999
2666 9999
2667 9999
2668 2506
2669 9999
2670 2509
2671 9999
2672 9999
2673 9999
2674 9999
2675 9999
2676 9999
2677 2513
2678 9999
2679 2513
2680 2512
2681 2511
2682 2511
2683 9999
2684 2510
2685 9999
2686 9999
2687 2510
2688 2511
2689 2510
2690 2511
2691 2510
2692 9999
2693 2511
2694 2514
2695 9999
2696 9999
2697 9999
2698 9999
2699 9999
2700 2512
2701 2514
2702 9999
2703 2514
2704 2512
2705 2512
2706 2514
2707 9999
2708 2510
2709 9999
2710 9999
2711 9999
2712 2512
2713 9999
2714 9999
2715 2513
2716 2512
2717 9999
2718 9999
2719 2515
2720 2512
2721 9999
2722 2512
2723 2510
2724 9999
2725 2511
2726 2511
2727 2518
2728 2511
2729 9999
2730 9999
2731 9999
2732 2510
2733 2510
2734 2510
2735 2512
2736 9999
2737 9999
2738 2510
2739 9999
2740 9999
2741 9999
2742 9999
2743 9999
2744 2511
2745 2510
2746 9999
2747 9999
2748 9999
2749 2512
2750 9999
2751 9999
2752 9999
2753 2509
2754 9999
2755 2508
2756 9999
2757 2507
2758 9999
2759 9999
2760 9999
2761 9999
2762 9999
2763 9999
2764 9999
2765 9999
2766 9999
2767 9999
2768 9999
2769 9999
2770 9999
2771 9999
2772 9999
2773 9999
2774 9999
2775 9999
2776 9999
2777 9999
2778 9999
2779 9999
2780 9999
2781 9999
2782 9999
2783 9999
2784 9999
2785 9999
2786 9999
2787 9999
2788 9999
2789 9999
2790 9999
2791 9999
2792 9999
2793 9999
2794 9999
2795 9999
2796 9999

