1866 2502
1867 2502
1868 2502
1869 2502
1870 2502
1871 2502
1872 2502
1873 2502
1874 2502
1875 2503
1876 2503
1877 2503
1878 2502
1879 2502
1880 2502
1881 2502
1882 2502
1883 2502
1884 2504
1885 2503
1886 2503
1887 2504
1888 2500
1889 2501
1890 2507
1891 2506
1892 2505
1893 2500
1894 2501
1895 2502
1896 2504
1897 2500
1898 2503
1899 2500
1900 2500
1901 2507
1902 2500
1903 2500
1904 2501
1905 2501
1906 2500
1907 2501
1908 2504
1909 2504
1910 2501
1911 2501
1912 2501
1913 2501
1914 2501
1915 2500
1916 2501
1917 2501
1918 2501
1919 2505
1920 2506
1921 2501
1922 2504
1923 2501
1924 2501
1925 2501
1926 2501
1927 2500
1928 2501
1929 2500
1930 2500
1931 2500
1932 2501
1933 2504
1934 2502
1935 2502
1936 2502
1937 2502
1938 2501
1939 2501
1940 2500
1941 2499
1942 2501
1943 2500
1944 2502
1945 2501
1946 2500
1947 2502
1948 2501
1949 2499
1950 2502
1951 2500
1952 2501
1953 2508
1954 2504
1955 2501
1956 2501
1957 2501
1958 2502
1959 2502
1960 2502
1961 2503
1962 2501
1963 2502
1964 2508
1965 2502
1966 2505
1967 2504
1968 2501
1969 2506
1970 2502
1971 2502
1972 2502
1973 2501
1974 2503
1975 2504
1976 2501
1977 2501
1978 2501
1979 2502
1980 2502
1981 2502
1982 2501
1983 2501
1984 2503
1985 2502
1986 2501
1987 2502
1988 2502
1989 2503
1990 2501
1991 2501
1992 2502
1993 2502
1994 2501
1995 2504
1996 2503
1997 2502
1998 2503
1999 2508
2000 2501
2001 2500
2002 2500
2003 2501
2004 2501
2005 2502
2006 2501
2007 2501
2008 2501
2009 2501
2010 2501
2011 2503
2012 2502
2013 2502
2014 2501
2015 2500
2016 2501
2017 2501
2018 2500
2019 2501
2020 2501
2021 2500
2022 2502
2023 2501
2024 2501
2025 2500
2026 2501
2027 2501
2028 2501
2029 2501
2030 2501
2031 2501
2032 2501
2033 2501
2034 2500
2035 2505
2036 2501
2037 2500
2038 2503
2039 2504
2040 2500
2041 2502
2042 2502
2043 2503
2044 2501
2045 2500
2046 2500
2047 2501
2048 2500
2049 2501
2050 2500
2051 2499
2052 2500
2053 2500
2054 2500
2055 2501
2056 2503
2057 2501
2058 2500
2059 2500
2060 2504
2061 2500
2062 2501
2063 2501
2064 2507
2065 2503
2066 2500
2067 2500
2068 2503
2069 2501
2070 2501
2071 2502
2072 2501
2073 2500
2074 2500
2075 2505
2076 2502
2077 2500
2078 2500
2079 2499
2080 2500
2081 2502
2082 2500
2083 2500
2084 2507
2085 2504
2086 2503
2087 2504
2088 2502
2089 2500
2090 2500
2091 2500
2092 2500
2093 2502
2094 2504
2095 2500
2096 2505
2097 2505
2098 2499
2099 2504
2100 2500
2101 2499
2102 2499
2103 2499
2104 2500
2105 2502
2106 2498
2107 2503
2108 2500
2109 2500
2110 2500
2111 2500
2112 2500
2113 2500
2114 2499
2115 2499
2116 2499
2117 2499
2118 2499
2119 2499
2120 2499
2121 2499
2122 2499
2123 2500
2124 2499
2125 2500
2126 2500
2127 2500
2128 2500
2129 2500
2130 2499
2131 2499
2132 2499
2133 2499
2134 2500
2135 2500
2136 2499
2137 2499
2138 2499
2139 2499
2140 2499
2141 2499
2142 2499
2143 2499
2144 2499
2145 2499
2146 2499
2147 2499
2148 2499
2149 2499
2150 2499
2151 2499
2152 2499
2153 2499
2154 2499
2155 2499
2156 2499
2157 2499
2158 2499
2159 2499
2160 2499
2161 2499
2162 2499
2163 2499
2164 2499
2165 2499
2166 2499
2167 2499
2168 2499
2169 2499
2170 2499
2171 2499
2172 2499
2173 2499
2174 2499
2175 2499
2176 2498
2177 2500
2178 2498
2179 2498
2180 2498
2181 2496
2182 2501
2183 2506
2184 2507
2185 2503
2186 2503
2187 2502
2188 2502
2189 2505
2190 2509
2191 2504
2192 2513
2193 2503
2194 2512
2195 2510
2196 2510
2197 2503
2198 2502
2199 2502
2200 2507
2201 2503
2202 2506
2203 2504
2204 2501
2205 2501
2206 2498
2207 2504
2208 2497
2209 2502
2210 2503
2211 2502
2212 2501
2213 2501
2214 2499
2215 2499
2216 2499
2217 2500
2218 2499
2219 2500
2220 2500
2221 2500
2222 2500
2223 2500
2224 2500
2225 2499
2226 2499
2227 2499
2228 2499
2229 2499
2230 2503
2231 2504
2232 2502
2233 2502
2234 2500
2235 2508
2236 2503
2237 2502
2238 2503
2239 2504
2240 2503
2241 2499
2242 2498
2243 2500
2244 2499
2245 2499
2246 2500
2247 2500
2248 2499
2249 2499
2250 2497
2251 2497
2252 2497
2253 2498
2254 2498
2255 2498
2256 2498
2257 2498
2258 2498
2259 2498
2260 2498
2261 2498
2262 2498
2263 2498
2264 2498
2265 2498
2266 2498
2267 2498
2268 2498
2269 2498
2270 2498
2271 2497
2272 2498
2273 2498
2274 2497
2275 2497
2276 2498
2277 2498
2278 2498
2279 2498
2280 2499
2281 2498
2282 2498
2283 2497
2284 2497
2285 2497
2286 2499
2287 2497
2288 2497
2289 2497
2290 2497
2291 2497
2292 2497
2293 2497
2294 2497
2295 2497
2296 2497
2297 2497
2298 2497
2299 2497
2300 2497
2301 2497
2302 2497
2303 2497
2304 2497
2305 2496
2306 2496
2307 2496
2308 2496
2309 2497
2310 2496
2311 2497
2312 2496
2313 2496
2314 2496
2315 2496
2316 2496
2317 2496
2318 2496
2319 2496
2320 2496
2321 2496
2322 2496
2323 2496
2324 2496
2325 2496
2326 2496
2327 2496
2328 2496
2329 2495
2330 2496
2331 2496
2332 2495
2333 2496
2334 2495
2335 2496
2336 2496
2337 2496
2338 2496
2339 2496
2340 2496
2341 2496
2342 2495
2343 2496
2344 2496
2345 2496
2346 2496
2347 2496
2348 2496
2349 2496
2350 2496
2351 2496
2352 2496
2353 2496
2354 2496
2355 2496
2356 2496
2357 2496
2358 2496
2359 2496
2360 2496
2361 2496
2362 2496
2363 2496
2364 2496
2365 2496
2366 2497
2367 2497
2368 2496
2369 2497
2370 2496
2371 2497
2372 2497
2373 2497
2374 2497
2375 2497
2376 2496
2377 2497
2378 2496
2379 2497
2380 2498
2381 2497
2382 2497
2383 2497
2384 2496
2385 2497
2386 2497
2387 2497
2388 2497
2389 2497
2390 2496
2391 2496
2392 2500
2393 2496
2394 2497
2395 2496
2396 2495
2397 2497
2398 2497
2399 2497
2400 2497
2401 2496
2402 2496
2403 2496
2404 2499
2405 2496
2406 2496
2407 2495
2408 2495
2409 2498
2410 2499
2411 2498
2412 2498
2413 2503
2414 2499
2415 2499
2416 2499
2417 2495
2418 2495
2419 2495
2420 2496
2421 2496
2422 2496
2423 2496
2424 2496
2425 2495
2426 2495
2427 2495
2428 2498
2429 2496
2430 2495
2431 2496
2432 2496
2433 2495
2434 2496
2435 2496
2436 2496
2437 2495
2438 2495
2439 2495
2440 2495
2441 2497
2442 2495
2443 2496
2444 2496
2445 2496
2446 2495
2447 2495
2448 2495
2449 2495
2450 2495
2451 2495
2452 2495
2453 2495
2454 2495
2455 2495
2456 2495
2457 2495
2458 2495
2459 2495
2460 2494
2461 2494
2462 2494
2463 2494
2464 2494
2465 2494
2466 2494
2467 2494
2468 2494
2469 2494
2470 2494
2471 2494
2472 2494
2473 2494
2474 2494
2475 2494
2476 2494
2477 2494
2478 2494
2479 2494
2480 2495
2481 2494
2482 2494
2483 2494
2484 2494
2485 2493
2486 2494
2487 2493
2488 2493
2489 2494
2490 2493
2491 2494
2492 2493
2493 2493
2494 2494
2495 2494
2496 2494
2497 2493
2498 2494
2499 2494
2500 2493
2501 2494
2502 2493
2503 2494
2504 2494
2505 2493
2506 2494
2507 2493
2508 2493
2509 2494
2510 2493
2511 2493
2512 2493
2513 2493
2514 2493
2515 2493
2516 2493
2517 2493
2518 2493
2519 2493
2520 2493
2521 2493
2522 2493
2523 2493
2524 2493
2525 2493
2526 2493
2527 2494
2528 2493
2529 2493
2530 2493
2531 2493
2532 2493
2533 2494
2534 2494
2535 2494
2536 2494
2537 2494
2538 2494
2539 2494
2540 2494
2541 2493
2542 2494
2543 2494
2544 2494
2545 2494
2546 2496
2547 2495
2548 2494
2549 2493
2550 2493
2551 2493
2552 2493
2553 2492
2554 2492
2555 2491
2556 2490
2557 2491
2558 2491
2559 2491
2560 2491
2561 2491
2562 2491
2563 2491
2564 2491
2565 2491
2566 2491
2567 2491
2568 2490
2569 2491
2570 2490
2571 2491
2572 2490
2573 2491
2574 2490
2575 2490
2576 2490
2577 2491
2578 2492
2579 2492
2580 2491
2581 2491
2582 2492
2583 2492
2584 2492
2585 2493
2586 2492
2587 2492
2588 2492
2589 2492
2590 2492
2591 2492
2592 2492
2593 2492
2594 2492
2595 2492
2596 2492
2597 2492
2598 2492
2599 2492
2600 2492
2601 2492
2602 2494
2603 2491
2604 2492
2605 2492
2606 2492
2607 2492
2608 2492
2609 2491
2610 2492
2611 2492
2612 2492
2613 2492
2614 2492
2615 2492
2616 2492
2617 2492
2618 2492
2619 2492
2620 2492
2621 2492
2622 2492
2623 2492
2624 2492
2625 2492
2626 2493
2627 2493
2628 2493
2629 2493
2630 2493
2631 2493
2632 2493
2633 2493
2634 2493
2635 2493
2636 2492
2637 2491
2638 2493
2639 2492
2640 2493
2641 2492
2642 2493
2643 2492
2644 2492
2645 2491
2646 2492
2647 2489
2648 2490
2649 2489
2650 2489
2651 2489
2652 2489
2653 2489
2654 2489
2655 2489
2656 2489
2657 2489
2658 2489
2659 2489
2660 2489
2661 2489
2662 2489
2663 2489
2664 2489
2665 2489
2666 2489
2667 2489
2668 2489
2669 2489
2670 2488
2671 2489
2672 2489
2673 2488
2674 2489
2675 2489
2676 2489
2677 2489
2678 2489
2679 2489
2680 2489
2681 2489
2682 2489
2683 2489
2684 2489
2685 2489
2686 2489
2687 2488
2688 2489
2689 2488
2690 2488
2691 2489
2692 2489
2693 2489
2694 2488
2695 2489
2696 2489
2697 2488
2698 2489
2699 2489
2700 2489
2701 2489
2702 2489
2703 2489
2704 2489
2705 2489
2706 2489
2707 2489
2708 2489
2709 2489
2710 2488
2711 2489
2712 2489
2713 2488
2714 2488
2715 2489
2716 2488
2717 2488
2718 2488
2719 2488
2720 2488
2721 2488
2722 2489
2723 2489
2724 2489
2725 2489
2726 2489
2727 2490
2728 2490
2729 2490
2730 2490
2731 2490
2732 2491
2733 2492
2734 2492
2735 2491
2736 2493
2737 2492
2738 2491
2739 2491
2740 2490
2741 2491
2742 2491
2743 2491
2744 2491
2745 2491
2746 2491
2747 2491
2748 2491
2749 2491
2750 2490
2751 2490
2752 2490
2753 2490
2754 2490
2755 2490
2756 2490
2757 2490
2758 2490
2759 2490
2760 2490
2761 2490
2762 2490
2763 2490
2764 2490
2765 2489
2766 2490
2767 2490
2768 2489
2769 2489
2770 2490
2771 2490
2772 2490
2773 2490
2774 2490
2775 2490
2776 2490
2777 2490
2778 2490
2779 2489
2780 2489
2781 2488
2782 2489
2783 2488
2784 2488
2785 2488
2786 2487
2787 2487
2788 2487
2789 2488
2790 2487
2791 2486
2792 2486
2793 2486
2794 2485
2795 2485
2796 2485
2797 2485
2798 2485
2799 2485
2800 2485
2801 2485
2802 2486
2803 2486
2804 2487
2805 2487
2806 2488
2807 2488
2808 2490
2809 2486
2810 2485
2811 2485
2812 2486
2813 2485
2814 2485
2815 2484
2816 2485
2817 2485
2818 2485
2819 2485
2820 2484
2821 2484
2822 2484
2823 2484
2824 2484
2825 2483
2826 2483
2827 2483
2828 2483
2829 2483
2830 2483
2831 2483
2832 2483
2833 2483
2834 2483
2835 2483
2836 2483
2837 2483
2838 2483
2839 2483
2840 2483
2841 2483
2842 2483
2843 2483
2844 2482
2845 2482
2846 2482
2847 2483
2848 2483
2849 2482
2850 2483
2851 2483
2852 2482
2853 2482
2854 2483
2855 2482
2856 2482
2857 2482
2858 2482
2859 2482
2860 2482
2861 2481
2862 2480
2863 2479
2864 2479
2865 2479
2866 2479
2867 2479
2868 2479
2869 2479
2870 2479
2871 2478
2872 2479
2873 2479
2874 2479
2875 2479
2876 2479
2877 2479
2878 2479
2879 2478
2880 2479
2881 2478
2882 2478
2883 2478
2884 2479
2885 2478
2886 2478
2887 2478
2888 2478
2889 2478
2890 2478
2891 2478
2892 2478
2893 2478
2894 2478
2895 2478
2896 2477
2897 2478
2898 2478
2899 2478
2900 2478
2901 2478
2902 2478
2903 2478
2904 2478
2905 2478
2906 2478
2907 2479
2908 2478
2909 2478
2910 2478
2911 2478
2912 2478
2913 2478
2914 2478
2915 2478
2916 2479
2917 2479
2918 2478
2919 2478
2920 2478
2921 2478
2922 2482
2923 2478
2924 2478
2925 2478
2926 2478
2927 2478
2928 2478
2929 2478
2930 2478
2931 2478
2932 2478
2933 2478
2934 2478
2935 2478
2936 2478
2937 2478
2938 2478
2939 2478
2940 2478
2941 2478
2942 2478
2943 2478
2944 2477
2945 2478
2946 2478
2947 2478
2948 2478
2949 2478
2950 2478
2951 2478
2952 2478
2953 2478
2954 2478
2955 2478
2956 2478
2957 2478
2958 2478
2959 2478
2960 2477
2961 2478
2962 2478
2963 2478
2964 2478
2965 2478
2966 2477
2967 2478
2968 2477
2969 2478
2970 2477
2971 2477
2972 2477
2973 2477
2974 2477
2975 2477
2976 2477
2977 2477
2978 2477
2979 2477
2980 2477
2981 2477
2982 2477
2983 2477
2984 2477
2985 2477
2986 2477
2987 2477
2988 2477
2989 2477
2990 2477
2991 2477
2992 2477
2993 2477
2994 2477
2995 2477
2996 2476
2997 2476
2998 2476
2999 2476
3000 2477
3001 2476
3002 2477
3003 2476
3004 2477
3005 2476
3006 2476
3007 2476
3008 2476
3009 2476
3010 2476
3011 2476
3012 2476
3013 2476
3014 2476
3015 2476
3016 2476
3017 2476
3018 2476
3019 2476
3020 2476
3021 2476
3022 2476
3023 2476
3024 2476
3025 2476
3026 2476
3027 2476
3028 2476
3029 2476
3030 2476
3031 2476
3032 2476
3033 2476
3034 2476
3035 2476
3036 2476
3037 2476
3038 2476
3039 2476
3040 2475
3041 2476
3042 2476
3043 2476
3044 2475
3045 2475
3046 2475
3047 2475
3048 2476
3049 2475
3050 2475
3051 2475
3052 2475
3053 2475
3054 2475
3055 2475
3056 2475
3057 2475
3058 2475
3059 2475
3060 2477
3061 2476
3062 2475
3063 2475
3064 2475
3065 2475
3066 2475
3067 2475
3068 2475
3069 2475
3070 2475
3071 2475
3072 2475
3073 2475
3074 2475
3075 2475
3076 2475
3077 2475
3078 2475
3079 2475
3080 2475
3081 2475
3082 2475
3083 2475
3084 2475
3085 2475
3086 2474
3087 2474
3088 2474
3089 2475
3090 2474
3091 2474
3092 2474
3093 2474
3094 2474
3095 2474
3096 2474

2091 2518
2092 2521
2093 2528
2094 2527
2095 2522
2096 2520
2097 2522
2098 2528
2099 2523
2100 2522
2101 2519
2102 2520
2103 2522
2104 2528
2105 2529
2106 2523
2107 2523
2108 2518
2109 2518
2110 2525
2111 2520
2112 2518
2113 2529
2114 2519
2115 2519
2116 2522
2117 2518
2118 2519
2119 2524
2120 2518
2121 2519
2122 2520
2123 2522
2124 2519
2125 2522
2126 2527
2127 2532
2128 2532
2129 2522
2130 2526
2131 2519
2132 2519
2133 2519
2134 2532
2135 2518
2136 2518
2137 2524
2138 2520
2139 2519
2140 2520
2141 2518
2142 2518
2143 2518
2144 2519
2145 2520
2146 2518
2147 2528
2148 2521
2149 2522
2150 2523
2151 2518
2152 2521
2153 2518
2154 2521
2155 2520
2156 2520
2157 2520
2158 2521
2159 2521
2160 2521
2161 2521
2162 2520
2163 2522
2164 2521
2165 2522
2166 2522
2167 2521
2168 2523
2169 2528
2170 2524
2171 2524
2172 2524
2173 2523
2174 2529
2175 2526
2176 2524
2177 2529
2178 2521
2179 2524
2180 2528
2181 2521
2182 2519
2183 2519
2184 2519
2185 2529
2186 2526
2187 2521
2188 2522
2189 2521
2190 2524
2191 2523
2192 9999
2193 2519
2194 9999
2195 9999
2196 2532
2197 2519
2198 2524
2199 2532
2200 2519
2201 2525
2202 2525
2203 2527
2204 2523
2205 2529
2206 2529
2207 2532
2208 2526
2209 2527
2210 2519
2211 2529
2212 2524
2213 2524
2214 2522
2215 2532
2216 2527
2217 2521
2218 2531
2219 2525
2220 2524
2221 2525
2222 2526
2223 2528
2224 2529
2225 2526
2226 2523
2227 2526
2228 2526
2229 2532
2230 2521
2231 2525
2232 2527
2233 2531
2234 2527
2235 2528
2236 2529
2237 2520
2238 2526
2239 2522
2240 2533
2241 2527
2242 2527
2243 2529
2244 2531
2245 2523
2246 2525
2247 2527
2248 2527
2249 2524
2250 2530
2251 2524
2252 2526
2253 2525
2254 2527
2255 2526
2256 2525
2257 2522
2258 2530
2259 2521
2260 2522
2261 2525
2262 2521
2263 2520
2264 2524
2265 2527
2266 2527
2267 2524
2268 2519
2269 2519
2270 2519
2271 2524
2272 2522
2273 2519
2274 2527
2275 2521
2276 2526
2277 2533
2278 2525
2279 2520
2280 2519
2281 2529
2282 2533
2283 2531
2284 2528
2285 2525
2286 2525
2287 2526
2288 2526
2289 2531
2290 2520
2291 2526
2292 2531
2293 2519
2294 2528
2295 2530
2296 2529
2297 2529
2298 2524
2299 2526
2300 2527
2301 2519
2302 2525
2303 2519
2304 2525
2305 2526
2306 2533
2307 2533
2308 2519
2309 2525
2310 2520
2311 2524
2312 2525
2313 2529
2314 2526
2315 2530
2316 2534
2317 2520
2318 2522
2319 2524
2320 2524
2321 2527
2322 2524
2323 2525
2324 2522
2325 2523
2326 2523
2327 2521
2328 2523
2329 2523
2330 2522
2331 2524
2332 2523
2333 2522
2334 2534
2335 2526
2336 2526
2337 2531
2338 2527
2339 2531
2340 2525
2341 2523
2342 2527
2343 2526
2344 2520
2345 2524
2346 2531
2347 2523
2348 2525
2349 2525
2350 2524
2351 2525
2352 2520
2353 2522
2354 2524
2355 2525
2356 2524
2357 2525
2358 2526
2359 2524
2360 2530
2361 2526
2362 2526
2363 2525
2364 2524
2365 2525
2366 2525
2367 2524
2368 2525
2369 2530
2370 2524
2371 2523
2372 2524
2373 2524
2374 2524
2375 2525
2376 2523
2377 2526
2378 2524
2379 2523
2380 2521
2381 2525
2382 2520
2383 2529
2384 2523
2385 2524
2386 2525
2387 2528
2388 2529
2389 2522
2390 2524
2391 2530
2392 2532
2393 2530
2394 2523
2395 2531
2396 2524
2397 2523
2398 2522
2399 2524
2400 2525
2401 2530
2402 2523
2403 2522
2404 2528
2405 2523
2406 2527
2407 2526
2408 2527
2409 2525
2410 2529
2411 2526
2412 2525
2413 2526
2414 2533
2415 2523
2416 2522
2417 2524
2418 2525
2419 2525
2420 2528
2421 2527
2422 2525
2423 2525
2424 2526
2425 2524
2426 2527
2427 2524
2428 2526
2429 2523
2430 2527
2431 2520
2432 2527
2433 2531
2434 2528
2435 2528
2436 2528
2437 2530
2438 2530
2439 2525
2440 2527
2441 2519
2442 2520
2443 2519
2444 2532
2445 2528
2446 2531
2447 2532
2448 2533
2449 2531
2450 2530
2451 2533
2452 2524
2453 2523
2454 2528
2455 2529
2456 2523
2457 2524
2458 2526
2459 2530
2460 2525
2461 2526
2462 2524
2463 2526
2464 2532
2465 2527
2466 2528
2467 2528
2468 2523
2469 2526
2470 2524
2471 2525
2472 2529
2473 2526
2474 2527
2475 2532
2476 2528
2477 2526
2478 2526
2479 2527
2480 2525
2481 2525
2482 2520
2483 2525
2484 2526
2485 2524
2486 2519
2487 2526
2488 2526
2489 2531
2490 2528
2491 2518
2492 2525
2493 2525
2494 2525
2495 2525
2496 2526
2497 2531
2498 2525
2499 2526
2500 2527
2501 2527
2502 2527
2503 2520
2504 2523
2505 2526
2506 2528
2507 2525
2508 2526
2509 2526
2510 2523
2511 2524
2512 2525
2513 2526
2514 2521
2515 2523
2516 2525
2517 2521
2518 2523
2519 2532
2520 2519
2521 2525
2522 2523
2523 2525
2524 2530
2525 2522
2526 2522
2527 2524
2528 2524
2529 2523
2530 2521
2531 2526
2532 2531
2533 2524
2534 2523
2535 2522
2536 2522
2537 2519
2538 2523
2539 2528
2540 2522
2541 2521
2542 2522
2543 2529
2544 2522
2545 2523
2546 2522
2547 2523
2548 2524
2549 2520
2550 2519
2551 2518
2552 2518
2553 2520
2554 2520
2555 2528
2556 2530
2557 2525
2558 2518
2559 2529
2560 2527
2561 2518
2562 2519
2563 2522
2564 2518
2565 2527
2566 2527
2567 2529
2568 2527
2569 2528
2570 2522
2571 2529
2572 2522
2573 2518
2574 2518
2575 2519
2576 2523
2577 2521
2578 2523
2579 2519
2580 2532
2581 2531
2582 2525
2583 2526
2584 2531
2585 2518
2586 2526
2587 2518
2588 2531
2589 2530
2590 2518
2591 2523
2592 2524
2593 2523
2594 2526
2595 2527
2596 2530
2597 2525
2598 2523
2599 2518
2600 2529
2601 2526
2602 2523
2603 2524
2604 2523
2605 2525
2606 2518
2607 2520
2608 2521
2609 2528
2610 2528
2611 2532
2612 2524
2613 2531
2614 2528
2615 2527
2616 2524
2617 2526
2618 2529
2619 2522
2620 2518
2621 2526
2622 2522
2623 2532
2624 2518
2625 2523
2626 2522
2627 2525
2628 2521
2629 2522
2630 2522
2631 2525
2632 2520
2633 2525
2634 2525
2635 2526
2636 2526
2637 2517
2638 2520
2639 2530
2640 2520
2641 2518
2642 2524
2643 2521
2644 2522
2645 2521
2646 2527
2647 2530
2648 2528
2649 2522
2650 2522
2651 2523
2652 2523
2653 2523
2654 2523
2655 2520
2656 2531
2657 2531
2658 2522
2659 2526
2660 2521
2661 2523
2662 2517
2663 2523
2664 2523
2665 2524
2666 2519
2667 2530
2668 2523
2669 2523
2670 2524
2671 2517
2672 2519
2673 2524
2674 2524
2675 2517
2676 2530
2677 2517
2678 2524
2679 2524
2680 2517
2681 2522
2682 2527
2683 2530
2684 2521
2685 2524
2686 2524
2687 2524
2688 2517
2689 2524
2690 2530
2691 2530
2692 2523
2693 2517
2694 2522
2695 2521
2696 2524
2697 2516
2698 2520
2699 2525
2700 2527
2701 2523
2702 2516
2703 2522
2704 2526
2705 2522
2706 2521
2707 2522
2708 2521
2709 2527
2710 2530
2711 2517
2712 2515
2713 2519
2714 2523
2715 2522
2716 2515
2717 2522
2718 2515
2719 2519
2720 2515
2721 2524
2722 2518
2723 2512
2724 2523
2725 2524
2726 2512
2727 2517
2728 2522
2729 2521
2730 2511
2731 2514
2732 2513
2733 2513
2734 2514
2735 2514
2736 2513
2737 2513
2738 2512
2739 2513
2740 2513
2741 2509
2742 2509
2743 2513
2744 2513
2745 2510
2746 2512
2747 2512
2748 2512
2749 2512
2750 2512
2751 2511
2752 2513
2753 2508
2754 2511
2755 2508
2756 2504
2757 2511
2758 2508
2759 2509
2760 2514
2761 2514
2762 2507
2763 2502
2764 2502
2765 2513
2766 2514
2767 2513
2768 2513
2769 2514
2770 2514
2771 2514
2772 9999
2773 2513
2774 2503
2775 2504
2776 9999
2777 9999
2778 9999
2779 9999
2780 9999
2781 9999
2782 9999
2783 9999
2784 2504
2785 9999
2786 2499
2787 9999
2788 9999
2789 9999
2790 9999
2791 2500
2792 2498
2793 9999
2794 9999
2795 9999
2796 9999
2797 9999
2798 9999
2799 2497
2800 9999
2801 9999
2802 9999
2803 9999
2804 9999
2805 9999
2806 9999
2807 9999
2808 9999
2809 9999
2810 9999
2811 9999
2812 9999
2813 9999
2814 9999
2815 9999
2816 9999
2817 9999
2818 9999
2819 9999
2820 9999
2821 9999
2822 9999
2823 9999
2824 9999

