632 2531
633 2543
634 2537
635 2536
636 2536
637 2535
638 2535
639 2535
640 2534
641 2533
642 2531
643 2534
644 2533
645 2527
646 2529
647 2526
648 2526
649 2527
650 2527
651 2526
652 2529
653 2522
654 2523
655 2523
656 2523
657 2524
658 2524
659 2524
660 2524
661 2525
662 2526
663 2527
664 2527
665 2536
666 2528
667 2529
668 2528
669 2528
670 2528
671 2528
672 2528
673 2530
674 2530
675 2529
676 2528
677 2529
678 2529
679 2529
680 2530
681 2533
682 2535
683 2529
684 2533
685 2530
686 2532
687 2529
688 2528
689 2528
690 2527
691 2528
692 2528
693 2528
694 2527
695 2527
696 2527
697 2528
698 2529
699 2529
700 2531
701 2531
702 2531
703 2532
704 2533
705 2532
706 2530
707 2531
708 2531
709 2530
710 2529
711 2531
712 2530
713 2533
714 2536
715 2536
716 2529
717 2531
718 2532
719 2534
720 2530
721 2529
722 2529
723 2530
724 2528
725 2527
726 2530
727 2526
728 2526
729 2526
730 2525
731 2525
732 2525
733 2525
734 2525
735 2525
736 2525
737 2526
738 2525
739 2528
740 2526
741 2526
742 2526
743 2526
744 2525
745 2525
746 2526
747 2525
748 2525
749 2528
750 2525
751 2525
752 2525
753 2526
754 2526
755 2525
756 2525
757 2526
758 2526
759 2526
760 2526
761 2526
762 2526
763 2526
764 2526
765 2526
766 2526
767 2527
768 2527
769 2526
770 2526
771 2526
772 2526
773 2526
774 2526
775 2526
776 2526
777 2526
778 2526
779 2527
780 2527
781 2528
782 2528
783 2529
784 2529
785 2528
786 2527
787 2527
788 2527
789 2537
790 2537
791 2526
792 2536
793 2536
794 2526
795 2536
796 2526
797 2526
798 2525
799 2536
800 2535
801 2536
802 2526
803 2525
804 2536
805 2524
806 2536
807 2526
808 2525
809 2526
810 2526
811 2526
812 2526
813 2526
814 2525
815 2525
816 2525
817 2524
818 2524
819 2525
820 2525
821 2525
822 2528
823 2531
824 2527
825 2527
826 2534
827 2533
828 2526
829 2525
830 2524
831 2523
832 2524
833 2524
834 2524
835 2526
836 2526
837 2527
838 2528
839 2529
840 2523
841 2522
842 2522
843 2526
844 2520
845 2526
846 2526
847 2527
848 2526
849 2527
850 2526
851 2527
852 2526
853 2525
854 2520
855 2525
856 2526
857 2523
858 2526
859 2522
860 2522
861 2524
862 2524
863 2520
864 2520
865 2519
866 2519
867 2519
868 2519
869 2519
870 2519
871 2519
872 2519
873 2520
874 2519
875 2519
876 2520
877 2522
878 2523
879 2524
880 2524
881 2525
882 2525
883 2526
884 2526
885 2525
886 2526
887 2525
888 2525
889 2523
890 2523
891 2524
892 2524
893 2524
894 2526
895 2525
896 2524
897 2525
898 2523
899 2524
900 2523
901 2523
902 2522
903 2522
904 2522
905 2523
906 2523
907 2524
908 2524
909 2525
910 2525
911 2525
912 2525
913 2524
914 2524
915 2524
916 2524
917 2523
918 2524
919 2524
920 2523
921 2524
922 2523
923 2523
924 2523
925 2523
926 2524
927 2524
928 2525
929 2524
930 2524
931 2523
932 2523
933 2523
934 2523
935 2523
936 2523
937 2522
938 2522
939 2522
940 2522
941 2523
942 2523
943 2522
944 2523
945 2523
946 2522
947 2522
948 2522
949 2522
950 2522
951 2522
952 2522
953 2523
954 2526
955 2523
956 2524
957 2524
958 2524
959 2525
960 2524
961 2524
962 2526
963 2524
964 2523
965 2526
966 2525
967 2525
968 2534
969 2524
970 2523
971 2523
972 2522
973 2534
974 2524
975 2522
976 2522
977 2522
978 2523
979 2523
980 2523
981 2524
982 2526
983 2523
984 2523
985 2523
986 2523
987 2523
988 2523
989 2524
990 2523
991 2524
992 2524
993 2524
994 2523
995 2523
996 2522
997 2522
998 2522
999 2522
1000 2522
1001 2522
1002 2523
1003 2522
1004 2522
1005 2522
1006 2524
1007 2523
1008 2523
1009 2523
1010 2523
1011 2523
1012 2522
1013 2522
1014 2521
1015 2522
1016 2522
1017 2526
1018 2527
1019 2526
1020 2526
1021 2525
1022 2524
1023 2523
1024 2523
1025 2524
1026 2523
1027 2523
1028 2523
1029 2523
1030 2523
1031 2523
1032 2523
1033 2523
1034 2523
1035 2523
1036 2523
1037 2523
1038 2523
1039 2523
1040 2523
1041 2523
1042 2523
1043 2523
1044 2522
1045 2522
1046 2522
1047 2522
1048 2523
1049 2523
1050 2523
1051 2522
1052 2522
1053 2522
1054 2522
1055 2522
1056 2522
1057 2522
1058 2522
1059 2522
1060 2522
1061 2522
1062 2521
1063 2522
1064 2522
1065 2522
1066 2523
1067 2523
1068 2523
1069 2523
1070 2522
1071 2523
1072 2523
1073 2523
1074 2523
1075 2524
1076 2522
1077 2522
1078 2522
1079 2522
1080 2522
1081 2522
1082 2521
1083 2522
1084 2522
1085 2523
1086 2523
1087 2523
1088 2523
1089 2523
1090 2523
1091 2523
1092 2523
1093 2523
1094 2523
1095 2522
1096 2522
1097 2522
1098 2522
1099 2523
1100 2524
1101 2523
1102 2523
1103 2524
1104 2523
1105 2523
1106 2523
1107 2526
1108 2523
1109 2525
1110 2522
1111 2523
1112 2522
1113 2523
1114 2522
1115 2522
1116 2522
1117 2522
1118 2523
1119 2523
1120 2522
1121 2522
1122 2522
1123 2522
1124 2522
1125 2522
1126 2522
1127 2522
1128 2522
1129 2523
1130 2523
1131 2523
1132 2523
1133 2524
1134 2524
1135 2524
1136 2524
1137 2525
1138 2524
1139 2523
1140 2523
1141 2523
1142 2523
1143 2524
1144 2523
1145 2523
1146 2523
1147 2523
1148 2523
1149 2523
1150 2523
1151 2523
1152 2523
1153 2523
1154 2523
1155 2523
1156 2523
1157 2523
1158 2523
1159 2525
1160 2523
1161 2522
1162 2522
1163 2521
1164 2522
1165 2522
1166 2522
1167 2521
1168 2522
1169 2522
1170 2521
1171 2521
1172 2521
1173 2520
1174 2520
1175 2521
1176 2520
1177 2521
1178 2521
1179 2520
1180 2519
1181 2519
1182 2519
1183 2519
1184 2528
1185 2518
1186 2519
1187 2519
1188 2520
1189 2520
1190 2521
1191 2520
1192 2520
1193 2519
1194 2520
1195 2519
1196 2519
1197 2518
1198 2519
1199 2519
1200 2518
1201 2518
1202 2517
1203 2517
1204 2517
1205 2517
1206 2517
1207 2516
1208 2516
1209 2517
1210 2516
1211 2516
1212 2517
1213 2516
1214 2516
1215 2516
1216 2516
1217 2516
1218 2516
1219 2516
1220 2525
1221 2516
1222 2517
1223 2516
1224 2516
1225 2516
1226 2516
1227 2516
1228 2516
1229 2517
1230 2517
1231 2517
1232 2517
1233 2517
1234 2517
1235 2517
1236 2518
1237 2518
1238 2518
1239 2518
1240 2518
1241 2518
1242 2518
1243 2518
1244 2518
1245 2519
1246 2518
1247 2519
1248 2518
1249 2518
1250 2519
1251 2519
1252 2520
1253 2520
1254 2521
1255 2522
1256 2529
1257 2527
1258 2520
1259 2521
1260 2521
1261 2525
1262 2519
1263 2519
1264 2519
1265 2518
1266 2522
1267 2517
1268 2517
1269 2516
1270 2516
1271 2517
1272 2517
1273 2522
1274 2518
1275 2518
1276 2518
1277 2517
1278 2517
1279 2517
1280 2516
1281 2516
1282 2516
1283 2515
1284 2514
1285 2515
1286 2516
1287 2517
1288 2516
1289 2516
1290 2515
1291 2515
1292 2515
1293 2520
1294 2515
1295 2514
1296 2515
1297 2514
1298 2514
1299 2514
1300 2516
1301 2516
1302 2516
1303 2515
1304 2515
1305 2515
1306 2516
1307 2515
1308 2514
1309 2515
1310 2515
1311 2514
1312 2516
1313 2516
1314 2516
1315 2515
1316 2515
1317 2514
1318 2514
1319 2517
1320 2516
1321 2516
1322 2515
1323 2515
1324 2515
1325 2515
1326 2515
1327 2518
1328 2516
1329 2520
1330 2516
1331 2515
1332 2515
1333 2517
1334 2518
1335 2516
1336 2516
1337 2516
1338 2516
1339 2517
1340 2517
1341 2525
1342 2520
1343 2520
1344 2516
1345 2516
1346 2516
1347 2516
1348 2516
1349 2517
1350 2517
1351 2517
1352 2517
1353 2522
1354 2517
1355 2516
1356 2517
1357 2517
1358 2517
1359 2517
1360 2517
1361 2516
1362 2517
1363 2517
1364 2517
1365 2517
1366 2518
1367 2517
1368 2517
1369 2520
1370 2520
1371 2517
1372 2517
1373 2516
1374 2517
1375 2517
1376 2518
1377 2517
1378 2518
1379 2518
1380 2518
1381 2517
1382 2517
1383 2518
1384 2518
1385 2518
1386 2518
1387 2518
1388 2518
1389 2518
1390 2518
1391 2519
1392 2518
1393 2518
1394 2519
1395 2519
1396 2518
1397 2514
1398 2514
1399 2514
1400 2516
1401 2524
1402 2525
1403 2519
1404 2518
1405 2519
1406 2519
1407 2519
1408 2522
1409 2518
1410 2518
1411 2521
1412 2518
1413 2518
1414 2518
1415 2518
1416 2523
1417 2527
1418 2521
1419 2519
1420 2519
1421 2518
1422 2527
1423 2519
1424 2519
1425 2519
1426 2519
1427 2520
1428 2519
1429 2520
1430 2519
1431 2518
1432 2519
1433 2519
1434 2519
1435 2519
1436 2520
1437 2518
1438 2519
1439 2520
1440 2519
1441 2519
1442 2520
1443 2520
1444 2520
1445 2519
1446 2519
1447 2519
1448 2519
1449 2521
1450 2520
1451 2519
1452 2519
1453 2520
1454 2518
1455 2518
1456 2518
1457 2518
1458 2518
1459 2518
1460 2523
1461 2519
1462 2519
1463 2519
1464 2519
1465 2520
1466 2518
1467 2518
1468 2517
1469 2518
1470 2516
1471 2514
1472 2514
1473 2517
1474 2512
1475 2515
1476 2516
1477 2524
1478 2514
1479 2519
1480 2518
1481 2518
1482 2523
1483 2518
1484 2515
1485 2515
1486 2519
1487 2522
1488 2518
1489 2516
1490 2517
1491 2517
1492 2520
1493 2517
1494 2518
1495 2517
1496 2517
1497 2517
1498 2517
1499 2517
1500 2517
1501 2517
1502 2517
1503 2517
1504 2516
1505 2520
1506 2521
1507 2519
1508 2524
1509 2518
1510 2517
1511 2516
1512 2518
1513 2519
1514 2518
1515 2518
1516 2517
1517 2516
1518 2517
1519 2517
1520 2518
1521 2518
1522 2519
1523 2521
1524 2519
1525 2519
1526 2517
1527 2518
1528 2518
1529 2517
1530 2518
1531 2517
1532 2517
1533 2516
1534 2516
1535 2516
1536 2516
1537 2516
1538 2516
1539 2515
1540 2514
1541 2515
1542 2512
1543 2514
1544 2514
1545 2509
1546 2510
1547 2508
1548 2511
1549 2507
1550 2507
1551 2506
1552 2510
1553 2509
1554 2506
1555 2506
1556 2512
1557 2505
1558 2506
1559 2506
1560 2506
1561 2507
1562 2506
1563 2507
1564 2507
1565 2507
1566 2507
1567 2507
1568 2507
1569 2507
1570 2507
1571 2507
1572 2507
1573 2507
1574 2506
1575 2507
1576 2507
1577 2507
1578 2508
1579 2509
1580 2509
1581 2509
1582 2508
1583 2509
1584 2509
1585 2508
1586 2509
1587 2508
1588 2507
1589 2508
1590 2507
1591 2508
1592 2507
1593 2507
1594 2509
1595 2510
1596 2509
1597 2510
1598 2507
1599 2508
1600 2508
1601 2508
1602 2510
1603 2511
1604 2510
1605 2509
1606 2508
1607 2508
1608 2512
1609 2513
1610 2513
1611 2508
1612 2510
1613 2511
1614 2509
1615 2509
1616 2510
1617 2510
1618 2510
1619 2510
1620 2511
1621 2510
1622 2511
1623 2511
1624 2510
1625 2510
1626 2512
1627 2512
1628 2511
1629 2510
1630 2510
1631 2511
1632 2512
1633 2509
1634 2509
1635 2509
1636 2509
1637 2508
1638 2510
1639 2509
1640 2509
1641 2509
1642 2508
1643 2511
1644 2509
1645 2511
1646 2511
1647 2509
1648 2508
1649 2507
1650 2507
1651 2507
1652 2507
1653 2506
1654 2508
1655 2506
1656 2506
1657 2506
1658 2506
1659 2510
1660 2507
1661 2506
1662 2507
1663 2507
1664 2506
1665 2508
1666 2507
1667 2505
1668 2507
1669 2509
1670 2496
1671 2504
1672 2504
1673 2506
1674 2506
1675 2510
1676 2506
1677 2507

787 9999
788 9999
789 9999
790 9999
791 2538
792 9999
793 9999
794 9999
795 9999
796 9999
797 9999
798 9999
799 9999
800 9999
801 9999
802 9999
803 2538
804 9999
805 2538
806 9999
807 2539
808 2538
809 9999
810 9999
811 9999
812 9999
813 9999
814 9999
815 9999
816 9999
817 2539
818 2539
819 9999
820 9999
821 9999
822 9999
823 9999
824 9999
825 9999
826 9999
827 9999
828 9999
829 2537
830 2538
831 2538
832 2539
833 2538
834 2538
835 2538
836 2542
837 2542
838 9999
839 9999
840 2537
841 2537
842 2538
843 9999
844 2532
845 9999
846 9999
847 2543
848 9999
849 9999
850 9999
851 9999
852 9999
853 9999
854 2535
855 2539
856 9999
857 2537
858 2538
859 2539
860 2538
861 2537
862 2538
863 2540
864 2540
865 2539
866 2539
867 2543
868 2542
869 2540
870 2541
871 2539
872 2540
873 2539
874 2540
875 2540
876 2540
877 2538
878 2535
879 9999
880 9999
881 9999
882 9999
883 9999
884 9999
885 9999
886 9999
887 9999
888 9999
889 9999
890 9999
891 9999
892 9999
893 9999
894 9999
895 9999
896 9999
897 9999
898 9999
899 9999
900 2536
901 2536
902 2536
903 2536
904 2536
905 2537
906 2535
907 9999
908 9999
909 9999
910 9999
911 9999
912 9999
913 9999
914 9999
915 9999
916 9999
917 9999
918 9999
919 9999
920 9999
921 9999
922 9999
923 9999
924 9999
925 9999
926 9999
927 9999
928 9999
929 9999
930 9999
931 9999
932 2535
933 9999
934 9999
935 2535
936 9999
937 2536
938 9999
939 2535
940 2535
941 2535
942 9999
943 2535
944 9999
945 9999
946 9999
947 9999
948 9999
949 9999
950 9999
951 9999
952 9999
953 9999
954 9999
955 9999
956 9999
957 9999
958 9999
959 9999
960 9999
961 9999
962 9999
963 9999
964 9999
965 9999
966 9999
967 9999
968 9999
969 9999
970 2535
971 9999
972 2535
973 9999
974 9999
975 2536
976 9999
977 9999
978 9999
979 9999
980 9999
981 9999
982 9999
983 9999
984 9999
985 9999
986 9999
987 9999
988 9999
989 9999
990 9999
991 9999
992 9999
993 9999
994 9999
995 9999
996 9999
997 2534
998 9999
999 9999
1000 9999
1001 9999
1002 9999
1003 2536
1004 9999
1005 9999
1006 9999
1007 9999
1008 9999
1009 9999
1010 9999
1011 9999
1012 9999
1013 9999
1014 9999
1015 9999
1016 9999
1017 9999
1018 9999
1019 9999
1020 9999
1021 9999
1022 9999
1023 9999
1024 9999
1025 9999
1026 9999
1027 9999
1028 9999
1029 9999
1030 9999
1031 9999
1032 9999
1033 9999
1034 9999
1035 9999
1036 9999
1037 9999
1038 9999
1039 9999
1040 9999
1041 9999
1042 9999
1043 9999
1044 2534
1045 9999
1046 9999
1047 9999
1048 9999
1049 9999
1050 9999
1051 9999
1052 9999
1053 9999
1054 2536
1055 9999
1056 9999
1057 9999
1058 9999
1059 9999
1060 9999
1061 9999
1062 2534
1063 2534
1064 9999
1065 9999
1066 9999
1067 9999
1068 9999
1069 9999
1070 2537
1071 9999
1072 9999
1073 9999
1074 9999
1075 9999
1076 9999
1077 9999
1078 9999
1079 9999
1080 2535
1081 9999
1082 9999
1083 9999
1084 9999
1085 9999
1086 9999
1087 9999
1088 9999
1089 9999
1090 9999
1091 9999
1092 9999
1093 9999
1094 9999
1095 9999
1096 9999
1097 9999
1098 9999
1099 9999
1100 9999
1101 9999
1102 9999
1103 9999
1104 9999
1105 9999
1106 9999
1107 9999
1108 9999
1109 9999
1110 9999
1111 9999
1112 9999
1113 9999
1114 9999
1115 9999
1116 9999
1117 9999
1118 9999
1119 9999
1120 9999
1121 9999
1122 9999
1123 9999
1124 9999
1125 9999
1126 9999
1127 9999
1128 9999
1129 9999
1130 9999
1131 9999
1132 9999
1133 9999
1134 9999
1135 9999
1136 9999
1137 9999
1138 9999
1139 9999
1140 9999
1141 9999
1142 9999
1143 9999
1144 9999
1145 9999
1146 9999
1147 9999
1148 9999
1149 9999
1150 9999
1151 9999
1152 9999
1153 9999
1154 9999
1155 9999
1156 9999
1157 9999
1158 9999
1159 9999
1160 9999
1161 9999
1162 9999
1163 9999
1164 9999
1165 9999
1166 9999
1167 9999
1168 9999
1169 9999
1170 9999
1171 9999
1172 9999
1173 9999
1174 9999
1175 9999
1176 9999
1177 9999
1178 9999
1179 9999
1180 9999
1181 9999
1182 9999
1183 9999
1184 9999
1185 9999
1186 9999
1187 9999
1188 9999
1189 9999
1190 9999
1191 9999
1192 9999
1193 9999
1194 9999
1195 9999
1196 9999
1197 9999
1198 9999
1199 9999
1200 9999
1201 9999
1202 9999
1203 9999
1204 9999
1205 9999
1206 9999
1207 9999
1208 9999
1209 9999
1210 9999

