1654 2505
1655 2506
1656 2505
1657 2505
1658 2512
1659 2510
1660 2509
1661 2505
1662 2505
1663 2505
1664 2505
1665 2506
1666 2505
1667 2506
1668 2506
1669 2505
1670 2505
1671 2506
1672 2506
1673 2506
1674 2506
1675 2505
1676 2505
1677 2505
1678 2505
1679 2505
1680 2505
1681 2505
1682 2505
1683 2505
1684 2506
1685 2505
1686 2505
1687 2505
1688 2505
1689 2505
1690 2505
1691 2505
1692 2505
1693 2506
1694 2505
1695 2505
1696 2504
1697 2505
1698 2505
1699 2505
1700 2504
1701 2505
1702 2505
1703 2511
1704 2507
1705 2505
1706 2505
1707 2505
1708 2505
1709 2505
1710 2504
1711 2504
1712 2508
1713 2508
1714 2504
1715 2505
1716 2504
1717 2505
1718 2505
1719 2504
1720 2504
1721 2504
1722 2505
1723 2505
1724 2505
1725 2505
1726 2505
1727 2505
1728 2506
1729 2505
1730 2506
1731 2506
1732 2505
1733 2505
1734 2507
1735 2506
1736 2505
1737 2506
1738 2505
1739 2505
1740 2504
1741 2505
1742 2505
1743 2505
1744 2505
1745 2505
1746 2505
1747 2505
1748 2505
1749 2505
1750 2505
1751 2505
1752 2504
1753 2504
1754 2504
1755 2504
1756 2505
1757 2506
1758 2505
1759 2511
1760 2504
1761 2508
1762 2507
1763 2505
1764 2505
1765 2505
1766 2504
1767 2504
1768 2504
1769 2504
1770 2504
1771 2504
1772 2507
1773 2504
1774 2505
1775 2504
1776 2505
1777 2505
1778 2503
1779 2504
1780 2505
1781 2504
1782 2504
1783 2505
1784 2505
1785 2505
1786 2506
1787 2504
1788 2504
1789 2503
1790 2504
1791 2503
1792 2503
1793 2503
1794 2504
1795 2504
1796 2504
1797 2504
1798 2509
1799 2504
1800 2505
1801 2505
1802 2513
1803 2505
1804 2505
1805 2509
1806 2503
1807 2503
1808 2503
1809 2504
1810 2504
1811 2508
1812 2507
1813 2503
1814 2503
1815 2503
1816 2507
1817 2504
1818 2503
1819 2503
1820 2503
1821 2503
1822 2504
1823 2504
1824 2504
1825 2508
1826 2504
1827 2504
1828 2504
1829 2505
1830 2505
1831 2504
1832 2505
1833 2504
1834 2505
1835 2507
1836 2503
1837 2507
1838 2503
1839 2505
1840 2506
1841 2502
1842 2502
1843 2502
1844 2502
1845 2502
1846 2502
1847 2502
1848 2502
1849 2502
1850 2502
1851 2507
1852 2502
1853 2503
1854 2503
1855 2503
1856 2503
1857 2503
1858 2503
1859 2503
1860 2503
1861 2503
1862 2503
1863 2503
1864 2503
1865 2503
1866 2503
1867 2503
1868 2503
1869 2503
1870 2503
1871 2503
1872 2503
1873 2503
1874 2503
1875 2503
1876 2504
1877 2503
1878 2504
1879 2504
1880 2503
1881 2503
1882 2503
1883 2503
1884 2503
1885 2503
1886 2504
1887 2503
1888 2503
1889 2503
1890 2503
1891 2504
1892 2504
1893 2504
1894 2504
1895 2504
1896 2504
1897 2504
1898 2504
1899 2504
1900 2504
1901 2503
1902 2504
1903 2504
1904 2504
1905 2504
1906 2504
1907 2508
1908 2504
1909 2503
1910 2504
1911 2504
1912 2504
1913 2503
1914 2505
1915 2505
1916 2505
1917 2504
1918 2504
1919 2504
1920 2504
1921 2504
1922 2504
1923 2505
1924 2504
1925 2504
1926 2505
1927 2504
1928 2504
1929 2504
1930 2505
1931 2505
1932 2505
1933 2505
1934 2505
1935 2505
1936 2505
1937 2505
1938 2506
1939 2506
1940 2505
1941 2506
1942 2505
1943 2505
1944 2506
1945 2506
1946 2505
1947 2505
1948 2505
1949 2505
1950 2505
1951 2505
1952 2506
1953 2505
1954 2505
1955 2505
1956 2505
1957 2505
1958 2505
1959 2506
1960 2506
1961 2506
1962 2506
1963 2506
1964 2507
1965 2507
1966 2506
1967 2506
1968 2506
1969 2506
1970 2505
1971 2505
1972 2506
1973 2506
1974 2506
1975 2508
1976 2508
1977 2506
1978 2506
1979 2505
1980 2506
1981 2505
1982 2505
1983 2505
1984 2505
1985 2505
1986 2505
1987 2505
1988 2505
1989 2506
1990 2506
1991 2506
1992 2506
1993 2506
1994 2505
1995 2505
1996 2506
1997 2505
1998 2506
1999 2506
2000 2506
2001 2506
2002 2506
2003 2506
2004 2507
2005 2507
2006 2505
2007 2506
2008 2506
2009 2506
2010 2506
2011 2506
2012 2505
2013 2505
2014 2506
2015 2506
2016 2506
2017 2506
2018 2506
2019 2506
2020 2506
2021 2506
2022 2506
2023 2506
2024 2506
2025 2506
2026 2506
2027 2507
2028 2506
2029 2506
2030 2506
2031 2506
2032 2506
2033 2506
2034 2506
2035 2506
2036 2506
2037 2506
2038 2506
2039 2506
2040 2506
2041 2506
2042 2506
2043 2506
2044 2507
2045 2507
2046 2507
2047 2506
2048 2506
2049 2509
2050 2507
2051 2507
2052 2507
2053 2507
2054 2506
2055 2507
2056 2507
2057 2506
2058 2506
2059 2506
2060 2506
2061 2506
2062 2506
2063 2506
2064 2506
2065 2506
2066 2506
2067 2506
2068 2507
2069 2506
2070 2506
2071 2505
2072 2506
2073 2506
2074 2505
2075 2505
2076 2505
2077 2505
2078 2505
2079 2506
2080 2505
2081 2505
2082 2505
2083 2505
2084 2505
2085 2505
2086 2505
2087 2505
2088 2506
2089 2505
2090 2505
2091 2505
2092 2505
2093 2505
2094 2507
2095 2505
2096 2505
2097 2505
2098 2505
2099 2505
2100 2504
2101 2505
2102 2504
2103 2504
2104 2507
2105 2504
2106 2505
2107 2505
2108 2506
2109 2505
2110 2505
2111 2505
2112 2506
2113 2505
2114 2504
2115 2504
2116 2504
2117 2505
2118 2505
2119 2505
2120 2505
2121 2505
2122 2505
2123 2505
2124 2505
2125 2505
2126 2504
2127 2505
2128 2505
2129 2505
2130 2505
2131 2505
2132 2505
2133 2505
2134 2504
2135 2504
2136 2504
2137 2504
2138 2504
2139 2505
2140 2505
2141 2505
2142 2505
2143 2504
2144 2505
2145 2504
2146 2504
2147 2504
2148 2504
2149 2504
2150 2504
2151 2504
2152 2504
2153 2504
2154 2504
2155 2504
2156 2504
2157 2504
2158 2504
2159 2504
2160 2504
2161 2504
2162 2504
2163 2504
2164 2504
2165 2504
2166 2504
2167 2504
2168 2504
2169 2504
2170 2504
2171 2503
2172 2504
2173 2504
2174 2503
2175 2503
2176 2503
2177 2503
2178 2503
2179 2503
2180 2503
2181 2503
2182 2503
2183 2503
2184 2503
2185 2502
2186 2503
2187 2503
2188 2503
2189 2502
2190 2502
2191 2503
2192 2503
2193 2503
2194 2503
2195 2503
2196 2503
2197 2503
2198 2503
2199 2503
2200 2503
2201 2503
2202 2503
2203 2502
2204 2502
2205 2502
2206 2503
2207 2503
2208 2503
2209 2503
2210 2503
2211 2503
2212 2503
2213 2503
2214 2503
2215 2503
2216 2503
2217 2503
2218 2503
2219 2503
2220 2503
2221 2504
2222 2504
2223 2504
2224 2504
2225 2504
2226 2503
2227 2503
2228 2503
2229 2503
2230 2503
2231 2503
2232 2503
2233 2503
2234 2503
2235 2502
2236 2502
2237 2502
2238 2502
2239 2502
2240 2502
2241 2502
2242 2502
2243 2502
2244 2502
2245 2502
2246 2502
2247 2502
2248 2503
2249 2502
2250 2502
2251 2502
2252 2503
2253 2503
2254 2502
2255 2502
2256 2502
2257 2502
2258 2502
2259 2502
2260 2502
2261 2501
2262 2501
2263 2501
2264 2501
2265 2501
2266 2502
2267 2502
2268 2501
2269 2501
2270 2501
2271 2501
2272 2500
2273 2503
2274 2500
2275 2500
2276 2501
2277 2501
2278 2500
2279 2501
2280 2502
2281 2501
2282 2501
2283 2501
2284 2500
2285 2500
2286 2500
2287 2499
2288 2499
2289 2500
2290 2500
2291 2499
2292 2499
2293 2499
2294 2499
2295 2499
2296 2499
2297 2499
2298 2499
2299 2499
2300 2499
2301 2499
2302 2499
2303 2498
2304 2499
2305 2499
2306 2499
2307 2498
2308 2498
2309 2498
2310 2498
2311 2498
2312 2498
2313 2498
2314 2498
2315 2498
2316 2498
2317 2498
2318 2498
2319 2499
2320 2498
2321 2499
2322 2499
2323 2499
2324 2498
2325 2498
2326 2499
2327 2499
2328 2499
2329 2499
2330 2498
2331 2498
2332 2498
2333 2498
2334 2498
2335 2498
2336 2498
2337 2499
2338 2499
2339 2498
2340 2499
2341 2499
2342 2499
2343 2499
2344 2499
2345 2499
2346 2499
2347 2499
2348 2499
2349 2499
2350 2499
2351 2499
2352 2499
2353 2499
2354 2499
2355 2499
2356 2499
2357 2499
2358 2499
2359 2500
2360 2499
2361 2502
2362 2500
2363 2499
2364 2499
2365 2499
2366 2501
2367 2499
2368 2499
2369 2499
2370 2499
2371 2505
2372 2499
2373 2499
2374 2499
2375 2498
2376 2499
2377 2499
2378 2499
2379 2499
2380 2499
2381 2499
2382 2499
2383 2499
2384 2499
2385 2499
2386 2499
2387 2498
2388 2499
2389 2499
2390 2499
2391 2499
2392 2499
2393 2499
2394 2499
2395 2499
2396 2499
2397 2499
2398 2499
2399 2499
2400 2499
2401 2499
2402 2499
2403 2499
2404 2499
2405 2499
2406 2499
2407 2499
2408 2499
2409 2499
2410 2499
2411 2499
2412 2499
2413 2499
2414 2499
2415 2499
2416 2499
2417 2499
2418 2499
2419 2499
2420 2500
2421 2500
2422 2500
2423 2500
2424 2499
2425 2499
2426 2500
2427 2500
2428 2501
2429 2500
2430 2501
2431 2500
2432 2501
2433 2501
2434 2501
2435 2501
2436 2505
2437 2503
2438 2502
2439 2500
2440 2500
2441 2500
2442 2500
2443 2500
2444 2500
2445 2500
2446 2500
2447 2500
2448 2500
2449 2500
2450 2500
2451 2500
2452 2500
2453 2500
2454 2500
2455 2500
2456 2500
2457 2500
2458 2500
2459 2500
2460 2500
2461 2500
2462 2500
2463 2500
2464 2500
2465 2500
2466 2500
2467 2500
2468 2500
2469 2500
2470 2500
2471 2500
2472 2500
2473 2500
2474 2500
2475 2500
2476 2499
2477 2499
2478 2499
2479 2500
2480 2500
2481 2500
2482 2500
2483 2499
2484 2499
2485 2499
2486 2500
2487 2499
2488 2499
2489 2499
2490 2499
2491 2499
2492 2499
2493 2499
2494 2499
2495 2499
2496 2499
2497 2499
2498 2499
2499 2499
2500 2499
2501 2499
2502 2499
2503 2499
2504 2499
2505 2499
2506 2499
2507 2499
2508 2499
2509 2499
2510 2499
2511 2499
2512 2499
2513 2499
2514 2499
2515 2499
2516 2499
2517 2499
2518 2498
2519 2498
2520 2498
2521 2498
2522 2498
2523 2498
2524 2498
2525 2498
2526 2498
2527 2498
2528 2498
2529 2498
2530 2498
2531 2498
2532 2498
2533 2498
2534 2498
2535 2498
2536 2498
2537 2498
2538 2497
2539 2497
2540 2497
2541 2497
2542 2497
2543 2497
2544 2497
2545 2497
2546 2497
2547 2497
2548 2497
2549 2497
2550 2497
2551 2497
2552 2497
2553 2497
2554 2497
2555 2497
2556 2497
2557 2497
2558 2497
2559 2497
2560 2497
2561 2497
2562 2497
2563 2497
2564 2497
2565 2497
2566 2497
2567 2497
2568 2497
2569 2497
2570 2497
2571 2497
2572 2496
2573 2497
2574 2497
2575 2497
2576 2497
2577 2497
2578 2497
2579 2497
2580 2497
2581 2496
2582 2497
2583 2497
2584 2497
2585 2497
2586 2496
2587 2497
2588 2497
2589 2496
2590 2497
2591 2497
2592 2496
2593 2496
2594 2497
2595 2496
2596 2496
2597 2496
2598 2496
2599 2496
2600 2496
2601 2496
2602 2496
2603 2496
2604 2496
2605 2496
2606 2496
2607 2496
2608 2496
2609 2496
2610 2496
2611 2496
2612 2496
2613 2496
2614 2496
2615 2496
2616 2496
2617 2496
2618 2496
2619 2496
2620 2496
2621 2496
2622 2496
2623 2496
2624 2496
2625 2496
2626 2496
2627 2496
2628 2496
2629 2496
2630 2495
2631 2495
2632 2495
2633 2495
2634 2495
2635 2495
2636 2495
2637 2495
2638 2495
2639 2495
2640 2495
2641 2495
2642 2495
2643 2495
2644 2495
2645 2495
2646 2495
2647 2495
2648 2495
2649 2495
2650 2495
2651 2495
2652 2495
2653 2495
2654 2495
2655 2495
2656 2494
2657 2495
2658 2495
2659 2495
2660 2495
2661 2495
2662 2495
2663 2495
2664 2495
2665 2495
2666 2494
2667 2494
2668 2495
2669 2494
2670 2495
2671 2494
2672 2494
2673 2494
2674 2495
2675 2495
2676 2495
2677 2494
2678 2494
2679 2494
2680 2494
2681 2494
2682 2494
2683 2494
2684 2494
2685 2494
2686 2494
2687 2494
2688 2495
2689 2495
2690 2494
2691 2494
2692 2494
2693 2494
2694 2494
2695 2494
2696 2493
2697 2494
2698 2494
2699 2494
2700 2493
2701 2493
2702 2494
2703 2494
2704 2493
2705 2494
2706 2494
2707 2494
2708 2493
2709 2493
2710 2493
2711 2493
2712 2493
2713 2493
2714 2493
2715 2493
2716 2493
2717 2492
2718 2493
2719 2492
2720 2493
2721 2493
2722 2493
2723 2493
2724 2492
2725 2492
2726 2493
2727 2493
2728 2493
2729 2493
2730 2492
2731 2492
2732 2492
2733 2492
2734 2492
2735 2493
2736 2492
2737 2492
2738 2492
2739 2492
2740 2492
2741 2492
2742 2492
2743 2492
2744 2492
2745 2492
2746 2493
2747 2492
2748 2493
2749 2492
2750 2492
2751 2492
2752 2493
2753 2493
2754 2493
2755 2493
2756 2495
2757 2494
2758 2493
2759 2493
2760 2493
2761 2492
2762 2492
2763 2492
2764 2492
2765 2492
2766 2494
2767 2493
2768 2494
2769 2492
2770 2493
2771 2492
2772 2492
2773 2492
2774 2492
2775 2492
2776 2492
2777 2492
2778 2492
2779 2492
2780 2492
2781 2492
2782 2492
2783 2492
2784 2492
2785 2492
2786 2492
2787 2492
2788 2495
2789 2492
2790 2492
2791 2492
2792 2492
2793 2492
2794 2492
2795 2492
2796 2492
2797 2492
2798 2492
2799 2492
2800 2492
2801 2492
2802 2492
2803 2492
2804 2492
2805 2491
2806 2494
2807 2492
2808 2495
2809 2492
2810 2492
2811 2492
2812 2492
2813 2491
2814 2492
2815 2492
2816 2492
2817 2492
2818 2492
2819 2491
2820 2492
2821 2492
2822 2492
2823 2491
2824 2491
2825 2491
2826 2492
2827 2492
2828 2492
2829 2491
2830 2492
2831 2491
2832 2492
2833 2492
2834 2491
2835 2492
2836 2491
2837 2492
2838 2492
2839 2491
2840 2491
2841 2492
2842 2492
2843 2491
2844 2491
2845 2491
2846 2492
2847 2491
2848 2491
2849 2491
2850 2491
2851 2491
2852 2491
2853 2491
2854 2491
2855 2492
2856 2492
2857 2491
2858 2491
2859 2491
2860 2490
2861 2491
2862 2491
2863 2491
2864 2491
2865 2490
2866 2491
2867 2491
2868 2491
2869 2491
2870 2491
2871 2491
2872 2491
2873 2490
2874 2490
2875 2490
2876 2491
2877 2491
2878 2490
2879 2491
2880 2491
2881 2490
2882 2491
2883 2490
2884 2490
2885 2490
2886 2490
2887 2491
2888 2490
2889 2490
2890 2490
2891 2491
2892 2491
2893 2490
2894 2490
2895 2490
2896 2490
2897 2490
2898 2489
2899 2499
2900 2489
2901 2490
2902 2492
2903 2491
2904 2490
2905 2490
2906 2490
2907 2490
2908 2490
2909 2489
2910 2489
2911 2490
2912 2490
2913 2489
2914 2490
2915 2490
2916 2493
2917 2490
2918 2490
2919 2489
2920 2489
2921 2490
2922 2490
2923 2489
2924 2489
2925 2490
2926 2489
2927 2490
2928 2490
2929 2490
2930 2489
2931 2489
2932 2489
2933 2490
2934 2489
2935 2490
2936 2490
2937 2490
2938 2490
2939 2489
2940 2489
2941 2489
2942 2489
2943 2489
2944 2489
2945 2489
2946 2489
2947 2490
2948 2489
2949 2490
2950 2489
2951 2489
2952 2489
2953 2489
2954 2489
2955 2490
2956 2489
2957 2489
2958 2489
2959 2489
2960 2489
2961 2489
2962 2489
2963 2489
2964 2489
2965 2489
2966 2489
2967 2490
2968 2489
2969 2489
2970 2489
2971 2488
2972 2488
2973 2489
2974 2489
2975 2489
2976 2489
2977 2489
2978 2489
2979 2489
2980 2489
2981 2489
2982 2489
2983 2489
2984 2489
2985 2489
2986 2488
2987 2489
2988 2489
2989 2489
2990 2489
2991 2489
2992 2489
2993 2489
2994 2489
2995 2489
2996 2489
2997 2489
2998 2489
2999 2489
3000 2489
3001 2489
3002 2489
3003 2489
3004 2489
3005 2489
3006 2489
3007 2489
3008 2489
3009 2489
3010 2489
3011 2489
3012 2489
3013 2489
3014 2489
3015 2489
3016 2489
3017 2489
3018 2489
3019 2488
3020 2488
3021 2488
3022 2489
3023 2489
3024 2488
3025 2489
3026 2489
3027 2489
3028 2489
3029 2489
3030 2489
3031 2489
3032 2489
3033 2489
3034 2489
3035 2489
3036 2489
3037 2489
3038 2489
3039 2489
3040 2489
3041 2489
3042 2489
3043 2489
3044 2489
3045 2489
3046 2490
3047 2489
3048 2489
3049 2489
3050 2489
3051 2489
3052 2489
3053 2489
3054 2489
3055 2489
3056 2489
3057 2489
3058 2489
3059 2489
3060 2489
3061 2489
3062 2489
3063 2489
3064 2489
3065 2490
3066 2489
3067 2489
3068 2489
3069 2489
3070 2489
3071 2489
3072 2489
3073 2489
3074 2489
3075 2489
3076 2490
3077 2490
3078 2489
3079 2489
3080 2489
3081 2490
3082 2490
3083 2491
3084 2491
3085 2490
3086 2490
3087 2490
3088 2490
3089 2490
3090 2493
3091 2489
3092 2490
3093 2490
3094 2490
3095 2489
3096 2489
3097 2490
3098 2490
3099 2490
3100 2490
3101 2490
3102 2490
3103 2490
3104 2489
3105 2489
3106 2490
3107 2490
3108 2490
3109 2490
3110 2489
3111 2490
3112 2493
3113 2489
3114 2490
3115 2490
3116 2490
3117 2490
3118 2490
3119 2490
3120 2490
3121 2490
3122 2489
3123 2490
3124 2489
3125 2490
3126 2490
3127 2490
3128 2490
3129 2490
3130 2490
3131 2490
3132 2490
3133 2490
3134 2490
3135 2490
3136 2490
3137 2490
3138 2490
3139 2490
3140 2490
3141 2490
3142 2492
3143 2491
3144 2490
3145 2499
3146 2491
3147 2492
3148 2489
3149 2490
3150 2490
3151 2490
3152 2490
3153 2490
3154 2490
3155 2490
3156 2490
3157 2494
3158 2491
3159 2490
3160 2490
3161 2490
3162 2490
3163 2490
3164 2490
3165 2490
3166 2490
3167 2490
3168 2490
3169 2490
3170 2490
3171 2491
3172 2490
3173 2490
3174 2490
3175 2490
3176 2490
3177 2490
3178 2491
3179 2491
3180 2491
3181 2491
3182 2491
3183 2491
3184 2491
3185 2490
3186 2491
3187 2491
3188 2491
3189 2490
3190 2491
3191 2491
3192 2491
3193 2491
3194 2491
3195 2491
3196 2490
3197 2491
3198 2491
3199 2491
3200 2491
3201 2491
3202 2491
3203 2491
3204 2491
3205 2491
3206 2491
3207 2491
3208 2491
3209 2491
3210 2491
3211 2491
3212 2491
3213 2491
3214 2492
3215 2492
3216 2491
3217 2492
3218 2492
3219 2492
3220 2492
3221 2492
3222 2492
3223 2492
3224 2492
3225 2492
3226 2492
3227 2492
3228 2492
3229 2492
3230 2491
3231 2492
3232 2491
3233 2491
3234 2492
3235 2492
3236 2492
3237 2492
3238 2492
3239 2492
3240 2492
3241 2492
3242 2492
3243 2492
3244 2492
3245 2492
3246 2492
3247 2492
3248 2492
3249 2493
3250 2493
3251 2493
3252 2495
3253 2496
3254 2492
3255 2492
3256 2492
3257 2492
3258 2492
3259 2492
3260 2492
3261 2492
3262 2492
3263 2492
3264 2492
3265 2492
3266 2492
3267 2492
3268 2492
3269 2492
3270 2492
3271 2493
3272 2492
3273 2492
3274 2492
3275 2492
3276 2492
3277 2493
3278 2493
3279 2493
3280 2493
3281 2493
3282 2493
3283 2494
3284 2493
3285 2493
3286 2492
3287 2493
3288 2493
3289 2494
3290 2494
3291 2494
3292 2494
3293 2494
3294 2494
3295 2494
3296 2494
3297 2493
3298 2493
3299 2494
3300 2494
3301 2493
3302 2494
3303 2494
3304 2494
3305 2494
3306 2494
3307 2494
3308 2494
3309 2493
3310 2493
3311 2493
3312 2493
3313 2493
3314 2493
3315 2493
3316 2494
3317 2494
3318 2493
3319 2493
3320 2494
3321 2493
3322 2494
3323 2493
3324 2494
3325 2494
3326 2493
3327 2493
3328 2493
3329 2493
3330 2493
3331 2493
3332 2493
3333 2493
3334 2493
3335 2493
3336 2493
3337 2493
3338 2493
3339 2493
3340 2493
3341 2493
3342 2493
3343 2493
3344 2493
3345 2493
3346 2493
3347 2493
3348 2493
3349 2492
3350 2492
3351 2492
3352 2493
3353 2492
3354 2492
3355 2492
3356 2493
3357 2492
3358 2493
3359 2492
3360 2492
3361 2492
3362 2492
3363 2492
3364 2493
3365 2493
3366 2493
3367 2493
3368 2493
3369 2492
3370 2493
3371 2493
3372 2493
3373 2493
3374 2493
3375 2493
3376 2493
3377 2492
3378 2493
3379 2493
3380 2493
3381 2493
3382 2492
3383 2492
3384 2492
3385 2492
3386 2493
3387 2492
3388 2492
3389 2492
3390 2492
3391 2492
3392 2492
3393 2492
3394 2492
3395 2492
3396 2492
3397 2492
3398 2492
3399 2492
3400 2492
3401 2492
3402 2492
3403 2492
3404 2492
3405 2492
3406 2492
3407 2492
3408 2492
3409 2491
3410 2492
3411 2492
3412 2492
3413 2492
3414 2492
3415 2492
3416 2492
3417 2492
3418 2492
3419 2492
3420 2492
3421 2492
3422 2492
3423 2492
3424 2492
3425 2491
3426 2495
3427 2494
3428 2492
3429 2492
3430 2492
3431 2492
3432 2491
3433 2491
3434 2491
3435 2491
3436 2491
3437 2491
3438 2491
3439 2491
3440 2491
3441 2491
3442 2491
3443 2491
3444 2491
3445 2491
3446 2491
3447 2491
3448 2491
3449 2491
3450 2491
3451 2491
3452 2491
3453 2491
3454 2491
3455 2491
3456 2490
3457 2491
3458 2491
3459 2492
3460 2491
3461 2491
3462 2492
3463 2491
3464 2492
3465 2492
3466 2491
3467 2492
3468 2492
3469 2492
3470 2492
3471 2491
3472 2490
3473 2491
3474 2491
3475 2491
3476 2491
3477 2491
3478 2491
3479 2491
3480 2492
3481 2492
3482 2491
3483 2491
3484 2491
3485 2491
3486 2491
3487 2491
3488 2491
3489 2492
3490 2491
3491 2490
3492 2491
3493 2491
3494 2491
3495 2491
3496 2491
3497 2491
3498 2491
3499 2490
3500 2491
3501 2491
3502 2491
3503 2491
3504 2491
3505 2492
3506 2492
3507 2491
3508 2491
3509 2491
3510 2492
3511 2492
3512 2491
3513 2491
3514 2492
3515 2491
3516 2491
3517 2492
3518 2492
3519 2493
3520 2492
3521 2492
3522 2492
3523 2493
3524 2492
3525 2492
3526 2492
3527 2493
3528 2492
3529 2492
3530 2492
3531 2492
3532 2492
3533 2493
3534 2493
3535 2493
3536 2492
3537 2492
3538 2492
3539 2492
3540 2492
3541 2492
3542 2492
3543 2492
3544 2492
3545 2492
3546 2492
3547 2491
3548 2491
3549 2492
3550 2492
3551 2492
3552 2492
3553 2492
3554 2492
3555 2492
3556 2491
3557 2493
3558 2492
3559 2492
3560 2491
3561 2492
3562 2492
3563 2492
3564 2492
3565 2492
3566 2492
3567 2492
3568 2491
3569 2492
3570 2492
3571 2493
3572 2492
3573 2492
3574 2492
3575 2491
3576 2491
3577 2492
3578 2492
3579 2492
3580 2492
3581 2492
3582 2492
3583 2492
3584 2492
3585 2492
3586 2492
3587 2492
3588 2492
3589 2492
3590 2492
3591 2492
3592 2492
3593 2492
3594 2492
3595 2492
3596 2492
3597 2492
3598 2492
3599 2492
3600 2492
3601 2492
3602 2492
3603 2492
3604 2492
3605 2492
3606 2492
3607 2492
3608 2492
3609 2492
3610 2492
3611 2492
3612 2492
3613 2492
3614 2492
3615 2493
3616 2492
3617 2492
3618 2492
3619 2492
3620 2492
3621 2492
3622 2492
3623 2492
3624 2492
3625 2492
3626 2492
3627 2492
3628 2492
3629 2492
3630 2492
3631 2492
3632 2492
3633 2492
3634 2492
3635 2492
3636 2492
3637 2492
3638 2492
3639 2492
3640 2492
3641 2492
3642 2492
3643 2492
3644 2492
3645 2492
3646 2492
3647 2491
3648 2491
3649 2492
3650 2492
3651 2492
3652 2492
3653 2492
3654 2492
3655 2492
3656 2492
3657 2492
3658 2492
3659 2492
3660 2492
3661 2492
3662 2492
3663 2493
3664 2493
3665 2492
3666 2492
3667 2493
3668 2493
3669 2493
3670 2493
3671 2493
3672 2493
3673 2493
3674 2493
3675 2493
3676 2493
3677 2493
3678 2493
3679 2493
3680 2493
3681 2496
3682 2492
3683 2492
3684 2492
3685 2492
3686 2492
3687 2491
3688 2492
3689 2492
3690 2491
3691 2491
3692 2491
3693 2492
3694 2492
3695 2491
3696 2491
3697 2491
3698 2492
3699 2492
3700 2491
3701 2491
3702 2491
3703 2491
3704 2492
3705 2492
3706 2493
3707 2492
3708 2492
3709 2492
3710 2492
3711 2492
3712 2492
3713 2491
3714 2491
3715 2491
3716 2491
3717 2492
3718 2492
3719 2492
3720 2492
3721 2492
3722 2492
3723 2492
3724 2492
3725 2491
3726 2492
3727 2492
3728 2491
3729 2491
3730 2492
3731 2492
3732 2491
3733 2492
3734 2492
3735 2491
3736 2492
3737 2491
3738 2491
3739 2491
3740 2492
3741 2491
3742 2491
3743 2491
3744 2491
3745 2491
3746 2491
3747 2491
3748 2491
3749 2491
3750 2491
3751 2491
3752 2491
3753 2491
3754 2491
3755 2491
3756 2491
3757 2491
3758 2491
3759 2491
3760 2491
3761 2491
3762 2492
3763 2491
3764 2491
3765 2492
3766 2492
3767 2492
3768 2493
3769 2490
3770 2490
3771 2490
3772 2490
3773 2490
3774 2490
3775 2490
3776 2490
3777 2490
3778 2490
3779 2490
3780 2490
3781 2490
3782 2490
3783 2490
3784 2490
3785 2490
3786 2490
3787 2490
3788 2490
3789 2490
3790 2490
3791 2490
3792 2490
3793 2490
3794 2490
3795 2490
3796 2490
3797 2490
3798 2490
3799 2490
3800 2490
3801 2489
3802 2490
3803 2489
3804 2489
3805 2489
3806 2489
3807 2488
3808 2489
3809 2489
3810 2489
3811 2489
3812 2489
3813 2489
3814 2489
3815 2490
3816 2489
3817 2488
3818 2488
3819 2488
3820 2492
3821 2489
3822 2489
3823 2489
3824 2489
3825 2489
3826 2490
3827 2487
3828 2488
3829 2490
3830 2490
3831 2486
3832 2486
3833 2486
3834 2486
3835 2485
3836 2485
3837 2485
3838 2485
3839 2485
3840 2485
3841 2485
3842 2485
3843 2485
3844 2485
3845 2485
3846 2485
3847 2484
3848 2484
3849 2485
3850 2485
3851 2485
3852 2485
3853 2485
3854 2485
3855 2485

1884 2545
1885 2549
1886 2551
1887 2555
1888 2554
1889 2554
1890 2550
1891 2550
1892 2549
1893 2550
1894 2559
1895 2549
1896 2550
1897 2557
1898 2546
1899 2551
1900 2548
1901 2549
1902 2552
1903 2550
1904 2550
1905 2550
1906 2550
1907 2550
1908 2549
1909 2548
1910 2549
1911 2549
1912 2549
1913 2549
1914 2548
1915 2549
1916 2549
1917 2555
1918 2556
1919 2556
1920 2548
1921 2554
1922 2547
1923 2549
1924 2546
1925 2548
1926 2549
1927 2551
1928 2544
1929 2552
1930 2551
1931 2547
1932 2552
1933 2545
1934 2555
1935 2544
1936 2544
1937 2550
1938 2543
1939 2552
1940 2546
1941 2546
1942 2550
2312 2527
2313 2523
2314 2525
2315 2521
2316 2521
2317 2530
2318 2522
2319 2529
2320 2531
2321 2524
2322 2518
2323 2523
2324 2526
2325 2526
2326 2525
2327 2526
2328 2517
2329 2523
2330 2522
2331 2523
2332 2530
2333 2525
2334 2517
2335 2522
2336 2523
2337 2523
2338 2523
2339 2517
2340 2528
2341 2522
2342 2518
2343 2521
2344 2528
2345 2516
2346 2520
2347 2525
2348 2522
2349 2530
2350 2529
2351 2527
2352 2520
2353 2521
2354 2523
2355 2522
2356 2521
2357 2523
2358 2525
2359 2516
2360 2522
2361 2516
2362 2516
2363 2529
2364 2522
2365 2522
2366 2520
2367 2524
2368 2516
2369 2523
2370 2518
2371 2521
2372 2522
2373 2521
2374 2521
2375 2529
2376 2526
2377 2523
2378 2521
2379 2523
2380 2516
2381 2522
2382 2515
2383 2526
2384 2515
2385 2515
2386 2523
2387 2522
2388 2524
2389 2518
2390 2521
2391 2522
2392 2517
2393 2524
2394 2524
2395 2523
2396 2524
2397 2519
2398 2521
2399 2515
2400 2520
2401 2515
2402 2522
2403 2518
2404 2520
2405 2520
2406 2517
2407 2514
2408 2521
2409 2520
2410 2521
2411 2521
2412 2514
2413 2527
2414 2525
2415 2521
2416 2520
2417 2516
2418 2520
2419 2518
2420 2517
2421 2513
2422 2520
2423 2519
2424 2520
2425 2520
2426 2520
2427 2519
2428 2523
2429 2523
2430 2518
2431 2520
2432 2513
2433 2524
2434 2519
2435 2520
2436 2519
2437 2520
2438 2526
2439 2526
2440 2518
2441 2512
2442 2514
2443 2518
2444 2518
2445 2518
2446 2518
2447 2518
2448 2518
2449 2520
2450 2520
2451 2524
2452 2518
2453 2518
2454 2520
2455 2518
2456 2518
2457 2517
2458 2518
2459 2519
2460 2518
2461 2518
2462 2517
2463 2518
2464 9999
2465 9999
2466 9999
2467 2514
2468 9999
2469 2521
2470 2515
2471 2517
2472 9999
2473 9999
2474 2516
2475 2517
2476 2517
2477 2518
2478 2513
2479 2517
2480 2517
2481 2513
2482 2513
2483 9999
2484 9999
2485 2517
2486 9999
2487 9999
2488 9999
2489 9999
2490 9999
2491 9999
2492 9999
2493 9999
2494 9999
2495 9999
2496 9999
2497 9999
2498 9999
2499 9999
2500 9999
2501 9999
2502 9999
2503 9999
2504 9999
2505 9999
2506 9999
2507 9999
2508 9999
2509 9999
2510 9999
2511 9999
3177 2513
3178 2513
3179 2513
3180 2512
3181 2513
3182 2513
3183 2512
3184 2513
3185 2512
3186 2511
3187 2513
3188 2512
3189 2513
3190 2506
3191 2513
3192 2507
3193 2511
3194 2513
3195 2512
3196 2512
3197 2512
3198 2512
3199 2508
3200 2511
3201 2512
3202 2513
3203 2516
3204 2512
3205 2507
3206 2506
3207 2507
3208 2513
3209 2512
3210 2511
3211 2513
3212 2511
3213 2511
3214 2511
3215 2511
3216 2512
3217 2507
3218 2512
3219 2512
3220 2513
3221 2511
3222 2511
3223 2506
3224 2511
3225 2511
3226 2505
3227 2511
3228 2518
3229 2511
3230 2512
3231 2512
3232 2512
3233 2506
3234 2511
3235 2512
3236 2512
3237 2512
3238 2510
3239 2510
3240 2517
3241 2514
3242 2512
3243 2512
3244 2505
3245 2511
3246 2512
3247 2511
3248 2512
3249 2512
3250 2512
3251 2512
3252 2512
3253 2511
3254 2512
3255 2515
3256 2511
3257 2506
3258 2506
3259 2507
3260 2512
3261 2509
3262 2506
3263 2506
3264 2512
3265 2506
3266 2506
3267 2506
3268 2510
3269 2506
3270 2514
3271 2511
3272 2512
3273 2512
3274 2512
3275 2513
3276 2509
3277 2510
3278 2507
3279 2511
3280 2507
3281 2507
3282 2518
3283 2510
3284 2513
3285 2510
3286 2521
3287 2517
3288 2515
3289 2514
3290 2516
3291 2511
3292 2510
3293 2510
3294 2517
3295 2513
3296 2514
3297 2508
3298 2512
3299 2513
3300 2515
3301 2507
3302 2514
3303 2507
3304 2511
3305 2513
3306 2514
3307 2513
3308 2511
3309 2512
3310 2515
3311 2516
3312 2508
3313 2512
3314 2513
3315 2514
3316 2508
3317 2511
3318 2519
3319 2514
3320 2508
3321 2508
3322 2515
3323 2514
3324 2510
3325 2508
3326 2511
3327 2510
3328 2517
3329 2510
3330 2518
3331 2523
3332 2509
3333 2509
3334 2509
3335 2519
3336 2511

