806 2507
807 2507
808 2510
809 2504
810 2506
811 2503
812 2504
813 2504
814 2505
815 2505
816 2505
817 2505
818 2505
819 2505
820 2504
821 2503
822 2504
823 2506
824 2511
825 2509
826 2501
827 2505
828 2507
829 2505
830 2502
831 2502
832 2513
833 2500
834 2501
835 2513
836 2501
837 2514
838 2501
839 2505
840 2517
841 2502
842 2502
843 2508
844 2503
845 2502
846 2508
847 2502
848 2502
849 2511
850 2504
851 2501
852 2500
853 2501
854 2501
855 2507
856 2507
857 2505
858 2503
859 2504
860 2509
861 2504
862 2504
863 2503
864 2509
865 2503
866 2504
867 2503
868 2503
869 2504
870 2506
871 2506
872 2504
873 2509
874 2512
875 2506
876 2512
877 2503
878 2503
879 2503
880 2503
881 2502
882 2506
883 2506
884 2506
885 2504
886 2503
887 2503
888 2507
889 2503
890 2503
891 2504
892 2504
893 2503
894 2503
895 2504
896 2503
897 2505
898 2505
899 2503
900 2510
901 2502
902 2503
903 2503
904 2502
905 2503
906 2503
907 2503
908 2503
909 2503
910 2503
911 2503
912 2502
913 2503
914 2503
915 2503
916 2503
917 2503
918 2503
919 2503
920 2503
921 2503
922 2503
923 2503
924 2506
925 2503
926 2503
927 2503
928 2503
929 2503
930 2503
931 2503
932 2503
933 2503
934 2503
935 2508
936 2504
937 2504
938 2503
939 2504
940 2503
941 2503
942 2503
943 2504
944 2504
945 2504
946 2503
947 2504
948 2504
949 2503
950 2503
951 2504
952 2503
953 2503
954 2504
955 2503
956 2504
957 2503
958 2503
959 2503
960 2503
961 2503
962 2503
963 2503
964 2503
965 2504
966 2503
967 2503
968 2504
969 2504
970 2505
971 2504
972 2504
973 2503
974 2506
975 2504
976 2503
977 2504
978 2506
979 2506
980 2505
981 2504
982 2505
983 2506
984 2503
985 2504
986 2504
987 2503
988 2504
989 2507
990 2503
991 2504
992 2504
993 2504
994 2504
995 2504
996 2503
997 2504
998 2504
999 2504
1000 2504
1001 2504
1002 2504
1003 2503
1004 2505
1005 2505
1006 2505
1007 2504
1008 2504
1009 2504
1010 2504
1011 2505
1012 2504
1013 2505
1014 2503
1015 2504
1016 2504
1017 2507
1018 2503
1019 2504
1020 2504
1021 2503
1022 2504
1023 2505
1024 2504
1025 2504
1026 2504
1027 2504
1028 2504
1029 2505
1030 2505
1031 2504
1032 2504
1033 2505
1034 2507
1035 2504
1036 2503
1037 2504
1038 2504
1039 2504
1040 2503
1041 2503
1042 2503
1043 2503
1044 2503
1045 2503
1046 2503
1047 2504
1048 2504
1049 2503
1050 2505
1051 2503
1052 2503
1053 2503
1054 2503
1055 2511
1056 2502
1057 2502
1058 2515
1059 2504
1060 2503
1061 2501
1062 2503
1063 2502
1064 2506
1065 2501
1066 2501
1067 2502
1068 2508
1069 2506
1070 2502
1071 2503
1072 2506
1073 2509
1074 2509
1075 2505
1076 2504
1077 2502
1078 2503
1079 2503
1080 2502
1081 2502
1082 2502
1083 2501
1084 2503
1085 2502
1086 2502
1087 2503
1088 2503
1089 2502
1090 2502
1091 2502
1092 2502
1093 2501
1094 2501
1095 2501
1096 2502
1097 2504
1098 2505
1099 2504
1100 2505
1101 2505
1102 2506
1103 2503
1104 2502
1105 2508
1106 2502
1107 2502
1108 2507
1109 2503
1110 2503
1111 2502
1112 2504
1113 2503
1114 2506
1115 2501
1116 2502
1117 2503
1118 2503
1119 2504
1120 2507
1121 2505
1122 2503
1123 2509
1124 2504
1125 2504
1126 2503
1127 2501
1128 2506
1129 2506
1130 2502
1131 2502
1132 2502
1133 2509
1134 2503
1135 2503
1136 2503
1137 2503
1138 2503
1139 2505
1140 2504
1141 2503
1142 2504
1143 2507
1144 2508
1145 2508
1146 2509
1147 2503
1148 2507
1149 2503
1150 2503
1151 2503
1152 2508
1153 2502
1154 2506
1155 2503
1156 2502
1157 2502
1158 2502
1159 2501
1160 2501
1161 2502
1162 2501
1163 2502
1164 2502
1165 2501
1166 2501
1167 2502
1168 2503
1169 2503
1170 2508
1171 2509
1172 2501
1173 2508
1174 2506
1175 2502
1176 2506
1177 2503
1178 2502
1179 2501
1180 2501
1181 2502
1182 2502
1183 2507
1184 2510
1185 2502
1186 2502
1187 2511
1188 2503
1189 2504
1190 2509
1191 2502
1192 2505
1193 2502
1194 2502
1195 2507
1196 2505
1197 2504
1198 2501
1199 2503
1200 2502
1201 2502
1202 2502
1203 2503
1204 2503
1205 2504
1206 2503
1207 2503
1208 2502
1209 2502
1210 2502
1211 2503
1212 2506
1213 2502
1214 2503
1215 2502
1216 2506
1217 2512
1218 2505
1219 2502
1220 2502
1221 2502
1222 2503
1223 2503
1224 2503
1225 2503
1226 2502
1227 2506
1228 2506
1229 2504
1230 2502
1231 2504
1232 2503
1233 2502
1234 2505
1235 2503
1236 2502
1237 2506
1238 2502
1239 2505
1240 2505
1241 2505
1242 2504
1243 2506
1244 2506
1245 2502
1246 2502
1247 2502
1248 2502
1249 2502
1250 2502
1251 2501
1252 2501
1253 2501
1254 2502
1255 2502
1256 2501
1257 2501
1258 2501
1259 2502
1260 2502
1261 2502
1262 2501
1263 2502
1264 2502
1265 2502
1266 2502
1267 2502
1268 2502
1269 2501
1270 2501
1271 2501
1272 2502
1273 2502
1274 2502
1275 2502
1276 2501
1277 2501
1278 2502
1279 2502
1280 2502
1281 2502
1282 2502
1283 2502
1284 2502
1285 2502
1286 2502
1287 2501
1288 2501
1289 2502
1290 2502
1291 2502
1292 2502
1293 2502
1294 2502
1295 2502
1296 2501
1297 2502
1298 2503
1299 2502
1300 2502
1301 2502
1302 2502
1303 2502
1304 2501
1305 2502
1306 2501
1307 2506
1308 2502
1309 2501
1310 2502
1311 2502
1312 2501
1313 2501
1314 2502
1315 2502
1316 2501
1317 2501
1318 2501
1319 2505
1320 2501
1321 2502
1322 2502
1323 2502
1324 2502
1325 2502
1326 2502
1327 2502
1328 2501
1329 2502
1330 2502
1331 2502
1332 2502
1333 2502
1334 2506
1335 2502
1336 2502
1337 2502
1338 2505
1339 2504
1340 2504
1341 2504
1342 2503
1343 2503
1344 2503
1345 2503
1346 2503
1347 2503
1348 2502
1349 2502
1350 2502
1351 2502
1352 2502
1353 2503
1354 2501
1355 2501
1356 2501
1357 2502
1358 2502
1359 2505
1360 2502
1361 2502
1362 2503
1363 2502
1364 2504
1365 2501
1366 2505
1367 2504
1368 2501
1369 2501
1370 2502
1371 2502
1372 2502
1373 2502
1374 2501
1375 2501
1376 2501
1377 2501
1378 2504
1379 2504
1380 2501
1381 2502
1382 2501
1383 2501
1384 2501
1385 2501
1386 2501
1387 2501
1388 2501
1389 2501
1390 2502
1391 2502
1392 2501
1393 2502
1394 2508
1395 2500
1396 2500
1397 2500
1398 2501
1399 2501
1400 2500
1401 2500
1402 2500
1403 2501
1404 2500
1405 2501
1406 2500
1407 2500
1408 2500
1409 2500
1410 2501
1411 2500
1412 2500
1413 2500
1414 2500
1415 2502
1416 2503
1417 2501
1418 2501
1419 2501
1420 2500
1421 2500
1422 2500
1423 2501
1424 2502
1425 2501
1426 2500
1427 2501
1428 2501
1429 2501
1430 2500
1431 2500
1432 2500
1433 2500
1434 2500
1435 2500
1436 2500
1437 2500
1438 2501
1439 2501
1440 2501
1441 2501
1442 2501
1443 2501
1444 2501
1445 2501
1446 2501
1447 2501
1448 2501
1449 2501
1450 2501
1451 2501
1452 2501
1453 2501
1454 2501
1455 2501
1456 2501
1457 2501
1458 2501
1459 2501
1460 2501
1461 2501
1462 2501
1463 2501
1464 2501
1465 2501
1466 2501
1467 2501
1468 2501
1469 2501
1470 2501
1471 2500
1472 2500
1473 2501
1474 2501
1475 2501
1476 2501
1477 2501
1478 2501
1479 2501
1480 2501
1481 2501
1482 2501
1483 2501
1484 2501
1485 2501
1486 2501
1487 2501
1488 2501
1489 2501
1490 2501
1491 2501
1492 2501
1493 2501
1494 2501
1495 2501
1496 2501
1497 2501
1498 2501
1499 2500
1500 2500
1501 2500
1502 2501
1503 2500
1504 2500
1505 2500
1506 2501
1507 2501
1508 2501
1509 2501
1510 2501
1511 2501
1512 2500
1513 2501
1514 2501
1515 2500
1516 2500
1517 2501
1518 2501
1519 2501
1520 2500
1521 2501
1522 2501
1523 2501
1524 2501
1525 2500
1526 2500
1527 2500
1528 2500
1529 2501
1530 2501
1531 2501
1532 2500
1533 2501
1534 2500
1535 2500
1536 2500
1537 2500
1538 2501
1539 2500
1540 2500
1541 2500
1542 2500
1543 2500
1544 2500
1545 2500
1546 2500
1547 2500
1548 2500
1549 2500
1550 2500
1551 2500
1552 2500
1553 2500
1554 2500
1555 2500
1556 2500
1557 2500
1558 2500
1559 2500
1560 2500
1561 2500
1562 2500
1563 2500
1564 2500
1565 2500
1566 2500
1567 2500
1568 2500
1569 2500
1570 2500
1571 2500
1572 2500
1573 2500
1574 2500
1575 2500
1576 2500
1577 2500
1578 2500
1579 2500
1580 2500
1581 2500
1582 2500
1583 2500
1584 2500
1585 2500
1586 2500
1587 2500
1588 2500
1589 2499
1590 2500
1591 2500
1592 2499
1593 2500
1594 2500
1595 2500
1596 2499
1597 2499
1598 2499
1599 2499
1600 2499
1601 2500
1602 2499
1603 2500
1604 2499
1605 2499
1606 2499
1607 2499
1608 2499
1609 2499
1610 2499
1611 2499
1612 2499
1613 2499
1614 2499
1615 2499
1616 2499
1617 2499
1618 2499
1619 2499
1620 2499
1621 2499
1622 2499
1623 2499
1624 2499
1625 2499
1626 2499
1627 2499
1628 2499
1629 2499
1630 2499
1631 2499
1632 2499
1633 2499
1634 2499
1635 2499
1636 2499
1637 2499
1638 2499
1639 2499
1640 2499
1641 2499
1642 2499
1643 2499
1644 2499
1645 2499
1646 2499
1647 2499
1648 2499
1649 2499
1650 2499
1651 2499
1652 2499
1653 2499
1654 2499
1655 2499
1656 2499
1657 2499
1658 2499
1659 2499
1660 2499
1661 2499
1662 2499
1663 2499
1664 2499
1665 2499
1666 2499
1667 2499
1668 2499
1669 2499
1670 2499
1671 2499
1672 2499
1673 2499
1674 2499
1675 2499
1676 2499
1677 2499
1678 2499
1679 2499
1680 2499
1681 2499
1682 2499
1683 2499
1684 2499
1685 2499
1686 2500
1687 2500
1688 2500
1689 2499
1690 2499
1691 2499
1692 2499
1693 2499
1694 2499
1695 2499
1696 2499
1697 2499
1698 2499
1699 2499
1700 2499
1701 2498
1702 2499
1703 2498
1704 2498
1705 2498
1706 2498
1707 2498
1708 2498
1709 2498
1710 2498
1711 2498
1712 2498
1713 2498
1714 2498
1715 2498
1716 2498
1717 2498
1718 2497
1719 2497
1720 2497
1721 2498
1722 2498
1723 2497
1724 2497
1725 2497
1726 2497
1727 2497
1728 2497
1729 2497
1730 2497
1731 2497
1732 2497
1733 2497
1734 2497
1735 2497
1736 2497
1737 2497
1738 2497
1739 2497
1740 2497
1741 2497
1742 2497
1743 2497
1744 2497
1745 2497
1746 2497
1747 2497
1748 2497
1749 2497
1750 2497
1751 2497
1752 2497
1753 2497
1754 2497
1755 2497
1756 2497
1757 2497
1758 2497
1759 2496
1760 2497
1761 2496
1762 2496
1763 2496
1764 2496
1765 2496
1766 2496
1767 2496
1768 2496
1769 2496
1770 2496
1771 2496
1772 2496
1773 2496
1774 2496
1775 2496
1776 2496
1777 2496
1778 2496
1779 2496
1780 2496
1781 2496
1782 2496
1783 2496
1784 2496
1785 2496
1786 2496
1787 2495
1788 2495
1789 2495
1790 2495
1791 2496
1792 2495
1793 2495
1794 2495
1795 2495
1796 2496
1797 2495
1798 2495
1799 2495
1800 2496
1801 2495
1802 2495
1803 2495
1804 2495
1805 2495
1806 2495
1807 2495
1808 2495
1809 2495
1810 2495
1811 2494
1812 2495
1813 2495
1814 2495
1815 2495
1816 2495
1817 2495
1818 2495
1819 2495
1820 2495
1821 2495
1822 2495
1823 2495
1824 2495
1825 2495
1826 2495
1827 2495
1828 2495
1829 2494
1830 2495
1831 2495
1832 2495
1833 2495
1834 2495
1835 2495
1836 2495
1837 2495
1838 2495
1839 2495
1840 2495
1841 2495
1842 2495
1843 2494
1844 2494
1845 2494
1846 2495
1847 2495
1848 2494
1849 2495
1850 2495
1851 2495
1852 2495
1853 2494
1854 2495
1855 2495
1856 2495
1857 2495
1858 2495
1859 2495
1860 2495
1861 2495
1862 2495
1863 2495
1864 2495
1865 2494
1866 2494
1867 2494
1868 2494
1869 2494
1870 2494
1871 2494
1872 2494
1873 2494
1874 2494
1875 2494
1876 2495
1877 2494
1878 2494
1879 2494
1880 2494
1881 2494
1882 2494
1883 2494
1884 2494
1885 2494
1886 2494
1887 2494
1888 2494
1889 2494
1890 2494
1891 2494
1892 2494
1893 2494
1894 2494
1895 2494
1896 2494
1897 2494
1898 2494
1899 2494
1900 2494
1901 2494
1902 2494
1903 2494
1904 2494
1905 2494
1906 2494
1907 2493
1908 2493
1909 2494
1910 2494
1911 2493
1912 2493
1913 2494
1914 2493
1915 2493
1916 2494
1917 2493
1918 2493
1919 2493
1920 2493
1921 2493
1922 2493
1923 2493
1924 2493
1925 2493
1926 2493
1927 2493
1928 2493
1929 2493
1930 2493
1931 2493
1932 2493
1933 2494
1934 2492
1935 2493
1936 2493
1937 2493
1938 2493
1939 2493
1940 2493
1941 2493
1942 2493
1943 2493
1944 2493
1945 2493
1946 2493
1947 2493
1948 2494
1949 2493
1950 2493
1951 2493
1952 2493
1953 2493
1954 2494
1955 2494
1956 2493
1957 2493
1958 2493
1959 2494
1960 2494
1961 2494
1962 2494
1963 2494
1964 2493
1965 2493
1966 2493
1967 2493
1968 2493
1969 2493
1970 2493
1971 2493
1972 2493
1973 2493
1974 2493
1975 2493
1976 2493
1977 2493
1978 2493
1979 2493
1980 2493
1981 2493
1982 2493
1983 2493
1984 2493
1985 2493
1986 2493
1987 2493
1988 2493
1989 2493
1990 2493
1991 2493
1992 2493
1993 2493
1994 2493
1995 2493
1996 2493
1997 2493
1998 2493
1999 2494
2000 2494
2001 2494
2002 2494
2003 2494
2004 2494
2005 2494
2006 2494
2007 2494
2008 2494
2009 2494
2010 2494
2011 2494
2012 2494
2013 2494
2014 2494
2015 2494
2016 2493
2017 2494
2018 2493
2019 2494
2020 2494
2021 2494
2022 2494
2023 2494
2024 2493
2025 2493
2026 2493
2027 2493
2028 2493
2029 2493
2030 2493
2031 2493
2032 2493
2033 2494
2034 2493
2035 2493
2036 2493
2037 2493
2038 2493
2039 2493
2040 2493
2041 2493
2042 2493
2043 2493
2044 2493
2045 2493
2046 2493
2047 2493
2048 2492
2049 2493
2050 2493
2051 2493
2052 2493
2053 2493
2054 2493
2055 2493
2056 2493
2057 2493
2058 2493
2059 2493
2060 2494
2061 2494
2062 2494
2063 2494
2064 2494
2065 2493
2066 2493
2067 2493
2068 2493
2069 2494
2070 2494
2071 2494
2072 2494
2073 2494
2074 2494
2075 2494
2076 2494
2077 2494
2078 2494
2079 2494
2080 2494
2081 2493
2082 2494
2083 2494
2084 2494
2085 2494
2086 2494
2087 2494
2088 2494
2089 2494
2090 2494
2091 2493
2092 2494
2093 2494
2094 2494
2095 2494
2096 2494
2097 2494
2098 2494
2099 2494
2100 2494
2101 2494
2102 2494
2103 2494
2104 2494
2105 2494
2106 2494
2107 2493
2108 2493
2109 2493
2110 2493
2111 2493
2112 2494
2113 2494
2114 2493
2115 2493
2116 2493
2117 2493
2118 2493
2119 2493
2120 2494
2121 2493
2122 2493
2123 2500
2124 2493
2125 2493
2126 2493
2127 2493
2128 2493
2129 2493
2130 2493
2131 2493
2132 2493
2133 2493
2134 2493
2135 2493
2136 2493
2137 2493
2138 2493
2139 2493
2140 2493
2141 2493
2142 2493
2143 2493
2144 2493
2145 2493
2146 2493
2147 2493
2148 2493
2149 2493
2150 2493
2151 2493
2152 2493
2153 2493
2154 2493
2155 2493
2156 2493
2157 2493
2158 2492
2159 2492
2160 2492
2161 2493
2162 2492
2163 2492
2164 2492
2165 2492
2166 2492
2167 2492
2168 2492
2169 2492
2170 2492
2171 2492
2172 2492
2173 2492
2174 2492
2175 2492
2176 2492
2177 2492
2178 2492
2179 2492
2180 2492
2181 2492
2182 2492
2183 2492
2184 2492
2185 2492
2186 2492
2187 2492
2188 2492
2189 2492
2190 2492
2191 2492
2192 2492
2193 2492
2194 2492
2195 2492
2196 2492
2197 2492
2198 2492
2199 2492
2200 2492
2201 2492
2202 2491
2203 2491
2204 2491
2205 2491
2206 2491
2207 2491
2208 2491
2209 2491
2210 2491
2211 2491
2212 2491
2213 2491
2214 2491
2215 2491
2216 2491
2217 2491
2218 2492
2219 2491
2220 2491
2221 2491
2222 2492
2223 2491
2224 2491
2225 2491
2226 2491
2227 2491
2228 2491
2229 2491
2230 2491
2231 2491
2232 2491
2233 2491
2234 2491
2235 2491
2236 2492
2237 2492
2238 2492
2239 2492
2240 2492
2241 2491
2242 2492
2243 2491
2244 2491
2245 2491
2246 2491
2247 2491
2248 2491
2249 2491
2250 2491
2251 2491
2252 2491
2253 2491
2254 2491
2255 2491
2256 2491
2257 2491
2258 2490
2259 2490
2260 2490
2261 2490
2262 2490
2263 2490
2264 2490
2265 2490
2266 2490
2267 2490
2268 2490
2269 2490
2270 2490
2271 2489
2272 2489
2273 2489
2274 2489
2275 2489
2276 2489
2277 2489
2278 2489
2279 2489
2280 2489
2281 2489
2282 2489
2283 2488
2284 2489
2285 2488
2286 2488
2287 2488
2288 2488
2289 2488
2290 2488
2291 2488
2292 2488
2293 2488
2294 2488
2295 2488
2296 2488
2297 2488
2298 2488
2299 2488
2300 2488
2301 2487
2302 2487
2303 2488
2304 2487
2305 2487
2306 2487
2307 2487
2308 2487
2309 2487
2310 2487
2311 2486
2312 2493
2313 2494
2314 2486
2315 2487
2316 2487
2317 2487
2318 2487
2319 2487
2320 2487
2321 2487
2322 2486
2323 2487
2324 2487
2325 2486
2326 2486
2327 2487
2328 2487
2329 2486
2330 2486
2331 2487
2332 2487
2333 2487
2334 2487
2335 2487
2336 2486
2337 2487
2338 2487
2339 2486
2340 2486
2341 2486
2342 2486
2343 2486
2344 2486
2345 2486
2346 2486
2347 2486
2348 2486
2349 2486
2350 2486
2351 2486
2352 2486
2353 2486
2354 2486
2355 2486
2356 2486
2357 2486
2358 2486
2359 2486
2360 2486
2361 2486
2362 2486
2363 2486
2364 2486
2365 2486
2366 2485
2367 2486
2368 2485
2369 2485
2370 2485
2371 2485
2372 2488
2373 2486
2374 2487
2375 2486
2376 2491
2377 2485
2378 2487
2379 2486
2380 2486
2381 2485
2382 2485
2383 2485
2384 2485
2385 2485
2386 2485
2387 2485
2388 2485
2389 2484
2390 2485
2391 2485
2392 2485
2393 2485
2394 2485
2395 2485
2396 2485
2397 2485
2398 2485
2399 2484
2400 2486
2401 2483
2402 2491
2403 2485
2404 2484
2405 2485
2406 2485
2407 2485
2408 2485
2409 2484
2410 2484
2411 2484
2412 2483
2413 2497
2414 2490
2415 2485
2416 2496
2417 2484
2418 2484
2419 2484
2420 2484
2421 2484
2422 2484
2423 2484
2424 2484
2425 2484
2426 2484
2427 2484
2428 2484
2429 2484
2430 2484
2431 2484
2432 2484
2433 2484
2434 2484
2435 2484
2436 2484
2437 2484
2438 2484
2439 2484
2440 2484
2441 2484
2442 2484
2443 2484
2444 2484
2445 2483
2446 2483
2447 2484
2448 2483
2449 2484
2450 2483
2451 2483
2452 2483
2453 2483
2454 2484
2455 2483
2456 2483
2457 2484
2458 2484
2459 2484
2460 2484
2461 2483
2462 2484
2463 2484
2464 2483
2465 2483
2466 2484
2467 2483
2468 2484
2469 2484
2470 2483
2471 2484
2472 2483
2473 2483

1009 2548
1010 2548
1011 2546
1012 2539
1013 2545
1014 2552
1015 2548
1016 2544
1017 2548
1018 2552
1019 2538
1020 2538
1021 2541
1022 2541
1023 2540
1024 2544
1025 2552
1026 2538
1027 2545
1028 2546
1029 2547
1030 2543
1031 2551
1032 2549
1033 2545
1034 2548
1035 2547
1036 2547
1037 2543
1038 2538
1039 2549
1040 2538
1041 2538
1042 2550
1043 2540
1044 2545
1045 2538
1046 2545
1047 2542
1048 2546
1049 2549
1050 2544
1051 2545
1052 2546
1053 2546
1054 2547
1055 2543
1056 2547
1057 2543
1058 2546
1059 2550
1060 2544
1061 2549
1062 2546
1063 2545
1064 2547
1065 2551
1066 2548
1067 2550
1068 2541
1069 2541
1070 2546
1071 2547
1072 2545
1073 2547
1074 2546
1075 2548
1076 2544
1077 2549
1078 2538
1079 2546
1080 2545
1081 2538
1082 2538
1083 2543
1084 2542
1085 2541
1086 2538
1087 2549
1088 2546
1089 2544
1090 2541
1091 2548
1092 2540
1093 2547
1094 2544
1095 2549
1096 2538
1097 2544
1098 2543
1099 2542
1100 2548
1101 2546
1102 2541
1103 2544
1104 2539
1105 2541
1106 2540
1107 2540
1108 2540
1109 2548
1110 2549
1111 2541
1112 2551
1113 2537
1114 2538
1115 2550
1116 2550
1117 2549
1118 2540
1119 2537
1120 2544
1121 2539
1122 2545
1123 2544
1124 2548
1125 2537
1126 2546
1127 2546
1128 2542
1129 2547
1130 2547
1131 2545
1132 2548
1133 2536
1134 2549
1135 2539
1136 2544
1137 2544
1138 2547
1139 2544
1140 2543
1141 2544
1142 2542
1143 2542
1144 2540
1145 2546
1146 2542
1147 2550
1148 2542
1149 2542
1150 2541
1151 2550
1152 2537
1153 2546
1154 2536
1155 2543
1156 2543
1157 2550
1158 2546
1159 2546
1160 2538
1161 2535
1162 2543
1163 2542
1164 2537
1165 2537
1166 2544
1167 2549
1168 2544
1169 2546
1170 2547
1171 2536
1172 2537
1173 2545
1174 2536
1175 2546
1176 2540
1177 2536
1178 2535
1179 2538
1180 2540
1181 2545
1182 2538
1183 2539
1184 2535
1185 2545
1186 2535
1187 2540
1188 2545
1189 2548
1190 2539
1191 2548
1192 2540
1193 2548
1194 2548
1195 2540
1196 2546
1197 2541
1198 2543
1199 2534
1200 2541
1201 2536
1202 2534
1203 2543
1204 2536
1205 2534
1206 2543
1207 2534
1208 2542
1209 2543
1210 2534
1211 2541
1212 2545
1213 2543
1214 2536
1215 2541
1216 2546
1217 2540
1218 2541
1219 2535
1220 2541
1221 2540
1222 2537
1223 2534
1224 2539
1225 2534
1226 2541
1227 2538
1228 2540
1229 2537
1230 2540
1231 2540
1232 2545
1233 2544
1234 2547
1235 2542
1236 2540
1237 2535
1238 2534
1239 2543
1240 2540
1241 2547
1242 2546
1243 2545
1244 2542
1245 2541
1246 2545
1247 2540
1248 2543
1249 2538
1250 2541
1251 2546
1252 2540
1253 2541
1254 2535
1255 2542
1256 2542
1257 2540
1258 2541
1259 2548
1260 2545
1261 2534
1262 2541
1263 2541
1264 2544
1265 2540
1266 2539
1267 2538
1268 2539
1269 2534
1270 2537
1271 2548
1272 2540
1273 2539
1274 2541
1275 2536
1276 2547
1277 2540
1278 2544
1279 2546
1280 2538
1281 2539
1282 2542
1283 2541
1284 2541
1285 2545
1286 2540
1287 2537
1288 2544
1289 2544
1290 2540
1291 2544
1292 2541
1293 2541
1294 2541
1295 2545
1296 2542
1297 2540
1298 2540
1299 2548
1300 2541
1301 2542
1302 2546
1303 2536
1304 2541
1305 2544
1306 2539
1307 2541
1308 2541
1309 2534
1310 2547
1311 2537
1312 2540
1313 2537
1314 2536
1315 2541
1316 2537
1317 2548
1318 2545
1319 2540
1320 2543
1321 2545
1322 2539
1323 2535
1324 2542
1325 2538
1326 2548
1327 2546
1328 2541
1329 2548
1330 2544
1331 2543
1332 2536
1333 2541
1334 2540
1335 2534
1336 2540
1337 2538
1338 2539
1339 2548
1340 2540
1341 2540
1342 2540
1343 2548
1344 2539
1345 2538
1346 2546
1347 2544
1348 2535
1349 2540
1350 2545
1351 2540
1352 2540
1353 2539
1354 2540
1355 2542
1356 2536
1357 2534
1358 2540
1359 2534
1360 2541
1361 2548
1362 2540
1363 2539
1364 2534
1365 2541
1366 2541
1367 2540
1368 2534
1369 2546
1370 2535
1371 2542
1372 2542
1373 2541
1374 2537
1375 2535
1376 2546
1377 2540
1378 2536
1379 2539
1380 2542
1381 2534
1382 2539
1383 2541
1384 2538
1385 2539
1386 2541
1387 2541
1388 2540
1389 2540
1390 2542
1391 2539
1392 2538
1393 2540
1394 2544
1395 2534
1396 2540
1397 2536
1398 2546
1399 2538
1400 2538
1401 2538
1402 2538
1403 2540
1404 2537
1405 2538
1406 2539
1407 2538
1408 2538
1409 2546
1410 2538
1411 2543
1412 2532
1413 2536
1414 2539
1415 2537
1416 2537
1417 2538
1418 2537
1419 2536
1420 2539
1421 2536
1422 2544
1423 2538
1424 2537
1425 2537
1426 2544
1427 2538
1428 2539
1429 2530
1430 2538
1431 2539
1432 2538
1433 2536
1434 2538
1435 2540
1436 2536
1437 2535
1438 2536
1439 2538
1440 2538
1441 2531
1442 2544
1443 2540
1444 2539
1445 2539
1446 2542
1447 2544
1448 2530
1449 2540
1450 2534
1451 2531
1452 2539
1453 2537
1454 2544
1455 2543
1456 2531
1457 2544
1458 2538
1459 2539
1460 2536
1461 2537
1462 2531
1463 2539
1464 2535
1465 2537
1466 2529
1467 2538
1468 2540
1469 2540
1470 2541
1471 2543
1472 2539
1473 2534
1474 2537
1475 2538
1476 2537
1477 2537
1478 2539
1479 2537
1480 2538
1481 2538
1482 2538
1483 2538
1484 2537
1485 2531
1486 2538
1487 2543
1488 2529
1489 2537
1490 2538
1491 2531
1492 2535
1493 2538
1494 2539
1495 2538
1496 2541
1497 2538
1498 2537
1499 2538
1500 2540
1501 2537
1502 2536
1503 2536
1504 2536
1505 2537
1506 2537
1507 2537
1508 2538
1509 2538
1510 2537
1511 2536
1512 2537
1513 2537
1514 2538
1515 2538
1516 2536
1517 2536
1518 2537
1519 2537
1520 2537
1521 2535
1522 2537
1523 2536
1524 2533
1525 2537
1526 2537
1527 2538
1528 2536
1529 2536
1530 2537
1531 2536
1532 2536
1533 2537
1534 2537
1535 2536
1536 2536
1537 2530
1538 2539
1539 2536
1540 2536
1541 2536
1542 2541
1543 2537
1544 2536
1545 2535
1546 2539
1547 2537
1548 2537
1549 2535
1550 2535
1551 2535
1552 2535
1553 2535
1554 2533
1555 2532
1556 2534
1557 2537
1558 2543
1559 2533
1560 2534
1561 2535
1562 2536
1563 2534
1564 2534
1565 2532
1566 2535
1567 2543
1568 2531
1569 2534
1570 2532
1571 2531
1572 2541
1573 2540
1574 2533
1575 2533
1576 2533
1577 2535
1578 2534
1579 2534
1580 2533
1581 2533
1582 2541
1583 2532
1584 2528
1585 2535
1586 2533
1587 2530
1588 2532
1589 2541
1590 2532
1591 2532
1592 2528
1593 2535
1594 2534
1595 2533
1596 2538
1597 2531
1598 2531
1599 2540
1600 2542
1601 2534
1602 2529
1603 2532
1604 2534
1605 2531
1606 2542
1607 2542
1608 2535
1609 2532
1610 2533
1611 2533
1612 2531
1613 2534
1614 2531
1615 2531
1616 2531
1617 2531
1618 2540
1619 2541
1620 2530
1621 2530
1622 2530
1623 2531
1624 2531
1625 2531
1626 2532
1627 2531
1628 2532
1629 2531
1630 2531
1631 2531
1632 2532
1633 2531
1634 2532
1635 2531
1636 2531
1637 2530
1638 2530
1639 2531
1640 2531
1641 2533
1642 2534
1643 2531
1644 2531
1645 2529
1646 2531
1715 2526
1716 2525
1717 2526
1718 2535
1719 2532
1720 2524
1721 2525
1722 2533
1723 2530
1724 2530
1725 2531
1726 2526
1727 2525
1728 2525
1729 2524
1730 2525
1731 2524
1732 2535
1733 2536
1734 2529
1735 2527
1736 2535
1737 2530
1738 2526
1739 2526
1740 2525
1741 2526
1742 2526
1743 2530
1744 2521
1745 2533
1746 2532
1747 2530
1748 2534
1749 2526
1750 2527
1751 2525
1752 2524
1753 2524
1754 2524
1755 2524
1756 2526
1757 2529
1758 2525
1759 2524
1760 2524
1761 2527
1762 2524
1763 2522
1764 2523
1765 2523
1766 2527
1767 2529
1768 2523
1769 2524
1770 2524
1771 2522
1772 2531
1773 2518
1774 2524
1775 2525
1776 2527
1777 2522
1778 2525
1779 2529
1780 2527
1781 2531
1782 2527
1783 2531
1784 2527
1785 2526
1786 2526
1787 2526
1788 2523
1789 2525
1790 2521
1791 2516
1792 2529
1793 2521
1794 2523
1795 2522
1796 2521
1797 2521
1798 2521
1799 2521
1800 2521
1801 2517
1802 2517
1803 2519
1804 2523
1805 2519
1806 2518
1807 2517
1808 2517
1809 2517
1810 2517
1811 2517
1812 2516
1813 2523
1814 2516
1815 2521
1816 2515
1817 2515
1818 2515
1819 2516
1820 2516
1821 2520
1822 2515
1823 2515
1824 2517
1825 2516
1826 2516
1827 2515
1828 2515
1829 2515
1830 2515
1831 2516
1832 2515
1833 2516
1834 2516
1835 2515
1836 2515
1837 2515
1838 2519
1839 2516
1840 2516
1841 2516
1842 2518
1843 2515
1844 2518
1845 2519
1846 2516
1847 2516
1848 2516
1849 2516
1850 2515
1851 2515
1852 2514
1853 2519
1854 2516
1855 2515
1856 2515
1857 2517
1858 2516
1859 2518
1860 2515
1861 2515
1862 2513
1863 2507
1864 2514
1865 2514
1866 2514
1867 2519
1868 2513
1869 2513
1870 2514
1871 2508
1872 2515
1873 2521
1874 2519
1875 2518
1876 2516
1877 2518
1878 2518
1879 2516
1880 2518
1881 2517
1882 2507
1883 2517
1884 2518
1885 2514
1886 2517
1887 2518
1888 2516
1889 2515
1890 2516
1891 2515
1892 2515
1893 2519
1894 2516
1895 2514
1896 2515
1897 2514
1898 2515
1899 2514
1900 2515
1901 2514
1902 2515
1903 2513
1904 2514
1905 2515
1906 2508
1907 2515
1908 2513
1909 2514
1910 2513
1911 2514
1912 2514
1913 2514
1914 2513
1915 2520
1916 2519
1917 2517
1918 2518
1919 2513
1920 2513
1921 2513
1922 2513
1923 2513
1924 2514
1925 2514
1926 2513
1927 2517
1928 2517
1929 2514
1930 2514
1931 2513
1932 2514
1933 2514
1934 2517
1935 2514
1936 2513
1937 2515
1938 2514
1939 2513
1940 2519
1941 2513
1942 2513
1943 2514
1944 2514
1945 2513
1946 2516
1947 2514
1948 2513
1949 2513
1950 2513
1951 2508
1952 2521
1953 2515
1954 2513
1955 2515
1956 2516
1957 2514
1958 2514
1959 2515
1960 2515
1961 2513
1962 2513
1963 2513
1964 2513
1965 2514
1966 2516
1967 2512
1968 2512
1969 2512
1970 2517
1971 2512
1972 2513
1973 2512
1974 2513
1975 2515
1976 2514
1977 2512
1978 2511
1979 2514
1980 2513
1981 2512
1982 2509
1983 2519
1984 2513
1985 2512
1986 2511
1987 2512
1988 2511
1989 2509
1990 2510
1991 2512
1992 2514
1993 2515
1994 2509
1995 2511
1996 2519
1997 2511
1998 2511
1999 2509
2000 2508
2001 2506
2002 2513
2003 2509
2004 2511
2005 2513
2006 2506
2007 2506
2008 2512
2009 2506
2010 2506
2011 2513
2012 2506
2013 2512
2014 2511
2015 2510
2016 2511
2017 2510
2018 2511
2019 2511
2020 2512
2021 2511
2022 2511
2023 2517
2024 2511
2025 2511
2026 2511
2027 2512
2028 2510
2029 2511
2030 2511
2031 2511
2032 2511
2033 2510
2034 2512
2035 2512
2113 2508
2114 2509
2115 9999
2116 2508
2117 9999
2118 9999
2119 2509
2120 2508
2121 2505
2122 9999
2123 9999
2124 2507
2125 2514
2126 2512
2127 2517
2128 2515
2129 2515
2130 2516
2131 2512
2132 2515
2133 2514
2134 2515
2135 2516
2136 2517
2137 2516
2138 2516
2139 2513
2140 2510
2141 2515
2142 2513
2143 2510
2144 2509
2145 2510
2146 2509
2147 2512
2148 2508
2149 2509
2150 2508
2151 2509
2152 2509
2153 2515
2154 2506
2155 2509
2156 2514
2157 2505
2158 2513
2159 2512
2160 2511
2161 2514
2162 2504
2163 2509
2164 2510
2165 2504
2166 9999
2167 2508
2168 2504
2169 2508
2170 9999
2171 2508
2172 9999
2173 9999
2174 9999
2175 9999
2176 9999
2177 2510
2178 9999
2179 9999
2180 2513
2181 2511
2182 2513
2183 2514
2184 2510
2185 2510
2186 2515
2187 2510
2188 2512
2189 2505
2190 2510
2191 9999
2192 2512
2193 2515
2194 9999
2195 2510
2196 9999
2197 2510
2198 2507
2199 2513
2200 2514
2201 2514
2202 2503
2203 2506
2204 2511
2205 2511
2206 2512
2207 2508
2208 2515
2209 2512
2210 2516
2211 2512
2212 2513
2213 2515
2214 2511
2215 2511
2216 2512
2217 2512
2218 2505
2219 2511
2220 2512
2221 2511
2222 2511
2223 2508
2224 2513
2225 2512
2226 2512
2227 2512
2228 2512
2229 2513
2230 2513
2231 2505
2232 2519
2233 2505
2234 2517
2235 2517
2236 2505
2237 2506
2238 2513
2239 2512
2240 2513
2241 2513
2242 2506
2243 2506
2244 2513
2245 2514
2246 2519
2247 2519
2248 2507
2249 2513
2250 2506
2251 2506
2252 2506
2253 2508
2254 2513
2255 2514
2256 2514
2257 2509
2258 2518
2259 2521
2260 2514
2261 2515
2262 2512
2263 2516
2264 2517
2265 2512

