809 2508
810 2507
811 2508
812 2519
813 2507
814 2507
815 2508
816 2511
817 2509
818 2507
819 2507
820 2507
821 2511
822 2510
823 2509
824 2511
825 2512
826 2507
827 2507
828 2508
829 2511
830 2507
831 2510
832 2507
833 2507
834 2506
835 2504
836 2505
837 2506
838 2508
839 2507
840 2507
841 2508
842 2509
843 2511
844 2512
845 2513
846 2517
847 2518
848 2513
849 2508
850 2509
851 2504
852 2504
853 2505
854 2507
855 2505
856 2506
857 2509
858 2508
859 2507
860 2507
861 2506
862 2507
863 2507
864 2510
865 2507
866 2511
867 2511
868 2507
869 2507
870 2510
871 2513
872 2508
873 2506
874 2508
875 2508
876 2506
877 2507
878 2507
879 2507
880 2506
881 2510
882 2508
883 2506
884 2506
885 2507
886 2507
887 2507
888 2507
889 2508
890 2508
891 2508
892 2509
893 2507
894 2508
895 2507
896 2507
897 2506
898 2510
899 2506
900 2507
901 2507
902 2516
903 2518
904 2509
905 2507
906 2506
907 2505
908 2506
909 2505
910 2504
911 2514
912 2511
913 2505
914 2505
915 2513
916 2514
917 2506
918 2515
919 2506
920 2513
921 2511
922 2512
923 2508
924 2507
925 2508
926 2514
927 2510
928 2512
929 2515
930 2510
931 2508
932 2514
933 2509
934 2509
935 2512
936 2511
937 2512
938 2510
939 2514
940 2508
941 2512
942 2510
943 2508
944 2507
945 2507
946 2512
947 2509
948 2511
949 2506
950 2506
951 2507
952 2512
953 2514
954 2505
955 2506
956 2505
957 2505
958 2505
959 2505
960 2504
961 2506
962 2505
963 2506
964 2508
965 2508
966 2505
967 2505
968 2508
969 2509
970 2508
971 2505
972 2505
973 2504
974 2503
975 2502
976 2503
977 2502
978 2502
979 2511
980 2503
981 2508
982 2514
983 2515
984 2510
985 2502
986 2503
987 2502
988 2502
989 2515
990 2507
991 2504
992 2505
993 2503
994 2505
995 2502
996 2502
997 2511
998 2504
999 2505
1000 2505
1001 2505
1002 2506
1003 2508
1004 2509
1005 2504
1006 2505
1007 2506
1008 2505
1009 2505
1010 2506
1011 2506
1012 2505
1013 2511
1014 2504
1015 2512
1016 2507
1017 2504
1018 2504
1019 2505
1020 2505
1021 2505
1022 2506
1023 2507
1024 2511
1025 2506
1026 2506
1027 2505
1028 2505
1029 2505
1030 2504
1031 2504
1032 2503
1033 2506
1034 2504
1035 2505
1036 2507
1037 2506
1038 2506
1039 2509
1040 2504
1041 2504
1042 2505
1043 2503
1044 2503
1045 2511
1046 2504
1047 2504
1048 2505
1049 2508
1050 2506
1051 2504
1052 2508
1053 2508
1054 2509
1055 2504
1056 2507
1057 2507
1058 2502
1059 2504
1060 2503
1061 2504
1062 2504
1063 2507
1064 2505
1065 2507
1066 2504
1067 2509
1068 2504
1069 2507
1070 2504
1071 2504
1072 2504
1073 2502
1074 2506
1075 2504
1076 2503
1077 2504
1078 2503
1079 2503
1080 2503
1081 2503
1082 2502
1083 2507
1084 2503
1085 2503
1086 2503
1087 2503
1088 2503
1089 2503
1090 2503
1091 2503
1092 2503
1093 2503
1094 2503
1095 2503
1096 2503
1097 2502
1098 2503
1099 2502
1100 2503
1101 2502
1102 2503
1103 2503
1104 2502
1105 2502
1106 2502
1107 2503
1108 2503
1109 2502
1110 2506
1111 2502
1112 2506
1113 2504
1114 2502
1115 2506
1116 2504
1117 2502
1118 2504
1119 2503
1120 2506
1121 2503
1122 2503
1123 2503
1124 2504
1125 2502
1126 2502
1127 2503
1128 2503
1129 2503
1130 2503
1131 2503
1132 2503
1133 2504
1134 2503
1135 2503
1136 2504
1137 2505
1138 2504
1139 2502
1140 2502
1141 2503
1142 2503
1143 2502
1144 2503
1145 2504
1146 2502
1147 2508
1148 2503
1149 2504
1150 2505
1151 2502
1152 2501
1153 2501
1154 2505
1155 2500
1156 2500
1157 2501
1158 2501
1159 2501
1160 2502
1161 2502
1162 2501
1163 2502
1164 2502
1165 2502
1166 2502
1167 2502
1168 2500
1169 2502
1170 2501
1171 2504
1172 2501
1173 2501
1174 2508
1175 2500
1176 2501
1177 2500
1178 2500
1179 2500
1180 2499
1181 2500
1182 2503
1183 2500
1184 2500
1185 2500
1186 2500
1187 2500
1188 2500
1189 2500
1190 2500
1191 2500
1192 2500
1193 2500
1194 2499
1195 2498
1196 2501
1197 2499
1198 2499
1199 2500
1200 2500
1201 2500
1202 2499
1203 2500
1204 2500
1205 2499
1206 2500
1207 2500
1208 2500
1209 2499
1210 2499
1211 2499
1212 2499
1213 2499
1214 2500
1215 2502
1216 2503
1217 2501
1218 2498
1219 2498
1220 2498
1221 2499
1222 2501
1223 2500
1224 2499
1225 2499
1226 2500
1227 2499
1228 2503
1229 2498
1230 2499
1231 2499
1232 2499
1233 2499
1234 2499
1235 2503
1236 2499
1237 2499
1238 2498
1239 2499
1240 2499
1241 2499
1242 2499
1243 2499
1244 2499
1245 2499
1246 2499
1247 2499
1248 2499
1249 2499
1250 2499
1251 2499
1252 2499
1253 2499
1254 2499
1255 2500
1256 2499
1257 2499
1258 2499
1259 2499
1260 2499
1261 2499
1262 2503
1263 2499
1264 2499
1265 2499
1266 2499
1267 2499
1268 2499
1269 2499
1270 2499
1271 2499
1272 2500
1273 2499
1274 2499
1275 2499
1276 2499
1277 2499
1278 2499
1279 2499
1280 2499
1281 2499
1282 2499
1283 2499
1284 2499
1285 2499
1286 2499
1287 2499
1288 2499
1289 2499
1290 2499
1291 2499
1292 2499
1293 2500
1294 2499
1295 2499
1296 2499
1297 2500
1298 2499
1299 2499
1300 2499
1301 2499
1302 2499
1303 2499
1304 2499
1305 2499
1306 2499
1307 2499
1308 2499
1309 2499
1310 2499
1311 2499
1312 2499
1313 2499
1314 2499
1315 2499
1316 2499
1317 2499
1318 2499
1319 2499
1320 2499
1321 2499
1322 2499
1323 2499
1324 2499
1325 2499
1326 2499
1327 2499
1328 2500
1329 2500
1330 2499
1331 2499
1332 2499
1333 2500
1334 2499
1335 2499
1336 2499
1337 2499
1338 2499
1339 2499
1340 2500
1341 2499
1342 2499
1343 2499
1344 2499
1345 2499
1346 2500
1347 2499
1348 2499
1349 2499
1350 2499
1351 2499
1352 2499
1353 2499
1354 2500
1355 2500
1356 2499
1357 2499
1358 2499
1359 2500
1360 2500
1361 2500
1362 2500
1363 2500
1364 2500
1365 2500
1366 2500
1367 2500
1368 2500
1369 2500
1370 2500
1371 2500
1372 2500
1373 2499
1374 2500
1375 2500
1376 2500
1377 2500
1378 2500
1379 2500
1380 2500
1381 2499
1382 2499
1383 2500
1384 2500
1385 2500
1386 2500
1387 2500
1388 2500
1389 2500
1390 2499
1391 2500
1392 2499
1393 2500
1394 2500
1395 2500
1396 2500
1397 2500
1398 2500
1399 2500
1400 2500
1401 2500
1402 2500
1403 2500
1404 2500
1405 2500
1406 2500
1407 2500
1408 2500
1409 2500
1410 2500
1411 2500
1412 2500
1413 2500
1414 2500
1415 2500
1416 2500
1417 2499
1418 2501
1419 2501
1420 2500
1421 2500
1422 2500
1423 2500
1424 2499
1425 2499
1426 2513
1427 2499
1428 2500
1429 2500
1430 2499
1431 2499
1432 2500
1433 2499
1434 2499
1435 2500
1436 2500
1437 2500
1438 2500
1439 2500
1440 2500
1441 2500
1442 2500
1443 2500
1444 2500
1445 2500
1446 2500
1447 2500
1448 2500
1449 2500
1450 2500
1451 2500
1452 2500
1453 2500
1454 2500
1455 2500
1456 2500
1457 2500
1458 2500
1459 2500
1460 2500
1461 2500
1462 2500
1463 2500
1464 2500
1465 2500
1466 2500
1467 2500
1468 2500
1469 2500
1470 2500
1471 2500
1472 2500
1473 2500
1474 2500
1475 2500
1476 2500
1477 2500
1478 2500
1479 2500
1480 2500
1481 2500
1482 2500
1483 2501
1484 2501
1485 2500
1486 2500
1487 2500
1488 2500
1489 2500
1490 2500
1491 2500
1492 2500
1493 2500
1494 2500
1495 2501
1496 2501
1497 2501
1498 2501
1499 2501
1500 2501
1501 2501
1502 2501
1503 2501
1504 2501
1505 2501
1506 2501
1507 2501
1508 2501
1509 2501
1510 2501
1511 2501
1512 2501
1513 2501
1514 2500
1515 2501
1516 2500
1517 2500
1518 2500
1519 2500
1520 2500
1521 2500
1522 2500
1523 2500
1524 2500
1525 2500
1526 2500
1527 2500
1528 2500
1529 2500
1530 2500
1531 2500
1532 2500
1533 2500
1534 2500
1535 2500
1536 2500
1537 2500
1538 2500
1539 2500
1540 2504
1541 2500
1542 2500
1543 2500
1544 2500
1545 2500
1546 2500
1547 2501
1548 2501
1549 2501
1550 2501
1551 2500
1552 2500
1553 2501
1554 2501
1555 2501
1556 2500
1557 2501
1558 2501
1559 2504
1560 2500
1561 2501
1562 2501
1563 2501
1564 2501
1565 2501
1566 2501
1567 2500
1568 2500
1569 2500
1570 2500
1571 2501
1572 2501
1573 2501
1574 2500
1575 2501
1576 2501
1577 2500
1578 2500
1579 2500
1580 2501
1581 2500
1582 2500
1583 2500
1584 2504
1585 2500
1586 2500
1587 2503
1588 2504
1589 2500
1590 2500
1591 2501
1592 2501
1593 2500
1594 2500
1595 2501
1596 2501
1597 2500
1598 2500
1599 2501
1600 2501
1601 2500
1602 2501
1603 2501
1604 2500
1605 2501
1606 2501
1607 2500
1608 2500
1609 2501
1610 2500
1611 2500
1612 2500
1613 2500
1614 2500
1615 2500
1616 2500
1617 2500
1618 2499
1619 2499
1620 2500
1621 2499
1622 2499
1623 2499
1624 2499
1625 2499
1626 2499
1627 2499
1628 2499
1629 2499
1630 2500
1631 2500
1632 2499
1633 2499
1634 2500
1635 2500
1636 2500
1637 2499
1638 2499
1639 2499
1640 2499
1641 2499
1642 2500
1643 2500
1644 2500
1645 2499
1646 2499
1647 2499
1648 2499
1649 2499
1650 2499
1651 2499
1652 2499
1653 2499
1654 2499
1655 2499
1656 2499
1657 2499
1658 2499
1659 2499
1660 2499
1661 2499
1662 2499
1663 2499
1664 2499
1665 2499
1666 2499
1667 2499
1668 2499
1669 2499
1670 2499
1671 2499
1672 2499
1673 2499
1674 2499
1675 2499
1676 2499
1677 2499
1678 2499
1679 2499
1680 2499
1681 2499
1682 2499
1683 2499
1684 2500
1685 2500
1686 2499
1687 2499
1688 2499
1689 2500
1690 2499
1691 2500
1692 2499
1693 2500
1694 2499
1695 2499
1696 2500
1697 2500
1698 2500
1699 2499
1700 2500
1701 2499
1702 2499
1703 2499
1704 2500
1705 2499
1706 2499
1707 2499
1708 2499
1709 2499
1710 2499
1711 2499
1712 2499
1713 2499
1714 2499
1715 2499
1716 2500
1717 2499
1718 2499
1719 2500
1720 2500
1721 2500
1722 2499
1723 2499
1724 2499
1725 2499
1726 2499
1727 2499
1728 2500
1729 2499
1730 2500
1731 2500
1732 2500
1733 2500
1734 2500
1735 2499
1736 2500
1737 2500
1738 2500
1739 2500
1740 2500
1741 2500
1742 2500
1743 2500
1744 2500
1745 2500
1746 2500
1747 2500
1748 2500
1749 2500
1750 2500
1751 2500
1752 2500
1753 2500
1754 2500
1755 2500
1756 2500
1757 2500
1758 2500
1759 2500
1760 2500
1761 2499
1762 2500
1763 2499
1764 2499
1765 2499
1766 2499
1767 2500
1768 2499
1769 2499
1770 2499
1771 2499
1772 2499
1773 2499
1774 2499
1775 2499
1776 2499
1777 2499
1778 2499
1779 2499
1780 2500
1781 2500
1782 2499
1783 2499
1784 2499
1785 2499
1786 2499
1787 2499
1788 2499
1789 2499
1790 2499
1791 2499
1792 2500
1793 2499
1794 2499
1795 2499
1796 2499
1797 2499
1798 2499
1799 2499
1800 2499
1801 2499
1802 2499
1803 2499
1804 2499
1805 2499
1806 2499
1807 2499
1808 2499
1809 2499
1810 2499
1811 2499
1812 2499
1813 2499
1814 2499
1815 2499
1816 2499
1817 2499
1818 2499
1819 2499
1820 2499
1821 2499
1822 2499
1823 2499
1824 2499
1825 2499
1826 2499
1827 2499
1828 2499
1829 2499
1830 2499
1831 2499
1832 2499
1833 2499
1834 2499
1835 2499
1836 2499
1837 2498
1838 2499
1839 2499
1840 2499
1841 2499
1842 2499
1843 2499
1844 2499
1845 2499
1846 2499
1847 2499
1848 2499
1849 2499
1850 2499
1851 2499
1852 2499
1853 2499
1854 2499
1855 2499
1856 2499
1857 2499
1858 2499
1859 2499
1860 2499
1861 2499
1862 2499
1863 2499
1864 2499
1865 2499
1866 2499
1867 2499
1868 2499
1869 2499
1870 2499
1871 2499
1872 2499
1873 2499
1874 2499
1875 2499
1876 2499
1877 2499
1878 2499
1879 2499
1880 2499
1881 2498
1882 2499
1883 2499
1884 2499
1885 2499
1886 2499
1887 2499
1888 2499
1889 2498
1890 2499
1891 2499
1892 2499
1893 2499
1894 2499
1895 2499
1896 2499
1897 2499
1898 2499
1899 2499
1900 2499
1901 2499
1902 2499
1903 2499
1904 2499
1905 2499
1906 2499
1907 2499
1908 2499
1909 2499
1910 2499
1911 2498
1912 2498
1913 2499
1914 2499
1915 2499
1916 2499
1917 2499
1918 2499
1919 2499
1920 2499
1921 2499
1922 2499
1923 2499
1924 2499
1925 2499
1926 2499
1927 2499
1928 2498
1929 2498
1930 2498
1931 2498
1932 2498
1933 2498
1934 2498
1935 2499
1936 2499
1937 2498
1938 2498
1939 2498
1940 2499
1941 2499
1942 2499
1943 2498
1944 2498
1945 2499
1946 2498
1947 2498
1948 2498
1949 2498
1950 2498
1951 2498
1952 2498
1953 2498
1954 2498
1955 2498
1956 2498
1957 2498
1958 2498
1959 2498
1960 2498
1961 2498
1962 2498
1963 2498
1964 2498
1965 2498
1966 2498
1967 2498
1968 2498
1969 2498
1970 2498
1971 2498
1972 2498
1973 2498
1974 2498
1975 2498
1976 2499
1977 2498
1978 2498
1979 2498
1980 2498
1981 2498
1982 2498
1983 2498
1984 2498
1985 2498
1986 2498
1987 2498
1988 2498
1989 2498
1990 2497
1991 2497
1992 2498
1993 2498
1994 2498
1995 2498
1996 2498
1997 2497
1998 2498
1999 2498
2000 2498
2001 2498
2002 2498
2003 2498
2004 2498
2005 2498
2006 2498
2007 2498
2008 2498
2009 2498
2010 2498
2011 2498
2012 2498
2013 2497
2014 2497
2015 2497
2016 2497
2017 2497
2018 2498
2019 2498
2020 2498
2021 2497
2022 2497
2023 2498
2024 2498
2025 2497
2026 2498
2027 2497
2028 2498
2029 2498
2030 2497
2031 2497
2032 2498
2033 2498
2034 2497
2035 2497
2036 2498
2037 2498
2038 2497
2039 2497
2040 2497
2041 2497
2042 2497
2043 2497
2044 2497
2045 2497
2046 2497
2047 2497
2048 2497
2049 2497
2050 2497
2051 2497
2052 2497
2053 2497
2054 2497
2055 2497
2056 2497
2057 2497
2058 2497
2059 2497
2060 2497
2061 2497
2062 2497
2063 2497
2064 2497
2065 2497
2066 2497
2067 2497
2068 2497
2069 2496
2070 2497
2071 2497
2072 2496
2073 2496
2074 2496
2075 2496
2076 2496
2077 2496
2078 2496
2079 2496
2080 2496
2081 2497
2082 2497
2083 2497
2084 2497
2085 2497
2086 2499
2087 2496
2088 2497
2089 2497
2090 2497
2091 2497
2092 2497
2093 2497
2094 2497
2095 2496
2096 2496
2097 2496
2098 2496
2099 2496
2100 2496
2101 2496
2102 2496
2103 2496
2104 2496
2105 2496
2106 2496
2107 2498
2108 2497
2109 2497
2110 2497
2111 2497
2112 2496
2113 2496
2114 2496
2115 2496
2116 2495
2117 2497
2118 2497
2119 2496
2120 2495
2121 2495
2122 2495
2123 2495
2124 2495
2125 2495
2126 2495
2127 2495
2128 2495
2129 2495
2130 2498
2131 2494
2132 2494
2133 2494
2134 2494
2135 2495
2136 2495
2137 2494
2138 2494
2139 2494
2140 2494
2141 2494
2142 2494
2143 2494
2144 2494
2145 2494
2146 2494
2147 2494
2148 2494
2149 2494
2150 2494
2151 2494
2152 2494
2153 2494
2154 2494
2155 2494
2156 2494
2157 2494
2158 2494
2159 2494
2160 2494
2161 2494
2162 2493
2163 2493
2164 2494
2165 2493
2166 2493
2167 2493
2168 2493
2169 2493
2170 2493
2171 2493
2172 2493
2173 2493
2174 2493
2175 2493
2176 2493
2177 2493
2178 2493
2179 2493
2180 2493
2181 2493
2182 2493
2183 2493
2184 2492
2185 2493
2186 2496
2187 2492
2188 2492
2189 2492
2190 2493
2191 2492
2192 2496
2193 2492
2194 2492
2195 2492
2196 2492
2197 2492
2198 2492
2199 2492
2200 2492
2201 2492
2202 2492
2203 2492
2204 2492
2205 2492
2206 2492
2207 2491
2208 2492
2209 2492
2210 2492
2211 2492
2212 2492
2213 2492
2214 2492
2215 2492
2216 2492
2217 2492
2218 2492
2219 2492
2220 2492
2221 2492
2222 2492
2223 2492
2224 2492
2225 2492
2226 2492
2227 2492
2228 2492
2229 2492
2230 2492
2231 2492
2232 2492
2233 2492
2234 2492
2235 2492
2236 2492
2237 2492
2238 2492
2239 2492
2240 2492
2241 2492
2242 2491
2243 2491
2244 2491
2245 2491
2246 2491
2247 2491
2248 2491
2249 2491
2250 2491
2251 2491
2252 2492
2253 2491
2254 2491
2255 2491
2256 2492
2257 2491
2258 2491
2259 2491
2260 2492
2261 2492
2262 2491
2263 2491
2264 2491
2265 2491
2266 2491
2267 2491
2268 2491
2269 2492
2270 2491
2271 2491
2272 2492
2273 2492
2274 2492
2275 2492
2276 2492
2277 2492
2278 2492
2279 2492
2280 2492
2281 2493
2282 2491
2283 2491
2284 2495
2285 2491
2286 2491
2287 2491
2288 2491
2289 2491
2290 2491
2291 2491
2292 2491
2293 2491
2294 2491
2295 2490
2296 2492
2297 2491
2298 2490
2299 2491
2300 2493
2301 2493
2302 2491
2303 2491
2304 2491
2305 2491
2306 2491
2307 2491
2308 2491
2309 2491
2310 2491
2311 2491
2312 2491
2313 2491
2314 2491
2315 2491
2316 2491
2317 2491
2318 2491
2319 2491
2320 2491
2321 2491
2322 2491
2323 2491
2324 2491
2325 2491
2326 2491
2327 2491
2328 2490
2329 2490
2330 2490
2331 2490
2332 2490
2333 2490
2334 2490
2335 2490
2336 2490
2337 2490
2338 2490
2339 2490
2340 2489
2341 2489
2342 2490
2343 2490
2344 2491
2345 2490
2346 2490
2347 2490
2348 2490
2349 2490
2350 2490
2351 2490
2352 2490
2353 2490
2354 2490
2355 2490
2356 2489
2357 2490
2358 2490
2359 2490
2360 2489
2361 2489
2362 2490
2363 2490
2364 2490
2365 2490
2366 2489
2367 2489
2368 2489
2369 2490
2370 2489
2371 2489
2372 2489
2373 2489
2374 2489
2375 2489
2376 2489
2377 2489
2378 2489
2379 2488
2380 2488
2381 2488
2382 2488
2383 2488
2384 2488
2385 2488
2386 2488
2387 2488
2388 2489
2389 2488
2390 2488
2391 2488
2392 2488
2393 2488
2394 2488
2395 2488
2396 2488
2397 2488
2398 2488
2399 2488
2400 2488
2401 2488
2402 2487
2403 2487
2404 2487
2405 2487
2406 2487
2407 2487
2408 2487
2409 2487
2410 2487
2411 2487
2412 2486
2413 2486
2414 2487
2415 2486
2416 2487
2417 2487
2418 2487
2419 2487
2420 2486
2421 2486
2422 2486
2423 2486
2424 2486
2425 2486
2426 2486
2427 2486
2428 2486
2429 2486
2430 2486
2431 2487
2432 2486
2433 2486
2434 2486
2435 2486
2436 2486
2437 2486
2438 2486
2439 2486
2440 2486
2441 2486
2442 2485
2443 2486
2444 2486
2445 2486
2446 2486
2447 2485
2448 2485
2449 2485
2450 2485
2451 2485
2452 2485
2453 2485
2454 2484
2455 2484
2456 2484
2457 2484
2458 2484
2459 2484
2460 2484
2461 2483
2462 2483
2463 2483
2464 2483
2465 2484
2466 2484
2467 2484
2468 2483
2469 2484
2470 2483
2471 2483
2472 2483
2473 2483
2474 2483
2475 2483
2476 2483
2477 2483
2478 2483
2479 2483
2480 2483
2481 2483
2482 2483
2483 2483
2484 2483
2485 2483
2486 2483
2487 2483
2488 2483
2489 2482
2490 2482
2491 2481
2492 2482
2493 2480
2494 2480
2495 2481
2496 2480
2497 2481
2498 2480
2499 2481
2500 2481
2501 2481
2502 2481
2503 2481
2504 2481
2505 2481
2506 2480
2507 2481
2508 2481
2509 2481
2510 2482
2511 2484
2512 2479
2513 2479
2514 2479
2515 2479
2516 2483
2517 2480
2518 2479
2519 2479
2520 2479
2521 2479
2522 2479
2523 2487
2524 2479
2525 2479
2526 2479
2527 2479
2528 2478
2529 2478
2530 2479
2531 2478
2532 2478
2533 2479
2534 2478
2535 2482
2536 2478
2537 2479
2538 2479
2539 2479
2540 2478
2541 2479
2542 2478
2543 2478
2544 2478
2545 2478
2546 2479
2547 2478
2548 2478
2549 2478
2550 2478
2551 2478
2552 2478
2553 2484
2554 2478
2555 2478
2556 2478
2557 2478
2558 2478
2559 2478
2560 2478
2561 2478
2562 2478
2563 2478
2564 2477
2565 2477
2566 2482
2567 2478
2568 2478
2569 2478
2570 2478
2571 2478
2572 2478
2573 2478
2574 2478
2575 2478
2576 2477
2577 2478
2578 2482
2579 2481
2580 2478
2581 2478
2582 2482
2583 2479
2584 2478
2585 2479
2586 2478
2587 2478
2588 2478
2589 2478
2590 2479
2591 2479
2592 2478
2593 2478
2594 2478
2595 2478
2596 2478
2597 2478
2598 2477
2599 2478
2600 2478
2601 2478
2602 2478
2603 2478
2604 2478
2605 2478
2606 2479
2607 2479
2608 2479
2609 2479
2610 2479
2611 2479
2612 2479
2613 2478
2614 2478
2615 2479
2616 2479
2617 2479
2618 2478
2619 2479
2620 2479
2621 2479
2622 2478
2623 2479
2624 2478
2625 2478
2626 2478
2627 2479
2628 2478
2629 2478
2630 2478
2631 2478
2632 2478
2633 2478
2634 2478
2635 2477
2636 2478
2637 2477
2638 2477
2639 2477
2640 2478
2641 2477
2642 2477
2643 2477
2644 2477
2645 2477
2646 2477
2647 2478
2648 2480
2649 2484
2650 2474
2651 2474
2652 2475
2653 2475
2654 2477
2655 2475
2656 2479
2657 2476
2658 2479
2659 2478
2660 2478
2661 2477
2662 2477
2663 2477
2664 2478
2665 2477
2666 2477
2667 2478
2668 2478
2669 2478
2670 2478
2671 2478
2672 2478
2673 2477
2674 2478
2675 2478
2676 2477
2677 2477
2678 2477
2679 2478
2680 2478
2681 2477
2682 2478
2683 2478
2684 2478
2685 2478
2686 2478
2687 2477
2688 2477
2689 2480
2690 2477
2691 2478
2692 2478
2693 2478
2694 2477
2695 2477
2696 2477
2697 2477
2698 2477
2699 2478
2700 2477
2701 2477
2702 2478
2703 2478
2704 2477
2705 2478
2706 2478
2707 2478
2708 2477
2709 2477
2710 2477
2711 2477
2712 2477
2713 2477
2714 2478
2715 2478
2716 2477
2717 2477
2718 2477
2719 2477
2720 2477
2721 2477
2722 2476
2723 2476
2724 2476
2725 2476
2726 2476
2727 2476
2728 2476
2729 2476
2730 2476
2731 2476
2732 2476
2733 2475
2734 2474
2735 2474
2736 2474
2737 2474
2738 2474
2739 2474
2740 2474
2741 2474
2742 2474
2743 2474
2744 2474
2745 2474
2746 2474
2747 2474
2748 2473
2749 2473
2750 2473
2751 2473
2752 2473
2753 2473
2754 2473
2755 2473
2756 2473
2757 2473
2758 2473
2759 2473
2760 2473
2761 2473
2762 2473
2763 2473
2764 2473
2765 2473
2766 2473
2767 2473
2768 2473
2769 2473
2770 2473
2771 2473
2772 2473
2773 2473
2774 2473
2775 2473
2776 2473
2777 2473
2778 2473
2779 2473
2780 2473
2781 2473
2782 2473
2783 2474
2784 2473
2785 2473
2786 2474
2787 2473
2788 2473
2789 2473
2790 2473
2791 2473
2792 2473
2793 2473
2794 2473
2795 2474
2796 2475
2797 2476
2798 2466
2799 2465
2800 2466
2801 2473
2802 2473
2803 2473
2804 2473
2805 2473
2806 2473
2807 2473
2808 2473
2809 2473
2810 2473
2811 2473
2812 2473
2813 2473
2814 2473
2815 2473
2816 2474
2817 2473
2818 2473
2819 2473
2820 2473
2821 2473
2822 2473
2823 2473
2824 2473
2825 2473
2826 2473
2827 2474
2828 2474
2829 2474
2830 2475
2831 2475
2832 2475
2833 2476
2834 2472
2835 2477
2836 2477
2837 2477
2838 2478
2839 2479
2840 2480
2841 2481
2842 2477
2843 2478
2844 2477
2845 2478
2846 2478
2847 2480
2848 2475
2849 2478
2850 2477
2851 2481
2852 2481
2853 2481
2854 2481
2855 2481
2856 2481
2857 2468
2858 2469
2859 2470
2860 2471
2861 2482
2862 2480
2863 2480
2864 2475
2865 2483
2866 2483
2867 2492
2868 2487
2869 2493
2870 2492
2871 2487
2872 2492
2873 2494
2874 2500
2875 2503
2876 2505
2877 2505
2878 2505
2879 2502
2880 2504
2881 2504
2882 2505
2883 2498
2884 2497
2885 2494
2886 2493
2887 2491
2888 2489
2889 2491
2890 2489
2891 2491
2892 2493
2893 2491
2894 2489
2895 2493
2896 2488
2897 2485
2898 2480
2899 2492
2900 2480
2901 2481
2902 2493
2903 2479
2904 2497
2905 2481
2906 2487
2907 2494
2908 2491
2909 2491
2910 2474
2911 2494
2912 2493
2913 2473
2914 2488
2915 2492
2916 2474
2917 2476
2918 2473
2919 2474
2920 2475
2921 2478
2922 2475
2923 2474
2924 2474
2925 2474
2926 2474
2927 2476
2928 2473
2929 2473
2930 2473
2931 2473
2932 2473
2933 2472
2934 2476
2935 2470
2936 2471
2937 2470
2938 2470
2939 2470
2940 2469
2941 2473

1028 2542
1029 2540
1030 2537
1031 2541
1032 2539
1033 2544
1034 2542
1035 2539
1036 2539
1037 2536
1038 2541
1039 2540
1040 2548
1041 2536
1042 2550
1043 2543
1044 2546
1045 2544
1046 2537
1047 2537
1048 2541
1049 2546
1050 2538
1051 2542
1052 2546
1053 2541
1054 2542
1055 2544
1056 2545
1057 2543
1058 2535
1059 2539
1060 2539
1061 2535
1062 2540
1063 2539
1064 2535
1065 2542
1066 2538
1067 2540
1068 2537
1069 2537
1070 2537
1071 2539
1072 2539
1073 2539
1074 2535
1075 2534
1076 2535
1077 2538
1078 2541
1079 2546
1080 2542
1081 2548
1082 2537
1083 2539
1084 2537
1085 2548
1086 2535
1087 2544
1088 2537
1089 2534
1090 2542
1091 2536
1092 2534
1093 2536
1094 2537
1095 2535
1096 2542
1097 2538
1098 2533
1099 2547
1100 2538
1101 2535
1102 2536
1103 2536
1104 2536
1105 2536
1106 2533
1107 2535
1108 2533
1109 2536
1110 2535
1111 2537
1112 2540
1113 2539
1114 2536
1115 2543
1116 2536
1117 2541
1118 2538
1119 2540
1120 2536
1121 2534
1122 2535
1123 2545
1124 2531
1125 2539
1126 2536
1127 2537
1128 2541
1129 2538
1130 2533
1131 2530
1132 2538
1133 2539
1134 2532
1135 2537
1136 2536
1137 2536
1138 2539
1139 2540
1140 2544
1141 2536
1142 2535
1143 2542
1144 2538
1145 2538
1146 2541
1147 2531
1148 2532
1149 2537
1150 2530
1151 2534
1152 2537
1153 2535
1154 2534
1155 2530
1156 2530
1157 2529
1158 2533
1159 2538
1160 2537
1161 2532
1162 2536
1163 2528
1164 2532
1165 2542
1166 2536
1167 2534
1168 2536
1169 2535
1170 2534
1171 2540
1172 2533
1173 2528
1174 2528
1175 2542
1176 2538
1177 2531
1178 2528
1179 2537
1180 2536
1181 2535
1182 2536
1183 2538
1184 2529
1185 2535
1186 2531
1187 2533
1188 2533
1189 2533
1190 2534
1191 2543
1192 2534
1193 2540
1194 2529
1195 2532
1196 2531
1197 2537
1198 2543
1199 2543
1200 2532
1201 2529
1202 2537
1203 2540
1204 2541
1205 2542
1206 2534
1207 2532
1208 2535
1209 2534
1210 2542
1211 2535
1212 2539
1213 2538
1214 2539
1215 2541
1216 2538
1217 2537
1218 2535
1219 2529
1220 2539
1221 2535
1222 2536
1223 2537
1224 2537
1225 2535
1226 2539
1227 2539
1228 2530
1229 2537
1230 2538
1231 2530
1232 2542
1233 2542
1234 2537
1235 2537
1236 2530
1237 2532
1238 2538
1239 2540
1240 2544
1241 2536
1242 2536
1243 2537
1244 2538
1245 2541
1246 2530
1247 2530
1248 2535
1249 2535
1250 2536
1251 2537
1252 2536
1253 2537
1254 2541
1255 2537
1256 2536
1257 2531
1258 2533
1259 2542
1260 2530
1261 2541
1262 2536
1263 2536
1264 2541
1265 2541
1266 2536
1267 2536
1268 2536
1269 2536
1270 2536
1271 2536
1272 2531
1273 2530
1274 2536
1275 2536
1276 2535
1277 2536
1278 2536
1279 2534
1280 2536
1281 2536
1282 2536
1283 2537
1284 2536
1285 2539
1286 2538
1287 2538
1288 2537
1289 2538
1290 2536
1291 2535
1292 2534
1293 2535
1294 2535
1295 2534
1296 2534
1297 2534
1298 2534
1299 2536
1300 2533
1301 2534
1302 2537
1303 2539
1304 2535
1305 2531
1306 2538
1307 2538
1308 2535
1309 2533
1310 2534
1311 2534
1312 2539
1313 2534
1314 2535
1315 2541
1316 2535
1317 2536
1318 2534
1319 2535
1320 2535
1321 2537
1322 2534
1323 2528
1324 2535
1325 2540
1326 2535
1327 2538
1328 2535
1329 2536
1330 2535
1331 2535
1332 2537
1333 2540
1334 2539
1335 2538
1336 2539
1337 2536
1338 2536
1339 2538
1340 2535
1341 2536
1342 2536
1343 2536
1344 2536
1345 2536
1346 2536
1347 2535
1348 2534
1349 2536
1350 2536
1351 2536
1352 2536
1353 2536
1354 2535
1355 2535
1356 2541
1357 2541
1358 2541
1359 2537
1360 2536
1361 2536
1362 2536
1363 2535
1364 2534
1365 2538
1366 2535
1367 2536
1368 2537
1369 2536
1370 2536
1371 2535
1372 2536
1373 2536
1374 2535
1375 2537
1376 2535
1377 2534
1378 2534
1379 2532
1380 2535
1381 2536
1382 2534
1383 2533
1384 2534
1385 2534
1386 2534
1387 2534
1388 2535
1389 2534
1390 2536
1391 2535
1392 2535
1393 2536
1394 2536
1395 2534
1396 2534
1397 2532
1398 2533
1399 2534
1400 2531
1401 2533
1402 2535
1403 2536
1404 2536
1405 2535
1406 2536
1407 2536
1408 2535
1409 2535
1410 2534
1411 2535
1412 2535
1413 2535
1414 2534
1415 2542
1416 2535
1417 2535
1418 2535
1419 2535
1420 2535
1421 2536
1422 2539
1423 2539
1424 2535
1425 2535
1426 2528
1427 2536
1428 2536
1429 2539
1430 2535
1431 2532
1432 2532
1433 2533
1434 2534
1435 2537
1436 2535
1437 2536
1438 2535
1439 2535
1440 2540
1441 2541
1442 2535
1443 2535
1444 2533
1445 2536
1446 2537
1447 2544
1448 2535
1449 2541
1450 2540
1451 2534
1452 2537
1453 2537
1454 2538
1455 2535
1456 2534
1457 2535
1458 2535
1459 2537
1460 2534
1461 2534
1462 2534
1463 2534
1464 2533
1465 2535
1466 2540
1467 2536
1468 2536
1469 2528
1470 2536
1471 2535
1472 2537
1473 2536
1474 2538
1475 2537
1476 2538
1477 2538
1478 2538
1479 2541
1480 2537
1481 2538
1482 2537
1483 2537
1484 2536
1485 2537
1486 2537
1487 2537
1488 2536
1489 2536
1490 2537
1491 2538
1492 2538
1493 2537
1494 2538
1495 2539
1496 2537
1497 2537
1498 2538
1499 2538
1500 2538
1501 2538
1502 2537
1503 2537
1504 2537
1505 2538
1506 2537
1507 2540
1508 2535
1509 2538
1510 2535
1511 2536
1512 2535
1513 2535
1514 2535
1515 2534
1516 2535
1517 2534
1518 2533
1519 2539
1520 2536
1521 2536
1522 2536
1523 2541
1524 2537
1525 2535
1526 2536
1527 2535
1528 2534
1529 2537
1530 2536
1531 2535
1532 2534
1533 2533
1534 2535
1535 2533
1536 2533
1537 2532
1538 2533
1539 2533
1540 2532
1541 2533
1542 2532
1543 2532
1544 2531
1545 2532
1546 2532
1547 2532
1548 2531
1549 2531
1550 2531
1551 2530
1552 2524
1553 2534
1554 2535
1555 2534
1556 2528
1557 2524
1558 2530
1559 2524
1560 2532
1561 2528
1562 2531
1563 2531
1564 2531
1565 2537
1566 2534
1567 2532
1568 2526
1569 2536
1570 2536
1571 2530
1572 2530
1573 2529
1574 2530
1575 2527
1576 2530
1577 2529
1578 2531
1579 2530
1580 2529
1581 2529
1582 2530
1583 2529
1584 2525
1585 2528
1586 2530
1587 2530
1588 2531
1589 2535
1590 2530
1591 2525
1592 2531
1593 2529
1594 2530
1595 2529
1596 2529
1597 2528
1598 2528
1599 2527
1600 2528
1601 2528
1602 2527
1603 2528
1604 2527
1605 2527
1606 2527
1607 2525
1608 2532
1609 2526
1610 2527
1611 2526
1612 2526
1613 2526
1614 2526
1615 2526
1616 2526
1617 2527
1618 2527
1619 2526
1620 2526
1621 2526
1622 2526
1623 2527
1624 2527
1625 2527
1626 2527
1627 2528
1628 2528
1629 2528
1630 2527
1631 2528
1632 2527
1633 2531
1634 2528
1635 2529
1636 2527
1637 2527
1638 2529
1639 2527
1640 2527
1641 2526
1642 2531
1643 2527
1644 2526
1645 2526
1646 2526
1647 2526
1648 2525
1649 2525
1650 2525
1651 2526
1652 2525
1653 2526
1654 2525
1655 2525
1656 2527
1657 2524
1658 2525
1659 2526
1660 2525
1661 2525
1662 2525
1663 2525
1664 2525
1665 2525
1666 2525
1667 2524
1668 2525
1669 2526
1670 2524
1671 2527
1672 2524
1673 2524
1674 2524
1675 2523
1676 2524
1677 2523
1678 2523
1679 2523
1680 2529
1681 2524
1682 2523
1683 2523
1684 2523
1685 2522
1686 2523
1687 2522
1688 2522
1689 2521
1690 2523
1691 2520
1692 2521
1693 2521
1694 2520
1695 2520
1696 2520
1697 2520
1698 2519
1699 2521
1700 2519
1701 2519
1702 2520
1703 2519
1704 2519
1705 2519
1706 2519
1707 2517
1708 2520
1709 2519
1710 2518
1711 2518
1712 2523
1713 2518
1714 2520
1715 2517
1716 2519
1717 2518
1718 2518
1719 2518
1720 2518
1721 2518
1722 2517
1723 2517
1724 2518
1725 2521
1726 2516
1727 2518
1728 2518
1729 2517
1730 2518
1731 2524
1732 2520
1733 2518
1734 2517
1735 2522
1736 2521
1737 2517
1738 2518
1739 2519
1740 2518
1741 2517
1742 2517
1743 2518
1744 2517
1745 2518
1746 2517
1747 2517
1748 2517
1749 2517
1750 2516
1751 2517
1752 2517
1753 2517
1754 2517
1755 2517
1756 2518
1757 2516
1758 2516
1759 2517
1760 2516
1761 2517
1762 2516
1763 2517
1764 2516
1765 2516
1766 2516
1767 2516
1768 2516
1769 2516
1770 2516
1771 2516
1772 2520
1773 2516
1774 2520
1775 2516
1776 2516
1777 2516
1778 2516
1779 2517
1780 2516
1781 2516
1782 2516
1783 2521
1784 2517
1785 2518
1786 2516
1787 2516
1788 2516
1789 2516
1790 2515
1791 2515
1792 2515
1793 2516
1794 2515
1795 2514
1796 2515
1797 2512
1798 2515
1799 2514
1800 2515
1801 2515
1802 2515
1803 2515
1804 2514
1805 2515
1806 2515
1807 2515
1808 2514
1809 2514
1810 2514
1811 2515
1812 2514
1813 2514
1814 2514
1815 2515
1816 2514
1817 2513
1818 2513
1819 2511
1820 2515
1821 2515
1822 9999
1823 2515
1824 9999
1825 2511
1826 2515
1827 9999
1828 2514
1829 2514
1830 2515
1831 9999
1832 9999
1833 9999
1834 9999
1835 2514
1836 2515
1837 9999
1838 2515
1839 9999
1840 9999
1841 9999
1842 9999
1843 9999
1844 9999
1845 9999
1846 9999
1847 9999
1848 9999
1849 9999
1850 9999
1851 9999
1852 9999
1853 9999
1854 9999
1855 9999
1856 9999
1857 9999
1858 9999
1859 9999
1860 9999
1861 9999

