85 2522
86 2524
87 2516
88 2525
89 2525
90 2523
91 2515
92 2525
93 2527
94 2520
95 2533
96 2534
97 2535
98 2534
99 2527
100 2529
101 2532
102 2535
103 2536
104 2538
105 2546
106 2539
107 2539
108 2541
109 2545
110 2545
111 2534
112 2533
113 2536
114 2535
115 2534
116 2538
117 2531
118 2532
119 2529
120 2535
121 2527
122 2526
123 2525
124 2526
125 2525
126 2521
127 2521
128 2520
129 2520
130 2519
131 2518
132 2517
133 2516
134 2516
135 2517
136 2520
137 2521
138 2517
139 2518
140 2516
141 2516
142 2516
143 2517
144 2516
145 2516
146 2515
147 2515
148 2516
149 2516
150 2514
151 2514
152 2513
153 2514
154 2513
155 2513
156 2514
157 2513
158 2514
159 2513
160 2514
161 2515
162 2515
163 2515
164 2525
165 2516
166 2515
167 2514
168 2514
169 2515
170 2516
171 2516
172 2515
173 2519
174 2519
175 2518
176 2525
177 2524
178 2518
179 2517
180 2517
181 2517
182 2517
183 2518
184 2517
185 2520
186 2516
187 2521
188 2517
189 2516
190 2517
191 2517
192 2517
193 2515
194 2515
195 2515
196 2515
197 2515
198 2515
199 2515
200 2515
201 2516
202 2517
203 2515
204 2515
205 2515
206 2516
207 2524
208 2515
209 2519
210 2521
211 2515
212 2516
213 2516
214 2516
215 2517
216 2516
217 2517
218 2517
219 2516
220 2515
221 2515
222 2515
223 2515
224 2515
225 2515
226 2515
227 2516
228 2516
229 2515
230 2514
231 2515
232 2516
233 2520
234 2515
235 2516
236 2520
237 2515
238 2517
239 2518
240 2514
241 2515
242 2515
243 2517
244 2515
245 2516
246 2518
247 2515
248 2516
249 2515
250 2515
251 2514
252 2514
253 2515
254 2516
255 2515
256 2515
257 2515
258 2516
259 2515
260 2516
261 2517
262 2518
263 2516
264 2516
265 2518
266 2518
267 2519
268 2517
269 2518
270 2525
271 2527
272 2519
273 2520
274 2521
275 2520
276 2520
277 2520
278 2520
279 2521
280 2520
281 2519
282 2519
283 2519
284 2520
285 2520
286 2520
287 2521
288 2521
289 2521
290 2521
291 2521
292 2521
293 2521
294 2521
295 2520
296 2519
297 2519
298 2519
299 2519
300 2520
301 2520
302 2519
303 2520
304 2520
305 2519
306 2520
307 2519
308 2519
309 2522
310 2521
311 2520
312 2519
313 2519
314 2519
315 2519
316 2519
317 2519
318 2519
319 2519
320 2519
321 2520
322 2520
323 2520
324 2520
325 2519
326 2519
327 2520
328 2519
329 2520
330 2520
331 2519
332 2520
333 2521
334 2521
335 2520
336 2521
337 2519
338 2519
339 2519
340 2519
341 2518
342 2519
343 2519
344 2520
345 2520
346 2520
347 2521
348 2521
349 2520
350 2522
351 2521
352 2519
353 2524
354 2525
355 2522
356 2523
357 2522
358 2522
359 2522
360 2521
361 2522
362 2522
363 2522
364 2520
365 2521
366 2521
367 2521
368 2521
369 2523
370 2527
371 2520
372 2520
373 2520
374 2521
375 2517
376 2522
377 2520
378 2519
379 2521
380 2519
381 2525
382 2522
383 2521
384 2519
385 2521
386 2522
387 2523
388 2521
389 2520
390 2520
391 2522
392 2524
393 2525
394 2520
395 2520
396 2522
397 2519
398 2522
399 2522
400 2520
401 2520
402 2519
403 2519
404 2520
405 2521
406 2521
407 2520
408 2520
409 2521
410 2521
411 2520
412 2520
413 2521
414 2520
415 2520
416 2521
417 2522
418 2521
419 2523
420 2521
421 2521
422 2521
423 2521
424 2521
425 2520
426 2520
427 2519
428 2520
429 2519
430 2523
431 2519
432 2522
433 2521
434 2521
435 2519
436 2519
437 2520
438 2520
439 2519
440 2520
441 2519
442 2519
443 2518
444 2521
445 2520
446 2517
447 2517
448 2517
449 2517
450 2517
451 2518
452 2517
453 2517
454 2520
455 2517
456 2517
457 2517
458 2518
459 2517
460 2517
461 2518
462 2517
463 2517
464 2518
465 2517
466 2518
467 2518
468 2518
469 2517
470 2517
471 2518
472 2518
473 2518
474 2518
475 2518
476 2517
477 2517
478 2518
479 2518
480 2517
481 2518
482 2518
483 2518
484 2518
485 2518
486 2518
487 2518
488 2518
489 2518
490 2517
491 2518
492 2518
493 2518
494 2519
495 2524
496 2523
497 2519
498 2519
499 2518
500 2517
501 2517
502 2518
503 2518
504 2518
505 2518
506 2518
507 2518
508 2518
509 2519
510 2518
511 2518
512 2518
513 2518
514 2517
515 2518
516 2519
517 2518
518 2518
519 2517
520 2517
521 2517
522 2517
523 2518
524 2520
525 2519
526 2519
527 2518
528 2519
529 2518
530 2518
531 2518
532 2519
533 2519
534 2518
535 2517
536 2518
537 2531
538 2518
539 2519
540 2518
541 2518
542 2518
543 2518
544 2518
545 2518
546 2523
547 2519
548 2519
549 2518
550 2522
551 2521
552 2524
553 2519
554 2517
555 2518
556 2519
557 2519
558 2518
559 2519
560 2523
561 2521
562 2520
563 2520
564 2520
565 2524
566 2525
567 2524
568 2523
569 2522
570 2519
571 2519
572 2517
573 2521
574 2521
575 2521
576 2521
577 2523
578 2527
579 2524
580 2521
581 2522
582 2521
583 2520
584 2521
585 2520
586 2521
587 2521
588 2525
589 2523
590 2523
591 2523
592 2522
593 2521
594 2521
595 2521
596 2521
597 2525
598 2524
599 2526
600 2522
601 2522
602 2523
603 2522
604 2521
605 2521
606 2521
607 2522
608 2521
609 2521
610 2522
611 2522
612 2521
613 2521
614 2521
615 2521
616 2521
617 2521
618 2521
619 2519
620 2519
621 2519
622 2518
623 2519
624 2519
625 2519
626 2519
627 2519
628 2521
629 2519
630 2519
631 2518
632 2521
633 2519
634 2520
635 2520
636 2518
637 2517
638 2518
639 2518
640 2519
641 2520
642 2520
643 2520
644 2520
645 2523
646 2523
647 2524
648 2520
649 2520
650 2521
651 2520
652 2519
653 2519
654 2519
655 2518
656 2517
657 2517
658 2517
659 2517
660 2517
661 2518
662 2522
663 2520
664 2520
665 2520
666 2519
667 2521
668 2522
669 2521
670 2521
671 2522
672 2518
673 2519
674 2519
675 2520
676 2518
677 2518
678 2518
679 2518
680 2518
681 2517
682 2518
683 2515
684 2517
685 2517
686 2516
687 2515
688 2519
689 2515
690 2516
691 2516
692 2517
693 2517
694 2517
695 2516
696 2517
697 2517
698 2517
699 2517
700 2516
701 2517
702 2515
703 2515
704 2515
705 2517
706 2523
707 2517
708 2516
709 2516
710 2516
711 2516
712 2516
713 2516
714 2517
715 2517
716 2517
717 2517
718 2517
719 2517
720 2517
721 2517
722 2517
723 2517
724 2516
725 2519
726 2519
727 2517
728 2520
729 2521
730 2519
731 2520
732 2514
733 2514
734 2515
735 2518
736 2516
737 2516
738 2518
739 2519
740 2515
741 2515
742 2519
743 2515
744 2519
745 2514
746 2520
747 2515
748 2515
749 2522
750 2514

145 2530
146 2529
147 2529
148 2529
149 2530
150 2530
151 2530
152 2528
153 9999
154 2530
155 2525
156 2530
157 2530
158 2535
159 9999
160 2530
161 2527
162 9999
163 2527
164 9999
165 9999
166 9999
167 2528
168 2528
169 2529
170 2530
171 2529
172 2529
173 9999
174 9999
175 9999
176 9999
177 9999
178 9999
179 9999
180 9999
181 9999
182 9999
183 9999
184 2537
185 9999
186 2532
187 9999
188 2529
189 9999
190 9999
191 9999
192 9999
193 2530
194 2529
195 2533
196 2532
197 2536
198 2530
199 2529
200 2529
201 2530
202 2530
203 2530
204 2530
205 2531
206 2529
207 9999
208 9999
209 9999
210 9999
211 2530
212 2530
213 9999
214 2530
215 2532
216 2534
217 2534
218 2531
219 2533
220 2530
221 2530
222 9999
223 2533
224 2529
225 2530
226 2533
227 2532
228 2532
229 2532
230 2532
231 2532
232 2531
233 9999
234 2529
235 2533
236 9999
237 2532
238 2537
239 9999
240 2533
241 2530
242 2534
243 2530
244 2530
245 2530
246 2533
247 2529
248 2528
249 2533
250 2531
251 2535
252 9999
253 9999
254 9999
255 2533
256 9999

