1088 2503
1089 2501
1090 2504
1091 2502
1092 2502
1093 2503
1094 2499
1095 2505
1096 2501
1097 2501
1098 2505
1099 2498
1100 2499
1101 2500
1102 2502
1103 2500
1104 2501
1105 2501
1106 2507
1107 2504
1108 2507
1109 2502
1110 2500
1111 2503
1112 2500
1113 2498
1114 2497
1115 2497
1116 2498
1117 2497
1118 2497
1119 2495
1120 2495
1121 2495
1122 2496
1123 2495
1124 2495
1125 2496
1126 2495
1127 2495
1128 2495
1129 2495
1130 2504
1131 2495
1132 2494
1133 2495
1134 2497
1135 2501
1136 2494
1137 2493
1138 2494
1139 2494
1140 2493
1141 2494
1142 2493
1143 2494
1144 2494
1145 2494
1146 2495
1147 2495
1148 2495
1149 2496
1150 2496
1151 2496
1152 2496
1153 2496
1154 2496
1155 2497
1156 2498
1157 2498
1158 2497
1159 2497
1160 2503
1161 2506
1162 2499
1163 2500
1164 2500
1165 2500
1166 2500
1167 2507
1168 2504
1169 2504
1170 2504
1171 2504
1172 2504
1173 2504
1174 2504
1175 2505
1176 2509
1177 2504
1178 2510
1179 2509
1180 2509
1181 2504
1182 2505
1183 2504
1184 2505
1185 2505
1186 2505
1187 2505
1188 2505
1189 2505
1190 2505
1191 2505
1192 2505
1193 2506
1194 2507
1195 2504
1196 2506
1197 2506
1198 2506
1199 2507
1200 2507
1201 2507
1202 2506
1203 2506
1204 2507
1205 2507
1206 2507
1207 2508
1208 2513
1209 2508
1210 2507
1211 2507
1212 2507
1213 2507
1214 2512
1215 2511
1216 2511
1217 2510
1218 2505
1219 2510
1220 2510
1221 2503
1222 2504
1223 2505
1224 2505
1225 2506
1226 2506
1227 2506
1228 2504
1229 2505
1230 2504
1231 2506
1232 2505
1233 2506
1234 2509
1235 2506
1236 2506
1237 2506
1238 2506
1239 2506
1240 2507
1241 2507
1242 2508
1243 2506
1244 2505
1245 2506
1246 2505
1247 2505
1248 2504
1249 2504
1250 2505
1251 2505
1252 2505
1253 2504
1254 2505
1255 2504
1256 2505
1257 2503
1258 2502
1259 2504
1260 2504
1261 2504
1262 2504
1263 2504
1264 2504
1265 2503
1266 2503
1267 2504
1268 2503
1269 2503
1270 2504
1271 2503
1272 2503
1273 2503
1274 2504
1275 2504
1276 2504
1277 2503
1278 2502
1279 2506
1280 2502
1281 2507
1282 2503
1283 2502
1284 2511
1285 2510
1286 2502
1287 2502
1288 2509
1289 2503
1290 2503
1291 2502
1292 2505
1293 2505
1294 2503
1295 2505
1296 2506
1297 2505
1298 2502
1299 2502
1300 2503
1301 2503
1302 2503
1303 2502
1304 2507
1305 2506
1306 2502
1307 2502
1308 2506
1309 2502
1310 2502
1311 2501
1312 2504
1313 2502
1314 2502
1315 2505
1316 2505
1317 2505
1318 2505
1319 2505
1320 2501
1321 2502
1322 2504
1323 2506
1324 2502
1325 2501
1326 2504
1327 2502
1328 2503
1329 2502
1330 2502
1331 2503
1332 2502
1333 2503
1334 2502
1335 2502
1336 2502
1337 2500
1338 2501
1339 2502
1340 2502
1341 2502
1342 2502
1343 2502
1344 2503
1345 2499
1346 2498
1347 2503
1348 2502
1349 2504
1350 2504
1351 2501
1352 2503
1353 2504
1354 2502
1355 2501
1356 2498
1357 2500
1358 2501
1359 2501
1360 2501
1361 2501
1362 2502
1363 2504
1364 2501
1365 2501
1366 2503
1367 2501
1368 2501
1369 2504
1370 2501
1371 2502
1372 2502
1373 2502
1374 2502
1375 2502
1376 2502
1377 2506
1378 2505
1379 2502
1380 2503
1381 2502
1382 2506
1383 2502
1384 2505
1385 2501
1386 2507
1387 2501
1388 2501
1389 2503
1390 2503
1391 2505
1392 2504
1393 2499
1394 2499
1395 2499
1396 2499
1397 2498
1398 2499
1399 2498
1400 2499
1401 2498
1402 2499
1403 2498
1404 2498
1405 2499
1406 2499
1407 2502
1408 2502
1409 2495
1410 2498
1411 2498
1412 2498
1413 2499
1414 2498
1415 2499
1416 2499
1417 2498
1418 2499
1419 2498
1420 2498
1421 2498
1422 2498
1423 2499
1424 2501
1425 2499
1426 2500
1427 2501
1428 2500
1429 2499
1430 2499
1431 2500
1432 2500
1433 2500
1434 2500
1435 2500
1436 2500
1437 2500
1438 2499
1439 2500
1440 2499
1441 2499
1442 2500
1443 2499
1444 2501
1445 2503
1446 2504
1447 2499
1448 2497
1449 2497
1450 2496
1451 2496
1452 2496
1453 2495
1454 2495
1455 2499
1456 2495
1457 2506
1458 2497
1459 2496
1460 2496
1461 2497
1462 2497
1463 2496
1464 2496
1465 2497
1466 2497
1467 2497
1468 2498
1469 2497
1470 2498
1471 2498
1472 2498
1473 2499
1474 2499
1475 2500
1476 2501
1477 2500
1478 2501
1479 2501
1480 2502
1481 2503
1482 2502
1483 2502
1484 2502
1485 2502
1486 2501
1487 2501
1488 2506
1489 2501
1490 2503
1491 2503
1492 2502
1493 2501
1494 2504
1495 2502
1496 2502
1497 2496
1498 2495
1499 2495
1500 2495
1501 2496
1502 2497
1503 2497
1504 2496
1505 2497
1506 2496
1507 2498
1508 2497
1509 2496
1510 2496
1511 2500
1512 2499
1513 2499
1514 2500
1515 2501
1516 2497
1517 2498
1518 2498
1519 2498
1520 2498
1521 2499
1522 2498
1523 2498
1524 2499
1525 2499
1526 2500
1527 2499
1528 2499
1529 2499
1530 2499
1531 2498
1532 2497
1533 2510
1534 2499
1535 2498
1536 2498
1537 2499
1538 2503
1539 2498
1540 2497
1541 2498
1542 2508
1543 2508
1544 2510
1545 2500
1546 2500
1547 2504
1548 2507
1549 2510
1550 2508
1551 2505
1552 2506
1553 2506
1554 2506
1555 2511
1556 2510
1557 2503
1558 2499
1559 2496
1560 2497
1561 2502
1562 2498
1563 2509
1564 2499
1565 2500
1566 2501
1567 2501
1568 2502
1569 2502
1570 2502
1571 2503
1572 2502
1573 2502
1574 2502
1575 2502
1576 2502
1577 2502
1578 2502
1579 2501
1580 2501
1581 2501
1582 2501
1583 2501
1584 2501
1585 2501
1586 2501
1587 2501
1588 2501
1589 2501
1590 2501
1591 2500
1592 2500
1593 2500
1594 2500
1595 2500
1596 2501
1597 2500
1598 2501
1599 2500
1600 2501
1601 2501
1602 2500
1603 2500
1604 2500
1605 2500
1606 2501
1607 2501
1608 2501
1609 2501
1610 2501
1611 2501
1612 2501
1613 2501
1614 2501
1615 2500
1616 2500
1617 2500
1618 2500
1619 2500
1620 2500
1621 2500
1622 2500
1623 2500
1624 2500
1625 2500
1626 2500
1627 2500
1628 2500
1629 2500
1630 2500
1631 2500
1632 2500
1633 2500
1634 2500
1635 2500
1636 2500
1637 2500
1638 2500
1639 2500
1640 2500
1641 2500
1642 2500
1643 2500
1644 2500
1645 2500
1646 2500
1647 2500
1648 2500
1649 2500
1650 2499
1651 2499
1652 2499
1653 2499
1654 2499
1655 2499
1656 2499
1657 2499
1658 2499
1659 2498
1660 2498
1661 2498
1662 2499
1663 2499
1664 2498
1665 2498
1666 2499
1667 2498
1668 2498
1669 2498
1670 2498
1671 2499
1672 2498
1673 2498
1674 2498
1675 2498
1676 2498
1677 2497
1678 2497
1679 2497
1680 2497
1681 2497
1682 2496
1683 2496
1684 2497
1685 2496
1686 2497
1687 2497
1688 2496
1689 2497
1690 2498
1691 2498
1692 2498
1693 2497
1694 2497
1695 2496
1696 2496
1697 2496
1698 2496
1699 2496
1700 2496
1701 2496
1702 2496
1703 2496
1704 2496
1705 2495
1706 2495
1707 2495
1708 2495
1709 2495
1710 2495
1711 2495
1712 2495
1713 2495
1714 2495
1715 2495
1716 2495
1717 2495
1718 2495
1719 2495
1720 2495
1721 2495
1722 2495
1723 2495
1724 2494
1725 2494
1726 2494
1727 2495
1728 2494
1729 2494
1730 2494
1731 2494
1732 2494
1733 2494
1734 2494
1735 2494
1736 2494
1737 2494
1738 2494
1739 2494
1740 2494
1741 2494
1742 2494
1743 2495
1744 2494
1745 2494
1746 2494
1747 2494
1748 2494
1749 2494
1750 2494
1751 2498
1752 2498
1753 2495
1754 2499
1755 2500
1756 2506
1757 2506
1758 2498
1759 2501
1760 2497
1761 2491
1762 2498
1763 2498
1764 2498
1765 2492
1766 2494
1767 2492
1768 2492
1769 2493
1770 2493
1771 2492
1772 2492
1773 2492
1774 2498
1775 2493
1776 2493
1777 2492
1778 2492
1779 2492
1780 2492
1781 2492
1782 2494
1783 2492
1784 2492
1785 2492
1786 2492
1787 2492
1788 2492
1789 2492
1790 2492
1791 2492
1792 2492
1793 2492
1794 2492
1795 2492
1796 2492
1797 2492
1798 2492
1799 2492
1800 2492
1801 2492
1802 2492
1803 2492
1804 2492
1805 2492
1806 2492
1807 2492
1808 2492
1809 2492
1810 2492
1811 2492
1812 2492
1813 2492
1814 2492
1815 2492
1816 2492
1817 2492
1818 2492
1819 2492
1820 2492
1821 2492
1822 2492
1823 2492
1824 2492
1825 2492
1826 2492
1827 2492
1828 2492
1829 2492
1830 2492
1831 2492
1832 2492
1833 2492
1834 2492
1835 2492
1836 2492
1837 2492
1838 2492
1839 2491
1840 2492
1841 2492
1842 2492
1843 2492
1844 2492
1845 2492
1846 2492
1847 2492
1848 2492
1849 2492
1850 2492
1851 2492
1852 2492
1853 2491
1854 2492
1855 2492
1856 2492
1857 2492
1858 2492
1859 2492
1860 2492
1861 2492
1862 2492
1863 2492
1864 2492
1865 2492
1866 2492
1867 2492
1868 2492
1869 2492
1870 2492
1871 2492
1872 2492
1873 2492
1874 2492
1875 2492
1876 2492
1877 2492
1878 2492
1879 2492
1880 2492
1881 2492
1882 2492
1883 2492
1884 2492
1885 2492
1886 2492
1887 2492
1888 2492
1889 2492
1890 2492
1891 2492
1892 2492
1893 2492
1894 2492
1895 2492
1896 2492
1897 2492
1898 2492
1899 2492
1900 2492
1901 2492
1902 2492
1903 2492
1904 2492
1905 2492
1906 2492
1907 2492
1908 2492
1909 2492
1910 2492
1911 2492
1912 2492
1913 2492
1914 2492
1915 2492
1916 2492
1917 2492
1918 2492
1919 2492
1920 2492
1921 2492
1922 2492
1923 2492
1924 2492
1925 2491
1926 2491
1927 2491
1928 2491
1929 2492
1930 2491
1931 2491
1932 2491
1933 2491
1934 2491
1935 2491
1936 2491
1937 2491
1938 2491
1939 2491
1940 2491
1941 2491
1942 2491
1943 2491
1944 2491
1945 2491
1946 2491
1947 2491
1948 2491
1949 2491
1950 2491
1951 2491
1952 2491

1505 2532
1506 2528
1507 2525
1508 2525
1509 2521
1510 2518
1511 2527
1512 2526
1513 2526
1514 2522
1515 2526
1516 2526
1517 2526
1518 2526
1519 2522
1520 2521
1521 2525
1522 2526
1523 2526
1524 2526
1568 2518
1569 2522
1570 2527
1571 2524
1572 2524
1573 2524
1574 2531
1575 2524
1576 2520
1577 2529
1578 2531
1579 2519
1580 2524
1581 2517
1582 2517
1583 2517
1584 2520
1585 2525
1586 2526
1587 2525
1588 2526
1589 2524
1590 2529
1591 2518
1592 2525
1593 2526
1594 2526
1595 2532
1596 2526
1597 2518
1598 2520
1599 2521
1600 2522
1601 2522
1602 2523
1603 2522
1604 2518
1605 2520
1606 2525
1607 2518
1608 2520
1609 2525
1610 2530
1611 2530
1612 2519
1613 2519
1614 2520
1615 2526
1616 2525
1617 2525
1618 2518
1619 2527
1620 2526
1621 2524
1622 2519
1623 2526
1624 2524
1625 2525
1626 2525
1627 2518
1628 2518
1629 2528
1630 2518
1631 2518
1632 2524

