830 2508
831 2515
832 2515
833 2514
834 2507
835 2505
836 2505
837 2505
838 2516
839 2511
840 2507
841 2513
842 2510
843 2506
844 2508
845 2509
846 2508
847 2508
848 2507
849 2508
850 2507
851 2508
852 2503
853 2504
854 2504
855 2507
856 2504
857 2504
858 2505
859 2506
860 2507
861 2505
862 2505
863 2503
864 2504
865 2505
866 2504
867 2504
868 2505
869 2505
870 2504
871 2504
872 2504
873 2503
874 2506
875 2504
876 2505
877 2505
878 2506
879 2506
880 2507
881 2508
882 2509
883 2508
884 2509
885 2509
886 2509
887 2508
888 2508
889 2507
890 2508
891 2510
892 2509
893 2512
894 2509
895 2510
896 2509
897 2510
898 2507
899 2507
900 2509
901 2506
902 2506
903 2506
904 2506
905 2507
906 2507
907 2508
908 2509
909 2505
910 2505
911 2507
912 2507
913 2508
914 2506
915 2506
916 2508
917 2506
918 2509
919 2507
920 2507
921 2506
922 2507
923 2507
924 2509
925 2510
926 2514
927 2508
928 2509
929 2509
930 2508
931 2513
932 2513
933 2509
934 2515
935 2508
936 2507
937 2507
938 2508
939 2508
940 2515
941 2507
942 2506
943 2506
944 2514
945 2514
946 2509
947 2509
948 2509
949 2510
950 2507
951 2512
952 2513
953 2508
954 2508
955 2508
956 2507
957 2506
958 2506
959 2514
960 2506
961 2506
962 2506
963 2506
964 2505
965 2504
966 2507
967 2505
968 2506
969 2506
970 2507
971 2505
972 2504
973 2504
974 2512
975 2503
976 2503
977 2503
978 2503
979 2503
980 2503
981 2506
982 2502
983 2506
984 2503
985 2502
986 2502
987 2502
988 2502
989 2502
990 2502
991 2503
992 2503
993 2502
994 2503
995 2502
996 2505
997 2504
998 2503
999 2502
1000 2506
1001 2503
1002 2502
1003 2506
1004 2503
1005 2504
1006 2509
1007 2503
1008 2504
1009 2505
1010 2502
1011 2506
1012 2502
1013 2503
1014 2502
1015 2502
1016 2501
1017 2502
1018 2501
1019 2501
1020 2501
1021 2501
1022 2501
1023 2501
1024 2502
1025 2502
1026 2506
1027 2502
1028 2501
1029 2503
1030 2502
1031 2506
1032 2505
1033 2502
1034 2501
1035 2505
1036 2501
1037 2501
1038 2501
1039 2501
1040 2500
1041 2502
1042 2502
1043 2502
1044 2502
1045 2501
1046 2503
1047 2502
1048 2501
1049 2505
1050 2502
1051 2502
1052 2502
1053 2502
1054 2502
1055 2502
1056 2502
1057 2502
1058 2502
1059 2502
1060 2502
1061 2502
1062 2502
1063 2502
1064 2502
1065 2502
1066 2502
1067 2502
1068 2502
1069 2501
1070 2502
1071 2503
1072 2501
1073 2501
1074 2502
1075 2501
1076 2502
1077 2501
1078 2502
1079 2502
1080 2502
1081 2502
1082 2502
1083 2502
1084 2502
1085 2503
1086 2502
1087 2502
1088 2502
1089 2503
1090 2505
1091 2502
1092 2501
1093 2501
1094 2502
1095 2501
1096 2502
1097 2503
1098 2503
1099 2502
1100 2503
1101 2503
1102 2503
1103 2503
1104 2504
1105 2505
1106 2503
1107 2503
1108 2504
1109 2503
1110 2504
1111 2504
1112 2504
1113 2507
1114 2506
1115 2504
1116 2504
1117 2504
1118 2504
1119 2503
1120 2503
1121 2504
1122 2504
1123 2504
1124 2504
1125 2504
1126 2504
1127 2503
1128 2508
1129 2507
1130 2503
1131 2503
1132 2504
1133 2504
1134 2504
1135 2503
1136 2503
1137 2503
1138 2503
1139 2503
1140 2503
1141 2503
1142 2503
1143 2504
1144 2503
1145 2503
1146 2504
1147 2503
1148 2503
1149 2503
1150 2503
1151 2503
1152 2503
1153 2503
1154 2503
1155 2503
1156 2503
1157 2503
1158 2503
1159 2502
1160 2502
1161 2502
1162 2502
1163 2502
1164 2502
1165 2502
1166 2508
1167 2502
1168 2502
1169 2503
1170 2502
1171 2503
1172 2501
1173 2501
1174 2504
1175 2504
1176 2504
1177 2504
1178 2503
1179 2503
1180 2502
1181 2503
1182 2503
1183 2502
1184 2502
1185 2502
1186 2501
1187 2502
1188 2502
1189 2501
1190 2502
1191 2502
1192 2502
1193 2502
1194 2502
1195 2505
1196 2503
1197 2502
1198 2502
1199 2501
1200 2508
1201 2501
1202 2501
1203 2502
1204 2502
1205 2502
1206 2505
1207 2503
1208 2502
1209 2502
1210 2501
1211 2502
1212 2501
1213 2501
1214 2510
1215 2502
1216 2502
1217 2502
1218 2501
1219 2501
1220 2502
1221 2502
1222 2502
1223 2501
1224 2501
1225 2505
1226 2502
1227 2502
1228 2502
1229 2501
1230 2502
1231 2502
1232 2502
1233 2502
1234 2502
1235 2502
1236 2501
1237 2502
1238 2502
1239 2501
1240 2501
1241 2501
1242 2501
1243 2501
1244 2501
1245 2502
1246 2502
1247 2502
1248 2501
1249 2502
1250 2501
1251 2501
1252 2501
1253 2501
1254 2501
1255 2501
1256 2502
1257 2501
1258 2501
1259 2501
1260 2501
1261 2501
1262 2501
1263 2501
1264 2502
1265 2502
1266 2501
1267 2502
1268 2501
1269 2502
1270 2502
1271 2502
1272 2501
1273 2502
1274 2501
1275 2501
1276 2501
1277 2502
1278 2502
1279 2501
1280 2502
1281 2502
1282 2501
1283 2501
1284 2501
1285 2501
1286 2502
1287 2501
1288 2504
1289 2504
1290 2501
1291 2502
1292 2501
1293 2502
1294 2502
1295 2505
1296 2503
1297 2502
1298 2502
1299 2502
1300 2502
1301 2501
1302 2501
1303 2501
1304 2501
1305 2501
1306 2501
1307 2501
1308 2502
1309 2501
1310 2501
1311 2501
1312 2502
1313 2502
1314 2502
1315 2501
1316 2501
1317 2503
1318 2502
1319 2502
1320 2501
1321 2501
1322 2501
1323 2500
1324 2501
1325 2501
1326 2501
1327 2502
1328 2501
1329 2502
1330 2502
1331 2501
1332 2502
1333 2502
1334 2502
1335 2502
1336 2502
1337 2502
1338 2501
1339 2501
1340 2501
1341 2502
1342 2501
1343 2501
1344 2501
1345 2502
1346 2501
1347 2501
1348 2502
1349 2501
1350 2502
1351 2502
1352 2501
1353 2501
1354 2502
1355 2502
1356 2501
1357 2501
1358 2501
1359 2501
1360 2501
1361 2501
1362 2501
1363 2501
1364 2501
1365 2502
1366 2501
1367 2502
1368 2501
1369 2501
1370 2502
1371 2502
1372 2502
1373 2501
1374 2501
1375 2501
1376 2501
1377 2501
1378 2501
1379 2501
1380 2501
1381 2502
1382 2502
1383 2501
1384 2501
1385 2501
1386 2501
1387 2501
1388 2502
1389 2501
1390 2502
1391 2502
1392 2502
1393 2502
1394 2502
1395 2502
1396 2502
1397 2502
1398 2502
1399 2502
1400 2502
1401 2501
1402 2501
1403 2501
1404 2502
1405 2501
1406 2501
1407 2501
1408 2501
1409 2501
1410 2501
1411 2501
1412 2501
1413 2501
1414 2501
1415 2501
1416 2501
1417 2501
1418 2501
1419 2501
1420 2501
1421 2501
1422 2501
1423 2501
1424 2501
1425 2501
1426 2501
1427 2501
1428 2501
1429 2501
1430 2501
1431 2501
1432 2501
1433 2501
1434 2501
1435 2501
1436 2501
1437 2501
1438 2501
1439 2501
1440 2501
1441 2501
1442 2501
1443 2501
1444 2501
1445 2501
1446 2501
1447 2501
1448 2501
1449 2501
1450 2501
1451 2501
1452 2501
1453 2501
1454 2501
1455 2501
1456 2501
1457 2501
1458 2501
1459 2501
1460 2501
1461 2501
1462 2501
1463 2501
1464 2501
1465 2501
1466 2501
1467 2501
1468 2501
1469 2501
1470 2501
1471 2501
1472 2501
1473 2501
1474 2501
1475 2501
1476 2501
1477 2501
1478 2501
1479 2501
1480 2501
1481 2501
1482 2501
1483 2501
1484 2501
1485 2501
1486 2501
1487 2501
1488 2501
1489 2501
1490 2501
1491 2501
1492 2501
1493 2501
1494 2501
1495 2501
1496 2501
1497 2501
1498 2500
1499 2501
1500 2501
1501 2501
1502 2501
1503 2501
1504 2501
1505 2501
1506 2501
1507 2501
1508 2501
1509 2501
1510 2500
1511 2501
1512 2501
1513 2501
1514 2501
1515 2501
1516 2501
1517 2501
1518 2500
1519 2500
1520 2500
1521 2500
1522 2500
1523 2500
1524 2500
1525 2500
1526 2500
1527 2500
1528 2500
1529 2500
1530 2500
1531 2500
1532 2501
1533 2500
1534 2500
1535 2500
1536 2501
1537 2501
1538 2501
1539 2501
1540 2501
1541 2501
1542 2501
1543 2501
1544 2501
1545 2500
1546 2500
1547 2500
1548 2500
1549 2500
1550 2500
1551 2500
1552 2500
1553 2501
1554 2501
1555 2500
1556 2500
1557 2501
1558 2501
1559 2501
1560 2501
1561 2501
1562 2501
1563 2501
1564 2501
1565 2501
1566 2501
1567 2501
1568 2501
1569 2501
1570 2501
1571 2501
1572 2502
1573 2501
1574 2502
1575 2502
1576 2502
1577 2502
1578 2502
1579 2502
1580 2502
1581 2502
1582 2502
1583 2502
1584 2502
1585 2502
1586 2502
1587 2502
1588 2502
1589 2502
1590 2502
1591 2502
1592 2502
1593 2502
1594 2502
1595 2502
1596 2502
1597 2502
1598 2502
1599 2502
1600 2502
1601 2502
1602 2502
1603 2502
1604 2502
1605 2502
1606 2502
1607 2502
1608 2502
1609 2502
1610 2502
1611 2502
1612 2502
1613 2502
1614 2502
1615 2502
1616 2502
1617 2502
1618 2502
1619 2502
1620 2502
1621 2502
1622 2502
1623 2502
1624 2502
1625 2502
1626 2502
1627 2502
1628 2502
1629 2502
1630 2502
1631 2502
1632 2502
1633 2502
1634 2502
1635 2502
1636 2502
1637 2502
1638 2502
1639 2502
1640 2502
1641 2502
1642 2502
1643 2502
1644 2502
1645 2502
1646 2502
1647 2502
1648 2502
1649 2502
1650 2502
1651 2502
1652 2502
1653 2502
1654 2502
1655 2502
1656 2502
1657 2502
1658 2502
1659 2502
1660 2502
1661 2502
1662 2502
1663 2502
1664 2502
1665 2502
1666 2502
1667 2502
1668 2503
1669 2503
1670 2502
1671 2502
1672 2503
1673 2503
1674 2503
1675 2503
1676 2503
1677 2503
1678 2503
1679 2503
1680 2502
1681 2502
1682 2503
1683 2502
1684 2502
1685 2502
1686 2502
1687 2503
1688 2503
1689 2503
1690 2503
1691 2503
1692 2503
1693 2503
1694 2503
1695 2502
1696 2502
1697 2503
1698 2503
1699 2503
1700 2502
1701 2502
1702 2503
1703 2503
1704 2503
1705 2503
1706 2503
1707 2503
1708 2503
1709 2503
1710 2503
1711 2503
1712 2504
1713 2504
1714 2504
1715 2503
1716 2503
1717 2503
1718 2503
1719 2503
1720 2503
1721 2504
1722 2504
1723 2503
1724 2503
1725 2504
1726 2504
1727 2503
1728 2503
1729 2503
1730 2503
1731 2503
1732 2503
1733 2504
1734 2503
1735 2503
1736 2503
1737 2502
1738 2503
1739 2503
1740 2503
1741 2501
1742 2504
1743 2503
1744 2503
1745 2503
1746 2504
1747 2503
1748 2503
1749 2503
1750 2503
1751 2503
1752 2503
1753 2503
1754 2503
1755 2503
1756 2503
1757 2503
1758 2503
1759 2503
1760 2503
1761 2503
1762 2503
1763 2503
1764 2503
1765 2503
1766 2503
1767 2502
1768 2503
1769 2502
1770 2502
1771 2502
1772 2503
1773 2504
1774 2500
1775 2500
1776 2502
1777 2501
1778 2501
1779 2501
1780 2502
1781 2501
1782 2501
1783 2501
1784 2500
1785 2502
1786 2503
1787 2501
1788 2501
1789 2501
1790 2504
1791 2501
1792 2505
1793 2501
1794 2501
1795 2502
1796 2502
1797 2504
1798 2500
1799 2501
1800 2503
1801 2501
1802 2501
1803 2504
1804 2503
1805 2500
1806 2501
1807 2500
1808 2500
1809 2501
1810 2502
1811 2501
1812 2505
1813 2500
1814 2500
1815 2501
1816 2502
1817 2503
1818 2500
1819 2500
1820 2499
1821 2502
1822 2500
1823 2501
1824 2501
1825 2501
1826 2501
1827 2501
1828 2501
1829 2501
1830 2501
1831 2501
1832 2501
1833 2501
1834 2501
1835 2501
1836 2501
1837 2501
1838 2501
1839 2501
1840 2501
1841 2501
1842 2501
1843 2501
1844 2501
1845 2501
1846 2501
1847 2501
1848 2501
1849 2501
1850 2501
1851 2501
1852 2501
1853 2501
1854 2501
1855 2501
1856 2501
1857 2501
1858 2501
1859 2501
1860 2501
1861 2501
1862 2501
1863 2501
1864 2501
1865 2501
1866 2501
1867 2501
1868 2501
1869 2501
1870 2501
1871 2501
1872 2501
1873 2501
1874 2501
1875 2501
1876 2501
1877 2501
1878 2501
1879 2500
1880 2501
1881 2501
1882 2501
1883 2501
1884 2501
1885 2501
1886 2501
1887 2501
1888 2501
1889 2501
1890 2501
1891 2501
1892 2501
1893 2501
1894 2501
1895 2501
1896 2501
1897 2501
1898 2501
1899 2501
1900 2501
1901 2501
1902 2501
1903 2501
1904 2501
1905 2501
1906 2501
1907 2501
1908 2501
1909 2501
1910 2501
1911 2501
1912 2501
1913 2501
1914 2501
1915 2500
1916 2500
1917 2500
1918 2500
1919 2500
1920 2500
1921 2500
1922 2500
1923 2500
1924 2500
1925 2500
1926 2500
1927 2500
1928 2500
1929 2499
1930 2500
1931 2500
1932 2500
1933 2500
1934 2500
1935 2499
1936 2499
1937 2499
1938 2499
1939 2499
1940 2499
1941 2499
1942 2499
1943 2499
1944 2499
1945 2499
1946 2499
1947 2499
1948 2499
1949 2499
1950 2499
1951 2499
1952 2499
1953 2499
1954 2499
1955 2499
1956 2499
1957 2499
1958 2499
1959 2499
1960 2499
1961 2499
1962 2498
1963 2498
1964 2499
1965 2499
1966 2498
1967 2498
1968 2498
1969 2498
1970 2498
1971 2498
1972 2499
1973 2499
1974 2498
1975 2498
1976 2498
1977 2498
1978 2498
1979 2498
1980 2498
1981 2498
1982 2498
1983 2498
1984 2498
1985 2498
1986 2498
1987 2498
1988 2498
1989 2498
1990 2498
1991 2498
1992 2498
1993 2498
1994 2498
1995 2498
1996 2498
1997 2498
1998 2498
1999 2498
2000 2498
2001 2498
2002 2498
2003 2499
2004 2498
2005 2499
2006 2499
2007 2498
2008 2499
2009 2498
2010 2498
2011 2498
2012 2498
2013 2499
2014 2498
2015 2498
2016 2498
2017 2499
2018 2498
2019 2498
2020 2498
2021 2499
2022 2498
2023 2497
2024 2498
2025 2498
2026 2498
2027 2498
2028 2498
2029 2498
2030 2498
2031 2498
2032 2498
2033 2498
2034 2498
2035 2498
2036 2497
2037 2498
2038 2497
2039 2497
2040 2497
2041 2497
2042 2497
2043 2497
2044 2497
2045 2497
2046 2497
2047 2497
2048 2497
2049 2497
2050 2497
2051 2497
2052 2497
2053 2497
2054 2497
2055 2497
2056 2497
2057 2497
2058 2497
2059 2497
2060 2497
2061 2497
2062 2497
2063 2497
2064 2497
2065 2497
2066 2497
2067 2496
2068 2496
2069 2496
2070 2497
2071 2496
2072 2496
2073 2496
2074 2496
2075 2496
2076 2495
2077 2496
2078 2496
2079 2496
2080 2495
2081 2496
2082 2496
2083 2496
2084 2495
2085 2495
2086 2495
2087 2495
2088 2495
2089 2496
2090 2496
2091 2495
2092 2496
2093 2495
2094 2496
2095 2495
2096 2495
2097 2495
2098 2495
2099 2495
2100 2495
2101 2495
2102 2495
2103 2495
2104 2495
2105 2495
2106 2495
2107 2495
2108 2495
2109 2495
2110 2495
2111 2495
2112 2495
2113 2495
2114 2494
2115 2495
2116 2495
2117 2494
2118 2495
2119 2495
2120 2495
2121 2495
2122 2495
2123 2495
2124 2495
2125 2495
2126 2495
2127 2495
2128 2495
2129 2495
2130 2495
2131 2495
2132 2495
2133 2495
2134 2495
2135 2495
2136 2495
2137 2494
2138 2494
2139 2494
2140 2494
2141 2494
2142 2494
2143 2494
2144 2493
2145 2494
2146 2494
2147 2494
2148 2494
2149 2494
2150 2494
2151 2494
2152 2493
2153 2494
2154 2494
2155 2494
2156 2494
2157 2494
2158 2494
2159 2494
2160 2494
2161 2493
2162 2493
2163 2494
2164 2494
2165 2494
2166 2494
2167 2494
2168 2494
2169 2494
2170 2494
2171 2494
2172 2494
2173 2493
2174 2494
2175 2494
2176 2494
2177 2494
2178 2494
2179 2494
2180 2494
2181 2494
2182 2494
2183 2494
2184 2494
2185 2494
2186 2494
2187 2494
2188 2494
2189 2494
2190 2494
2191 2494
2192 2494
2193 2494
2194 2494
2195 2494
2196 2494
2197 2494
2198 2494
2199 2494
2200 2494
2201 2494
2202 2494
2203 2493
2204 2494
2205 2494
2206 2495
2207 2494
2208 2493
2209 2495
2210 2497
2211 2494
2212 2496
2213 2494
2214 2493
2215 2494
2216 2494
2217 2494
2218 2493
2219 2493
2220 2494
2221 2493
2222 2498
2223 2493
2224 2494
2225 2493
2226 2494
2227 2494
2228 2494
2229 2497
2230 2494
2231 2495
2232 2493
2233 2496
2234 2494
2235 2494
2236 2494
2237 2494
2238 2494
2239 2494
2240 2494
2241 2494
2242 2494
2243 2494
2244 2494
2245 2494
2246 2494
2247 2494
2248 2494
2249 2494
2250 2494
2251 2494
2252 2494
2253 2494
2254 2494
2255 2493
2256 2493
2257 2493
2258 2493
2259 2493
2260 2493
2261 2493
2262 2493
2263 2493
2264 2493
2265 2493
2266 2493
2267 2493
2268 2493
2269 2493
2270 2493
2271 2493
2272 2493
2273 2492
2274 2493
2275 2493
2276 2492
2277 2492
2278 2492
2279 2493
2280 2493
2281 2492
2282 2492
2283 2492
2284 2492
2285 2492
2286 2492
2287 2492
2288 2493
2289 2492
2290 2492
2291 2492
2292 2492
2293 2492
2294 2492
2295 2492
2296 2492
2297 2492
2298 2492
2299 2492
2300 2492
2301 2492
2302 2492
2303 2492
2304 2492
2305 2492
2306 2492
2307 2492
2308 2492
2309 2492
2310 2492
2311 2492
2312 2492
2313 2492
2314 2492
2315 2492
2316 2492
2317 2492
2318 2492
2319 2492
2320 2492
2321 2492
2322 2492
2323 2492
2324 2492
2325 2491
2326 2491
2327 2491
2328 2491
2329 2491
2330 2491
2331 2491
2332 2491
2333 2491
2334 2491
2335 2491
2336 2492
2337 2491
2338 2491
2339 2491
2340 2491
2341 2491
2342 2491
2343 2491
2344 2491
2345 2491
2346 2491
2347 2491
2348 2491
2349 2491
2350 2491
2351 2491
2352 2491
2353 2491
2354 2491
2355 2491
2356 2491
2357 2491
2358 2491
2359 2491
2360 2491
2361 2491
2362 2491
2363 2491
2364 2491
2365 2491
2366 2491
2367 2491
2368 2491
2369 2491
2370 2491
2371 2491
2372 2491
2373 2490
2374 2490
2375 2490
2376 2490
2377 2490
2378 2490
2379 2490
2380 2490
2381 2489
2382 2489
2383 2489
2384 2489
2385 2489
2386 2489
2387 2489
2388 2489
2389 2489
2390 2490
2391 2489
2392 2489
2393 2489
2394 2489
2395 2489
2396 2489
2397 2489
2398 2489
2399 2489
2400 2488
2401 2488
2402 2488
2403 2488
2404 2488
2405 2488
2406 2488
2407 2488
2408 2488
2409 2488
2410 2488
2411 2488
2412 2488
2413 2488
2414 2488
2415 2488
2416 2487
2417 2487
2418 2487
2419 2487
2420 2487
2421 2487
2422 2487
2423 2487
2424 2487
2425 2487
2426 2487
2427 2487
2428 2487
2429 2487
2430 2487
2431 2487
2432 2487
2433 2486
2434 2487
2435 2486
2436 2487
2437 2486
2438 2486
2439 2486
2440 2486
2441 2486
2442 2486
2443 2486
2444 2486
2445 2486
2446 2485
2447 2485
2448 2485
2449 2485
2450 2485
2451 2485
2452 2485
2453 2485
2454 2485
2455 2485
2456 2485
2457 2485
2458 2485
2459 2485
2460 2485
2461 2485
2462 2485
2463 2485
2464 2485
2465 2484
2466 2484
2467 2484
2468 2485
2469 2484
2470 2484
2471 2484
2472 2484
2473 2484
2474 2484
2475 2483
2476 2483
2477 2484
2478 2482
2479 2483
2480 2483
2481 2484
2482 2483
2483 2484
2484 2483
2485 2483
2486 2486
2487 2483
2488 2483
2489 2484
2490 2483
2491 2483
2492 2483
2493 2484
2494 2483
2495 2483
2496 2482
2497 2483
2498 2483
2499 2483
2500 2483
2501 2482
2502 2482
2503 2483

1399 2540
1400 2539
1401 2540
1402 2541
1403 2539
1404 2538
1405 2539
1406 2543
1407 2539
1408 2539
1409 2539
1410 2540
1411 2540
1412 2539
1413 2539
1414 2538
1415 2539
1416 2539
1417 2539
1418 2540
1419 2539
1420 2541
1421 2540
1422 2539
1423 2541
1424 2540
1425 2539
1426 2539
1427 2539
1428 2540
1429 2539
1430 2539
1431 2539
1432 2539
1433 2539
1434 2539
1435 2539
1436 2539
1437 2539
1438 2539
1439 2539
1440 2538
1441 2535
1442 2546
1443 2540
1444 2539
1445 2540
1446 2540
1447 2540
1448 2539
1449 2539
1450 2540
1451 2540
1452 2540
1453 2541
1454 2540
1455 2540
1456 2539
1457 2539
1458 2538
1459 2542
1460 2540
1461 2540
1462 2540
1463 2544
1464 2539
1465 2540
1466 2538
1467 2537
1468 2546
1469 2535
1470 2539
1471 2539
1472 2540
1473 2541
1474 2541
1475 2541
1476 2542
1477 2542
1478 2540
1479 2541
1480 2540
1481 2540
1482 2539
1483 2540
1484 2541
1485 2540
1486 2540
1487 2540
1488 2541
1489 2543
1490 2541
1491 2540
1492 2540
1493 2539
1494 2539
1495 2540
1496 2540
1497 2540
1498 2540
1499 2539
1500 2539
1501 2539
1502 2543
1503 2539
1504 2539
1505 2539
1506 2540
1507 2540
1508 2539
1509 2539
1510 2539
1511 2539
1512 2540
1513 2540
1514 2538
1515 2538
1516 2539
1517 2539
1518 2538
1519 2538
1520 2539
1521 2539
1522 2539
1523 2538
1524 2538
1525 2538
1526 2538
1527 2538
1528 2539
1529 2538
1530 2538
1531 2538
1532 2538
1533 2541
1534 2543
1535 2537
1536 2539
1537 2538
1538 2538
1539 2538
1540 2538
1541 2537
1542 2537
1543 2537
1544 2538
1545 2541
1546 2539
1547 2536
1548 2542
1549 2536
1550 2537
1551 2536
1552 2540
1553 2540
1554 2540
1555 2543
1556 2536
1557 2536
1558 2537
1559 2536
1560 2536
1561 2537
1562 2535
1563 2535
1564 2536
1565 2535
1566 2535
1567 2536
1568 2537
1569 2540
1570 2535
1571 2536
1572 2534
1573 2536
1574 2541
1575 2536
1576 2537
1577 2533
1578 2537
1579 2543
1580 2535
1581 2534
1582 2534
1583 2534
1584 2535
1585 2535
1586 2534
1587 2539
1588 2534
1589 2533
1590 2533
1591 2535
1592 2538
1593 2534
1594 2533
1595 2534
1596 2533
1597 2533
1598 2533
1599 2533
1600 2535
1601 2533
1602 2538
1603 2532
1604 2533
1605 2533
1606 2533
1607 2532
1608 2533
1609 2533
1610 2532
1611 2533
1612 2538
1613 2533
1614 2532
1615 2531
1616 2532
1617 2533
1618 2533
1619 2532
1620 2532
1621 2531
1622 2535
1623 2532
1624 2540
1625 2532
1626 2533
1627 2536
1628 2536
1629 2535
1630 2532
1631 2534
1632 2533
1633 2534
1634 2535
1635 2534
1636 2530
1637 2530
1638 2532
1639 2533
1640 2532
1641 2532
1642 2533
1643 2535
1644 2530
1645 2536
1646 2532
1647 2531
1648 2537
1649 2533
1650 2537
1651 2537
1652 2537
1653 2532
1654 2531
1655 2531
1656 2532
1657 2532
1658 2530
1659 2533
1660 2537
1661 2530
1662 2532
1663 2535
1664 2529
1665 2535
1666 2531
1667 2531
1668 2531
1669 2525
1670 2531
1671 2536
1672 2532
1673 2530
1674 2527
1675 2531
1676 2530
1677 2529
1678 2526
1679 2524
1680 2524
1681 2537
1682 2531
1683 2538
1684 2526
1685 2532
1686 2533
1687 2524
1688 2524
1689 2524
1690 2535
1691 2534
1692 2537
1693 2524
1694 2528
1695 2525
1696 2532
1697 2535
1698 2531
1699 2527
1700 2530
1701 2530
1702 2531
1703 2529
1704 2531
1705 2529
1706 2532
1707 2534
1708 2530
1709 2534
1710 2538
1711 2529
1712 2527
1713 2531
1714 2530
1715 2531
1716 2530
1717 2533
1718 2531
1719 2529
1720 2533
1721 2526
1722 2531
1723 2531
1724 2529
1725 2531
1726 2530
1727 2530
1728 2531
1729 2533
1730 2529
1731 2529
1732 2524
1733 2524
1734 2531
1735 2523
1736 2537
1737 2535
1738 2529
1739 2537
1740 2536
1741 2529
1742 2536
1743 2530
1744 2529
1745 2533
1746 2530
1747 2529
1748 2530
1749 2522
1750 2527
1751 2521
1752 2529
1753 2521
1754 2521
1755 2523
1756 2530
1757 2529
1758 2527
1824 2520
1825 2520
1826 2520
1827 2519
1828 2520
1829 2519
1830 2520
1831 2519
1832 2522
1833 2515
1834 2523
1835 2519
1836 9999
1837 2518
1838 2519
1839 2518
1840 2517
1841 2522
1842 2522
1843 9999
1844 9999
1845 9999
1846 2517
1847 2516
1848 2519
1849 9999
1850 2516
1851 2516
1852 2516
1853 2518
1854 9999
1855 2519
1856 2513
1857 9999
1858 9999
1859 2519
1860 2513
1861 9999
1862 2520
1863 2517
1864 9999
1865 9999
1866 9999
1867 9999
1868 9999
1869 9999
1870 9999
1871 9999
1872 2514
1873 9999
1874 9999
1875 9999
1876 2517
1877 2516
1878 2515
1879 2515
1880 2523
1881 9999
1882 9999
1883 2523
1884 9999
1885 2516
1886 9999
1887 9999
1888 9999
1889 9999
1890 2514
1891 2517
1892 2517
1893 9999
1894 9999
1895 2513
1896 2514
1897 2514
1898 2520
1899 9999
1900 2516
1901 9999
1902 9999
1903 9999
1904 9999
1905 9999
1906 9999
1907 2519
1908 9999
1909 9999
1910 9999
1911 2514
1912 2517
1913 9999
1914 9999
1915 2512
1916 2515
1917 9999
1918 2512
1919 9999
1920 9999
1921 9999
1922 9999
1923 9999
1924 9999
1925 2516
1926 9999
1927 9999
1928 9999
1929 2512
1930 9999
1931 2512
1932 9999
1933 9999
1934 9999
1935 9999
1936 9999
1937 9999
1938 9999
1939 2511
1940 9999
1941 9999
1942 9999
1943 2511
1944 9999
1945 9999
1946 9999
1947 9999
1948 9999
1949 2511
1950 2511
1951 9999
1952 9999
1953 2511
1954 9999
1955 2511
1956 2511
1957 2511
1958 9999
1959 2511
1960 2511
1961 9999
1962 9999
1963 2510
1964 9999
1965 2512
1966 2512
1967 2512
1968 2511
1969 2511
1970 2510
1971 2511
1972 2511
1973 9999
1974 2511
1975 2510
1976 2510
1977 2510
1978 9999
1979 2510
1980 2510
1981 2510
1982 2510
1983 2510
1984 2510
1985 2510
1986 2511
1987 9999
1988 2511
1989 2511
1990 2512
1991 2512
1992 9999
1993 9999
1994 9999
1995 2512
1996 9999
1997 9999
1998 9999
1999 9999
2000 2513
2001 2513
2002 2512
2003 9999
2004 9999
2005 9999
2006 9999
2007 9999
2008 9999
2009 2513
2010 9999
2011 9999
2012 2513
2013 2512
2014 2516
2015 2510
2016 2511
2017 9999
2018 2511
2019 2511
2020 2511
2021 9999
2022 2511
2023 2511
2024 9999
2025 2511
2026 2511
2027 2510
2028 2511
2029 2510
2030 9999
2031 9999
2032 9999
2033 9999
2034 9999
2035 2511
2036 2511
2037 9999
2038 9999
2039 9999
2040 9999
2041 9999
2042 9999
2043 2510
2044 2511
2045 2510
2046 2510
2047 2510
2048 2510
2049 9999
2050 9999
2051 9999
2052 9999
2157 2513
2158 2511
2159 9999
2160 9999
2161 2508
2162 2512
2163 9999
2164 9999
2165 2515
2166 9999
2167 9999
2168 9999
2169 9999
2170 9999
2171 2518
2172 2513
2173 9999
2174 2513
2175 2513
2176 2508
2177 2509
2178 2512
2179 2513
2180 2512
2181 2512
2182 2512
2183 2510
2184 2517
2185 2512
2186 2514
2187 2515
2188 9999
2189 2506
2190 2512
2191 9999
2192 9999
2193 2513
2194 2513
2195 2512
2196 2513
2197 2511
2198 2512
2199 2512
2200 2512
2201 2512
2202 2512
2203 2512
2204 2512
2205 2512
2206 2513
2207 9999
2208 2508
2209 9999

