860 2509
861 2508
862 2509
863 2510
864 2510
865 2509
866 2503
867 2504
868 2505
869 2509
870 2519
871 2504
872 2505
873 2507
874 2505
875 2506
876 2506
877 2506
878 2510
879 2504
880 2505
881 2504
882 2507
883 2512
884 2512
885 2504
886 2505
887 2504
888 2504
889 2503
890 2503
891 2509
892 2510
893 2504
894 2504
895 2504
896 2508
897 2503
898 2503
899 2503
900 2502
901 2502
902 2502
903 2502
904 2503
905 2502
906 2503
907 2503
908 2503
909 2503
910 2503
911 2503
912 2502
913 2502
914 2503
915 2502
916 2505
917 2503
918 2504
919 2503
920 2504
921 2503
922 2503
923 2503
924 2503
925 2504
926 2502
927 2503
928 2503
929 2503
930 2503
931 2503
932 2503
933 2503
934 2504
935 2503
936 2503
937 2506
938 2505
939 2503
940 2503
941 2503
942 2503
943 2503
944 2503
945 2503
946 2503
947 2503
948 2503
949 2506
950 2505
951 2503
952 2503
953 2503
954 2506
955 2503
956 2503
957 2506
958 2504
959 2503
960 2503
961 2503
962 2503
963 2503
964 2503
965 2503
966 2503
967 2503
968 2503
969 2503
970 2504
971 2504
972 2504
973 2504
974 2503
975 2504
976 2504
977 2510
978 2503
979 2503
980 2507
981 2503
982 2504
983 2502
984 2502
985 2502
986 2502
987 2501
988 2501
989 2502
990 2504
991 2501
992 2501
993 2501
994 2505
995 2501
996 2501
997 2501
998 2502
999 2501
1000 2501
1001 2502
1002 2502
1003 2501
1004 2502
1005 2502
1006 2501
1007 2501
1008 2502
1009 2501
1010 2502
1011 2503
1012 2504
1013 2503
1014 2502
1015 2503
1016 2502
1017 2503
1018 2503
1019 2502
1020 2504
1021 2503
1022 2503
1023 2501
1024 2501
1025 2506
1026 2502
1027 2500
1028 2501
1029 2504
1030 2500
1031 2501
1032 2500
1033 2500
1034 2500
1035 2503
1036 2500
1037 2500
1038 2500
1039 2500
1040 2500
1041 2500
1042 2500
1043 2500
1044 2500
1045 2499
1046 2501
1047 2499
1048 2499
1049 2500
1050 2500
1051 2499
1052 2499
1053 2499
1054 2499
1055 2500
1056 2500
1057 2499
1058 2499
1059 2499
1060 2502
1061 2499
1062 2499
1063 2498
1064 2502
1065 2499
1066 2498
1067 2498
1068 2499
1069 2499
1070 2499
1071 2498
1072 2500
1073 2499
1074 2499
1075 2499
1076 2504
1077 2498
1078 2499
1079 2499
1080 2498
1081 2499
1082 2499
1083 2499
1084 2499
1085 2498
1086 2499
1087 2499
1088 2499
1089 2499
1090 2499
1091 2500
1092 2500
1093 2500
1094 2500
1095 2501
1096 2499
1097 2499
1098 2500
1099 2499
1100 2499
1101 2499
1102 2503
1103 2499
1104 2499
1105 2499
1106 2500
1107 2500
1108 2503
1109 2499
1110 2499
1111 2499
1112 2499
1113 2499
1114 2499
1115 2499
1116 2499
1117 2498
1118 2498
1119 2498
1120 2498
1121 2499
1122 2498
1123 2497
1124 2497
1125 2498
1126 2498
1127 2501
1128 2498
1129 2497
1130 2502
1131 2502
1132 2496
1133 2497
1134 2497
1135 2497
1136 2498
1137 2498
1138 2498
1139 2497
1140 2499
1141 2497
1142 2498
1143 2496
1144 2496
1145 2496
1146 2496
1147 2496
1148 2499
1149 2494
1150 2495
1151 2495
1152 2495
1153 2495
1154 2494
1155 2494
1156 2495
1157 2496
1158 2503
1159 2497
1160 2495
1161 2496
1162 2502
1163 2495
1164 2495
1165 2496
1166 2496
1167 2496
1168 2496
1169 2496
1170 2496
1171 2496
1172 2496
1173 2496
1174 2496
1175 2495
1176 2500
1177 2496
1178 2496
1179 2496
1180 2496
1181 2495
1182 2495
1183 2496
1184 2496
1185 2496
1186 2496
1187 2496
1188 2496
1189 2496
1190 2496
1191 2497
1192 2497
1193 2496
1194 2498
1195 2496
1196 2496
1197 2496
1198 2496
1199 2496
1200 2495
1201 2495
1202 2495
1203 2495
1204 2495
1205 2495
1206 2496
1207 2496
1208 2496
1209 2496
1210 2497
1211 2497
1212 2497
1213 2497
1214 2498
1215 2498
1216 2497
1217 2497
1218 2499
1219 2498
1220 2498
1221 2498
1222 2498
1223 2498
1224 2497
1225 2497
1226 2497
1227 2497
1228 2503
1229 2497
1230 2497
1231 2497
1232 2498
1233 2498
1234 2497
1235 2498
1236 2498
1237 2498
1238 2498
1239 2504
1240 2498
1241 2499
1242 2499
1243 2499
1244 2499
1245 2504
1246 2500
1247 2501
1248 2503
1249 2501
1250 2502
1251 2501
1252 2502
1253 2502
1254 2502
1255 2502
1256 2501
1257 2502
1258 2502
1259 2502
1260 2506
1261 2502
1262 2502
1263 2502
1264 2502
1265 2505
1266 2504
1267 2505
1268 2505
1269 2503
1270 2506
1271 2502
1272 2502
1273 2502
1274 2503
1275 2502
1276 2502
1277 2502
1278 2502
1279 2502
1280 2502
1281 2502
1282 2502
1283 2502
1284 2503
1285 2502
1286 2502
1287 2502
1288 2502
1289 2502
1290 2501
1291 2502
1292 2504
1293 2503
1294 2505
1295 2503
1296 2502
1297 2502
1298 2502
1299 2502
1300 2502
1301 2503
1302 2502
1303 2502
1304 2503
1305 2502
1306 2501
1307 2502
1308 2502
1309 2502
1310 2502
1311 2502
1312 2502
1313 2502
1314 2503
1315 2502
1316 2503
1317 2502
1318 2502
1319 2501
1320 2501
1321 2502
1322 2502
1323 2501
1324 2501
1325 2502
1326 2502
1327 2503
1328 2501
1329 2501
1330 2501
1331 2501
1332 2501
1333 2501
1334 2501
1335 2501
1336 2501
1337 2501
1338 2501
1339 2501
1340 2501
1341 2501
1342 2501
1343 2501
1344 2502
1345 2501
1346 2501
1347 2501
1348 2501
1349 2501
1350 2501
1351 2501
1352 2501
1353 2501
1354 2501
1355 2501
1356 2501
1357 2501
1358 2501
1359 2501
1360 2501
1361 2501
1362 2501
1363 2501
1364 2501
1365 2501
1366 2501
1367 2501
1368 2501
1369 2501
1370 2500
1371 2501
1372 2501
1373 2500
1374 2501
1375 2501
1376 2502
1377 2501
1378 2501
1379 2501
1380 2501
1381 2501
1382 2501
1383 2501
1384 2501
1385 2501
1386 2501
1387 2501
1388 2501
1389 2501
1390 2501
1391 2501
1392 2501
1393 2501
1394 2501
1395 2501
1396 2501
1397 2501
1398 2501
1399 2501
1400 2501
1401 2502
1402 2502
1403 2501
1404 2501
1405 2501
1406 2501
1407 2502
1408 2501
1409 2501
1410 2501
1411 2501
1412 2501
1413 2501
1414 2501
1415 2501
1416 2501
1417 2501
1418 2501
1419 2501
1420 2501
1421 2502
1422 2506
1423 2502
1424 2502
1425 2501
1426 2501
1427 2501
1428 2502
1429 2501
1430 2501
1431 2502
1432 2501
1433 2501
1434 2501
1435 2502
1436 2502
1437 2502
1438 2502
1439 2503
1440 2503
1441 2502
1442 2502
1443 2502
1444 2502
1445 2503
1446 2502
1447 2502
1448 2502
1449 2502
1450 2502
1451 2502
1452 2502
1453 2503
1454 2503
1455 2502
1456 2504
1457 2504
1458 2505
1459 2504
1460 2501
1461 2502
1462 2502
1463 2502
1464 2502
1465 2502
1466 2502
1467 2502
1468 2502
1469 2502
1470 2502
1471 2502
1472 2502
1473 2502
1474 2502
1475 2502
1476 2502
1477 2503
1478 2503
1479 2503
1480 2503
1481 2503
1482 2503
1483 2502
1484 2502
1485 2502
1486 2502
1487 2502
1488 2502
1489 2503
1490 2502
1491 2502
1492 2503
1493 2503
1494 2503
1495 2502
1496 2502
1497 2502
1498 2502
1499 2502
1500 2502
1501 2502
1502 2502
1503 2502
1504 2502
1505 2502
1506 2502
1507 2502
1508 2502
1509 2502
1510 2502
1511 2502
1512 2502
1513 2502
1514 2502
1515 2501
1516 2502
1517 2502
1518 2502
1519 2502
1520 2502
1521 2502
1522 2501
1523 2502
1524 2501
1525 2502
1526 2501
1527 2502
1528 2502
1529 2502
1530 2502
1531 2501
1532 2505
1533 2503
1534 2502
1535 2502
1536 2502
1537 2502
1538 2502
1539 2502
1540 2502
1541 2501
1542 2501
1543 2502
1544 2501
1545 2502
1546 2502
1547 2502
1548 2502
1549 2502
1550 2502
1551 2502
1552 2502
1553 2502
1554 2502
1555 2502
1556 2502
1557 2502
1558 2502
1559 2502
1560 2501
1561 2502
1562 2502
1563 2502
1564 2503
1565 2503
1566 2502
1567 2502
1568 2502
1569 2502
1570 2501
1571 2502
1572 2501
1573 2502
1574 2502
1575 2502
1576 2502
1577 2502
1578 2502
1579 2501
1580 2502
1581 2502
1582 2502
1583 2501
1584 2501
1585 2502
1586 2502
1587 2502
1588 2502
1589 2502
1590 2502
1591 2502
1592 2501
1593 2501
1594 2501
1595 2501
1596 2501
1597 2501
1598 2501
1599 2501
1600 2502
1601 2502
1602 2501
1603 2501
1604 2501
1605 2501
1606 2501
1607 2501
1608 2501
1609 2501
1610 2501
1611 2501
1612 2501
1613 2501
1614 2501
1615 2501
1616 2502
1617 2501
1618 2501
1619 2501
1620 2501
1621 2501
1622 2501
1623 2501
1624 2501
1625 2501
1626 2501
1627 2501
1628 2501
1629 2501
1630 2501
1631 2501
1632 2501
1633 2501
1634 2502
1635 2502
1636 2501
1637 2501
1638 2501
1639 2502
1640 2502
1641 2501
1642 2502
1643 2502
1644 2501
1645 2501
1646 2501
1647 2501
1648 2501
1649 2501
1650 2501
1651 2501
1652 2501
1653 2501
1654 2501
1655 2501
1656 2501
1657 2502
1658 2501
1659 2502
1660 2502
1661 2501
1662 2501
1663 2501
1664 2501
1665 2501
1666 2501
1667 2501
1668 2501
1669 2501
1670 2501
1671 2501
1672 2501
1673 2501
1674 2501
1675 2501
1676 2501
1677 2501
1678 2501
1679 2501
1680 2502
1681 2501
1682 2501
1683 2501
1684 2501
1685 2501
1686 2501
1687 2501
1688 2501
1689 2501
1690 2501
1691 2501
1692 2500
1693 2501
1694 2501
1695 2500
1696 2501
1697 2501
1698 2501
1699 2501
1700 2501
1701 2501
1702 2501
1703 2501
1704 2501
1705 2501
1706 2501
1707 2501
1708 2501
1709 2501
1710 2501
1711 2501
1712 2501
1713 2501
1714 2501
1715 2501
1716 2500
1717 2501
1718 2501
1719 2500
1720 2500
1721 2500
1722 2500
1723 2501
1724 2501
1725 2502
1726 2500
1727 2500
1728 2500
1729 2501
1730 2500
1731 2501
1732 2501
1733 2501
1734 2500
1735 2500
1736 2500
1737 2500
1738 2500
1739 2500
1740 2500
1741 2501
1742 2500
1743 2499
1744 2500
1745 2500
1746 2500
1747 2500
1748 2500
1749 2500
1750 2500
1751 2500
1752 2500
1753 2499
1754 2500
1755 2500
1756 2500
1757 2500
1758 2499
1759 2500
1760 2500
1761 2500
1762 2499
1763 2499
1764 2500
1765 2499
1766 2499
1767 2499
1768 2499
1769 2499
1770 2499
1771 2499
1772 2499
1773 2499
1774 2499
1775 2499
1776 2499
1777 2499
1778 2499
1779 2498
1780 2499
1781 2499
1782 2499
1783 2498
1784 2498
1785 2498
1786 2498
1787 2498
1788 2499
1789 2499
1790 2499
1791 2499
1792 2499
1793 2499
1794 2499
1795 2499
1796 2499
1797 2499
1798 2499
1799 2499
1800 2498
1801 2499
1802 2499
1803 2499
1804 2499
1805 2498
1806 2498
1807 2499
1808 2499
1809 2499
1810 2499
1811 2499
1812 2499
1813 2499
1814 2499
1815 2499
1816 2499
1817 2499
1818 2499
1819 2500
1820 2499
1821 2499
1822 2498
1823 2498
1824 2498
1825 2498
1826 2498
1827 2498
1828 2498
1829 2498
1830 2498
1831 2498
1832 2498
1833 2498
1834 2498
1835 2498
1836 2498
1837 2498
1838 2498
1839 2498
1840 2498
1841 2498
1842 2498
1843 2498
1844 2498
1845 2498
1846 2498
1847 2498
1848 2498
1849 2498
1850 2498
1851 2498
1852 2498
1853 2498
1854 2498
1855 2498
1856 2498
1857 2498
1858 2498
1859 2498
1860 2498
1861 2498
1862 2498
1863 2498
1864 2498
1865 2498
1866 2498
1867 2498
1868 2498
1869 2497
1870 2498
1871 2497
1872 2498
1873 2498
1874 2497
1875 2497
1876 2497
1877 2497
1878 2497
1879 2497
1880 2497
1881 2497
1882 2497
1883 2497
1884 2497
1885 2497
1886 2497
1887 2497
1888 2497
1889 2497
1890 2497
1891 2497
1892 2497
1893 2497
1894 2497
1895 2497
1896 2497
1897 2497
1898 2497
1899 2497
1900 2498
1901 2497
1902 2497
1903 2497
1904 2497
1905 2498
1906 2497
1907 2497
1908 2497
1909 2497
1910 2497
1911 2497
1912 2497
1913 2497
1914 2497
1915 2497
1916 2497
1917 2497
1918 2497
1919 2497
1920 2497
1921 2497
1922 2497
1923 2498
1924 2498
1925 2497
1926 2497
1927 2497
1928 2497
1929 2497
1930 2497
1931 2497
1932 2497
1933 2497
1934 2497
1935 2496
1936 2496
1937 2497
1938 2497
1939 2496
1940 2496
1941 2496
1942 2496
1943 2496
1944 2496
1945 2496
1946 2496
1947 2496
1948 2496
1949 2496
1950 2497
1951 2497
1952 2496
1953 2496
1954 2496
1955 2496
1956 2496
1957 2497
1958 2497
1959 2496
1960 2496
1961 2497
1962 2497
1963 2497
1964 2497
1965 2497
1966 2497
1967 2497
1968 2497
1969 2497
1970 2497
1971 2497
1972 2497
1973 2496
1974 2496
1975 2496
1976 2499
1977 2496
1978 2496
1979 2496
1980 2496
1981 2496
1982 2496
1983 2496
1984 2496
1985 2496
1986 2497
1987 2497
1988 2497
1989 2496
1990 2496
1991 2496
1992 2496
1993 2496
1994 2496
1995 2496
1996 2496
1997 2496
1998 2496
1999 2496
2000 2496
2001 2496
2002 2496
2003 2496
2004 2496
2005 2496
2006 2496
2007 2496
2008 2496
2009 2496
2010 2496
2011 2496
2012 2496
2013 2496
2014 2496
2015 2496
2016 2496
2017 2496
2018 2496
2019 2496
2020 2496
2021 2496
2022 2496
2023 2496
2024 2496
2025 2496
2026 2496
2027 2496
2028 2496
2029 2496
2030 2496
2031 2496
2032 2496
2033 2496
2034 2496
2035 2496
2036 2496
2037 2496
2038 2496
2039 2496
2040 2496
2041 2496
2042 2496
2043 2496
2044 2496
2045 2496
2046 2496
2047 2496
2048 2495
2049 2495
2050 2495
2051 2496
2052 2496
2053 2496
2054 2496
2055 2496
2056 2495
2057 2495
2058 2496
2059 2496
2060 2496
2061 2496
2062 2496
2063 2495
2064 2495
2065 2496
2066 2496
2067 2496
2068 2495
2069 2495
2070 2496
2071 2495
2072 2495
2073 2495
2074 2495
2075 2496
2076 2495
2077 2495
2078 2495
2079 2495
2080 2495
2081 2495
2082 2495
2083 2495
2084 2495
2085 2495
2086 2495
2087 2495
2088 2495
2089 2495
2090 2495
2091 2495
2092 2495
2093 2495
2094 2495
2095 2495
2096 2495
2097 2495
2098 2495
2099 2495
2100 2495
2101 2496
2102 2496
2103 2496
2104 2495
2105 2496
2106 2496
2107 2496
2108 2496
2109 2496
2110 2496
2111 2496
2112 2496
2113 2495
2114 2495
2115 2495
2116 2495
2117 2495
2118 2495
2119 2495
2120 2495
2121 2495
2122 2495
2123 2495
2124 2495
2125 2495
2126 2495
2127 2495
2128 2495
2129 2495
2130 2495
2131 2495
2132 2495
2133 2495
2134 2495
2135 2495
2136 2495
2137 2495
2138 2495
2139 2495
2140 2494
2141 2494
2142 2494
2143 2494
2144 2494
2145 2494
2146 2494
2147 2494
2148 2494
2149 2494
2150 2494
2151 2494
2152 2494
2153 2494
2154 2494
2155 2494
2156 2495
2157 2494
2158 2494
2159 2494
2160 2494
2161 2494
2162 2494
2163 2494
2164 2494
2165 2494
2166 2494
2167 2494
2168 2494
2169 2494
2170 2493
2171 2493
2172 2493
2173 2493
2174 2493
2175 2493
2176 2494
2177 2494
2178 2494
2179 2494
2180 2494
2181 2494
2182 2494
2183 2494
2184 2494
2185 2494
2186 2494
2187 2493
2188 2493
2189 2493
2190 2493
2191 2493
2192 2493
2193 2493
2194 2493
2195 2493
2196 2493
2197 2493
2198 2493
2199 2493
2200 2493
2201 2493
2202 2493
2203 2493
2204 2493
2205 2493
2206 2493
2207 2493
2208 2493
2209 2492
2210 2493
2211 2493
2212 2493
2213 2493
2214 2493
2215 2493
2216 2493
2217 2492
2218 2493
2219 2493
2220 2493
2221 2493
2222 2492
2223 2493
2224 2493
2225 2492
2226 2492
2227 2493
2228 2492
2229 2492
2230 2492
2231 2492
2232 2492
2233 2492
2234 2492
2235 2492
2236 2492
2237 2492
2238 2492
2239 2492
2240 2492
2241 2492
2242 2492
2243 2492
2244 2492
2245 2492
2246 2492
2247 2492
2248 2492
2249 2492
2250 2492
2251 2492
2252 2492
2253 2492
2254 2492
2255 2492
2256 2492
2257 2492
2258 2492
2259 2492
2260 2492
2261 2492
2262 2492
2263 2492
2264 2492
2265 2492
2266 2492
2267 2492
2268 2492
2269 2492
2270 2492
2271 2492
2272 2492
2273 2491
2274 2491
2275 2492
2276 2492
2277 2492
2278 2492
2279 2492
2280 2492
2281 2492
2282 2492
2283 2491
2284 2491
2285 2491
2286 2491
2287 2491
2288 2491
2289 2491
2290 2491
2291 2491
2292 2491
2293 2491
2294 2491
2295 2491
2296 2491
2297 2491
2298 2491
2299 2491
2300 2491
2301 2491
2302 2491
2303 2491
2304 2490
2305 2491
2306 2491
2307 2491
2308 2491
2309 2491
2310 2491
2311 2491
2312 2491
2313 2491
2314 2491
2315 2491
2316 2491
2317 2491
2318 2491
2319 2491
2320 2491
2321 2491
2322 2491
2323 2491
2324 2490
2325 2490
2326 2491
2327 2490
2328 2490
2329 2490
2330 2490
2331 2490
2332 2490
2333 2491
2334 2491
2335 2491
2336 2491
2337 2491
2338 2491
2339 2491
2340 2491
2341 2491
2342 2491
2343 2490
2344 2490
2345 2491
2346 2490
2347 2490
2348 2490
2349 2490
2350 2490
2351 2490
2352 2490
2353 2490
2354 2490
2355 2490
2356 2490
2357 2490
2358 2490
2359 2490
2360 2490
2361 2490
2362 2490
2363 2490
2364 2489
2365 2489
2366 2489
2367 2489
2368 2490
2369 2489
2370 2488
2371 2488
2372 2488
2373 2490
2374 2488
2375 2488
2376 2488
2377 2487
2378 2488
2379 2488
2380 2488
2381 2487
2382 2488
2383 2488
2384 2487
2385 2487
2386 2487
2387 2487
2388 2487
2389 2487
2390 2487
2391 2487
2392 2487
2393 2487
2394 2487
2395 2487
2396 2487
2397 2487
2398 2487
2399 2488
2400 2486
2401 2487
2402 2486
2403 2486
2404 2487
2405 2487
2406 2486
2407 2486
2408 2486
2409 2486
2410 2486
2411 2487
2412 2487
2413 2485
2414 2486
2415 2487
2416 2487
2417 2488
2418 2486
2419 2486
2420 2487
2421 2486
2422 2488
2423 2491
2424 2486
2425 2486
2426 2486
2427 2486
2428 2486
2429 2486
2430 2485
2431 2485
2432 2485
2433 2490
2434 2492
2435 2486
2436 2486
2437 2485
2438 2485
2439 2485
2440 2485
2441 2485
2442 2485
2443 2485
2444 2486
2445 2489
2446 2489
2447 2485
2448 2486
2449 2486
2450 2485
2451 2485
2452 2485
2453 2484
2454 2485
2455 2487
2456 2485
2457 2486
2458 2485
2459 2485
2460 2486
2461 2485
2462 2485
2463 2484
2464 2485
2465 2485
2466 2485
2467 2485
2468 2485
2469 2485
2470 2485
2471 2486
2472 2487
2473 2486
2474 2485
2475 2489
2476 2490
2477 2488
2478 2485
2479 2484
2480 2485
2481 2485
2482 2485
2483 2485
2484 2485
2485 2484
2486 2485
2487 2485
2488 2485
2489 2485
2490 2485
2491 2485
2492 2484
2493 2484
2494 2484
2495 2484
2496 2484
2497 2484
2498 2484
2499 2484
2500 2484
2501 2485
2502 2485
2503 2484
2504 2484
2505 2485
2506 2484
2507 2485
2508 2484
2509 2484
2510 2484
2511 2484
2512 2484
2513 2484
2514 2484
2515 2484
2516 2484
2517 2484
2518 2484
2519 2484
2520 2484
2521 2484
2522 2484
2523 2484
2524 2483
2525 2484
2526 2484
2527 2484
2528 2484
2529 2484
2530 2484
2531 2484
2532 2484
2533 2484
2534 2484
2535 2484
2536 2484
2537 2483
2538 2483
2539 2483
2540 2483
2541 2487
2542 2488
2543 2484
2544 2484
2545 2489
2546 2484
2547 2483
2548 2488
2549 2484
2550 2484
2551 2484
2552 2484
2553 2483
2554 2484
2555 2484
2556 2483
2557 2483
2558 2487
2559 2485
2560 2486
2561 2485
2562 2485
2563 2484
2564 2483
2565 2483
2566 2483
2567 2482
2568 2483
2569 2483
2570 2483
2571 2483
2572 2483
2573 2483
2574 2483
2575 2483
2576 2483
2577 2483
2578 2484
2579 2483
2580 2483
2581 2483
2582 2483
2583 2484
2584 2483
2585 2483
2586 2483
2587 2483
2588 2483
2589 2483
2590 2483
2591 2483
2592 2484
2593 2488
2594 2487
2595 2487
2596 2489
2597 2482
2598 2485
2599 2490
2600 2486
2601 2482
2602 2485
2603 2482
2604 2481
2605 2483
2606 2480
2607 2482
2608 2484
2609 2485
2610 2484
2611 2481
2612 2484
2613 2481
2614 2481
2615 2482
2616 2481
2617 2481
2618 2481
2619 2482
2620 2482
2621 2482
2622 2481
2623 2483
2624 2483
2625 2482
2626 2482
2627 2482
2628 2482
2629 2482
2630 2482
2631 2482
2632 2482
2633 2482
2634 2482
2635 2482
2636 2482
2637 2482
2638 2482
2639 2482
2640 2482
2641 2482
2642 2482
2643 2482
2644 2483
2645 2483
2646 2483
2647 2482
2648 2483
2649 2483
2650 2483
2651 2483
2652 2485
2653 2482
2654 2483
2655 2483
2656 2483
2657 2483
2658 2482
2659 2482
2660 2483
2661 2483
2662 2482
2663 2482
2664 2483
2665 2483
2666 2482
2667 2483
2668 2483
2669 2483
2670 2483
2671 2483
2672 2483
2673 2483
2674 2483
2675 2483
2676 2483
2677 2484
2678 2483
2679 2484
2680 2484
2681 2483
2682 2484
2683 2484
2684 2484
2685 2484
2686 2483
2687 2483
2688 2483
2689 2483
2690 2483
2691 2483
2692 2483
2693 2483
2694 2484
2695 2484
2696 2483
2697 2483
2698 2483
2699 2483
2700 2484
2701 2483
2702 2483
2703 2483
2704 2484
2705 2484
2706 2487
2707 2484
2708 2484
2709 2484
2710 2483
2711 2483
2712 2483
2713 2483
2714 2483
2715 2483
2716 2483
2717 2483
2718 2483
2719 2483
2720 2483
2721 2483
2722 2483
2723 2483
2724 2483
2725 2483
2726 2483
2727 2483
2728 2483
2729 2483
2730 2483
2731 2483
2732 2483
2733 2483
2734 2483
2735 2483
2736 2483
2737 2483
2738 2483
2739 2483
2740 2484
2741 2483
2742 2483
2743 2484
2744 2482
2745 2483
2746 2483
2747 2483
2748 2483
2749 2483
2750 2483
2751 2483
2752 2483
2753 2483
2754 2483
2755 2482
2756 2482
2757 2482
2758 2482
2759 2482
2760 2482
2761 2483
2762 2482
2763 2483
2764 2482
2765 2482
2766 2482
2767 2482
2768 2483
2769 2483
2770 2483
2771 2483
2772 2483
2773 2483
2774 2483
2775 2483
2776 2483
2777 2483
2778 2482
2779 2483
2780 2483
2781 2483
2782 2483
2783 2483
2784 2483
2785 2483
2786 2483
2787 2483
2788 2483
2789 2483
2790 2483
2791 2483
2792 2483
2793 2483
2794 2483
2795 2483
2796 2483
2797 2483
2798 2483
2799 2483
2800 2483
2801 2483
2802 2483
2803 2483
2804 2483
2805 2483
2806 2483
2807 2483
2808 2483
2809 2483
2810 2483
2811 2483
2812 2483
2813 2483
2814 2483
2815 2483
2816 2483
2817 2483
2818 2483
2819 2483
2820 2482
2821 2483
2822 2483
2823 2483
2824 2483
2825 2483
2826 2483
2827 2483
2828 2483
2829 2483
2830 2483
2831 2483
2832 2483
2833 2483
2834 2483
2835 2483
2836 2483
2837 2483
2838 2486
2839 2483
2840 2483
2841 2483
2842 2484
2843 2484
2844 2483
2845 2483
2846 2483
2847 2483
2848 2483
2849 2483
2850 2484
2851 2483
2852 2483
2853 2483
2854 2483
2855 2483
2856 2483
2857 2483
2858 2483
2859 2483
2860 2483
2861 2483
2862 2483
2863 2483
2864 2483
2865 2484
2866 2484
2867 2483
2868 2483
2869 2483
2870 2484
2871 2484
2872 2484
2873 2484
2874 2483
2875 2483
2876 2483
2877 2483
2878 2483
2879 2483
2880 2483
2881 2483
2882 2483
2883 2483
2884 2483
2885 2483
2886 2484
2887 2484
2888 2483
2889 2483
2890 2483
2891 2484
2892 2483
2893 2484
2894 2483
2895 2483
2896 2484
2897 2484
2898 2484
2899 2484

1172 2529
1173 2535
1174 2537
1175 2530
1176 2539
1177 2537
1178 2537
1179 2538
1180 2534
1181 2537
1182 2538
1183 2539
1184 2536
1185 2537
1186 2542
1187 2538
1188 2536
1189 2543
1190 2537
1191 2537
1192 2537
1193 2537
1194 2531
1195 2531
1196 2537
1197 2529
1198 2529
1199 2544
1200 2538
1201 2543
1202 2543
1203 2537
1204 2538
1205 2544
1206 2544
1207 2543
1208 2539
1209 2540
1210 2538
1211 2540
1212 2539
1213 2540
1214 2538
1215 2544
1216 2533
1217 2542
1218 2538
1219 2537
1220 2544
1221 2545
1222 2539
1223 2538
1224 2546
1225 2546
1226 2539
1227 2543
1228 2543
1229 2543
1230 2542
1231 2538
1232 2543
1233 2539
1234 2545
1235 2537
1236 2544
1237 2540
1238 2532
1239 2541
1240 2542
1241 2542
1242 2536
1243 2547
1244 2542
1245 2542
1246 2543
1247 2539
1248 2544
1249 2544
1250 2543
1251 2542
1252 2546
1253 2542
1254 2537
1255 2543
1256 2543
1257 2542
1258 2544
1259 2544
1260 2537
1261 2545
1262 2540
1263 2541
1264 2545
1265 2544
1266 2544
1267 2546
1268 2545
1269 2543
1270 2540
1271 2539
1272 2542
1273 2537
1274 2543
1275 2546
1276 2544
1277 2543
1278 2543
1279 2542
1280 2542
1281 2536
1282 2537
1283 2534
1284 2536
1285 2543
1286 2541
1287 2542
1288 2546
1289 2542
1290 2536
1291 2545
1292 2544
1293 2541
1294 2542
1295 2548
1296 2540
1297 2540
1298 2542
1299 2549
1300 2541
1301 2545
1302 2540
1303 2540
1304 2540
1305 2543
1306 2539
1307 2536
1308 2536
1309 2541
1310 2548
1311 2540
1312 2539
1313 2545
1314 2545
1315 2541
1316 2541
1317 2541
1318 2541
1319 2541
1320 2546
1321 2541
1322 2547
1323 2541
1324 2539
1325 2541
1326 2546
1327 2534
1328 2548
1329 2541
1330 2539
1331 2535
1332 2548
1333 2541
1334 2541
1335 2543
1336 2541
1337 2540
1338 2534
1339 2540
1340 2540
1341 2538
1342 2548
1343 2548
1344 2534
1345 2541
1346 2536
1347 2541
1348 2539
1349 2533
1350 2536
1351 2545
1352 2540
1353 2541
1354 2545
1355 2538
1356 2537
1357 2540
1358 2541
1359 2541
1360 2541
1361 2540
1362 2533
1363 2546
1364 2542
1365 2542
1366 2540
1367 2540
1368 2539
1369 2540
1370 2540
1371 2541
1372 2536
1373 2539
1374 2539
1375 2538
1376 2538
1377 2538
1378 2539
1379 2541
1380 2538
1381 2540
1382 2538
1383 2539
1384 2540
1385 2539
1386 2534
1387 2544
1388 2543
1389 2538
1390 2539
1391 2539
1392 2539
1393 2540
1394 2540
1395 2539
1396 2539
1397 2539
1398 2540
1399 2537
1400 2543
1401 2542
1402 2539
1403 2540
1404 2541
1405 2542
1406 2544
1407 2532
1408 2540
1409 2543
1410 2539
1411 2539
1412 2539
1413 2540
1414 2540
1415 2543
1416 2531
1417 2539
1418 2539
1419 2539
1420 2539
1421 2536
1422 2537
1423 2540
1424 2541
1425 2537
1426 2530
1427 2541
1428 2539
1429 2539
1430 2541
1431 2538
1432 2530
1433 2535
1434 2538
1435 2538
1436 2538
1437 2539
1438 2541
1439 2539
1440 2538
1441 2544
1442 2537
1443 2544
1444 2536
1445 2543
1446 2538
1447 2538
1448 2538
1449 2543
1450 2539
1451 2541
1452 2537
1453 2538
1454 2538
1455 2538
1456 2537
1457 2541
1458 2539
1459 2538
1460 2538
1461 2543
1462 2542
1463 2529
1464 2542
1465 2539
1466 2539
1467 2538
1468 2538
1469 2539
1470 2539
1471 2539
1472 2537
1473 2538
1474 2538
1475 2537
1476 2543
1477 2537
1478 2538
1479 2528
1480 2542
1481 2539
1482 2537
1483 2540
1484 2540
1485 2528
1486 2528
1487 2539
1488 2541
1489 2538
1490 2538
1491 2538
1492 2538
1493 2538
1494 2541
1495 2539
1496 2529
1497 2533
1498 2533
1499 2538
1500 2535
1501 2537
1502 2538
1503 2538
1504 2537
1505 2527
1506 2536
1507 2529
1508 2540
1509 2536
1510 2539
1511 2540
1512 2536
1513 2534
1514 2535
1515 2536
1516 2538
1517 2535
1518 2535
1519 2534
1520 2535
1521 2540
1522 2535
1523 2536
1524 2534
1525 2534
1526 2526
1527 2528
1528 2534
1529 2534
1530 2534
1531 2533
1532 2534
1533 2531
1534 2538
1535 2534
1536 2526
1537 2533
1538 2532
1539 2534
1540 2533
1541 2536
1542 2533
1543 2534
1544 2535
1545 2536
1546 2532
1547 2537
1548 2532
1549 2531
1550 2535
1551 2532
1552 2532
1553 2533
1554 2533
1555 2536
1556 2535
1557 2533
1558 2532
1559 2527
1560 2533
1561 2528
1562 2531
1563 2523
1564 2528
1565 2526
1566 2527
1567 2523
1568 2523
1569 2523
1570 2527
1571 2523
1572 2523
1573 2527
1574 2537
1575 2522
1576 2531
1577 2532
1578 2533
1579 2530
1580 2530
1581 2530
1582 2529
1583 2531
1584 2532
1585 2532
1586 2535
1587 2521
1588 2532
1589 2529
1590 2529
1591 2531
1592 2530
1593 2529
1594 2528
1595 2535
1596 2529
1597 2529
1598 2529
1599 2529
1600 2535
1601 2533
1602 2531
1603 2529
1604 2525
1605 2526
1606 2532
1607 2532
1608 2527
1609 2529
1610 2529
1611 2529
1612 2535
1613 2524
1614 2528
1615 2529
1616 2529
1617 2529
1618 2533
1619 2529
1620 2529
1621 2529
1622 2529
1623 2530
1624 2530
1625 2530
1626 2530
1627 2530
1628 2529
1629 2529
1630 2529
1631 2530
1632 2524
1633 2530
1634 2529
1635 2529
1636 2534
1637 2533
1638 2530
1639 2530
1640 2536
1641 2529
1642 2530
1643 2530
1644 2530
1645 2530
1646 2532
1647 2530
1648 2531
1649 2530
1650 2529
1651 2528
1652 2522
1653 2522
1654 2527
1655 2522
1656 2533
1657 2527
1658 2531
1659 2522
1660 2530
1661 2522
1662 2530
1663 2528
1664 2530
1665 2526
1666 2534
1667 2522
1668 2526
1669 2523
1670 2529
1767 2523
1768 2524
1769 2525
1770 2513
1771 2522
1772 2524
1773 2523
1774 2527
1775 2516
1776 2522
1777 2526
1778 2520
1779 2522
1780 2521
1781 2520
1782 2521
1783 2522
1784 2522
1785 2522
1786 2522
1787 2522
1788 2525
1789 2526
1790 2522
1791 2522
1792 2523
1793 2523
1794 2523
1795 2523
1796 2524
1797 2523
1798 2522
1799 2523
1800 2523
1801 2523
1802 2523
1803 2526
1804 2527
1805 2526
1806 2514
1807 2520
1808 2523
1809 2524
1810 2519
1811 2516
1812 2513
1813 2514
1814 2513
1815 2517
1816 2519
1817 2513
1818 2524
1819 2525
1820 2525
1821 2512
1822 2511
1823 2511
1824 2518
1825 2514
1826 2519
1827 2525
1828 2516
1829 2517
1830 2515
1831 2518
1832 2516
1833 2516
1834 2515
1835 2517
1836 2516
1837 2515
1838 2516
1839 2515
1840 2515
1841 2515
1842 2515
1843 2516
1844 2515
1845 2515
1846 9999
1847 2514
1848 2514
1849 2514
1850 2515
1851 2514
1852 2513
1853 2513
1854 9999
1855 9999
1856 2513
1857 2514
1858 9999
1859 9999
1860 2514
1861 2514
1862 2513
1863 2514
1864 2514
1865 2513
1866 2514
1867 9999
1868 9999
1869 2517
1870 2517
1871 2512
1872 2512
1873 2512
1874 2512
1875 2511
1876 2512
1877 2512
1878 2511
1879 9999
1880 9999
1881 9999
1882 9999
1883 2512
1884 2512
1885 2512
1886 2512
1887 2512
1888 2511
1889 2512
1890 2512
1891 9999
1892 2509
1893 2517
1894 2512
1895 2514
1896 2515
1897 9999
1898 2513
1899 9999
1900 9999
1901 9999
1902 2511
1903 2515
1904 9999
1905 9999
1906 2512
1907 9999
1908 9999
1909 2512
1910 2511
1911 2511
1912 2512
1913 2511
1914 2511
1915 2511
1916 2511
1917 2513
1918 2512
1919 2512
1920 2512
1921 2512
1922 2515
1923 2512
1924 2512
1925 2511
1926 2515
1927 2513
1928 2515
1929 9999
1930 2511
1931 2515
1932 2511
1933 2512
1934 2512
1935 2509
1936 2513
1937 2513
1938 2512
1939 2513
1940 2512
1941 2513
1942 2513
1943 2513
1944 2513
1945 2513
1946 2513
1947 2512
1948 2512
1949 2513
1950 2513
1951 2513
1952 2516
1953 2514
1954 9999
1955 9999
1956 9999
1957 9999
1958 2512
1959 2513
1960 9999
1961 9999
1962 9999
1963 9999
1964 2509
1965 2512
1966 2511
1967 2510
1968 9999
1969 9999
1970 9999
1971 9999
1972 9999
1973 2512
1974 9999
1975 9999
1976 2511
1977 2512
1978 9999
1979 2509
1980 2510
1981 2510
1982 2509
1983 2511
1984 2511
1985 9999
1986 9999
1987 2510
1988 9999
1989 9999
1990 9999
1991 2510
1992 2510
1993 2510
1994 9999
1995 9999
1996 2513
1997 2508
1998 9999
1999 2509
2000 9999
2001 2509
2002 2509
2003 2510
2004 2511
2005 2511
2006 2510
2007 2510
2008 2510
2009 2510
2010 9999
2011 2508
2012 2510
2013 2511
2014 2510
2015 9999
2016 9999
2017 2508
2018 9999
2019 2511
2020 9999
2021 9999
2022 9999
2023 9999
2024 9999
2025 9999
2026 9999
2027 9999
2028 9999
2029 9999
2030 9999
2031 9999
2032 9999
2033 9999
2034 9999
2035 9999
2036 9999
2037 9999
2038 9999
2039 9999
2040 9999
2114 2508
2115 2516
2116 2509
2117 2517
2118 2517
2119 2516
2120 2517
2121 2517
2122 2509
2123 2517
2124 2516
2125 2517
2126 2516
2127 2517
2128 2517
2129 2518
2130 2520
2131 2523
2132 2523
2133 2525
2134 2526
2135 2527
2136 2528
2137 2527
2138 2527
2139 2527
2140 2527
2141 2534
2142 2527
2143 2521
2144 2526
2145 2528
2146 2526
2147 2526
2148 2520
2149 2520
2150 2526
2151 2527
2152 2527
2153 2525
2154 2531
2155 2520
2156 2520
2157 2525
2158 2524
2159 2524
2160 2524
2161 2520
2162 2522
2163 2522
2164 2521
2165 2515
2166 2519
2167 2519
2168 2519
2169 2509
2170 2516
2171 2516
2172 2510
2173 2505
2174 9999
2175 9999
2176 9999
2177 9999
2178 9999
2179 9999
2180 9999
2181 9999
2182 9999
2183 9999
2215 9999
2216 9999
2217 9999
2218 9999
2219 9999
2220 2512
2221 9999
2222 9999
2223 2512
2224 2511
2225 2511
2226 2507
2227 2514
2228 2514
2229 2514
2230 2515
2231 2515
2232 2514
2233 2514
2234 2515
2235 2507
2236 2512
2237 2511
2238 2512
2239 2511
2240 2511
2241 2512
2242 2511
2243 2511
2244 2505
2245 2512
2246 2511
2247 2511
2248 2518
2249 2512
2250 2512
2251 2514
2252 2511
2253 2517
2254 2512
2255 2512
2256 2512
2257 2512
2258 2512
2259 2514
2260 2505
2261 2513
2262 2505
2263 2506
2264 2505
2265 2505
2266 2513
2267 2511
2268 2512
2269 2513
2270 2512
2271 2512
2272 2515
2273 2513
2274 2510
2275 2507
2276 2513
2277 2506
2278 2504
2279 2512
2280 2514
2281 2513
2282 2506
2283 2506
2284 2506
2285 2514
2286 2509
2287 2512
2288 2516
2289 2504
2290 2514
2291 2510
2292 2510
2293 2510
2294 2516
2295 2518
2296 2505
2297 2514
2298 2513
2299 2504
2300 2505
2301 2514
2302 2517
2303 2504
2304 2504
2305 2504
2306 2516
2307 2504
2308 2514
2309 2506
2310 2513
2311 2504
2312 2505
2313 2504
2314 2514
2315 2514
2316 2505
2317 2506
2318 2517
2319 2515
2320 2517
2321 2514
2322 2509
2323 2515
2324 2504
2325 2504
2326 2511
2327 2514
2328 2515
2329 2515
2330 2515
2331 2504
2332 2512
2333 2509
2334 2504
2335 2504
2336 2504
2337 2505
2338 2515
2339 2505
2340 2504
2341 2504
2342 2506
2343 2504
2344 2504
2345 2518
2346 2504
2347 2515
2348 2510
2349 2510
2350 2509
2351 2515
2352 2517
2353 2515
2354 2515
2355 2515
2356 2515
2357 2514
2358 2514
2359 2516
2360 2516
2361 2520
2362 2514
2363 2515
2364 2515
2365 2515
2366 2515
2367 2516
2368 2514
2369 2515
2370 2516
2371 2515
2372 2515
2373 2516
2374 2517
2375 2521
2376 2523
2377 2523
2378 2521
2379 2520
2380 2520
2381 2521
2382 2517
2383 2519
2384 2519
2385 2511
2386 2519
2387 2523
2388 2510
2389 2521
2390 2521
2391 2517
2392 2517
2393 2517
2394 2517
2395 2517
2396 2517
2397 2518
2398 2517
2399 2522
2400 2515
2401 2511
2402 2515
2403 2520
2404 2520
2405 2520
2406 2522
2407 2522
2408 2521
2409 2521
2410 2519
2411 2518
2412 2518
2413 2519
2414 2516
2415 2519
2416 2519
2417 2525
2418 2519
2419 2513
2420 2516
2421 2514
2422 2521
2423 2523
2424 2523
2425 2523
2426 2521
2427 2525
2428 2521
2429 2522
2430 2516
2431 2520
2432 2519
2433 2524
2434 2523
2435 2525
2436 2519
2437 2518
2438 2527
2439 2514
2440 2526
2441 2518
2442 2519
2443 2519
2444 2521
2445 2514
2446 2515
2447 2515
2448 2514
2449 2518
2450 2520
2451 2519
2452 2519
2453 2519
2454 2520
2455 2519
2456 2526
2457 2520
2458 2521
2459 2520
2460 2520
2461 2527
2462 2519
2463 2520
2464 2521
2465 2513
2466 2520
2467 2520
2468 2521
2469 2519
2470 2513
2471 2526
2472 2521
2473 2517
2474 2517
2475 2523
2476 2516
2477 2514
2478 2520
2479 2520
2480 2522
2481 2522
2482 2520
2483 2520
2484 2523
2485 2520
2486 2520
2487 2520
2488 2519
2489 2520
2490 2520
2491 2519
2492 2519
2493 2520
2494 2519
2495 2519
2496 2520
2497 2519
2498 2521
2499 2518
2500 2525
2501 2526
2502 2521
2503 2523
2504 2516
2505 2512
2506 2520
2507 2521
2508 2511
2509 2518
2510 2521
2511 2520
2512 2523
2513 2522
2514 2519
2515 2519
2516 2518
2517 2517
2518 2517
2519 2518
2520 2518
2521 2518
2522 2518
2523 2517
2524 2517
2525 2518
2526 2517
2527 2518
2528 2517
2529 2518
2530 2517
2531 2517
2532 2517
2533 2517
2534 2512
2535 2518
2536 2517
2537 2522

