789 2511
790 2514
791 2510
792 2510
793 2510
794 2510
795 2510
796 2510
797 2510
798 2511
799 2512
800 2509
801 2513
802 2512
803 2511
804 2510
805 2510
806 2509
807 2511
808 2510
809 2509
810 2510
811 2510
812 2510
813 2510
814 2508
815 2512
816 2510
817 2509
818 2511
819 2506
820 2507
821 2508
822 2507
823 2508
824 2510
825 2508
826 2509
827 2509
828 2508
829 2508
830 2507
831 2505
832 2505
833 2506
834 2507
835 2507
836 2507
837 2507
838 2507
839 2506
840 2505
841 2504
842 2505
843 2506
844 2507
845 2509
846 2508
847 2519
848 2508
849 2510
850 2512
851 2513
852 2514
853 2515
854 2516
855 2515
856 2517
857 2515
858 2518
859 2518
860 2514
861 2513
862 2520
863 2522
864 2513
865 2525
866 2524
867 2513
868 2513
869 2515
870 2514
871 2514
872 2514
873 2514
874 2515
875 2515
876 2523
877 2513
878 2513
879 2516
880 2513
881 2512
882 2513
883 2517
884 2513
885 2513
886 2512
887 2512
888 2513
889 2513
890 2515
891 2518
892 2519
893 2512
894 2511
895 2508
896 2509
897 2512
898 2512
899 2509
900 2510
901 2516
902 2513
903 2509
904 2511
905 2510
906 2510
907 2510
908 2510
909 2509
910 2513
911 2511
912 2518
913 2522
914 2510
915 2509
916 2509
917 2508
918 2508
919 2508
920 2512
921 2509
922 2510
923 2509
924 2515
925 2509
926 2509
927 2515
928 2511
929 2512
930 2520
931 2511
932 2514
933 2510
934 2513
935 2509
936 2509
937 2509
938 2509
939 2508
940 2508
941 2514
942 2514
943 2510
944 2510
945 2510
946 2510
947 2510
948 2509
949 2509
950 2509
951 2509
952 2509
953 2514
954 2509
955 2509
956 2510
957 2514
958 2509
959 2509
960 2510
961 2510
962 2510
963 2510
964 2511
965 2510
966 2509
967 2510
968 2509
969 2510
970 2513
971 2513
972 2509
973 2510
974 2510
975 2510
976 2511
977 2510
978 2511
979 2510
980 2510
981 2509
982 2509
983 2510
984 2509
985 2509
986 2510
987 2509
988 2510
989 2510
990 2510
991 2510
992 2509
993 2509
994 2509
995 2509
996 2509
997 2509
998 2509
999 2510
1000 2514
1001 2514
1002 2510
1003 2513
1004 2513
1005 2509
1006 2509
1007 2509
1008 2509
1009 2509
1010 2509
1011 2509
1012 2510
1013 2509
1014 2508
1015 2509
1016 2509
1017 2508
1018 2509
1019 2509
1020 2509
1021 2512
1022 2508
1023 2509
1024 2508
1025 2508
1026 2507
1027 2508
1028 2508
1029 2515
1030 2510
1031 2512
1032 2508
1033 2508
1034 2508
1035 2508
1036 2508
1037 2507
1038 2507
1039 2508
1040 2507
1041 2507
1042 2507
1043 2507
1044 2514
1045 2508
1046 2508
1047 2508
1048 2508
1049 2508
1050 2508
1051 2508
1052 2508
1053 2509
1054 2508
1055 2509
1056 2508
1057 2508
1058 2511
1059 2508
1060 2507
1061 2511
1062 2512
1063 2507
1064 2508
1065 2508
1066 2509
1067 2508
1068 2508
1069 2508
1070 2507
1071 2508
1072 2515
1073 2508
1074 2512
1075 2508
1076 2507
1077 2507
1078 2508
1079 2508
1080 2508
1081 2507
1082 2508
1083 2508
1084 2508
1085 2508
1086 2507
1087 2508
1088 2508
1089 2506
1090 2507
1091 2508
1092 2507
1093 2509
1094 2509
1095 2509
1096 2510
1097 2510
1098 2510
1099 2510
1100 2510
1101 2510
1102 2511
1103 2510
1104 2510
1105 2510
1106 2510
1107 2510
1108 2509
1109 2510
1110 2510
1111 2509
1112 2509
1113 2513
1114 2510
1115 2510
1116 2510
1117 2509
1118 2510
1119 2510
1120 2509
1121 2508
1122 2509
1123 2510
1124 2510
1125 2511
1126 2509
1127 2506
1128 2507
1129 2507
1130 2507
1131 2511
1132 2513
1133 2509
1134 2507
1135 2507
1136 2507
1137 2508
1138 2507
1139 2507
1140 2505
1141 2507
1142 2507
1143 2504
1144 2505
1145 2506
1146 2508
1147 2515
1148 2508
1149 2505
1150 2506
1151 2506
1152 2506
1153 2506
1154 2505
1155 2505
1156 2506
1157 2505
1158 2507
1159 2508
1160 2507
1161 2507
1162 2509
1163 2509
1164 2509
1165 2508
1166 2509
1167 2508
1168 2508
1169 2509
1170 2509
1171 2508
1172 2508
1173 2508
1174 2508
1175 2508
1176 2508
1177 2508
1178 2508
1179 2507
1180 2508
1181 2509
1182 2510
1183 2508
1184 2516
1185 2512
1186 2505
1187 2509
1188 2505
1189 2511
1190 2510
1191 2510
1192 2505
1193 2505
1194 2514
1195 2507
1196 2508
1197 2508
1198 2508
1199 2508
1200 2508
1201 2508
1202 2508
1203 2508
1204 2508
1205 2507
1206 2507
1207 2507
1208 2506
1209 2509
1210 2508
1211 2506
1212 2506
1213 2505
1214 2504
1215 2504
1216 2504
1217 2502
1218 2502
1219 2502
1220 2502
1221 2501
1222 2501
1223 2501
1224 2502
1225 2507
1226 2510
1227 2502
1228 2502
1229 2503
1230 2513
1231 2500
1232 2501
1233 2504
1234 2504
1235 2501
1236 2501
1237 2501
1238 2507
1239 2500
1240 2500
1241 2501
1242 2501
1243 2500
1244 2507
1245 2500
1246 2499
1247 2499
1248 2503
1249 2501
1250 2499
1251 2500
1252 2503
1253 2503
1254 2499
1255 2499
1256 2499
1257 2504
1258 2499
1259 2498
1260 2499
1261 2499
1262 2499
1263 2498
1264 2505
1265 2500
1266 2505
1267 2499
1268 2499
1269 2500
1270 2501
1271 2502
1272 2499
1273 2499
1274 2499
1275 2503
1276 2501
1277 2503
1278 2499
1279 2499
1280 2504
1281 2498
1282 2502
1283 2499
1284 2502
1285 2500
1286 2502
1287 2503
1288 2499
1289 2499
1290 2499
1291 2499
1292 2499
1293 2499
1294 2498
1295 2500
1296 2500
1297 2500
1298 2499
1299 2498
1300 2498
1301 2498
1302 2498
1303 2501
1304 2505
1305 2498
1306 2498
1307 2506
1308 2498
1309 2498
1310 2501
1311 2501
1312 2499
1313 2499
1314 2503
1315 2499
1316 2503
1317 2501
1318 2499
1319 2498
1320 2499
1321 2501
1322 2502
1323 2501
1324 2499
1325 2499
1326 2504
1327 2499
1328 2498
1329 2499
1330 2499
1331 2503
1332 2500
1333 2499
1334 2498
1335 2502
1336 2498
1337 2499
1338 2502
1339 2505
1340 2499
1341 2500
1342 2500
1343 2500
1344 2499
1345 2499
1346 2501
1347 2499
1348 2505
1349 2499
1350 2500
1351 2500
1352 2503
1353 2499
1354 2503
1355 2507
1356 2499
1357 2504
1358 2501
1359 2500
1360 2499
1361 2499
1362 2500
1363 2499
1364 2499
1365 2499
1366 2500
1367 2500
1368 2499
1369 2499
1370 2500
1371 2502
1372 2499
1373 2502
1374 2499
1375 2501
1376 2499
1377 2498
1378 2502
1379 2499
1380 2497
1381 2498
1382 2499
1383 2499
1384 2498
1385 2499
1386 2499
1387 2501
1388 2501
1389 2499
1390 2499
1391 2500
1392 2499
1393 2499
1394 2499
1395 2501
1396 2501
1397 2504
1398 2502
1399 2500
1400 2499
1401 2499
1402 2499
1403 2499
1404 2500
1405 2499
1406 2499
1407 2499
1408 2498
1409 2498
1410 2498
1411 2498
1412 2499
1413 2499
1414 2499
1415 2498
1416 2499
1417 2498
1418 2498
1419 2499
1420 2502
1421 2503
1422 2501
1423 2498
1424 2506
1425 2499
1426 2499
1427 2498
1428 2499
1429 2498
1430 2498
1431 2500
1432 2498
1433 2501
1434 2498
1435 2498
1436 2505
1437 2501
1438 2502
1439 2502
1440 2498
1441 2498
1442 2499
1443 2498
1444 2501
1445 2500
1446 2499
1447 2506
1448 2499
1449 2499
1450 2499
1451 2499
1452 2499
1453 2499
1454 2499
1455 2499
1456 2499
1457 2498
1458 2498
1459 2498
1460 2499
1461 2500
1462 2497
1463 2506
1464 2499
1465 2498
1466 2498
1467 2504
1468 2498
1469 2499
1470 2499
1471 2499
1472 2498
1473 2499
1474 2499
1475 2499
1476 2499
1477 2499
1478 2499
1479 2499
1480 2498
1481 2499
1482 2498
1483 2498
1484 2499
1485 2498
1486 2498
1487 2499
1488 2499
1489 2499
1490 2499
1491 2498
1492 2499
1493 2499
1494 2498
1495 2498
1496 2499
1497 2498
1498 2498
1499 2498
1500 2498
1501 2498
1502 2498
1503 2498
1504 2498
1505 2498
1506 2498
1507 2498
1508 2498
1509 2498
1510 2498
1511 2498
1512 2498
1513 2498
1514 2498
1515 2498
1516 2498
1517 2498
1518 2498
1519 2498
1520 2498
1521 2498
1522 2498
1523 2498
1524 2498
1525 2498
1526 2499
1527 2499
1528 2499
1529 2499
1530 2499
1531 2498
1532 2498
1533 2498
1534 2499
1535 2499
1536 2498
1537 2498
1538 2498
1539 2499
1540 2500
1541 2499
1542 2501
1543 2501
1544 2500
1545 2499
1546 2498
1547 2498
1548 2499
1549 2501
1550 2498
1551 2498
1552 2498
1553 2498
1554 2499
1555 2499
1556 2498
1557 2503
1558 2499
1559 2499
1560 2499
1561 2499
1562 2498
1563 2498
1564 2499
1565 2499
1566 2499
1567 2498
1568 2499
1569 2499
1570 2499
1571 2499
1572 2499
1573 2498
1574 2498
1575 2498
1576 2498
1577 2498
1578 2498
1579 2498
1580 2498
1581 2498
1582 2498
1583 2498
1584 2499
1585 2498
1586 2498
1587 2499
1588 2498
1589 2501
1590 2499
1591 2502
1592 2506
1593 2499
1594 2505
1595 2500
1596 2503
1597 2500
1598 2503
1599 2498
1600 2500
1601 2499
1602 2500
1603 2500
1604 2499
1605 2500
1606 2500
1607 2499
1608 2498
1609 2497
1610 2497
1611 2497
1612 2497
1613 2497
1614 2496
1615 2496
1616 2496
1617 2497
1618 2497
1619 2497
1620 2497
1621 2497
1622 2496
1623 2498
1624 2496
1625 2496
1626 2497
1627 2496
1628 2497
1629 2496
1630 2497
1631 2498
1632 2499
1633 2496
1634 2495
1635 2498
1636 2498
1637 2498
1638 2496
1639 2496
1640 2496
1641 2496
1642 2496
1643 2496
1644 2496
1645 2495
1646 2495
1647 2495
1648 2495
1649 2495
1650 2496
1651 2495
1652 2495
1653 2495
1654 2495
1655 2495
1656 2495
1657 2495
1658 2495
1659 2495
1660 2495
1661 2495
1662 2495
1663 2495
1664 2495
1665 2495
1666 2495
1667 2495
1668 2495
1669 2495
1670 2495
1671 2495
1672 2495
1673 2495
1674 2495
1675 2495
1676 2495
1677 2495
1678 2495
1679 2495
1680 2495
1681 2495
1682 2495
1683 2495
1684 2495
1685 2495
1686 2495
1687 2495
1688 2495
1689 2494
1690 2495
1691 2495
1692 2494
1693 2494
1694 2495
1695 2495
1696 2494
1697 2494
1698 2495
1699 2495
1700 2495
1701 2494
1702 2494
1703 2494
1704 2495
1705 2495
1706 2495
1707 2495
1708 2494
1709 2495
1710 2495
1711 2494
1712 2494
1713 2495
1714 2495
1715 2495
1716 2494
1717 2494
1718 2494
1719 2494
1720 2495
1721 2495
1722 2494
1723 2495
1724 2494
1725 2495
1726 2495
1727 2495
1728 2495
1729 2495
1730 2495
1731 2495
1732 2495
1733 2495
1734 2495
1735 2495
1736 2495
1737 2495
1738 2495
1739 2498
1740 2497
1741 2497
1742 2495
1743 2494
1744 2495
1745 2495
1746 2496
1747 2497
1748 2495
1749 2496
1750 2495
1751 2494
1752 2494
1753 2494
1754 2495
1755 2495
1756 2495
1757 2495
1758 2495
1759 2494
1760 2494
1761 2494
1762 2494
1763 2495
1764 2495
1765 2493
1766 2498
1767 2494
1768 2495
1769 2495
1770 2495
1771 2495
1772 2494
1773 2495
1774 2494
1775 2493
1776 2494
1777 2494
1778 2494
1779 2494
1780 2494
1781 2494
1782 2494
1783 2494
1784 2494
1785 2494
1786 2494
1787 2494
1788 2494
1789 2494
1790 2493
1791 2494
1792 2493
1793 2494
1794 2494
1795 2494
1796 2494
1797 2493
1798 2494
1799 2493
1800 2495
1801 2493
1802 2493
1803 2493
1804 2493
1805 2493
1806 2493
1807 2493
1808 2493
1809 2493
1810 2493
1811 2493
1812 2493
1813 2493
1814 2493
1815 2493
1816 2493
1817 2493
1818 2493
1819 2493
1820 2493
1821 2493
1822 2493
1823 2493
1824 2493
1825 2493
1826 2493
1827 2492
1828 2492
1829 2492
1830 2493
1831 2493
1832 2493
1833 2493
1834 2493
1835 2493
1836 2492
1837 2492
1838 2493
1839 2493
1840 2492
1841 2492
1842 2493
1843 2492
1844 2493
1845 2493
1846 2493
1847 2493
1848 2493
1849 2492
1850 2492
1851 2492
1852 2492
1853 2492
1854 2492
1855 2492
1856 2492
1857 2492
1858 2492
1859 2492
1860 2492
1861 2492
1862 2492
1863 2492
1864 2493
1865 2492
1866 2492
1867 2492
1868 2492
1869 2492
1870 2492
1871 2492
1872 2492
1873 2492
1874 2492
1875 2492
1876 2493
1877 2492
1878 2492
1879 2493
1880 2492
1881 2492
1882 2493
1883 2493
1884 2492
1885 2493
1886 2492
1887 2493
1888 2493
1889 2493
1890 2493
1891 2493
1892 2493
1893 2493
1894 2493
1895 2492
1896 2492
1897 2492
1898 2492
1899 2492
1900 2492
1901 2493
1902 2492
1903 2493
1904 2493
1905 2492
1906 2492
1907 2492
1908 2491
1909 2491
1910 2490
1911 2490
1912 2490
1913 2490
1914 2490
1915 2490
1916 2490
1917 2489
1918 2490
1919 2490
1920 2490
1921 2490
1922 2490
1923 2490
1924 2490
1925 2490
1926 2489
1927 2489
1928 2490
1929 2489
1930 2489
1931 2489
1932 2489
1933 2489
1934 2489
1935 2490
1936 2489
1937 2490
1938 2490
1939 2490
1940 2490
1941 2490
1942 2490
1943 2490
1944 2490
1945 2491
1946 2490
1947 2490
1948 2491
1949 2490
1950 2490
1951 2490
1952 2490
1953 2490
1954 2490
1955 2490
1956 2491
1957 2491
1958 2492
1959 2491
1960 2491
1961 2490
1962 2491
1963 2492
1964 2493
1965 2491
1966 2491
1967 2491
1968 2491
1969 2491
1970 2491
1971 2491
1972 2491
1973 2490
1974 2491
1975 2491
1976 2491
1977 2491
1978 2491
1979 2491
1980 2491
1981 2491
1982 2491
1983 2492
1984 2491
1985 2491
1986 2492
1987 2492
1988 2492
1989 2492
1990 2492
1991 2492
1992 2492
1993 2492
1994 2492
1995 2492
1996 2494
1997 2495
1998 2494
1999 2494
2000 2494
2001 2492
2002 2496
2003 2494
2004 2492
2005 2493
2006 2491
2007 2489
2008 2488
2009 2488
2010 2488
2011 2488
2012 2488
2013 2488
2014 2488
2015 2488
2016 2488
2017 2488
2018 2488
2019 2488
2020 2488
2021 2488
2022 2488
2023 2488
2024 2488
2025 2488
2026 2488
2027 2488
2028 2488
2029 2488
2030 2488
2031 2488
2032 2488
2033 2488
2034 2487
2035 2488
2036 2488
2037 2488
2038 2487
2039 2487
2040 2487
2041 2488
2042 2487
2043 2487
2044 2487
2045 2487
2046 2488
2047 2487
2048 2487
2049 2487
2050 2487
2051 2487
2052 2487
2053 2487
2054 2487
2055 2487
2056 2487
2057 2487
2058 2487
2059 2487
2060 2487
2061 2487
2062 2487
2063 2487
2064 2487
2065 2487
2066 2487
2067 2487
2068 2487
2069 2487
2070 2487
2071 2487
2072 2487
2073 2487
2074 2487
2075 2487
2076 2487
2077 2487
2078 2487
2079 2487
2080 2487
2081 2487
2082 2487
2083 2487
2084 2488
2085 2487
2086 2487
2087 2487
2088 2488
2089 2488
2090 2489
2091 2489
2092 2489
2093 2489
2094 2490
2095 2489
2096 2489
2097 2491
2098 2489
2099 2490
2100 2490
2101 2490
2102 2490
2103 2490
2104 2490
2105 2490
2106 2490
2107 2490
2108 2490
2109 2490
2110 2490
2111 2489
2112 2490
2113 2490
2114 2489
2115 2489
2116 2489
2117 2490
2118 2490
2119 2490
2120 2490
2121 2489
2122 2489
2123 2489
2124 2489
2125 2488
2126 2487
2127 2489
2128 2487
2129 2488
2130 2488
2131 2488
2132 2489
2133 2489
2134 2489
2135 2488
2136 2488
2137 2487
2138 2486
2139 2486
2140 2486
2141 2486
2142 2486
2143 2485
2144 2485
2145 2485
2146 2485
2147 2485
2148 2485
2149 2485
2150 2485
2151 2484
2152 2484
2153 2484
2154 2484
2155 2484
2156 2484
2157 2484
2158 2484
2159 2484
2160 2484
2161 2484
2162 2484
2163 2485
2164 2485
2165 2484
2166 2484
2167 2484
2168 2484
2169 2484
2170 2484
2171 2484
2172 2484
2173 2484
2174 2484
2175 2483
2176 2483
2177 2483
2178 2483
2179 2483
2180 2483
2181 2483
2182 2483
2183 2483
2184 2483
2185 2483
2186 2483
2187 2483
2188 2483
2189 2483
2190 2482
2191 2482
2192 2482
2193 2482
2194 2482
2195 2482
2196 2482
2197 2482
2198 2482
2199 2482
2200 2482
2201 2482
2202 2482
2203 2482
2204 2482
2205 2482
2206 2482
2207 2482
2208 2482
2209 2482
2210 2482
2211 2482
2212 2482
2213 2482
2214 2481
2215 2481
2216 2481
2217 2481
2218 2481
2219 2482
2220 2480
2221 2479
2222 2478
2223 2478
2224 2478
2225 2478
2226 2478
2227 2478
2228 2478
2229 2478
2230 2478
2231 2477
2232 2477
2233 2477
2234 2477
2235 2477
2236 2477
2237 2477
2238 2477
2239 2477
2240 2477
2241 2477
2242 2477
2243 2477
2244 2478
2245 2477
2246 2477
2247 2477
2248 2477
2249 2477
2250 2477
2251 2477
2252 2477
2253 2477
2254 2477
2255 2477
2256 2477
2257 2477
2258 2477
2259 2477
2260 2477
2261 2477
2262 2477
2263 2477
2264 2477
2265 2476
2266 2477
2267 2477
2268 2478
2269 2477
2270 2477
2271 2477
2272 2477
2273 2477
2274 2477
2275 2477
2276 2477
2277 2477
2278 2477
2279 2477
2280 2477
2281 2477
2282 2477
2283 2477
2284 2477
2285 2477
2286 2477
2287 2477
2288 2476
2289 2477
2290 2477
2291 2477
2292 2477
2293 2477
2294 2477
2295 2477
2296 2477
2297 2476
2298 2476
2299 2476
2300 2476
2301 2477
2302 2476
2303 2476
2304 2476
2305 2476
2306 2476
2307 2476
2308 2476
2309 2476
2310 2476
2311 2476
2312 2476
2313 2476
2314 2476
2315 2476
2316 2476
2317 2476
2318 2476
2319 2476
2320 2476
2321 2476
2322 2476
2323 2476
2324 2476
2325 2476
2326 2476
2327 2476
2328 2476
2329 2476
2330 2476
2331 2476
2332 2476
2333 2476
2334 2476
2335 2476
2336 2476
2337 2476
2338 2476
2339 2475
2340 2476
2341 2475
2342 2476
2343 2475
2344 2475
2345 2475
2346 2475
2347 2475
2348 2475
2349 2475
2350 2475
2351 2475
2352 2475
2353 2475
2354 2475
2355 2475
2356 2475
2357 2475
2358 2475
2359 2475
2360 2475
2361 2475
2362 2475
2363 2475
2364 2475
2365 2475
2366 2475
2367 2475
2368 2475
2369 2475

1462 2513
1463 9999
1464 2517
1465 9999
1466 9999
1467 9999
1468 2520
1469 2519
1470 2519
1471 2518
1472 2510
1473 2519
1474 2520
1475 9999
1476 9999
1477 2520
1478 2519
1479 2511
1480 2511
1481 2518
1482 2525
1483 2513
1484 2517
1485 2519
1486 2516
1487 2518
1488 2519
1489 2514
1490 2525
1491 2519
1492 2519
1493 2519
1494 2519
1495 2525
1496 2512
1497 2515
1498 2513
1499 2525
1500 2526
1501 2519
1502 2521
1503 2526
1504 2522
1505 2522
1506 2522
1507 2516
1508 2522
1509 2520
1510 2520
1511 2520
1512 2520
1513 2521
1514 2520
1515 2520
1516 2520
1517 2519
1518 2521
1519 2523
1520 2521
1521 2521
1522 2521
1523 2521
1524 2520
1525 2521
1526 2522
1527 2526
1528 2521
1529 2524
1530 2516
1531 2515
1532 2524
1533 2517
1534 2524
1535 2524
1536 2523
1537 2524
1538 2519
1539 2524
1540 2525
1541 2523
1542 2529
1543 2515
1544 2527
1545 2515
1546 2522
1547 2524
1548 2518
1549 2521
1550 2530
1551 2527
1552 2521
1553 2527
1554 2522
1555 2525
1556 2517
1557 2527
1558 2526
1559 2521
1560 2521
1561 2527
1562 2523
1563 2525
1564 2528
1565 2531
1566 2523
1567 2525
1568 2531
1569 2531
1570 2525
1571 2526
1572 2525
1573 2524
1574 2523
1575 2527
1576 2528
1577 2527
1578 2518
1579 2524
1580 2524
1581 2524
1582 2529
1583 2529
1584 2524
1585 2525
1586 2524
1587 2526
1588 2519
1589 2526
1590 2524
1591 2524
1592 2519
1593 2521
1594 2528
1595 2523
1596 2522
1597 2533
1598 2529
1599 2525
1600 2519
1601 2521
1602 2521
1603 2530
1604 2525
1605 2526
1606 2534
1607 2525
1608 2532
1609 2529
1610 2520
1611 2526
1612 2520
1613 2522
1614 2524
1615 2528
1616 2525
1617 2524
1618 2530
1619 2530
1620 2533
1621 2520
1622 2526
1623 2519
1624 2519
1625 2533
1626 2521
1627 2520
1628 2521
1629 2523
1630 2524
1631 2519
1632 2525
1633 2533
1634 2525
1635 2524
1636 2530
1637 2519
1638 2521
1639 2528
1640 2519
1641 2525
1642 2523
1643 2528
1644 2532
1645 2523
1646 2523
1647 2525
1648 2525
1649 2520
1650 2520
1651 2522
1652 2518
1653 2523
1654 2525
1655 2525
1656 2527
1657 2520
1658 2531
1659 2530
1660 2525
1661 2527
1662 2524
1663 2524
1664 2524
1665 2527
1666 2520
1667 2529
1668 2528
1669 2524
1670 2525
1671 2523
1672 2523
1673 2521
1674 2529
1675 2522
1676 2524
1677 2530
1678 2526
1679 2523
1680 2523
1681 2519
1682 2520
1683 2531
1684 2524
1685 2522
1686 2531
1687 2520
1688 2527
1689 2517
1690 2530
1691 2530
1692 2517
1693 2522
1694 2517
1695 2525
1696 2524
1697 2521
1698 2516
1699 2529
1700 2524
1701 2517
1702 2525
1703 2517
1704 2525
1705 2526
1706 2524
1707 2525
1708 2517
1709 2522
1710 2522
1711 2522
1712 2523
1713 2523
1714 2522
1715 2523
1716 2527
1717 2523
1718 2522
1719 2523
1720 2523
1721 2523
1722 2524
1723 2523
1724 2523
1725 2523
1726 2523
1727 2523
1728 2516
1729 2522
1730 2523
1731 2524
1732 2523
1733 2522
1734 2522
1735 2522
1736 2517
1737 2523
1738 2525
1739 2526
1740 2522
1741 2520
1742 2518
1743 2515
1744 2518
1745 2515
1746 2515
1747 2525
1748 2515
1749 2517
1750 2515
1751 2515
1752 2521
1753 2521
1754 2521
1755 2521
1756 2521
1757 2521
1758 2521
1759 2521
1760 2523
1761 2523
1762 2523
1763 2516
1764 2518
1765 2530
1766 2523
1767 2516
1768 2523
1769 2521
1770 2523
1771 2528
1772 2523
1773 2528
1774 2529
1775 2524
1776 2520
1777 2520
1778 2523
1779 2525
1780 2530
1781 2524
1782 2522
1783 2524
1784 2519
1785 2531
1786 2517
1787 2521
1788 2531
1789 2525
1790 2524
1791 2531
1792 2524
1793 2528
1794 2525
1795 2523
1796 2525
1797 2530
1798 2517
1799 2525
1800 2525
1801 2524
1802 2525
1803 2525
1804 2526
1805 2518
1806 2527
1807 2526
1808 2526
1809 2526
1810 2525
1811 2531
1812 2526
1813 2528
1814 2529
1815 2526
1816 2524
1817 2521
1818 2526
1819 2526
1820 2526
1821 2525
1822 2531
1823 2531
1824 2528
1825 2525
1826 2525
1827 2524
1828 2524
1829 2528
1830 2527
1831 2527
1832 2517
1833 2531
1834 2522
1835 2526
1836 2527
1837 2524
1838 2525
1839 2530
1840 2531
1841 2525
1842 2525
1843 2525
1844 2526
1845 2525
1846 2519
1847 2525
1848 2525
1849 2517
1850 2525
1851 2524
1852 2524
1853 2530
1854 2524
1855 2526
1856 2525
1857 2520
1858 2520
1859 2521
1860 2525
1861 2524
1862 2525
1863 2525
1864 2524
1865 2524
1866 2525
1867 2525
1868 2524
1869 2524
1870 2516
1871 2518
1872 2526
1873 2523
1874 2524
1875 2522
1876 2522
1877 2523
1878 2515
1879 2522
1880 2522
1881 2523
1882 2521
1883 2523
1884 2520
1885 2522
1886 2522
1887 2522
1888 2522
1889 2521
1890 2521
1891 2522
1892 2522
1893 2522
1894 2522
1895 2516
1896 2516
1897 2516
1898 2525
1899 2523
1900 2524
2001 2521
2002 2527
2003 2526
2004 2517
2005 2519
2006 2526
2007 2527
2008 2523
2009 2522
2010 2523
2011 2523
2012 2516
2013 2523
2014 2523
2015 2523
2016 2522
2017 2522
2018 2524
2019 2530
2020 2522
2021 2524
2022 2521
2023 2522
2024 2525
2025 2521
2026 2521
2027 2526
2028 2524
2029 2523
2030 2524
2031 2530
2032 2521
2033 2529
2034 2526
2035 2530
2036 2520
2037 2522
2038 2521
2039 2523
2040 2524
2041 2524
2042 2524
2043 2522
2044 2529
2045 2523
2046 2523
2047 2523
2048 2519
2049 2523

