794 2504
795 2505
796 2504
797 2504
798 2514
799 2504
800 2508
801 2504
802 2504
803 2505
804 2506
805 2506
806 2506
807 2507
808 2506
809 2506
810 2507
811 2507
812 2507
813 2507
814 2508
815 2509
816 2509
817 2509
818 2509
819 2509
820 2514
821 2508
822 2507
823 2507
824 2508
825 2512
826 2507
827 2507
828 2507
829 2507
830 2507
831 2514
832 2512
833 2508
834 2508
835 2508
836 2508
837 2508
838 2509
839 2509
840 2508
841 2508
842 2508
843 2508
844 2508
845 2508
846 2508
847 2511
848 2511
849 2511
850 2512
851 2509
852 2509
853 2509
854 2509
855 2509
856 2509
857 2511
858 2512
859 2512
860 2518
861 2510
862 2510
863 2511
864 2510
865 2513
866 2510
867 2510
868 2510
869 2509
870 2512
871 2509
872 2510
873 2513
874 2516
875 2511
876 2510
877 2509
878 2508
879 2509
880 2510
881 2514
882 2508
883 2509
884 2510
885 2508
886 2507
887 2507
888 2508
889 2508
890 2507
891 2507
892 2511
893 2507
894 2507
895 2507
896 2506
897 2507
898 2507
899 2506
900 2506
901 2506
902 2506
903 2506
904 2505
905 2505
906 2507
907 2505
908 2506
909 2505
910 2505
911 2506
912 2507
913 2504
914 2504
915 2506
916 2506
917 2504
918 2504
919 2504
920 2504
921 2503
922 2503
923 2503
924 2503
925 2503
926 2503
927 2503
928 2503
929 2503
930 2502
931 2502
932 2502
933 2502
934 2502
935 2502
936 2502
937 2502
938 2502
939 2502
940 2506
941 2505
942 2507
943 2510
944 2508
945 2507
946 2508
947 2510
948 2508
949 2508
950 2506
951 2504
952 2504
953 2503
954 2503
955 2503
956 2504
957 2503
958 2508
959 2508
960 2502
961 2502
962 2502
963 2502
964 2503
965 2503
966 2502
967 2501
968 2502
969 2502
970 2502
971 2502
972 2502
973 2501
974 2501
975 2501
976 2502
977 2501
978 2502
979 2502
980 2502
981 2502
982 2503
983 2502
984 2502
985 2502
986 2502
987 2502
988 2501
989 2505
990 2501
991 2501
992 2505
993 2507
994 2505
995 2501
996 2502
997 2507
998 2507
999 2506
1000 2502
1001 2501
1002 2501
1003 2503
1004 2504
1005 2504
1006 2501
1007 2500
1008 2499
1009 2502
1010 2499
1011 2499
1012 2499
1013 2500
1014 2500
1015 2499
1016 2499
1017 2499
1018 2499
1019 2499
1020 2500
1021 2500
1022 2500
1023 2503
1024 2502
1025 2500
1026 2500
1027 2500
1028 2500
1029 2500
1030 2500
1031 2502
1032 2503
1033 2501
1034 2500
1035 2499
1036 2500
1037 2500
1038 2500
1039 2501
1040 2500
1041 2501
1042 2500
1043 2500
1044 2499
1045 2499
1046 2500
1047 2501
1048 2500
1049 2500
1050 2500
1051 2499
1052 2499
1053 2500
1054 2499
1055 2499
1056 2499
1057 2499
1058 2499
1059 2499
1060 2499
1061 2498
1062 2499
1063 2499
1064 2499
1065 2499
1066 2499
1067 2500
1068 2498
1069 2503
1070 2499
1071 2499
1072 2499
1073 2498
1074 2499
1075 2500
1076 2499
1077 2500
1078 2499
1079 2502
1080 2502
1081 2502
1082 2501
1083 2502
1084 2500
1085 2498
1086 2499
1087 2498
1088 2503
1089 2500
1090 2499
1091 2500
1092 2499
1093 2503
1094 2500
1095 2499
1096 2499
1097 2499
1098 2499
1099 2502
1100 2499
1101 2498
1102 2498
1103 2507
1104 2498
1105 2498
1106 2502
1107 2499
1108 2499
1109 2499
1110 2500
1111 2499
1112 2498
1113 2499
1114 2503
1115 2498
1116 2499
1117 2499
1118 2498
1119 2499
1120 2499
1121 2499
1122 2499
1123 2498
1124 2498
1125 2499
1126 2498
1127 2499
1128 2498
1129 2498
1130 2499
1131 2498
1132 2497
1133 2498
1134 2498
1135 2497
1136 2500
1137 2498
1138 2497
1139 2497
1140 2497
1141 2497
1142 2497
1143 2496
1144 2497
1145 2499
1146 2498
1147 2497
1148 2497
1149 2498
1150 2498
1151 2498
1152 2500
1153 2498
1154 2498
1155 2498
1156 2498
1157 2498
1158 2498
1159 2498
1160 2498
1161 2498
1162 2499
1163 2499
1164 2499
1165 2499
1166 2498
1167 2498
1168 2499
1169 2499
1170 2499
1171 2499
1172 2498
1173 2499
1174 2499
1175 2499
1176 2499
1177 2499
1178 2499
1179 2499
1180 2499
1181 2499
1182 2499
1183 2499
1184 2499
1185 2499
1186 2499
1187 2498
1188 2499
1189 2499
1190 2499
1191 2498
1192 2499
1193 2499
1194 2499
1195 2498
1196 2499
1197 2499
1198 2500
1199 2499
1200 2499
1201 2499
1202 2499
1203 2499
1204 2498
1205 2499
1206 2499
1207 2499
1208 2499
1209 2499
1210 2499
1211 2499
1212 2499
1213 2500
1214 2500
1215 2499
1216 2499
1217 2499
1218 2500
1219 2499
1220 2499
1221 2499
1222 2499
1223 2500
1224 2499
1225 2499
1226 2500
1227 2499
1228 2500
1229 2499
1230 2500
1231 2500
1232 2500
1233 2500
1234 2500
1235 2500
1236 2500
1237 2500
1238 2499
1239 2500
1240 2500
1241 2500
1242 2500
1243 2500
1244 2500
1245 2500
1246 2500
1247 2500
1248 2500
1249 2500
1250 2500
1251 2500
1252 2500
1253 2500
1254 2500
1255 2500
1256 2500
1257 2500
1258 2500
1259 2500
1260 2500
1261 2500
1262 2500
1263 2501
1264 2500
1265 2501
1266 2500
1267 2500
1268 2501
1269 2500
1270 2500
1271 2501
1272 2501
1273 2501
1274 2501
1275 2501
1276 2500
1277 2500
1278 2500
1279 2500
1280 2500
1281 2500
1282 2500
1283 2500
1284 2500
1285 2500
1286 2500
1287 2500
1288 2500
1289 2500
1290 2500
1291 2500
1292 2500
1293 2500
1294 2500
1295 2501
1296 2501
1297 2501
1298 2500
1299 2500
1300 2500
1301 2500
1302 2501
1303 2500
1304 2500
1305 2500
1306 2501
1307 2501
1308 2501
1309 2501
1310 2501
1311 2501
1312 2501
1313 2501
1314 2501
1315 2501
1316 2501
1317 2501
1318 2501
1319 2501
1320 2501
1321 2501
1322 2501
1323 2501
1324 2501
1325 2501
1326 2501
1327 2501
1328 2501
1329 2501
1330 2501
1331 2501
1332 2501
1333 2501
1334 2501
1335 2501
1336 2500
1337 2501
1338 2500
1339 2501
1340 2500
1341 2500
1342 2501
1343 2501
1344 2504
1345 2501
1346 2500
1347 2500
1348 2500
1349 2500
1350 2499
1351 2500
1352 2500
1353 2500
1354 2500
1355 2499
1356 2500
1357 2501
1358 2500
1359 2500
1360 2500
1361 2500
1362 2501
1363 2500
1364 2500
1365 2500
1366 2500
1367 2500
1368 2500
1369 2500
1370 2500
1371 2500
1372 2501
1373 2501
1374 2501
1375 2501
1376 2500
1377 2501
1378 2500
1379 2500
1380 2500
1381 2500
1382 2500
1383 2503
1384 2501
1385 2499
1386 2500
1387 2502
1388 2499
1389 2500
1390 2499
1391 2500
1392 2503
1393 2499
1394 2500
1395 2500
1396 2501
1397 2501
1398 2500
1399 2501
1400 2501
1401 2501
1402 2501
1403 2501
1404 2501
1405 2501
1406 2501
1407 2501
1408 2501
1409 2501
1410 2501
1411 2501
1412 2500
1413 2501
1414 2501
1415 2501
1416 2501
1417 2501
1418 2501
1419 2501
1420 2500
1421 2501
1422 2501
1423 2501
1424 2501
1425 2501
1426 2501
1427 2501
1428 2500
1429 2501
1430 2501
1431 2500
1432 2500
1433 2500
1434 2500
1435 2501
1436 2501
1437 2501
1438 2500
1439 2500
1440 2501
1441 2500
1442 2501
1443 2501
1444 2501
1445 2501
1446 2500
1447 2501
1448 2500
1449 2500
1450 2500
1451 2500
1452 2500
1453 2500
1454 2500
1455 2500
1456 2500
1457 2500
1458 2500
1459 2500
1460 2500
1461 2500
1462 2500
1463 2500
1464 2500
1465 2500
1466 2500
1467 2500
1468 2500
1469 2500
1470 2500
1471 2500
1472 2500
1473 2500
1474 2500
1475 2500
1476 2500
1477 2500
1478 2500
1479 2500
1480 2500
1481 2500
1482 2500
1483 2500
1484 2500
1485 2500
1486 2500
1487 2500
1488 2499
1489 2500
1490 2500
1491 2500
1492 2500
1493 2500
1494 2500
1495 2500
1496 2500
1497 2500
1498 2500
1499 2500
1500 2500
1501 2500
1502 2500
1503 2500
1504 2500
1505 2500
1506 2500
1507 2500
1508 2499
1509 2500
1510 2500
1511 2500
1512 2500
1513 2500
1514 2500
1515 2500
1516 2500
1517 2500
1518 2500
1519 2500
1520 2500
1521 2500
1522 2499
1523 2499
1524 2499
1525 2500
1526 2499
1527 2499
1528 2500
1529 2499
1530 2500
1531 2500
1532 2500
1533 2499
1534 2500
1535 2499
1536 2499
1537 2499
1538 2499
1539 2499
1540 2502
1541 2500
1542 2500
1543 2500
1544 2500
1545 2500
1546 2500
1547 2500
1548 2500
1549 2500
1550 2500
1551 2500
1552 2500
1553 2500
1554 2499
1555 2499
1556 2500
1557 2500
1558 2500
1559 2499
1560 2500
1561 2500
1562 2500
1563 2500
1564 2500
1565 2500
1566 2500
1567 2500
1568 2500
1569 2500
1570 2500
1571 2500
1572 2501
1573 2500
1574 2500
1575 2500
1576 2500
1577 2500
1578 2500
1579 2500
1580 2500
1581 2500
1582 2501
1583 2504
1584 2500
1585 2500
1586 2500
1587 2500
1588 2500
1589 2500
1590 2500
1591 2501
1592 2501
1593 2501
1594 2503
1595 2500
1596 2500
1597 2500
1598 2500
1599 2500
1600 2501
1601 2500
1602 2501
1603 2501
1604 2501
1605 2500
1606 2500
1607 2500
1608 2500
1609 2500
1610 2501
1611 2500
1612 2500
1613 2500
1614 2500
1615 2500
1616 2501
1617 2500
1618 2500
1619 2501
1620 2501
1621 2500
1622 2500
1623 2501
1624 2502
1625 2500
1626 2500
1627 2501
1628 2501
1629 2501
1630 2500
1631 2500
1632 2501
1633 2501
1634 2500
1635 2501
1636 2500
1637 2500
1638 2500
1639 2500
1640 2500
1641 2500
1642 2500
1643 2500
1644 2500
1645 2501
1646 2500
1647 2500
1648 2500
1649 2500
1650 2500
1651 2500
1652 2500
1653 2500
1654 2500
1655 2500
1656 2500
1657 2500
1658 2500
1659 2500
1660 2500
1661 2500
1662 2501
1663 2500
1664 2500
1665 2500
1666 2500
1667 2500
1668 2501
1669 2500
1670 2501
1671 2500
1672 2501
1673 2501
1674 2501
1675 2501
1676 2501
1677 2501
1678 2501
1679 2501
1680 2501
1681 2501
1682 2501
1683 2501
1684 2500
1685 2501
1686 2501
1687 2501
1688 2501
1689 2500
1690 2500
1691 2501
1692 2501
1693 2501
1694 2501
1695 2501
1696 2501
1697 2501
1698 2501
1699 2501
1700 2501
1701 2501
1702 2501
1703 2501
1704 2501
1705 2501
1706 2501
1707 2501
1708 2501
1709 2501
1710 2501
1711 2502
1712 2501
1713 2501
1714 2502
1715 2502
1716 2502
1717 2502
1718 2502
1719 2502
1720 2502
1721 2501
1722 2502
1723 2501
1724 2501
1725 2501
1726 2502
1727 2502
1728 2502
1729 2502
1730 2502
1731 2502
1732 2502
1733 2502
1734 2502
1735 2502
1736 2502
1737 2502
1738 2502
1739 2502
1740 2502
1741 2502
1742 2502
1743 2502
1744 2501
1745 2501
1746 2501
1747 2501
1748 2501
1749 2501
1750 2501
1751 2501
1752 2501
1753 2502
1754 2501
1755 2500
1756 2501
1757 2501
1758 2501
1759 2501
1760 2501
1761 2501
1762 2500
1763 2501
1764 2501
1765 2500
1766 2501
1767 2501
1768 2501
1769 2500
1770 2501
1771 2500
1772 2500
1773 2500
1774 2501
1775 2500
1776 2501
1777 2500
1778 2500
1779 2500
1780 2500
1781 2500
1782 2501
1783 2501
1784 2500
1785 2500
1786 2500
1787 2501
1788 2500
1789 2500
1790 2500
1791 2500
1792 2500
1793 2501
1794 2500
1795 2500
1796 2501
1797 2500
1798 2500
1799 2501
1800 2501
1801 2501
1802 2501
1803 2501
1804 2501
1805 2501
1806 2501
1807 2501
1808 2501
1809 2501
1810 2500
1811 2500
1812 2500
1813 2501
1814 2501
1815 2500
1816 2500
1817 2501
1818 2501
1819 2500
1820 2500
1821 2500
1822 2500
1823 2500
1824 2500
1825 2500
1826 2501
1827 2500
1828 2501
1829 2501
1830 2501
1831 2501
1832 2501
1833 2501
1834 2500
1835 2500
1836 2500
1837 2500
1838 2500
1839 2500
1840 2500
1841 2500
1842 2500
1843 2500
1844 2500
1845 2500
1846 2501
1847 2500
1848 2500
1849 2500
1850 2501
1851 2500
1852 2500
1853 2500
1854 2500
1855 2500
1856 2500
1857 2500
1858 2500
1859 2500
1860 2500
1861 2500
1862 2500
1863 2500
1864 2500
1865 2500
1866 2500
1867 2500
1868 2500
1869 2500
1870 2500
1871 2500
1872 2500
1873 2500
1874 2500
1875 2500
1876 2500
1877 2500
1878 2500
1879 2500
1880 2501
1881 2500
1882 2500
1883 2500
1884 2500
1885 2500
1886 2501
1887 2500
1888 2500
1889 2500
1890 2500
1891 2500
1892 2500
1893 2500
1894 2500
1895 2500
1896 2500
1897 2500
1898 2499
1899 2500
1900 2499
1901 2499
1902 2500
1903 2500
1904 2500
1905 2500
1906 2499
1907 2499
1908 2500
1909 2499
1910 2499
1911 2499
1912 2499
1913 2499
1914 2499
1915 2499
1916 2499
1917 2499
1918 2499
1919 2499
1920 2499
1921 2499
1922 2499
1923 2499
1924 2499
1925 2499
1926 2498
1927 2499
1928 2498
1929 2498
1930 2498
1931 2498
1932 2498
1933 2498
1934 2498
1935 2498
1936 2498
1937 2498
1938 2498
1939 2498
1940 2498
1941 2497
1942 2497
1943 2497
1944 2497
1945 2497
1946 2497
1947 2497
1948 2497
1949 2497
1950 2497
1951 2497
1952 2496
1953 2496
1954 2497
1955 2497
1956 2497
1957 2497
1958 2497
1959 2497
1960 2497
1961 2497
1962 2497
1963 2497
1964 2496
1965 2497
1966 2497
1967 2496
1968 2496
1969 2496
1970 2497
1971 2497
1972 2496
1973 2496
1974 2496
1975 2496
1976 2496
1977 2496
1978 2496
1979 2496
1980 2496
1981 2496
1982 2497
1983 2496
1984 2496
1985 2496
1986 2497
1987 2496
1988 2497
1989 2497
1990 2496
1991 2496
1992 2496
1993 2496
1994 2496
1995 2496
1996 2496
1997 2496
1998 2497
1999 2497
2000 2496
2001 2496
2002 2497
2003 2496
2004 2496
2005 2496
2006 2496
2007 2496
2008 2496
2009 2496
2010 2496
2011 2496
2012 2496
2013 2496
2014 2496
2015 2496
2016 2496
2017 2496
2018 2496
2019 2496
2020 2496
2021 2496
2022 2496
2023 2496
2024 2495
2025 2495
2026 2495
2027 2496
2028 2495
2029 2495
2030 2495
2031 2496
2032 2496
2033 2496
2034 2495
2035 2495
2036 2495
2037 2495
2038 2495
2039 2494
2040 2495
2041 2494
2042 2495
2043 2494
2044 2494
2045 2494
2046 2494
2047 2494
2048 2493
2049 2493
2050 2494
2051 2493
2052 2493
2053 2493
2054 2493
2055 2492
2056 2493
2057 2493
2058 2493
2059 2493
2060 2492
2061 2492
2062 2492
2063 2492
2064 2492
2065 2492
2066 2492
2067 2491
2068 2491
2069 2492
2070 2492
2071 2492
2072 2491
2073 2492
2074 2492
2075 2492
2076 2492
2077 2492
2078 2491
2079 2491
2080 2491
2081 2491
2082 2491
2083 2491
2084 2491
2085 2491
2086 2491
2087 2492
2088 2491
2089 2491
2090 2491
2091 2491
2092 2491
2093 2491
2094 2492
2095 2492
2096 2491
2097 2491
2098 2491
2099 2491
2100 2491
2101 2492
2102 2491
2103 2491
2104 2492
2105 2491
2106 2492
2107 2492
2108 2492
2109 2491
2110 2491
2111 2492
2112 2492
2113 2492
2114 2492
2115 2492
2116 2492
2117 2492
2118 2492
2119 2492
2120 2491
2121 2492
2122 2492
2123 2492
2124 2492
2125 2491
2126 2492
2127 2492
2128 2492
2129 2492
2130 2492
2131 2492
2132 2492
2133 2492
2134 2492
2135 2492
2136 2492
2137 2492
2138 2492
2139 2492
2140 2492
2141 2491
2142 2492
2143 2491
2144 2491
2145 2492
2146 2492
2147 2492
2148 2492
2149 2492
2150 2492
2151 2492
2152 2492
2153 2492
2154 2492
2155 2492
2156 2492
2157 2492
2158 2492
2159 2492
2160 2492
2161 2492
2162 2492
2163 2492
2164 2492
2165 2492
2166 2492
2167 2492
2168 2492
2169 2492
2170 2491
2171 2491
2172 2491
2173 2491
2174 2491
2175 2491
2176 2491
2177 2491
2178 2491
2179 2491
2180 2491
2181 2491
2182 2491
2183 2491
2184 2491
2185 2491
2186 2491
2187 2491
2188 2491
2189 2491
2190 2491
2191 2491
2192 2491
2193 2491
2194 2491
2195 2491
2196 2491
2197 2491
2198 2491
2199 2491
2200 2491
2201 2491
2202 2491
2203 2491
2204 2491
2205 2491
2206 2491
2207 2491
2208 2491
2209 2491
2210 2490
2211 2491
2212 2491
2213 2491
2214 2491
2215 2490
2216 2490
2217 2490
2218 2490
2219 2490
2220 2491
2221 2491
2222 2490
2223 2490
2224 2490
2225 2490
2226 2490
2227 2490
2228 2490
2229 2490
2230 2490
2231 2490
2232 2489
2233 2489
2234 2489
2235 2490
2236 2490
2237 2490
2238 2490
2239 2490
2240 2489
2241 2489
2242 2489
2243 2489
2244 2489
2245 2489
2246 2489
2247 2489
2248 2489
2249 2489
2250 2489
2251 2489
2252 2489
2253 2489
2254 2489
2255 2489
2256 2489
2257 2488
2258 2488
2259 2489
2260 2489
2261 2489
2262 2489
2263 2488
2264 2489
2265 2489
2266 2489
2267 2489
2268 2488
2269 2488
2270 2489
2271 2488
2272 2488
2273 2488
2274 2488
2275 2488
2276 2488
2277 2488
2278 2488
2279 2489
2280 2489
2281 2488
2282 2488
2283 2488
2284 2488
2285 2488
2286 2488
2287 2488
2288 2488
2289 2488
2290 2489
2291 2489
2292 2489
2293 2489
2294 2488
2295 2488
2296 2488
2297 2488
2298 2488
2299 2488
2300 2487
2301 2487
2302 2487
2303 2487
2304 2487
2305 2488
2306 2487
2307 2487
2308 2490
2309 2487
2310 2488
2311 2487
2312 2487
2313 2487
2314 2487
2315 2487
2316 2487
2317 2488
2318 2488
2319 2488
2320 2488
2321 2488
2322 2487
2323 2487
2324 2488
2325 2488
2326 2487
2327 2487
2328 2491
2329 2487
2330 2492
2331 2488
2332 2488
2333 2488
2334 2488
2335 2489
2336 2489
2337 2489
2338 2489
2339 2489
2340 2489
2341 2488
2342 2489
2343 2489
2344 2489
2345 2489
2346 2488
2347 2489
2348 2489
2349 2489
2350 2488
2351 2489
2352 2488
2353 2488
2354 2487
2355 2488
2356 2488
2357 2488
2358 2488
2359 2488
2360 2488
2361 2487
2362 2488
2363 2488
2364 2487
2365 2487
2366 2488
2367 2487
2368 2488
2369 2488
2370 2487
2371 2487
2372 2487
2373 2487
2374 2487
2375 2487
2376 2487
2377 2487
2378 2487
2379 2487
2380 2487
2381 2487
2382 2487
2383 2487
2384 2487
2385 2487
2386 2487
2387 2487
2388 2487
2389 2487
2390 2487
2391 2487
2392 2487
2393 2487
2394 2487
2395 2488
2396 2487
2397 2487
2398 2487
2399 2487
2400 2487
2401 2488
2402 2488
2403 2488
2404 2487
2405 2487
2406 2488
2407 2488
2408 2488
2409 2487
2410 2487
2411 2490
2412 2491
2413 2491
2414 2491
2415 2487
2416 2491
2417 2487
2418 2488
2419 2487
2420 2488
2421 2488
2422 2487
2423 2488
2424 2490
2425 2487
2426 2488
2427 2488
2428 2488
2429 2488
2430 2488
2431 2487
2432 2487
2433 2487
2434 2487
2435 2487
2436 2486
2437 2485
2438 2485
2439 2480
2440 2480
2441 2480
2442 2479
2443 2479
2444 2479
2445 2478
2446 2484
2447 2477
2448 2481
2449 2481
2450 2485
2451 2485
2452 2485
2453 2484
2454 2484
2455 2484
2456 2484
2457 2485
2458 2484
2459 2484
2460 2484
2461 2484
2462 2484
2463 2484
2464 2483
2465 2484
2466 2483
2467 2484
2468 2484
2469 2483
2470 2483
2471 2483
2472 2483
2473 2483
2474 2484
2475 2483
2476 2483
2477 2483

1188 2541
1189 2535
1190 2538
1191 2530
1192 2530
1193 2542
1194 2539
1195 2538
1196 2538
1197 2530
1198 2541
1199 2533
1200 2538
1201 2540
1202 2540
1203 2540
1204 2540
1205 2542
1206 2539
1207 2537
1208 2540
1209 2540
1210 2538
1211 2540
1212 2539
1213 2544
1214 2539
1215 2539
1216 2539
1217 2536
1218 2530
1219 2544
1220 2532
1221 2544
1222 2540
1223 2540
1224 2540
1225 2542
1226 2535
1227 2541
1228 2540
1229 2531
1230 2539
1231 2539
1232 2531
1233 2540
1234 2540
1235 2531
1236 2543
1237 2531
1238 2540
1239 2539
1240 2539
1241 2539
1242 2539
1243 2542
1244 2545
1245 2544
1246 2538
1247 2540
1248 2543
1249 2544
1250 2539
1251 2540
1252 2539
1253 2539
1254 2544
1255 2540
1256 2531
1257 2545
1258 2540
1259 2540
1260 2537
1261 2539
1262 2538
1263 2534
1264 2543
1265 2540
1266 2541
1267 2531
1268 2531
1269 2532
1270 2540
1271 2539
1272 2540
1273 2540
1274 2540
1275 2540
1276 2539
1277 2540
1278 2539
1279 2539
1280 2538
1281 2540
1282 2534
1283 2537
1284 2544
1285 2537
1286 2540
1287 2533
1288 2536
1289 2531
1290 2541
1291 2540
1292 2539
1293 2540
1294 2538
1295 2545
1296 2541
1297 2539
1298 2544
1299 2542
1300 2539
1301 2538
1302 2535
1303 2545
1304 2540
1305 2540
1306 2541
1307 2538
1308 2543
1309 2541
1310 2539
1311 2537
1312 2535
1313 2539
1314 2532
1315 2541
1316 2540
1317 2542
1318 2542
1319 2540
1320 2539
1321 2540
1322 2539
1323 2539
1324 2540
1325 2540
1326 2540
1327 2541
1328 2539
1329 2539
1330 2538
1331 2538
1332 2540
1333 2541
1334 2543
1335 2542
1336 2542
1337 2536
1338 2537
1339 2542
1340 2539
1341 2539
1342 2532
1343 2540
1344 2539
1345 2537
1346 2540
1347 2543
1348 2535
1349 2541
1350 2545
1351 2539
1352 2541
1353 2541
1354 2544
1355 2543
1356 2546
1357 2543
1358 2539
1359 2536
1360 2540
1361 2540
1362 2535
1363 2538
1364 2541
1365 2537
1366 2539
1367 2541
1368 2545
1369 2540
1370 2541
1371 2542
1372 2543
1373 2540
1374 2540
1375 2538
1376 2538
1377 2539
1378 2543
1379 2534
1380 2533
1381 2542
1382 2539
1383 2538
1384 2540
1385 2538
1386 2542
1387 2540
1388 2539
1389 2545
1390 2542
1391 2542
1392 2538
1393 2541
1394 2540
1395 2545
1396 2537
1397 2541
1398 2540
1399 2540
1400 2545
1401 2539
1402 2539
1403 2539
1404 2539
1405 2539
1406 2540
1407 2546
1408 2547
1409 2540
1410 2539
1411 2545
1412 2533
1413 2547
1414 2547
1415 2542
1416 2543
1417 2539
1418 2538
1419 2538
1420 2538
1421 2542
1422 2541
1423 2538
1424 2539
1425 2546
1426 2539
1427 2540
1428 2539
1429 2540
1430 2539
1431 2539
1432 2539
1433 2539
1434 2539
1435 2539
1436 2547
1437 2546
1438 2539
1439 2546
1440 2539
1441 2540
1442 2541
1443 2538
1444 2540
1445 2539
1446 2538
1447 2540
1448 2545
1449 2539
1450 2538
1451 2537
1452 2540
1453 2539
1454 2540
1455 2542
1456 2546
1457 2539
1458 2539
1459 2540
1460 2540
1461 2539
1462 2540
1463 2540
1464 2540
1465 2540
1466 2539
1467 2538
1468 2537
1469 2538
1470 2539
1471 2539
1472 2539
1473 2536
1474 2539
1475 2541
1476 2543
1477 2541
1478 2543
1479 2545
1480 2538
1481 2538
1482 2539
1483 2540
1484 2539
1485 2540
1486 2539
1487 2540
1488 2538
1489 2545
1490 2542
1491 2537
1492 2542
1493 2540
1494 2540
1495 2538
1496 2539
1497 2544
1498 2542
1499 2534
1500 2538
1501 2538
1502 2538
1503 2537
1504 2541
1505 2541
1506 2535
1507 2537
1508 2538
1509 2537
1510 2536
1511 2533
1512 2536
1513 2537
1514 2538
1515 2537
1516 2536
1517 2536
1518 2529
1519 2541
1520 2536
1521 2537
1522 2537
1523 2542
1524 2534
1525 2537
1526 2535
1527 2536
1528 2537
1529 2535
1530 2536
1531 2536
1532 2535
1533 2536
1534 2536
1535 2542
1536 2535
1537 2534
1538 2536
1539 2541
1540 2538
1541 2536
1542 2534
1543 2539
1544 2541
1545 2527
1546 2533
1547 2534
1548 2534
1549 2534
1550 2534
1551 2536
1552 2534
1553 2539
1554 2536
1555 2534
1556 2532
1557 2533
1558 2534
1559 2526
1560 2527
1561 2533
1562 2533
1563 2533
1564 2532
1565 2535
1566 2531
1567 2527
1568 2533
1569 2532
1570 2537
1571 2532
1572 2531
1573 2532
1574 2534
1575 2533
1576 2531
1577 2532
1578 2537
1579 2532
1580 2531
1581 2532
1582 2524
1583 2533
1584 2532
1585 2537
1586 2534
1587 2534
1588 2532
1589 2538
1590 2538
1591 2527
1592 2525
1593 2533
1594 2531
1595 2523
1596 2523
1597 2526
1598 2526
1599 2530
1600 2530
1601 2524
1602 2529
1603 2533
1604 2533
1605 2532
1606 2525
1607 2523
1608 2537
1609 2530
1610 2525
1611 2537
1612 2523
1613 2524
1614 2525
1615 2522
1616 2527
1617 2528
1618 2523
1619 2534
1620 2536
1621 2533
1622 2524
1623 2533
1624 2529
1625 2533
1626 2534
1627 2531
1628 2528
1629 2524
1630 2530
1631 2531
1632 2528
1633 2530
1634 2535
1635 2522
1636 2532
1637 2524
1638 2536
1639 2529
1640 2533
1641 2524
1642 2522
1643 2524
1644 2530
1645 2533
1646 2521
1647 2527
1648 2528
1649 2528
1650 2524
1651 2526
1652 2529
1653 2527
1654 2527
1655 2521
1656 2521
1657 2529
1658 2532
1659 2529
1660 2528
1661 2534
1662 2527
1663 2527
1664 2521
1665 2521
1666 2533
1667 2522
1668 2528
1669 2529
1670 2526
1671 2525
1672 2527
1673 2529
1674 2533
1675 2524
1676 2527
1677 2527
1678 2527
1679 2526
1680 2527
1681 2528
1682 2527
1683 2527
1684 2528
1685 2528
1686 2527
1687 2528
1688 2532
1689 2520
1690 2534
1691 2527
1692 2528
1693 2526
1694 2530
1695 2523
1696 2523
1697 2527
1698 2531
1699 2529
1700 2524
1701 2525
1702 2531
1703 2524
1704 2523
1705 2529
1706 2531
1707 2524
1708 2524
1709 2524
1710 2524
1711 2523
1712 2523
1713 2524
1714 2525
1715 2525
1716 2524
1717 2527
1718 2527
1719 2527
1720 2525
1721 2523
1722 2524
1723 2524
1724 2525
1725 2525
1726 2528
1727 2525
1728 2529
1729 2531
1730 2527
1731 2529
1732 2523
1733 2526
1734 2526
1735 2519
1736 2531
1737 2520
1738 2518
1739 2520
1740 2527
1741 2525
1742 2519
1743 2525
1744 2526
1745 2523
1746 2522
1747 2522
1748 2521
1749 2521
1750 2520
1751 2520
1752 2521
1753 2520
1754 2520
1755 2520
1756 2519
1757 2524
1758 2522
1759 2520
1760 2521
1761 2519
1762 2519
1763 2520
1764 2520
1765 2521
1766 2519
1767 2519
1768 2519
1769 2518
1770 2518
1771 2522
1772 2521
1773 2521
1774 2519
1775 2515
1776 2519
1777 2521
1778 2516
1779 2513
1780 2522
1781 2518
1782 2518
1783 2519
1784 2520
1785 2517
1786 2517
1787 2521
1788 2516
1789 2516
1790 2516
1791 2516
1792 2516
1793 2516
1794 2516
1795 2516
1796 2515
1797 2516
1798 2517
1799 2516
1800 2517
1801 9999
1802 9999
1803 9999
1804 2517
1805 9999
1806 9999
1807 9999
1808 9999
1809 9999
1810 9999
1811 9999
1812 2512
1813 9999
1814 9999
1815 9999
1816 9999
1817 9999
1818 9999
1819 2515
1820 2515
1821 2514
1822 2515
1823 2517
1824 2514
1825 2515
1826 9999
1827 9999
1828 2515
1829 9999
1830 9999
1831 9999
1832 9999
1833 2514
1834 2514
1835 2514
1836 2514
1837 2513
1838 2515
1839 2515
1840 9999
1841 2513
1842 2514
1843 2513
1844 2513
1845 2514
1846 9999
1847 9999
1848 9999
1849 2513
1850 2517
1851 9999
1852 2514
1853 9999
1854 9999
1855 9999
1856 2514
1857 2514
1858 2514
1859 2514
1860 2514
1861 2518
1862 2516
1863 2515
1864 2513
1865 2514
1866 2512
1867 9999
1868 2512
1869 2513
1870 2514
1871 9999
1872 2514
1873 2513
1874 2513
1875 2513
1876 9999
1877 9999
1878 9999
1879 2512
1880 9999
1881 9999
1882 9999
1883 9999
1884 2513
1885 2512
1886 9999
1887 9999
1888 9999
1889 9999
1890 9999
1891 9999
1892 9999
1893 9999
1894 9999
1895 9999
1896 9999
1897 9999
1898 2511
1899 9999
1900 9999
1901 9999
1902 9999
1903 9999
1904 9999
1905 9999
1906 9999
1907 9999
1908 9999
1909 9999
1910 9999
1911 9999
1912 9999
1913 9999
1914 9999
1915 9999
1916 9999
1917 9999
1918 9999
1919 9999
1920 9999
1921 9999
1922 9999
1923 9999
1924 9999
1925 9999
1926 9999
1927 9999
1928 9999
1929 2510
1930 9999
1931 9999
1932 9999
1933 2511
1934 9999
1935 9999
1936 9999
1937 9999
1938 2511
1939 2511
1940 9999
1941 9999
1942 9999
1943 9999
1944 2510
1945 9999
1946 9999
1947 9999
1948 9999
1949 9999
1950 9999
1951 9999
1952 2511
1953 2511
1954 2511
1955 2511
1956 2516
1957 2510
1958 9999
1959 2510
1960 2510
1961 9999
1962 9999
1963 9999
1964 9999
1965 9999
1966 9999
1967 9999
1968 9999
1969 9999
1970 9999
1971 9999
1972 9999
1973 9999
1974 9999
1975 9999
1976 2509
1977 2509
1978 9999
1979 9999
1980 9999
1981 9999
1982 9999
1983 9999
1984 9999
1985 9999
1986 9999
1987 9999
1988 9999
1989 9999
1990 9999
1991 9999
1992 9999
1993 9999
1994 9999
1995 9999
1996 9999
1997 9999
1998 9999
1999 9999
2000 9999
2001 9999
2002 9999
2003 9999
2004 2509
2005 9999
2006 2515
2007 9999
2008 9999
2009 9999
2010 9999
2011 9999
2012 9999
2013 9999
2014 9999
2015 2510
2016 9999
2017 9999
2018 9999
2019 9999
2020 9999
2021 9999
2022 9999
2023 2510
2024 9999
2025 9999
2026 9999
2027 9999
2028 9999
2029 9999
2030 2510
2031 9999
2032 9999
2033 9999
2034 9999
2035 9999
2036 9999
2037 9999
2038 9999
2039 9999
2040 9999
2041 2506
2042 2508
2043 9999
2044 9999
2045 9999
2046 9999
2047 9999
2048 2508
2049 9999
2050 2509
2051 2508
2052 9999
2053 2508
2054 9999
2055 2507
2056 2507
2057 2508
2058 2508
2059 9999
2060 9999
2061 2510
2062 2508
2063 2508
2064 2509
2065 9999
2066 2509
2067 2508
2068 2508
2069 2508
2070 2508
2071 2508
2072 2508
2073 2508
2074 2508
2075 9999
2076 2507
2077 2508
2078 2507
2079 2507
2080 2506
2081 2507
2176 2506
2177 2509
2178 2515
2179 2505
2180 2509
2181 2506
2182 2506
2183 2505
2184 2505
2185 2505
2186 9999
2187 9999
2188 9999
2189 9999
2190 9999
2191 9999
2192 9999
2193 9999
2194 9999
2195 9999
2196 9999
2197 9999
2198 9999
2199 9999
2200 9999
2201 2505
2202 9999
2203 9999
2204 9999
2205 9999
2206 9999
2207 9999
2208 9999
2209 9999
2210 9999
2211 9999
2212 9999
2213 9999
2214 9999
2215 9999
2216 9999
2217 9999
2218 9999
2219 9999
2220 9999
2221 9999
2222 9999
2223 9999
2224 9999
2225 9999
2226 9999
2227 9999
2381 2505
2382 2506
2383 9999
2384 2504
2385 2507
2386 2505
2387 2505
2388 2503
2389 2505
2390 2505
2391 2501
2392 2505
2393 2505
2394 2505
2395 2504
2396 2504
2397 2506
2398 2506
2399 2505
2400 2506
2401 2505
2402 2505
2403 2506
2404 2506
2405 2506
2406 9999
2407 2507
2408 2506
2409 9999
2410 2502
2411 9999
2412 9999
2413 9999

