3837 2412
3838 2411
3839 2412
3840 2412
3841 2412
3842 2412
3843 2412
3844 2413
3845 2412
3846 2413
3847 2414
3848 2413
3849 2413
3850 2413
3851 2413
3852 2413
3853 2413
3854 2415
3855 2412
3856 2415
3857 2413
3858 2411
3859 2412
3860 2411
3861 2413
3862 2414
3863 2414
3864 2416
3865 2415
3866 2418
3867 2420
3868 2420
3869 2412
3870 2406
3871 2410
3872 2409
3873 2407
3874 2417
3875 2418
3876 2418
3877 2416
3878 2413
3879 2417
3880 2418
3881 2411
3882 2421
3883 2420
3884 2425
3885 2420
3886 2412
3887 2415
3888 2425
3889 2415
3890 2417
3891 2412
3892 2414
3893 2409
3894 2409
3895 2410
3896 2411
3897 2411
3898 2415
3899 2413
3900 2411
3901 2412
3902 2413
3903 2413
3904 2412
3905 2411
3906 2412
3907 2411
3908 2411
3909 2412
3910 2412
3911 2413
3912 2413
3913 2413
3914 2413
3915 2413
3916 2413
3917 2413
3918 2413
3919 2413
3920 2413
3921 2414
3922 2414
3923 2414
3924 2414
3925 2414
3926 2415
3927 2415
3928 2414
3929 2413
3930 2414
3931 2413
3932 2413
3933 2412
3934 2412
3935 2412
3936 2410
3937 2412
3938 2411
3939 2411
3940 2411
3941 2412
3942 2412
3943 2412
3944 2412
3945 2412
3946 2412
3947 2413
3948 2413
3949 2412
3950 2413
3951 2413
3952 2415
3953 2414
3954 2414
3955 2412
3956 2413
3957 2412
3958 2413
3959 2412
3960 2413
3961 2413
3962 2412
3963 2412
3964 2412
3965 2412
3966 2413
3967 2410
3968 2408
3969 2408
3970 2408
3971 2409
3972 2408
3973 2408
3974 2407
3975 2407
3976 2407
3977 2408
3978 2408
3979 2408
3980 2407
3981 2407
3982 2408
3983 2409
3984 2408
3985 2409
3986 2410
3987 2410
3988 2410
3989 2410
3990 2410
3991 2410
3992 2410
3993 2410
3994 2410
3995 2410
3996 2411
3997 2411
3998 2411
3999 2412
4000 2411
4001 2411
4002 2412
4003 2413
4004 2412
4005 2412
4006 2412
4007 2412
4008 2413
4009 2413
4010 2413
4011 2413
4012 2413
4013 2413
4014 2413
4015 2412
4016 2411
4017 2416
4018 2412
4019 2412
4020 2413
4021 2412
4022 2414
4023 2416
4024 2416
4025 2414
4026 2414
4027 2414
4028 2416
4029 2416
4030 2416
4031 2419
4032 2419
4033 2417
4034 2416
4035 2416
4036 2416
4037 2416
4038 2415
4039 2415
4040 2416
4041 2416
4042 2416
4043 2416
4044 2416
4045 2416
4046 2416
4047 2417
4048 2416
4049 2417
4050 2417
4051 2417
4052 2419
4053 2416
4054 2417
4055 2416
4056 2417
4057 2417
4058 2417
4059 2417
4060 2418
4061 2418
4062 2417
4063 2417
4064 2417
4065 2417
4066 2418
4067 2418
4068 2418
4069 2418
4070 2418
4071 2418
4072 2419
4073 2418
4074 2419
4075 2419
4076 2419
4077 2418
4078 2418
4079 2419
4080 2419
4081 2423
4082 2421
4083 2419
4084 2423
4085 2419
4086 2420
4087 2421
4088 2422
4089 2421
4090 2421
4091 2421
4092 2422
4093 2422
4094 2422
4095 2422
4096 2421
4097 2424
4098 2420
4099 2420
4100 2419
4101 2420
4102 2421
4103 2421
4104 2421
4105 2420
4106 2420
4107 2421
4108 2420
4109 2420
4110 2420
4111 2420
4112 2420
4113 2420
4114 2421
4115 2421
4116 2420
4117 2420
4118 2419
4119 2419
4120 2420
4121 2426
4122 2421
4123 2420
4124 2420
4125 2419
4126 2421
4127 2419
4128 2419
4129 2420
4130 2420
4131 2420
4132 2420
4133 2420
4134 2421
4135 2421
4136 2420
4137 2420
4138 2424
4139 2423
4140 2421
4141 2421
4142 2424
4143 2425
4144 2422
4145 2422
4146 2423
4147 2423
4148 2423
4149 2422
4150 2422
4151 2423
4152 2422
4153 2421
4154 2422
4155 2422
4156 2422
4157 2421
4158 2422
4159 2421
4160 2421
4161 2421
4162 2421
4163 2421
4164 2420
4165 2421
4166 2419
4167 2419
4168 2420
4169 2418
4170 2419
4171 2419
4172 2418
4173 2419
4174 2419
4175 2419
4176 2419
4177 2420
4178 2419
4179 2418
4180 2418
4181 2417
4182 2422
4183 2420
4184 2420
4185 2419
4186 2419
4187 2419
4188 2419
4189 2419
4190 2419
4191 2420
4192 2422
4193 2423
4194 2423
4195 2423
4196 2423
4197 2423
4198 2422
4199 2422
4200 2426
4201 2425
4202 2424
4203 2425
4204 2424
4205 2425
4206 2424
4207 2424
4208 2423
4209 2425
4210 2426
4211 2425
4212 2426
4213 2427
4214 2427
4215 2426
4216 2426
4217 2426
4218 2428
4219 2427
4220 2430
4221 2428
4222 2428
4223 2427
4224 2427
4225 2428
4226 2428
4227 2428
4228 2428
4229 2428
4230 2428
4231 2428
4232 2429
4233 2429
4234 2429
4235 2429
4236 2429
4237 2429
4238 2430
4239 2430
4240 2430
4241 2430
4242 2431
4243 2430
4244 2430
4245 2430
4246 2429
4247 2430
4248 2430
4249 2430
4250 2429
4251 2429
4252 2429
4253 2429
4254 2429
4255 2430
4256 2430
4257 2429
4258 2429
4259 2429
4260 2429
4261 2429
4262 2429
4263 2430
4264 2430
4265 2430
4266 2430
4267 2428
4268 2428
4269 2428
4270 2428
4271 2428
4272 2428
4273 2433
4274 2428
4275 2428
4276 2428
4277 2429
4278 2429
4279 2428
4280 2437
4281 2439
4282 2429
4283 2430
4284 2431
4285 2432
4286 2432
4287 2432
4288 2432
4289 2431
4290 2432
4291 2432
4292 2433
4293 2430
4294 2431
4295 2430
4296 2430
4297 2430
4298 2431
4299 2431
4300 2430
4301 2430
4302 2429
4303 2429
4304 2428
4305 2428
4306 2428
4307 2428
4308 2428
4309 2428
4310 2427
4311 2428
4312 2427
4313 2428
4314 2427
4315 2427
4316 2427
4317 2429
4318 2429
4319 2428
4320 2429
4321 2428
4322 2428
4323 2429
4324 2428
4325 2428
4326 2430
4327 2429
4328 2429
4329 2429
4330 2429
4331 2429
4332 2431
4333 2430
4334 2429
4335 2429
4336 2430
4337 2430
4338 2431
4339 2432
4340 2430
4341 2430
4342 2431
4343 2431
4344 2431
4345 2431
4346 2432
4347 2436
4348 2433
4349 2433
4350 2433
4351 2433
4352 2434
4353 2435
4354 2435
4355 2435
4356 2435
4357 2435
4358 2436
4359 2437
4360 2441
4361 2441
4362 2439
4363 2441
4364 2442
4365 2443
4366 2442
4367 2443
4368 2442
4369 2442
4370 2445
4371 2446
4372 2443
4373 2443
4374 2446
5608 2492
5609 2491
5610 2491
5611 2490
5612 2490
5613 2490
5614 2490
5615 2489
5616 2489
5617 2490
5618 2490
5619 2490
5620 2490
5621 2490
5622 2490
5623 2490
5624 2489
5625 2490
5626 2489
5627 2490
5628 2490
5629 2490
5630 2490
5631 2490
5632 2490
5633 2490
5634 2489
5635 2489
5636 2489
5637 2489
5638 2489
5639 2489
5640 2489
5641 2489
5642 2490
5643 2490
5644 2490
5645 2490
5646 2490
5647 2489
5648 2489
5649 2489
5650 2491
5651 2490
5652 2490
5653 2490
5654 2490
5655 2490
5656 2490
5657 2490
5658 2490
5659 2490
5660 2490
5661 2490
5662 2490
5663 2490
5664 2490
5665 2490
5666 2490
5667 2490
5668 2490
5669 2490
5670 2490
5671 2490
5672 2490
5673 2490
5674 2490
5675 2490
5676 2490
5677 2490
5678 2490
5679 2490
5680 2490
5681 2490
5682 2490
5683 2490
5684 2490
5685 2490
5686 2490
5687 2490
5688 2490
5689 2490
5690 2490
5691 2490
5692 2489
5693 2490
5694 2490
5695 2490
5696 2490
5697 2490
5698 2489
5699 2489
5700 2490
5701 2490
5702 2490
5703 2489
5704 2489
5705 2489
5706 2489
5707 2489
5708 2489
5709 2489
5710 2489
5711 2489
5712 2489
5713 2489
5714 2489
5715 2489
5716 2489
5717 2489
5718 2489
5719 2489
5720 2489
5721 2489
5722 2489
5723 2489
5724 2489
5725 2488
5726 2488
5727 2489
5728 2489
5729 2488
5730 2489
5731 2489
5732 2489
5733 2489
5734 2490
5735 2489
5736 2488
5737 2490
5738 2489
5739 2488
5740 2488
5741 2489
5742 2488
5743 2488
5744 2488
5745 2488
5746 2489
5747 2488
5748 2489
5749 2488
5750 2488
5751 2488
5752 2488
5753 2488
5754 2488
5755 2488
5756 2488
5757 2488
5758 2488
5759 2488
5760 2489
5761 2489
5762 2489
5763 2489
5764 2489
5765 2489
5766 2489
5767 2489
5768 2490
5769 2489
5770 2488
5771 2488
5772 2488
5773 2489
5774 2489
5775 2489
5776 2489
5777 2489
5778 2489
5779 2489
5780 2489
5781 2490
5782 2489
5783 2489
5784 2489
5785 2489
5786 2489
5787 2489
5788 2489
5789 2490
5790 2489
5791 2489
5792 2490
5793 2490
5794 2490
5795 2489
5796 2489
5797 2490
5798 2490
5799 2489
5800 2489
5801 2489
5802 2490
5803 2489
5804 2489
5805 2491
5806 2490
5807 2490
5808 2488
5809 2488
5810 2490
5811 2489
5812 2489
5813 2489
5814 2493
5815 2489
5816 2489
5817 2490
5818 2490
5819 2489
5820 2491
5821 2490
5822 2490
5823 2490
5824 2489
5825 2488
5826 2489
5827 2489
5828 2489
5829 2489
5830 2489
5831 2489
5832 2489
5833 2488
5834 2489
5835 2489
5836 2489
5837 2489
5838 2490
5839 2489
5840 2489
5841 2489
5842 2489
5843 2489
5844 2489
5845 2489
5846 2489
5847 2489
5848 2489
5849 2489
5850 2489
5851 2489
5852 2489
5853 2489
5854 2489
5855 2489
5856 2489
5857 2489
5858 2489
5859 2489
5860 2489
5861 2489
5862 2489
5863 2489
5864 2489
5865 2489
5866 2489
5867 2489
5868 2489
5869 2489
5870 2489
5871 2489
5872 2489
5873 2489
5874 2488
5875 2489
5876 2489
5877 2489
5878 2488
5879 2489
5880 2489
5881 2489
5882 2489
5883 2489
5884 2489
5885 2489
5886 2489
5887 2489
5888 2488
5889 2489
5890 2489
5891 2488
5892 2488
5893 2488
5894 2489
5895 2489
5896 2489
5897 2489
5898 2489
5899 2489
5900 2489
5901 2489
5902 2489
5903 2489
5904 2489
5905 2489
5906 2489
5907 2489
5908 2489
5909 2489
5910 2490
5911 2490
5912 2490
5913 2490
5914 2489
5915 2490
5916 2489
5917 2489
5918 2489
5919 2489
5920 2494
5921 2490
5922 2490
5923 2490
5924 2490
5925 2490
5926 2490
5927 2489
5928 2490
5929 2491
5930 2491
5931 2490
5932 2491
5933 2491
5934 2491
5935 2491
5936 2491
5937 2491
5938 2491
5939 2491
5940 2491
5941 2491
5942 2491
5943 2492
5944 2494
5945 2491
5946 2492
5947 2491
5948 2492
5949 2491
5950 2491
5951 2491
5952 2492
5953 2492
5954 2492
5955 2495
5956 2493
5957 2493
5958 2492
5959 2493
5960 2493
5961 2492
5962 2492
5963 2493
5964 2493
5965 2491
5966 2491
5967 2491
5968 2490
5969 2491
5970 2491
5971 2491
5972 2491
5973 2492
5974 2496
5975 2490
5976 2492
5977 2491
5978 2493
5979 2490
5980 2490
5981 2491
5982 2490
5983 2491
5984 2490
5985 2490
5986 2491
5987 2491
5988 2492
5989 2491
5990 2491
5991 2490
5992 2490
5993 2489
5994 2493
5995 2493
5996 2489
5997 2490
5998 2489
5999 2490
6000 2492
6001 2489
6002 2491
6003 2489
6004 2489
6005 2491
6006 2490
6007 2490
6008 2490
6009 2489
6010 2490
6011 2490
6012 2490
6013 2490
6014 2489
6015 2489
6016 2490
6017 2490
6018 2490
6019 2490
6020 2490
6021 2490
6022 2490
6023 2490
6024 2490
6025 2490
6026 2490
6027 2490
6028 2494
6029 2491
6030 2491
6031 2492
6032 2491
6033 2490
6034 2490
6035 2490
6036 2490
6037 2490
6038 2493
6039 2491
6040 2495
6041 2491
6042 2491
6043 2491
6044 2491
6045 2491
6046 2491
6047 2491
6048 2491
6049 2494
6050 2491
6051 2491
6052 2491
6053 2491
6054 2492
6055 2491
6056 2491
6057 2491
6058 2491
6059 2491
6060 2492
6061 2491
6062 2491
6063 2492
6064 2492
6065 2492
6066 2492
6067 2493
6068 2492
6069 2492
6070 2492
6071 2492
6072 2492
6073 2492
6074 2493
6075 2492
6076 2493
6077 2492
6078 2492
6079 2492
6080 2492
6081 2492
6082 2492
6083 2492
6084 2492
6085 2493
6086 2493
6087 2493
6088 2492
6089 2493
6090 2493
6091 2493
6092 2492
6093 2492
6094 2492
6095 2493
6096 2493
6097 2492
6098 2493
6099 2492
6100 2492
6101 2492
6102 2493
6103 2493
6104 2492
6105 2492
6106 2493
6107 2493
6108 2493
6109 2493
6110 2493
6111 2492
6112 2492
6113 2493
6114 2493
6115 2493
6116 2493
6117 2493
6118 2493
6119 2493
6120 2493
6121 2493
6122 2493
6123 2493
6124 2493
6125 2493
6126 2493
6127 2494
6128 2493
6129 2493
6130 2494
6131 2493
6132 2494
6133 2493
6134 2493
6135 2494
6136 2493
6137 2493
6138 2494
6139 2493
6140 2494
6141 2493
6142 2493
6143 2493
6144 2493
6145 2493
6146 2493
6147 2493
6148 2493
6149 2493
6150 2493
6151 2494
6152 2493
6153 2493
6154 2493
6155 2493
6156 2493
6157 2494
6158 2493
6159 2493
6160 2493
6161 2493
6162 2493
6163 2493
6164 2493
6165 2493
6166 2493
6167 2493
6168 2493
6169 2493
6170 2493
6171 2494
6172 2493
6173 2493
6174 2493
6175 2493
6176 2493
6177 2493
6178 2493
6179 2493
6180 2493
6181 2492
6182 2493
6183 2493
6184 2493
6185 2493
6186 2493
6187 2493
6188 2496
6189 2496
6190 2494
6191 2497
6192 2494
6193 2494
6194 2494
6195 2494
6196 2494
6197 2494
6198 2494
6199 2495
6200 2496
6201 2496
6202 2495
6203 2495
6204 2497
6205 2494
6206 2495
6207 2496
6208 2495
6209 2495
6210 2495
6211 2495
6212 2496
6213 2496
6214 2496
6215 2499
6216 2495
6217 2495
6218 2495
6219 2496
6220 2496
6221 2497
6222 2497
6223 2497
6224 2496
6225 2496
6226 2496
6227 2496
6228 2496
6229 2496
6230 2496
6231 2496
6232 2496
6233 2496
6234 2496
6235 2495
6236 2495
6237 2495
6238 2495
6239 2495
6240 2495
6241 2495
6242 2495
6243 2495
6244 2495
6245 2495
6246 2495
6247 2495
6248 2495
6249 2494
6250 2494
6251 2494
6252 2494
6253 2495
6254 2494
6255 2494
6256 2494
6257 2494
6258 2494
6259 2494
6260 2494
6261 2494
6262 2494
6263 2494
6264 2494
6265 2495
6266 2494
6267 2494
6268 2494
6269 2494
6270 2494
6271 2493
6272 2494
6273 2494
6274 2494
6275 2494
6276 2494
6277 2494
6278 2494
6279 2495
6280 2494
6281 2494
6282 2494
6283 2494
6284 2494
6285 2494
6286 2495
6287 2494
6288 2494
6289 2494
6290 2493
6291 2494
6292 2494
6293 2494
6294 2494
6295 2494
6296 2494
6297 2494
6298 2494
6299 2494
6300 2493
6301 2493
6302 2493
6303 2494
6304 2494
6305 2493
6306 2494
6307 2494
6308 2494
6309 2494
6310 2494
6311 2495
6312 2495
6313 2494
6314 2494
6315 2495
6316 2494
6317 2494
6318 2495
6319 2498
6320 2494
6321 2494
6322 2495
6323 2495
6324 2494
6325 2495
6326 2495
6327 2494
6328 2494
6329 2494
6330 2494
6331 2494
6332 2494
6333 2494
6334 2494
6335 2494
6336 2494
6337 2495
6338 2498
6339 2494
6340 2494
6341 2494
6342 2495
6343 2494
6344 2494
6345 2495
6346 2494
6347 2494
6348 2495
6349 2495
6350 2495
6351 2495
6352 2495
6353 2495
6354 2495
6355 2495
6356 2495
6357 2495
6358 2495
6359 2495
6360 2495
6361 2496
6362 2496
6363 2496
6364 2495
6365 2496
6366 2496
6367 2495
6368 2495
6369 2495
6370 2496
6371 2496
6372 2496
6373 2495
6374 2496
6375 2496
6376 2497
6377 2496
6378 2496
6379 2496
6380 2495
6381 2496
6382 2497
6383 2499
6384 2495
6385 2496
6386 2497
6387 2495
6388 2496
6389 2496
6390 2500
6391 2495
6392 2496
6393 2496
6394 2496
6395 2496
6396 2497
6397 2496
6398 2496
6399 2496
6400 2496
6401 2496
6402 2497
6403 2496
6404 2495
6405 2496
6406 2496
6407 2497
6408 2496
6409 2496
6410 2497
6411 2497
6412 2497
6413 2497
6414 2497
6415 2496
6416 2497
6417 2497
6418 2497
6419 2498
6420 2496
6421 2497
6422 2497
6423 2498
6424 2498
6425 2497
6426 2497
6427 2497
6428 2497
6429 2497
6430 2497
6431 2497
6432 2498
6433 2497
6434 2497
6435 2497
6436 2498
6437 2498
6438 2497
6439 2497
6440 2497
6441 2497
6442 2497
6443 2498
6444 2497
6445 2497
6446 2498
6447 2498
6448 2498
6449 2498
6450 2498
6451 2498
6452 2498
6453 2498
6454 2498
6455 2498
6456 2498
6457 2498
6458 2498
6459 2498
6460 2498
6461 2498
6462 2498
6463 2497
6464 2499
6465 2499
6466 2500
6467 2498
6468 2499
6469 2499
6470 2497
6471 2497
6472 2497
6473 2498
6474 2498
6475 2498
6476 2498
6477 2498
6478 2498
6479 2498
6480 2497
6481 2498
6482 2498
6483 2498
6484 2498
6485 2498
6486 2498
6487 2499
6488 2499
6489 2498
6490 2497
6491 2498
6492 2498
6493 2498
6494 2498
6495 2498
6496 2498
6497 2498
6498 2498
6499 2498
6500 2499
6501 2498
6502 2498
6503 2498
6504 2498
6505 2498
6506 2498
6507 2498
6508 2498
6509 2498
6510 2498
6511 2498
6512 2498
6513 2498
6514 2498
6515 2498
6516 2498
6517 2498
6518 2498
6519 2498
6520 2498
6521 2497
6522 2497
6523 2498
6524 2498
6525 2497
6526 2498
6527 2497
6528 2497
6529 2497
6530 2497
6531 2497
6532 2497
6533 2497
6534 2497
6535 2497
6536 2497
6537 2498
6538 2498
6539 2496
6540 2497
6541 2496
6542 2496
6543 2500
6544 2496
6545 2497
6546 2497
6547 2497
6548 2497
6549 2497
6550 2497
6551 2496
6552 2497
6553 2496
6554 2497
6555 2497
6556 2497
6557 2496
6558 2495
6559 2496
6560 2496
6561 2496
6562 2495
6563 2497
6564 2496
6565 2493
6566 2493
6567 2493
6568 2501
6569 2494
6570 2510
6571 2493
6572 2502
6573 2502
6574 2504
6575 2502
6576 2504
6577 2505
6578 2505
6579 2505
6580 2505
6581 2506
6582 2506
6583 2506
6584 2506
6585 2507
6586 2512
6587 2510
6588 2510
6589 2511
6590 2509
6591 2508
6592 2508
6593 2506
6594 2507
6595 2505
6596 2505
6597 2506
6598 2506
6599 2507
6600 2507
6601 2507
6602 2507
6603 2509
6604 2507
6605 2507
6606 2507
6607 2508
6608 2508
6609 2510
6610 2509
6611 2514
6612 2515
6613 2515
6614 2516
6615 2517
6616 2515
6617 2515
6618 2515
6619 2516
6620 2516
6621 2520
6622 2516
6623 2517
6624 2517
6625 2517
6626 2517
6627 2518
6628 2516
6629 2517
6630 2517
6631 2517
6632 2517
6633 2517
6634 2517
6635 2517
6636 2516
6637 2521
6638 2516
6639 2516
6640 2517
6641 2517
6642 2517
6643 2516
6644 2517
6645 2518
6646 2518
6647 2517
6648 2517
6649 2517
6650 2518
6651 2519
6652 2517
6653 2518
6654 2517
6655 2518
6656 2519
6657 2518
6658 2518
6659 2517
6660 2518
6661 2517
6662 2518
6663 2518
6664 2518
6665 2518
6666 2517
6667 2518
6668 2518
6669 2517
6670 2517
6671 2518
6672 2518
6673 2518
6674 2518
6675 2518
6676 2518
6677 2518
6678 2518
6679 2521
6680 2517
6681 2518
6682 2518
6683 2519
6684 2519
6685 2518
6686 2518
6687 2519
6688 2519
6689 2519
6690 2518
6691 2519
6692 2519
6693 2518
6694 2519
6695 2519
6696 2518
6697 2519
6698 2519
6699 2520
6700 2519
6701 2518
6702 2519
6703 2519
6704 2518
6705 2519
6706 2521
6707 2519
6708 2519
6709 2522
6710 2518
6711 2518
6712 2519
6713 2519
6714 2519
6715 2518
6716 2518
6717 2519
6718 2518
6719 2518
6720 2518
6721 2519
6722 2519
6723 2518
6724 2518
6725 2518
6726 2518
6727 2518
6728 2518
6729 2518
6730 2519
6731 2519
6732 2518
6733 2519
6734 2519
6735 2519
6736 2518
6737 2518
6738 2519
6739 2518
6740 2518
6741 2518
6742 2518
6743 2519
6744 2519
6745 2521
6746 2519
6747 2518
6748 2519
6749 2519
6750 2519
6751 2520
6752 2519
6753 2518
6754 2522
6755 2519
6756 2518
6757 2518
6758 2519
6759 2518
6760 2518
6761 2519
6762 2518
6763 2518
6764 2518
6765 2518
6766 2518
6767 2517
6768 2517
6769 2517
6770 2518
6771 2518
6772 2518
6773 2519
6774 2518
6775 2518
6776 2519
6777 2519
6778 2519
6779 2519
6780 2518
6781 2519
6782 2519
6783 2518
6784 2519
6785 2518
6786 2519
6787 2518
6788 2518
6789 2518
6790 2518
6791 2518
6792 2521
6793 2518
6794 2518
6795 2518
6796 2519
6797 2519
6798 2519
6799 2519
6800 2518
6801 2520
6802 2519
6803 2519
6804 2519
6805 2519
6806 2519
6807 2519
6808 2520
6809 2519
6810 2520
6811 2519
6812 2522
6813 2520
6814 2521
6815 2520
6816 2521
6817 2520
6818 2520
6819 2520
6820 2521
6821 2521
6822 2521
6823 2521
6824 2521
6825 2521
6826 2520
6827 2520
6828 2521
6829 2521
6830 2521
6831 2521
6832 2521
6833 2522
6834 2521
6835 2521
6836 2521
6837 2522
6838 2522
6839 2522
6840 2522
6841 2522
6842 2521
6843 2517
6844 2522
6845 2524
6846 2516
6847 2516
6848 2515
6849 2515
6850 2515
6851 2515
6852 2515
6853 2516
6854 2516
6855 2516
6856 2522
6857 2518
6858 2519
6859 2513
6860 2520
6861 2517
6862 2522
6863 2514
6864 2525
6865 2523
6866 2511
6867 2520
6868 2523
6869 2512
6870 2512
6871 2511
6872 2510
6873 2508
6874 2510
6875 2509
6876 2522
6877 2511
6878 2512
6879 2517
6880 2514
6881 2506
6882 2511
6883 2509
6884 2507
6885 2514
6886 2522
6887 2523
6888 2518
6889 2506
6890 2505
6891 2509
6892 2504
6893 2514
6894 2503
6895 2509
6896 2503
6897 2507
6898 2518
6899 2508
6900 2517
6901 2521
6902 2520
6903 2505
6904 2505
6905 2506
6906 2505
6907 2514
6908 2517
6909 2519
6910 2505
6911 2504
6912 2508
6913 2503
6914 2504
6915 2510
6916 2511
6917 2517
6918 2517
6919 2516
6920 2512
6921 2517
6922 2517
6923 2509
6924 2512
6925 2512
6926 2511
6927 2520
6928 2510
6929 2509
6930 2518
6931 2510
6932 2517
6933 2515
6934 2521
6935 2519
6936 2519
6937 2511
6938 2521
6939 2517
6940 2521
6941 2521
6942 2521
6943 2521
6944 2514
6945 2507
6946 2512
6947 2512
6948 2502
6949 2517
6950 2507
6951 2519
6952 2519
6953 2520
6954 2516
6955 2508
6956 2509
6957 2505
6958 2505
6959 2506
6960 2506
6961 2507
6962 2516
6963 2508
6964 2508
6965 2509
6966 2507
6967 2507
6968 2508
6969 2508
6970 2507
6971 2508
6972 2507
6973 2508
6974 2508
6975 2508
6976 2508
6977 2509
6978 2513
6979 2508
6980 2508
6981 2508
6982 2509
6983 2508
6984 2508
6985 2509
6986 2508
6987 2513
6988 2509
6989 2508
6990 2508
6991 2508
6992 2508
6993 2508
6994 2509
6995 2508
6996 2509
6997 2508
6998 2509
6999 2509
7000 2509
7001 2509
7002 2509
7003 2509
7004 2509
7005 2509
7006 2508
7007 2508
7008 2509
7009 2509
7010 2509
7011 2509
7012 2509
7013 2509
7014 2508
7015 2509
7016 2509
7017 2509
7018 2509
7019 2509
7020 2509
7021 2508
7022 2509
7023 2508
7024 2508
7025 2508
7026 2508
7027 2508
7028 2508
7029 2508
7030 2508
7031 2507
7032 2507
7033 2507
7034 2507
7035 2507
7036 2507
7037 2506
7038 2506
7039 2506
7040 2506
7041 2505
7042 2506
7043 2506
7044 2512
7045 2506
7046 2506
7047 2506
7048 2505
7049 2505
7050 2505
7051 2505
7052 2505
7053 2505
7054 2504
7055 2505
7056 2504
7057 2505
7058 2504
7059 2504
7060 2505
7061 2505
7062 2505
7063 2504
7064 2504
7065 2503
7066 2502
7067 2504
7068 2502
7069 2501
7070 2502
7071 2502
7072 2501
7073 2501
7074 2500
7075 2501
7076 2500
7077 2501
7078 2501
7079 2501
7080 2501
7081 2502
7082 2503
7083 2502
7084 2503
7085 2503
7086 2503
7087 2504
7088 2503
7089 2503
7090 2504
7091 2503
7092 2504
7093 2503
7094 2503
7095 2503
7096 2502
7097 2504
7098 2501
7099 2502
7100 2501
7101 2501
7102 2502
7103 2501
7104 2501
7105 2502
7106 2502
7107 2502
7108 2502
7109 2502
7110 2501
7111 2501
7112 2502
7113 2502
7114 2502
7115 2504
7116 2500
7117 2501
7118 2500
7119 2500
7120 2500
7121 2505
7122 2500
7123 2499
7124 2500
7125 2500
7126 2501
7127 2500
7128 2500
7129 2507
7130 2500
7131 2509
7132 2499
7133 2499
7134 2499
7135 2500
7136 2499
7137 2500
7138 2499
7139 2499
7140 2500
7141 2499
7142 2499
7143 2498
7144 2499
7145 2499
7146 2499
7147 2498
7148 2497
7149 2503
7150 2499
7151 2499
7152 2499
7153 2500
7154 2497
7155 2498
7156 2498
7157 2499
7158 2499
7159 2499
7160 2498
7161 2497
7162 2499
7163 2498
7164 2506
7165 2497
7166 2497
7167 2503
7168 2497
7169 2507
7170 2511
7171 2498
7172 2498
7173 2499
7174 2499
7175 2498
7176 2497
7177 2496
7178 2496
7179 2497
7180 2498
7181 2497
7182 2498
7183 2499
7184 2497
7185 2496
7186 2499
7187 2498
7188 2497
7189 2498
7190 2498
7191 2498
7192 2497
7193 2496
7194 2508
7195 2507
7196 2497
7197 2497
7198 2497
7199 2496
7200 2496
7201 2496
7202 2496
7203 2496
7204 2495
7205 2495
7206 2496
7207 2496
7208 2496
7209 2496
7210 2496
7211 2496
7212 2496
7213 2496
7214 2496
7215 2496
7216 2495
7217 2495
7218 2495
7219 2494
7220 2495
7221 2495
7222 2495
7223 2498
7224 2496
7225 2495
7226 2495
7227 2496
7228 2496
7229 2496
7230 2495
7231 2495
7232 2493
7233 2498
7234 2498
7235 2497
7236 2498
7237 2499
7238 2499
7239 2498
7240 2498
7241 2497
7242 2495
7243 2494
7244 2493
7245 2494
7246 2494
7247 2504
7248 2495
7249 2495
7250 2495
7251 2494
7252 2494
7253 2496
7254 2495
7255 2494
7256 2493
7257 2496
7258 2492
7259 2491
7260 2492
7261 2492
7262 2491
7263 2492
7264 2502
7265 2494
7266 2494
7267 2495
7268 2494
7269 2494
7270 2495
7271 2494
7272 2495
7273 2495
7274 2495
7275 2494
7276 2496
7277 2496
7278 2494
7279 2496
7280 2498
7281 2496
7282 2498
7283 2496
7284 2496
7285 2495
7286 2495
7287 2496
7288 2495
7289 2495
7290 2495
7291 2495
7292 2495
7293 2501
7294 2495
7295 2495
7296 2496
7297 2496
7298 2497
7299 2497
7300 2496
7301 2496
7302 2495
7303 2495
7304 2495
7305 2495
7306 2495
7307 2495
7308 2494
7309 2494
7310 2494
7311 2495
7312 2495
7313 2494
7314 2493
7315 2493
7316 2493
7317 2493
7318 2492
7319 2491
7320 2492
7321 2494
7322 2494
7323 2493
7324 2493
7325 2493
7326 2494
7327 2495
7328 2494
7329 2494
7330 2493
7331 2495
7332 2494
7333 2493
7334 2493
7335 2495
7336 2496
7337 2496
7338 2494
7339 2493
7340 2493
7341 2493
7342 2495
7343 2497
7344 2499
7345 2497
7346 2498
7347 2498
7348 2497
7349 2492
7350 2491
7351 2490
7352 2491
7353 2490
7354 2491
7355 2491
7356 2492
7357 2491
7358 2490
7359 2492
7360 2499
7361 2491
7362 2492
7363 2495
7364 2492
7365 2491
7366 2494
7367 2494
7368 2495
7369 2495

5756 2500
5757 2504
5758 2503
5759 2505
5760 2504
5761 2507
5762 2507
5763 2511
5764 2507
5765 2506
5766 2507
5767 2507
5768 2506
5769 2506
5770 2507
5771 2507
5772 2507
5773 2507
5774 2507
5775 2506
5776 2507
5777 2507
5778 2507
5779 2506
5780 2511
5781 2506
5782 2504
5783 2508
5784 2505
5785 2510
5786 2508
5787 2508
5788 2509
5789 2507
5790 2508
5791 2508
5792 2508
5793 2508
5794 2508
5795 2508
5796 2508
5797 2507
5798 2506
5799 2506
5800 2507
5801 2505
5802 2506
5803 2505
5804 2506
5805 2505
5806 9999
5807 2502
5808 2500
5809 2507
5810 2502
5811 2508
5812 2507
5813 2509
5814 2509
5815 2513
5816 2507
5817 2505
5818 2504
5819 9999
5820 2505
5821 2510
5822 2509
5823 2509
5824 2506
5825 2504
5826 2506
5827 2505
5828 2505
5829 2505
5830 2505
5831 2505
5832 2506
5833 2505
5834 2506
5835 2507
5836 2506
5837 2508
5838 2506
5839 2511
5840 2507
5841 2506
5842 2506
5843 2506
5844 2505
5845 2506
5846 2506
5847 2501
5848 2506
5849 2505
5850 2506
5851 2506
5852 2505
5853 2507
5854 2506
5855 2506
5856 2506
5857 2506
5858 2506
5859 2506
5860 2507
5861 2509
5862 2505
5863 2506
5864 2506
5865 2508
5866 2508
5867 2508
5868 2508
5869 2507
5870 2508
5871 2508
5872 2507
5873 2507
5874 2507
5875 2501
5876 2501
5877 2501
5878 2509
5879 2507
5880 2509
5881 2509
5882 2509
5883 2506
5884 2507
5885 2506
5886 2506
5887 2507
5888 2506
5889 2507
5890 2507
5891 2505
5892 2506
5893 2505
5894 2506
5895 2506
5896 2507
5897 2505
5898 2505
5899 2506
5900 2506
5901 2501
5902 2506
5903 2507
5904 2508
5905 2505
5906 2507
5907 2507
5908 2506
5909 2505
5910 2507
5911 2507
5912 2510
5913 2503
5914 2511
5915 2502
5916 2513
5917 2509
5918 2502
5919 2511
5920 2509
5921 2509
5922 2512
5923 2510
5924 2502
5925 2510
5926 2507
5927 2507
5928 2504
5929 2504
5930 9999
5931 2511
5932 2515
5933 2508
5934 2508
5935 2510
5936 2509
5937 2509
5938 2509
5939 2508
5940 2503
5941 2508
5942 2509
5943 2508
5944 2514
5945 2506
5946 9999
5947 2503
5948 9999
5949 2503
5950 2510
5951 2513
5952 9999
5953 9999
5954 2507
5955 9999
5956 2507
5957 2512
5958 2512
5959 9999
5960 9999
5961 2514
5962 2509
5963 2506
5964 9999
5965 2504
5966 2516
5967 2514
5968 2514
5969 2504
5970 2504
5971 2505
5972 2507
5973 2507
5974 2515
5975 2513
5976 2514
5977 2504
5978 2505
5979 2508
5980 2514
5981 2510
5982 2514
5983 2506
5984 2505
5985 2512
5986 2515
5987 2514
5988 2514
5989 2505
5990 2510
5991 2515
5992 2518
5993 2515
5994 2506
5995 2505
5996 2509
5997 2505
5998 2510
5999 2505
6000 2510
6001 2514
6002 2506
6003 2518
6004 2507
6005 2506
6006 2519
6007 2508
6008 2509
6009 2510
6010 2508
6011 2509
6012 2508
6013 2510
6014 2511
6015 2507
6016 2509
6017 2509
6018 2514
6019 2512
6020 2515
6021 2519
6022 2519
6023 2512
6024 2511
6025 2510
6026 2511
6027 2515
6028 2515
6029 2511
6030 2512
6031 2507
6032 2509
6033 2511
6034 2518
6035 2507
6036 2508
6037 2515
6038 2518
6039 2514
6040 2513
6041 2512
6042 2509
6043 2513
6044 2508
6045 2514
6046 2507
6047 2514
6048 2517
6049 2509
6050 2507
6051 2507
6052 2507
6053 2510
6054 2518
6055 2509
6056 2522
6057 2521
6058 2518
6059 2519
6060 2515
6061 2517
6062 2508
6063 2515
6064 2516
6065 2509
6066 2510
6067 2508
6068 2508
6069 2510
6070 2516
6071 2516
6072 2516
6073 2516
6074 2520
6075 2513
6076 2516
6077 2515
6078 2519
6079 2509
6080 2515
6081 2514
6082 2515
6083 2515
6084 2515
6085 2514
6086 2515
6087 2519
6088 2515
6089 2517
6090 2515
6091 2515
6092 2517
6093 2516
6094 2517
6095 2516
6096 2510

