974 2505
975 2511
976 2507
977 2505
978 2503
979 2503
980 2504
981 2506
982 2503
983 2509
984 2507
985 2504
986 2504
987 2503
988 2512
989 2504
990 2503
991 2503
992 2504
993 2505
994 2504
995 2504
996 2505
997 2502
998 2502
999 2501
1000 2501
1001 2502
1002 2502
1003 2502
1004 2503
1005 2502
1006 2501
1007 2501
1008 2501
1009 2501
1010 2501
1011 2501
1012 2502
1013 2501
1014 2501
1015 2501
1016 2501
1017 2501
1018 2501
1019 2500
1020 2500
1021 2500
1022 2500
1023 2502
1024 2500
1025 2500
1026 2502
1027 2500
1028 2499
1029 2499
1030 2499
1031 2499
1032 2499
1033 2499
1034 2499
1035 2498
1036 2499
1037 2499
1038 2500
1039 2500
1040 2500
1041 2504
1042 2500
1043 2505
1044 2499
1045 2499
1046 2499
1047 2502
1048 2500
1049 2500
1050 2501
1051 2500
1052 2501
1053 2501
1054 2502
1055 2502
1056 2502
1057 2503
1058 2500
1059 2500
1060 2500
1061 2500
1062 2500
1063 2501
1064 2502
1065 2502
1066 2502
1067 2502
1068 2502
1069 2502
1070 2503
1071 2506
1072 2502
1073 2504
1074 2502
1075 2502
1076 2501
1077 2501
1078 2502
1079 2502
1080 2502
1081 2504
1082 2503
1083 2502
1084 2502
1085 2502
1086 2501
1087 2503
1088 2501
1089 2502
1090 2501
1091 2500
1092 2501
1093 2500
1094 2502
1095 2504
1096 2501
1097 2501
1098 2503
1099 2500
1100 2500
1101 2500
1102 2500
1103 2500
1104 2501
1105 2500
1106 2501
1107 2500
1108 2500
1109 2500
1110 2500
1111 2500
1112 2500
1113 2500
1114 2500
1115 2504
1116 2500
1117 2500
1118 2500
1119 2501
1120 2501
1121 2501
1122 2507
1123 2501
1124 2500
1125 2500
1126 2499
1127 2500
1128 2500
1129 2506
1130 2500
1131 2501
1132 2500
1133 2501
1134 2501
1135 2501
1136 2501
1137 2501
1138 2501
1139 2501
1140 2501
1141 2501
1142 2501
1143 2501
1144 2501
1145 2501
1146 2501
1147 2501
1148 2502
1149 2502
1150 2502
1151 2501
1152 2501
1153 2500
1154 2500
1155 2501
1156 2500
1157 2500
1158 2501
1159 2500
1160 2501
1161 2501
1162 2500
1163 2500
1164 2500
1165 2500
1166 2501
1167 2501
1168 2501
1169 2501
1170 2501
1171 2501
1172 2501
1173 2501
1174 2500
1175 2500
1176 2502
1177 2501
1178 2500
1179 2501
1180 2501
1181 2500
1182 2501
1183 2501
1184 2501
1185 2502
1186 2501
1187 2501
1188 2501
1189 2501
1190 2500
1191 2500
1192 2500
1193 2501
1194 2509
1195 2500
1196 2501
1197 2501
1198 2500
1199 2501
1200 2501
1201 2501
1202 2501
1203 2501
1204 2500
1205 2501
1206 2501
1207 2500
1208 2500
1209 2500
1210 2500
1211 2501
1212 2504
1213 2500
1214 2500
1215 2500
1216 2500
1217 2500
1218 2500
1219 2500
1220 2500
1221 2504
1222 2500
1223 2504
1224 2499
1225 2499
1226 2499
1227 2499
1228 2500
1229 2500
1230 2500
1231 2499
1232 2499
1233 2500
1234 2501
1235 2500
1236 2500
1237 2499
1238 2500
1239 2500
1240 2499
1241 2499
1242 2500
1243 2499
1244 2499
1245 2500
1246 2500
1247 2499
1248 2499
1249 2499
1250 2499
1251 2499
1252 2499
1253 2499
1254 2499
1255 2499
1256 2499
1257 2499
1258 2499
1259 2502
1260 2500
1261 2500
1262 2499
1263 2499
1264 2499
1265 2500
1266 2499
1267 2499
1268 2500
1269 2499
1270 2499
1271 2499
1272 2499
1273 2500
1274 2499
1275 2499
1276 2500
1277 2500
1278 2499
1279 2500
1280 2500
1281 2500
1282 2500
1283 2500
1284 2500
1285 2500
1286 2500
1287 2500
1288 2499
1289 2501
1290 2504
1291 2500
1292 2500
1293 2500
1294 2502
1295 2500
1296 2499
1297 2500
1298 2499
1299 2499
1300 2500
1301 2500
1302 2500
1303 2500
1304 2501
1305 2499
1306 2500
1307 2500
1308 2500
1309 2500
1310 2499
1311 2499
1312 2499
1313 2499
1314 2499
1315 2499
1316 2499
1317 2500
1318 2499
1319 2499
1320 2499
1321 2499
1322 2499
1323 2499
1324 2499
1325 2499
1326 2499
1327 2498
1328 2499
1329 2498
1330 2498
1331 2500
1332 2499
1333 2499
1334 2508
1335 2501
1336 2499
1337 2499
1338 2499
1339 2499
1340 2500
1341 2506
1342 2499
1343 2499
1344 2499
1345 2498
1346 2499
1347 2498
1348 2499
1349 2499
1350 2500
1351 2499
1352 2499
1353 2500
1354 2499
1355 2500
1356 2500
1357 2500
1358 2500
1359 2499
1360 2500
1361 2500
1362 2500
1363 2499
1364 2500
1365 2500
1366 2499
1367 2500
1368 2500
1369 2500
1370 2500
1371 2500
1372 2500
1373 2500
1374 2500
1375 2500
1376 2500
1377 2500
1378 2499
1379 2500
1380 2500
1381 2500
1382 2500
1383 2499
1384 2500
1385 2500
1386 2500
1387 2500
1388 2500
1389 2500
1390 2500
1391 2500
1392 2500
1393 2500
1394 2500
1395 2500
1396 2500
1397 2500
1398 2500
1399 2500
1400 2500
1401 2500
1402 2500
1403 2500
1404 2500
1405 2500
1406 2500
1407 2500
1408 2500
1409 2500
1410 2500
1411 2501
1412 2500
1413 2500
1414 2500
1415 2500
1416 2500
1417 2500
1418 2500
1419 2500
1420 2500
1421 2500
1422 2500
1423 2500
1424 2500
1425 2500
1426 2500
1427 2500
1428 2500
1429 2500
1430 2500
1431 2500
1432 2500
1433 2500
1434 2500
1435 2500
1436 2500
1437 2500
1438 2500
1439 2500
1440 2500
1441 2500
1442 2500
1443 2500
1444 2500
1445 2500
1446 2500
1447 2500
1448 2500
1449 2500
1450 2500
1451 2500
1452 2500
1453 2500
1454 2500
1455 2500
1456 2500
1457 2500
1458 2500
1459 2500
1460 2500
1461 2500
1462 2500
1463 2500
1464 2500
1465 2500
1466 2500
1467 2500
1468 2500
1469 2500
1470 2500
1471 2500
1472 2500
1473 2500
1474 2500
1475 2500
1476 2500
1477 2500
1478 2500
1479 2500
1480 2500
1481 2500
1482 2500
1483 2500
1484 2500
1485 2500
1486 2500
1487 2500
1488 2500
1489 2500
1490 2500
1491 2500
1492 2500
1493 2500
1494 2500
1495 2500
1496 2500
1497 2499
1498 2500
1499 2500
1500 2500
1501 2500
1502 2499
1503 2499
1504 2499
1505 2500
1506 2499
1507 2499
1508 2499
1509 2499
1510 2499
1511 2499
1512 2500
1513 2499
1514 2499
1515 2499
1516 2499
1517 2500
1518 2500
1519 2500
1520 2500
1521 2500
1522 2499
1523 2499
1524 2499
1525 2500
1526 2499
1527 2500
1528 2499
1529 2499
1530 2499
1531 2499
1532 2499
1533 2499
1534 2499
1535 2499
1536 2499
1537 2499
1538 2499
1539 2499
1540 2499
1541 2499
1542 2499
1543 2499
1544 2499
1545 2499
1546 2499
1547 2500
1548 2500
1549 2500
1550 2500
1551 2500
1552 2500
1553 2500
1554 2500
1555 2500
1556 2500
1557 2500
1558 2500
1559 2500
1560 2500
1561 2500
1562 2500
1563 2500
1564 2500
1565 2500
1566 2500
1567 2500
1568 2500
1569 2500
1570 2500
1571 2500
1572 2500
1573 2500
1574 2500
1575 2500
1576 2499
1577 2500
1578 2500
1579 2500
1580 2500
1581 2500
1582 2500
1583 2500
1584 2500
1585 2500
1586 2500
1587 2501
1588 2501
1589 2500
1590 2500
1591 2501
1592 2500
1593 2501
1594 2500
1595 2500
1596 2500
1597 2500
1598 2500
1599 2500
1600 2500
1601 2500
1602 2500
1603 2500
1604 2500
1605 2500
1606 2500
1607 2500
1608 2500
1609 2500
1610 2500
1611 2500
1612 2500
1613 2501
1614 2500
1615 2500
1616 2500
1617 2500
1618 2500
1619 2500
1620 2500
1621 2501
1622 2500
1623 2500
1624 2500
1625 2500
1626 2500
1627 2500
1628 2501
1629 2500
1630 2500
1631 2500
1632 2501
1633 2500
1634 2500
1635 2500
1636 2501
1637 2501
1638 2500
1639 2501
1640 2500
1641 2500
1642 2500
1643 2500
1644 2501
1645 2500
1646 2501
1647 2501
1648 2501
1649 2501
1650 2501
1651 2501
1652 2501
1653 2501
1654 2501
1655 2501
1656 2501
1657 2501
1658 2501
1659 2501
1660 2501
1661 2501
1662 2501
1663 2501
1664 2501
1665 2501
1666 2501
1667 2501
1668 2501
1669 2501
1670 2501
1671 2501
1672 2501
1673 2501
1674 2504
1675 2501
1676 2501
1677 2501
1678 2501
1679 2501
1680 2501
1681 2501
1682 2501
1683 2502
1684 2502
1685 2501
1686 2502
1687 2501
1688 2501
1689 2501
1690 2501
1691 2501
1692 2502
1693 2502
1694 2502
1695 2501
1696 2501
1697 2501
1698 2502
1699 2502
1700 2501
1701 2502
1702 2502
1703 2502
1704 2502
1705 2502
1706 2501
1707 2501
1708 2501
1709 2501
1710 2501
1711 2502
1712 2502
1713 2502
1714 2501
1715 2501
1716 2502
1717 2501
1718 2501
1719 2502
1720 2502
1721 2502
1722 2502
1723 2502
1724 2502
1725 2502
1726 2502
1727 2502
1728 2502
1729 2502
1730 2502
1731 2502
1732 2502
1733 2502
1734 2502
1735 2502
1736 2502
1737 2501
1738 2501
1739 2505
1740 2502
1741 2501
1742 2501
1743 2502
1744 2501
1745 2501
1746 2501
1747 2501
1748 2501
1749 2501
1750 2501
1751 2501
1752 2501
1753 2501
1754 2501
1755 2501
1756 2501
1757 2501
1758 2501
1759 2500
1760 2501
1761 2501
1762 2501
1763 2501
1764 2501
1765 2501
1766 2501
1767 2501
1768 2501
1769 2501
1770 2501
1771 2501
1772 2501
1773 2501
1774 2501
1775 2501
1776 2500
1777 2500
1778 2500
1779 2501
1780 2500
1781 2500
1782 2500
1783 2500
1784 2500
1785 2500
1786 2500
1787 2500
1788 2500
1789 2500
1790 2500
1791 2500
1792 2500
1793 2500
1794 2500
1795 2500
1796 2500
1797 2500
1798 2500
1799 2500
1800 2500
1801 2500
1802 2500
1803 2500
1804 2500
1805 2500
1806 2500
1807 2500
1808 2500
1809 2500
1810 2500
1811 2500
1812 2500
1813 2500
1814 2500
1815 2500
1816 2500
1817 2500
1818 2500
1819 2500
1820 2500
1821 2500
1822 2500
1823 2500
1824 2500
1825 2500
1826 2500
1827 2500
1828 2500
1829 2500
1830 2500
1831 2500
1832 2500
1833 2500
1834 2500
1835 2500
1836 2500
1837 2500
1838 2500
1839 2500
1840 2500
1841 2499
1842 2500
1843 2500
1844 2500
1845 2499
1846 2499
1847 2500
1848 2500
1849 2499
1850 2499
1851 2499
1852 2499
1853 2499
1854 2499
1855 2499
1856 2499
1857 2499
1858 2499
1859 2499
1860 2499
1861 2499
1862 2499
1863 2499
1864 2499
1865 2499
1866 2499
1867 2499
1868 2499
1869 2499
1870 2499
1871 2499
1872 2499
1873 2500
1874 2499
1875 2499
1876 2500
1877 2499
1878 2500
1879 2499
1880 2499
1881 2499
1882 2500
1883 2500
1884 2500
1885 2499
1886 2499
1887 2500
1888 2500
1889 2500
1890 2500
1891 2500
1892 2499
1893 2500
1894 2499
1895 2499
1896 2499
1897 2500
1898 2500
1899 2500
1900 2500
1901 2500
1902 2500
1903 2500
1904 2500
1905 2500
1906 2500
1907 2500
1908 2499
1909 2499
1910 2500
1911 2499
1912 2499
1913 2500
1914 2500
1915 2499
1916 2500
1917 2500
1918 2500
1919 2500
1920 2499
1921 2500
1922 2499
1923 2499
1924 2499
1925 2499
1926 2499
1927 2498
1928 2499
1929 2499
1930 2499
1931 2499
1932 2499
1933 2498
1934 2498
1935 2498
1936 2498
1937 2498
1938 2498
1939 2498
1940 2498
1941 2498
1942 2498
1943 2498
1944 2498
1945 2498
1946 2498
1947 2498
1948 2498
1949 2498
1950 2498
1951 2498
1952 2498
1953 2498
1954 2498
1955 2498
1956 2498
1957 2498
1958 2498
1959 2498
1960 2498
1961 2498
1962 2498
1963 2498
1964 2498
1965 2498
1966 2498
1967 2498
1968 2498
1969 2498
1970 2498
1971 2498
1972 2498
1973 2498
1974 2498
1975 2497
1976 2497
1977 2497
1978 2498
1979 2497
1980 2497
1981 2497
1982 2498
1983 2497
1984 2497
1985 2497
1986 2497
1987 2497
1988 2497
1989 2497
1990 2497
1991 2497
1992 2497
1993 2497
1994 2497
1995 2497
1996 2497
1997 2498
1998 2497
1999 2497
2000 2497
2001 2497
2002 2497
2003 2497
2004 2497
2005 2497
2006 2498
2007 2497
2008 2501
2009 2498
2010 2497
2011 2497
2012 2497
2013 2497
2014 2497
2015 2497
2016 2497
2017 2497
2018 2497
2019 2497
2020 2497
2021 2497
2022 2497
2023 2497
2024 2497
2025 2497
2026 2497
2027 2497
2028 2497
2029 2497
2030 2497
2031 2497
2032 2497
2033 2497
2034 2497
2035 2497
2036 2497
2037 2496
2038 2496
2039 2496
2040 2496
2041 2496
2042 2496
2043 2496
2044 2496
2045 2496
2046 2496
2047 2496
2048 2496
2049 2496
2050 2496
2051 2496
2052 2496
2053 2496
2054 2496
2055 2496
2056 2496
2057 2496
2058 2496
2059 2496
2060 2496
2061 2496
2062 2496
2063 2496
2064 2496
2065 2496
2066 2496
2067 2496
2068 2496
2069 2496
2070 2495
2071 2495
2072 2495
2073 2495
2074 2495
2075 2495
2076 2495
2077 2495
2078 2495
2079 2495
2080 2495
2081 2495
2082 2495
2083 2495
2084 2495
2085 2495
2086 2495
2087 2495
2088 2495
2089 2495
2090 2495
2091 2495
2092 2495
2093 2495
2094 2495
2095 2495
2096 2495
2097 2495
2098 2495
2099 2495
2100 2495
2101 2495
2102 2494
2103 2495
2104 2495
2105 2494
2106 2494
2107 2494
2108 2495
2109 2494
2110 2494
2111 2494
2112 2494
2113 2494
2114 2494
2115 2494
2116 2494
2117 2494
2118 2494
2119 2494
2120 2494
2121 2494
2122 2494
2123 2494
2124 2494
2125 2494
2126 2494
2127 2494
2128 2497
2129 2494
2130 2494
2131 2494
2132 2493
2133 2493
2134 2494
2135 2493
2136 2493
2137 2493
2138 2494
2139 2494
2140 2493
2141 2494
2142 2493
2143 2493
2144 2493
2145 2497
2146 2497
2147 2497
2148 2494
2149 2493
2150 2493
2151 2493
2152 2493
2153 2494
2154 2493
2155 2494
2156 2493
2157 2493
2158 2493
2159 2493
2160 2493
2161 2493
2162 2493
2163 2493
2164 2493
2165 2493
2166 2493
2167 2493
2168 2494
2169 2494
2170 2494
2171 2496
2172 2494
2173 2494
2174 2493
2175 2492
2176 2493
2177 2493
2178 2493
2179 2493
2180 2493
2181 2494
2182 2494
2183 2493
2184 2494
2185 2493
2186 2495
2187 2492
2188 2493
2189 2492
2190 2492
2191 2493
2192 2493
2193 2493
2194 2493
2195 2493
2196 2492
2197 2492
2198 2493
2199 2492
2200 2492
2201 2493
2202 2493
2203 2493
2204 2493
2205 2492
2206 2492
2207 2492
2208 2492
2209 2492
2210 2492
2211 2493
2212 2493
2213 2492
2214 2493
2215 2493
2216 2492
2217 2492
2218 2492
2219 2492
2220 2492
2221 2492
2222 2492
2223 2492
2224 2492
2225 2492
2226 2492
2227 2492
2228 2492
2229 2492
2230 2492
2231 2492
2232 2492
2233 2493
2234 2493
2235 2492
2236 2493
2237 2493
2238 2493
2239 2493
2240 2492
2241 2493
2242 2493
2243 2493
2244 2493
2245 2493
2246 2493
2247 2493
2248 2493
2249 2493
2250 2493
2251 2492
2252 2493
2253 2492
2254 2493
2255 2493
2256 2493
2257 2492
2258 2493
2259 2492
2260 2492
2261 2492
2262 2492
2263 2491
2264 2492
2265 2492
2266 2492
2267 2492
2268 2492
2269 2492
2270 2492
2271 2492
2272 2492
2273 2492
2274 2492
2275 2492
2276 2492
2277 2492
2278 2492
2279 2492
2280 2491
2281 2492
2282 2492
2283 2492
2284 2492
2285 2492
2286 2492
2287 2492
2288 2492
2289 2492
2290 2492
2291 2492
2292 2492
2293 2492
2294 2492
2295 2492
2296 2492
2297 2492
2298 2492
2299 2492
2300 2492
2301 2491
2302 2492
2303 2492
2304 2491
2305 2492
2306 2492
2307 2491
2308 2491
2309 2491
2310 2491
2311 2491
2312 2491
2313 2491
2314 2491
2315 2491
2316 2491
2317 2491
2318 2491
2319 2491
2320 2491
2321 2491
2322 2491
2323 2491
2324 2491
2325 2491
2326 2491
2327 2491
2328 2491
2329 2491
2330 2491
2331 2491
2332 2491
2333 2491
2334 2491
2335 2491
2336 2491
2337 2491
2338 2490
2339 2490
2340 2490
2341 2490
2342 2491
2343 2491
2344 2491
2345 2490
2346 2490
2347 2490
2348 2490
2349 2490
2350 2490
2351 2490
2352 2490
2353 2490
2354 2490
2355 2490
2356 2490
2357 2490
2358 2490
2359 2490
2360 2489
2361 2490
2362 2490
2363 2490
2364 2494
2365 2490
2366 2490
2367 2490
2368 2490
2369 2489
2370 2489
2371 2489
2372 2489
2373 2489
2374 2489
2375 2489
2376 2489
2377 2489
2378 2489
2379 2489
2380 2488
2381 2489
2382 2488
2383 2488
2384 2488
2385 2488
2386 2488
2387 2488
2388 2488
2389 2487
2390 2487
2391 2488
2392 2488
2393 2488
2394 2488
2395 2488
2396 2488
2397 2487
2398 2487
2399 2487
2400 2487
2401 2487
2402 2487
2403 2487
2404 2487
2405 2487
2406 2487
2407 2487
2408 2487
2409 2487
2410 2487
2411 2486
2412 2486
2413 2487
2414 2487
2415 2487
2416 2487
2417 2487
2418 2487
2419 2487
2420 2486
2421 2486
2422 2487
2423 2488
2424 2486
2425 2485
2426 2486
2427 2486
2428 2486
2429 2486
2430 2486
2431 2486
2432 2486
2433 2486
2434 2486
2435 2486
2436 2486
2437 2486
2438 2485
2439 2486
2440 2486
2441 2485
2442 2485
2443 2485
2444 2485
2445 2485
2446 2485
2447 2485
2448 2485
2449 2485
2450 2485
2451 2485
2452 2485
2453 2485
2454 2485
2455 2485
2456 2485
2457 2484
2458 2484
2459 2484
2460 2484
2461 2484
2462 2484
2463 2484
2464 2484
2465 2484
2466 2484
2467 2484
2468 2484
2469 2488
2470 2484
2471 2474
2472 2484
2473 2483
2474 2483
2475 2483
2476 2482
2477 2482
2478 2483
2479 2483
2480 2482
2481 2482
2482 2482
2483 2483
2484 2482
2485 2482
2486 2482
2487 2481
2488 2482
2489 2481
2490 2482
2491 2482
2492 2482
2493 2481
2494 2481
2495 2481
2496 2481
2497 2481
2498 2484
2499 2481
2500 2481
2501 2481
2502 2482
2503 2481
2504 2481
2505 2480
2506 2480
2507 2480
2508 2480
2509 2480
2510 2480
2511 2480
2512 2480
2513 2480
2514 2480
2515 2480
2516 2480

1222 2538
1223 2538
1224 2547
1225 2539
1226 2538
1227 2535
1228 2541
1229 2539
1230 2547
1231 2535
1232 2544
1233 2545
1234 2538
1235 2542
1236 2538
1237 2539
1238 2540
1239 2540
1240 2542
1241 2538
1242 2539
1243 2538
1244 2538
1245 2542
1246 2538
1247 2537
1248 2538
1249 2538
1250 2538
1251 2538
1252 2537
1253 2536
1254 2545
1255 2545
1256 2538
1257 2538
1258 2537
1259 2537
1260 2538
1261 2539
1262 2536
1263 2538
1264 2537
1265 2535
1266 2536
1267 2537
1268 2538
1269 2538
1270 2537
1271 2535
1272 2534
1273 2536
1274 2537
1275 2536
1276 2538
1277 2538
1278 2537
1279 2538
1280 2531
1281 2536
1282 2540
1283 2541
1284 2540
1285 2539
1286 2537
1287 2536
1288 2533
1289 2537
1290 2538
1291 2537
1292 2537
1293 2538
1294 2540
1295 2535
1296 2543
1297 2531
1298 2533
1299 2537
1300 2538
1301 2538
1302 2531
1303 2538
1304 2530
1305 2530
1306 2534
1307 2537
1308 2539
1309 2538
1310 2534
1311 2538
1312 2537
1313 2536
1314 2538
1315 2538
1316 2538
1317 2538
1318 2537
1319 2536
1320 2537
1321 2538
1322 2538
1323 2538
1324 2538
1325 2536
1326 2540
1327 2542
1328 2529
1329 2538
1330 2541
1331 2538
1332 2543
1333 2540
1334 2538
1335 2538
1336 2539
1337 2538
1338 2542
1339 2538
1340 2539
1341 2539
1342 2537
1343 2538
1344 2529
1345 2539
1346 2539
1347 2538
1348 2537
1349 2531
1350 2531
1351 2542
1352 2538
1353 2543
1354 2537
1355 2538
1356 2538
1357 2538
1358 2537
1359 2538
1360 2538
1361 2532
1362 2538
1363 2539
1364 2542
1365 2542
1366 2539
1367 2530
1368 2537
1369 2538
1370 2542
1371 2534
1372 2539
1373 2537
1374 2533
1375 2539
1376 2538
1377 2538
1378 2542
1379 2538
1380 2539
1381 2538
1382 2537
1383 2538
1384 2538
1385 2528
1386 2536
1387 2536
1388 2532
1389 2538
1390 2537
1391 2537
1392 2538
1393 2537
1394 2536
1395 2538
1396 2527
1397 2527
1398 2539
1399 2527
1400 2538
1401 2538
1402 2539
1403 2538
1404 2538
1405 2541
1406 2540
1407 2537
1408 2538
1409 2538
1410 2539
1411 2540
1412 2536
1413 2539
1414 2538
1415 2538
1416 2543
1417 2539
1418 2539
1419 2538
1420 2539
1421 2539
1422 2538
1423 2538
1424 2539
1425 2539
1426 2538
1427 2538
1428 2537
1429 2539
1430 2539
1431 2538
1432 2537
1433 2538
1434 2538
1435 2537
1436 2538
1437 2538
1438 2538
1439 2538
1440 2539
1441 2538
1442 2538
1443 2538
1444 2539
1445 2539
1446 2540
1447 2541
1448 2540
1449 2542
1450 2539
1451 2541
1452 2547
1453 2546
1454 2543
1455 2535
1456 2540
1457 2539
1458 2545
1459 2540
1460 2538
1461 2539
1462 2539
1463 2539
1464 2539
1465 2539
1466 2538
1467 2538
1468 2535
1469 2542
1470 2536
1471 2538
1472 2539
1473 2541
1474 2541
1475 2540
1476 2539
1477 2539
1478 2541
1479 2538
1480 2539
1481 2538
1482 2539
1483 2538
1484 2540
1485 2541
1486 2539
1487 2538
1488 2539
1489 2538
1490 2538
1491 2538
1492 2539
1493 2540
1494 2539
1495 2538
1496 2538
1497 2539
1498 2540
1499 2540
1500 2539
1501 2539
1502 2538
1503 2538
1504 2538
1505 2538
1506 2539
1507 2539
1508 2538
1509 2538
1510 2540
1511 2538
1512 2538
1513 2538
1514 2542
1515 2539
1516 2538
1517 2538
1518 2538
1519 2538
1520 2538
1521 2538
1522 2541
1523 2544
1524 2539
1525 2536
1526 2538
1527 2537
1528 2540
1529 2540
1530 2536
1531 2537
1532 2537
1533 2543
1534 2538
1535 2537
1536 2536
1537 2537
1538 2537
1539 2533
1540 2541
1541 2529
1542 2537
1543 2537
1544 2537
1545 2536
1546 2535
1547 2537
1548 2540
1549 2535
1550 2535
1551 2535
1552 2534
1553 2535
1554 2533
1555 2534
1556 2534
1557 2534
1558 2534
1559 2540
1560 2537
1561 2528
1562 2534
1563 2536
1564 2536
1565 2535
1566 2540
1567 2535
1568 2540
1569 2534
1570 2535
1571 2535
1572 2534
1573 2534
1574 2534
1575 2534
1576 2534
1577 2533
1578 2533
1579 2533
1580 2534
1581 2534
1582 2533
1583 2533
1584 2533
1585 2533
1586 2540
1587 2532
1588 2532
1589 2532
1590 2532
1591 2532
1592 2532
1593 2533
1594 2532
1595 2532
1596 2535
1597 2530
1598 2531
1599 2532
1600 2533
1601 2531
1602 2532
1603 2531
1604 2533
1605 2530
1606 2530
1607 2531
1608 2531
1609 2533
1610 2531
1611 2530
1612 2531
1613 2531
1614 2530
1615 2529
1616 2531
1617 2530
1618 2531
1619 2531
1620 2530
1621 2530
1622 2531
1623 2531
1624 2531
1625 2532
1626 2531
1627 2530
1628 2530
1629 2531
1630 2531
1631 2531
1632 2531
1633 2530
1634 2535
1635 2532
1636 2532
1637 2535
1638 2530
1639 2530
1640 2528
1641 2528
1642 2523
1643 2530
1644 2534
1645 2533
1646 2529
1647 2530
1648 2529
1649 2530
1650 2531
1651 2529
1652 2528
1653 2531
1654 2529
1655 2530
1656 2530
1657 2533
1658 2531
1659 2530
1660 2533
1661 2522
1662 2529
1663 2530
1664 2530
1665 2534
1666 2530
1667 2526
1668 2529
1669 2528
1670 2522
1671 2522
1672 2536
1673 2534
1674 2532
1675 2536
1676 2529
1677 2530
1678 2527
1679 2528
1680 2533
1681 2531
1682 2533
1683 2529
1684 2532
1685 2527
1686 2534
1687 2521
1688 2528
1689 2528
1690 2529
1691 2530
1692 2531
1693 2528
1694 2528
1695 2527
1696 2528
1697 2527
1698 2528
1699 2528
1700 2521
1701 2522
1702 2526
1703 2529
1704 2528
1705 2535
1706 2528
1707 2529
1708 2530
1709 2527
1710 2528
1711 2527
1712 2531
1713 2533
1714 2532
1715 2533
1716 2530
1717 2527
1718 2529
1719 2527
1720 2526
1721 2529
1722 2526
1723 2527
1724 2528
1725 2526
1726 2527
1727 2523
1728 2524
1729 2526
1730 2527
1731 2528
1732 2523
1733 2523
1734 2526
1735 2521
1736 2523
1737 2524
1738 2527
1739 2525
1740 2521
1741 2522
1742 2523
1743 2522
1744 2521
1745 2522
1746 2527
1747 2522
1748 2523
1749 2522
1750 2528
1751 2518
1752 2525
1753 2530
1754 2530
1755 2521
1756 2524
1757 2520
1758 2520
1759 2522
1760 2521
1761 2521
1762 2520
1763 2520
1764 2519
1765 2519
1766 2520
1767 2519
1768 2520
1769 2513
1770 2521
1771 2520
1772 2519
1773 2519
1774 2519
1775 2519
1776 2519
1777 2519
1778 2519
1779 2519
1780 2519
1781 2519
1782 2519
1783 2520
1784 2519
1785 2519
1786 2519
1787 2524
1788 2518
1789 2517
1790 2518
1791 2516
1792 2516
1793 2516
1794 2518
1795 2519
1796 2518
1797 2518
1798 2519
1799 2518
1800 2518
1801 2518
1802 2521
1803 2519
1804 2518
1805 2521
1806 2516
1807 2521
1808 2515
1809 2512
1810 2521
1811 2517
1812 2517
1813 2523
1814 2522
1815 2518
1816 2520
1817 2524
1818 2523
1819 2521
1820 9999
1821 9999
1822 2521
1823 9999
1824 2516
1825 2517
1826 2516
1827 2518
1828 2519
1829 2520
1830 2517
1831 2518
1889 9999
1890 9999
1891 9999
1892 9999
1893 9999
1894 9999
1895 9999
1896 9999
1897 9999
1898 9999
1899 9999
1900 9999
1901 9999
1902 9999
1903 9999
1904 9999
1905 9999
1906 9999
1907 9999
1908 9999
1909 9999
1910 9999
1911 9999
1912 9999
1913 9999
1914 9999
1915 9999
1916 9999
1917 9999
1918 9999
1919 9999
1920 9999
1921 9999
1922 9999
1923 9999
1924 9999
1925 9999
1926 9999
1927 9999
1928 9999
1929 9999
1930 9999
1931 9999
1932 9999
1933 9999
1934 9999
1935 9999
1936 9999
1937 9999
1938 9999
1939 9999
1940 9999
1941 9999
1942 9999
1943 9999
1944 9999
1945 9999
1946 9999
1947 9999
1948 9999
1949 9999
1950 9999
1951 9999
1952 9999
1953 9999
1954 9999
1955 9999
1956 9999
1957 9999
1958 9999
1959 9999
1960 9999
1961 9999
1962 9999
1963 9999
1964 9999
1965 9999
1966 9999
1967 9999
1968 9999
1969 9999
1970 9999
1971 9999
1972 9999
1973 9999
1974 9999
1975 2515
1976 2513
1977 2513
1978 2515
1979 2513
1980 9999
1981 9999
1982 2515
1983 9999
1984 2514
1985 2513
1986 2513
1987 2513
1988 9999
1989 9999
1990 9999
1991 9999
1992 9999
1993 2514
1994 9999
1995 2512
1996 2512
1997 9999
1998 2512
1999 2513
2000 2512
2001 2512
2002 2509
2003 9999
2004 9999
2005 2512
2006 2513
2007 9999
2008 9999
2009 2512
2010 2512
2011 9999
2012 2513
2013 2511
2014 2511
2015 2512
2016 2512
2017 2512
2018 2511
2019 2513
2020 2513
2021 2511
2022 2511
2023 2511
2024 2511
2025 2511
2026 2511
2027 2510
2028 2509
2029 9999
2030 2509
2031 2511
2032 2511
2033 2511
2034 2511
2035 2509
2036 2511
2037 2511
2038 2510
2039 2510
2040 2511
2041 2511
2042 2511
2043 2511
2044 2511
2045 2511
2046 2511
2047 2511
2048 2511
2049 2511
2050 2510
2051 2510
2052 2510
2053 2510
2054 2511
2055 2511
2056 2511
2057 2511
2058 2511
2220 2509
2221 2508
2222 2508
2223 2508
2224 2508
2225 2508
2226 2508
2227 2508
2228 2508
2229 2508
2230 2508
2231 2508
2232 2509
2233 2508
2234 2509
2235 2508
2236 2509
2237 2509
2238 2508
2239 2508
2240 2508
2448 2507
2449 2506
2450 2502
2451 2510
2452 2509
2453 2514
2454 2507
2455 2507
2456 2507
2457 2506
2458 2512
2459 2506
2460 2507
2461 2507
2462 2507
2463 2507
2464 2508
2465 2508
2466 2514
2467 2507
2468 2507
2469 2507
2470 2499
2471 2499
2472 2499
2473 2507
2474 2507
2475 2510
2476 2509

