3420 2506
3421 2505
3422 2503
3423 2505
3424 2501
3425 2502
3426 2498
3427 2500
3428 2499
3429 2500
3430 2498
3431 2497
3432 2497
3433 2497
3434 2497
3435 2498
3436 2497
3437 2497
3438 2498
3439 2503
3440 2505
3441 2509
3442 2505
3443 2505
3444 2505
3445 2505
3446 2505
3447 2505
3448 2505
3449 2504
3450 2507
3451 2504
3452 2505
3453 2505
3454 2507
3455 2499
3456 2508
3457 2507
3458 2505
3459 2494
3460 2499
3461 2499
3462 2498
3463 2503
3464 2497
3465 2496
3466 2495
3467 2496
3468 2496
3469 2498
3470 2497
3471 2497
3472 2496
3473 2496
3474 2497
3475 2494
3476 2498
3477 2498
3478 2497
3479 2498
3480 2498
3481 2498
3482 2498
3483 2499
3484 2509
3485 2503
3486 2499
3487 2502
3488 2499
3489 2499
3490 2500
3491 2500
3492 2498
3493 2499
3494 2497
3495 2498
3496 2498
3497 2500
3498 2500
3499 2500
3500 2502
3501 2507
3502 2504
3503 2498
3504 2499
3505 2496
3506 2504
3507 2497
3508 2497
3509 2493
3510 2500
3511 2496
3512 2493
3513 2492
3514 2493
3515 2489
3516 2489
3517 2489
3518 2490
3519 2489
3520 2489
3521 2490
3522 2491
3523 2491
3524 2490
3525 2490
3526 2491
3527 2491
3528 2491
3529 2492
3530 2490
3531 2491
3532 2491
3533 2490
3534 2490
3535 2490
3536 2490
3537 2489
3538 2490
3539 2490
3540 2489
3541 2489
3542 2489
3543 2489
3544 2489
3545 2494
3546 2494
3547 2491
3548 2489
3549 2489
3550 2489
3551 2488
3552 2492
3553 2490
3554 2489
3555 2489
3556 2489
3557 2489
3558 2488
3559 2489
3560 2489
3561 2490
3562 2490
3563 2490
3564 2489
3565 2490
3566 2490
3567 2492
3568 2491
3569 2492
3570 2494
3571 2491
3572 2492
3573 2491
3574 2491
3575 2492
3576 2492
3577 2491
3578 2491
3579 2491
3580 2490
3581 2491
3582 2490
3583 2491
3584 2491
3585 2491
3586 2491
3587 2490
3588 2490
3589 2491
3590 2491
3591 2495
3592 2495
3593 2490
3594 2490
3595 2490
3596 2491
3597 2490
3598 2491
3599 2490
3600 2488
3601 2489
3602 2488
3603 2489
3604 2489
3605 2488
3606 2488
3607 2488
3608 2489
3609 2489
3610 2491
3611 2489
3612 2489
3613 2489
3614 2489
3615 2489
3616 2489
3617 2489
3618 2489
3619 2489
3620 2489
3621 2496
3622 2492
3623 2492
3624 2489
3625 2497
3626 2494
3627 2491
3628 2492
3629 2489
3630 2489
3631 2489
3632 2491
3633 2494
3634 2494
3635 2489
3636 2491
3637 2490
3638 2490
3639 2490
3640 2490
3641 2491
3642 2491
3643 2490
3644 2490
3645 2491
3646 2491
3647 2491
3648 2491
3649 2491
3650 2491
3651 2491
3652 2491
3653 2491
3654 2491
3655 2491
3656 2491
3657 2491
3658 2491
3659 2491
3660 2491
3661 2491
3662 2491
3663 2491
3664 2491
3665 2491
3666 2492
3667 2491
3668 2491
3669 2491
3670 2491
3671 2491
3672 2491
3673 2491
3674 2491
3675 2491
3676 2491
3677 2491
3678 2491
3679 2491
3680 2490
3681 2491
3682 2491
3683 2491
3684 2490
3685 2491
3686 2491
3687 2491
3688 2490
3689 2492
3690 2490
3691 2491
3692 2490
3693 2491
3694 2491
3695 2490
3696 2491
3697 2490
3698 2491
3699 2490
3700 2491
3701 2491
3702 2491
3703 2491
3704 2491
3705 2491
3706 2491
3707 2491
3708 2491
3709 2491
3710 2491
3711 2491
3712 2491
3713 2491
3714 2491
3715 2491
3716 2491
3717 2491
3718 2491
3719 2491
3720 2491
3721 2491
3722 2491
3723 2491
3724 2491
3725 2491
3726 2491
3727 2491
3728 2491
3729 2491
3730 2491
3731 2491
3732 2491
3733 2491
3734 2491
3735 2491
3736 2491
3737 2491
3738 2491
3739 2491
3740 2491
3741 2491
3742 2491
3743 2491
3744 2491
3745 2491
3746 2491
3747 2491
3748 2491
3749 2491
3750 2491
3751 2491
3752 2491
3753 2491
3754 2491
3755 2491
3756 2491
3757 2491
3758 2491
3759 2491
3760 2491
3761 2491
3762 2491
3763 2491
3764 2491
3765 2491
3766 2491
3767 2491
3768 2491
3769 2491
3770 2491
3771 2491
3772 2491
3773 2491
3774 2491
3775 2491
3776 2491
3777 2491
3778 2491
3779 2491
3780 2491
3781 2491
3782 2491
3783 2491
3784 2491
3785 2491
3786 2491
3787 2491
3788 2491
3789 2491
3790 2491
3791 2491
3792 2491
3793 2491
3794 2491
3795 2491
3796 2491
3797 2491
3798 2491
3799 2491
3800 2491
3801 2491
3802 2491
3803 2491
3804 2491
3805 2491
3806 2491
3807 2491
3808 2491
3809 2491
3810 2491
3811 2491
3812 2491
3813 2491
3814 2491
3815 2491
3816 2491
3817 2491
3818 2491
3819 2491
3820 2491
3821 2491
3822 2491
3823 2492
3824 2491
3825 2491
3826 2491
3827 2491
3828 2491
3829 2492
3830 2491
3831 2491
3832 2491
3833 2492
3834 2492
3835 2492
3836 2492
3837 2491
3838 2492
3839 2492
3840 2492
3841 2491
3842 2491
3843 2491
3844 2491
3845 2491
3846 2492
3847 2492
3848 2491
3849 2491
3850 2491
3851 2491
3852 2492
3853 2492
3854 2491
3855 2492
3856 2491
3857 2491

