2823 2491
2824 2490
2825 2490
2826 2490
2827 2490
2828 2491
2829 2491
2830 2490
2831 2492
2832 2491
2833 2491
2834 2493
2835 2494
2836 2492
2837 2492
2838 2492
2839 2499
2840 2492
2841 2492
2842 2493
2843 2493
2844 2493
2845 2493
2846 2493
2847 2493
2848 2494
2849 2494
2850 2493
2851 2498
2852 2493
2853 2494
2854 2494
2855 2493
2856 2493
2857 2496
2858 2493
2859 2494
2860 2494
2861 2494
2862 2495
2863 2494
2864 2493
2865 2494
2866 2494
2867 2494
2868 2494
2869 2494
2870 2495
2871 2494
2872 2494
2873 2495
2874 2499
2875 2494
2876 2494
2877 2494
2878 2494
2879 2494
2880 2495
2881 2494
2882 2494
2883 2494
2884 2493
2885 2494
2886 2494
2887 2495
2888 2494
2889 2494
2890 2494
2891 2494
2892 2495
2893 2495
2894 2494
2895 2495
2896 2495
2897 2495
2898 2495
2899 2495
2900 2494
2901 2494
2902 2495
2903 2495
2904 2494
2905 2494
2906 2493
2907 2492
2908 2495
2909 2494
2910 2494
2911 2493
2912 2493
2913 2492
2914 2492
2915 2494
2916 2495
2917 2493
2918 2492
2919 2492
2920 2492
2921 2493
2922 2493
2923 2491
2924 2495
2925 2492
2926 2491
2927 2492
2928 2493
2929 2494
2930 2492
2931 2493
2932 2494
2933 2493
2934 2494
2935 2493
2936 2493
2937 2494
2938 2494
2939 2494
2940 2494
2941 2494
2942 2495
2943 2495
2944 2494
2945 2494
2946 2495
2947 2495
2948 2494
2949 2494
2950 2495
2951 2494
2952 2493
2953 2500
2954 2492
2955 2492
2956 2491
2957 2491
2958 2492
2959 2501
2960 2493
2961 2494
2962 2495
2963 2492
2964 2493
2965 2493
2966 2499
2967 2495
2968 2496
2969 2495
2970 2497
2971 2495
2972 2496
2973 2497
2974 2497
2975 2497
2976 2497
2977 2497
2978 2496
2979 2497
2980 2501
2981 2497
2982 2497
2983 2497
2984 2502
2985 2498
2986 2498
2987 2498
2988 2498
2989 2498
2990 2498
2991 2499
2992 2498
2993 2498
2994 2499
2995 2499
2996 2499
2997 2499
2998 2498
2999 2499
3000 2498
3001 2499
3002 2499
3003 2498
3004 2498
3005 2498
3006 2498
3007 2498
3008 2499
3009 2499
3010 2499
3011 2498
3012 2499
3013 2499
3014 2499
3015 2498
3016 2499
3017 2498
3018 2498
3019 2498
3020 2498
3021 2503
3022 2499
3023 2500
3024 2500
3025 2500
3026 2499
3027 2499
3028 2499
3029 2504
3030 2504
3031 2499
3032 2499
3033 2499
3034 2499
3035 2499
3036 2499
3037 2499
3038 2500
3039 2500
3040 2500
3041 2500
3042 2503
3043 2500
3044 2499
3045 2499
3046 2498
3047 2503
3048 2503
3049 2499
3050 2499
3051 2499
3052 2499
3053 2500
3054 2499
3055 2500
3056 2500
3057 2500
3058 2500
3059 2499
3060 2500
3061 2500
3062 2500
3063 2499
3064 2499
3065 2499
3066 2499
3067 2499
3068 2499
3069 2500
3070 2500
3071 2500
3072 2500
3073 2500
3074 2500
3075 2500
3076 2501
3077 2501
3078 2499
3079 2500
3080 2500
3081 2499
3082 2503
3083 2503
3084 2499
3085 2500
3086 2500
3087 2499
3088 2499
3089 2500
3090 2500
3091 2502
3092 2502
3093 2501
3094 2500
3095 2499
3096 2500
3097 2498
3098 2505
3099 2499
3100 2498
3101 2500
3102 2500
3103 2497
3104 2497
3105 2497
3106 2497
3107 2498
3108 2499
3109 2500
3110 2502
3111 2504
3112 2499
3113 2494
3114 2497
3115 2493
3116 2500
3117 2497
3118 2504
3119 2492
3120 2494
3121 2492
3122 2500
3123 2494
3124 2497
3125 2504
3126 2503
3127 2501
3128 2502
3129 2504
3130 2493
3131 2502
3132 2494
3133 2495
3134 2496
3135 2495
3136 2504
3137 2499
3138 2495
3139 2503
3140 2502
3141 2495
3142 2499
3143 2496
3144 2496
3145 2497
3146 2497
3147 2494
3148 2496
3149 2496
3150 2506
3151 2505
3152 2501
3153 2503
3154 2505
3155 2502
3156 2501
3157 2498
3158 2498
3159 2502
3160 2499
3161 2500
3162 2498
3163 2499
3164 2501
3165 2502
3166 2502
3167 2495
3168 2499
3169 2500
3170 2497
3171 2499
3172 2498
3173 2497
3174 2496
3175 2500
3176 2500
3177 2498
3178 2503
3179 2501
3180 2501
3181 2502
3182 2501
3183 2497
3184 2498
3185 2504
3186 2502
3187 2499
3188 2501
3189 2506
3190 2498
3191 2500
3192 2495
3193 2495
3194 2495
3195 2500
3196 2505
3197 2496
3198 2503
3199 2502
3200 2504
3201 2506
3202 2496
3203 2507
3204 2507
3205 2508
3206 2507
3207 2507
3208 2508
3209 2507
3210 2510
3211 2510
3212 2517
3213 2516
3214 2509
3215 2513
3216 2512
3217 2512
3218 2518
3219 2518
3220 2513
3221 2514
3222 2515
3223 2517
3224 2515
3225 2514
3226 2514
3227 2514
3228 2513
3229 2512
3230 2512
3231 2513
3232 2512
3233 2513
3234 2513
3235 2512
3236 2512
3237 2513
3238 2513
3239 2513
3240 2512
3241 2513
3242 2512
3243 2514
3244 2516
3245 2512
3246 2513
3247 2513
3248 2512
3249 2513
3250 2515
3251 2513
3252 2513
3253 2513
3254 2513
3255 2513
3256 2512
3257 2513
3258 2513
3259 2513
3260 2513
3261 2513
3262 2513
3263 2512
3264 2513
3265 2512
3266 2513
3267 2513
3268 2512
3269 2516
3270 2512
3271 2513
3272 2513
3273 2513
3274 2513
3275 2513
3276 2513
3277 2512
3278 2513
3279 2512
3280 2513
3281 2516
3282 2514
3283 2512
3284 2512
3285 2512
3286 2512
3287 2512
3288 2512
3289 2513
3290 2513
3291 2513
3292 2513
3293 2513
3294 2512
3295 2512
3296 2513
3297 2512
3298 2515
3299 2513
3300 2513
3301 2513
3302 2513
3303 2513
3304 2514
3305 2513
3306 2516
3307 2514
3308 2514
3309 2514
3310 2514
3311 2513
3312 2513
3313 2513
3314 2513
3315 2513
3316 2513
3317 2513
3318 2513
3319 2513
3320 2517
3321 2513
3322 2513
3323 2513
3324 2513
3325 2513
3326 2513
3327 2513
3328 2513
3329 2513
3330 2512
3331 2513
3332 2513
3333 2513
3334 2513
3335 2513
3336 2513
3337 2512
3338 2513
3339 2513
3340 2513
3341 2513
3342 2512
3343 2512
3344 2513
3345 2512
3346 2512
3347 2512
3348 2513
3349 2513
3350 2512
3351 2512
3352 2511
3353 2512
3354 2512
3355 2512
3356 2512
3357 2512
3358 2512
3359 2512
3360 2512
3361 2511
3362 2512
3363 2512
3364 2511
3365 2511
3366 2511
3367 2513
3368 2512
3369 2511
3370 2512
3371 2512
3372 2512
3373 2512
3374 2511
3375 2512
3376 2511
3377 2512
3378 2511
3379 2511
3380 2512
3381 2514
3382 2515
3383 2513
3384 2515
3385 2511
3386 2511
3387 2512
3388 2514
3389 2512
3390 2517
3391 2512
3392 2510
3393 2511
3394 2513
3395 2511
3396 2512
3397 2511
3398 2511
3399 2511
3400 2511
3401 2511
3402 2510
3403 2513
3404 2510
3405 2510
3406 2511
3407 2511
3408 2513
3409 2510
3410 2512
3411 2511
3412 2510
3413 2511
3414 2511
3415 2511
3416 2513
3417 2510
3418 2510
3419 2510
3420 2510
3421 2510
3422 2510
3423 2510
3424 2510
3425 2510
3426 2510
3427 2510
3428 2508
3429 2509
3430 2507
3431 2508
3432 2505
3433 2505
3434 2504
3435 2504
3436 2507
3437 2505
3438 2504
3439 2504
3440 2504
3441 2505
3442 2504
3443 2504
3444 2505
3445 2505
3446 2504
3447 2505
3448 2505
3449 2505
3450 2505
3451 2505
3452 2505
3453 2504
3454 2504
3455 2504
3456 2504
3457 2504
3458 2505
3459 2504
3460 2504
3461 2506
3462 2506
3463 2505
3464 2504
3465 2504
3466 2503
3467 2506
3468 2502
3469 2502
3470 2501
3471 2502
3472 2501
3473 2500
3474 2502
3475 2499
3476 2497
3477 2501
3478 2499
3479 2494
3480 2497
3481 2498
3482 2496
3483 2498
3484 2492
3485 2490
3486 2502
3487 2492
3488 2491
3489 2491
3490 2492
3491 2492
3492 2491
3493 2492
3494 2492
3495 2492
3496 2492
3497 2492
3498 2493
3499 2493
3500 2492
3501 2491
3502 2491
3503 2494
3504 2490
3505 2491
3506 2491
3507 2492
3508 2494
3509 2494
3510 2493
3511 2492
3512 2496
3513 2493
3514 2492
3515 2492
3516 2492
3517 2492
3518 2493
3519 2493
3520 2493
3521 2493
3522 2493
3523 2493
3524 2493
3525 2493
3526 2493
3527 2493
3528 2493
3529 2493
3530 2493
3531 2493
3532 2493
3533 2493
3534 2493
3535 2493
3536 2493
3537 2493
3538 2493
3539 2493
3540 2493
3541 2493
3542 2493
3543 2493
3544 2494
3545 2493
3546 2493
3547 2493
3548 2493
3549 2493
3550 2493
3551 2493
3552 2493
3553 2493
3554 2493
3555 2493
3556 2493
3557 2493
3558 2493
3559 2497
3560 2494
3561 2493
3562 2492
3563 2498
3564 2498
3565 2493
3566 2492
3567 2492
3568 2492
3569 2492
3570 2492
3571 2492
3572 2492
3573 2491
3574 2490
3575 2498
3576 2490
3577 2491
3578 2489
3579 2494
3580 2495
3581 2490
3582 2494
3583 2489
3584 2492
3585 2490
3586 2490
3587 2490
3588 2490
3589 2496
3590 2491
3591 2491
3592 2492
3593 2492
3594 2492
3595 2492
3596 2492
3597 2492
3598 2492
3599 2492
3600 2493
3601 2492
3602 2492
3603 2492
3604 2493
3605 2492
3606 2492
3607 2492
3608 2492
3609 2492
3610 2492
3611 2492
3612 2492
3613 2492
3614 2492
3615 2492
3616 2492
3617 2492
3618 2492
3619 2492
3620 2492
3621 2492
3622 2493
3623 2493
3624 2493
3625 2493
3626 2493
3627 2493
3628 2492
3629 2493
3630 2493
3631 2493
3632 2492
3633 2493
3634 2492
3635 2492
3636 2492
3637 2494
3638 2492
3639 2492
3640 2492
3641 2494
3642 2492
3643 2492
3644 2491
3645 2492
3646 2491
3647 2492
3648 2496
3649 2492
3650 2492
3651 2492
3652 2494
3653 2491
3654 2491
3655 2492
3656 2491
3657 2493
3658 2493
3659 2492
3660 2491
3661 2492
3662 2492
3663 2492
3664 2491
3665 2491
3666 2492
3667 2492
3668 2491
3669 2491
3670 2491
3671 2494
3672 2492
3673 2492
3674 2491
3675 2492
3676 2495
3677 2492
3678 2492
3679 2492
3680 2497
3681 2496
3682 2492
3683 2491
3684 2492
3685 2492
3686 2492
3687 2492
3688 2491
3689 2492
3690 2503
3691 2492
3692 2492
3693 2491
3694 2493
3695 2491
3696 2492
3697 2492
3698 2492
3699 2492
3700 2492
3701 2491
3702 2491
3703 2491
3704 2491
3705 2491
3706 2491
3707 2491
3708 2491
3709 2491
3710 2491
3711 2491
3712 2491
3713 2491
3714 2491
3715 2490
3716 2491
3717 2491
3718 2490
3719 2490
3720 2490
3721 2490
3722 2490
3723 2490
3724 2490
3725 2491
3726 2491
3727 2491
3728 2492
3729 2492
3730 2491
3731 2491
3732 2491
3733 2491
3734 2491
3735 2491
3736 2491
3737 2492
3738 2491
3739 2491
3740 2491
3741 2492
3742 2492
3743 2492
3744 2492
3745 2493
3746 2492
3747 2491
3748 2491
3749 2492
3750 2491
3751 2491
3752 2491
3753 2492
3754 2492
3755 2492
3756 2492
3757 2492
3758 2492
3759 2492
3760 2492
3761 2492
3762 2492
3763 2492
3764 2492
3765 2492
3766 2492
3767 2492
3768 2492
3769 2492
3770 2492
3771 2492
3772 2492
3773 2492
3774 2492
3775 2492
3776 2492
3777 2492
3778 2492
3779 2491
3780 2491
3781 2491
3782 2491
3783 2491
3784 2491
3785 2491
3786 2491
3787 2491
3788 2491
3789 2491
3790 2492
3791 2491
3792 2491
3793 2491
3794 2491
3795 2491
3796 2491
3797 2491
3798 2491
3799 2491
3800 2491
3801 2491
3802 2491
3803 2491
3804 2491
3805 2491
3806 2491
3807 2491
3808 2491
3809 2491
3810 2491
3811 2491
3812 2491
3813 2491
3814 2491
3815 2491
3816 2491
3817 2491
3818 2491
3819 2492
3820 2492
3821 2492
3822 2491
3823 2492
3824 2491
3825 2491
3826 2491
3827 2492
3828 2492
3829 2492
3830 2492
3831 2492
3832 2492
3833 2492
3834 2491
3835 2491
3836 2492
3837 2492
3838 2492
3839 2492
3840 2492
3841 2492
3842 2492
3843 2492
3844 2492
3845 2492
3846 2492
3847 2492
3848 2492
3849 2492
3850 2492
3851 2492
3852 2492
3853 2492
3854 2492
3855 2492
3856 2492
3857 2492
3858 2492
3859 2492
3860 2492
3861 2492
3862 2492
3863 2492
3864 2492
3865 2492

