298 2555
299 2555
300 2554
301 2559
302 2554
303 2554
304 2553
305 2553
306 2553
307 2552
308 2552
309 2552
310 2553
311 2552
312 2552
313 2551
314 2551
315 2554
316 2552
317 2551
318 2552
319 2551
320 2552
321 2551
322 2551
323 2554
324 2551
325 2551
326 2552
327 2551
328 2551
329 2553
330 2554
331 2551
332 2551
333 2550
334 2551
335 2551
336 2551
337 2551
338 2551
339 2551
340 2550
341 2550
342 2550
343 2550
344 2553
345 2552
346 2551
347 2553
348 2550
349 2550
350 2550
351 2552
352 2550
353 2550
354 2550
355 2552
356 2550
357 2552
358 2553
359 2554
360 2550
361 2550
362 2553
363 2551
364 2550
365 2553
366 2552
367 2550
368 2550
369 2550
370 2550
371 2550
372 2550
373 2549
374 2550
375 2550
376 2551
377 2551
378 2551
379 2551
380 2550
381 2555
382 2550
383 2549
384 2549
385 2550
386 2550
387 2550
388 2550
389 2550
390 2550
391 2549
392 2550
393 2550
394 2550
395 2550
396 2550
397 2550
398 2550
399 2550
400 2549
401 2550
402 2550
403 2550
404 2550
405 2550
406 2552
407 2550
408 2551
409 2550
410 2549
411 2549
412 2549
413 2550
414 2550
415 2550
416 2549
417 2549
418 2550
419 2550
420 2550
421 2551
422 2549
423 2550
424 2550
425 2550
426 2553
427 2550
428 2550
429 2550
430 2550
431 2549
432 2553
433 2550
434 2551
435 2553
436 2554
437 2553
438 2552
439 2551
440 2550
441 2551
442 2551
443 2551
444 2550
445 2550
446 2550
447 2551
448 2553
449 2553
450 2551
451 2550
452 2549
453 2550
454 2550
455 2550
456 2550
457 2550
458 2550
459 2550
460 2550
461 2557
462 2554
463 2550
464 2550
465 2550
466 2550
467 2550
468 2550
469 2550
470 2551
471 2551
472 2550
473 2551
474 2550
475 2550
476 2550
477 2552
478 2551
479 2551
480 2550
481 2550
482 2550
483 2551
484 2551
485 2551
486 2551
487 2552
488 2550
489 2551
490 2551
491 2550
492 2550
493 2551
494 2552
495 2553
496 2555
497 2551
498 2552
499 2553
500 2551
501 2552
502 2551
503 2551
504 2551
505 2555
506 2552
507 2555
508 2555
509 2552
510 2552
511 2552
512 2552
513 2556
514 2553
515 2552
516 2552
517 2552
518 2554
519 2552
520 2552
521 2552
522 2552
523 2553
524 2552
525 2552
526 2555
527 2551
528 2554
529 2551
530 2551
531 2551
532 2551
533 2551
534 2551
535 2551
536 2551
537 2551
538 2551
539 2551
540 2551
541 2553
542 2553
543 2552
544 2551
545 2551
546 2552
547 2552
548 2551
549 2557
550 2557
551 2552
552 2552
553 2551
554 2551
555 2552
556 2552
557 2553
558 2552
559 2552
560 2552
561 2552
562 2553
563 2552
564 2562
565 2557
566 2553
567 2553
568 2552
569 2553
570 2553
571 2552
572 2552
573 2551
574 2551
575 2551
576 2551
577 2551
578 2555
579 2551
580 2551
581 2552
582 2552
583 2552
584 2552
585 2553
586 2554
587 2553
588 2552
589 2552
590 2552
591 2552
592 2552
593 2553
594 2553
595 2552
596 2552
597 2552
598 2552
599 2552
600 2552
601 2552
602 2552
603 2553
604 2553
605 2554
606 2555
607 2554
608 2553
609 2552
610 2556
611 2555
612 2552
613 2554
614 2558
615 2556
616 2557
617 2554
618 2554
619 2554
620 2554
621 2553
622 2553
623 2554
624 2554
625 2554
626 2554
627 2554
628 2554
629 2556
630 2554
631 2553
632 2553
633 2552
634 2554
635 2554
636 2554
637 2555
638 2555
639 2555
640 2556
641 2556
642 2556
643 2555
644 2556
645 2555
646 2556
647 2556
648 2562
649 2557
650 2556
651 2555
652 2554
653 2555
654 2555
655 2555
656 2555
657 2555
658 2555
659 2555
660 2555
661 2555
662 2553
663 2554
664 2554
665 2554
666 2554
667 2554
668 2553
669 2553
670 2553
671 2553
672 2553
673 2554
674 2554
675 2554
676 2554
677 2554
678 2554
679 2554
680 2558
681 2557
682 2554
683 2554
684 2554
685 2554
686 2555
687 2556
688 2556
689 2556
690 2556
691 2556
692 2555
693 2555
694 2554
695 2556
696 2556
697 2554
698 2555
699 2555
700 2555
701 2558
702 2560
703 2556
704 2555
705 2554
706 2553
707 2555
708 2555
709 2554
710 2554
711 2553
712 2557
713 2553
714 2554
715 2554
716 2554
717 2554
718 2555
719 2554
720 2555
721 2555
722 2555
723 2555
724 2554
725 2556
726 2554
727 2554
728 2553
729 2554
730 2553
731 2553
732 2553
733 2553
734 2552
735 2556
736 2553
737 2553
738 2555
739 2555
740 2554
741 2554
742 2554
743 2555
744 2555
745 2554
746 2554
747 2555
748 2554
749 2554
750 2557
751 2558
752 2555
753 2555
754 2558
755 2554
756 2555
757 2557
758 2560
759 2557
760 2556
761 2555
762 2558
763 2556
764 2555
765 2560
766 2555
767 2556
768 2555
769 2561
770 2555
771 2555
772 2556
773 2555
774 2555
775 2555
776 2556
777 2556
778 2556
779 2556
780 2556
781 2556
782 2556
783 2556
784 2556
785 2556
786 2556
787 2564
788 2563
789 2554
790 2553
791 2557
792 2552
793 2563
794 2552
795 2553
796 2556
797 2554
798 2556
799 2558
800 2554
801 2555
802 2556
803 2557
804 2558
805 2558
806 2559
807 2546
808 2563
809 2545
810 2556
811 2554
812 2555
813 2554
814 2555
815 2556
816 2556
817 2556
818 2549
819 2550
820 2551
821 2554
822 2556
823 2553
824 2553
825 2553
826 2551
827 2552
828 2552
829 2550
830 2550
831 2552
832 2553
833 2549
834 2550
835 2557
836 2552
837 2553
838 2556
839 2555
840 2555
841 2550
842 2550
843 2551
844 2552
845 2551
846 2551
847 2551
848 2552
849 2552
850 2555
851 2556
852 2556
853 2557
854 2549
855 2550
856 2554
857 2554
858 2551
859 2551
860 2550
861 2562
862 2562
863 2562
864 2562
865 2562
866 2562
867 2549
868 2552
869 2552
870 2553
871 2554
872 2554
873 2554
874 2554
875 2553
876 2553
877 2554
878 2555
879 2555
880 2554
881 2555
882 2553
883 2553
884 2553
885 2552
886 2550
887 2549
888 2556
889 2547
890 2548
891 2557
892 2548
893 2558
894 2554
895 2553
896 2552
897 2552
898 2552
899 2554
900 2553
901 2561
902 2554
903 2550
904 2554
905 2553
906 2558
907 2554
908 2553
909 2554
910 2556
911 2560
912 2555
913 2554
914 2553
915 2553
916 2552
917 2558
918 2558
919 2552
920 2549
921 2550
922 2550
923 2547
924 2551
925 2551
926 2550
927 2550
928 2551
929 2550
930 2549
931 2549
932 2548
933 2547
934 2546
935 2545
936 2545
937 2545
938 2541
939 2541
940 2542
941 2546
942 2545
943 2546
944 2544
945 2543
946 2556
947 2543
948 2545
949 2543
950 2543
951 2542
952 2544
953 2542
954 2542
955 2552
956 2547
957 2543
958 2552
959 2548
960 2546
961 2547
962 2547
963 2551
964 2549
965 2545
966 2544
967 2544
968 2552
969 2551
970 2544
971 2544
972 2545
973 2550
974 2550
975 2540
976 2548
977 2546
978 2547
979 2554
980 2553
981 2555
982 2553
983 2545
984 2544
985 2544
986 2545
987 2545
988 2545
989 2547
990 2547
991 2547
992 2547
993 2548
994 2548
995 2558
996 2551
997 2551
998 2555
999 2547
1000 2547
1001 2549
1002 2553
1003 2548
1004 2548
1005 2549
1006 2551
1007 2548
1008 2551
1009 2552
1010 2551
1011 2547
1012 2547
1013 2547
1014 2546
1015 2546
1016 2546
1017 2546
1018 2546
1019 2548
1020 2550
1021 2547
1022 2547
1023 2547
1024 2548
1025 2552
1026 2549
1027 2544
1028 2545
1029 2546
1030 2546
1031 2549
1032 2549
1033 2546
1034 2546
1035 2546
1036 2545
1037 2545
1038 2549
1039 2545
1040 2545
1041 2545
1042 2545
1043 2543
1044 2543
1045 2544
1046 2544
1047 2543
1048 2544
1049 2543
1050 2542
1051 2542
1052 2547
1053 2540
1054 2539
1055 2540
1056 2540
1057 2541
1058 2542
1059 2543
1060 2538
1061 2538
1062 2538
1063 2542
1064 2537
1065 2538
1066 2546
1067 2538
1068 2538
1069 2537
1070 2539
1071 2538
1072 2539
1073 2538
1074 2537
1075 2536
1076 2535
1077 2545
1078 2535
1079 2536
1080 2540
1081 2550
1082 2536
1083 2535
1084 2536
1085 2544
1086 2538
1087 2542
1088 2543
1089 2548
1090 2550
1091 2550
1092 2531
1093 2531
1094 2533
1095 2538
1096 2538
1097 2537
1098 2546
1099 2546
1100 2533
1101 2534
1102 2538
1103 2535
1104 2535
1105 2535
1106 2534
1107 2531
1108 2531
1109 2539
1110 2538
1111 2539
1112 2534
1113 2534
1114 2537
1115 2537
1116 2541
1117 2537
1118 2537
1119 2542
1120 2538
1121 2529
1122 2530
1123 2533
1124 2533
1125 2532
1126 2535
1127 2540
1128 2543
1129 2537
1130 2538
1131 2539
1132 2540
1133 2540
1134 2540
1135 2541
1136 2541
1137 2539
1138 2537
1139 2539
1140 2541
1141 2543
1142 2543
1143 2539
1144 2539
1145 2538
1146 2539
1147 2540
1148 2541
1149 2541
1150 2541
1151 2548
1152 2552
1153 2543
1154 2543
1155 2545
1156 2544
1157 2542
1158 2542
1159 2542
1160 2540
1161 2551
1162 2548
1163 2546
1164 2551
1165 2544
1166 2544
1167 2541
1168 2547
1169 2547
1170 2536
1171 2538
1172 2538
1173 2542
1174 2541
1175 2540
1176 2540
1177 2541
1178 2541
1179 2541
1180 2543
1181 2543
1182 2544
1183 2545
1184 2546
1185 2541
1186 2542
1187 2542
1188 2542
1189 2542
1190 2542
1191 2543
1192 2541
1193 2546
1194 2547
1195 2549
1196 2544
1197 2543
1198 2542
1199 2541
1200 2543
1201 2551
1202 2543
1203 2547
1204 2542
1205 2542
1206 2545
1207 2544
1208 2541
1209 2543
1210 2544
1211 2543
1212 2541
1213 2543
1214 2538
1215 2537
1216 2538
1217 2538
1218 2538
1219 2557
1220 2539
1221 2542
1222 2542
1223 2543
1224 2543
1225 2543
1226 2542
1227 2544
1228 2543
1229 2543
1230 2543
1231 2543
1232 2543
1233 2544
1234 2548
1235 2547
1236 2547
1237 2546
1238 2542
1239 2543
1240 2542
1241 2543
1242 2552
1243 2553
1244 2544
1245 2557
1246 2549
1247 2543
1248 2546
1249 2543
1250 2543
1251 2552
1252 2545
1253 2548
1254 2543
1255 2551
1256 2547
1257 2546
1258 2547
1259 2550
1260 2550
1261 2551
1262 2545
1263 2545
1264 2544
1265 2542
1266 2545
1267 2548
1268 2547
1269 2545
1270 2545
1271 2544
1272 2561
1273 2544
1274 2545
1275 2545
1276 2549
1277 2540
1278 2541
1279 2542
1280 2542
1281 2541
1282 2542
1283 2542
1284 2541
1285 2540
1286 2541
1287 2542
1288 2543
1289 2535
1290 2535
1291 2534
1292 2534
1293 2533
1294 2533
1295 2533
1296 2533
1297 2533
1298 2532
1299 2534
1300 2546
1301 2548
1302 2545
1303 2531
1304 2532
1305 2533
1306 2532
1307 2532
1308 2533
1309 2533
1310 2534
1311 2535
1312 2536
1313 2538
1314 2532
1315 2533
1316 2537
1317 2534
1318 2534
1319 2533
1320 2535
1321 2536
1322 2526
1323 2526
1324 2534
1325 2530
1326 2532
1327 2534
1328 2538
1329 2540
1330 2539
1331 2541
1332 2541
1333 2540
1334 2534
1335 2536
1336 2536
1337 2535
1338 2533
1339 2539
1340 2535
1341 2534
1342 2528
1343 2541
1344 2527
1345 2526
1346 2526
1347 2542
1348 2526
1349 2526
1350 2536
1351 2530
1352 2539
1353 2540
1354 2542
1355 2530
1356 2532
1357 2532
1358 2530
1359 2531
1360 2529
1361 2529
1362 2529
1363 2529
1364 2529
1365 2530
1366 2531
1367 2537
1368 2534
1369 2534
1370 2535
1371 2532
1372 2541
1373 2531
1374 2540
1375 2538
1376 2538
1377 2539
1378 2539
1379 2538
1380 2539
1381 2538
1382 2531
1383 2541
1384 2539
1385 2540
1386 2539
1387 2539
1388 2537
1389 2539
1390 2540
1391 2539
1392 2535
1393 2533
1394 2533
1395 2534
1396 2535
1397 2535
1398 2540
1399 2540
1400 2542
1401 2546
1402 2547
1403 2534
1404 2533
1405 2533
1406 2534
1407 2535
1408 2536
1409 2537
1410 2538
1411 2538
1412 2538
1413 2538
1414 2538
1415 2538
1416 2539
1417 2538
1418 2537
1419 2538
1420 2546
1421 2534
1422 2534
1423 2534
1424 2538
1425 2534
1426 2535
1427 2536
1428 2533
1429 2537
1430 2541
1431 2541
1432 2537
1433 2537
1434 2533
1435 2537
1436 2541
1437 2542
1438 2547
1439 2547
1440 2547
1441 2544
1442 2547
1443 2531
1444 2531
1445 2533
1446 2536
1447 2537
1448 2532
1449 2532
1450 2534
1451 2542
1452 2543
1453 2543
1454 2543
1455 2538
1456 2537
1457 2527
1458 2527
1459 2530
1460 2529
1461 2544
1462 2535
1463 2536
1464 2536
1465 2536
1466 2528
1467 2540
1468 2541
1469 2541
1470 2542
1471 2545
1472 2545
1473 2547
1474 2548
1475 2547
1476 2548
1477 2548
1478 2547
1479 2546
1480 2548
1481 2548
1482 2548
1483 2543
1484 2544
1485 2548
1486 2547
1487 2548
1488 2548
1489 2548
1490 2548
1491 2548
1492 2548
1493 2530
1494 2530
1495 2532
1496 2536
1497 2538
1498 2538
1499 2543
1500 2543
1501 2542
1502 2542
1503 2540
1504 2540
1505 2540
1506 2544
1507 2540
1508 2540
1509 2547
1510 2546
1511 2548
1512 2539
1513 2540
1514 2531
1515 2535
1516 2535
1517 2535
1518 2537
1519 2537
1520 2537
1521 2544
1522 2548
1523 2548
1524 2535
1525 2544
1526 2537
1527 2546
1528 2536
1529 2547
1530 2539
1531 2540
1532 2539
1533 2540
1534 2538
1535 2537
1536 2536
1537 2547
1538 2547
1539 2548
1540 2548
1541 2547
1542 2548
1543 2548
1544 2546
1545 2546
1546 2542
1547 2542
1548 2528
1549 2543
1550 2548
1551 2528
1552 2528
1553 2528
1554 2532
1555 2532
1556 2532
1557 2532
1558 2529
1559 2531
1560 2533
1561 2531
1562 2530
1563 2532
1564 2533
1565 2537
1566 2536
1567 2537
1568 2543
1569 2544
1570 2535
1571 2537
1572 2535
1573 2535
1574 2534
1575 2540
1576 2536
1577 2537
1578 2541
1579 2535
1580 2541
1581 2533
1582 2534
1583 2534
1584 2529
1585 2535
1586 2536
1587 2533
1588 2534
1589 2535
1590 2536
1591 2535
1592 2536
1593 2533
1594 2533
1595 2533
1596 2533
1597 2532
1598 2531
1599 2531
1600 2533
1601 2532
1602 2533
1603 2533
1604 2533
1605 2534
1606 2535
1607 2535
1608 2538
1609 2539
1610 2539
1611 2542
1612 2542
1613 2534
1614 2535
1615 2534
1616 2535
1617 2533
1618 2531
1619 2533
1620 2534
1621 2535
1622 2535
1623 2535
1624 2535
1625 2535
1626 2536
1627 2535
1628 2539
1629 2535
1630 2536
1631 2535
1632 2534
1633 2534
1634 2534
1635 2538
1636 2535
1637 2534
1638 2534
1639 2533
1640 2533
1641 2532
1642 2535
1643 2536
1644 2536
1645 2531
1646 2532
1647 2532
1648 2532
1649 2532
1650 2532
1651 2532
1652 2532
1653 2532
1654 2530
1655 2531
1656 2530
1657 2531
1658 2529
1659 2529
1660 2529
1661 2530
1662 2530
1663 2533
1664 2533
1665 2533
1666 2533
1667 2533
1668 2534
1669 2535
1670 2535
1671 2532
1672 2532
1673 2537
1674 2534
1675 2537
1676 2537
1677 2535
1678 2535
1679 2536
1680 2539
1681 2534
1682 2536
1683 2536
1684 2537
1685 2538
1686 2540
1687 2540
1688 2541
1689 2538
1690 2538
1691 2540
1692 2530
1693 2540
1694 2531
1695 2532
1696 2530
1697 2531
1698 2531
1699 2529
1700 2528
1701 2528
1702 2528
1703 2527
1704 2526
1705 2527
1706 2528
1707 2528
1708 2527
1709 2531
1710 2531
1711 2529
1712 2528
1713 2532
1714 2528
1715 2528
1716 2530
1717 2528
1718 2528
1719 2531
1720 2522
1721 2540
1722 2537
1723 2537
1724 2538
1725 2536
1726 2532
1727 2537
1728 2539
1729 2540
1730 2540
1731 2538
1732 2536
1733 2538
1734 2534
1735 2535
1736 2535
1737 2536
1738 2531
1739 2531
1740 2531
1741 2526
1742 2526
1743 2527
1744 2534
1745 2535
1746 2534
1747 2534
1748 2533
1749 2537
1750 2539
1751 2541
1752 2541
1753 2532
1754 2532
1755 2530
1756 2531
1757 2532
1758 2539
1759 2535
1760 2530
1761 2531
1762 2532
1763 2534
1764 2535
1765 2533
1766 2529
1767 2531
1768 2531
1769 2533
1770 2531
1771 2529
1772 2529
1773 2528
1774 2529
1775 2529
1776 2528
1777 2533
1778 2534
1779 2533
1780 2535
1781 2534
1782 2537
1783 2539
1784 2539
1785 2542
1786 2537
1787 2539
1788 2539
1789 2542
1790 2539
1791 2539
1792 2540
1793 2540
1794 2539
1795 2540
1796 2540
1797 2539
1798 2544
1799 2544
1800 2545
1801 2546
1802 2548
1803 2547
1804 2545
1805 2546
1806 2545
1807 2546
1808 2544
1809 2544
1810 2544
1811 2543
1812 2549
1813 2549
1814 2549
1815 2536
1816 2536
1817 2535
1818 2535
1819 2535
1820 2542
1821 2540
1822 2540
1823 2540
1824 2543
1825 2539
1826 2537
1827 2540
1828 2536
1829 2536
1830 2537
1831 2537
1832 2543
1833 2545
1834 2546
1835 2545
1836 2547
1837 2547
1838 2547
1839 2541
1840 2543
1841 2543
1842 2544
1843 2547
1844 2548
1845 2539
1846 2549
1847 2540
1848 2540
1849 2542
1850 2542
1851 2537
1852 2538
1853 2537
1854 2541
1855 2541
1856 2537
1857 2537
1858 2544
1859 2544
1860 2544
1861 2544
1862 2546
1863 2535
1864 2538
1865 2536
1866 2536
1867 2541
1868 2536
1869 2535
1870 2545
1871 2535
1872 2537
1873 2544
1874 2537
1875 2536
1876 2536
1877 2541
1878 2542
1879 2543
1880 2543
1881 2545
1882 2542
1883 2543
1884 2543
1885 2544
1886 2542
1887 2539
1888 2534
1889 2532
1890 2540
1891 2545
1892 2533
1893 2530
1894 2531
1895 2531
1896 2532
1897 2531
1898 2534
1899 2532
1900 2531
1901 2531
1902 2531
1903 2530
1904 2539
1905 2535
1906 2538
1907 2537
1908 2532
1909 2531
1910 2532
1911 2533
1912 2532
1913 2531
1914 2532
1915 2532
1916 2531
1917 2534
1918 2536
1919 2534
1920 2534
1921 2535
1922 2536
1923 2536
1924 2537
1925 2536
1926 2536
1927 2535
1928 2535
1929 2535
1930 2534
1931 2535
1932 2537
1933 2537
1934 2537
1935 2532
1936 2531
1937 2530
1938 2530
1939 2529
1940 2528
1941 2529
1942 2528
1943 2528
1944 2538
1945 2528
1946 2528
1947 2528
1948 2529
1949 2535
1950 2532
1951 2528
1952 2535
1953 2530
1954 2530
1955 2531
1956 2530
1957 2525
1958 2524
1959 2524
1960 2527
1961 2527
1962 2527
1963 2526
1964 2527
1965 2530
1966 2528
1967 2529
1968 2528
1969 2528
1970 2534
1971 2527
1972 2532
1973 2527
1974 2531
1975 2531
1976 2536
1977 2537
1978 2537
1979 2537
1980 2537
1981 2535
1982 2535
1983 2536
1984 2537
1985 2536
1986 2532
1987 2531
1988 2531
1989 2531
1990 2531
1991 2531
1992 2531
1993 2539
1994 2536
1995 2540
1996 2540
1997 2541
1998 2540
1999 2540
2000 2529
2001 2529
2002 2535
2003 2530
2004 2534
2005 2532
2006 2531
2007 2531
2008 2536
2009 2535
2010 2533
2011 2533
2012 2527
2013 2527
2014 2533
2015 2532
2016 2531
2017 2525
2018 2525
2019 2538
2020 2533
2021 2527
2022 2537
2023 2535
2024 2526
2025 2533
2026 2526
2027 2527
2028 2528
2029 2528
2030 2527
2031 2526
2032 2526
2033 2527
2034 2526
2035 2533
2036 2528
2037 2528
2038 2527
2039 2531
2040 2530
2041 2529
2042 2530
2043 2528
2044 2528
2045 2525
2046 2528
2047 2525
2048 2524
2049 2524
2050 2529
2051 2524
2052 2524
2053 2524
2054 2524
2055 2524
2056 2524
2057 2523
2058 2524
2059 2524
2060 2522
2061 2522
2062 2522
2063 2525
2064 2532
2065 2530
2066 2532
2067 2532
2068 2532
2069 2531
2070 2529
2071 2520
2072 2520
2073 2521
2074 2521
2075 2522
2076 2522
2077 2522
2078 2520
2079 2521
2080 2520
2081 2522
2082 2521
2083 2521
2084 2521
2085 2520
2086 2521
2087 2521
2088 2521
2089 2520
2090 2524
2091 2526
2092 2527
2093 2522
2094 2523
2095 2523
2096 2526
2097 2523
2098 2533
2099 2528
2100 2527
2101 2522
2102 2522
2103 2531
2104 2522
2105 2527
2106 2527
2107 2525
2108 2523
2109 2524
2110 2526
2111 2522
2112 2522
2113 2526
2114 2526
2115 2522
2116 2521
2117 2527
2118 2527
2119 2521
2120 2521
2121 2522
2122 2521
2123 2521
2124 2521
2125 2521
2126 2521
2127 2521
2128 2521
2129 2521
2130 2526
2131 2526
2132 2523
2133 2522
2134 2523
2135 2521
2136 2522
2137 2521
2138 2524
2139 2521
2140 2522
2141 2526
2142 2525
2143 2525
2144 2523
2145 2522
2146 2532
2147 2519
2148 2519
2149 2518
2150 2519
2151 2519
2152 2519
2153 2520
2154 2515
2155 2517
2156 2515
2157 2515
2158 2518
2159 2512
2160 2510
2161 2508
2162 2507
2163 2523
2164 2512
2165 2507
2166 2508
2167 2521
2168 2510
2169 2510
2170 2508
2171 2509
2172 2514
2173 2502
2174 2521
2175 2505
2176 2509
2177 2510
2178 2513
2179 2504
2180 2505
2181 2505
2182 2509
2183 2509
2184 2505
2185 2505
2186 2510
2187 2505
2188 2506
2189 2506
2190 2507
2191 2507
2192 2506
2193 2507
2194 2506
2195 2506
2196 2506
2197 2506
2198 2506
2199 2507
2200 2507
2201 2508
2202 2509
2203 2509
2204 2508
2205 2509
2206 2510
2207 2509
2208 2507
2209 2504
2210 2510
2211 2504
2212 2503
2213 2503
2214 2503
2215 2502
2216 2503
2217 2503
2218 2503
2219 2504
2220 2505
2221 2504
2222 2504
2223 2504
2224 2504
2225 2504
2226 2504
2227 2504
2228 2504
2229 2510
2230 2509
2231 2504
2232 2505
2233 2505
2234 2505
2235 2505
2236 2505
2237 2505
2238 2505
2239 2504
2240 2505
2241 2509
2242 2510
2243 2511
2244 2513
2245 2507
2246 2506
2247 2505
2248 2505
2249 2505
2250 2507
2251 2507
2252 2508
2253 2508
2254 2508
2255 2506
2256 2507
2257 2504
2258 2513
2259 2511
2260 2507
2261 2508
2262 2506
2263 2506
2264 2505
2265 2506
2266 2507
2267 2507
2268 2507
2269 2507
2270 2507
2271 2507
2272 2507
2273 2506
2274 2511
2275 2507
2276 2507
2277 2507
2278 2507
2279 2507
2280 2513
2281 2507
2282 2507
2283 2507
2284 2516
2285 2507
2286 2507
2287 2507
2288 2508
2289 2510
2290 2513
2291 2513
2292 2509
2293 2509
2294 2509
2295 2510
2296 2510
2297 2510
2298 2510
2299 2510
2300 2510
2301 2510
2302 2510
2303 2510
2304 2510
2305 2514
2306 2510
2307 2510
2308 2510
2309 2510
2310 2510
2311 2510
2312 2509
2313 2509
2314 2509
2315 2510
2316 2511
2317 2511
2318 2511
2319 2513
2320 2514
2321 2510
2322 2510
2323 2509
2324 2510
2325 2509
2326 2509
2327 2511
2328 2509
2329 2509
2330 2508
2331 2509
2332 2510
2333 2510
2334 2509
2335 2509
2336 2508
2337 2508
2338 2509
2339 2509
2340 2511
2341 2508
2342 2508
2343 2508
2344 2513
2345 2508
2346 2509
2347 2509
2348 2509
2349 2509
2350 2510
2351 2509
2352 2509
2353 2509
2354 2509
2355 2509
2356 2509
2357 2509
2358 2509
2359 2509
2360 2509
2361 2509
2362 2512
2363 2511
2364 2509
2365 2509
2366 2509
2367 2510
2368 2509
2369 2509
2370 2509
2371 2509
2372 2508
2373 2508
2374 2508
2375 2508
2376 2508
2377 2509
2378 2509
2379 2509
2380 2513
2381 2514
2382 2510
2383 2510
2384 2510
2385 2510
2386 2510
2387 2510
2388 2511
2389 2511
2390 2510
2391 2510
2392 2510
2393 2509
2394 2509
2395 2510
2396 2508
2397 2509
2398 2510
2399 2511
2400 2510
2401 2510
2402 2510
2403 2509
2404 2509
2405 2509
2406 2509
2407 2508
2408 2508
2409 2508
2410 2508
2411 2509
2412 2509
2413 2510
2414 2510
2415 2511
2416 2509
2417 2509
2418 2515
2419 2504
2420 2505
2421 2511
2422 2510
2423 2510
2424 2510
2425 2510
2426 2510
2427 2510
2428 2510
2429 2517
2430 2511
2431 2518
2432 2518
2433 2519
2434 2520
2435 2517
2436 2520
2437 2511
2438 2512
2439 2514
2440 2513
2441 2514
2442 2513
2443 2512
2444 2510
2445 2510
2446 2510
2447 2509
2448 2519
2449 2514
2450 2520
2451 2516
2452 2514
2453 2512
2454 2512
2455 2512
2456 2510
2457 2519
2458 2520
2459 2510
2460 2510
2461 2510
2462 2511
2463 2511
2464 2511
2465 2512
2466 2512
2467 2511
2468 2511
2469 2511
2470 2510
2471 2510
2472 2511
2473 2511
2474 2508
2475 2510
2476 2511
2477 2511
2478 2512
2479 2509
2480 2511
2481 2511
2482 2510
2483 2510
2484 2511
2485 2507
2486 2509
2487 2506
2488 2506
2489 2506
2490 2506
2491 2505
2492 2505
2493 2505
2494 2507
2495 2506
2496 2508
2497 2507
2498 2507
2499 2508
2500 2508
2501 2507
2502 2510
2503 2511
2504 2514
2505 2509
2506 2508
2507 2508
2508 2508
2509 2502
2510 2509
2511 2509
2512 2510
2513 2509
2514 2510
2515 2510
2516 2513
2517 2513
2518 2510
2519 2514
2520 2513
2521 2515
2522 2521
2523 2514
2524 2514
2525 2514
2526 2520
2527 2516
2528 2516
2529 2515
2530 2514
2531 2514
2532 2515
2533 2514
2534 2515
2535 2516
2536 2515
2537 2515
2538 2515
2539 2515
2540 2515
2541 2515
2542 2514
2543 2515
2544 2515
2545 2515
2546 2515
2547 2515
2548 2515
2549 2515
2550 2515
2551 2515
2552 2515
2553 2515
2554 2514
2555 2515
2556 2515
2557 2515
2558 2516
2559 2514
2560 2514
2561 2514
2562 2514
2563 2514
2564 2514
2565 2519
2566 2513
2567 2515
2568 2514
2569 2516
2570 2512
2571 2512
2572 2513
2573 2515
2574 2513
2575 2512
2576 2512
2577 2511
2578 2512
2579 2512
2580 2511
2581 2511
2582 2517
2583 2511
2584 2511
2585 2511
2586 2511
2587 2511
2588 2512
2589 2511
2590 2518
2591 2512
2592 2511
2593 2511
2594 2511
2595 2514
2596 2512
2597 2516
2598 2517
2599 2512
2600 2512
2601 2513
2602 2514
2603 2514
2604 2514
2605 2515
2606 2515
2607 2516
2608 2517
2609 2518
2610 2522
2611 2519
2612 2519
2613 2520
2614 2520
2615 2521
2616 2525
2617 2521
2618 2520
2619 2524
2620 2523
2621 2521
2622 2521
2623 2521
2624 2521
2625 2522
2626 2522
2627 2522
2628 2521
2629 2520
2630 2521
2631 2522
2632 2522
2633 2522
2634 2522
2635 2522
2636 2522
2637 2522
2638 2522
2639 2522
2640 2522
2641 2522
2642 2522
2643 2522
2644 2522
2645 2522
2646 2526
2647 2525
2648 2522
2649 2522
2650 2522
2651 2523
2652 2523
2653 2523
2654 2523
2655 2523
2656 2523
2657 2522
2658 2523
2659 2523
2660 2523
2661 2523
2662 2523
2663 2523
2664 2523
2665 2523
2666 2523
2667 2523
2668 2523
2669 2524
2670 2524
2671 2524
2672 2524
2673 2524
2674 2524
2675 2524
2676 2524
2677 2524
2678 2523
2679 2524
2680 2524
2681 2524
2682 2524
2683 2524
2684 2525
2685 2524
2686 2524
2687 2523
2688 2524
2689 2524
2690 2524
2691 2524
2692 2524
2693 2529
2694 2524
2695 2524
2696 2524
2697 2524
2698 2524
2699 2525
2700 2524
2701 2524
2702 2527
2703 2524
2704 2525
2705 2525
2706 2524
2707 2525
2708 2525
2709 2525
2710 2524
2711 2526
2712 2524
2713 2525
2714 2526
2715 2525
2716 2525
2717 2525
2718 2528
2719 2528
2720 2526
2721 2529
2722 2525
2723 2524
2724 2525
2725 2525
2726 2525
2727 2525
2728 2524
2729 2525
2730 2525
2731 2524
2732 2524
2733 2525
2734 2524
2735 2524
2736 2524
2737 2525
2738 2524
2739 2525
2740 2524
2741 2524
2742 2525
2743 2525
2744 2526
2745 2526
2746 2526
2747 2526
2748 2526
2749 2526
2750 2527
2751 2526
2752 2526
2753 2526
2754 2526
2755 2526
2756 2526
2757 2526
2758 2526
2759 2526
2760 2526
2761 2526
2762 2527
2763 2526
2764 2526
2765 2526
2766 2526
2767 2526
2768 2526
2769 2526
2770 2526
2771 2531
2772 2526
2773 2526
2774 2526
2775 2526
2776 2527
2777 2527
2778 2526
2779 2527
2780 2526
2781 2526
2782 2526
2783 2526
2784 2527
2785 2526
2786 2526
2787 2526
2788 2526
2789 2526
2790 2526
2791 2526
2792 2526
2793 2526
2794 2526
2795 2529
2796 2527
2797 2527
2798 2526
2799 2526
2800 2526
2801 2526
2802 2527
2803 2527
2804 2526
2805 2526
2806 2526
2807 2525
2808 2525
2809 2526
2810 2525
2811 2525
2812 2526
2813 2526
2814 2526
2815 2526
2816 2526
2817 2526
2818 2525
2819 2525
2820 2525
2821 2525
2822 2526
2823 2525
2824 2525
2825 2525
2826 2527
2827 2525
2828 2525
2829 2527
2830 2525
2831 2525
2832 2525
2833 2525
2834 2525
2835 2525
2836 2525
2837 2525
2838 2525
2839 2525
2840 2525
2841 2525
2842 2524
2843 2525
2844 2525
2845 2525
2846 2525
2847 2525
2848 2524
2849 2524
2850 2524
2851 2524
2852 2524
2853 2524
2854 2524
2855 2524
2856 2524
2857 2524
2858 2523
2859 2524
2860 2524
2861 2524
2862 2525
2863 2525
2864 2524
2865 2524
2866 2525
2867 2525
2868 2524
2869 2525
2870 2525
2871 2525
2872 2525
2873 2525
2874 2524
2875 2524
2876 2524
2877 2524
2878 2524
2879 2524
2880 2524
2881 2524
2882 2525
2883 2525
2884 2524
2885 2523
2886 2524
2887 2524
2888 2523
2889 2523
2890 2524
2891 2524
2892 2524
2893 2524
2894 2523
2895 2523
2896 2524
2897 2524
2898 2524
2899 2524
2900 2524
2901 2525
2902 2524
2903 2524
2904 2525
2905 2525
2906 2524
2907 2525
2908 2525
2909 2525
2910 2525
2911 2524
2912 2525
2913 2525
2914 2525
2915 2525
2916 2525
2917 2524
2918 2525
2919 2525
2920 2525
2921 2525
2922 2525
2923 2525
2924 2524
2925 2525
2926 2525
2927 2525
2928 2525
2929 2525
2930 2525
2931 2525
2932 2525
2933 2525
2934 2525
2935 2525
2936 2525
2937 2525
2938 2524
2939 2525
2940 2525
2941 2527
2942 2525
2943 2526
2944 2526
2945 2526
2946 2526
2947 2526
2948 2529
2949 2529
2950 2528
2951 2526
2952 2526
2953 2525
2954 2526
2955 2526
2956 2526
2957 2526
2958 2526
2959 2526
2960 2526
2961 2526
2962 2526
2963 2526
2964 2526
2965 2526
2966 2526
2967 2527
2968 2526
2969 2526
2970 2527
2971 2526
2972 2526
2973 2526
2974 2527
2975 2527
2976 2527
2977 2527
2978 2526
2979 2526
2980 2526
2981 2526
2982 2526
2983 2526
2984 2526
2985 2526
2986 2526
2987 2526
2988 2526
2989 2526
2990 2526
2991 2526
2992 2525
2993 2526
2994 2526
2995 2526
2996 2525
2997 2525
2998 2526
2999 2526
3000 2526
3001 2526
3002 2526
3003 2526
3004 2526
3005 2526
3006 2526
3007 2526
3008 2526
3009 2526
3010 2526
3011 2526
3012 2526
3013 2526
3014 2526
3015 2526
3016 2526
3017 2526
3018 2526
3019 2526
3020 2526
3021 2526
3022 2526
3023 2525
3024 2526
3025 2526
3026 2526
3027 2526
3028 2526
3029 2526
3030 2526
3031 2526
3032 2526
3033 2526
3034 2526
3035 2526
3036 2526
3037 2526
3038 2526
3039 2526
3040 2528
3041 2526
3042 2526
3043 2526
3044 2526
3045 2526
3046 2526
3047 2525
3048 2526
3049 2526
3050 2526
3051 2526
3052 2525
3053 2527
3054 2526
3055 2525
3056 2525
3057 2525
3058 2525
3059 2525
3060 2525
3061 2525
3062 2525
3063 2526
3064 2529
3065 2521
3066 2526
3067 2524
3068 2526
3069 2527
3070 2528
3071 2525
3072 2525
3073 2522
3074 2524
3075 2524
3076 2524
3077 2525
3078 2525
3079 2524
3080 2524
3081 2524
3082 2525
3083 2524
3084 2524
3085 2524
3086 2524
3087 2524
3088 2524
3089 2524
3090 2524
3091 2524
3092 2524
3093 2524
3094 2524
3095 2524
3096 2524
3097 2524
3098 2523
3099 2523
3100 2524
3101 2525
3102 2525
3103 2524
3104 2524
3105 2524
3106 2524
3107 2524
3108 2525
3109 2524
3110 2524
3111 2524
3112 2524
3113 2525
3114 2525
3115 2525
3116 2524
3117 2524
3118 2524
3119 2524
3120 2524
3121 2524
3122 2524
3123 2524
3124 2524
3125 2524
3126 2524
3127 2524
3128 2524
3129 2524
3130 2524
3131 2524
3132 2524
3133 2524
3134 2524
3135 2524
3136 2524
3137 2525
3138 2524
3139 2524
3140 2524
3141 2523
3142 2524
3143 2523
3144 2523
3145 2524
3146 2524
3147 2523
3148 2523
3149 2523
3150 2523
3151 2522
3152 2522
3153 2523
3154 2522
3155 2521
3156 2520
3157 2520
3158 2520
3159 2520
3160 2520
3161 2519
3162 2518
3163 2518
3164 2518
3165 2518
3166 2518
3167 2518
3168 2517
3169 2517
3170 2517
3171 2517
3172 2517
3173 2517
3174 2517
3175 2517
3176 2517
3177 2517
3178 2517
3179 2517
3180 2517
3181 2517
3182 2518
3183 2518
3184 2518
3185 2518
3186 2518
3187 2518
3188 2518
3189 2518
3190 2519
3191 2521
3192 2520
3193 2520
3194 2518
3195 2521
3196 2527
3197 2518
3198 2519
3199 2519
3200 2519
3201 2519
3202 2519
3203 2519
3204 2519
3205 2519
3206 2519
3207 2519
3208 2518
3209 2518
3210 2518
3211 2518
3212 2519
3213 2519
3214 2518
3215 2520
3216 2520
3217 2521
3218 2520
3219 2520
3220 2519
3221 2519
3222 2520
3223 2519
3224 2519
3225 2519
3226 2519
3227 2519
3228 2518
3229 2517
3230 2520
3231 2520
3232 2519
3233 2512
3234 2514
3235 2517
3236 2518
3237 2518
3238 2517
3239 2516
3240 2524
3241 2517
3242 2517
3243 2522
3244 2526
3245 2516
3246 2515
3247 2514
3248 2517
3249 2514
3250 2514
3251 2513
3252 2514
3253 2514
3254 2514
3255 2514
3256 2514
3257 2514
3258 2514
3259 2514
3260 2514
3261 2513
3262 2514
3263 2513
3264 2513
3265 2515
3266 2515
3267 2515
3268 2515
3269 2516
3270 2516
3271 2516
3272 2516
3273 2516
3274 2516
3275 2516
3276 2516
3277 2517
3278 2516
3279 2521
3280 2516
3281 2516
3282 2515
3283 2515
3284 2514
3285 2514
3286 2514
3287 2514
3288 2514
3289 2514
3290 2518
3291 2522
3292 2522
3293 2520
3294 2521
3295 2515
3296 2521
3297 2520
3298 2518
3299 2519
3300 2518
3301 2517
3302 2518
3303 2518
3304 2515
3305 2514
3306 2514
3307 2513
3308 2513
3309 2513
3310 2513
3311 2514
3312 2513
3313 2511
3314 2507
3315 2507
3316 2508
3317 2510
3318 2510
3319 2511
3320 2510
3321 2512
3322 2511
3323 2511
3324 2511
3325 2511
3326 2511
3327 2510
3328 2515
3329 2510
3330 2510
3331 2510
3332 2510
3333 2510
3334 2511
3335 2511
3336 2511
3337 2511
3338 2511
3339 2510
3340 2510
3341 2510
3342 2510
3343 2510
3344 2510
3345 2510
3346 2510
3347 2512
3348 2509
3349 2508
3350 2509
3351 2509
3352 2510
3353 2509
3354 2515
3355 2508
3356 2508
3357 2508
3358 2508
3359 2507
3360 2513
3361 2505
3362 2505
3363 2505
3364 2505
3365 2509
3366 2505
3367 2507
3368 2509
3369 2507
3370 2507
3371 2506
3372 2505
3373 2506
3374 2506
3375 2506
3376 2507
3377 2507
3378 2506
3379 2506
3380 2506
3381 2507
3382 2506
3383 2505
3384 2504
3385 2507
3386 2504
3387 2504
3388 2503
3389 2503
3390 2501
3391 2502
3392 2501
3393 2501
3394 2501
3395 2502
3396 2502
3397 2502
3398 2504
3399 2499
3400 2499
3401 2499
3402 2500
3403 2500
3404 2501
3405 2500
3406 2505
3407 2504
3408 2508
3409 2507
3410 2498
3411 2504
3412 2503
3413 2503
3414 2498
3415 2499
3416 2499
3417 2499
3418 2499
3419 2499
3420 2499
3421 2498
3422 2497
3423 2497
3424 2496
3425 2496
3426 2495
3427 2495
3428 2494
3429 2493
3430 2495
3431 2491
3432 2491
3433 2490
3434 2491
3435 2492
3436 2489
3437 2490
3438 2491
3439 2492
3440 2491
3441 2493
3442 2492
3443 2496
3444 2491
3445 2491
3446 2491
3447 2493
3448 2493
3449 2493
3450 2494
3451 2493
3452 2490
3453 2490
3454 2491
3455 2491
3456 2491
3457 2491
3458 2491
3459 2491
3460 2492
3461 2492
3462 2493
3463 2492
3464 2493
3465 2494
3466 2493
3467 2492
3468 2492
3469 2492
3470 2493
3471 2497
3472 2492
3473 2492
3474 2492
3475 2492
3476 2492
3477 2491
3478 2491
3479 2490
3480 2490
3481 2490
3482 2490
3483 2489
3484 2489
3485 2490
3486 2489
3487 2490
3488 2490
3489 2499
3490 2489
3491 2489
3492 2490
3493 2490
3494 2491
3495 2492
3496 2491
3497 2492
3498 2493
3499 2493
3500 2494
3501 2494
3502 2493
3503 2493
3504 2494
3505 2493
3506 2493
3507 2493
3508 2492
3509 2492
3510 2492
3511 2492
3512 2492
3513 2493
3514 2494
3515 2493
3516 2493
3517 2493
3518 2493
3519 2493
3520 2493
3521 2493
3522 2493
3523 2493
3524 2492
3525 2493
3526 2493
3527 2493
3528 2492
3529 2492
3530 2493
3531 2493
3532 2491
3533 2490
3534 2491
3535 2491
3536 2491
3537 2491
3538 2490
3539 2499
3540 2495
3541 2499
3542 2499
3543 2499
3544 2497
3545 2500
3546 2501
3547 2490
3548 2500
3549 2501
3550 2497
3551 2496
3552 2497
3553 2496
3554 2495
3555 2493
3556 2493
3557 2491
3558 2491
3559 2490
3560 2488
3561 2488
3562 2490
3563 2490
3564 2487
3565 2487
3566 2488
3567 2487
3568 2486
3569 2486
3570 2485
3571 2485
3572 2485
3573 2485
3574 2484
3575 2484
3576 2484
3577 2484
3578 2484
3579 2484
3580 2484
3581 2484
3582 2484
3583 2484
3584 2484
3585 2484
3586 2484
3587 2484
3588 2485
3589 2485
3590 2487
3591 2488
3592 2487
3593 2487
3594 2486
3595 2485
3596 2486
3597 2486
3598 2488
3599 2487
3600 2483
3601 2483
3602 2483
3603 2482
3604 2482
3605 2482
3606 2482
3607 2482
3608 2482
3609 2486
3610 2485
3611 2481
3612 2482
3613 2481
3614 2481
3615 2481
3616 2481
3617 2481
3618 2480
3619 2480
3620 2481
3621 2481
3622 2481
3623 2481
3624 2482
3625 2482
3626 2483
3627 2482
3628 2483
3629 2482
3630 2481
3631 2481
3632 2482
3633 2481
3634 2482
3635 2482
3636 2481
3637 2481
3638 2481
3639 2480
3640 2481
3641 2481
3642 2481
3643 2480
3644 2482
3645 2479
3646 2481
3647 2478
3648 2477
3649 2477
3650 2478
3651 2476
3652 2475
3653 2474
3654 2473
3655 2473
3656 2472
3657 2472
3658 2472
3659 2471
3660 2471
3661 2470
3662 2469
3663 2469
3664 2469
3665 2469
3666 2468
3667 2468
3668 2469
3669 2468
3670 2477
3671 2475
3672 2469
3673 2469
3674 2469
3675 2469
3676 2468
3677 2468
3678 2468
3679 2467
3680 2466
3681 2469
3682 2470
3683 2469
3684 2468
3685 2467
3686 2466
3687 2466
3688 2467
3689 2471
3690 2471
3691 2471
3692 2466
3693 2466
3694 2467
3695 2467
3696 2467
3697 2467
3698 2468
3699 2468
3700 2468
3701 2469
3702 2469
3703 2469
3704 2470
3705 2470
3706 2470
3707 2470
3708 2470
3709 2470
3710 2470
3711 2470
3712 2470
3713 2470
3714 2469
3715 2468
3716 2467
3717 2467
3718 2467
3719 2468
3720 2467
3721 2465
3722 2466
3723 2471
3724 2470
3725 2470
3726 2469
3727 2469
3728 2469
3729 2470
3730 2470
3731 2471
3732 2465
3733 2469
3734 2467
3735 2467
3736 2468
3737 2466
3738 2467
3739 2468
3740 2467
3741 2467
3742 2467
3743 2467
3744 2466
3745 2465
3746 2465
3747 2465
3748 2465
3749 2465
3750 2465
3751 2465
3752 2468
3753 2466
3754 2464
3755 2464
3756 2464
3757 2464
3758 2463
3759 2463
3760 2463
3761 2462
3762 2465
3763 2461
3764 2462
3765 2462
3766 2462
3767 2461
3768 2461
3769 2461
3770 2461
3771 2461
3772 2461
3773 2460
3774 2460
3775 2460
3776 2459
3777 2459
3778 2459
3779 2459
3780 2459
3781 2459
3782 2458
3783 2458
3784 2458
3785 2458
3786 2457
3787 2458
3788 2457
3789 2457
3790 2457
3791 2456
3792 2457
3793 2457
3794 2457
3795 2456
3796 2456
3797 2456
3798 2455
3799 2456
3800 2455
3801 2456
3802 2455
3803 2455
3804 2455
3805 2455
3806 2455
3807 2455
3808 2455
3809 2455
3810 2455
3811 2455
3812 2455
3813 2455
3814 2455
3815 2455
3816 2455
3817 2454
3818 2454
3819 2454
3820 2454
3821 2454
3822 2454
3823 2454
3824 2454
3825 2454
3826 2453
3827 2453
3828 2453
3829 2453
3830 2453
3831 2453
3832 2453
3833 2452
3834 2452
3835 2452
3836 2452
3837 2452
3838 2452
3839 2451
3840 2452
3841 2452
3842 2451
3843 2451
3844 2451
3845 2451
3846 2451
3847 2450
3848 2450
3849 2450
3850 2450
3851 2450
3852 2450
3853 2450
3854 2450

