2823 2516
2824 2516
2825 2516
2826 2516
2827 2514
2828 2513
2829 2521
2830 2514
2831 2515
2832 2515
2833 2515
2834 2520
2835 2520
2836 2521
2837 2515
2838 2515
2839 2514
2840 2519
2841 2513
2842 2517
2843 2516
2844 2523
2845 2518
2846 2517
2847 2519
2848 2520
2849 2522
2850 2518
2851 2518
2852 2519
2853 2519
2854 2521
2855 2522
2856 2521
2857 2519
2858 2519
2859 2519
2860 2519
2861 2519
2862 2520
2863 2518
2864 2518
2865 2519
2866 2520
2867 2518
2868 2520
2869 2518
2870 2519
2871 2518
2872 2517
2873 2522
2874 2524
2875 2522
2876 2512
2877 2514
2878 2517
2879 2513
2880 2515
2881 2516
2882 2515
2883 2516
2884 2515
2885 2515
2886 2516
2887 2515
2888 2515
2889 2514
2890 2516
2891 2516
2892 2516
2893 2516
2894 2516
2895 2515
2896 2516
2897 2516
2898 2515
2899 2516
2900 2517
2901 2518
2902 2516
2903 2517
2904 2516
2905 2521
2906 2519
2907 2516
2908 2517
2909 2518
2910 2517
2911 2517
2912 2517
2913 2518
2914 2517
2915 2514
2916 2516
2917 2515
2918 2514
2919 2520
2920 2517
2921 2514
2922 2513
2923 2520
2924 2512
2925 2514
2926 2512
2927 2514
2928 2518
2929 2518
2930 2514
2931 2514
2932 2515
2933 2513
2934 2514
2935 2514
2936 2519
2937 2513
2938 2514
2939 2516
2940 2517
2941 2513
2942 2513
2943 2513
2944 2513
2945 2513
2946 2512
2947 2512
2948 2513
2949 2513
2950 2513
2951 2513
2952 2513
2953 2513
2954 2513
2955 2519
2956 2513
2957 2513
2958 2513
2959 2513
2960 2513
2961 2513
2962 2513
2963 2513
2964 2513
2965 2513
2966 2513
2967 2514
2968 2514
2969 2515
2970 2514
2971 2514
2972 2514
2973 2513
2974 2513
2975 2512
2976 2512
2977 2513
2978 2513
2979 2513
2980 2513
2981 2513
2982 2514
2983 2513
2984 2513
2985 2513
2986 2513
2987 2513
2988 2513
2989 2512
2990 2516
2991 2513
2992 2513
2993 2512
2994 2513
2995 2513
2996 2513
2997 2513
2998 2513
2999 2513
3000 2513
3001 2513
3002 2513
3003 2512
3004 2513
3005 2513
3006 2513
3007 2512
3008 2515
3009 2512
3010 2513
3011 2512
3012 2512
3013 2512
3014 2512
3015 2516
3016 2511
3017 2512
3018 2512
3019 2512
3020 2512
3021 2512
3022 2512
3023 2512
3024 2513
3025 2514
3026 2513
3027 2513
3028 2513
3029 2513
3030 2513
3031 2513
3032 2515
3033 2514
3034 2514
3035 2513
3036 2513
3037 2513
3038 2515
3039 2514
3040 2513
3041 2513
3042 2513
3043 2513
3044 2513
3045 2513
3046 2512
3047 2516
3048 2512
3049 2512
3050 2512
3051 2512
3052 2512
3053 2512
3054 2512
3055 2512
3056 2512
3057 2512
3058 2512
3059 2512
3060 2512
3061 2512
3062 2512
3063 2512
3064 2512
3065 2512
3066 2512
3067 2512
3068 2512
3069 2511
3070 2511
3071 2511
3072 2512
3073 2512
3074 2514
3075 2511
3076 2512
3077 2515
3078 2515
3079 2512
3080 2515
3081 2516
3082 2511
3083 2512
3084 2511
3085 2512
3086 2511
3087 2512
3088 2511
3089 2516
3090 2510
3091 2511
3092 2510
3093 2511
3094 2511
3095 2511
3096 2511
3097 2511
3098 2511
3099 2511
3100 2510
3101 2511
3102 2510
3103 2511
3104 2510
3105 2511
3106 2511
3107 2510
3108 2510
3109 2510
3110 2511
3111 2511
3112 2511
3113 2510
3114 2510
3115 2510
3116 2514
3117 2511
3118 2511
3119 2510
3120 2510
3121 2510
3122 2514
3123 2514
3124 2510
3125 2511
3126 2510
3127 2509
3128 2510
3129 2508
3130 2508
3131 2514
3132 2515
3133 2507
3134 2506
3135 2506
3136 2506
3137 2506
3138 2506
3139 2507
3140 2512
3141 2505
3142 2505
3143 2503
3144 2502
3145 2503
3146 2503
3147 2503
3148 2509
3149 2504
3150 2506
3151 2506
3152 2500
3153 2501
3154 2500
3155 2501
3156 2500
3157 2500
3158 2500
3159 2501
3160 2501
3161 2500
3162 2501
3163 2501
3164 2501
3165 2500
3166 2502
3167 2500
3168 2501
3169 2501
3170 2500
3171 2500
3172 2500
3173 2500
3174 2501
3175 2510
3176 2501
3177 2501
3178 2505
3179 2505
3180 2500
3181 2501
3182 2500
3183 2500
3184 2500
3185 2500
3186 2500
3187 2500
3188 2501
3189 2501
3190 2500
3191 2500
3192 2500
3193 2500
3194 2500
3195 2500
3196 2500
3197 2500
3198 2500
3199 2500
3200 2500
3201 2500
3202 2502
3203 2502
3204 2503
3205 2506
3206 2502
3207 2502
3208 2503
3209 2504
3210 2502
3211 2504
3212 2500
3213 2500
3214 2500
3215 2500
3216 2500
3217 2500
3218 2500
3219 2499
3220 2499
3221 2500
3222 2501
3223 2501
3224 2500
3225 2499
3226 2499
3227 2499
3228 2501
3229 2503
3230 2503
3231 2500
3232 2499
3233 2500
3234 2500
3235 2501
3236 2500
3237 2503
3238 2500
3239 2503
3240 2503
3241 2499
3242 2500
3243 2499
3244 2500
3245 2504
3246 2500
3247 2500
3248 2501
3249 2505
3250 2504
3251 2499
3252 2499
3253 2498
3254 2498
3255 2500
3256 2503
3257 2499
3258 2499
3259 2499
3260 2499
3261 2503
3262 2499
3263 2499
3264 2498
3265 2499
3266 2499
3267 2499
3268 2499
3269 2498
3270 2499
3271 2499
3272 2500
3273 2501
3274 2500
3275 2499
3276 2503
3277 2498
3278 2499
3279 2499
3280 2500
3281 2499
3282 2498
3283 2501
3284 2499
3285 2498
3286 2498
3287 2499
3288 2501
3289 2497
3290 2497
3291 2498
3292 2498
3293 2499
3294 2499
3295 2499
3296 2499
3297 2499
3298 2498
3299 2499
3300 2498
3301 2499
3302 2499
3303 2500
3304 2499
3305 2499
3306 2499
3307 2498
3308 2498
3309 2498
3310 2498
3311 2501
3312 2498
3313 2498
3314 2498
3315 2498
3316 2498
3317 2499
3318 2499
3319 2499
3320 2505
3321 2497
3322 2500
3323 2499
3324 2498
3325 2499
3326 2499
3327 2500
3328 2501
3329 2498
3330 2503
3331 2501
3332 2498
3333 2502
3334 2502
3335 2499
3336 2498
3337 2498
3338 2498
3339 2502
3340 2498
3341 2497
3342 2498
3343 2497
3344 2497
3345 2497
3346 2498
3347 2498
3348 2498
3349 2498
3350 2499
3351 2500
3352 2498
3353 2498
3354 2497
3355 2498
3356 2499
3357 2500
3358 2502
3359 2502
3360 2500
3361 2500
3362 2499
3363 2498
3364 2497
3365 2504
3366 2498
3367 2500
3368 2498
3369 2498
3370 2499
3371 2498
3372 2498
3373 2498
3374 2500
3375 2496
3376 2496
3377 2500
3378 2497
3379 2497
3380 2499
3381 2499
3382 2498
3383 2498
3384 2498
3385 2498
3386 2498
3387 2498
3388 2498
3389 2498
3390 2500
3391 2498
3392 2498
3393 2499
3394 2500
3395 2500
3396 2498
3397 2499
3398 2500
3399 2498
3400 2507
3401 2498
3402 2500
3403 2498
3404 2500
3405 2499
3406 2499
3407 2499
3408 2498
3409 2498
3410 2498
3411 2498
3412 2498
3413 2499
3414 2498
3415 2498
3416 2504
3417 2498
3418 2498
3419 2498
3420 2497
3421 2497
3422 2498
3423 2502
3424 2499
3425 2499
3426 2498
3427 2498
3428 2498
3429 2499
3430 2498
3431 2498
3432 2498
3433 2498
3434 2498
3435 2497
3436 2501
3437 2498
3438 2497
3439 2498
3440 2498
3441 2498
3442 2498
3443 2498
3444 2498
3445 2499
3446 2499
3447 2499
3448 2499
3449 2499
3450 2499
3451 2499
3452 2499
3453 2498
3454 2498
3455 2498
3456 2498
3457 2498
3458 2498
3459 2498
3460 2499
3461 2498
3462 2498
3463 2498
3464 2499
3465 2498
3466 2499
3467 2499
3468 2499
3469 2499
3470 2499
3471 2499
3472 2499
3473 2499
3474 2499
3475 2499
3476 2499
3477 2499
3478 2499
3479 2499
3480 2499
3481 2500
3482 2499
3483 2499
3484 2499
3485 2499
3486 2499
3487 2499
3488 2499
3489 2499
3490 2499
3491 2499
3492 2499
3493 2499
3494 2499
3495 2499
3496 2499
3497 2499
3498 2499
3499 2499
3500 2499
3501 2499
3502 2499
3503 2499
3504 2498
3505 2499
3506 2499
3507 2499
3508 2499
3509 2499
3510 2499
3511 2499
3512 2499
3513 2499
3514 2499
3515 2499
3516 2499
3517 2499
3518 2499
3519 2499
3520 2499
3521 2500
3522 2500
3523 2499
3524 2500
3525 2499
3526 2499
3527 2499
3528 2499
3529 2499
3530 2499
3531 2499
3532 2499
3533 2499
3534 2499
3535 2499
3536 2499
3537 2499
3538 2499
3539 2499
3540 2499
3541 2499
3542 2499
3543 2499
3544 2499
3545 2500
3546 2498
3547 2500
3548 2499
3549 2499
3550 2498
3551 2498
3552 2498
3553 2499
3554 2498
3555 2498
3556 2498
3557 2498
3558 2498
3559 2498
3560 2498
3561 2498
3562 2498
3563 2498
3564 2498
3565 2497
3566 2497
3567 2504
3568 2502
3569 2501
3570 2497
3571 2505
3572 2498
3573 2504
3574 2500
3575 2497
3576 2505
3577 2497
3578 2498
3579 2498
3580 2498
3581 2507
3582 2506
3583 2497
3584 2496
3585 2497
3586 2498
3587 2497
3588 2497
3589 2500
3590 2499
3591 2498
3592 2498
3593 2499
3594 2498
3595 2498
3596 2498
3597 2498
3598 2498
3599 2498
3600 2498
3601 2498
3602 2498
3603 2498
3604 2498
3605 2499
3606 2499
3607 2498
3608 2498
3609 2498
3610 2498
3611 2498
3612 2498
3613 2498
3614 2498
3615 2497
3616 2498
3617 2498
3618 2498
3619 2501
3620 2498
3621 2498
3622 2498
3623 2498
3624 2497
3625 2498
3626 2497
3627 2497
3628 2497
3629 2497
3630 2498
3631 2497
3632 2497
3633 2498
3634 2497
3635 2498
3636 2498
3637 2498
3638 2498
3639 2498
3640 2498
3641 2498
3642 2497
3643 2497
3644 2498
3645 2498
3646 2498
3647 2497
3648 2497
3649 2497
3650 2497
3651 2497
3652 2497
3653 2498
3654 2497
3655 2497
3656 2497
3657 2497
3658 2498
3659 2497
3660 2497
3661 2497
3662 2497
3663 2497
3664 2498
3665 2498
3666 2497
3667 2497
3668 2497
3669 2497
3670 2497
3671 2497
3672 2498
3673 2498
3674 2497
3675 2497
3676 2497
3677 2498
3678 2497
3679 2497
3680 2497
3681 2497
3682 2497
3683 2497
3684 2497
3685 2497
3686 2497
3687 2497
3688 2497
3689 2497
3690 2496
3691 2497
3692 2497
3693 2497
3694 2497
3695 2496
3696 2496
3697 2496
3698 2497
3699 2496
3700 2496
3701 2497
3702 2497
3703 2497
3704 2497
3705 2497
3706 2497
3707 2497
3708 2497
3709 2497
3710 2497
3711 2497
3712 2497
3713 2496
3714 2496
3715 2496
3716 2497
3717 2497
3718 2497
3719 2497
3720 2497
3721 2497
3722 2497
3723 2497
3724 2497
3725 2497
3726 2497
3727 2497
3728 2497
3729 2497
3730 2497
3731 2497
3732 2497
3733 2496
3734 2496
3735 2496
3736 2496
3737 2496
3738 2496
3739 2496
3740 2496
3741 2496
3742 2496
3743 2496
3744 2496
3745 2496
3746 2496
3747 2496
3748 2495
3749 2495
3750 2495
3751 2495
3752 2497
3753 2495
3754 2495
3755 2495
3756 2495
3757 2495
3758 2494
3759 2495
3760 2495
3761 2495
3762 2495
3763 2495
3764 2495
3765 2495
3766 2495
3767 2495
3768 2495
3769 2495
3770 2495
3771 2495
3772 2495
3773 2495
3774 2495
3775 2495
3776 2495
3777 2495
3778 2495
3779 2495
3780 2495
3781 2495
3782 2495
3783 2495
3784 2495
3785 2495
3786 2495
3787 2495
3788 2495
3789 2495
3790 2495
3791 2495
3792 2495
3793 2495
3794 2495
3795 2495
3796 2495
3797 2495
3798 2495
3799 2495
3800 2495
3801 2494
3802 2494
3803 2494
3804 2494
3805 2494
3806 2494
3807 2494
3808 2494
3809 2493
3810 2493
3811 2493
3812 2493
3813 2492
3814 2492
3815 2492
3816 2492
3817 2492
3818 2492
3819 2492
3820 2492
3821 2492
3822 2492
3823 2492
3824 2492
3825 2492
3826 2492
3827 2491
3828 2492
3829 2492
3830 2492
3831 2492
3832 2492
3833 2492
3834 2492
3835 2492
3836 2492
3837 2491
3838 2491
3839 2491
3840 2491
3841 2491
3842 2491
3843 2491
3844 2491
3845 2491
3846 2491
3847 2491
3848 2491
3849 2492
3850 2491
3851 2492
3852 2492
3853 2492
3854 2492
3855 2492
3856 2492
3857 2492
3858 2492
3859 2492
3860 2491
3861 2492
3862 2492
3863 2492
3864 2491
3865 2492

3435 2521
3436 2519
3437 2526
3438 2524
3439 2526
3440 2526
3441 2526
3442 2527
3443 2526
3444 2525
3445 2526
3446 2523
3447 2527
3448 2525
3449 2524
3450 2524
3451 2526
3452 2532
3453 2525
3454 2523
3455 2526
3456 2528
3457 2530
3458 2528
3459 2526
3460 2526
3461 2526
3462 2525
3463 2525
3464 2526
3465 2525
3466 2525
3467 2526
3468 2526
3469 2526
3470 2526
3471 2526
3472 2526
3473 2525
3474 2526
3475 2529
3476 2529
3477 2531
3478 2518
3479 2532
3480 2520
3481 2532
3482 2526
3483 2524
3484 2521
3485 2524
3486 2527
3487 2525
3488 2525
3489 2525
3490 2527
3491 2526
3492 2526
3493 2527
3494 2527
3495 2526
3496 2526
3497 2519
3498 2527
3499 2533
3500 2531
3501 2533
3502 2527
3503 2533
3504 2533
3505 2533
3506 2531
3507 2531
3508 2532
3509 2532
3510 2534
3511 2520
3512 2530
3513 2521
3514 2521
3515 2521
3516 2535
3517 2521
3518 2521
3519 2536
3520 2536
3521 2532
3522 2532
3523 2522
3524 2531
3525 2530
3526 2530
3527 2530
3528 2529
3529 2530
3530 2529
3531 2525
3532 2525
3533 2533
3534 2530
3535 2527
3536 2528
3537 2528
3538 2520
3539 2527
3540 2527
3541 2525
3542 2529
3543 2526
3544 2527
3545 2533
3546 2526
3547 2519
3548 2524
3549 2523
3550 2523
3551 2525
3552 2525
3553 2525
3554 2524
3555 2524
3556 2525
3557 2524
3595 2526
3596 2526
3597 2525
3598 2520
3599 2531
3600 2528
3601 2530
3602 2527
3603 2524
3604 2525
3605 2527
3606 2522
3607 2525
3608 2524
3609 2524
3610 2524
3611 2527
3612 2524
3613 2523
3614 2523
3615 2529
3616 2529
3617 2524
3618 2521
3619 2522
3620 2523
3621 2523
3622 2524
3623 2524
3624 2523
3625 2525
3626 2524
3627 2524
3628 2518
3629 2526
3630 2529
3631 2528
3632 2525
3633 2517
3634 2528
3635 2525
3636 2524
3637 2527
3638 2528
3639 2525
3640 2518
3641 2529
3642 2524
3643 2524
3644 2523
3645 2524
3646 2517
3647 2522
3648 2524
3649 2524
3650 2528
3651 2527
3652 2524
3653 2517
3654 2522
3655 2524
3656 2524
3657 2523
3658 2523
3659 2523
3660 2523
3661 2530
3662 2531
3663 2524
3664 2523
3665 2523
3666 2523
3667 2523
3668 2528
3669 2518
3670 2525
3671 2529
3672 2523
3673 2518
3674 2518
3675 2522
3676 2531
3677 2529
3678 2524
3679 2523
3680 2521
3681 2525
3682 2525
3683 2524
3684 2524
3685 2522
3686 2527
3687 2527
3688 2518
3689 2522
3690 2529
3691 2524
3692 2530
3693 2531
3694 2523
3695 2532
3696 2524
3697 2524
3698 2524
3699 2524
3700 2527
3701 2527
3702 2525
3703 2525
3704 2525
3705 2525
3706 2530
3707 2523
3708 2523
3709 2519
3710 2524
3711 2524
3712 2531
3713 2525
3714 2524
3715 2524
3716 2525
3717 2524
3718 2524
3719 2525
3720 2525
3721 2530
3722 2523
3723 2525
3724 2525
3725 2523
3726 2525
3727 2531
3728 2525
3729 2522
3730 2522
3731 2521
3732 2528
3733 2523
3734 2522
3735 2531
3736 2530
3737 2525
3738 2525
3739 2525
3740 2526
3741 2525
3742 2527
3743 2530
3744 2530
3745 2528
3746 2532
3747 2526
3748 2527
3749 2526
3750 2525
3751 2520
3752 2526
3753 2521
3754 2528
3755 2531
3756 2525
3757 2521
3758 2520
3759 2533
3760 2527
3761 2526
3762 2526
3763 2527
3764 2526
3765 2521
3766 2525
3767 2529
3768 2532
3769 2526
3770 2519
3771 2525
3772 2526
3773 2524
3774 2519
3775 2528
3776 2527
3777 2527
3778 2527
3779 2527
3780 2527
3781 2528
3782 2527
3783 2520
3784 2528
3785 2528
3786 2530
3787 2527
3788 2528
3789 2530
3790 2526
3791 2526
3792 2527
3793 2526
3794 2525
3795 2526
3796 2526
3797 2526
3798 2525
3799 2526
3800 2529

