2748 2500
2749 2501
2750 2500
2751 2501
2752 2500
2753 2500
2754 2500
2755 2500
2756 2502
2757 2501
2758 2501
2759 2500
2760 2500
2761 2501
2762 2500
2763 2501
2764 2501
2765 2501
2766 2501
2767 2504
2768 2501
2769 2500
2770 2500
2771 2501
2772 2501
2773 2501
2774 2501
2775 2501
2776 2501
2777 2501
2778 2501
2779 2501
2780 2501
2781 2500
2782 2501
2783 2504
2784 2501
2785 2501
2786 2502
2787 2501
2788 2502
2789 2502
2790 2502
2791 2502
2792 2502
2793 2502
2794 2501
2795 2502
2796 2502
2797 2502
2798 2501
2799 2501
2800 2502
2801 2501
2802 2502
2803 2502
2804 2501
2805 2502
2806 2501
2807 2501
2808 2502
2809 2501
2810 2502
2811 2502
2812 2502
2813 2502
2814 2502
2815 2502
2816 2501
2817 2502
2818 2502
2819 2502
2820 2501
2821 2503
2822 2502
2823 2506
2824 2503
2825 2502
2826 2503
2827 2503
2828 2503
2829 2503
2830 2503
2831 2503
2832 2502
2833 2502
2834 2503
2835 2503
2836 2502
2837 2503
2838 2503
2839 2503
2840 2502
2841 2502
2842 2501
2843 2501
2844 2501
2845 2501
2846 2501
2847 2500
2848 2501
2849 2500
2850 2501
2851 2501
2852 2500
2853 2502
2854 2501
2855 2501
2856 2501
2857 2501
2858 2502
2859 2502
2860 2501
2861 2501
2862 2501
2863 2501
2864 2501
2865 2501
2866 2501
2867 2501
2868 2501
2869 2502
2870 2502
2871 2502
2872 2504
2873 2503
2874 2504
2875 2503
2876 2503
2877 2503
2878 2503
2879 2506
2880 2504
2881 2502
2882 2502
2883 2501
2884 2501
2885 2502
2886 2502
2887 2502
2888 2502
2889 2501
2890 2501
2891 2502
2892 2501
2893 2501
2894 2501
2895 2501
2896 2502
2897 2502
2898 2501
2899 2501
2900 2501
2901 2503
2902 2501
2903 2501
2904 2503
2905 2507
2906 2503
2907 2502
2908 2501
2909 2501
2910 2502
2911 2502
2912 2502
2913 2502
2914 2502
2915 2502
2916 2501
2917 2502
2918 2502
2919 2501
2920 2502
2921 2501
2922 2502
2923 2501
2924 2501
2925 2501
2926 2502
2927 2502
2928 2502
2929 2502
2930 2502
2931 2502
2932 2501
2933 2501
2934 2502
2935 2501
2936 2501
2937 2502
2938 2502
2939 2501
2940 2502
2941 2502
2942 2502
2943 2502
2944 2502
2945 2502
2946 2502
2947 2502
2948 2508
2949 2502
2950 2501
2951 2502
2952 2502
2953 2502
2954 2502
2955 2502
2956 2502
2957 2502
2958 2504
2959 2503
2960 2502
2961 2503
2962 2501
2963 2502
2964 2502
2965 2502
2966 2502
2967 2504
2968 2502
2969 2502
2970 2502
2971 2504
2972 2502
2973 2501
2974 2501
2975 2502
2976 2501
2977 2501
2978 2501
2979 2502
2980 2502
2981 2501
2982 2501
2983 2502
2984 2501
2985 2500
2986 2504
2987 2501
2988 2500
2989 2501
2990 2503
2991 2500
2992 2500
2993 2500
2994 2500
2995 2501
2996 2500
2997 2501
2998 2502
2999 2501
3000 2501
3001 2500
3002 2501
3003 2501
3004 2501
3005 2501
3006 2501
3007 2501
3008 2501
3009 2501
3010 2501
3011 2500
3012 2503
3013 2503
3014 2501
3015 2501
3016 2504
3017 2501
3018 2500
3019 2502
3020 2501
3021 2500
3022 2500
3023 2500
3024 2500
3025 2500
3026 2501
3027 2500
3028 2500
3029 2500
3030 2500
3031 2500
3032 2500
3033 2499
3034 2499
3035 2499
3036 2499
3037 2502
3038 2500
3039 2502
3040 2500
3041 2500
3042 2500
3043 2499
3044 2499
3045 2499
3046 2499
3047 2500
3048 2502
3049 2499
3050 2499
3051 2499
3052 2499
3053 2500
3054 2500
3055 2499
3056 2500
3057 2499
3058 2499
3059 2500
3060 2499
3061 2499
3062 2499
3063 2499
3064 2499
3065 2500
3066 2499
3067 2499
3068 2499
3069 2499
3070 2499
3071 2508
3072 2499
3073 2503
3074 2501
3075 2500
3076 2499
3077 2501
3078 2500
3079 2500
3080 2499
3081 2499
3082 2499
3083 2499
3084 2507
3085 2499
3086 2500
3087 2499
3088 2506
3089 2501
3090 2503
3091 2501
3092 2500
3093 2503
3094 2503
3095 2499
3096 2499
3097 2499
3098 2499
3099 2499
3100 2499
3101 2499
3102 2506
3103 2498
3104 2498
3105 2498
3106 2498
3107 2498
3108 2498
3109 2498
3110 2498
3111 2499
3112 2499
3113 2502
3114 2499
3115 2499
3116 2498
3117 2498
3118 2506
3119 2498
3120 2498
3121 2498
3122 2498
3123 2498
3124 2498
3125 2498
3126 2497
3127 2504
3128 2498
3129 2498
3130 2499
3131 2498
3132 2497
3133 2498
3134 2498
3135 2498
3136 2498
3137 2499
3138 2498
3139 2498
3140 2498
3141 2497
3142 2498
3143 2499
3144 2498
3145 2497
3146 2498
3147 2498
3148 2498
3149 2499
3150 2498
3151 2499
3152 2498
3153 2498
3154 2498
3155 2498
3156 2498
3157 2499
3158 2499
3159 2499
3160 2498
3161 2498
3162 2498
3163 2498
3164 2498
3165 2498
3166 2498
3167 2498
3168 2498
3169 2498
3170 2499
3171 2499
3172 2498
3173 2498
3174 2498
3175 2499
3176 2498
3177 2498
3178 2499
3179 2499
3180 2499
3181 2499
3182 2499
3183 2499
3184 2499
3185 2499
3186 2499
3187 2499
3188 2499
3189 2499
3190 2499
3191 2499
3192 2499
3193 2499
3194 2499
3195 2498
3196 2499
3197 2499
3198 2499
3199 2499
3200 2499
3201 2499
3202 2499
3203 2499
3204 2498
3205 2499
3206 2499
3207 2499
3208 2500
3209 2500
3210 2499
3211 2499
3212 2499
3213 2499
3214 2499
3215 2500
3216 2499
3217 2499
3218 2499
3219 2499
3220 2500
3221 2499
3222 2499
3223 2500
3224 2499
3225 2499
3226 2499
3227 2499
3228 2500
3229 2501
3230 2499
3231 2498
3232 2498
3233 2502
3234 2498
3235 2498
3236 2498
3237 2498
3238 2498
3239 2498
3240 2498
3241 2498
3242 2498
3243 2501
3244 2497
3245 2498
3246 2497
3247 2498
3248 2498
3249 2498
3250 2498
3251 2498
3252 2498
3253 2498
3254 2498
3255 2498
3256 2498
3257 2497
3258 2497
3259 2497
3260 2498
3261 2498
3262 2498
3263 2498
3264 2497
3265 2497
3266 2497
3267 2497
3268 2497
3269 2497
3270 2498
3271 2497
3272 2497
3273 2497
3274 2497
3275 2497
3276 2497
3277 2497
3278 2497
3279 2497
3280 2497
3281 2497
3282 2497
3283 2497
3284 2497
3285 2496
3286 2497
3287 2496
3288 2496
3289 2496
3290 2496
3291 2497
3292 2496
3293 2496
3294 2496
3295 2497
3296 2496
3297 2497
3298 2496
3299 2496
3300 2496
3301 2496
3302 2496
3303 2496
3304 2496
3305 2496
3306 2495
3307 2496
3308 2495
3309 2496
3310 2496
3311 2496
3312 2495
3313 2495
3314 2495
3315 2495
3316 2496
3317 2495
3318 2496
3319 2495
3320 2495
3321 2495
3322 2495
3323 2496
3324 2495
3325 2495
3326 2495
3327 2495
3328 2496
3329 2495
3330 2495
3331 2495
3332 2495
3333 2495
3334 2495
3335 2494
3336 2496
3337 2495
3338 2498
3339 2494
3340 2494
3341 2494
3342 2497
3343 2495
3344 2494
3345 2494
3346 2494
3347 2494
3348 2494
3349 2494
3350 2494
3351 2493
3352 2494
3353 2494
3354 2495
3355 2494
3356 2494
3357 2494
3358 2494
3359 2494
3360 2494
3361 2494
3362 2494
3363 2495
3364 2495
3365 2495
3366 2495
3367 2494
3368 2493
3369 2494
3370 2494
3371 2494
3372 2494
3373 2493
3374 2494
3375 2494
3376 2494
3377 2494
3378 2494
3379 2494
3380 2494
3381 2494
3382 2494
3383 2494
3384 2494
3385 2494
3386 2494
3387 2494
3388 2494
3389 2494
3390 2494
3391 2494
3392 2494
3393 2494
3394 2494
3395 2494
3396 2494
3397 2494
3398 2494
3399 2494
3400 2494
3401 2494
3402 2494
3403 2494
3404 2494
3405 2495
3406 2494
3407 2494
3408 2494
3409 2494
3410 2494
3411 2494
3412 2495
3413 2494
3414 2494
3415 2494
3416 2494
3417 2494
3418 2494
3419 2494
3420 2495
3421 2495
3422 2495
3423 2495
3424 2495
3425 2495
3426 2495
3427 2495
3428 2494
3429 2494
3430 2494
3431 2495
3432 2494
3433 2495
3434 2495
3435 2495
3436 2495
3437 2494
3438 2494
3439 2494
3440 2494
3441 2494
3442 2495
3443 2494
3444 2494
3445 2494
3446 2494
3447 2494
3448 2494
3449 2495
3450 2495
3451 2494
3452 2497
3453 2494
3454 2495
3455 2495
3456 2494
3457 2495
3458 2494
3459 2494
3460 2494
3461 2494
3462 2494
3463 2495
3464 2495
3465 2495
3466 2495
3467 2495
3468 2495
3469 2494
3470 2495
3471 2494
3472 2494
3473 2495
3474 2494
3475 2494
3476 2494
3477 2494
3478 2495
3479 2494
3480 2495
3481 2495
3482 2494
3483 2494
3484 2494
3485 2494
3486 2495
3487 2495
3488 2494
3489 2495
3490 2495
3491 2495
3492 2495
3493 2495
3494 2495
3495 2495
3496 2494
3497 2494
3498 2494
3499 2495
3500 2495
3501 2495
3502 2495
3503 2495
3504 2494
3505 2495
3506 2494
3507 2494
3508 2495
3509 2494
3510 2495
3511 2495
3512 2495
3513 2495
3514 2495
3515 2495
3516 2494
3517 2495
3518 2495
3519 2495
3520 2495
3521 2495
3522 2495
3523 2495
3524 2495
3525 2495
3526 2495
3527 2495
3528 2495
3529 2495
3530 2495
3531 2495
3532 2495
3533 2495
3534 2495
3535 2495
3536 2495
3537 2495
3538 2495
3539 2495
3540 2496
3541 2496
3542 2496
3543 2496
3544 2496
3545 2496
3546 2496
3547 2496
3548 2496
3549 2496
3550 2496
3551 2496
3552 2496
3553 2496
3554 2496
3555 2496
3556 2496
3557 2496
3558 2496
3559 2496
3560 2496
3561 2496
3562 2496
3563 2496
3564 2496
3565 2497
3566 2496
3567 2497
3568 2497
3569 2497
3570 2497
3571 2497
3572 2497
3573 2497
3574 2497
3575 2497
3576 2497
3577 2496
3578 2497
3579 2497
3580 2497
3581 2498
3582 2498
3583 2498
3584 2498
3585 2498
3586 2498
3587 2498
3588 2498
3589 2498
3590 2497
3591 2498
3592 2498
3593 2498
3594 2498
3595 2498
3596 2498
3597 2498
3598 2498
3599 2498
3600 2498
3601 2498
3602 2498
3603 2498
3604 2498
3605 2498
3606 2498
3607 2498
3608 2498
3609 2498
3610 2498
3611 2498
3612 2498
3613 2498
3614 2498
3615 2498
3616 2498
3617 2498
3618 2498
3619 2498
3620 2498
3621 2498
3622 2498
3623 2498
3624 2498
3625 2498
3626 2498
3627 2498
3628 2498
3629 2498
3630 2498
3631 2498
3632 2498
3633 2498
3634 2498
3635 2498
3636 2498
3637 2497
3638 2498
3639 2498
3640 2498
3641 2498
3642 2498
3643 2498
3644 2498
3645 2498
3646 2498
3647 2498
3648 2498
3649 2498
3650 2498
3651 2498
3652 2498
3653 2498
3654 2498
3655 2498
3656 2498
3657 2498
3658 2498
3659 2498
3660 2498
3661 2498
3662 2498
3663 2498
3664 2498
3665 2498
3666 2498
3667 2498
3668 2498
3669 2498
3670 2498
3671 2498
3672 2498
3673 2498
3674 2498
3675 2498
3676 2498
3677 2498
3678 2498
3679 2498
3680 2498
3681 2498
3682 2498
3683 2498
3684 2498
3685 2498
3686 2498
3687 2498
3688 2498
3689 2498
3690 2498
3691 2498
3692 2498
3693 2498
3694 2499
3695 2498
3696 2497
3697 2499
3698 2499
3699 2498
3700 2498
3701 2498
3702 2499
3703 2498
3704 2502
3705 2498
3706 2498
3707 2498
3708 2498
3709 2498
3710 2498
3711 2498
3712 2499
3713 2498
3714 2498
3715 2498
3716 2499
3717 2499
3718 2499
3719 2498
3720 2498
3721 2499
3722 2498
3723 2498
3724 2499
3725 2499
3726 2499
3727 2498
3728 2499
3729 2499
3730 2499
3731 2499
3732 2498
3733 2499
3734 2499
3735 2498
3736 2498
3737 2499
3738 2499
3739 2499
3740 2499
3741 2499
3742 2499
3743 2499
3744 2498
3745 2498
3746 2498
3747 2498
3748 2499
3749 2498
3750 2499
3751 2498
3752 2498
3753 2502
3754 2498
3755 2498
3756 2498
3757 2498
3758 2498
3759 2498
3760 2498
3761 2497
3762 2498
3763 2498
3764 2498
3765 2498
3766 2497
3767 2497
3768 2498
3769 2497
3770 2498
3771 2498
3772 2497
3773 2497
3774 2497
3775 2496
3776 2496
3777 2496
3778 2496
3779 2496
3780 2496
3781 2496
3782 2496
3783 2496
3784 2496
3785 2496
3786 2496
3787 2496
3788 2496
3789 2496
3790 2495
3791 2495
3792 2495
3793 2495
3794 2495
3795 2495
3796 2495
3797 2495
3798 2495
3799 2495
3800 2495
3801 2495
3802 2495
3803 2495
3804 2495
3805 2495
3806 2495
3807 2495
3808 2495
3809 2495
3810 2494
3811 2495
3812 2494
3813 2495
3814 2494
3815 2495
3816 2494
3817 2494
3818 2494
3819 2494
3820 2495
3821 2494
3822 2494
3823 2494
3824 2494
3825 2494
3826 2495
3827 2495
3828 2495
3829 2495
3830 2495
3831 2494
3832 2495
3833 2495
3834 2494
3835 2495
3836 2494
3837 2494
3838 2494
3839 2494
3840 2494
3841 2494
3842 2494
3843 2494
3844 2494
3845 2494
3846 2494
3847 2494
3848 2494
3849 2494
3850 2494
3851 2494
3852 2494
3853 2494
3854 2494
3855 2494
3856 2494
3857 2494
3858 2494
3859 2494
3860 2494
3861 2494
3862 2494
3863 2494
3864 2494
3865 2494
3866 2494
3867 2494
3868 2494
3869 2494
3870 2494
3871 2494
3872 2494
3873 2494
3874 2494
3875 2494
3876 2494
3877 2494
3878 2494
3879 2494
3880 2494
3881 2493
3882 2493
3883 2493
3884 2493
3885 2493
3886 2493
3887 2493
3888 2493
3889 2493
3890 2493
3891 2493
3892 2493
3893 2493
3894 2493
3895 2493
3896 2492
3897 2493
3898 2493
3899 2493
3900 2493
3901 2493
3902 2493
3903 2493
3904 2493
3905 2492
3906 2492
3907 2492
3908 2493
3909 2493
3910 2493
3911 2492
3912 2492
3913 2492
3914 2492
3915 2492
3916 2492
3917 2492
3918 2492
3919 2492
3920 2492
3921 2492
3922 2492
3923 2492
3924 2492
3925 2492
3926 2492
3927 2492
3928 2492
3929 2492
3930 2492
3931 2492
3932 2492
3933 2492
3934 2492
3935 2492
3936 2492
3937 2492
3938 2492
3939 2492
3940 2492
3941 2492
3942 2492
3943 2492
3944 2492
3945 2492
3946 2492
3947 2492
3948 2492
3949 2492
3950 2492
3951 2492
3952 2492
3953 2492
3954 2492
3955 2492
3956 2492
3957 2492
3958 2492
3959 2492
3960 2492
3961 2491
3962 2491
3963 2491
3964 2491
3965 2491
3966 2492
3967 2491
3968 2491
3969 2491
3970 2491
3971 2491
3972 2491
3973 2491
3974 2491
3975 2491
3976 2491
3977 2490
3978 2490
3979 2490
3980 2490
3981 2491
3982 2491
3983 2491
3984 2490
3985 2490
3986 2490
3987 2490
3988 2490
3989 2490
3990 2490
3991 2490
3992 2490
3993 2490
3994 2490
3995 2490
3996 2491
3997 2491
3998 2491
3999 2491
4000 2490
4001 2490
4002 2491
4003 2491
4004 2491
4005 2491
4006 2491
4007 2491
4008 2491
4009 2491
4010 2491
4011 2491
4012 2491
4013 2491
4014 2491
4015 2492
4016 2491
4017 2491
4018 2491
4019 2491
4020 2491
4021 2491
4022 2492
4023 2491
4024 2491
4025 2491
4026 2491
4027 2491
4028 2491
4029 2491
4030 2491
4031 2491
4032 2491
4033 2491
4034 2491
4035 2491
4036 2491
4037 2491
4038 2491
4039 2491
4040 2491
4041 2491
4042 2491
4043 2492
4044 2492
4045 2491
4046 2491
4047 2491
4048 2492
4049 2491
4050 2491
4051 2491
4052 2491
4053 2491
4054 2491
4055 2491
4056 2491
4057 2491
4058 2491
4059 2491
4060 2491
4061 2491
4062 2491
4063 2491
4064 2491
4065 2491
4066 2491
4067 2491
4068 2491
4069 2491
4070 2491
4071 2491
4072 2491
4073 2491
4074 2491
4075 2492
4076 2491
4077 2491
4078 2491
4079 2491
4080 2491
4081 2491
4082 2491
4083 2491
4084 2491
4085 2491
4086 2491
4087 2491
4088 2491
4089 2491
4090 2491
4091 2491
4092 2491
4093 2491
4094 2491
4095 2491
4096 2491
4097 2491
4098 2491
4099 2491
4100 2491
4101 2491
4102 2491
4103 2491
4104 2491
4105 2491
4106 2491
4107 2491
4108 2491
4109 2491
4110 2491
4111 2491
4112 2491
4113 2491
4114 2491
4115 2490
4116 2490
4117 2490
4118 2490
4119 2494
4120 2490
4121 2490
4122 2491
4123 2490
4124 2490
4125 2490
4126 2490
4127 2490
4128 2490
4129 2490
4130 2490
4131 2490
4132 2490
4133 2490
4134 2490
4135 2490
4136 2490
4137 2490
4138 2490
4139 2490
4140 2490
4141 2490
4142 2490
4143 2490
4144 2490
4145 2490
4146 2490
4147 2490
4148 2490
4149 2490
4150 2490
4151 2490
4152 2490
4153 2490
4154 2490
4155 2490
4156 2490
4157 2490
4158 2490
4159 2490
4160 2490
4161 2491
4162 2491
4163 2491
4164 2490
4165 2490
4166 2491
4167 2491
4168 2491
4169 2491
4170 2491
4171 2491
4172 2491
4173 2491
4174 2491
4175 2491
4176 2491
4177 2491
4178 2492
4179 2492
4180 2491
4181 2491
4182 2491
4183 2491
4184 2491
4185 2491
4186 2491
4187 2491
4188 2491
4189 2491
4190 2491
4191 2491
4192 2491
4193 2491
4194 2491
4195 2491
4196 2491
4197 2491
4198 2491
4199 2491
4200 2491
4201 2491
4202 2491
4203 2491
4204 2491
4205 2491
4206 2490
4207 2490
4208 2491
4209 2491
4210 2491
4211 2491
4212 2491
4213 2491
4214 2491
4215 2491
4216 2491
4217 2491
4218 2491
4219 2490
4220 2490
4221 2490
4222 2490
4223 2490
4224 2490
4225 2490
4226 2490
4227 2490
4228 2490
4229 2490
4230 2490
4231 2490
4232 2490
4233 2490
4234 2490
4235 2490
4236 2490
4237 2490
4238 2489
4239 2489
4240 2490
4241 2490
4242 2490
4243 2490
4244 2490
4245 2490
4246 2490
4247 2490
4248 2490
4249 2490
4250 2490
4251 2490
4252 2490
4253 2490
4254 2490
4255 2489
4256 2489
4257 2493
4258 2493
4259 2493
4260 2489
4261 2489
4262 2492
4263 2488
4264 2488
4265 2489
4266 2489
4267 2489
4268 2488
4269 2489
4270 2488
4271 2489
4272 2489
4273 2489
4274 2489
4275 2489
4276 2488
4277 2488
4278 2488
4279 2488
4280 2488
4281 2488
4282 2488
4283 2488
4284 2488
4285 2488
4286 2488
4287 2488
4288 2488
4289 2487
4290 2487
4291 2488
4292 2488
4293 2488
4294 2487
4295 2487
4296 2487
4297 2487
4298 2487
4299 2487
4300 2487
4301 2487
4302 2487
4303 2487
4304 2487
4305 2487
4306 2487
4307 2487
4308 2487
4309 2486
4310 2486
4311 2486
4312 2489
4313 2487
4314 2486
4315 2486
4316 2486
4317 2486
4318 2486
4319 2486
4320 2486
4321 2486
4322 2486
4323 2486
4324 2486
4325 2486
4326 2486
4327 2486
4328 2486
4329 2486
4330 2486
4331 2486
4332 2486
4333 2486
4334 2486
4335 2486
4336 2486
4337 2485
4338 2485
4339 2485
4340 2485
4341 2485
4342 2485
4343 2485
4344 2485
4345 2485
4346 2485
4347 2485
4348 2485
4349 2485
4350 2485
4351 2485
4352 2485
4353 2485
4354 2485
4355 2485
4356 2485
4357 2485
4358 2485
4359 2484
4360 2484
4361 2484
4362 2484
4363 2484
4364 2484
4365 2484
4366 2484
4367 2484
4368 2484
4369 2484
4370 2484
4371 2483
4372 2483
4373 2483
4374 2483
4375 2483
4376 2483
4377 2483
4378 2483
4379 2482
4380 2483
4381 2483
4382 2483
4383 2482
4384 2482
4385 2483
4386 2483
4387 2482
4388 2482
4389 2483
4390 2482
4391 2482
4392 2482
4393 2482
4394 2482
4395 2482
4396 2482
4397 2482
4398 2482
4399 2482
4400 2481
4401 2481
4402 2481
4403 2481
4404 2481
4405 2481
4406 2480
4407 2481
4408 2480
4409 2481
4410 2480
4411 2481
4412 2481
4413 2480
4414 2481
4415 2480
4416 2480
4417 2480
4418 2480
4419 2480
4420 2480
4421 2480
4422 2480
4423 2480
4424 2480
4425 2480
4426 2480
4427 2480
4428 2480
4429 2480
4430 2480
4431 2480
4432 2480
4433 2480
4434 2480
4435 2480
4436 2480
4437 2480
4438 2480
4439 2480
4440 2480
4441 2480
4442 2480
4443 2480
4444 2480
4445 2479
4446 2480
4447 2480
4448 2480
4449 2480
4450 2480
4451 2478
4452 2480
4453 2480
4454 2480
4455 2480
4456 2480
4457 2479
4458 2480
4459 2480
4460 2479
4461 2479
4462 2479
4463 2479
4464 2479
4465 2479
4466 2479
4467 2479
4468 2479
4469 2479
4470 2478
4471 2479
4472 2479
4473 2479
4474 2479
4475 2479
4476 2479
4477 2478
4478 2479
4479 2479
4480 2478
4481 2479
4482 2478
4483 2477
4484 2479
4485 2479
4486 2478
4487 2477
4488 2478
4489 2478
4490 2478
4491 2478
4492 2478
4493 2478
4494 2477
4495 2477
4496 2477
4497 2476
4498 2477
4499 2478
4500 2479
4501 2479
4502 2478
4503 2477
4504 2477
4505 2476
4506 2477
4507 2477
4508 2477
4509 2477
4510 2477
4511 2486
4512 2476
4513 2476
4514 2476

2883 2542
2884 2548
2885 2549
2886 2544
2887 2543
2888 2540
2889 2538
2890 2549
2891 2550
2892 2543
2893 2552
2894 2541
2895 2547
2896 2543
2897 2538
2898 2539
2899 2540
2900 2548
2901 2540
2902 2548
2903 2548
2904 2551
2905 2546
2906 2549
2907 2548
2908 2545
2909 2549
2910 2550
2911 2547
2912 2548
2913 2552
2914 2550
2915 2550
2916 2552
2917 2541
2918 2544
2919 2546
2920 2549
2921 2548
2922 2538
2923 2543
2924 2552
2925 2551
2926 2548
2927 2541
2928 2549
2929 2548
2930 2548
2931 2547
2932 2544
2933 2539
2934 2544
2935 2543
2936 2549
2937 2550
2938 2548
2939 2547
2940 2546
2941 2541
2942 2552
2943 2547
2944 2550
2945 2550
2946 2550
2947 2548
2948 2546
2949 2538
2950 2540
2951 2549
2952 2537
2953 2542
2954 2545
2955 2538
2956 2548
2957 2547
2958 2548
2959 2546
2960 2537
2961 2537
2962 2551
2963 2544
2964 2548
2965 2539
2966 2545
2967 2544
2968 2537
2969 2538
2970 2539
2971 2541
2972 2548
2973 2537
2974 2548
2975 2544
2976 2548
2977 2538
2978 2543
2979 2543
2980 2546
2981 2548
2982 2549
2983 2538
2984 2540
2985 2547
2986 2546
2987 2547
2988 2548
2989 2543
2990 2537
2991 2543
2992 2539
2993 2550
2994 2550
2995 2539
2996 2545
2997 2551
2998 2537
2999 2539
3000 2551
3001 2541
3002 2537
3003 2539
3004 2542
3005 2549
3006 2551
3007 2546
3008 2545
3009 2546
3010 2541
3011 2537
3012 2547
3013 2541
3014 2547
3015 2546
3016 2539
3017 2537
3018 2541
3019 2540
3020 2547
3021 2547
3022 2550
3023 2550
3024 2546
3025 2547
3026 2546
3027 2538
3028 2549
3029 2540
3030 2548
3031 2537
3032 2544
3033 2541
3034 2543
3035 2539
3036 2543
3037 2544
3038 2547
3039 2546
3040 2546
3041 2542
3042 2547
3043 2545
3044 2547
3045 2548
3046 2545
3047 2545
3048 2544
3049 2537
3050 2541
3051 2538
3052 2540
3053 2540
3054 2544
3055 2544
3056 2544
3057 2537
3058 2544
3059 2544
3060 2544
3061 2540
3062 2543
3063 2541
3064 2545
3065 2545
3066 2541
3067 2543
3068 2544
3069 2544
3070 2542
3071 2548
3072 2538
3073 2544
3074 2537
3075 2544
3076 2542
3077 2546
3078 2544
3079 2547
3080 2540
3081 2541
3082 2542
3083 2536
3084 2544
3085 2550
3086 2537
3087 2547
3088 2543
3089 2545
3090 2550
3091 2547
3092 2548
3093 2536
3094 2536
3095 2536
3096 2547
3097 2544
3098 2537
3099 2544
3100 2544
3101 2545
3102 2543
3103 2544
3104 2545
3105 2545
3106 2542
3107 2538
3108 2544
3109 2543
3110 2550
3111 2536
3112 2542
3113 2536
3114 2541
3115 2541
3116 2548
3117 2543
3118 2543
3119 2544
3120 2543
3121 2546
3122 2544
3123 2550
3124 2547
3125 2549
3126 2542
3127 2540
3128 2541
3129 2545
3130 2545
3131 2538
3132 2542
3133 2542
3134 2548
3135 2544
3136 2536
3137 2550
3138 2547
3139 2541
3140 2541
3141 2540
3142 2543
3143 2545
3144 2548
3145 2544
3146 2545
3147 2542
3148 2548
3149 2542
3150 2549
3151 2548
3152 2538
3153 2541
3154 2541
3155 2541
3156 2545
3157 2545
3158 2542
3159 2548
3160 2539
3161 2541
3162 2540
3163 2542
3164 2543
3165 2542
3166 2541
3167 2540
3168 2540
3169 2542
3170 2541
3171 2542
3172 2542
3173 2542
3174 2535
3175 2542
3176 2535
3177 2541
3178 2541
3179 2541
3180 2537
3181 2546
3182 2534
3183 2539
3184 2539
3185 2545
3186 2545
3187 2545
3188 2540
3189 2541
3190 2541
3191 2541
3192 2540
3193 2541
3194 2540
3195 2534
3196 2540
3197 2542
3198 2541
3199 2540
3200 2539
3201 2540
3202 2539
3203 2539
3204 2540
3205 2539
3206 2539
3207 2541
3208 2539
3209 2539
3210 2545
3211 2540
3212 2539
3213 2538
3214 2540
3215 2539
3216 2539
3217 2538
3218 2539
3219 2539
3220 2547
3221 2537
3222 2537
3223 2537
3224 2537
3225 2533
3226 2546
3227 2540
3228 2539
3229 2540
3230 2537
3231 2538
3232 2542
3233 2543
3234 2539
3235 2539
3236 2541
3237 2538
3238 2544
3239 2534
3240 2538
3241 2538
3242 2537
3243 2538
3244 2539
3245 2539
3246 2538
3247 2538
3248 2538
3249 2539
3250 2542
3251 2538
3252 2532
3253 2537
3254 2538
3255 2536
3256 2538
3257 2537
3258 2538
3259 2538
3260 2538
3261 2538
3262 2538
3263 2537
3264 2542
3265 2538
3266 2538
3267 2537
3268 2537
3269 2537
3270 2538
3271 2537
3272 2537
3273 2537
3274 2537
3275 2536
3276 2537
3277 2536
3278 2533
3279 2537
3280 2537
3281 2538
3282 2537
3283 2537
3284 2537
3285 2536
3286 2537
3287 2538
3288 2533
3289 2541
3290 2537
3291 2544
3292 2532
3293 2542
3294 2538
3295 2539
3296 2540
3297 2535
3298 2536
3299 2538
3300 2537
3301 2536
3302 2535
3303 2534
3304 2544
3305 2536
3306 2536
3307 2538
3308 2535
3309 2536
3310 2535
3311 2543
3312 2537
3313 2542
3314 2536
3315 2535
3316 2535
3317 2537
3318 2540
3319 2535
3320 2534
3321 2534
3322 2535
3323 2534
3324 2535
3325 2532
3326 2533
3327 2534
3328 2535
3329 2534
3330 2534
3331 2534
3332 2534
3333 2535
3334 2534
3335 2534
3336 2533
3337 2534
3338 2539
3339 2536
3340 2535
3341 2535
3342 2535
3343 2536
3344 2534
3345 2534
3346 2534
3347 2538
3348 2534
3349 2533
3350 2534
3351 2533
3352 2533
3353 2532
3354 2530
3355 2534
3356 2531
3357 2541
3358 2533
3359 2532
3360 2532
3361 2536
3362 2532
3363 2531
3364 2532
3365 2531
3366 2531
3367 2531
3368 2532
3369 2534
3370 2532
3371 2532
3372 2531
3373 2532
3374 2531
3375 2532
3376 2532
3377 2532
3378 2532
3379 2532
3380 2532
3381 2532
3382 2532
3383 2532
3384 2533
3385 2532
3386 2532
3387 2532
3388 2532
3389 2531
3390 2533
3391 2532
3392 2531
3393 2532
3394 2531
3395 2532
3396 2532
3397 2532
3398 2532
3399 2532
3400 2532
3401 2532
3402 2532
3403 2532
3404 2532
3405 2532
3406 2531
3407 2532
3408 2532
3409 2532
3410 2532
3411 2523
3412 2532
3413 2532
3414 2532
3415 2531
3416 2532
3417 2532
3418 2532
3419 2532
3420 2531
3421 2532
3422 2531
3423 2531
3424 2531
3425 2532
3426 2531
3427 2531
3428 2531
3429 2532
3430 2532
3431 2532
3432 2531
3433 2532
3434 2531
3435 2531
3436 2530
3437 2531
3438 2531
3439 2529
3440 2534
3441 2534
3442 2530
3443 2530
3444 2525
3445 2530
3446 2531
3447 2532
3448 2532
3449 2531
3450 2531
3451 2532
3452 2531
3453 2531
3454 2528
3455 2522
3456 2535
3457 2523
3458 2522
3459 2528
3460 2534
3461 2530
3462 2522
3463 2524
3464 2526
3465 2527
3466 2528
3467 2532
3468 2524
3469 2520
3470 2525
3471 2525
3472 2531
3473 2523
3474 2520
3475 2525
3476 2528
3477 2534
3478 2528
3479 2532
3480 2530
3481 2525
3482 2527
3483 2530
3484 2519
3485 2524
3486 2526
3487 2531
3488 2523
3489 2519
3490 2533
3491 2526
3492 2529
3493 2526
3494 2527
3495 2528
3496 2528
3497 2527
3498 2533
3499 2527
3500 2526
3501 2526
3502 2526
3503 2526
3504 2525
3505 2524
3506 2528
3507 2523
3508 2524
3509 2518
3510 2518
3511 2518
3512 2523
3513 2524
3514 2521
3515 2527
3516 2523
3517 2522
3518 2520
3519 2518
3520 2523
3521 2522
3522 2527
3523 2528
3524 2523
3525 2530
3526 2517
3527 2523
3528 2523
3529 2524
3530 2524
3531 2523
3532 2523
3533 2523
3534 2524
3535 2524
3536 2524
3537 2524
3538 2523
3539 2523
3540 2523
3541 2524
3542 2523
3543 2523
3544 2523
3545 2523
3546 2523
3547 2523
3548 2523
3549 2523
3550 2523
3551 2523
3552 2523
3553 2523
3554 2523
3555 2523
3556 2530
3557 2524
3558 2523
3559 2523
3560 2523
3561 2523
3562 2524
3563 2521
3564 2523
3565 2528
3566 2515
3567 2523
3568 2522
3569 2523
3570 2524
3571 2522
3572 2523
3573 2522
3574 2515
3575 2522
3576 2522
3577 2523
3578 2523
3579 2527
3580 2523
3581 2524
3582 2521
3583 2521
3584 2521
3585 2521
3586 2516
3587 2514
3588 2525
3589 2514
3590 2519
3591 2526
3592 2521
3593 2522
3594 2516
3595 2514
3596 2514
3597 2523
3598 2521
3599 2528
3600 2522
3601 2514
3602 2521
3603 2522
3604 2522
3605 2518
3606 2514
3607 2517
3608 2527
3609 2520
3610 2515
3611 2523
3612 2522
3613 2520
3614 2513
3615 2517
3616 2525
3617 2525
3618 2524
3619 2523
3620 2523
3621 2523
3622 2522
3623 2525
3624 2524
3625 2516
3626 2517
3627 2523
3628 2525
3629 2520
3630 2514
3631 2524
3632 2525
3633 2521
3634 2514
3635 2522
3636 2521
3637 2518
3638 2519
3639 2519
3640 2520
3641 2524
3642 2525
3643 2520
3644 2525
3645 2522
3646 2525
3647 2522
3648 2521
3649 2520
3650 2522
3651 2522
3652 2522
3653 2523
3654 2521
3655 2522
3656 2521
3657 2521
3658 2519
3659 2520
3660 2520
3661 2525
3662 2517
3663 2519
3664 2521
3665 2525
3666 2523
3667 2521
3668 2522
3669 2521
3670 2521
3671 2521
3672 2520
3673 2522
3674 2520
3675 2512
3676 2521
3677 2521
3678 2521
3679 2520
3680 2521
3681 2521
3682 2520
3683 2520
3684 2520
3685 2526
3686 2520
3687 2519
3688 2519
3689 2518
3690 2520
3691 2516
3692 2516
3693 2519
3694 2516
3695 2520
3696 2521
3697 2519
3698 2520
3699 2517
3700 2517
3701 2520
3702 2519
3703 2519
3704 2516
3705 2519
3706 2517
3707 2518
3708 2517
3709 2518
3710 2519
3711 2522
3712 2522
3713 2517
3714 2517
3715 2517
3716 2517
3717 2516
3718 2516
3719 2515
3720 2516
3721 2525
3722 2516
3723 2515
3724 2515
3725 2516
3726 2516
3727 2518
3728 2515
3729 2514
3730 2515
3731 2515
3732 2514
3733 2514
3734 2511
3735 2511
3736 2511
3925 9999
3926 9999
3927 9999
3928 9999
3929 9999
3930 2505
3931 2504
3932 9999
3933 9999
3934 9999
3935 9999
3936 9999
3937 9999
3938 9999
3939 9999
3940 2504
3941 2504
3942 2504
3943 9999
3944 9999
3945 9999
3946 9999
3947 9999
3948 9999
3949 9999
3950 9999
3951 9999
3952 9999
3953 9999
3954 9999
3955 9999
3956 9999
3957 9999
3958 9999
3959 9999
3960 9999
3961 9999
3962 9999
3963 9999
3964 9999
3965 9999
3966 9999
3967 9999
3968 2503
3969 9999
3970 9999
3971 9999
3972 2503
3973 9999
3974 9999
3975 2503
3976 2503
3977 9999
3978 2503
3979 2503
3980 2503
3981 9999
3982 9999
3983 9999
3984 9999
3985 9999
3986 9999
3987 9999
3988 9999
3989 9999
3990 9999
3991 9999
3992 9999
3993 9999
3994 9999
3995 9999
3996 9999
3997 9999
3998 9999
3999 9999
4000 9999
4001 9999
4002 9999
4352 9999
4353 9999
4354 9999
4355 2497
4356 9999
4357 2504
4358 9999
4359 2504
4360 2504
4361 2504
4362 2504
4363 2506
4364 2505
4365 2505
4366 2498
4367 2508
4368 2506
4369 2506
4370 2505
4371 2505
4372 2511
4373 2506
4374 2507
4375 2507
4376 2507
4377 2506
4378 2499
4379 2499
4380 2501
4381 2500
4382 2506
4383 2508
4384 2502
4385 2502
4386 2506
4387 2501
4388 2513
4389 2509
4390 2504
4391 2504
4392 2502
4393 2514
4394 2513
4395 2503
4396 2507
4397 2507
4398 2505
4399 2507
4400 2505
4401 2504
4402 2504
4403 2504
4404 2504
4405 2516
4406 2508
4407 2503
4408 2503
4409 2502
4410 2505
4411 2505
4412 2506
4413 2504
4414 2502
4415 2503
4416 2504
4417 2503
4418 2508
4419 2504
4420 2504
4421 2501
4422 2505
4423 2508
4424 2509
4425 2505
4426 2506
4427 2498
4428 2499
4429 2506
4430 2500
4431 2501
4432 2501
4433 2499
4434 2497
4435 2502
4436 2497
4437 2496
4438 2505
4439 2507
4440 2509
4441 2508
4442 2507
4443 2502
4444 2505
4445 2508
4446 2507
4447 2510
4448 2501
4449 2513
4450 2510
4451 2512
4452 2510
4453 2508
4454 2507
4455 2508
4456 2512
4457 2515
4458 2512
4459 2512
4460 2512
4461 2510
4462 2509
4463 2507
4464 2504
4465 2517
4466 2503
4467 2510
4468 2512
4469 2503
4470 2516
4471 2513
4472 2510
4473 2518
4474 2514
4475 2512
4476 2512
4738 9999
4739 9999
4740 9999
4741 9999
4742 9999
4743 9999
4744 9999
4745 9999
4746 9999
4747 9999
4748 9999
4749 9999
4750 9999
4751 9999
4752 9999
4753 9999
4754 9999
4755 9999
4756 9999
4757 9999
4758 9999
4759 9999
4760 9999
4761 9999
4762 9999
4763 9999
4764 9999
4765 9999
4766 9999
4767 9999
4768 9999
4769 9999
4770 9999
4771 9999
4772 9999
4773 9999
4774 9999
4775 9999
4776 9999
4777 9999
4778 9999
4779 9999
4780 9999

