2835 2506
2836 2505
2837 2505
2838 2503
2839 2503
2840 2503
2841 2502
2842 2502
2843 2501
2844 2503
2845 2502
2846 2502
2847 2502
2848 2502
2849 2502
2850 2501
2851 2501
2852 2501
2853 2501
2854 2500
2855 2501
2856 2500
2857 2500
2858 2500
2859 2500
2860 2500
2861 2500
2862 2500
2863 2500
2864 2500
2865 2500
2866 2500
2867 2500
2868 2500
2869 2501
2870 2500
2871 2501
2872 2502
2873 2501
2874 2502
2875 2501
2876 2501
2877 2502
2878 2502
2879 2502
2880 2502
2881 2503
2882 2506
2883 2507
2884 2508
2885 2504
2886 2504
2887 2509
2888 2504
2889 2504
2890 2505
2891 2505
2892 2504
2893 2503
2894 2504
2895 2504
2896 2505
2897 2505
2898 2505
2899 2505
2900 2505
2901 2509
2902 2506
2903 2504
2904 2503
2905 2504
2906 2503
2907 2503
2908 2504
2909 2503
2910 2504
2911 2503
2912 2503
2913 2504
2914 2503
2915 2504
2916 2504
2917 2504
2918 2504
2919 2504
2920 2504
2921 2505
2922 2504
2923 2504
2924 2504
2925 2503
2926 2504
2927 2504
2928 2504
2929 2503
2930 2503
2931 2503
2932 2504
2933 2503
2934 2503
2935 2503
2936 2503
2937 2503
2938 2503
2939 2503
2940 2503
2941 2503
2942 2504
2943 2503
2944 2503
2945 2503
2946 2503
2947 2503
2948 2503
2949 2503
2950 2503
2951 2504
2952 2503
2953 2503
2954 2503
2955 2505
2956 2503
2957 2502
2958 2503
2959 2502
2960 2502
2961 2503
2962 2502
2963 2502
2964 2502
2965 2506
2966 2502
2967 2502
2968 2502
2969 2502
2970 2502
2971 2502
2972 2503
2973 2502
2974 2502
2975 2502
2976 2502
2977 2502
2978 2502
2979 2502
2980 2502
2981 2502
2982 2502
2983 2502
2984 2502
2985 2503
2986 2503
2987 2503
2988 2506
2989 2503
2990 2502
2991 2502
2992 2503
2993 2502
2994 2507
2995 2508
2996 2504
2997 2503
2998 2504
2999 2503
3000 2504
3001 2503
3002 2503
3003 2503
3004 2503
3005 2502
3006 2503
3007 2509
3008 2505
3009 2506
3010 2509
3011 2509
3012 2504
3013 2505
3014 2507
3015 2507
3016 2503
3017 2511
3018 2504
3019 2503
3020 2503
3021 2503
3022 2503
3023 2503
3024 2503
3025 2503
3026 2503
3027 2503
3028 2503
3029 2503
3030 2503
3031 2503
3032 2502
3033 2503
3034 2503
3035 2503
3036 2503
3037 2502
3038 2503
3039 2503
3040 2503
3041 2502
3042 2502
3043 2503
3044 2502
3045 2502
3046 2502
3047 2502
3048 2506
3049 2507
3050 2502
3051 2503
3052 2503
3053 2502
3054 2502
3055 2503
3056 2502
3057 2502
3058 2502
3059 2502
3060 2502
3061 2502
3062 2502
3063 2502
3064 2502
3065 2502
3066 2502
3067 2502
3068 2501
3069 2501
3070 2501
3071 2505
3072 2502
3073 2501
3074 2501
3075 2503
3076 2502
3077 2502
3078 2501
3079 2501
3080 2501
3081 2502
3082 2501
3083 2501
3084 2501
3085 2501
3086 2501
3087 2501
3088 2501
3089 2501
3090 2501
3091 2501
3092 2500
3093 2501
3094 2501
3095 2500
3096 2500
3097 2500
3098 2502
3099 2500
3100 2500
3101 2499
3102 2499
3103 2500
3104 2500
3105 2499
3106 2499
3107 2499
3108 2499
3109 2501
3110 2499
3111 2499
3112 2498
3113 2499
3114 2498
3115 2498
3116 2500
3117 2499
3118 2501
3119 2502
3120 2498
3121 2498
3122 2503
3123 2498
3124 2499
3125 2503
3126 2505
3127 2499
3128 2499
3129 2508
3130 2507
3131 2498
3132 2498
3133 2499
3134 2499
3135 2499
3136 2499
3137 2501
3138 2499
3139 2499
3140 2499
3141 2499
3142 2500
3143 2500
3144 2499
3145 2500
3146 2501
3147 2503
3148 2500
3149 2500
3150 2500
3151 2501
3152 2500
3153 2500
3154 2501
3155 2501
3156 2500
3157 2500
3158 2500
3159 2500
3160 2500
3161 2500
3162 2500
3163 2500
3164 2500
3165 2500
3166 2500
3167 2500
3168 2500
3169 2500
3170 2500
3171 2499
3172 2500
3173 2500
3174 2499
3175 2499
3176 2500
3177 2500
3178 2499
3179 2500
3180 2500
3181 2499
3182 2500
3183 2500
3184 2500
3185 2499
3186 2499
3187 2502
3188 2501
3189 2499
3190 2500
3191 2499
3192 2499
3193 2499
3194 2499
3195 2498
3196 2499
3197 2501
3198 2499
3199 2499
3200 2499
3201 2499
3202 2499
3203 2502
3204 2501
3205 2501
3206 2499
3207 2498
3208 2498
3209 2500
3210 2499
3211 2499
3212 2501
3213 2499
3214 2498
3215 2498
3216 2500
3217 2497
3218 2502
3219 2499
3220 2506
3221 2497
3222 2498
3223 2501
3224 2497
3225 2497
3226 2497
3227 2497
3228 2497
3229 2496
3230 2497
3231 2497
3232 2496
3233 2497
3234 2496
3235 2496
3236 2496
3237 2496
3238 2497
3239 2496
3240 2496
3241 2497
3242 2497
3243 2496
3244 2496
3245 2496
3246 2496
3247 2496
3248 2496
3249 2496
3250 2497
3251 2496
3252 2496
3253 2495
3254 2496
3255 2496
3256 2495
3257 2495
3258 2495
3259 2495
3260 2495
3261 2495
3262 2494
3263 2498
3264 2504
3265 2495
3266 2494
3267 2494
3268 2494
3269 2494
3270 2495
3271 2500
3272 2494
3273 2495
3274 2499
3275 2495
3276 2495
3277 2495
3278 2495
3279 2494
3280 2494
3281 2494
3282 2495
3283 2497
3284 2493
3285 2493
3286 2494
3287 2493
3288 2494
3289 2494
3290 2494
3291 2493
3292 2493
3293 2492
3294 2493
3295 2492
3296 2492
3297 2492
3298 2493
3299 2492
3300 2493
3301 2493
3302 2493
3303 2492
3304 2492
3305 2492
3306 2492
3307 2492
3308 2497
3309 2493
3310 2494
3311 2493
3312 2494
3313 2493
3314 2503
3315 2494
3316 2494
3317 2494
3318 2494
3319 2495
3320 2495
3321 2495
3322 2497
3323 2497
3324 2498
3325 2499
3326 2499
3327 2499
3328 2499
3329 2500
3330 2500
3331 2500
3332 2500
3333 2500
3334 2500
3335 2500
3336 2500
3337 2500
3338 2500
3339 2500
3340 2500
3341 2499
3342 2500
3343 2500
3344 2500
3345 2500
3346 2500
3347 2500
3348 2500
3349 2500
3350 2500
3351 2500
3352 2500
3353 2499
3354 2500
3355 2499
3356 2499
3357 2499
3358 2500
3359 2500
3360 2500
3361 2500
3362 2502
3363 2501
3364 2500
3365 2500
3366 2499
3367 2499
3368 2500
3369 2500
3370 2500
3371 2500
3372 2499
3373 2500
3374 2500
3375 2500
3376 2500
3377 2499
3378 2500
3379 2499
3380 2499
3381 2499
3382 2499
3383 2499
3384 2500
3385 2499
3386 2499
3387 2499
3388 2499
3389 2499
3390 2499
3391 2499
3392 2499
3393 2500
3394 2500
3395 2500
3396 2499
3397 2499
3398 2499
3399 2500
3400 2500
3401 2500
3402 2500
3403 2501
3404 2501
3405 2500
3406 2500
3407 2500
3408 2499
3409 2500
3410 2500
3411 2500
3412 2500
3413 2500
3414 2501
3415 2501
3416 2500
3417 2500
3418 2500
3419 2500
3420 2501
3421 2500
3422 2500
3423 2501
3424 2500
3425 2500
3426 2500
3427 2500
3428 2500
3429 2500
3430 2500
3431 2500
3432 2500
3433 2500
3434 2500
3435 2500
3436 2500
3437 2500
3438 2500
3439 2500
3440 2500
3441 2500
3442 2500
3443 2500
3444 2500
3445 2501
3446 2501
3447 2500
3448 2500
3449 2500
3450 2500
3451 2500
3452 2500
3453 2500
3454 2500
3455 2501
3456 2500
3457 2500
3458 2500
3459 2500
3460 2500
3461 2500
3462 2500
3463 2500
3464 2501
3465 2501
3466 2501
3467 2501
3468 2501
3469 2501
3470 2501
3471 2501
3472 2501
3473 2501
3474 2501
3475 2501
3476 2501
3477 2501
3478 2501
3479 2500
3480 2500
3481 2500
3482 2501
3483 2501
3484 2501
3485 2500
3486 2500
3487 2501
3488 2501
3489 2501
3490 2501
3491 2501
3492 2501
3493 2500
3494 2500
3495 2501
3496 2501
3497 2500
3498 2500
3499 2501
3500 2500
3501 2500
3502 2500
3503 2500
3504 2500
3505 2500
3506 2500
3507 2500
3508 2500
3509 2500
3510 2500
3511 2500
3512 2500
3513 2500
3514 2500
3515 2500
3516 2500
3517 2500
3518 2500
3519 2500
3520 2500
3521 2500
3522 2500
3523 2500
3524 2500
3525 2500
3526 2500
3527 2500
3528 2500
3529 2500
3530 2500
3531 2500
3532 2500
3533 2500
3534 2500
3535 2500
3536 2500
3537 2500
3538 2500
3539 2500
3540 2500
3541 2500
3542 2500
3543 2500
3544 2500
3545 2500
3546 2500
3547 2499
3548 2499
3549 2500
3550 2500
3551 2500
3552 2500
3553 2500
3554 2499
3555 2500
3556 2500
3557 2500
3558 2500
3559 2500
3560 2500
3561 2500
3562 2500
3563 2500
3564 2500
3565 2500
3566 2500
3567 2500
3568 2500
3569 2500
3570 2500
3571 2500
3572 2500
3573 2500
3574 2500
3575 2500
3576 2500
3577 2500
3578 2499
3579 2500
3580 2500
3581 2500
3582 2500
3583 2500
3584 2500
3585 2500
3586 2500
3587 2500
3588 2500
3589 2500
3590 2500
3591 2500
3592 2500
3593 2500
3594 2500
3595 2500
3596 2500
3597 2500
3598 2500
3599 2500
3600 2500
3601 2500
3602 2500
3603 2500
3604 2500
3605 2500
3606 2500
3607 2500
3608 2500
3609 2500
3610 2500
3611 2500
3612 2500
3613 2500
3614 2500
3615 2500
3616 2500
3617 2500
3618 2500
3619 2500
3620 2500
3621 2500
3622 2499
3623 2499
3624 2499
3625 2499
3626 2499
3627 2499
3628 2499
3629 2499
3630 2499
3631 2505
3632 2498
3633 2498
3634 2498
3635 2498
3636 2498
3637 2498
3638 2498
3639 2498
3640 2498
3641 2498
3642 2498
3643 2498
3644 2498
3645 2498
3646 2498
3647 2498
3648 2498
3649 2498
3650 2498
3651 2497
3652 2498
3653 2498
3654 2498
3655 2498
3656 2498
3657 2498
3658 2498
3659 2498
3660 2498
3661 2498
3662 2498
3663 2498
3664 2500
3665 2497
3666 2498
3667 2498
3668 2498
3669 2498
3670 2497
3671 2498
3672 2498
3673 2498
3674 2498
3675 2498
3676 2498
3677 2498
3678 2498
3679 2498
3680 2498
3681 2499
3682 2497
3683 2497
3684 2497
3685 2497
3686 2497
3687 2497
3688 2497
3689 2497
3690 2497
3691 2497
3692 2497
3693 2498
3694 2497
3695 2497
3696 2498
3697 2498
3698 2497
3699 2497
3700 2498
3701 2497
3702 2498
3703 2498
3704 2498
3705 2498
3706 2498
3707 2498
3708 2498
3709 2497
3710 2498
3711 2498
3712 2498
3713 2498
3714 2498
3715 2498
3716 2498
3717 2498
3718 2498
3719 2498
3720 2498
3721 2498
3722 2498
3723 2498
3724 2498
3725 2498
3726 2498
3727 2498
3728 2498
3729 2498
3730 2498
3731 2498
3732 2498
3733 2498
3734 2498
3735 2498
3736 2498
3737 2498
3738 2498
3739 2498
3740 2497
3741 2497
3742 2498
3743 2498
3744 2498
3745 2498
3746 2498
3747 2498
3748 2498
3749 2498
3750 2498
3751 2497
3752 2497
3753 2497
3754 2497
3755 2497
3756 2497
3757 2497
3758 2497
3759 2497
3760 2497
3761 2497
3762 2497
3763 2497
3764 2497
3765 2497
3766 2497
3767 2497
3768 2497
3769 2497
3770 2497
3771 2497
3772 2497
3773 2497
3774 2497
3775 2497
3776 2497
3777 2497
3778 2497
3779 2498
3780 2497
3781 2497
3782 2497
3783 2497
3784 2497
3785 2497
3786 2497
3787 2497
3788 2497
3789 2497
3790 2497
3791 2497
3792 2497
3793 2497
3794 2498
3795 2498
3796 2498
3797 2498
3798 2498
3799 2498
3800 2498
3801 2498
3802 2498
3803 2498
3804 2498
3805 2498
3806 2498
3807 2498
3808 2498
3809 2498
3810 2498
3811 2498
3812 2498
3813 2498
3814 2498
3815 2498
3816 2498
3817 2498
3818 2498
3819 2498
3820 2498
3821 2498
3822 2498
3823 2498
3824 2498
3825 2498
3826 2498
3827 2498
3828 2498
3829 2498
3830 2498
3831 2498
3832 2499
3833 2499
3834 2499
3835 2499
3836 2499
3837 2499
3838 2499
3839 2499
3840 2499
3841 2499
3842 2499
3843 2499
3844 2499
3845 2499
3846 2499
3847 2499
3848 2499
3849 2499
3850 2499
3851 2499
3852 2499
3853 2499
3854 2498
3855 2498
3856 2498
3857 2498
3858 2498
3859 2498
3860 2498
3861 2498
3862 2498
3863 2498
3864 2498
3865 2498
3866 2498
3867 2498
3868 2498
3869 2498
3870 2498
3871 2498
3872 2498
3873 2498
3874 2498
3875 2498
3876 2498
3877 2498
3878 2498
3879 2498
3880 2498
3881 2498
3882 2498
3883 2498
3884 2498
3885 2498
3886 2498
3887 2497
3888 2497
3889 2497
3890 2497
3891 2497
3892 2497
3893 2497
3894 2497
3895 2497
3896 2497
3897 2497
3898 2497
3899 2497
3900 2497
3901 2497
3902 2497
3903 2497
3904 2497
3905 2496
3906 2496
3907 2497
3908 2496
3909 2496
3910 2497
3911 2496
3912 2497
3913 2496
3914 2496
3915 2497
3916 2496
3917 2496
3918 2496
3919 2496
3920 2496
3921 2496
3922 2496
3923 2496
3924 2496
3925 2496
3926 2496
3927 2496
3928 2496
3929 2496
3930 2496
3931 2496
3932 2495
3933 2495
3934 2495
3935 2495
3936 2495
3937 2495
3938 2495
3939 2495
3940 2495
3941 2495
3942 2495
3943 2495
3944 2495
3945 2495
3946 2495
3947 2495
3948 2495
3949 2495
3950 2495
3951 2495
3952 2495
3953 2495
3954 2495
3955 2495
3956 2495
3957 2495
3958 2495
3959 2495
3960 2495
3961 2495
3962 2495
3963 2495
3964 2495
3965 2495
3966 2495
3967 2495
3968 2495
3969 2495
3970 2495
3971 2495
3972 2495
3973 2495
3974 2495
3975 2495
3976 2495
3977 2495
3978 2495
3979 2495
3980 2494
3981 2494
3982 2494
3983 2494
3984 2494
3985 2494
3986 2494
3987 2494
3988 2494
3989 2494
3990 2494
3991 2494
3992 2494
3993 2494
3994 2494
3995 2494
3996 2494
3997 2494
3998 2494
3999 2494
4000 2494
4001 2494
4002 2494
4003 2494
4004 2494
4005 2494
4006 2494
4007 2494
4008 2494
4009 2494
4010 2494
4011 2494
4012 2493
4013 2493
4014 2494
4015 2494
4016 2494
4017 2495
4018 2495
4019 2495
4020 2493
4021 2493
4022 2493
4023 2493
4024 2493
4025 2493
4026 2493
4027 2493
4028 2493
4029 2493
4030 2493
4031 2493
4032 2493
4033 2493
4034 2493
4035 2493
4036 2493
4037 2493
4038 2493
4039 2493
4040 2493
4041 2493
4042 2493
4043 2493
4044 2493
4045 2493
4046 2493
4047 2493
4048 2493
4049 2493
4050 2493
4051 2493
4052 2493
4053 2493
4054 2493
4055 2493
4056 2493
4057 2493
4058 2492
4059 2493
4060 2493
4061 2493
4062 2492
4063 2492
4064 2493
4065 2493
4066 2492
4067 2493
4068 2493
4069 2493
4070 2493
4071 2493
4072 2493
4073 2493
4074 2493
4075 2493
4076 2493
4077 2493
4078 2493
4079 2493
4080 2493
4081 2493
4082 2493
4083 2492
4084 2493
4085 2493
4086 2493
4087 2493
4088 2493
4089 2493
4090 2493
4091 2493
4092 2493
4093 2493
4094 2493
4095 2493
4096 2493
4097 2493
4098 2493
4099 2493
4100 2493
4101 2492
4102 2492
4103 2492
4104 2492
4105 2492
4106 2492
4107 2492
4108 2492
4109 2493
4110 2492
4111 2492
4112 2492
4113 2492
4114 2492
4115 2492
4116 2492
4117 2492
4118 2493
4119 2493
4120 2492
4121 2492
4122 2492
4123 2492
4124 2492
4125 2492
4126 2492
4127 2492
4128 2492
4129 2492
4130 2492
4131 2492
4132 2491
4133 2491
4134 2491
4135 2492
4136 2492
4137 2492
4138 2492
4139 2492
4140 2492
4141 2492
4142 2492
4143 2492
4144 2492
4145 2492
4146 2492
4147 2492
4148 2492
4149 2492
4150 2492
4151 2492
4152 2492
4153 2492
4154 2492
4155 2492
4156 2492
4157 2492
4158 2492
4159 2492
4160 2492
4161 2492
4162 2492
4163 2492
4164 2492
4165 2492
4166 2492
4167 2492
4168 2491
4169 2491
4170 2491
4171 2491
4172 2491
4173 2491
4174 2491
4175 2491
4176 2491
4177 2490
4178 2491
4179 2491
4180 2491
4181 2491
4182 2491
4183 2491
4184 2491
4185 2491
4186 2491
4187 2491
4188 2491
4189 2491
4190 2491
4191 2491
4192 2491
4193 2491
4194 2491
4195 2491
4196 2491
4197 2491
4198 2491
4199 2491
4200 2491
4201 2491
4202 2491
4203 2491
4204 2491
4205 2491
4206 2491
4207 2491
4208 2491
4209 2491
4210 2491
4211 2492
4212 2491
4213 2491
4214 2491
4215 2491
4216 2491
4217 2491
4218 2491
4219 2491
4220 2491
4221 2490
4222 2490
4223 2490
4224 2490
4225 2490
4226 2490
4227 2490
4228 2490
4229 2490
4230 2490
4231 2490
4232 2490
4233 2490
4234 2490
4235 2490
4236 2490
4237 2490
4238 2490
4239 2490
4240 2490
4241 2490
4242 2490
4243 2490
4244 2490
4245 2490
4246 2490
4247 2490
4248 2490
4249 2490
4250 2490
4251 2490
4252 2489
4253 2489
4254 2489
4255 2489
4256 2489
4257 2489
4258 2489
4259 2489
4260 2489
4261 2489
4262 2488
4263 2489
4264 2489
4265 2488
4266 2489
4267 2488
4268 2488
4269 2488
4270 2489
4271 2489
4272 2488
4273 2488
4274 2488
4275 2488
4276 2488
4277 2488
4278 2488
4279 2488
4280 2488
4281 2488
4282 2488
4283 2488
4284 2488
4285 2488
4286 2488
4287 2488
4288 2488
4289 2488
4290 2488
4291 2488
4292 2488
4293 2488
4294 2488
4295 2488
4296 2488
4297 2488
4298 2488
4299 2488
4300 2488
4301 2488
4302 2489
4303 2489
4304 2489
4305 2488
4306 2488
4307 2488
4308 2488
4309 2488
4310 2488
4311 2489
4312 2488
4313 2488
4314 2488
4315 2488
4316 2488
4317 2488
4318 2488
4319 2488
4320 2488
4321 2488
4322 2489
4323 2488
4324 2488
4325 2488
4326 2488
4327 2488
4328 2488
4329 2488
4330 2489
4331 2489
4332 2488
4333 2488
4334 2488
4335 2488
4336 2488
4337 2489
4338 2488
4339 2488
4340 2488
4341 2488
4342 2488
4343 2489
4344 2489
4345 2488
4346 2488
4347 2488
4348 2488
4349 2488
4350 2488
4351 2488
4352 2488
4353 2488
4354 2487
4355 2487
4356 2487
4357 2488
4358 2487
4359 2488
4360 2488
4361 2488
4362 2488
4363 2488
4364 2488
4365 2488
4366 2488
4367 2488
4368 2488
4369 2487
4370 2488
4371 2487
4372 2487
4373 2488
4374 2488
4375 2487
4376 2487
4377 2487
4378 2487
4379 2487
4380 2487
4381 2487
4382 2487
4383 2487
4384 2486
4385 2487
4386 2486
4387 2486
4388 2486
4389 2486
4390 2486
4391 2487
4392 2486
4393 2487
4394 2487
4395 2486
4396 2486
4397 2486
4398 2486
4399 2486
4400 2486
4401 2486
4402 2486
4403 2486
4404 2486
4405 2486
4406 2486
4407 2486
4408 2486
4409 2485
4410 2486
4411 2486
4412 2485
4413 2486
4414 2485
4415 2486
4416 2486
4417 2485
4418 2486
4419 2485
4420 2485
4421 2486
4422 2485
4423 2486
4424 2485
4425 2485
4426 2485
4427 2485
4428 2486
4429 2486
4430 2487
4431 2486
4432 2485
4433 2485
4434 2485
4435 2485
4436 2485
4437 2485
4438 2484
4439 2486
4440 2486
4441 2485
4442 2489
4443 2485
4444 2485
4445 2485
4446 2485
4447 2485
4448 2485
4449 2485
4450 2485
4451 2485
4452 2485
4453 2485
4454 2485
4455 2486
4456 2485
4457 2485
4458 2485
4459 2485
4460 2485
4461 2485
4462 2485
4463 2485
4464 2485
4465 2485
4466 2485
4467 2485
4468 2485
4469 2485
4470 2485
4471 2485
4472 2485
4473 2485
4474 2485
4475 2485
4476 2485
4477 2485
4478 2485
4479 2486
4480 2486
4481 2485
4482 2485
4483 2485
4484 2485
4485 2485
4486 2484
4487 2485
4488 2484
4489 2485
4490 2485
4491 2484
4492 2485
4493 2485
4494 2485
4495 2485
4496 2485
4497 2485
4498 2485
4499 2485
4500 2485
4501 2485
4502 2485
4503 2485
4504 2484
4505 2484
4506 2484
4507 2489
4508 2484
4509 2491
4510 2484
4511 2484
4512 2486
4513 2484
4514 2485
4515 2484
4516 2484
4517 2483
4518 2484
4519 2484
4520 2484
4521 2483
4522 2483
4523 2483
4524 2483
4525 2483
4526 2483
4527 2483
4528 2483
4529 2483
4530 2483
4531 2484
4532 2483
4533 2483
4534 2484
4535 2484
4536 2483
4537 2483
4538 2483
4539 2484
4540 2483
4541 2482
4542 2483
4543 2482
4544 2482
4545 2482
4546 2482

2956 2553
2957 2548
2958 2552
2959 2552
2960 2549
2961 2549
2962 2549
2963 2549
2964 2560
2965 2547
2966 2550
2967 2548
2968 2554
2969 2551
2970 2548
2971 2558
2972 2554
2973 2548
2974 2549
2975 2555
2976 2556
2977 2554
2978 2552
2979 2548
2980 2549
2981 2549
2982 2556
2983 2551
2984 2552
2985 2545
2986 2554
2987 2553
2988 2547
2989 2551
2990 2548
2991 2552
2992 2550
2993 2551
2994 2549
2995 2546
2996 2548
2997 2556
2998 2550
2999 2552
3000 2551
3001 2556
3002 2550
3003 2550
3004 2550
3005 2549
3006 2550
3007 2551
3008 2543
3009 2544
3010 2543
3011 2550
3012 2548
3013 2543
3014 2555
3015 2550
3016 2550
3017 2550
3018 2556
3019 2553
3020 2554
3021 2549
3022 2542
3023 2549
3024 2542
3025 2549
3026 2549
3027 2548
3028 2555
3029 2544
3030 2549
3031 2553
3032 2542
3033 2554
3034 2550
3035 2547
3036 2553
3037 2551
3038 2551
3039 2544
3040 2546
3041 2550
3042 2548
3043 2549
3044 2548
3045 2541
3046 2547
3047 2547
3048 2549
3049 2548
3050 2550
3051 2547
3052 2550
3053 2548
3054 2549
3055 2540
3056 2553
3057 2548
3058 2547
3059 2548
3060 2548
3061 2544
3062 2550
3063 2545
3064 2541
3065 2547
3066 2547
3067 2547
3068 2553
3069 2550
3070 2547
3071 2548
3072 2539
3073 2538
3074 2546
3075 2538
3076 2552
3077 2548
3078 2547
3079 2545
3080 2546
3081 2552
3082 2544
3083 2545
3084 2545
3085 2545
3086 2546
3087 2550
3088 2542
3089 2543
3090 2548
3091 2545
3092 2548
3093 2544
3094 2542
3095 2547
3096 2544
3097 2547
3098 2549
3099 2543
3100 2542
3101 2543
3102 2542
3103 2544
3104 2539
3105 2543
3106 2543
3107 2544
3108 2543
3109 2546
3110 2543
3111 2542
3112 2544
3113 2546
3114 2545
3115 2544
3116 2545
3117 2536
3118 2538
3119 2535
3120 2535
3121 2539
3122 2542
3123 2540
3124 2547
3125 2547
3126 2543
3127 2539
3128 2539
3129 2543
3130 2546
3131 2546
3132 2545
3133 2539
3134 2534
3135 2533
3136 2542
3137 2539
3138 2542
3139 2534
3140 2545
3141 2547
3142 2546
3143 2547
3144 2541
3145 2536
3146 2541
3147 2543
3148 2533
3149 2541
3150 2537
3151 2542
3152 2544
3153 2541
3154 2541
3155 2540
3156 2540
3157 2541
3158 2542
3159 2542
3160 2546
3161 2533
3162 2537
3163 2541
3164 2541
3165 2541
3166 2540
3167 2543
3168 2544
3169 2546
3170 2542
3171 2542
3172 2541
3173 2542
3174 2541
3175 2540
3176 2540
3177 2543
3178 2544
3179 2543
3180 2541
3181 2542
3182 2542
3183 2531
3184 2542
3185 2541
3186 2541
3187 2541
3188 2542
3189 2542
3190 2541
3191 2545
3192 2545
3193 2540
3194 2540
3195 2541
3196 2544
3197 2541
3198 2541
3199 2532
3200 2540
3201 2540
3202 2540
3203 2541
3204 2544
3205 2543
3206 2530
3207 2531
3208 2534
3209 2540
3210 2535
3211 2533
3212 2537
3213 2544
3214 2539
3215 2542
3216 2540
3217 2539
3218 2539
3219 2539
3220 2538
3221 2537
3222 2539
3223 2539
3224 2538
3225 2541
3226 2543
3227 2543
3228 2541
3229 2543
3230 2538
3231 2539
3232 2540
3233 2543
3234 2539
3235 2531
3236 2537
3237 2529
3238 2537
3239 2539
3240 2538
3241 2538
3242 2539
3243 2539
3244 2539
3245 2538
3246 2538
3247 2538
3248 2538
3249 2538
3250 2541
3251 2538
3252 2539
3253 2540
3254 2542
3255 2536
3256 2536
3257 2539
3258 2537
3259 2531
3260 2531
3261 2537
3262 2537
3263 2529
3264 2530
3265 2539
3266 2532
3267 2537
3268 2537
3269 2541
3270 2538
3271 2537
3272 2537
3273 2536
3274 2537
3275 2537
3276 2537
3277 2537
3278 2533
3279 2532
3280 2537
3281 2538
3282 2535
3283 2538
3284 2537
3285 2537
3286 2530
3287 2532
3288 2534
3289 2535
3290 2536
3291 2535
3292 2533
3293 2534
3294 2535
3295 2528
3296 2538
3297 2536
3298 2527
3299 2534
3300 2534
3301 2533
3302 2535
3303 2534
3304 2533
3305 2533
3306 2535
3307 2535
3308 2534
3309 2535
3310 2531
3311 2531
3312 2534
3313 2532
3314 2527
3315 2535
3316 2535
3317 2534
3318 2534
3319 2535
3320 2542
3321 2537
3322 2536
3323 2537
3324 2538
3325 2539
3326 2539
3327 2539
3328 2540
3329 2540
3330 2540
3331 2540
3332 2540
3333 2540
3334 2541
3335 2541
3336 2541
3337 2540
3338 2539
3339 2538
3340 2543
3341 2536
3342 2541
3343 2541
3344 2547
3345 2540
3346 2541
3347 2538
3348 2540
3349 2540
3350 2539
3351 2544
3352 2540
3353 2544
3354 2539
3355 2539
3356 2539
3357 2539
3358 2539
3359 2539
3360 2538
3361 2544
3362 2542
3363 2538
3364 2540
3365 2543
3366 2539
3367 2538
3368 2539
3369 2537
3370 2539
3371 2541
3372 2539
3373 2539
3374 2541
3375 2542
3376 2536
3377 2539
3378 2538
3379 2538
3380 2539
3381 2542
3382 2538
3383 2543
3384 2531
3385 2538
3386 2538
3387 2540
3388 2537
3389 2539
3390 2540
3391 2539
3392 2538
3393 2536
3394 2537
3395 2540
3396 2539
3397 2538
3398 2538
3399 2537
3400 2537
3401 2539
3402 2537
3403 2537
3404 2539
3405 2537
3406 2537
3407 2539
3408 2538
3409 2536
3410 2538
3411 2535
3412 2530
3413 2538
3414 2538
3415 2538
3416 2541
3417 2538
3418 2544
3419 2540
3420 2537
3421 2537
3422 2535
3423 2537
3424 2537
3425 2538
3426 2538
3427 2537
3428 2537
3429 2536
3430 2540
3431 2542
3432 2540
3433 2538
3434 2541
3435 2536
3436 2537
3437 2536
3438 2535
3439 2537
3440 2537
3441 2538
3442 2539
3443 2538
3444 2538
3445 2538
3446 2537
3447 2535
3448 2541
3449 2539
3450 2537
3451 2536
3452 2536
3453 2536
3454 2535
3455 2529
3456 2529
3457 2529
3458 2535
3459 2532
3460 2536
3461 2533
3462 2534
3463 2537
3464 2536
3465 2543
3466 2537
3467 2536
3468 2534
3469 2536
3470 2537
3471 2542
3472 2535
3473 2536
3474 2536
3475 2535
3476 2534
3477 2536
3478 2536
3479 2536
3480 2535
3481 2535
3482 2535
3483 2535
3484 2535
3485 2535
3486 2535
3487 2536
3488 2537
3489 2533
3490 2534
3491 2535
3492 2534
3493 2534
3494 2534
3495 2533
3496 2533
3497 2534
3498 2534
3499 2535
3500 2541
3501 2536
3502 2534
3503 2533
3504 2533
3505 2533
3506 2532
3507 2531
3508 2535
3509 2540
3510 2537
3511 2534
3512 2541
3513 2532
3514 2530
3515 2537
3575 2527
3576 2526
3577 2526
3578 2526
3579 2527
3580 2527
3581 2527
3582 2526
3583 2526
3584 2527
3585 2526
3586 2531
3587 2526
3588 2534
3589 2526
3590 2527
3591 2527
3592 2527
3593 2526
3594 2525
3595 2526
3596 2526
3597 2527
3598 2526
3599 2522
3600 2526
3601 2529
3602 2527
3603 2526
3604 2528
3605 2527
3606 2525
3607 2527
3608 2526
3609 2527
3610 2527
3611 2526
3612 2526
3613 2527
3614 2526
3615 2526
3616 2526
3617 2527
3618 2525
3619 2527
3620 2525
3621 2526
3622 2525
3623 2530
3624 2526
3625 2523
3626 2525
3627 2526
3628 2526
3629 2525
3630 2526
3631 2533
3632 2531
3633 2522
3634 2526
3635 2525
3636 2520
3637 2525
3638 2525
3639 2528
3640 2529
3641 2533
3642 2525
3643 2524
3644 2526
3645 2523
3646 2523
3647 2524
3648 2533
3649 2532
3650 2519
3651 2525
3652 2524
3653 2525
3654 2526
3655 2525
3656 2526
3657 2526
3658 2521
3659 2519
3660 2526
3661 2528
3662 2529
3663 2521
3664 2520
3665 2530
3666 2528
3667 2525
3668 2526
3669 2533
3670 2525
3671 2526
3672 2531
3673 2525
3674 2525
3675 2525
3676 2525
3677 2524
3678 2525
3679 2526
3680 2524
3681 2525
3682 2526
3683 2533
3684 2534
3685 2522
3686 2523
3687 2522
3688 2523
3689 2524
3690 2529
3691 2528
3692 2523
3693 2527
3694 2527
3695 2522
3696 2522
3697 2518
3698 2522
3699 2523
3700 2523
3701 2523
3702 2522
3703 2522
3704 2525
3705 2520
3706 2522
3707 2522
3708 2514
3709 2523
3710 2525
3711 2523
3712 2523
3713 2525
3714 2523
3715 2526
3716 2520
3717 2520
3718 2521
3719 2513
3720 2521
3721 2521
3722 2518
3723 2520
3724 2521
3725 2520
3726 2513
3727 2519
3728 2520
3729 2522
3730 2522
3731 2521
3732 2522
3733 2513
3734 2521
3735 2521
3736 2522
3737 2519
3738 2519
3739 2519
3740 2519
3741 2520
3742 2520
3743 2519
3744 2519
3745 2520
3746 2520
3747 2519
3748 2520
3749 2523
3750 2519
3751 2519
3752 2520
3753 2520
3754 2525
3755 2520
3756 2521
3757 2520
3758 2521
3759 2521
3760 2520
3761 2520
3762 2526
3763 2521
3764 2521
3765 2516
3766 2516
3767 2522
3768 2522
3769 2525
3770 2523
3771 2521
3772 2528
3773 2527
3774 2522
3775 2523
3776 2521
3777 2523
3778 2522
3779 2519
3780 2528
3781 2527
3782 2526
3783 2519
3784 2517
3785 2524
3786 2521
3787 2517
3788 2519
3789 2520
3790 2525
3791 2517
3792 2528
3793 2525
3794 2525
3795 2522
3796 2523
3797 2519
3798 2520
3799 2520
3800 2517
3801 2519
3802 2523
3803 2520
3804 2520
3805 2518
3806 2513
3807 2517
3808 2517
3809 2523
3810 2522
3811 2517
3812 2518
3813 2517
3814 2521
3815 2514
3816 2516
3817 2510
3818 2514
3819 2516
3820 9999
3821 9999
3822 2511
3823 2512
3824 2514
3825 2514
3826 9999
3827 9999
3828 9999
3829 9999
3830 2513
3831 2512
3832 2511
3833 9999
3834 9999
3835 9999
3836 9999
3837 9999
3838 9999
3839 9999
3840 9999
3841 9999
3842 9999
3843 9999
3844 9999
3845 9999
3846 9999
3847 9999
3848 9999
3849 9999
3850 9999
3851 9999
3852 9999
3853 9999
3854 9999
3855 9999
3856 9999
3857 9999
3858 9999
3859 9999
3860 9999
3861 9999
3862 9999
3863 9999
3864 9999
3865 9999
3866 9999
3867 9999
3868 9999
3869 9999
3870 9999
3871 9999
3872 9999
3873 9999
3874 9999
3875 9999
3876 9999
3877 9999
3878 9999
3879 9999
3880 9999
3881 9999
3882 9999
3883 9999
3884 9999
3885 9999
3886 9999
3887 9999
3888 9999
3889 9999
3890 9999
3891 2509
3892 9999
3893 2509
3894 9999
3895 9999
3896 9999
3897 9999
3898 9999
3899 9999
3900 9999
3901 9999
3902 9999
3903 9999
3904 9999
3905 9999
3906 9999
3907 9999
3908 2508
3909 9999
3910 9999
3911 9999
3912 9999
3913 9999
3914 9999
3915 9999
3916 9999
3917 2508
3918 2508
3919 2508
3920 9999
3921 9999
3922 9999
3923 9999
3924 9999
3925 9999
3926 9999
3927 9999
3928 9999
3929 9999
3930 9999
3931 9999
3932 2507
3933 2507
3934 2507
3935 2507
3936 2507
3937 9999
3938 9999
3939 9999
3940 9999
3941 9999
3942 9999
3943 9999
3944 9999
3945 2508
3946 9999
3947 9999
3948 9999
3949 9999
3950 9999
3951 2507
3952 2507
3953 2507
3954 9999
3955 9999
3956 2507
3957 9999
3958 9999
3959 9999
3960 9999
3961 9999
3962 9999
3963 9999
3964 9999
3965 9999
3966 9999
3967 9999
3968 9999
3969 9999
3970 9999
3971 9999
3972 2507
3973 2507
3974 9999
3975 9999
3976 9999
3977 9999
3978 9999
3979 9999
3980 9999
3981 9999
3982 9999
3983 9999
3984 2506
3985 9999
3986 9999
3987 9999
3988 9999
3989 2506
3990 9999
3991 9999
3992 9999
3993 2506
3994 9999
3995 9999
3996 9999
3997 9999
3998 9999
3999 9999
4000 9999
4001 9999
4002 9999
4003 9999
4004 9999
4005 9999
4006 9999
4007 9999
4008 9999
4009 9999
4010 9999
4011 9999
4012 9999
4013 9999
4014 9999
4015 9999
4016 9999
4017 9999
4018 9999
4019 9999
4020 9999
4021 9999
4022 9999
4023 9999
4024 9999
4025 9999
4026 9999
4027 9999
4028 9999
4029 9999
4030 9999
4031 9999
4032 9999
4033 9999
4034 9999
4035 9999
4036 9999
4037 9999
4038 9999
4039 9999
4040 9999
4041 9999
4042 9999
4043 9999
4044 9999
4045 9999
4046 9999
4047 9999
4048 9999
4089 9999
4090 9999
4091 9999
4092 9999
4093 9999
4094 9999
4095 2505
4096 2506
4097 2515
4098 2508
4099 2515
4100 2514
4101 2514
4102 2515
4103 2515
4104 2516
4105 2514
4106 2514
4107 2515
4108 2515
4109 2516
4110 2512
4111 2513
4112 2510
4113 2511
4114 2510
4115 2507
4116 2511
4117 2505
4118 9999
4119 2505
4120 2504
4121 9999
4122 9999
4123 9999
4124 9999
4274 2507
4275 2507
4276 2506
4277 2507
4278 2506
4279 2507
4280 2507
4281 2506
4282 2506
4283 9999
4284 2506
4285 2506
4286 2507
4287 2509
4288 2500
4289 2505
4290 2503
4291 2507
4292 2505
4293 2505
4294 2506
4295 2506
4296 2505
4297 2505
4298 2506
4299 2507
4300 2506
4301 2506
4302 2506
4303 2507
4304 2507
4305 2506
4306 2507
4307 2500
4308 2507
4309 2506
4310 2507
4311 2506
4312 2507
4313 2507
4314 2507
4315 2507
4316 2507
4317 2506
4318 2506
4319 2506
4320 2506
4321 2501
4322 2501
4323 2501
4324 2512
4325 2501
4326 2501
4327 2502
4328 2504
4329 2503
4330 2503
4331 2512
4332 2502
4333 2504
4334 2513
4335 2503
4336 2507
4337 2511
4338 2511
4339 2512
4340 2511
4341 2518
4342 2509
4343 2510
4344 2509
4345 2509
4346 2515
4347 2511
4348 2505
4349 2509
4350 2510
4351 2509
4352 2509
4353 2509
4354 2507
4355 2511
4356 2509
4357 2507
4358 2511
4359 2510
4360 2511
4361 2510
4362 2507
4363 2513
4364 2515
4365 2518
4366 2507
4367 2516
4368 2518
4369 2513
4370 2512
4371 2516
4372 2518
4373 2517
4374 2511
4375 2511
4376 2510
4377 2509
4378 2513
4379 2516
4380 2517
4381 2516
4382 2516
4383 2516
4384 2515
4385 2516
4386 2515
4387 2512
4388 2511
4389 2512
4390 2511
4391 2513
4392 2514
4393 2519
4394 2510
4395 2515
4396 2513
4397 2511
4398 2513
4399 2521
4400 2514
4401 2510
4402 2512
4403 2515
4404 2513
4405 2510
4406 2511
4407 2516
4408 2511
4409 2513
4410 2513
4411 2515
4412 2513
4413 2517
4414 2514
4415 2514
4416 2514
4417 2514
4418 2514
4419 2514
4420 2514
4421 2513
4422 2514
4423 2514
4424 2512
4425 2509
4426 2512
4427 2521
4428 2511
4429 2516
4430 2513
4431 2513
4432 2513
4433 2512
4434 2515
4435 2512
4436 2510
4437 2509
4438 2512
4439 2513
4440 2509
4441 2516
4442 2517
4443 2517
4444 2517
4445 2512
4446 2512
4447 2517
4448 2511
4449 2510
4450 2512
4451 2515
4452 2511
4453 2512
4454 2512
4455 2509
4456 2512
4457 2510
4458 2504
4459 2504
4460 2503
4461 2504
4462 2504
4463 2503
4464 2503
4465 2503
4466 2502
4467 2504
4468 2506
4469 2510
4470 2503
4471 2504
4472 2499
4473 2509
4474 2498
4475 2499
4476 2509
4477 2499
4478 2501
4479 2499
4480 2499
4481 2504
4482 2514
4483 2508
4484 2513
4485 2515
4486 2509
4487 2511
4488 2503
4489 2509
4490 2508
4491 2509
4492 2509
4493 2510
4494 2511
4495 2512
4496 2512
4497 2512
4498 2512
4499 2505
4500 2511
4501 2513
4502 2513
4503 2513
4504 2512
4505 2516
4506 2519
4507 2511
4508 2515
4509 2518
4510 2518

