300 2550
301 2549
302 2550
303 2551
304 2550
305 2550
306 2550
307 2554
308 2550
309 2550
310 2550
311 2551
312 2550
313 2550
314 2549
315 2549
316 2549
317 2549
318 2549
319 2549
320 2549
321 2550
322 2550
323 2550
324 2549
325 2549
326 2549
327 2549
328 2549
329 2549
330 2549
331 2549
332 2549
333 2549
334 2549
335 2549
336 2549
337 2549
338 2549
339 2549
340 2549
341 2549
342 2549
343 2549
344 2549
345 2549
346 2549
347 2549
348 2549
349 2549
350 2549
351 2549
352 2549
353 2549
354 2549
355 2550
356 2549
357 2549
358 2549
359 2549
360 2551
361 2553
362 2549
363 2549
364 2549
365 2551
366 2549
367 2548
368 2550
369 2551
370 2552
371 2554
372 2552
373 2551
374 2550
375 2549
376 2549
377 2552
378 2550
379 2553
380 2553
381 2549
382 2548
383 2550
384 2551
385 2550
386 2547
387 2549
388 2548
389 2548
390 2549
391 2554
392 2552
393 2552
394 2548
395 2548
396 2548
397 2554
398 2548
399 2549
400 2549
401 2549
402 2549
403 2550
404 2548
405 2552
406 2548
407 2551
408 2549
409 2549
410 2549
411 2549
412 2550
413 2549
414 2547
415 2551
416 2549
417 2549
418 2550
419 2549
420 2548
421 2548
422 2552
423 2548
424 2547
425 2548
426 2548
427 2548
428 2551
429 2548
430 2549
431 2550
432 2548
433 2549
434 2549
435 2548
436 2550
437 2550
438 2547
439 2551
440 2550
441 2549
442 2548
443 2548
444 2548
445 2548
446 2547
447 2548
448 2548
449 2548
450 2548
451 2550
452 2548
453 2548
454 2549
455 2548
456 2553
457 2548
458 2548
459 2551
460 2551
461 2548
462 2548
463 2548
464 2548
465 2547
466 2547
467 2550
468 2548
469 2549
470 2549
471 2548
472 2548
473 2548
474 2548
475 2548
476 2547
477 2547
478 2548
479 2548
480 2548
481 2548
482 2548
483 2547
484 2548
485 2550
486 2549
487 2550
488 2551
489 2548
490 2547
491 2548
492 2554
493 2550
494 2550
495 2548
496 2550
497 2551
498 2551
499 2548
500 2548
501 2548
502 2547
503 2547
504 2547
505 2548
506 2551
507 2546
508 2549
509 2548
510 2548
511 2547
512 2548
513 2547
514 2547
515 2547
516 2546
517 2546
518 2544
519 2546
520 2546
521 2545
522 2545
523 2545
524 2545
525 2545
526 2545
527 2545
528 2544
529 2552
530 2545
531 2545
532 2544
533 2545
534 2546
535 2546
536 2546
537 2547
538 2547
539 2545
540 2546
541 2545
542 2546
543 2545
544 2545
545 2545
546 2543
547 2545
548 2545
549 2545
550 2546
551 2548
552 2544
553 2545
554 2545
555 2545
556 2544
557 2546
558 2547
559 2544
560 2545
561 2544
562 2545
563 2544
564 2544
565 2545
566 2545
567 2544
568 2545
569 2544
570 2544
571 2543
572 2543
573 2544
574 2544
575 2544
576 2544
577 2544
578 2545
579 2545
580 2544
581 2544
582 2545
583 2543
584 2544
585 2544
586 2544
587 2545
588 2544
589 2544
590 2544
591 2543
592 2543
593 2543
594 2542
595 2543
596 2544
597 2543
598 2543
599 2544
600 2544
601 2543
602 2544
603 2545
604 2544
605 2543
606 2543
607 2543
608 2543
609 2544
610 2545
611 2545
612 2549
613 2545
614 2545
615 2545
616 2543
617 2545
618 2546
619 2545
620 2546
621 2545
622 2545
623 2549
624 2544
625 2543
626 2544
627 2544
628 2545
629 2547
630 2542
631 2544
632 2546
633 2548
634 2545
635 2545
636 2545
637 2550
638 2545
639 2547
640 2549
641 2549
642 2545
643 2544
644 2543
645 2544
646 2547
647 2545
648 2545
649 2545
650 2546
651 2545
652 2545
653 2544
654 2545
655 2544
656 2540
657 2544
658 2543
659 2542
660 2545
661 2544
662 2544
663 2543
664 2544
665 2543
666 2543
667 2543
668 2543
669 2543
670 2543
671 2543
672 2545
673 2543
674 2545
675 2549
676 2545
677 2545
678 2545
679 2544
680 2544
681 2544
682 2544
683 2544
684 2545
685 2543
686 2543
687 2544
688 2546
689 2544
690 2544
691 2544
692 2544
693 2543
694 2543
695 2543
696 2543
697 2543
698 2544
699 2547
700 2543
701 2544
702 2544
703 2544
704 2543
705 2545
706 2545
707 2544
708 2544
709 2544
710 2544
711 2544
712 2544
713 2543
714 2543
715 2543
716 2546
717 2546
718 2543
719 2547
720 2545
721 2543
722 2542
723 2547
724 2546
725 2544
726 2545
727 2544
728 2543
729 2544
730 2543
731 2546
732 2544
733 2543
734 2544
735 2544
736 2543
737 2543
738 2542
739 2543
740 2544
741 2543
742 2543
743 2543
744 2543
745 2544
746 2543
747 2551
748 2551
749 2537
750 2539
751 2538
752 2537
753 2536
754 2536
755 2542
756 2534
757 2534
758 2534
759 2544
760 2534
761 2534
762 2534
763 2534
764 2533
765 2539
766 2535
767 2534
768 2536
769 2534
770 2539
771 2538
772 2535
773 2535
774 2538
775 2536
776 2535
777 2535
778 2535
779 2542
780 2536
781 2536
782 2537
783 2537
784 2541
785 2542
786 2536
787 2537
788 2539
789 2538
790 2539
791 2540
792 2537
793 2538
794 2541
795 2535
796 2535
797 2541
798 2538
799 2537
800 2548
801 2541
802 2542
803 2543
804 2542
805 2539
806 2539
807 2540
808 2541
809 2543
810 2542
811 2544
812 2545
813 2545
814 2540
815 2541
816 2540
817 2540
818 2541
819 2539
820 2539
821 2539
822 2540
823 2540
824 2539
825 2539
826 2539
827 2539
828 2539
829 2539
830 2538
831 2536
832 2536
833 2534
834 2541
835 2538
836 2535
837 2535
838 2540
839 2546
840 2532
841 2534
842 2538
843 2538
844 2539
845 2539
846 2540
847 2539
848 2539
849 2539
850 2538
851 2538
852 2537
853 2539
854 2538
855 2537
856 2537
857 2539
858 2539
859 2537
860 2538
861 2538
862 2538
863 2539
864 2539
865 2540
866 2540
867 2542
868 2542
869 2543
870 2542
871 2542
872 2543
873 2544
874 2544
875 2545
876 2541
877 2541
878 2542
879 2540
880 2540
881 2540
882 2544
883 2550
884 2551
885 2539
886 2544
887 2539
888 2540
889 2539
890 2541
891 2549
892 2541
893 2549
894 2540
895 2539
896 2539
897 2541
898 2541
899 2544
900 2540
901 2539
902 2541
903 2540
904 2539
905 2541
906 2540
907 2541
908 2540
909 2542
910 2546
911 2547
912 2546
913 2546
914 2547
915 2543
916 2545
917 2544
918 2545
919 2546
920 2547
921 2554
922 2555
923 2546
924 2546
925 2545
926 2546
927 2546
928 2548
929 2548
930 2555
931 2555
932 2551
933 2551
934 2551
935 2551
936 2556
937 2540
938 2542
939 2543
940 2545
941 2546
942 2546
943 2547
944 2547
945 2546
946 2545
947 2545
948 2544
949 2543
950 2544
951 2546
952 2549
953 2549
954 2548
955 2548
956 2548
957 2548
958 2548
959 2542
960 2547
961 2536
962 2538
963 2540
964 2543
965 2546
966 2547
967 2546
968 2546
969 2545
970 2545
971 2541
972 2554
973 2539
974 2539
975 2540
976 2539
977 2538
978 2539
979 2539
980 2547
981 2541
982 2540
983 2540
984 2549
985 2536
986 2535
987 2536
988 2537
989 2539
990 2538
991 2535
992 2535
993 2542
994 2542
995 2538
996 2538
997 2543
998 2540
999 2540
1000 2539
1001 2540
1002 2540
1003 2542
1004 2544
1005 2540
1006 2540
1007 2540
1008 2540
1009 2539
1010 2540
1011 2540
1012 2540
1013 2540
1014 2540
1015 2540
1016 2540
1017 2540
1018 2540
1019 2540
1020 2540
1021 2540
1022 2539
1023 2539
1024 2539
1025 2539
1026 2538
1027 2538
1028 2538
1029 2539
1030 2537
1031 2538
1032 2538
1033 2538
1034 2537
1035 2537
1036 2537
1037 2537
1038 2537
1039 2538
1040 2538
1041 2538
1042 2540
1043 2538
1044 2539
1045 2539
1046 2538
1047 2538
1048 2537
1049 2537
1050 2537
1051 2536
1052 2537
1053 2537
1054 2537
1055 2537
1056 2537
1057 2537
1058 2537
1059 2537
1060 2536
1061 2537
1062 2537
1063 2538
1064 2537
1065 2536
1066 2537
1067 2537
1068 2537
1069 2537
1070 2537
1071 2537
1072 2537
1073 2537
1074 2537
1075 2537
1076 2537
1077 2537
1078 2536
1079 2536
1080 2536
1081 2537
1082 2537
1083 2537
1084 2537
1085 2537
1086 2537
1087 2538
1088 2541
1089 2542
1090 2534
1091 2538
1092 2537
1093 2539
1094 2537
1095 2538
1096 2538
1097 2538
1098 2537
1099 2537
1100 2538
1101 2539
1102 2537
1103 2538
1104 2537
1105 2538
1106 2542
1107 2538
1108 2538
1109 2534
1110 2534
1111 2540
1112 2545
1113 2540
1114 2540
1115 2541
1116 2540
1117 2540
1118 2540
1119 2540
1120 2539
1121 2542
1122 2544
1123 2542
1124 2543
1125 2544
1126 2542
1127 2542
1128 2545
1129 2545
1130 2545
1131 2544
1132 2547
1133 2545
1134 2545
1135 2541
1136 2537
1137 2548
1138 2542
1139 2552
1140 2537
1141 2537
1142 2539
1143 2539
1144 2540
1145 2539
1146 2540
1147 2541
1148 2539
1149 2540
1150 2539
1151 2542
1152 2542
1153 2541
1154 2541
1155 2540
1156 2538
1157 2538
1158 2539
1159 2540
1160 2539
1161 2538
1162 2537
1163 2540
1164 2536
1165 2536
1166 2536
1167 2537
1168 2537
1169 2538
1170 2537
1171 2541
1172 2540
1173 2540
1174 2540
1175 2536
1176 2542
1177 2549
1178 2534
1179 2537
1180 2537
1181 2534
1182 2535
1183 2535
1184 2536
1185 2536
1186 2535
1187 2533
1188 2534
1189 2537
1190 2538
1191 2540
1192 2532
1193 2534
1194 2533
1195 2533
1196 2531
1197 2537
1198 2539
1199 2544
1200 2542
1201 2533
1202 2534
1203 2534
1204 2535
1205 2539
1206 2540
1207 2535
1208 2538
1209 2535
1210 2527
1211 2544
1212 2532
1213 2532
1214 2530
1215 2532
1216 2526
1217 2530
1218 2542
1219 2538
1220 2536
1221 2537
1222 2537
1223 2538
1224 2537
1225 2537
1226 2537
1227 2538
1228 2536
1229 2535
1230 2537
1231 2536
1232 2535
1233 2536
1234 2534
1235 2535
1236 2541
1237 2546
1238 2540
1239 2539
1240 2539
1241 2542
1242 2542
1243 2532
1244 2533
1245 2535
1246 2536
1247 2538
1248 2539
1249 2539
1250 2539
1251 2540
1252 2545
1253 2540
1254 2539
1255 2543
1256 2546
1257 2544
1258 2545
1259 2542
1260 2542
1261 2541
1262 2540
1263 2538
1264 2538
1265 2538
1266 2538
1267 2538
1268 2538
1269 2538
1270 2538
1271 2537
1272 2538
1273 2538
1274 2538
1275 2537
1276 2541
1277 2541
1278 2538
1279 2538
1280 2535
1281 2538
1282 2538
1283 2538
1284 2538
1285 2538
1286 2538
1287 2537
1288 2537
1289 2537
1290 2538
1291 2538
1292 2538
1293 2538
1294 2538
1295 2538
1296 2538
1297 2543
1298 2539
1299 2540
1300 2539
1301 2538
1302 2538
1303 2538
1304 2538
1305 2542
1306 2542
1307 2538
1308 2538
1309 2538
1310 2539
1311 2538
1312 2539
1313 2538
1314 2543
1315 2542
1316 2537
1317 2538
1318 2538
1319 2538
1320 2538
1321 2539
1322 2537
1323 2538
1324 2538
1325 2539
1326 2538
1327 2538
1328 2538
1329 2538
1330 2539
1331 2538
1332 2539
1333 2540
1334 2540
1335 2539
1336 2539
1337 2538
1338 2538
1339 2539
1340 2538
1341 2539
1342 2541
1343 2539
1344 2540
1345 2543
1346 2538
1347 2538
1348 2538
1349 2538
1350 2537
1351 2538
1352 2538
1353 2538
1354 2537
1355 2538
1356 2539
1357 2539
1358 2538
1359 2538
1360 2538
1361 2540
1362 2539
1363 2537
1364 2538
1365 2539
1366 2543
1367 2538
1368 2542
1369 2538
1370 2538
1371 2543
1372 2539
1373 2538
1374 2538
1375 2538
1376 2538
1377 2542
1378 2545
1379 2537
1380 2543
1381 2538
1382 2538
1383 2538
1384 2539
1385 2539
1386 2538
1387 2538
1388 2537
1389 2538
1390 2538
1391 2538
1392 2539
1393 2539
1394 2539
1395 2538
1396 2539
1397 2539
1398 2538
1399 2539
1400 2538
1401 2538
1402 2538
1403 2537
1404 2538
1405 2544
1406 2543
1407 2539
1408 2538
1409 2538
1410 2539
1411 2537
1412 2539
1413 2538
1414 2538
1415 2538
1416 2538
1417 2537
1418 2539
1419 2538
1420 2543
1421 2537
1422 2537
1423 2538
1424 2537
1425 2538
1426 2539
1427 2539
1428 2537
1429 2538
1430 2539
1431 2539
1432 2538
1433 2538
1434 2539
1435 2539
1436 2540
1437 2538
1438 2541
1439 2539
1440 2539
1441 2548
1442 2539
1443 2543
1444 2545
1445 2546
1446 2546
1447 2545
1448 2544
1449 2537
1450 2537
1451 2538
1452 2539
1453 2538
1454 2539
1455 2547
1456 2545
1457 2544
1458 2549
1459 2541
1460 2538
1461 2537
1462 2536
1463 2543
1464 2535
1465 2535
1466 2541
1467 2537
1468 2545
1469 2537
1470 2546
1471 2549
1472 2539
1473 2538
1474 2537
1475 2537
1476 2547
1477 2537
1478 2537
1479 2536
1480 2539
1481 2539
1482 2536
1483 2536
1484 2538
1485 2537
1486 2537
1487 2534
1488 2534
1489 2534
1490 2535
1491 2532
1492 2534
1493 2535
1494 2536
1495 2537
1496 2538
1497 2544
1498 2544
1499 2543
1500 2542
1501 2539
1502 2538
1503 2536
1504 2536
1505 2535
1506 2536
1507 2537
1508 2538
1509 2537
1510 2542
1511 2536
1512 2542
1513 2543
1514 2538
1515 2542
1516 2538
1517 2539
1518 2537
1519 2537
1520 2541
1521 2536
1522 2536
1523 2536
1524 2536
1525 2541
1526 2543
1527 2537
1528 2542
1529 2537
1530 2541
1531 2541
1532 2538
1533 2535
1534 2535
1535 2535
1536 2543
1537 2535
1538 2536
1539 2546
1540 2547
1541 2536
1542 2535
1543 2536
1544 2536
1545 2535
1546 2535
1547 2535
1548 2540
1549 2535
1550 2535
1551 2535
1552 2535
1553 2536
1554 2535
1555 2535
1556 2546
1557 2534
1558 2535
1559 2534
1560 2535
1561 2538
1562 2543
1563 2535
1564 2539
1565 2546
1566 2542
1567 2535
1568 2541
1569 2537
1570 2536
1571 2536
1572 2536
1573 2536
1574 2534
1575 2536
1576 2541
1577 2540
1578 2537
1579 2536
1580 2535
1581 2537
1582 2544
1583 2535
1584 2535
1585 2535
1586 2535
1587 2539
1588 2541
1589 2536
1590 2534
1591 2536
1592 2535
1593 2535
1594 2535
1595 2534
1596 2535
1597 2535
1598 2534
1599 2538
1600 2537
1601 2534
1602 2534
1603 2537
1604 2535
1605 2535
1606 2539
1607 2540
1608 2535
1609 2539
1610 2538
1611 2534
1612 2538
1613 2535
1614 2541
1615 2534
1616 2534
1617 2534
1618 2533
1619 2539
1620 2541
1621 2534
1622 2534
1623 2534
1624 2534
1625 2534
1626 2536
1627 2536
1628 2540
1629 2539
1630 2535
1631 2539
1632 2536
1633 2536
1634 2536
1635 2536
1636 2540
1637 2536
1638 2536
1639 2536
1640 2536
1641 2536
1642 2540
1643 2536
1644 2540
1645 2537
1646 2536
1647 2535
1648 2536
1649 2535
1650 2539
1651 2535
1652 2535
1653 2535
1654 2535
1655 2538
1656 2542
1657 2535
1658 2536
1659 2537
1660 2539
1661 2537
1662 2536
1663 2536
1664 2535
1665 2540
1666 2534
1667 2540
1668 2537
1669 2537
1670 2536
1671 2535
1672 2535
1673 2535
1674 2536
1675 2535
1676 2536
1677 2535
1678 2535
1679 2540
1680 2541
1681 2537
1682 2541
1683 2541
1684 2535
1685 2538
1686 2536
1687 2544
1688 2542
1689 2535
1690 2536
1691 2536
1692 2538
1693 2534
1694 2539
1695 2534
1696 2535
1697 2535
1698 2536
1699 2536
1700 2536
1701 2535
1702 2535
1703 2535
1704 2535
1705 2535
1706 2536
1707 2536
1708 2535
1709 2535
1710 2539
1711 2535
1712 2535
1713 2536
1714 2535
1715 2535
1716 2536
1717 2537
1718 2534
1719 2534
1720 2534
1721 2540
1722 2535
1723 2535
1724 2540
1725 2534
1726 2535
1727 2535
1728 2534
1729 2535
1730 2534
1731 2534
1732 2535
1733 2535
1734 2535
1735 2535
1736 2535
1737 2541
1738 2535
1739 2535
1740 2541
1741 2535
1742 2534
1743 2535
1744 2535
1745 2535
1746 2535
1747 2535
1748 2535
1749 2536
1750 2543
1751 2537
1752 2534
1753 2534
1754 2539
1755 2539
1756 2539
1757 2532
1758 2538
1759 2533
1760 2532
1761 2532
1762 2532
1763 2532
1764 2532
1765 2532
1766 2533
1767 2533
1768 2533
1769 2533
1770 2533
1771 2533
1772 2533
1773 2533
1774 2533
1775 2533
1776 2536
1777 2535
1778 2532
1779 2534
1780 2532
1781 2532
1782 2533
1783 2533
1784 2534
1785 2533
1786 2523
1787 2525
1788 2522
1789 2523
1790 2522
1791 2523
1792 2536
1793 2534
1794 2531
1795 2529
1796 2537
1797 2532
1798 2532
1799 2533
1800 2532
1801 2532
1802 2530
1803 2527
1804 2528
1805 2535
1806 2535
1807 2533
1808 2534
1809 2534
1810 2534
1811 2534
1812 2534
1813 2534
1814 2536
1815 2535
1816 2540
1817 2535
1818 2534
1819 2534
1820 2534
1821 2534
1822 2536
1823 2539
1824 2533
1825 2538
1826 2535
1827 2533
1828 2534
1829 2534
1830 2533
1831 2533
1832 2533
1833 2541
1834 2533
1835 2533
1836 2535
1837 2537
1838 2534
1839 2534
1840 2533
1841 2533
1842 2535
1843 2534
1844 2533
1845 2533
1846 2534
1847 2534
1848 2534
1849 2533
1850 2533
1851 2533
1852 2533
1853 2533
1854 2533
1855 2533
1856 2533
1857 2534
1858 2533
1859 2533
1860 2538
1861 2533
1862 2534
1863 2534
1864 2538
1865 2533
1866 2533
1867 2538
1868 2533
1869 2533
1870 2534
1871 2544
1872 2544
1873 2533
1874 2536
1875 2539
1876 2532
1877 2533
1878 2533
1879 2534
1880 2533
1881 2534
1882 2534
1883 2534
1884 2534
1885 2535
1886 2534
1887 2535
1888 2534
1889 2535
1890 2535
1891 2535
1892 2535
1893 2535
1894 2535
1895 2535
1896 2535
1897 2536
1898 2540
1899 2536
1900 2536
1901 2537
1902 2540
1903 2538
1904 2533
1905 2532
1906 2534
1907 2533
1908 2533
1909 2535
1910 2532
1911 2532
1912 2532
1913 2532
1914 2532
1915 2533
1916 2533
1917 2532
1918 2531
1919 2529
1920 2528
1921 2525
1922 2524
1923 2524
1924 2525
1925 2528
1926 2524
1927 2536
1928 2522
1929 2523
1930 2522
1931 2521
1932 2520
1933 2519
1934 2519
1935 2516
1936 2519
1937 2518
1938 2519
1939 2519
1940 2518
1941 2518
1942 2517
1943 2518
1944 2518
1945 2518
1946 2520
1947 2520
1948 2520
1949 2518
1950 2519
1951 2523
1952 2522
1953 2524
1954 2525
1955 2525
1956 2526
1957 2527
1958 2528
1959 2529
1960 2528
1961 2531
1962 2533
1963 2532
1964 2535
1965 2536
1966 2534
1967 2535
1968 2535
1969 2539
1970 2538
1971 2532
1972 2538
1973 2532
1974 2532
1975 2533
1976 2535
1977 2534
1978 2535
1979 2537
1980 2533
1981 2532
1982 2532
1983 2538
1984 2538
1985 2539
1986 2539
1987 2532
1988 2536
1989 2534
1990 2534
1991 2535
1992 2535
1993 2535
1994 2537
1995 2530
1996 2531
1997 2531
1998 2531
1999 2530
2000 2530
2001 2531
2002 2530
2003 2531
2004 2530
2005 2530
2006 2531
2007 2531
2008 2531
2009 2531
2010 2530
2011 2531
2012 2540
2013 2533
2014 2532
2015 2532
2016 2533
2017 2533
2018 2534
2019 2534
2020 2531
2021 2531
2022 2536
2023 2541
2024 2535
2025 2534
2026 2537
2027 2534
2028 2533
2029 2534
2030 2535
2031 2532
2032 2532
2033 2531
2034 2531
2035 2530
2036 2532
2037 2532
2038 2532
2039 2531
2040 2531
2041 2532
2042 2535
2043 2532
2044 2531
2045 2530
2046 2530
2047 2530
2048 2531
2049 2530
2050 2530
2051 2530
2052 2529
2053 2531
2054 2537
2055 2536
2056 2531
2057 2538
2058 2540
2059 2541
2060 2543
2061 2543
2062 2543
2063 2543
2064 2538
2065 2530
2066 2530
2067 2536
2068 2530
2069 2529
2070 2529
2071 2529
2072 2529
2073 2530
2074 2529
2075 2530
2076 2529
2077 2529
2078 2531
2079 2529
2080 2529
2081 2529
2082 2532
2083 2529
2084 2535
2085 2529
2086 2529
2087 2530
2088 2529
2089 2529
2090 2529
2091 2529
2092 2529
2093 2532
2094 2529
2095 2529
2096 2532
2097 2532
2098 2529
2099 2529
2100 2529
2101 2529
2102 2528
2103 2528
2104 2528
2105 2529
2106 2531
2107 2532
2108 2528
2109 2533
2110 2528
2111 2527
2112 2528
2113 2528
2114 2530
2115 2530
2116 2530
2117 2530
2118 2531
2119 2531
2120 2532
2121 2530
2122 2529
2123 2528
2124 2528
2125 2528
2126 2527
2127 2536
2128 2529
2129 2528
2130 2532
2131 2528
2132 2529
2133 2529
2134 2531
2135 2527
2136 2528
2137 2528
2138 2528
2139 2527
2140 2527
2141 2528
2142 2527
2143 2527
2144 2529
2145 2527
2146 2525
2147 2526
2148 2526
2149 2526
2150 2527
2151 2527
2152 2526
2153 2526
2154 2525
2155 2525
2156 2525
2157 2526
2158 2528
2159 2531
2160 2533
2161 2534
2162 2535
2163 2538
2164 2539
2165 2539
2166 2520
2167 2520
2168 2520
2169 2520
2170 2523
2171 2520
2172 2519
2173 2519
2174 2519
2175 2539
2176 2533
2177 2531
2178 2539
2179 2533
2180 2529
2181 2523
2182 2520
2183 2521
2184 2521
2185 2522
2186 2521
2187 2523
2188 2522
2189 2522
2190 2522
2191 2522
2192 2522
2193 2522
2194 2522
2195 2522
2196 2522
2197 2522
2198 2522
2199 2521
2200 2521
2201 2521
2202 2522
2203 2521
2204 2522
2205 2522
2206 2522
2207 2523
2208 2523
2209 2524
2210 2523
2211 2523
2212 2525
2213 2523
2214 2523
2215 2524
2216 2525
2217 2524
2218 2523
2219 2523
2220 2523
2221 2524
2222 2523
2223 2524
2224 2523
2225 2522
2226 2523
2227 2523
2228 2523
2229 2523
2230 2526
2231 2523
2232 2523
2233 2523
2234 2523
2235 2524
2236 2524
2237 2523
2238 2524
2239 2524
2240 2523
2241 2522
2242 2522
2243 2522
2244 2522
2245 2522
2246 2521
2247 2522
2248 2522
2249 2522
2250 2531
2251 2531
2252 2523
2253 2523
2254 2523
2255 2524
2256 2523
2257 2523
2258 2523
2259 2524
2260 2523
2261 2524
2262 2524
2263 2524
2264 2524
2265 2532
2266 2523
2267 2523
2268 2523
2269 2523
2270 2524
2271 2525
2272 2524
2273 2525
2274 2524
2275 2524
2276 2523
2277 2524
2278 2531
2279 2524
2280 2532
2281 2531
2282 2523
2283 2524
2284 2530
2285 2525
2286 2524
2287 2524
2288 2525
2289 2523
2290 2522
2291 2526
2292 2527
2293 2527
2294 2527
2295 2527
2296 2526
2297 2525
2298 2524
2299 2523
2300 2523
2301 2524
2302 2524
2303 2524
2304 2523
2305 2522
2306 2523
2307 2523
2308 2522
2309 2522
2310 2523
2311 2523
2312 2532
2313 2524
2314 2523
2315 2523
2316 2523
2317 2523
2318 2523
2319 2522
2320 2522
2321 2522
2322 2523
2323 2522
2324 2522
2325 2523
2326 2523
2327 2523
2328 2523
2329 2523
2330 2521
2331 2522
2332 2522
2333 2521
2334 2522
2335 2521
2336 2521
2337 2521
2338 2521
2339 2528
2340 2520
2341 2519
2342 2520
2343 2520
2344 2520
2345 2520
2346 2520
2347 2520
2348 2519
2349 2520
2350 2519
2351 2519
2352 2519
2353 2519
2354 2519
2355 2518
2356 2518
2357 2518
2358 2518
2359 2518
2360 2518
2361 2518
2362 2518
2363 2518
2364 2517
2365 2516
2366 2518
2367 2517
2368 2518
2369 2517
2370 2517
2371 2517
2372 2517
2373 2518
2374 2518
2375 2518
2376 2518
2377 2518
2378 2518
2379 2518
2380 2518
2381 2517
2382 2517
2383 2518
2384 2518
2385 2517
2386 2517
2387 2517
2388 2517
2389 2516
2390 2517
2391 2518
2392 2518
2393 2525
2394 2518
2395 2518
2396 2518
2397 2518
2398 2518
2399 2518
2400 2517
2401 2517
2402 2518
2403 2518
2404 2517
2405 2517
2406 2517
2407 2516
2408 2516
2409 2516
2410 2516
2411 2516
2412 2516
2413 2516
2414 2517
2415 2517
2416 2517
2417 2517
2418 2519
2419 2517
2420 2517
2421 2517
2422 2518
2423 2517
2424 2516
2425 2525
2426 2525
2427 2522
2428 2523
2429 2518
2430 2517
2431 2518
2432 2518
2433 2517
2434 2517
2435 2518
2436 2518
2437 2518
2438 2518
2439 2517
2440 2516
2441 2518
2442 2518
2443 2518
2444 2518
2445 2518
2446 2518
2447 2518
2448 2518
2449 2517
2450 2517
2451 2517
2452 2517
2453 2517
2454 2517
2455 2518
2456 2518
2457 2517
2458 2517
2459 2518
2460 2517
2461 2517
2462 2517
2463 2518
2464 2518
2465 2517
2466 2517
2467 2517
2468 2516
2469 2525
2470 2517
2471 2516
2472 2517
2473 2517
2474 2517
2475 2517
2476 2517
2477 2517
2478 2517
2479 2517
2480 2517
2481 2517
2482 2518
2483 2517
2484 2518
2485 2521
2486 2518
2487 2518
2488 2518
2489 2517
2490 2517
2491 2517
2492 2519
2493 2519
2494 2518
2495 2518
2496 2518
2497 2518
2498 2517
2499 2517
2500 2517
2501 2517
2502 2517
2503 2517
2504 2516
2505 2517
2506 2518
2507 2518
2508 2518
2509 2518
2510 2517
2511 2517
2512 2517
2513 2517
2514 2518
2515 2517
2516 2518
2517 2517
2518 2517
2519 2518
2520 2518
2521 2517
2522 2517
2523 2518
2524 2519
2525 2519
2526 2519
2527 2519
2528 2519
2529 2517
2530 2523
2531 2529
2532 2519
2533 2519
2534 2519
2535 2521
2536 2524
2537 2528
2538 2519
2539 2519
2540 2519
2541 2525
2542 2525
2543 2522
2544 2520
2545 2521
2546 2518
2547 2517
2548 2517
2549 2519
2550 2520
2551 2520
2552 2525
2553 2529
2554 2520
2555 2520
2556 2513
2557 2523
2558 2522
2559 2522
2560 2524
2561 2524
2562 2524
2563 2525
2564 2525
2565 2524
2566 2525
2567 2525
2568 2525
2569 2525
2570 2524
2571 2523
2572 2523
2573 2523
2574 2518
2575 2523
2576 2522
2577 2519
2578 2520
2579 2524
2580 2520
2581 2519
2582 2520
2583 2524
2584 2520
2585 2520
2586 2520
2587 2520
2588 2520
2589 2520
2590 2519
2591 2520
2592 2519
2593 2519
2614 2507
2615 2495
2616 2495
2617 2510
2618 2500
2619 2500
2620 2501
2621 2500
2622 2500
2623 2499
2624 2499
2625 2499
2626 2500
2627 2499
2628 2499
2629 2499
2630 2500
2631 2500
2632 2498
2633 2501
2634 2501
2635 2500
2636 2497
2637 2497
2638 2498
2639 2496
2640 2497
2641 2497
2642 2498
2643 2497
2644 2503
2645 2490
2646 2490
2647 2489
2648 2488
2649 2488
2650 2489
2651 2489
2663 2518
2664 2516
2665 2520
2666 2522
2667 2520
2668 2515
2669 2518
2670 2518
2671 2518
2672 2518
2673 2518
2674 2519
2675 2520
2676 2518
2677 2522
2678 2525
2679 2523
2680 2523
2681 2523
2682 2523
2683 2523
2684 2524
2685 2523
2686 2523
2687 2523
2688 2524
2689 2522
2690 2523
2691 2522
2692 2524
2693 2523
2694 2523
2695 2523
2696 2523
2697 2523
2698 2525
2699 2525
2700 2522
2701 2523
2702 2526
2703 2523
2704 2523
2705 2523
2706 2523
2707 2523
2708 2523
2709 2524
2710 2523
2711 2524
2712 2524
2713 2522
2714 2523
2715 2524
2716 2523
2717 2527
2718 2529
2719 2530
2720 2524
2721 2523
2722 2524
2723 2524
2724 2524
2725 2524
2726 2523
2727 2523
2728 2524
2729 2524
2730 2524
2731 2524
2732 2524
2733 2524
2734 2524
2735 2524
2736 2524
2737 2524
2738 2524
2739 2524
2740 2524
2741 2524
2742 2525
2743 2524
2744 2524
2745 2524
2746 2524
2747 2524
2748 2525
2749 2525
2750 2524
2751 2525
2752 2525
2753 2525
2754 2525
2755 2525
2756 2525
2757 2525
2758 2525
2759 2529
2760 2529
2761 2529
2762 2526
2763 2525
2764 2525
2765 2525
2766 2525
2767 2526
2768 2527
2769 2525
2770 2526
2771 2525
2772 2525
2773 2529
2774 2526
2775 2526
2776 2526
2777 2525
2778 2526
2779 2524
2780 2528
2781 2524
2782 2526
2783 2527
2784 2527
2785 2526
2786 2525
2787 2525
2788 2526
2789 2526
2790 2525
2791 2525
2792 2525
2793 2525
2794 2525
2795 2525
2796 2525
2797 2524
2798 2525
2799 2524
2800 2524
2801 2525
2802 2525
2803 2525
2804 2525
2805 2525
2806 2525
2807 2525
2808 2525
2809 2525
2810 2525
2811 2524
2812 2524
2813 2523
2814 2525
2815 2525
2816 2529
2817 2525
2818 2525
2819 2525
2820 2525
2821 2524
2822 2524
2823 2524
2824 2524
2825 2524
2826 2530
2827 2524
2828 2524
2829 2524
2830 2527
2831 2525
2832 2525
2833 2524
2834 2524
2835 2524
2836 2524
2837 2524
2838 2524
2839 2524
2840 2524
2841 2525
2842 2526
2843 2525
2844 2525
2845 2524
2846 2524
2847 2525
2848 2524
2849 2525
2850 2525
2851 2525
2852 2526
2853 2530
2854 2529
2855 2525
2856 2525
2857 2525
2858 2525
2859 2525
2860 2525
2861 2532
2862 2527
2863 2533
2864 2535
2865 2526
2866 2525
2867 2526
2868 2526
2869 2526
2870 2526
2871 2527
2872 2527
2873 2527
2874 2533
2875 2533
2876 2531
2877 2529
2878 2532
2879 2532
2880 2530
2881 2530
2882 2531
2883 2531
2884 2530
2885 2531
2886 2530
2887 2531
2888 2530
2889 2530
2890 2530
2891 2530
2892 2530
2893 2530
2894 2530
2895 2531
2896 2531
2897 2530
2898 2530
2899 2530
2900 2530
2901 2530
2902 2534
2903 2535
2904 2527
2905 2531
2906 2524
2907 2525
2908 2526
2909 2539
2910 2522
2911 2524
2912 2525
2913 2525
2914 2525
2915 2525
2916 2539
2917 2526
2918 2525
2919 2528
2920 2529
2921 2526
2922 2528
2923 2526
2924 2527
2925 2528
2926 2528
2927 2527
2928 2527
2929 2527
2930 2528
2931 2525
2932 2530
2933 2531
2934 2531
2935 2530
2936 2527
2937 2528
2938 2530
2939 2535
2940 2535
2941 2523
2942 2534
2943 2532
2944 2533
2945 2524
2946 2529
2947 2526
2948 2526
2949 2526
2950 2524
2951 2526
2952 2524
2953 2522
2954 2522
2955 2523
2956 2522
2957 2525
2958 2522
2959 2522
2960 2522
2961 2522
2962 2522
2963 2522
2964 2522
2965 2522
2966 2522
2967 2523
2968 2523
2969 2523
2970 2523
2971 2522
2972 2523
2973 2523
2974 2525
2975 2527
2976 2523
2977 2529
2978 2528
2979 2527
2980 2525
2981 2526
2982 2525
2983 2524
2984 2523
2985 2526
2986 2523
2987 2523
2988 2523
2989 2523
2990 2523
2991 2523
2992 2523
2993 2523
2994 2522
2995 2523
2996 2523
2997 2523
2998 2523
2999 2524
3000 2527
3001 2523
3002 2524
3003 2525
3004 2524
3005 2524
3006 2524
3007 2524
3008 2524
3009 2524
3010 2523
3011 2524
3012 2523
3013 2524
3014 2524
3015 2524
3016 2523
3017 2525
3018 2524
3019 2537
3020 2525
3021 2525
3022 2534
3023 2526
3024 2522
3025 2528
3026 2529
3027 2521
3028 2521
3029 2524
3030 2524
3031 2530
3032 2522
3033 2527
3034 2526
3035 2536
3036 2527
3037 2526
3038 2526
3039 2529
3040 2527
3041 2539
3042 2526
3043 2527
3044 2523
3045 2524
3046 2524
3047 2524
3048 2522
3049 2527
3050 2529
3051 2527
3052 2527
3053 2532
3054 2530
3055 2529
3056 2524
3057 2523
3058 2523
3059 2527
3060 2534
3061 2528
3062 2529
3063 2535
3064 2529
3065 2529
3066 2530
3067 2529
3068 2529
3069 2529
3070 2529
3071 2529
3072 2529
3073 2529
3074 2528
3075 2529
3076 2528
3077 2529
3078 2529
3079 2528
3080 2529
3081 2528
3082 2528
3083 2528
3084 2528
3085 2528
3086 2527
3087 2527
3088 2528
3089 2528
3090 2528
3091 2529
3092 2529
3093 2532
3094 2529
3095 2528
3096 2528
3097 2530
3098 2530
3099 2530
3100 2530
3101 2530
3102 2530
3103 2530
3104 2530
3105 2530
3106 2530
3107 2530
3108 2530
3109 2530
3110 2531
3111 2530
3112 2530
3113 2521
3114 2523
3115 2520
3116 2520
3117 2526
3118 2523
3119 2529
3120 2536
3121 2530
3122 2529
3123 2530
3124 2529
3125 2529
3126 2528
3127 2530
3128 2530
3129 2530
3130 2531
3131 2530
3132 2530
3133 2528
3134 2527
3135 2527
3136 2527
3137 2527
3138 2527
3139 2528
3140 2529
3141 2525
3142 2527
3143 2530
3144 2527
3145 2536
3146 2527
3147 2528
3148 2527
3149 2527
3150 2527
3151 2527
3152 2528
3153 2532
3154 2527
3155 2528
3156 2527
3157 2526
3158 2526
3159 2527
3160 2527
3161 2527
3162 2528
3163 2527
3164 2526
3165 2527
3166 2528
3167 2526
3168 2527
3169 2527
3170 2532
3171 2527
3172 2527
3173 2531
3174 2526
3175 2530
3176 2526
3177 2527
3178 2526
3179 2527
3180 2527
3181 2527
3182 2527
3183 2527
3184 2527
3185 2527
3186 2529
3187 2530
3188 2527
3189 2526
3190 2527
3191 2529
3192 2527
3193 2527
3194 2527
3195 2527
3196 2526
3197 2527
3198 2526
3199 2531
3200 2526
3201 2526
3202 2527
3203 2526
3204 2526
3205 2526
3206 2534
3207 2528
3208 2526
3209 2530
3210 2527
3211 2531
3212 2527
3213 2527
3214 2526
3215 2526
3216 2527
3217 2527
3218 2527
3219 2527
3220 2527
3221 2527
3222 2531
3223 2527
3224 2527
3225 2527
3226 2531
3227 2530
3228 2530
3229 2529
3230 2530
3231 2530
3232 2529
3233 2529
3234 2529
3235 2529
3236 2529
3237 2529
3238 2529
3239 2529
3240 2529
3241 2529
3242 2529
3243 2529
3244 2529
3245 2528
3246 2529
3247 2529
3248 2533
3249 2532
3250 2531
3251 2531
3252 2531
3253 2531
3254 2528
3255 2528
3256 2528
3257 2527
3258 2528
3259 2528
3260 2527
3261 2527
3262 2527
3263 2527
3264 2528
3265 2526
3266 2526
3267 2526
3268 2526
3269 2526
3270 2527
3271 2527
3272 2527
3273 2527
3274 2527
3275 2527
3276 2526
3277 2526
3278 2527
3279 2526
3280 2526
3281 2526
3282 2527
3283 2526
3284 2526
3285 2525
3286 2525
3287 2525
3288 2525
3289 2529
3290 2526
3291 2526
3292 2526
3293 2526
3294 2526
3295 2526
3296 2526
3297 2525
3298 2525
3299 2524
3300 2523
3301 2524
3302 2526
3303 2523
3304 2524
3305 2526
3306 2523
3307 2524
3308 2523
3309 2523
3310 2523
3311 2523
3312 2523
3313 2523
3314 2523
3315 2523
3316 2523
3317 2523
3318 2525
3319 2525
3320 2522
3321 2527
3322 2527
3323 2523
3324 2527
3325 2520
3326 2520
3327 2519
3328 2518
3329 2518
3330 2519
3331 2518
3332 2519
3333 2518
3334 2518
3335 2518
3336 2518
3337 2518
3338 2517
3339 2517
3340 2517
3341 2517
3342 2517
3343 2517
3344 2517
3345 2517
3346 2519
3347 2519
3348 2517
3349 2518
3350 2518
3351 2526
3352 2519
3353 2517
3354 2518
3355 2517
3356 2517
3357 2517
3358 2517
3359 2517
3360 2516
3361 2516
3362 2517
3363 2516
3364 2516
3365 2516
3366 2515
3367 2515
3368 2521
3369 2514
3370 2515
3371 2515
3372 2515
3373 2516
3374 2518
3375 2515
3376 2515
3377 2515
3378 2515
3379 2515
3380 2515
3381 2515
3382 2519
3383 2517
3384 2516
3385 2516
3386 2516
3387 2515
3388 2516
3389 2515
3390 2514
3391 2513
3392 2513
3393 2513
3394 2514
3395 2513
3396 2507
3397 2507
3398 2512
3399 2512
3400 2503
3401 2508
3402 2501
3403 2501
3404 2508
3405 2502
3406 2501
3407 2515
3408 2515
3409 2502
3410 2512
3411 2513
3412 2513
3413 2512
3414 2511
3415 2500
3416 2492
3417 2493
3418 2501
3419 2499
3420 2499
3421 2494
3422 2494
3423 2496
3424 2507
3425 2504
3426 2503
3427 2503
3428 2496
3429 2500
3430 2497
3431 2498
3432 2500
3433 2505
3434 2500
3435 2505
3436 2504
3437 2503
3438 2505
3439 2510
3440 2503
3441 2503
3442 2511
3443 2497
3444 2501
3445 2502
3446 2510
3447 2511
3448 2511
3449 2497
3450 2506
3451 2500
3452 2501
3453 2499
3454 2499
3455 2499
3456 2499
3457 2497
3458 2497
3459 2497
3460 2498
3461 2498
3462 2499
3463 2500
3464 2500
3465 2500
3466 2500
3467 2499
3468 2499
3469 2499
3470 2498
3471 2499
3472 2499
3473 2498
3474 2498
3475 2498
3476 2498
3477 2498
3478 2498
3479 2498
3480 2498
3481 2498
3482 2498
3483 2498
3484 2497
3485 2497
3486 2497
3487 2497
3488 2497
3489 2497
3490 2497
3491 2497
3492 2497
3493 2498
3494 2498
3495 2498
3496 2498
3497 2497
3498 2497
3499 2498
3500 2497
3501 2497
3502 2497
3503 2497
3504 2497
3505 2497
3506 2497
3507 2497
3508 2497
3509 2497
3510 2496
3511 2498
3512 2497
3513 2497
3514 2498
3515 2498
3516 2498
3517 2498
3518 2498
3519 2499
3520 2499
3521 2501
3522 2499
3523 2499
3524 2499
3525 2499
3526 2499
3527 2499
3528 2498
3529 2499
3530 2498
3531 2498
3532 2498
3533 2498
3534 2498
3535 2498
3536 2497
3537 2497
3538 2497
3539 2497
3540 2497
3541 2497
3542 2496
3543 2495
3544 2495
3545 2495
3546 2494
3547 2494
3548 2493
3549 2493
3550 2492
3551 2500
3552 2491
3553 2491
3554 2491
3555 2491
3556 2491
3557 2490
3558 2489
3559 2492
3560 2490
3561 2492
3562 2493
3563 2490
3564 2490
3565 2489
3566 2489
3567 2489
3568 2489
3569 2489
3570 2489
3571 2489
3572 2489
3573 2489
3574 2489
3575 2489
3576 2489
3577 2489
3578 2489
3579 2488
3580 2488
3581 2489
3582 2488
3583 2488
3584 2488
3585 2488
3586 2488
3587 2488
3588 2488
3589 2488
3590 2489
3591 2488
3592 2488
3593 2488
3594 2488
3595 2488
3596 2488
3597 2487
3598 2487
3599 2487
3600 2487
3601 2487
3602 2487
3603 2486
3604 2487
3605 2487
3606 2486
3607 2486
3608 2486
3609 2486
3610 2486
3611 2486
3612 2486
3613 2486
3614 2486
3615 2486
3616 2486
3617 2486
3618 2486
3619 2485
3620 2486
3621 2486
3622 2485
3623 2485
3624 2485
3625 2485
3626 2485
3627 2484
3628 2485
3629 2485
3630 2484
3631 2485
3632 2485
3633 2485
3634 2484
3635 2485
3636 2485
3637 2484
3638 2484
3639 2484
3640 2483
3641 2484
3642 2483
3643 2488
3644 2482
3645 2489
3646 2483
3647 2482
3648 2481
3649 2482
3650 2480
3651 2480
3652 2480
3653 2481
3654 2481
3655 2480
3656 2482
3657 2480
3658 2479
3659 2480
3660 2480
3661 2480
3662 2480
3663 2481
3664 2481
3665 2481
3666 2481
3667 2480
3668 2481
3669 2482
3670 2480
3671 2484
3672 2486
3673 2480
3674 2480
3675 2489
3676 2481
3677 2480
3678 2481
3679 2477
3680 2478
3681 2478
3682 2478

2270 2551
2271 2552
2272 2552
2273 2553
2274 2554
2275 2554
2276 2553
2277 2551
2278 2554
2279 2554
2280 2553
2281 2553
2282 2553
2283 2555
2284 2551
2285 2553
2286 2551
2287 2551
2288 2551
2289 2553
2290 2545
2291 2549
2292 2544
2293 2555
2294 2546
2295 2544
2296 2556
2297 2544
2298 2546
2299 2554
2300 2553
2301 2554
2302 2554
2303 2553
2304 2555
2305 2546
2306 2557
2307 2554
2308 2553
2309 2549
2310 2550
2311 2553
2312 2548
2313 2553
2314 2553
2315 2554
2316 2545
2317 2553
2318 2546
2319 2546
2320 2554
2321 2559
2322 2547
2323 2546
2324 2553
2325 2556
2326 2554
2327 2549
2328 2554
2329 2555
2330 2555
2331 2555
2332 2556
2333 2553
2334 2555
2335 2554
2336 2553
2337 2553
2338 2551
2339 2551
2340 2557
2341 2554
2342 2551
2343 2552
2344 2547
2345 2551
2346 2552
2347 2556
2348 2555
2349 2545
2350 2546
2351 2549
2352 2546
2353 2551
2354 2551
2355 2550
2356 2549
2357 2551
2358 2556
2359 2548
2360 2555
2361 2549
2362 2549
2363 2550
2364 2549
2365 2549
2366 2549
2367 2554
2368 2549
2369 2556
2370 2550
2371 2557
2372 2556
2373 2545
2374 2550
2375 2550
2376 2547
2377 2545
2378 2544
2379 2551
2380 2549
2381 2546
2382 2550
2383 2548
2384 2548
2385 2548
2386 2551
2387 2545
2388 2552
2389 2549
2390 2551
2391 2549
2392 2559
2393 2557
2394 2551
2395 2550
2396 2548
2397 2556
2398 2557
2399 2552
2400 2558
2401 2558
2402 2549
2403 2551
2404 2552
2405 2554
2406 2556
2407 2551
2408 2553
2409 2546
2410 2553
2411 2553
2412 2550
2413 2549
2414 2551
2415 2548
2416 2551
2417 2552
2418 2549
2419 2557
2420 2552
2421 2557
2422 2557
2423 2556
2424 2556
2425 2557
2426 2558
2427 2558
2428 2553
2429 2552
2430 2552
2431 2547
2432 2546
2433 2546
2434 2550
2435 2553
2436 2555
2437 2551
2438 2549
2439 2551
2440 2555
2441 2554
2442 2556
2443 2554
2444 2552
2445 2552
2446 2558
2447 2548
2448 2555
2449 2555
2450 2551
2451 2551
2452 2551
2453 2551
2454 2550
2455 2551
2456 2553
2457 2553
2458 2552
2459 2551
2460 2553
2461 2553
2462 2552
2463 2553
2464 2555
2465 2555
2466 2552
2467 2560
2468 2556
2469 2553
2470 2550
2471 2558
2472 2556
2473 2559
2474 2554
2475 2562
2476 2560
2477 2562
2478 2562
2479 2561
2480 2554
2481 2555
2482 2559
2483 2556
2484 2562
2485 2557
2486 2558
2487 2553
2488 2560
2489 2551
2490 2554
2491 2553
2492 2551
2493 2561
2494 2561
2495 2555
2496 2557
2497 2552
2498 2554
2499 2559
2500 2552
2501 2547
2502 2555
2503 2557
2504 2553
2505 2556
2506 2548
2507 2554
2508 2555
2509 2546
2510 2554
2511 2554
2512 2551
2513 2555
2514 2554
2515 2552
2516 2553
2517 2553
2518 2547
2519 2559
2520 2552
2521 2555
2522 2551
2523 2548
2524 2548
2525 2548
2526 2549
2527 2544
2528 2545
2529 2544
2530 2544
2531 2544
2532 2544
2533 2544
2534 2544
2535 2550
2536 2550
2537 2551
2538 2544
2539 2543
2540 2543
2541 2550
2542 2544
2543 2551
2544 2552
2545 2551
2546 2551
2547 2554
2548 2555
2549 2549
2550 2549
2551 2550
2552 2546
2553 2544
2554 2551
2555 2541
2556 2541
2557 2544
2558 2540
2559 2541
2560 2543
2561 2550

