1166 2406
1167 2406
1168 2405
1169 2395
1170 2395
1171 2395
1172 2395
1173 2395
1174 2394
1175 2394
1176 2394
1177 2395
1178 2397
1179 2395
1180 2394
1181 2394
1182 2394
1183 2394
1184 2395
1185 2399
1186 2394
1187 2393
1188 2394
1189 2394
1190 2394
1191 2395
1192 2393
1193 2393
1194 2393
1195 2393
1196 2393
1197 2395
1198 2394
1199 2394
1200 2392
1201 2392
1202 2393
1203 2392
1204 2391
1205 2392
1206 2398
1207 2387
1208 2396
1209 2387
1210 2386
1211 2394
1212 2393
1213 2392
1214 2389
1215 2387
1216 2386
1217 2387
1218 2388
1219 2388
1220 2389
1221 2393
1222 2389
1223 2393
1224 2392
1225 2392
1226 2384
1227 2385
1228 2385
1229 2392
1230 2391
1231 2384
1232 2384
1233 2384
1234 2384
1235 2389
1236 2384
1237 2384
1238 2384
1239 2384
1240 2384
1241 2384
1242 2384
1243 2385
1244 2384
1245 2384
1246 2384
1247 2384
1248 2384
1249 2383
1250 2382
1251 2385
1252 2382
1253 2383
1254 2383
1255 2384
1256 2383
1257 2384
1258 2383
1259 2383
1260 2383
1261 2383
1262 2383
1263 2383
1264 2383
1265 2383
1266 2383
1267 2383
1268 2382
1269 2385
1270 2382
1271 2383
1272 2384
1273 2383
1274 2383
1275 2384
1276 2384
1277 2384
1278 2384
1279 2384
1280 2384
1281 2383
1282 2384
1283 2384
1284 2384
1285 2383
1286 2389
1287 2384
1288 2384
1289 2384
1290 2391
1291 2385
1292 2392
1293 2392

