2769 2508
2770 2503
2771 2503
2772 2503
2773 2502
2774 2501
2775 2501
2776 2501
2777 2500
2778 2500
2779 2501
2780 2499
2781 2500
2782 2500
2783 2499
2784 2497
2785 2498
2786 2498
2787 2498
2788 2499
2789 2499
2790 2497
2791 2497
2792 2497
2793 2497
2794 2497
2795 2497
2796 2498
2797 2498
2798 2498
2799 2498
2800 2499
2801 2507
2802 2501
2803 2503
2804 2504
2805 2504
2806 2502
2807 2507
2808 2503
2809 2503
2810 2501
2811 2501
2812 2503
2813 2503
2814 2502
2815 2504
2816 2502
2817 2504
2818 2505
2819 2501
2820 2501
2821 2511
2822 2503
2823 2501
2824 2504
2825 2503
2826 2510
2827 2504
2828 2504
2829 2504
2830 2508
2831 2506
2832 2507
2833 2505
2834 2504
2835 2503
2836 2503
2837 2504
2838 2504
2839 2503
2840 2504
2841 2505
2842 2504
2843 2504
2844 2504
2845 2505
2846 2504
2847 2505
2848 2503
2849 2504
2850 2505
2851 2504
2852 2505
2853 2503
2854 2504
2855 2504
2856 2505
2857 2504
2858 2504
2859 2504
2860 2504
2861 2504
2862 2504
2863 2504
2864 2505
2865 2505
2866 2504
2867 2503
2868 2509
2869 2505
2870 2505
2871 2504
2872 2505
2873 2504
2874 2505
2875 2504
2876 2504
2877 2504
2878 2504
2879 2512
2880 2513
2881 2503
2882 2505
2883 2503
2884 2503
2885 2503
2886 2503
2887 2503
2888 2503
2889 2503
2890 2503
2891 2503
2892 2506
2893 2503
2894 2503
2895 2504
2896 2504
2897 2504
2898 2504
2899 2504
2900 2503
2901 2510
2902 2505
2903 2503
2904 2503
2905 2503
2906 2503
2907 2503
2908 2503
2909 2504
2910 2504
2911 2504
2912 2505
2913 2506
2914 2503
2915 2504
2916 2506
2917 2504
2918 2502
2919 2510
2920 2502
2921 2503
2922 2502
2923 2503
2924 2503
2925 2508
2926 2502
2927 2504
2928 2503
2929 2503
2930 2503
2931 2503
2932 2504
2933 2505
2934 2505
2935 2505
2936 2504
2937 2506
2938 2504
2939 2508
2940 2506
2941 2504
2942 2509
2943 2504
2944 2509
2945 2510
2946 2508
2947 2504
2948 2504
2949 2504
2950 2504
2951 2504
2952 2505
2953 2505
2954 2505
2955 2506
2956 2506
2957 2509
2958 2506
2959 2506
2960 2506
2961 2506
2962 2510
2963 2506
2964 2505
2965 2505
2966 2505
2967 2505
2968 2506
2969 2505
2970 2506
2971 2506
2972 2510
2973 2507
2974 2509
2975 2507
2976 2507
2977 2507
2978 2507
2979 2507
2980 2507
2981 2507
2982 2509
2983 2509
2984 2509
2985 2510
2986 2505
2987 2512
2988 2505
2989 2504
2990 2505
2991 2505
2992 2505
2993 2505
2994 2506
2995 2505
2996 2503
2997 2507
2998 2508
2999 2506
3000 2508
3001 2509
3002 2501
3003 2499
3004 2499
3005 2499
3006 2501
3007 2506
3008 2501
3009 2498
3010 2506
3011 2508
3012 2509
3013 2505
3014 2507
3015 2509
3016 2510
3017 2510
3018 2510
3019 2509
3020 2507
3021 2505
3022 2503
3023 2503
3024 2502
3025 2498
3026 2498
3027 2498
3028 2499
3029 2501
3030 2505
3031 2503
3032 2500
3033 2501
3034 2506
3035 2502
3036 2502
3037 2502
3038 2502
3039 2502
3040 2502
3041 2503
3042 2503
3043 2503
3044 2503
3045 2503
3046 2503
3047 2503
3048 2503
3049 2504
3050 2503
3051 2503
3052 2504
3053 2503
3054 2503
3055 2503
3056 2502
3057 2502
3058 2502
3059 2503
3060 2503
3061 2503
3062 2503
3063 2503
3064 2503
3065 2503
3066 2503
3067 2503
3068 2503
3069 2503
3070 2503
3071 2504
3072 2503
3073 2503
3074 2503
3075 2503
3076 2503
3077 2502
3078 2502
3079 2502
3080 2502
3081 2502
3082 2502
3083 2502
3084 2502
3085 2503
3086 2501
3087 2502
3088 2502
3089 2501
3090 2502
3091 2502
3092 2501
3093 2502
3094 2502
3095 2502
3096 2502
3097 2502
3098 2502
3099 2502
3100 2502
3101 2502
3102 2502
3103 2502
3104 2502
3105 2503
3106 2502
3107 2507
3108 2502
3109 2507
3110 2502
3111 2501
3112 2502
3113 2502
3114 2501
3115 2501
3116 2502
3117 2504
3118 2501
3119 2501
3120 2505
3121 2502
3122 2502
3123 2503
3124 2506
3125 2501
3126 2502
3127 2502
3128 2502
3129 2507
3130 2502
3131 2502
3132 2502
3133 2502
3134 2502
3135 2502
3136 2506
3137 2506
3138 2502
3139 2501
3140 2501
3141 2501
3142 2501
3143 2501
3144 2502
3145 2502
3146 2501
3147 2501
3148 2502
3149 2506
3150 2502
3151 2501
3152 2501
3153 2505
3154 2502
3155 2500
3156 2501
3157 2501
3158 2501
3159 2501
3160 2506
3161 2504
3162 2504
3163 2505
3164 2505
3165 2501
3166 2501
3167 2508
3168 2501
3169 2501
3170 2500
3171 2501
3172 2502
3173 2501
3174 2501
3175 2501
3176 2504
3177 2502
3178 2501
3179 2505
3180 2501
3181 2502
3182 2502
3183 2501
3184 2502
3185 2502
3186 2506
3187 2501
3188 2502
3189 2501
3190 2501
3191 2501
3192 2501
3193 2502
3194 2502
3195 2501
3196 2502
3197 2502
3198 2502
3199 2501
3200 2502
3201 2501
3202 2502
3203 2502
3204 2502
3205 2502
3206 2502
3207 2501
3208 2501
3209 2501
3210 2501
3211 2501
3212 2501
3213 2503
3214 2502
3215 2502
3216 2506
3217 2502
3218 2502
3219 2502
3220 2502
3221 2502
3222 2505
3223 2506
3224 2505
3225 2506
3226 2501
3227 2501
3228 2501
3229 2502
3230 2502
3231 2503
3232 2504
3233 2504
3234 2501
3235 2501
3236 2501
3237 2501
3238 2502
3239 2502
3240 2503
3241 2504
3242 2506
3243 2501
3244 2502
3245 2504
3246 2502
3247 2501
3248 2505
3249 2505
3250 2501
3251 2501
3252 2501
3253 2502
3254 2501
3255 2501
3256 2502
3257 2501
3258 2501
3259 2501
3260 2500
3261 2501
3262 2501
3263 2501
3264 2502
3265 2501
3266 2501
3267 2502
3268 2502
3269 2501
3270 2500
3271 2501
3272 2501
3273 2501
3274 2501
3275 2503
3276 2501
3277 2504
3278 2500
3279 2500
3280 2501
3281 2501
3282 2502
3283 2501
3284 2501
3285 2500
3286 2503
3287 2500
3288 2500
3289 2500
3290 2500
3291 2500
3292 2500
3293 2500
3294 2500
3295 2500
3296 2500
3297 2500
3298 2500
3299 2500
3300 2503
3301 2500
3302 2500
3303 2500
3304 2503
3305 2500
3306 2500
3307 2500
3308 2505
3309 2502
3310 2501
3311 2499
3312 2499
3313 2504
3314 2499
3315 2500
3316 2500
3317 2500
3318 2500
3319 2499
3320 2500
3321 2501
3322 2501
3323 2500
3324 2501
3325 2501
3326 2500
3327 2501
3328 2501
3329 2501
3330 2501
3331 2500
3332 2501
3333 2500
3334 2500
3335 2501
3336 2500
3337 2501
3338 2500
3339 2500
3340 2500
3341 2499
3342 2499
3343 2499
3344 2499
3345 2500
3346 2500
3347 2500
3348 2500
3349 2500
3350 2500
3351 2500
3352 2500
3353 2500
3354 2499
3355 2500
3356 2499
3357 2499
3358 2499
3359 2499
3360 2499
3361 2499
3362 2499
3363 2499
3364 2499
3365 2499
3366 2498
3367 2501
3368 2499
3369 2499
3370 2499
3371 2498
3372 2499
3373 2499
3374 2499
3375 2498
3376 2498
3377 2498
3378 2500
3379 2500
3380 2499
3381 2499
3382 2500
3383 2499
3384 2499
3385 2499
3386 2499
3387 2500
3388 2500
3389 2500
3390 2500
3391 2500
3392 2500
3393 2500
3394 2499
3395 2500
3396 2500
3397 2500
3398 2499
3399 2499
3400 2499
3401 2499
3402 2499
3403 2499
3404 2499
3405 2499
3406 2499
3407 2499
3408 2499
3409 2499
3410 2499
3411 2500
3412 2499
3413 2499
3414 2499
3415 2499
3416 2499
3417 2499
3418 2501
3419 2499
3420 2499
3421 2500
3422 2498
3423 2498
3424 2498
3425 2498
3426 2499
3427 2500
3428 2499
3429 2503
3430 2505
3431 2499
3432 2499
3433 2498
3434 2498
3435 2497
3436 2499
3437 2497
3438 2500
3439 2503
3440 2501
3441 2499
3442 2499
3443 2499
3444 2499
3445 2499
3446 2499
3447 2499
3448 2499
3449 2501
3450 2501
3451 2499
3452 2500
3453 2502
3454 2501
3455 2499
3456 2499
3457 2498
3458 2498
3459 2498
3460 2498
3461 2497
3462 2498
3463 2497
3464 2498
3465 2498
3466 2497
3467 2497
3468 2498
3469 2498
3470 2498
3471 2498
3472 2498
3473 2497
3474 2497
3475 2498
3476 2498
3477 2498
3478 2497
3479 2497
3480 2498
3481 2498
3482 2497
3483 2498
3484 2498
3485 2497
3486 2498
3487 2497
3488 2497
3489 2498
3490 2498
3491 2497
3492 2497
3493 2497
3494 2497
3495 2498
3496 2498
3497 2498
3498 2498
3499 2498
3500 2498
3501 2499
3502 2498
3503 2498
3504 2498
3505 2498
3506 2499
3507 2498
3508 2498
3509 2498
3510 2498
3511 2498
3512 2498
3513 2498
3514 2498
3515 2498
3516 2498
3517 2498
3518 2498
3519 2498
3520 2496
3521 2497
3522 2498
3523 2498
3524 2498
3525 2498
3526 2498
3527 2498
3528 2498
3529 2498
3530 2498
3531 2498
3532 2498
3533 2498
3534 2498
3535 2498
3536 2498
3537 2498
3538 2498
3539 2498
3540 2498
3541 2498
3542 2498
3543 2498
3544 2498
3545 2497
3546 2498
3547 2498
3548 2498
3549 2498
3550 2498
3551 2498
3552 2497
3553 2498
3554 2498
3555 2498
3556 2498
3557 2498
3558 2498
3559 2498
3560 2498
3561 2498
3562 2498
3563 2497
3564 2498
3565 2498
3566 2498
3567 2498
3568 2498
3569 2498
3570 2498
3571 2498
3572 2498
3573 2498
3574 2498
3575 2497
3576 2498
3577 2498
3578 2498
3579 2498
3580 2498
3581 2498
3582 2498
3583 2498
3584 2498
3585 2498
3586 2498
3587 2498
3588 2498
3589 2498
3590 2498
3591 2498
3592 2498
3593 2498
3594 2498
3595 2498
3596 2498
3597 2498
3598 2498
3599 2498
3600 2498
3601 2498
3602 2498
3603 2498
3604 2501
3605 2498
3606 2498
3607 2498
3608 2498
3609 2498
3610 2498
3611 2498
3612 2498
3613 2498
3614 2498
3615 2498
3616 2497
3617 2498
3618 2498
3619 2498
3620 2498
3621 2498
3622 2498
3623 2499
3624 2499
3625 2498
3626 2498
3627 2498
3628 2498
3629 2498
3630 2498
3631 2498
3632 2498
3633 2498
3634 2498
3635 2498
3636 2498
3637 2498
3638 2498
3639 2498
3640 2498
3641 2497
3642 2498
3643 2498
3644 2498
3645 2498
3646 2498
3647 2498
3648 2498
3649 2498
3650 2498
3651 2498
3652 2498
3653 2497
3654 2498
3655 2497
3656 2497
3657 2498
3658 2498
3659 2497
3660 2497
3661 2497
3662 2498
3663 2497
3664 2497
3665 2497
3666 2498
3667 2498
3668 2497
3669 2497
3670 2497
3671 2497
3672 2497
3673 2497
3674 2497
3675 2497
3676 2497
3677 2497
3678 2497
3679 2497
3680 2497
3681 2497
3682 2497
3683 2497
3684 2497
3685 2497
3686 2497
3687 2497
3688 2497
3689 2497
3690 2497
3691 2497
3692 2497
3693 2497
3694 2497
3695 2497
3696 2497
3697 2497
3698 2497
3699 2497
3700 2497
3701 2497
3702 2497
3703 2497
3704 2497
3705 2497
3706 2497
3707 2497
3708 2497
3709 2497
3710 2497
3711 2497
3712 2497
3713 2497
3714 2497
3715 2497
3716 2497
3717 2497
3718 2497
3719 2497
3720 2497
3721 2497
3722 2497
3723 2497
3724 2497
3725 2497
3726 2497
3727 2497
3728 2497
3729 2497
3730 2497
3731 2496
3732 2496
3733 2496
3734 2496
3735 2496
3736 2496
3737 2496
3738 2496
3739 2496

3076 2548
3077 2544
3078 2544
3079 2549
3080 2539
3081 2548
3082 2548
3083 2546
3084 2537
3085 2544
3086 2551
3087 2540
3088 2544
3089 2544
3090 2543
3091 2547
3092 2544
3093 2542
3094 2546
3095 2538
3096 2543
3097 2546
3098 2544
3099 2540
3100 2545
3101 2544
3102 2542
3103 2545
3104 2536
3105 2547
3106 2543
3107 2544
3108 2545
3109 2550
3110 2541
3111 2542
3112 2542
3113 2544
3114 2543
3115 2549
3116 2550
3117 2544
3118 2550
3119 2545
3120 2537
3121 2550
3122 2542
3123 2542
3124 2548
3125 2538
3126 2543
3127 2543
3128 2544
3129 2544
3130 2541
3131 2543
3132 2545
3133 2535
3134 2539
3135 2548
3136 2536
3137 2544
3138 2549
3139 2544
3140 2545
3141 2538
3142 2543
3143 2543
3144 2535
3145 2538
3146 2546
3147 2546
3148 2538
3149 2544
3150 2549
3151 2542
3152 2538
3153 2545
3154 2537
3155 2538
3156 2540
3157 2536
3158 2535
3159 2541
3160 2541
3161 2548
3162 2536
3163 2541
3164 2544
3165 2543
3166 2542
3167 2539
3168 2537
3169 2543
3170 2546
3171 2542
3172 2541
3173 2537
3174 2534
3175 2535
3176 2547
3177 2540
3178 2539
3179 2540
3180 2541
3181 2540
3182 2541
3183 2548
3184 2541
3185 2536
3186 2546
3187 2541
3188 2539
3189 2537
3190 2543
3191 2534
3192 2540
3193 2544
3194 2535
3195 2545
3196 2542
3197 2548
3198 2540
3199 2540
3200 2540
3201 2535
3202 2542
3203 2540
3204 2536
3205 2538
3206 2547
3207 2539
3208 2542
3209 2538
3210 2541
3211 2546
3212 2545
3213 2547
3214 2547
3215 2533
3216 2539
3217 2539
3218 2539
3219 2539
3220 2538
3221 2539
3222 2540
3223 2538
3224 2539
3225 2540
3226 2540
3227 2538
3228 2544
3229 2535
3230 2540
3231 2534
3232 2534
3233 2547
3234 2539
3235 2541
3236 2540
3237 2541
3238 2532
3239 2539
3240 2539
3241 2539
3242 2539
3243 2538
3244 2541
3245 2538
3246 2538
3247 2539
3248 2539
3249 2538
3250 2536
3251 2539
3252 2532
3253 2538
3254 2538
3255 2537
3256 2539
3257 2532
3258 2546
3259 2535
3260 2539
3261 2545
3262 2536
3263 2543
3264 2538
3265 2532
3266 2542
3267 2544
3268 2544
3269 2535
3270 2537
3271 2533
3272 2534
3273 2536
3274 2538
3275 2537
3276 2534
3277 2538
3278 2534
3279 2538
3280 2531
3281 2537
3282 2537
3283 2536
3284 2537
3285 2535
3286 2534
3287 2545
3288 2536
3289 2534
3290 2531
3291 2539
3292 2536
3293 2536
3294 2538
3295 2538
3296 2539
3297 2533
3298 2538
3299 2538
3300 2538
3301 2543
3302 2542
3303 2536
3304 2539
3305 2545
3306 2543
3307 2537
3308 2530
3309 2531
3310 2530
3311 2541
3312 2538
3313 2537
3314 2538
3315 2537
3316 2539
3317 2540
3318 2535
3319 2535
3320 2535
3321 2530
3322 2541
3323 2540
3324 2531
3325 2535
3326 2534
3327 2537
3328 2538
3329 2531
3330 2530
3331 2530
3332 2532
3333 2536
3334 2537
3335 2537
3336 2538
3337 2530
3338 2542
3339 2534
3340 2534
3341 2538
3342 2538
3343 2536
3344 2537
3345 2534
3346 2540
3347 2539
3348 2536
3349 2536
3350 2536
3351 2536
3352 2535
3353 2536
3354 2537
3355 2530
3356 2534
3525 2534
3526 2533
3527 2533
3528 2534
3529 2533
3530 2531
3531 2532
3532 2533
3533 2534
3534 2534
3535 2533
3536 2534
3537 2535
3538 2532
3539 2533
3540 2527
3541 2534
3542 2531
3543 2531
3544 2531
3545 2531
3546 2531
3547 2533
3548 2536
3549 2537
3550 2532
3551 2532
3552 2532
3553 2532
3554 2532
3555 2532
3556 2532
3557 2532
3558 2526
3559 2532
3560 2532
3561 2529
3562 2531
3563 2531
3564 2531
3565 2531
3566 2531
3567 2531
3568 2530
3569 2536
3570 2537
3571 2530
3572 2530
3573 2531
3574 2530
3575 2534
3576 2535
3577 2537
3578 2532
3579 2531
3580 2531

