5522 2490
5523 2490
5524 2491
5525 2491
5526 2490
5527 2492
5528 2493
5529 2492
5530 2491
5531 2491
5532 2492
5533 2490
5534 2489
5535 2489
5536 2490
5537 2498
5538 2492
5539 2491
5540 2493
5541 2490
5542 2494
5543 2489
5544 2489
5545 2490
5546 2490
5547 2491
5548 2489
5549 2491
5550 2490
5551 2490
5552 2493
5553 2490
5554 2490
5555 2491
5556 2489
5557 2490
5558 2490
5559 2491
5560 2491
5561 2490
5562 2491
5563 2490
5564 2490
5565 2490
5566 2489
5567 2489
5568 2489
5569 2489
5570 2490
5571 2489
5572 2489
5573 2490
5574 2490
5575 2489
5576 2490
5577 2490
5578 2489
5579 2489
5580 2488
5581 2488
5582 2488
5583 2488
5584 2488
5585 2488
5586 2489
5587 2489
5588 2489
5589 2490
5590 2488
5591 2488
5592 2488
5593 2492
5594 2488
5595 2498
5596 2489
5597 2490
5598 2490
5599 2490
5600 2491
5601 2491
5602 2491
5603 2490
5604 2491
5605 2492
5606 2491
5607 2492
5608 2492
5609 2491
5610 2492
5611 2491
5612 2492
5613 2491
5614 2491
5615 2491
5616 2491
5617 2492
5618 2492
5619 2491
5620 2491
5621 2491
5622 2491
5623 2491
5624 2491
5625 2492
5626 2491
5627 2491
5628 2491
5629 2492
5630 2497
5631 2492
5632 2491
5633 2491
5634 2492
5635 2491
5636 2491
5637 2492
5638 2491
5639 2491
5640 2492
5641 2493
5642 2493
5643 2494
5644 2491
5645 2492
5646 2491
5647 2492
5648 2492
5649 2492
5650 2492
5651 2491
5652 2491
5653 2491
5654 2492
5655 2491
5656 2492
5657 2491
5658 2492
5659 2492
5660 2492
5661 2492
5662 2492
5663 2492
5664 2492
5665 2492
5666 2492
5667 2492
5668 2492
5669 2492
5670 2492
5671 2492
5672 2492
5673 2492
5674 2492
5675 2492
5676 2492
5677 2491
5678 2492
5679 2491
5680 2492
5681 2492
5682 2492
5683 2491
5684 2491
5685 2493
5686 2492
5687 2492
5688 2492
5689 2492
5690 2492
5691 2492
5692 2491
5693 2491
5694 2492
5695 2492
5696 2491
5697 2492
5698 2491
5699 2491
5700 2491
5701 2491
5702 2491
5703 2491
5704 2491
5705 2491
5706 2491
5707 2492
5708 2492
5709 2491
5710 2492
5711 2491
5712 2492
5713 2491
5714 2492
5715 2492
5716 2491
5717 2491
5718 2491
5719 2492
5720 2492
5721 2492
5722 2492
5723 2491
5724 2492
5725 2492
5726 2492
5727 2492
5728 2491
5729 2492
5730 2492
5731 2491
5732 2491
5733 2492
5734 2491
5735 2491
5736 2491
5737 2492
5738 2491
5739 2491
5740 2491
5741 2491
5742 2491
5743 2491
5744 2491
5745 2491
5746 2491

5645 2520
5646 2524
5647 2521
5648 2520
5649 2521
5650 2520
5651 2515
5652 2515
5653 2526
5654 2515
5655 2523
5656 2520
5657 2518
5658 2515
5659 2516
5660 2521
5661 2523
5662 2515
5663 2519
5664 2526
5665 2520
5666 2519
5667 2521
5668 2520
5669 2520
5670 2520
5671 2515
5672 2520
5673 2519
5674 2513
5675 2523
5676 2520
5677 2517
5678 2521
5679 2520
5680 2517
5681 2514
5682 2518
5683 2518
5684 2512
5685 2513
5686 2512
5687 2519
5688 2520
5689 2521
5690 2525
5691 2519
5692 2520
5693 2514
5694 2519
5695 2518
5696 2519
5697 2518
5698 2515
5699 2516
5700 2517
5701 2515
5702 2523
5703 2518
5704 2517
5705 2524
5706 2524
5707 2520
5708 2519
5709 2516
5710 2517
5711 2516
5712 2514
5713 2522
5714 2517
5715 2519
5716 2512
5717 2517
5718 2519
5719 2524
5720 2518
5721 2517
5722 2517
5723 2518
5724 2516
5725 2517
5726 2517
5727 2514
5728 2513

