2708 2509
2709 2509
2710 2509
2711 2508
2712 2509
2713 2509
2714 2509
2715 2514
2716 2512
2717 2509
2718 2509
2719 2509
2720 2509
2721 2509
2722 2514
2723 2513
2724 2513
2725 2509
2726 2508
2727 2506
2728 2506
2729 2505
2730 2505
2731 2507
2732 2508
2733 2504
2734 2505
2735 2509
2736 2515
2737 2506
2738 2508
2739 2506
2740 2506
2741 2506
2742 2507
2743 2508
2744 2508
2745 2505
2746 2505
2747 2506
2748 2506
2749 2508
2750 2505
2751 2511
2752 2512
2753 2511
2754 2507
2755 2511
2756 2511
2757 2506
2758 2506
2759 2507
2760 2506
2761 2506
2762 2507
2763 2506
2764 2505
2765 2505
2766 2504
2767 2506
2768 2505
2769 2508
2770 2507
2771 2512
2772 2503
2773 2506
2774 2504
2775 2502
2776 2502
2777 2502
2778 2503
2779 2502
2780 2501
2781 2502
2782 2505
2783 2501
2784 2501
2785 2500
2786 2500
2787 2501
2788 2501
2789 2501
2790 2501
2791 2501
2792 2500
2793 2500
2794 2499
2795 2499
2796 2498
2797 2499
2798 2498
2799 2498
2800 2498
2801 2498
2802 2499
2803 2498
2804 2498
2805 2500
2806 2499
2807 2500
2808 2500
2809 2501
2810 2500
2811 2499
2812 2503
2813 2502
2814 2500
2815 2500
2816 2500
2817 2500
2818 2501
2819 2501
2820 2501
2821 2500
2822 2500
2823 2500
2824 2501
2825 2501
2826 2501
2827 2500
2828 2501
2829 2501
2830 2501
2831 2501
2832 2501
2833 2501
2834 2501
2835 2501
2836 2501
2837 2501
2838 2502
2839 2501
2840 2501
2841 2501
2842 2502
2843 2501
2844 2500
2845 2501
2846 2501
2847 2501
2848 2501
2849 2501
2850 2502
2851 2501
2852 2502
2853 2501
2854 2501
2855 2501
2856 2501
2857 2501
2858 2501
2859 2502
2860 2502
2861 2501
2862 2502
2863 2501
2864 2502
2865 2503
2866 2502
2867 2502
2868 2502
2869 2502
2870 2502
2871 2502
2872 2501
2873 2501
2874 2502
2875 2501
2876 2501
2877 2502
2878 2502
2879 2501
2880 2502
2881 2502
2882 2501
2883 2501
2884 2502
2885 2501
2886 2501
2887 2501
2888 2501
2889 2501
2890 2501
2891 2501
2892 2501
2893 2501
2894 2502
2895 2502
2896 2502
2897 2502
2898 2502
2899 2501
2900 2502
2901 2502
2902 2502
2903 2503
2904 2502
2905 2502
2906 2503
2907 2508
2908 2510
2909 2507
2910 2505
2911 2505
2912 2505
2913 2504
2914 2504
2915 2504
2916 2504
2917 2503
2918 2506
2919 2505
2920 2514
2921 2505
2922 2510
2923 2507
2924 2506
2925 2508
2926 2508
2927 2504
2928 2504
2929 2503
2930 2507
2931 2509
2932 2510
2933 2505
2934 2503
2935 2511
2936 2505
2937 2511
2938 2503
2939 2503
2940 2505
2941 2504
2942 2512
2943 2511
2944 2507
2945 2509
2946 2510
2947 2503
2948 2507
2949 2506
2950 2505
2951 2504
2952 2508
2953 2507
2954 2506
2955 2505
2956 2505
2957 2504
2958 2504
2959 2504
2960 2505
2961 2505
2962 2506
2963 2506
2964 2506
2965 2507
2966 2502
2967 2503
2968 2504
2969 2503
2970 2504
2971 2504
2972 2503
2973 2502
2974 2503
2975 2503
2976 2505
2977 2504
2978 2503
2979 2504
2980 2502
2981 2502
2982 2503
2983 2508
2984 2501
2985 2502
2986 2503
2987 2502
2988 2502
2989 2502
2990 2505
2991 2502
2992 2502
2993 2502
2994 2501
2995 2502
2996 2507
2997 2501
2998 2501
2999 2501
3000 2502
3001 2501
3002 2501
3003 2501
3004 2501
3005 2501
3006 2501
3007 2502
3008 2501
3009 2502
3010 2501
3011 2502
3012 2505
3013 2501
3014 2501
3015 2502
3016 2501
3017 2501
3018 2501
3019 2501
3020 2501
3021 2501
3022 2501
3023 2501
3024 2502
3025 2502
3026 2501
3027 2501
3028 2501
3029 2501
3030 2501
3031 2501
3032 2506
3033 2501
3034 2501
3035 2505
3036 2501
3037 2502
3038 2501
3039 2501
3040 2500
3041 2501
3042 2500
3043 2501
3044 2501
3045 2502
3046 2501
3047 2501
3048 2501
3049 2501
3050 2501
3051 2501
3052 2501
3053 2501
3054 2501
3055 2500
3056 2501
3057 2500
3058 2502
3059 2502
3060 2501
3061 2502
3062 2501
3063 2502
3064 2501
3065 2500
3066 2501
3067 2502
3068 2501
3069 2501
3070 2500
3071 2501
3072 2507
3073 2502
3074 2500
3075 2501
3076 2500
3077 2501
3078 2501
3079 2503
3080 2500
3081 2499
3082 2499
3083 2501
3084 2500
3085 2500
3086 2500
3087 2500
3088 2500
3089 2499
3090 2499
3091 2499
3092 2500
3093 2499
3094 2501
3095 2499
3096 2499
3097 2499
3098 2499
3099 2501
3100 2499
3101 2499
3102 2499
3103 2499
3104 2500
3105 2506
3106 2499
3107 2499
3108 2499
3109 2500
3110 2499
3111 2499
3112 2499
3113 2499
3114 2499
3115 2499
3116 2499
3117 2498
3118 2499
3119 2499
3120 2499
3121 2499
3122 2498
3123 2498
3124 2498
3125 2499
3126 2498
3127 2499
3128 2499
3129 2499
3130 2499
3131 2498
3132 2498
3133 2499
3134 2499
3135 2499
3136 2499
3137 2498
3138 2498
3139 2498
3140 2498
3141 2498
3142 2497
3143 2498
3144 2497
3145 2497
3146 2498
3147 2498
3148 2497
3149 2497
3150 2497
3151 2503
3152 2497
3153 2503
3154 2497
3155 2498
3156 2497
3157 2497
3158 2497
3159 2498
3160 2497
3161 2497
3162 2497
3163 2497
3164 2497
3165 2497
3166 2497
3167 2497
3168 2497
3169 2498
3170 2498
3171 2497
3172 2497
3173 2496
3174 2497
3175 2497
3176 2497
3177 2498
3178 2499
3179 2501
3180 2497
3181 2496
3182 2497
3183 2497
3184 2501
3185 2497
3186 2497
3187 2497
3188 2497
3189 2497
3190 2498
3191 2497
3192 2497
3193 2497
3194 2497
3195 2497
3196 2497
3197 2497
3198 2497
3199 2496
3200 2497
3201 2496
3202 2496
3203 2497
3204 2497
3205 2497
3206 2496
3207 2497
3208 2496
3209 2496
3210 2496
3211 2496
3212 2496
3213 2496
3214 2496
3215 2496
3216 2496
3217 2495
3218 2500
3219 2495
3220 2495
3221 2495
3222 2494
3223 2495
3224 2494
3225 2495
3226 2495
3227 2495
3228 2494
3229 2494
3230 2494
3231 2494
3232 2494
3233 2494
3234 2493
3235 2493
3236 2494
3237 2493
3238 2493
3239 2493
3240 2493
3241 2493
3242 2493
3243 2493
3244 2494
3245 2492
3246 2492
3247 2496
3248 2495
3249 2495
3250 2492
3251 2491
3252 2491
3253 2495
3254 2491
3255 2491
3256 2491
3257 2492
3258 2491
3259 2491
3260 2490
3261 2490
3262 2497
3263 2497
3264 2494
3265 2490
3266 2489
3267 2489
3268 2488
3269 2488
3270 2488
3271 2488
3272 2488
3273 2490
3274 2487
3275 2488
3276 2488
3277 2487
3278 2487
3279 2487
3280 2488
3281 2487
3282 2486
3283 2487
3284 2486
3285 2487
3286 2490
3287 2488
3288 2488
3289 2487
3290 2487
3291 2487
3292 2487
3293 2487
3294 2486
3295 2487
3296 2486
3297 2486
3298 2486
3299 2486
3300 2486
3301 2486
3302 2489
3303 2489
3304 2485
3305 2485
3306 2485
3307 2486
3308 2487
3309 2485
3310 2485
3311 2486
3312 2485
3313 2485
3314 2486
3315 2486
3316 2486
3317 2486
3318 2487
3319 2486
3320 2486
3321 2486
3322 2486
3323 2486
3324 2487
3325 2488
3326 2488
3327 2488
3328 2493
3329 2493
3330 2494
3331 2494
3332 2494
3333 2494
3334 2494
3335 2494
3336 2495
3337 2495
3338 2495
3339 2495
3340 2495
3341 2495
3342 2496
3343 2496
3344 2496
3345 2497
3346 2497
3347 2498
3348 2498
3349 2498
3350 2497
3351 2498
3352 2498
3353 2498
3354 2498
3355 2498
3356 2498
3357 2499
3358 2499
3359 2499
3360 2499
3361 2499
3362 2498
3363 2499
3364 2499
3365 2499
3366 2499
3367 2499
3368 2499
3369 2499
3370 2499
3371 2499
3372 2499
3373 2499
3374 2499
3375 2499
3376 2499
3377 2498
3378 2498
3379 2498
3380 2498
3381 2498
3382 2498
3383 2498
3384 2497
3385 2497
3386 2497
3387 2497
3388 2497
3389 2497
3390 2497
3391 2497
3392 2497
3393 2497
3394 2497
3395 2497
3396 2497
3397 2497
3398 2498
3399 2498
3400 2498
3401 2498
3402 2498
3403 2499
3404 2498
3405 2498
3406 2498
3407 2497
3408 2497
3409 2497
3410 2497
3411 2497
3412 2497
3413 2499
3414 2498
3415 2497
3416 2497
3417 2498
3418 2497
3419 2497
3420 2497
3421 2497
3422 2497
3423 2497
3424 2497
3425 2498
3426 2498
3427 2498
3428 2498
3429 2498
3430 2498
3431 2497
3432 2497
3433 2498
3434 2497
3435 2497
3436 2497
3437 2498
3438 2498
3439 2498
3440 2498
3441 2499
3442 2499
3443 2499
3444 2499
3445 2500
3446 2500
3447 2500
3448 2500
3449 2501
3450 2500
3451 2501
3452 2500
3453 2501
3454 2501
3455 2500
3456 2501
3457 2501
3458 2502
3459 2501
3460 2501
3461 2501
3462 2501
3463 2501
3464 2501
3465 2501
3466 2501
3467 2501
3468 2502
3469 2501
3470 2501
3471 2502
3472 2502
3473 2501
3474 2502
3475 2502
3476 2502
3477 2502
3478 2502
3479 2501
3480 2502
3481 2501
3482 2501
3483 2502
3484 2502
3485 2502
3486 2502
3487 2502
3488 2502
3489 2502
3490 2502
3491 2502
3492 2502
3493 2502
3494 2501
3495 2501
3496 2501
3497 2501
3498 2502
3499 2501
3500 2501
3501 2502
3502 2501
3503 2501
3504 2501
3505 2501
3506 2501
3507 2501
3508 2501
3509 2501
3510 2501
3511 2501
3512 2501
3513 2501
3514 2501
3515 2501
3516 2501
3517 2501
3518 2501
3519 2501
3520 2501
3521 2501
3522 2500
3523 2500
3524 2500
3525 2501
3526 2500
3527 2500
3528 2500
3529 2500
3530 2501
3531 2501
3532 2501
3533 2504
3534 2501
3535 2501
3536 2501
3537 2501
3538 2501
3539 2501
3540 2501
3541 2501
3542 2501
3543 2501
3544 2501
3545 2501
3546 2501
3547 2501
3548 2501
3549 2500
3550 2500
3551 2501
3552 2500
3553 2500
3554 2500
3555 2500
3556 2500
3557 2502
3558 2501
3559 2501
3560 2503
3561 2500
3562 2500
3563 2501
3564 2501
3565 2500
3566 2499
3567 2499
3568 2500
3569 2500
3570 2500
3571 2499
3572 2500
3573 2501
3574 2500
3575 2501
3576 2501
3577 2501
3578 2501
3579 2501
3580 2501
3581 2501
3582 2501
3583 2501
3584 2501
3585 2501
3586 2501
3587 2501
3588 2501
3589 2502
3590 2502
3591 2502
3592 2502
3593 2502
3594 2502
3595 2502
3596 2502
3597 2502
3598 2502
3599 2502
3600 2503
3601 2503
3602 2503
3603 2503
3604 2503
3605 2503
3606 2503
3607 2503
3608 2503
3609 2502
3610 2502
3611 2502
3612 2502
3613 2502
3614 2503
3615 2503
3616 2503
3617 2502
3618 2502
3619 2502
3620 2502
3621 2503
3622 2503
3623 2503
3624 2503
3625 2503
3626 2503
3627 2503
3628 2502
3629 2502
3630 2502
3631 2502
3632 2503
3633 2503
3634 2503
3635 2503
3636 2503
3637 2503
3638 2503
3639 2503
3640 2503
3641 2503
3642 2502
3643 2503
3644 2503
3645 2503
3646 2503
3647 2503
3648 2503
3649 2503
3650 2503
3651 2503
3652 2503
3653 2503
3654 2503
3655 2505
3656 2505
3657 2503
3658 2503
3659 2503
3660 2503
3661 2502
3662 2506
3663 2506
3664 2503
3665 2503
3666 2503
3667 2503
3668 2503
3669 2503
3670 2503
3671 2503
3672 2503
3673 2503
3674 2503
3675 2503
3676 2503
3677 2503
3678 2503
3679 2503
3680 2503
3681 2503
3682 2502
3683 2503
3684 2502
3685 2503
3686 2502
3687 2503
3688 2502
3689 2503
3690 2503
3691 2503
3692 2502
3693 2503
3694 2503
3695 2503
3696 2503
3697 2503
3698 2503
3699 2503
3700 2503
3701 2503
3702 2503
3703 2503
3704 2503
3705 2503
3706 2503
3707 2503
3708 2503
3709 2503
3710 2503
3711 2503
3712 2503
3713 2503
3714 2503
3715 2503
3716 2503
3717 2503
3718 2503
3719 2503
3720 2503
3721 2503
3722 2502
3723 2502
3724 2503
3725 2503
3726 2503
3727 2503
3728 2503
3729 2503
3730 2503
3731 2503
3732 2503
3733 2503
3734 2503
3735 2503
3736 2503
3737 2503
3738 2503
3739 2503
3740 2503
3741 2503
3742 2503
3743 2503
3744 2503
3745 2503
3746 2503
3747 2504
3748 2504
3749 2503
3750 2503
3751 2503
3752 2503
3753 2503
3754 2504
3755 2504
3756 2504
3757 2503
3758 2504
3759 2504
3760 2504
3761 2504
3762 2504
3763 2504
3764 2504
3765 2504
3766 2504
3767 2504
3768 2504
3769 2504
3770 2504
3771 2504
3772 2504
3773 2504
3774 2504
3775 2504
3776 2504
3777 2504
3778 2504
3779 2504
3780 2504
3781 2504
3782 2504
3783 2504
3784 2504
3785 2504
3786 2504
3787 2504
3788 2504
3789 2504
3790 2504
3791 2504
3792 2504
3793 2504
3794 2503
3795 2503
3796 2503
3797 2503
3798 2503
3799 2503
3800 2503
3801 2503
3802 2503
3803 2503
3804 2503
3805 2503
3806 2503
3807 2503
3808 2503
3809 2503
3810 2503
3811 2503
3812 2503
3813 2503
3814 2503
3815 2503
3816 2503
3817 2503
3818 2503
3819 2503
3820 2503
3821 2503
3822 2503
3823 2503
3824 2502
3825 2503
3826 2503
3827 2502
3828 2502
3829 2502
3830 2502
3831 2502
3832 2502
3833 2502
3834 2502
3835 2502
3836 2502
3837 2502
3838 2502
3839 2502
3840 2502
3841 2502
3842 2502
3843 2502
3844 2502
3845 2502
3846 2502
3847 2502
3848 2502
3849 2502
3850 2502
3851 2502
3852 2502
3853 2502
3854 2502
3855 2502
3856 2502
3857 2502
3858 2502
3859 2502
3860 2502
3861 2502
3862 2502
3863 2502
3864 2501

3041 2545
3042 2537
3043 2543
3044 2537
3045 2546
3046 2543
3047 2549
3048 2548
3049 2544
3050 2543
3051 2537
3052 2545
3053 2547
3054 2545
3055 2536
3056 2534
3057 2544
3058 2544
3059 2534
3060 2544
3061 2545
3062 2545
3063 2547
3064 2546
3065 2545
3066 2545
3067 2537
3068 2534
3069 2535
3070 2537
3071 2546
3072 2548
3073 2543
3074 2546
3075 2545
3076 2546
3077 2544
3078 2535
3079 2546
3080 2534
3081 2544
3082 2547
3083 2544
3084 2543
3085 2542
3086 2543
3087 2544
3088 2544
3089 2544
3090 2544
3091 2544
3092 2546
3093 2545
3094 2546
3095 2547
3096 2547
3097 2545
3098 2545
3099 2533
3100 2536
3101 2545
3102 2542
3103 2543
3104 2541
3105 2544
3106 2543
3107 2542
3108 2542
3109 2542
3110 2542
3111 2543
3112 2544
3113 2546
3114 2543
3115 2546
3116 2544
3117 2546
3118 2542
3119 2543
3120 2543
3121 2538
3122 2543
3123 2532
3124 2543
3125 2534
3126 2532
3127 2542
3128 2539
3129 2543
3130 2542
3131 2543
3132 2542
3133 2543
3134 2541
3135 2537
3136 2545
3137 2541
3138 2542
3139 2542
3140 2542
3141 2543
3142 2541
3143 2541
3144 2540
3145 2531
3146 2539
3147 2542
3148 2530
3149 2540
3150 2540
3151 2541
3152 2539
3153 2543
3154 2540
3155 2540
3156 2541
3157 2540
3158 2540
3159 2540
3160 2539
3161 2539
3162 2539
3163 2538
3164 2540
3165 2534
3166 2533
3167 2539
3168 2539
3169 2539
3170 2539
3171 2538
3172 2543
3173 2537
3174 2540
3175 2541
3176 2538
3177 2540
3178 2539
3179 2539
3180 2539
3181 2539
3182 2533
3183 2529
3184 2542
3185 2540
3186 2540
3187 2530
3188 2541
3189 2540
3190 2540
3191 2541
3192 2542
3193 2541
3194 2538
3195 2540
3196 2529
3197 2539
3198 2532
3199 2542
3200 2542
3201 2538
3202 2539
3203 2541
3204 2527
3205 2539
3206 2538
3207 2537
3208 2537
3209 2539
3210 2537
3211 2538
3212 2538
3213 2530
3214 2536
3215 2537
3216 2534
3217 2535
3218 2538
3219 2537
3220 2541
3221 2532
3222 2526
3223 2537
3224 2537
3225 2526
3226 2536
3227 2535
3228 2536
3229 2536
3230 2535
3231 2540
3232 2535
3233 2535
3234 2534
3235 2536
3236 2534
3237 2535
3238 2534
3239 2534
3240 2538
3241 2534
3242 2535
3243 2534
3244 2533
3245 2530
3246 2533
3247 2533
3248 2539
3249 2533
3250 2533
3251 2539
3252 2527
3253 2532
3254 2533
3255 2532
3256 2532
3257 2532
3258 2532
3259 2531
3260 2531
3261 2532
3262 2531
3263 2531
3264 2528
3265 2529
3266 2530
3267 2530
3268 2529
3269 2537
3270 2529
3271 2529
3272 2534
3273 2529
3274 2526
3275 2523
3276 2527
3277 2531
3278 2535
3279 2527
3280 2527
3281 2521
3282 2520
3283 2527
3284 2529
3285 2531
3286 2526
3287 2528
3288 2533
3289 2531
3290 2526
3291 2526
3292 2526
3293 2528
3294 2526
3295 2526
3296 2525
3297 2526
3298 2525
3299 2526
3300 2529
3301 2529
3302 2524
3303 2526
3304 2525
3305 2526
3306 2526
3307 2525
3308 2532
3309 2530
3310 2524
3311 2518
3312 2530
3313 2525
3314 2518
3315 2519
3316 2519
3317 2518
3318 2526
3319 2526
3320 2530
3321 2522
3322 2529
3323 2522
3324 2531
3325 2525
3326 2526
3327 2533
3328 2520
3329 2532
3330 2531
3331 2531
3332 2530
3333 2531
3334 2532
3335 2532
3336 2533
3337 2533
3338 2534
3339 2540
3340 2534
3341 2534
3342 2536
3343 2533
3344 2534
3345 2535
3346 2535
3347 2535
3348 2535
3349 2535
3350 2539
3351 2536
3352 2536
3353 2537
3354 2536
3355 2536
3356 2536
3357 2539
3358 2536
3359 2537
3360 2537
3361 2536
3362 2537
3363 2536
3364 2536
3365 2537
3366 2536
3367 2537
3368 2536
3369 2537
3370 2536
3371 2537
3372 2537
3373 2536
3374 2537
3375 2538
3376 2537
3377 2537
3378 2540
3379 2536
3380 2541
3381 2537
3382 2533
3383 2540
3384 2534
3385 2534
3386 2534
3387 2534
3388 2534
3389 2534
3390 2533
3391 2538
3392 2534
3393 2534
3394 2537
3395 2535
3396 2534
3397 2534
3398 2533
3399 2533
3400 2533
3401 2532
3402 2533
3403 2535
3404 2532
3405 2534
3406 2534
3407 2534
3408 2534
3409 2535
3410 2535
3411 2539
3412 2538
3413 2535
3414 2533
3415 2534
3416 2536
3417 2533
3418 2534
3419 2534
3420 2533
3421 2532
3422 2533
3423 2532
3424 2532
3425 2532
3426 2534
3427 2533
3428 2533
3429 2533
3430 2539
3431 2533
3432 2533
3433 2533
3434 2533
3435 2533
3436 2535
3437 2534
3438 2534
3439 2535
3440 2535
3441 2534
3442 2534
3443 2540
3444 2537
3445 2534
3446 2535
3447 2528
3448 2534
3449 2535
3450 2534
3451 2534
3452 2535
3531 2528
3532 2528
3533 2528
3534 2528
3535 2528
3536 2528
3537 2528
3538 2528
3539 2528
3540 2528
3541 2528
3542 2528
3543 2528
3544 2528
3545 2528
3546 2529
3547 2527
3548 2527
3549 2527
3550 2527
3551 2527
3552 2527
3553 2527
3554 2527
3555 2526
3556 2526
3557 2527
3558 2526
3559 2526
3560 2526
3561 2526
3562 2527
3563 2525
3564 2524
3565 2521
3566 2526
3567 2526
3568 2526
3569 2525
3570 2526
3571 2527
3572 2528
3573 2526
3574 2531
3575 2528
3576 2528
3577 2526
3578 2526
3579 2528
3580 2527
3581 2528
3582 2525
3583 2534
3584 2528
3585 2528
3586 2527
3587 2528
3588 2529
3589 2521
3590 2521
3591 2528
3592 2529
3593 2528
3594 2529
3595 2534
3596 2528
3597 2534
3598 2526
3599 2529
3600 2529
3601 2520
3602 2528
3603 2529
3604 2528
3605 2528
3606 2529
3607 2521
3608 2529
3609 2529
3610 2529
3611 2535
3612 2533
3613 2534
3614 2526
3615 2526
3616 2531
3617 2522
3618 2524
3619 2521
3620 2529
3621 2530
3622 2529
3623 2521
3624 2522
3625 2529
3626 2528
3627 2531
3628 2528
3629 2529
3630 2528
3631 2529
3632 2528
3633 2528
3634 2529
3635 2529
3636 2529
3637 2528
3638 2529
3639 2524
3640 2529
3641 2534
3642 2529
3643 2529
3644 2520
3645 2520
3646 2527
3647 2521
3648 2530
3649 2528
3650 2529
3651 2530
3652 2523
3653 2529
3654 2524
3655 2531
3656 2520
3657 2534
3658 2521
3659 2534
3660 2529
3661 2523
3662 2519
3663 2519
3664 2519
3665 2521
3666 2521
3667 2523
3668 2522
3669 2526
3670 2523
3671 2524
3672 2529
3673 2525
3674 2519
3675 2519
3676 2519
3677 2519
3678 2519
3679 2524
3680 2524
3681 2524
3682 2524
3683 2524
3684 2524
3685 2526
3686 2524
3687 2523
3688 2523
3689 2523
3690 2524
3691 2522
3692 2527
3693 2522
3694 2522
3695 2522
3696 2523
3697 2527
3698 2522
3699 2522
3700 2522
3701 2522
3702 2523
3703 2523
3704 2523
3705 2523
3706 2523
3707 2526
3708 2531
3709 2526
3710 2522
3711 2521
3712 2521
3713 2522
3714 2522
3715 2523
3716 2523
3717 2524
3718 2525
3719 2525
3720 2522
3721 2525
3722 2523
3723 2523
3724 2522
3725 2522
3726 2523
3727 2523
3728 2524
3729 2524
3730 2524
3731 2525
3732 2523
3733 2530
3734 2521
3735 2520
3736 2519
3737 2520
3738 2520
3739 2518
3740 2517
3741 2516
3742 2519
3743 2522
3744 2523
3745 2523
3746 2522
3747 2516
3748 2518
3749 2522
3750 2522
3751 2522
3752 2521
3753 2522
3754 9999
3755 2522
3756 2522
3757 2522
3758 2521
3759 2522
3760 2519
3761 9999
3762 2518
3763 9999
3764 9999
3765 9999
3766 9999
3767 9999
3768 9999
3769 9999
3770 9999
3771 9999
3772 9999
3773 9999
3774 9999

