3144 2509
3145 2500
3146 2500
3147 2499
3148 2500
3149 2500
3150 2510
3151 2506
3152 2505
3153 2506
3154 2506
3155 2503
3156 2501
3157 2504
3158 2504
3159 2506
3160 2501
3161 2502
3162 2501
3163 2499
3164 2500
3165 2499
3166 2499
3167 2498
3168 2500
3169 2500
3170 2500
3171 2500
3172 2500
3173 2501
3174 2500
3175 2502
3176 2501
3177 2499
3178 2499
3179 2500
3180 2501
3181 2502
3182 2501
3183 2499
3184 2499
3185 2499
3186 2501
3187 2506
3188 2498
3189 2499
3190 2503
3191 2500
3192 2500
3193 2500
3194 2499
3195 2499
3196 2500
3197 2501
3198 2502
3199 2500
3200 2500
3201 2503
3202 2499
3203 2499
3204 2499
3205 2499
3206 2500
3207 2500
3208 2499
3209 2500
3210 2500
3211 2499
3212 2500
3213 2500
3214 2502
3215 2501
3216 2499
3217 2503
3218 2499
3219 2500
3220 2499
3221 2502
3222 2501
3223 2499
3224 2502
3225 2504
3226 2498
3227 2498
3228 2499
3229 2501
3230 2499
3231 2499
3232 2499
3233 2499
3234 2504
3235 2503
3236 2502
3237 2501
3238 2500
3239 2500
3240 2503
3241 2499
3242 2499
3243 2503
3244 2500
3245 2500
3246 2501
3247 2502
3248 2502
3249 2500
3250 2499
3251 2499
3252 2504
3253 2502
3254 2499
3255 2500
3256 2502
3257 2500
3258 2499
3259 2500
3260 2500
3261 2500
3262 2499
3263 2500
3264 2499
3265 2498
3266 2501
3267 2498
3268 2500
3269 2499
3270 2499
3271 2498
3272 2499
3273 2498
3274 2503
3275 2506
3276 2500
3277 2500
3278 2499
3279 2499
3280 2501
3281 2498
3282 2507
3283 2498
3284 2499
3285 2499
3286 2500
3287 2500
3288 2500
3289 2501
3290 2500
3291 2499
3292 2500
3293 2500
3294 2499
3295 2499
3296 2499
3297 2499
3298 2499
3299 2499
3300 2500
3301 2499
3302 2499
3303 2499
3304 2500
3305 2500
3306 2499
3307 2499
3308 2499
3309 2499
3310 2501
3311 2502
3312 2503
3313 2503
3314 2503
3315 2500
3316 2505
3317 2504
3318 2504
3319 2502
3320 2507
3321 2501
3322 2499
3323 2500
3324 2504
3325 2499
3326 2499
3327 2498
3328 2501
3329 2499
3330 2499
3331 2498
3332 2499
3333 2499
3334 2500
3335 2500
3336 2499
3337 2500
3338 2499
3339 2498
3340 2499
3341 2500
3342 2501
3343 2503
3344 2498
3345 2498
3346 2498
3347 2499
3348 2499
3349 2499
3350 2500
3351 2502
3352 2499
3353 2499
3354 2500
3355 2502
3356 2499
3357 2501
3358 2500
3359 2499
3360 2500
3361 2499
3362 2503
3363 2500
3364 2503
3365 2505
3366 2501
3367 2499
3368 2499
3369 2500
3370 2501
3371 2501
3372 2499
3373 2501
3374 2500
3375 2499
3376 2504
3377 2500
3378 2501
3379 2502
3380 2499
3381 2500
3382 2502
3383 2503
3384 2500
3385 2499
3386 2500
3387 2500
3388 2500
3389 2501
3390 2501
3391 2499
3392 2501
3393 2501
3394 2499
3395 2503
3396 2504
3397 2500
3398 2499
3399 2500
3400 2500
3401 2499
3402 2499
3403 2499
3404 2501
3405 2501
3406 2500
3407 2500
3408 2500
3409 2500
3410 2500
3411 2500
3412 2501
3413 2501
3414 2501
3415 2501
3416 2501
3417 2501
3418 2500
3419 2501
3420 2500
3421 2500
3422 2501
3423 2500
3424 2500
3425 2500
3426 2500
3427 2500
3428 2500
3429 2501
3430 2500
3431 2500
3432 2500
3433 2500
3434 2500
3435 2500
3436 2500
3437 2500
3438 2499
3439 2499
3440 2499
3441 2500
3442 2500
3443 2500
3444 2500
3445 2500
3446 2500
3447 2499
3448 2500
3449 2500
3450 2500
3451 2500
3452 2500
3453 2500
3454 2500
3455 2500
3456 2500
3457 2500
3458 2500
3459 2500
3460 2500
3461 2500
3462 2500
3463 2500
3464 2500
3465 2500
3466 2501
3467 2501
3468 2501
3469 2501
3470 2501
3471 2501
3472 2501
3473 2501
3474 2501
3475 2501
3476 2501
3477 2501
3478 2501
3479 2501
3480 2501
3481 2501
3482 2500
3483 2500
3484 2500
3485 2500
3486 2500
3487 2500
3488 2501
3489 2501
3490 2501
3491 2501
3492 2500
3493 2500
3494 2501
3495 2500
3496 2500
3497 2501
3498 2501
3499 2500
3500 2500
3501 2499
3502 2500
3503 2500
3504 2500
3505 2500
3506 2500
3507 2500
3508 2500
3509 2500
3510 2500
3511 2500
3512 2500
3513 2500
3514 2499
3515 2500
3516 2499
3517 2499
3518 2499
3519 2499
3520 2499
3521 2500
3522 2499
3523 2499
3524 2499
3525 2498
3526 2499
3527 2499
3528 2500
3529 2500
3530 2499
3531 2499
3532 2499
3533 2499
3534 2499
3535 2499
3536 2499
3537 2499
3538 2499
3539 2499
3540 2499
3541 2499
3542 2499
3543 2499
3544 2499
3545 2499
3546 2499
3547 2499
3548 2499
3549 2499
3550 2499
3551 2499
3552 2499
3553 2499
3554 2499
3555 2499
3556 2499
3557 2499
3558 2499
3559 2499
3560 2499
3561 2498
3562 2500
3563 2500
3564 2499
3565 2498
3566 2499
3567 2499
3568 2502
3569 2499
3570 2498
3571 2499
3572 2499
3573 2499
3574 2499
3575 2499
3576 2499
3577 2499
3578 2499
3579 2499
3580 2498
3581 2499
3582 2499
3583 2498
3584 2499
3585 2499
3586 2498
3587 2498
3588 2498
3589 2499
3590 2498
3591 2498
3592 2498
3593 2498
3594 2498
3595 2498
3596 2498
3597 2498
3598 2498
3599 2498
3600 2498
3601 2498
3602 2498
3603 2499
3604 2499
3605 2498
3606 2498
3607 2498
3608 2498
3609 2498
3610 2498
3611 2498
3612 2498
3613 2498
3614 2498
3615 2498
3616 2498
3617 2498
3618 2498
3619 2498
3620 2498
3621 2498
3622 2498
3623 2498
3624 2499
3625 2499
3626 2498
3627 2498
3628 2497
3629 2498
3630 2498
3631 2498
3632 2498
3633 2498
3634 2498
3635 2498
3636 2498
3637 2498
3638 2499
3639 2499
3640 2498
3641 2498
3642 2498
3643 2498
3644 2498
3645 2498
3646 2498
3647 2498
3648 2498
3649 2497
3650 2499
3651 2499
3652 2499
3653 2499
3654 2498
3655 2498
3656 2498
3657 2498
3658 2498
3659 2498
3660 2498
3661 2497
3662 2501
3663 2500
3664 2499
3665 2499
3666 2498
3667 2498
3668 2499
3669 2500
3670 2498
3671 2498
3672 2498
3673 2498
3674 2498
3675 2498
3676 2499
3677 2497
3678 2497
3679 2497
3680 2497
3681 2497
3682 2499
3683 2499
3684 2498
3685 2497
3686 2497
3687 2497
3688 2496
3689 2496
3690 2496
3691 2495
3692 2495
3693 2495
3694 2495
3695 2495
3696 2495
3697 2495
3698 2495
3699 2494
3700 2494
3701 2494
3702 2494
3703 2494
3704 2494
3705 2494
3706 2494
3707 2494
3708 2494
3709 2493
3710 2494
3711 2494
3712 2494
3713 2494
3714 2494
3715 2494
3716 2494
3717 2494
3718 2494
3719 2494
3720 2495
3721 2495
3722 2495
3723 2495
3724 2495
3725 2495
3726 2495
3727 2495
3728 2495
3729 2495
3730 2495
3731 2495
3732 2494
3733 2495
3734 2494
3735 2494
3736 2494
3737 2494
3738 2494
3739 2494
3740 2494
3741 2494
3742 2494
3743 2494
3744 2493
3745 2493
3746 2493
3747 2493
3748 2493
3749 2493
3750 2493
3751 2493
3752 2493
3753 2493
3754 2493
3755 2493
3756 2493
3757 2493
3758 2493
3759 2493
3760 2493
3761 2493
3762 2493
3763 2493
3764 2493
3765 2493
3766 2493
3767 2493
3768 2493
3769 2493
3770 2493
3771 2493
3772 2492
3773 2493
3774 2493
3775 2493
3776 2493
3777 2493
3778 2493
3779 2493
3780 2493
3781 2493
3782 2493
3783 2493
3784 2493
3785 2493
3786 2493
3787 2493
3788 2493
3789 2493
3790 2493
3791 2492
3792 2492
3793 2493
3794 2493
3795 2493
3796 2493
3797 2492
3798 2493
3799 2492
3800 2493
3801 2492
3802 2492
3803 2492
3804 2492
3805 2492
3806 2492
3807 2492
3808 2492
3809 2492
3810 2493
3811 2492
3812 2492
3813 2492
3814 2492
3815 2493
3816 2492
3817 2492
3818 2492
3819 2492
3820 2492
3821 2492
3822 2492
3823 2492
3824 2492
3825 2492
3826 2492
3827 2492
3828 2492
3829 2492
3830 2492
3831 2492
3832 2492
3833 2492
3834 2492
3835 2492
3836 2492
3837 2492
3838 2492
3839 2492
3840 2492
3841 2492
3842 2492
3843 2492
3844 2492
3845 2492
3846 2492
3847 2492
3848 2492
3849 2492
3850 2492
3851 2492
3852 2492
3853 2492
3854 2492
3855 2492
3856 2492
3857 2492
3858 2492
3859 2492
3860 2492

3360 2518
3361 2514
3362 2525
3363 2512
3364 2521
3365 9999
3366 2513
3367 2514
3368 2514
3369 2517
3370 2522
3371 2523
3372 2525
3373 2515
3374 2522
3375 2525
3376 2524
3377 2524
3378 2524
3379 2525
3380 2528
3381 2522
3382 2529
3383 2528
3384 2518
3385 2525
3386 2519
3387 2527
3388 2528
3389 2524
3390 2529
3391 2523
3392 2526
3393 2526
3394 2522
3395 2529
3396 2521
3397 2524
3398 2529
3399 2523
3400 2532
3401 2525
3402 2534
3403 2534
3404 2531
3405 2527
3406 2529
3407 2524
3408 2527
3409 2529
3410 2523
3411 2531
3412 2531
3413 2524
3414 2522
3415 2531
3416 2532
3417 2531
3418 2520
3419 2530
3420 2532
3421 2526
3422 2528
3423 2521
3424 2524
3425 2528
3426 2528
3427 2525
3428 2529
3429 2528
3430 2528
3431 2525
3432 2527
3433 2527
3434 2527
3435 2523
3436 2522
3437 2528
3438 2521
3439 2535
3440 2531
3441 2524
3442 2526
3443 2527
3444 2527
3445 2527
3446 2528
3447 2528
3448 2527
3449 2528
3450 2529
3451 2526
3452 2528
3453 2527
3454 2526
3455 2528
3456 2527
3457 2531
3458 2528
3459 2527
3460 2528
3461 2528
3462 2528
3463 2528
3464 2530
3465 2529
3466 2527
3467 2523
3468 2537
3469 2526
3470 2529
3471 2528
3472 2526
3473 2528
3474 2529
3475 2532
3476 2529
3477 2531
3478 2532
3479 2532
3480 2535
3481 2530
3482 2530
3483 2525
3484 2529
3485 2531
3486 2532
3487 2530
3488 2531
3489 2531
3490 2531
3491 2530
3492 2530
3493 2537
3494 2531
3495 2532
3496 2526
3497 2532
3498 2531
3499 2532
3500 2530
3501 2532
3502 2532
3503 2530
3504 2520
3505 2524
3506 2523
3507 2523
3508 2523
3509 2523
3510 2524
3511 2524
3512 2529
3513 2524
3514 2523
3515 2525
3516 2526
3517 2531
3518 2526
3519 2526
3520 2526
3521 2531
3522 2526
3523 2523
3524 2521
3525 2532
3526 2526
3527 2524
3528 2525
3529 2526
3530 2526
3531 2526
3532 2529
3533 2527
3534 2524
3535 2522
3536 2527
3537 2526
3538 2526
3539 2526
3540 2526
3541 2527
3542 2524
3543 2526
3544 2525
3545 2526
3546 2526
3547 2522
3548 2534
3549 2525
3550 2526
3551 2529
3552 2532
3553 2530
3554 2522
3555 2526
3556 2531
3557 2526
3558 2529
3559 2529
3560 2527
3561 2529
3562 2528
3563 2533
3564 2528
3565 2526
3566 2529
3567 2527
3568 2530
3569 2528
3570 2519
3571 2525
3572 2527
3573 2526
3574 2526
3575 2523
3576 2518
3577 2526
3578 2525
3579 2525
3580 2525
3581 2524
3582 2530
3583 2529
3584 2526
3585 2525
3586 2526
3587 2524
3588 2526
3589 2523
3590 2522
3591 2523
3592 2525
3593 2529
3594 2522
3595 2523
3596 2524
3597 2523
3598 2517
3599 2523
3600 2525
3601 2524
3602 2525
3603 2530
3604 2529
3605 2530
3606 2530
3607 2524
3608 2523
3609 2516
3610 2524
3611 2523
3612 2527
3613 2523
3614 2522
3615 2523
3616 2523
3617 2521
3618 2530
3619 2523
3620 2522
3621 2523
3622 2522
3623 2522
3624 2522
3625 2524
3626 2529
3627 2522
3628 2528
3629 2530
3630 2524
3631 2521
3632 2522
3633 2524
3634 2525
3635 2524
3636 2523
3637 2522
3638 2531
3639 2528
3640 2525
3641 2523
3642 2522
3643 2524
3644 2523
3645 2518
3646 2523
3647 2526
3648 2527
3649 2527
3650 2522
3651 2520
3652 2522
3653 2518
3654 2521
3655 2520
3656 2522
3657 2521
3658 2523
3659 2524
3660 2526
3661 2521
3662 2522
3663 2521
3664 2521
3665 2521
3666 2523
3667 2520
3668 2522
3669 2524
3670 2523
3671 2524
3672 2525
3673 2522
3674 2517
3675 2525
3676 2526
3677 2519
3678 2525
3679 2526
3680 2522
3681 2524
3682 2523
3683 2523
3684 2523
3685 2524
3686 2527
3687 2521
3688 2526
3689 2528
3690 2520
3691 2522
3692 2525
3693 2532
3694 2531
3695 2532
3696 2522
3697 2525
3698 2531
3699 2522
3700 2526
3701 2520
3702 2518
3703 2518
3704 2526
3705 2520
3706 2518
3707 2530
3708 2519
3709 2530
3710 2520
3711 2519
3712 2530
3713 2531
3714 2519
3715 2529
3716 2519
3717 2519
3718 2532
3719 2533
3720 2528
3721 2520
3722 2527
3723 2527
3724 2520
3725 2532
3726 2527
3727 2527
3728 2526
3729 2526
3730 2532
3731 2526
3732 2523
3733 2528
3734 2528
3735 2522
3736 2522
3737 2524
3738 2534
3739 2522
3740 2528
3741 2526
3742 2534
3743 2525
3744 2527
3745 2531
3746 2529
3747 2530
3748 2529
3749 2530
3750 2530
3751 2529
3752 2531
3753 2531
3754 2531
3755 2525
3756 2539
3757 2530
3758 2529
3759 2530
3760 2531
3761 2527
3762 2530
3763 2527
3764 2535
3765 2529
3766 2533
3767 2532
3768 2532
3769 2533
3770 2532
3771 2531
3772 2530
3773 2531
3774 2531
3775 2530

