2829 2506
2830 2505
2831 2504
2832 2503
2833 2503
2834 2504
2835 2503
2836 2503
2837 2506
2838 2515
2839 2504
2840 2505
2841 2506
2842 2503
2843 2503
2844 2505
2845 2507
2846 2504
2847 2503
2848 2503
2849 2503
2850 2503
2851 2504
2852 2504
2853 2504
2854 2504
2855 2504
2856 2504
2857 2504
2858 2503
2859 2504
2860 2504
2861 2507
2862 2504
2863 2503
2864 2513
2865 2504
2866 2504
2867 2508
2868 2508
2869 2506
2870 2503
2871 2507
2872 2506
2873 2506
2874 2503
2875 2503
2876 2503
2877 2504
2878 2503
2879 2503
2880 2503
2881 2503
2882 2503
2883 2504
2884 2511
2885 2504
2886 2505
2887 2504
2888 2504
2889 2505
2890 2506
2891 2505
2892 2504
2893 2504
2894 2506
2895 2504
2896 2505
2897 2506
2898 2504
2899 2505
2900 2504
2901 2506
2902 2505
2903 2504
2904 2504
2905 2518
2906 2504
2907 2518
2908 2508
2909 2504
2910 2504
2911 2504
2912 2506
2913 2504
2914 2510
2915 2505
2916 2504
2917 2504
2918 2507
2919 2504
2920 2506
2921 2506
2922 2507
2923 2504
2924 2504
2925 2504
2926 2504
2927 2504
2928 2504
2929 2504
2930 2504
2931 2504
2932 2504
2933 2505
2934 2504
2935 2509
2936 2510
2937 2507
2938 2504
2939 2504
2940 2504
2941 2504
2942 2504
2943 2504
2944 2504
2945 2504
2946 2504
2947 2504
2948 2518
2949 2506
2950 2508
2951 2513
2952 2506
2953 2507
2954 2504
2955 2504
2956 2511
2957 2504
2958 2504
2959 2504
2960 2504
2961 2504
2962 2504
2963 2504
2964 2504
2965 2518
2966 2505
2967 2504
2968 2509
2969 2505
2970 2504
2971 2505
2972 2504
2973 2506
2974 2506
2975 2505
2976 2505
2977 2505
2978 2505
2979 2504
2980 2507
2981 2504
2982 2504
2983 2504
2984 2504
2985 2504
2986 2504
2987 2504
2988 2504
2989 2504
2990 2504
2991 2504
2992 2504
2993 2505
2994 2504
2995 2505
2996 2505
2997 2505
2998 2505
2999 2505
3000 2505
3001 2505
3002 2505
3003 2505
3004 2505
3005 2505
3006 2505
3007 2505
3008 2507
3009 2505
3010 2505
3011 2505
3012 2505
3013 2509
3014 2506
3015 2506
3016 2508
3017 2505
3018 2507
3019 2507
3020 2509
3021 2508
3022 2509
3023 2505
3024 2505
3025 2508
3026 2507
3027 2507
3028 2505
3029 2505
3030 2507
3031 2508
3032 2508
3033 2509
3034 2505
3035 2505
3036 2505
3037 2505
3038 2505
3039 2505
3040 2505
3041 2508
3042 2507
3043 2505
3044 2505
3045 2505
3046 2505
3047 2511
3048 2507
3049 2509
3050 2510
3051 2507
3052 2505
3053 2505
3054 2505
3055 2507
3056 2506
3057 2508
3058 2509
3059 2508
3060 2507
3061 2506
3062 2510
3063 2505
3064 2504
3065 2505
3066 2504
3067 2504
3068 2504
3069 2508
3070 2504
3071 2504
3072 2504
3073 2504
3074 2504
3075 2504
3076 2504
3077 2506
3078 2507
3079 2504
3080 2506
3081 2505
3082 2504
3083 2504
3084 2508
3085 2509
3086 2504
3087 2505
3088 2504
3089 2504
3090 2510
3091 2503
3092 2503
3093 2503
3094 2503
3095 2503
3096 2503
3097 2503
3098 2503
3099 2503
3100 2503
3101 2503
3102 2503
3103 2507
3104 2505
3105 2503
3106 2503
3107 2507
3108 2503
3109 2504
3110 2503
3111 2510
3112 2507
3113 2505
3114 2510
3115 2505
3116 2505
3117 2509
3118 2509
3119 2506
3120 2506
3121 2510
3122 2507
3123 2508
3124 2509
3125 2506
3126 2503
3127 2507
3128 2503
3129 2503
3130 2509
3131 2506
3132 2506
3133 2506
3134 2507
3135 2506
3136 2511
3137 2508
3138 2506
3139 2506
3140 2506
3141 2505
3142 2505
3143 2507
3144 2506
3145 2506
3146 2506
3147 2506
3148 2506
3149 2505
3150 2506
3151 2506
3152 2505
3153 2508
3154 2507
3155 2504
3156 2506
3157 2517
3158 2508
3159 2509
3160 2508
3161 2505
3162 2507
3163 2508
3164 2509
3165 2508
3166 2506
3167 2506
3168 2510
3169 2505
3170 2506
3171 2507
3172 2508
3173 2509
3174 2505
3175 2505
3176 2506
3177 2507
3178 2506
3179 2512
3180 2506
3181 2510
3182 2516
3183 2508
3184 2513
3185 2505
3186 2505
3187 2506
3188 2506
3189 2509
3190 2509
3191 2510
3192 2504
3193 2507
3194 2506
3195 2508
3196 2507
3197 2506
3198 2506
3199 2509
3200 2508
3201 2505
3202 2505
3203 2505
3204 2505
3205 2505
3206 2508
3207 2506
3208 2504
3209 2505
3210 2504
3211 2503
3212 2505
3213 2505
3214 2504
3215 2509
3216 2509
3217 2507
3218 2508
3219 2508
3220 2512
3221 2504
3222 2506
3223 2507
3224 2506
3225 2508
3226 2505
3227 2505
3228 2505
3229 2505
3230 2504
3231 2508
3232 2507
3233 2504
3234 2503
3235 2503
3236 2504
3237 2505
3238 2504
3239 2505
3240 2505
3241 2507
3242 2505
3243 2508
3244 2505
3245 2505
3246 2505
3247 2508
3248 2505
3249 2508
3250 2504
3251 2505
3252 2504
3253 2504
3254 2505
3255 2505
3256 2506
3257 2504
3258 2505
3259 2509
3260 2508
3261 2507
3262 2504
3263 2504
3264 2504
3265 2504
3266 2504
3267 2504
3268 2504
3269 2504
3270 2504
3271 2504
3272 2504
3273 2504
3274 2504
3275 2504
3276 2504
3277 2504
3278 2504
3279 2504
3280 2504
3281 2504
3282 2504
3283 2504
3284 2504
3285 2504
3286 2504
3287 2504
3288 2504
3289 2504
3290 2504
3291 2503
3292 2503
3293 2503
3294 2504
3295 2503
3296 2503
3297 2503
3298 2503
3299 2504
3300 2503
3301 2504
3302 2504
3303 2503
3304 2503
3305 2503
3306 2503
3307 2503
3308 2504
3309 2505
3310 2505
3311 2503
3312 2504
3313 2503
3314 2503
3315 2503
3316 2503
3317 2503
3318 2504
3319 2503
3320 2503
3321 2503
3322 2503
3323 2503
3324 2503
3325 2503
3326 2503
3327 2503
3328 2503
3329 2503
3330 2503
3331 2503
3332 2503
3333 2503
3334 2503
3335 2503
3336 2503
3337 2503
3338 2503
3339 2502
3340 2503
3341 2502
3342 2502
3343 2503
3344 2503
3345 2503
3346 2502
3347 2502
3348 2502
3349 2502
3350 2502
3351 2501
3352 2502
3353 2504
3354 2501
3355 2504
3356 2502
3357 2502
3358 2502
3359 2502
3360 2502
3361 2501
3362 2501
3363 2500
3364 2505
3365 2501
3366 2507
3367 2501
3368 2501
3369 2502
3370 2502
3371 2502
3372 2502
3373 2502
3374 2502
3375 2502
3376 2501
3377 2501
3378 2501
3379 2501
3380 2501
3381 2502
3382 2502
3383 2501
3384 2501
3385 2501
3386 2501
3387 2501
3388 2500
3389 2501
3390 2500
3391 2500
3392 2501
3393 2501
3394 2502
3395 2501
3396 2501
3397 2501
3398 2502
3399 2505
3400 2501
3401 2501
3402 2501
3403 2500
3404 2500
3405 2501
3406 2501
3407 2507
3408 2511
3409 2500
3410 2501
3411 2500
3412 2500
3413 2500
3414 2501
3415 2499
3416 2498
3417 2498
3418 2499
3419 2499
3420 2498
3421 2498
3422 2499
3423 2499
3424 2499
3425 2503
3426 2507
3427 2506
3428 2507
3429 2507
3430 2504
3431 2504
3432 2502
3433 2500
3434 2500
3435 2500
3436 2500
3437 2500
3438 2500
3439 2500
3440 2500
3441 2500
3442 2500
3443 2500
3444 2500
3445 2500
3446 2500
3447 2500
3448 2500
3449 2500
3450 2500
3451 2499
3452 2499
3453 2500
3454 2500
3455 2500
3456 2500
3457 2500
3458 2499
3459 2500
3460 2500
3461 2500
3462 2500
3463 2500
3464 2500
3465 2500
3466 2500
3467 2499
3468 2499
3469 2499
3470 2499
3471 2499
3472 2499
3473 2499
3474 2499
3475 2499
3476 2499
3477 2499
3478 2499
3479 2499
3480 2499
3481 2499
3482 2499
3483 2499
3484 2499
3485 2499
3486 2499
3487 2499
3488 2499
3489 2499
3490 2499
3491 2499
3492 2499
3493 2499
3494 2499
3495 2499
3496 2499
3497 2499
3498 2499
3499 2499
3500 2499
3501 2499
3502 2499
3503 2499
3504 2498
3505 2498
3506 2499
3507 2499
3508 2499
3509 2499
3510 2499
3511 2499
3512 2499
3513 2499
3514 2499
3515 2499
3516 2498
3517 2499
3518 2499
3519 2499
3520 2499
3521 2499
3522 2499
3523 2499
3524 2499
3525 2499
3526 2499
3527 2499
3528 2500
3529 2499
3530 2499
3531 2499
3532 2499
3533 2499
3534 2499
3535 2499
3536 2499
3537 2499
3538 2499
3539 2499
3540 2499
3541 2498
3542 2499
3543 2499
3544 2499
3545 2499
3546 2499
3547 2498
3548 2499
3549 2499
3550 2499
3551 2499
3552 2499
3553 2499
3554 2499
3555 2499
3556 2499
3557 2499
3558 2499
3559 2498
3560 2498
3561 2498
3562 2499
3563 2498
3564 2498
3565 2498
3566 2498
3567 2498
3568 2498
3569 2498
3570 2498
3571 2498
3572 2498
3573 2498
3574 2498
3575 2498
3576 2498
3577 2498
3578 2498
3579 2498
3580 2498
3581 2498
3582 2499
3583 2498
3584 2499
3585 2498
3586 2498
3587 2498
3588 2498
3589 2498
3590 2498
3591 2498
3592 2498
3593 2498
3594 2498
3595 2498
3596 2498
3597 2498
3598 2498
3599 2498
3600 2498
3601 2498
3602 2498
3603 2498
3604 2498
3605 2498
3606 2498
3607 2498
3608 2498
3609 2498
3610 2498
3611 2498
3612 2498
3613 2498
3614 2498
3615 2498
3616 2498
3617 2498
3618 2498
3619 2498
3620 2498
3621 2498
3622 2497
3623 2497
3624 2497
3625 2497
3626 2497
3627 2497
3628 2497
3629 2497
3630 2497
3631 2497
3632 2497
3633 2497
3634 2497
3635 2497
3636 2497
3637 2497
3638 2496
3639 2496
3640 2496
3641 2497
3642 2496
3643 2496
3644 2496
3645 2496
3646 2496
3647 2496
3648 2496
3649 2496
3650 2496
3651 2496
3652 2496
3653 2496
3654 2496
3655 2496
3656 2496
3657 2495

3350 2544
3351 2534
3352 2540
3353 2543
3354 2532
3355 2538
3356 2538
3357 2544
3358 2542
3359 2542
3360 2540
3361 2541
3362 2544
3363 2533
3364 2534
3365 2535
3366 2534
3367 2533
3368 2533
3369 2534
3370 2537
3371 2533
3372 2532
3373 2540
3374 2539
3375 2543
3376 2538
3377 2531
3378 2536
3379 2543
3380 2545
3381 2537
3382 2543
3383 2531
3384 2542
3385 2533
3386 2535
3387 2535
3388 2533
3389 2539
3390 2533
3391 2534
3392 2533
3393 2542
3394 2542
3395 2534
3396 2541
3397 2545
3398 2545
3399 2541
3400 2532
3401 2533
3402 2541
3403 2544
3404 2537
3405 2533
3406 2544
3407 2532
3408 2533
3409 2531
3410 2531
3411 2536
3412 2537
3413 2534
3414 2535
3415 2536
3416 2540
3417 2531
3418 2537
3419 2534
3420 2534
3421 2530
3422 2530
3423 2535
3424 2530
3425 2540
3426 2534
3427 2530
3428 2530
3429 2539
3430 2530
3431 2530
3432 2539
3433 2531
3434 2532
3435 2534
3436 2544
3437 2538
3438 2530
3439 2542
3440 2535
3441 2531
3442 2542
3443 2538
3444 2533
3445 2537
3446 2532
3447 2530
3448 2530
3449 2541
3450 2530
3451 2538
3452 2540
3453 2538
3454 2537
3455 2537
3456 2542
3457 2541
3458 2537
3459 2541
3460 2538
3461 2539
3462 2537
3463 2535
3464 2536
3465 2538
3466 2537
3467 2537
3468 2540
3469 2539
3470 2538
3471 2543
3472 2538
3473 2537
3474 2537
3475 2536
3476 2537
3477 2537
3478 2540
3479 2540
3480 2538
3481 2530
3482 2537
3483 2537
3484 2541
3485 2537
3486 2536
3487 2537
3488 2535
3489 2538
3490 2537
3491 2543
3492 2537
3493 2537
3494 2537
3495 2543
3496 2540
3497 2540
3498 2537
3499 2531
3500 2533
3501 2530
3502 2538
3503 2538
3504 2539
3505 2529
3506 2535
3507 2535
3508 2539
3509 2538
3510 2535
3511 2536
3512 2535
3513 2538
3514 2535
3515 2537
3516 2537
3517 2541
3518 2540
3519 2538
3520 2537
3521 2537
3522 2531
3523 2536
3524 2536
3525 2536
3526 2535
3527 2536
3528 2543
3529 2538
3530 2541
3531 2537
3532 2537
3533 2537
3534 2532
3535 2538
3536 2540
3537 2536
3538 2537
3539 2538
3540 2537
3541 2537
3542 2537
3543 2537
3544 2536
3545 2536
3546 2536
3547 2537
3548 2537
3549 2544
3550 2537
3551 2543
3552 2536
3553 2539
3554 2538
3555 2537
3556 2537
3557 2537
3558 2542
3559 2531
3560 2539
3561 2536
3562 2537
3563 2536
3564 2535
3565 2538
3566 2536
3567 2536
3568 2544
3569 2543
3570 2532
3571 2535
3572 2537
3573 2537
3574 2542
3575 2535
3576 2544
3577 2536
3578 2536
3579 2534
3580 2537
3581 2529
3582 2535
3583 2536
3584 2536
3585 2539
3586 2540
3587 2536
3588 2540
3589 2541
3590 2540
3591 2536
3592 2536
3593 2542
3594 2539
3595 2535
3596 2539
3597 2531
3598 2536
3599 2530
3600 2537
3601 2536
3602 2536
3603 2535
3604 2537
3605 2536
3606 2540
3607 2542
3608 2535
3609 2537
3610 2540
3611 2535
3612 2536
3613 2540
3614 2535
3615 2535
3616 2536
3617 2535
3618 2536
3619 2540
3620 2535
3621 2536
3622 2537
3623 2540
3624 2533
3625 2528
3626 2533

