2044 2513
2045 2521
2046 2522
2047 2522
2048 2523
2049 2523
2050 2524
2051 2515
2052 2515
2053 2515
2054 2516
2055 2515
2056 2515
2057 2514
2058 2516
2059 2515
2060 2516
2061 2515
2062 2515
2063 2515
2064 2515
2065 2515
2066 2515
2067 2515
2068 2515
2069 2515
2070 2515
2071 2516
2072 2515
2073 2515
2074 2519
2075 2514
2076 2514
2077 2515
2078 2514
2079 2515
2080 2515
2081 2515
2082 2515
2083 2526
2084 2526
2085 2515
2086 2514
2087 2513
2088 2515
2089 2518
2090 2515
2091 2516
2092 2526
2093 2515
2094 2516
2095 2516
2096 2515
2097 2518
2098 2515
2099 2515
2100 2515
2101 2514
2102 2515
2103 2514
2104 2514
2105 2514
2106 2514
2107 2514
2108 2513
2109 2518
2110 2514
2111 2514
2112 2514
2113 2519
2114 2515
2115 2514
2116 2526
2117 2525
2118 2515
2119 2518
2120 2513
2121 2515
2122 2514
2123 2514
2124 2513
2125 2513
2126 2513
2127 2513
2128 2513
2129 2514
2130 2514
2131 2514
2132 2514
2133 2518
2134 2514
2135 2515
2136 2525
2137 2514
2138 2514
2139 2515
2140 2515
2141 2515
2142 2520
2143 2514
2144 2514
2145 2515
2146 2515
2147 2514
2148 2514
2149 2515
2150 2516
2151 2516
2152 2515
2153 2515
2154 2515
2155 2515
2156 2514
2157 2515
2158 2515
2159 2515
2160 2515
2161 2525
2162 2521
2163 2514
2164 2513
2165 2515
2166 2518
2167 2513
2168 2513
2169 2518
2170 2519
2171 2518
2172 2513
2173 2514
2174 2513
2175 2514
2176 2514
2177 2513
2178 2514
2179 2514
2180 2529
2181 2528
2182 2515
2183 2514
2184 2517
2185 2514
2186 2514
2187 2513
2188 2515
2189 2515
2190 2514
2191 2513
2192 2517
2193 2517
2194 2513
2195 2513
2196 2513
2197 2513
2198 2513
2199 2513
2200 2513
2201 2514
2202 2514
2203 2513
2204 2513
2205 2513
2206 2513
2207 2513
2208 2531
2209 2530
2210 2513
2211 2513
2212 2513
2213 2513
2214 2518
2215 2517
2216 2513
2217 2513
2218 2515
2219 2515
2220 2515
2221 2516
2222 2517
2223 2518
2224 2519
2225 2519
2226 2520
2227 2519
2228 2519
2229 2519
2230 2519
2231 2519
2232 2519
2233 2519
2234 2519
2235 2518
2236 2518
2237 2518
2238 2518
2239 2518
2240 2518
2241 2518
2242 2518
2243 2518
2244 2518
2245 2518
2246 2519
2247 2519
2248 2519
2249 2519
2250 2519
2251 2519
2252 2519
2253 2519
2254 2519
2255 2519
2256 2519
2257 2519
2258 2519
2259 2519
2260 2519
2261 2518
2262 2518
2263 2518
2264 2517
2265 2518
2266 2517
2267 2517
2268 2517
2269 2522
2270 2519
2271 2519
2272 2519
2273 2519
2274 2524
2275 2523
2276 2520
2277 2517
2278 2517
2279 2517
2280 2517
2281 2517
2282 2517
2283 2520
2284 2521
2285 2518
2286 2518
2287 2519
2288 2520
2289 2520
2290 2519
2291 2519
2292 2518
2293 2518
2294 2517
2295 2518
2296 2518
2297 2516
2298 2515
2299 2520
2300 2515
2301 2520
2302 2523
2303 2521
2304 2521
2305 2517
2306 2520
2307 2521
2308 2517
2309 2518
2310 2520
2311 2521
2312 2520
2313 2521
2314 2520
2315 2519
2316 2517
2317 2517
2318 2518
2319 2519
2320 2520
2321 2519
2322 2519
2323 2519
2324 2521
2325 2516
2326 2517
2327 2517
2328 2516
2329 2516
2330 2516
2331 2517
2332 2517
2333 2518
2334 2522
2335 2517
2336 2523
2337 2516
2338 2526
2339 2517
2340 2517
2341 2523
2342 2517
2343 2518
2344 2519
2345 2519
2346 2520
2347 2517
2348 2518
2349 2518
2350 2518
2351 2518
2352 2517
2353 2516
2354 2515
2355 2516
2356 2517
2357 2517
2358 2516
2359 2517
2360 2517
2361 2518
2362 2517
2363 2518
2364 2518
2365 2518
2366 2517
2367 2521
2368 2518
2369 2518
2370 2519
2371 2520
2372 2521
2373 2521
2374 2519
2375 2519
2376 2520
2377 2519
2378 2518
2379 2518
2380 2519
2381 2519
2382 2520
2383 2517
2384 2519
2385 2518
2386 2516
2387 2516
2388 2516
2389 2517
2390 2516
2391 2516
2392 2516
2393 2517
2394 2517
2395 2517
2396 2517
2397 2518
2398 2518
2399 2518
2400 2518
2401 2518
2402 2519
2403 2518
2404 2517
2405 2516
2406 2517
2407 2520
2408 2516
2409 2517
2410 2517
2411 2516
2412 2516
2413 2516
2414 2519
2415 2519
2416 2519
2417 2517
2418 2516
2419 2516
2420 2517
2421 2517
2422 2517
2423 2517
2424 2517
2425 2517
2426 2517
2427 2517
2428 2521
2429 2520
2430 2518
2431 2517
2432 2517
2433 2521
2434 2520
2435 2517
2436 2517
2437 2518
2438 2518
2439 2521
2440 2520
2441 2518
2442 2525
2443 2518
2444 2518
2445 2519
2446 2519
2447 2523
2448 2523
2449 2523
2450 2518
2451 2519
2452 2518
2453 2519
2454 2519
2455 2520
2456 2521
2457 2518
2458 2519
2459 2519
2460 2520
2461 2520
2462 2518
2463 2522
2464 2524
2465 2519
2466 2518
2467 2517
2468 2521
2469 2520
2470 2518
2471 2519
2472 2519
2473 2520
2474 2518
2475 2520
2476 2522
2477 2519
2478 2521
2479 2523
2480 2522
2481 2521
2482 2520
2483 2520
2484 2521
2485 2521
2486 2520
2487 2518
2488 2518
2489 2520
2490 2523
2491 2520
2492 2522
2493 2521
2494 2519
2495 2519
2496 2520
2497 2521
2498 2525
2499 2523
2500 2520
2501 2520
2502 2519
2503 2524
2504 2521
2505 2522
2506 2524
2507 2526
2508 2521
2509 2519
2510 2522
2511 2523
2512 2521
2513 2525
2514 2527
2515 2526
2516 2529
2517 2521
2518 2521
2519 2522
2520 2523
2521 2524
2522 2526
2523 2527
2524 2524
2525 2525
2526 2523
2527 2529
2528 2530
2529 2525
2530 2524
2531 2524
2532 2526
2533 2524
2534 2522
2535 2521
2536 2522
2537 2528
2538 2524
2539 2526
2540 2522
2541 2527
2542 2527
2543 2523
2544 2523
2545 2524
2546 2525
2547 2524
2548 2523
2549 2523
2550 2522
2551 2523
2552 2522
2553 2524
2554 2522
2555 2523
2556 2524
2557 2520
2558 2524
2559 2523
2560 2522
2561 2523
2562 2521
2563 2521
2564 2521
2565 2521
2566 2521
2567 2520
2568 2520
2569 2521
2570 2523
2571 2522
2572 2521
2573 2521
2574 2522
2575 2521
2576 2521
2577 2521
2578 2521
2579 2521
2580 2521
2581 2522
2582 2522
2583 2521
2584 2522
2585 2520
2586 2520
2587 2523
2588 2521
2589 2523
2590 2520
2591 2522
2592 2520
2593 2521
2594 2521
2595 2522
2596 2525
2597 2520
2598 2523
2599 2521
2600 2521
2601 2519
2602 2521
2603 2520
2604 2520
2605 2520
2606 2519
2607 2519
2608 2519
2609 2519
2610 2519
2611 2519
2612 2519
2613 2519
2614 2519
2615 2519
2616 2519
2617 2519
2618 2518
2619 2517
2620 2523
2621 2517
2622 2522
2623 2522
2624 2521
2625 2519
2626 2519
2627 2519
2628 2519
2629 2518
2630 2517
2631 2516
2632 2517
2633 2516
2634 2514
2635 2519
2636 2521
2637 2517
2638 2515
2639 2516
2640 2517
2641 2516
2642 2522
2643 2524
2644 2521
2645 2522
2646 2521
2647 2518
2648 2522
2649 2522
2650 2521
2651 2521
2652 2519
2653 2519
2654 2517
2655 2517
2656 2526
2657 2515
2658 2522
2659 2522
2660 2518
2661 2516
2662 2517
2663 2516
2664 2511
2665 2515
2666 2521
2667 2514
2668 2514
2669 2514
2670 2514
2671 2514
2672 2514
2673 2514
2674 2520
2675 2516
2676 2521
2677 2522
2678 2517
2679 2518
2680 2517
2681 2518
2682 2517
2683 2517
2684 2517
2685 2516
2686 2517
2687 2520
2688 2518
2689 2518
2690 2519
2691 2523
2692 2520
2693 2523
2694 2520
2695 2522
2696 2524
2697 2525
2698 2518
2699 2519
2700 2518
2701 2519
2702 2519
2703 2519
2704 2525
2705 2519
2706 2519
2707 2519
2708 2520
2709 2525
2710 2519
2711 2518
2712 2518
2713 2519
2714 2526
2715 2521
2716 2516
2717 2515
2718 2519
2719 2516
2720 2520
2721 2515
2722 2515
2723 2516
2724 2519
2725 2516
2726 2515
2727 2514
2728 2518
2729 2520
2730 2520
2731 2518
2732 2514
2733 2514
2734 2513
2735 2523
2736 2513
2737 2513
2738 2513
2739 2512
2740 2513
2741 2516
2742 2514
2743 2520
2744 2515
2745 2513
2746 2513
2747 2514
2748 2515
2749 2515
2750 2515
2751 2516
2752 2516
2753 2514
2754 2515
2755 2510
2756 2513
2757 2515
2758 2515
2759 2516
2760 2516
2761 2517
2762 2516
2763 2514
2764 2512
2765 2511
2766 2507
2767 2506
2768 2506
2769 2492
2770 2490
2771 2490
2772 2481
2773 2483
2774 2485
2775 2476
2776 2473
2777 2472
2778 2470
2779 2480
2780 2481
2781 2482
2782 2484
2783 2474
2784 2464
2785 2462
2786 2456
2787 2460
2788 2460
2789 2458
2790 2459
2791 2448
2792 2467
2793 2459
2794 2444
2795 2446
2796 2444
2797 2443
2798 2453
2799 2449
2800 2454
2801 2451
2802 2452
2803 2452
2804 2451
2805 2452
2806 2447
2807 2444
2808 2443
2809 2445
2810 2446
2811 2451
2812 2452
2813 2438
2814 2436
2815 2438
2816 2438
2817 2442
2818 2443
2819 2444
2820 2448
2821 2444
2822 2445
2823 2446
2824 2446
2825 2447
2826 2447
2827 2447
2828 2447
2829 2448
2830 2447
2831 2447
2832 2446
2833 2444
2834 2443
2835 2442
2836 2442
2837 2441
2838 2430
2839 2440
2840 2429
2841 2426
2842 2426
2843 2424
2844 2420
2845 2419
2846 2420
2847 2435
2848 2425
2849 2426
2850 2424
2851 2425
2852 2423
2853 2427
2854 2429
2855 2425
2856 2428
2857 2428
2858 2432
2859 2433
2860 2426
2861 2435
2862 2436
2863 2437
2864 2437
2865 2437
2866 2439
2867 2436
2868 2440
2869 2442
2870 2444
2871 2444
2872 2445
2873 2450
2874 2454
2875 2456
2876 2458
2877 2468
2878 2467
2879 2469
2880 2472
2881 2474
2882 2476
2883 2478
2884 2479
2885 2480
2886 2473
2887 2473
2888 2472
2889 2480
2890 2481
2891 2482
2892 2483
2893 2484
2894 2485
2895 2486
2896 2481
2897 2482
2898 2480
2899 2491
2900 2490
2901 2491
2902 2492
2903 2493
2904 2494
2905 2495
2906 2496
2907 2497
2908 2498
2909 2499
2910 2500
2911 2502
2912 2503
2913 2505
2914 2505
2915 2506
2916 2517
2917 2514
2918 2510
2919 2510
2920 2512
2921 2512
2922 2512
2923 2512
2924 2512
2925 2512
2926 2512
2927 2512
2928 2511
2929 2511
2930 2510
2931 2513
2932 2515
2933 2521
2934 2516
2935 2512
2936 2514
2937 2515
2938 2514
2939 2514
2940 2517
2941 2511
2942 2512
2943 2514
2944 2512
2945 2512
2946 2513
2947 2513
2948 2513
2949 2513
2950 2513
2951 2512
2952 2512
2953 2512
2954 2512
2955 2512
2956 2512
2957 2511
2958 2512
2959 2512
2960 2511
2961 2514
2962 2511
2963 2510
2964 2510
2965 2510
2966 2509
2967 2510
2968 2509
2969 2509
2970 2509
2971 2504
2972 2503
2973 2508
2974 2508
2975 2507
2976 2511
2977 2503
2978 2503
2979 2514
2980 2502
2981 2503
2982 2502
2983 2501
2984 2500
2985 2508
2986 2500
2987 2499
2988 2498
2989 2502
2990 2500
2991 2495
2992 2503
2993 2494
2994 2494
2995 2494
2996 2494
2997 2495
2998 2495
2999 2494
3000 2493
3001 2495
3002 2494
3003 2494
3004 2494
3005 2493
3006 2491
3007 2491
3008 2492
3009 2492
3010 2495
3011 2496
3012 2496
3013 2489
3014 2489
3015 2493
3016 2493
3017 2496
3018 2497
3019 2498
3020 2496
3021 2494
3022 2492
3023 2491
3024 2494
3025 2494
3026 2495
3027 2495
3028 2494
3029 2495
3030 2485
3031 2494
3032 2480
3033 2482
3034 2499
3035 2498
3036 2498
3037 2478
3038 2482
3039 2484
3040 2488
3041 2487
3042 2495
3043 2494
3044 2494
3045 2490
3046 2491
3047 2476
3048 2478
3049 2481
3050 2482
3051 2482
3052 2481
3053 2489
3054 2479
3055 2479
3056 2486
3057 2486
3058 2485
3059 2484
3060 2483
3061 2476
3062 2472
3063 2478
3064 2473
3065 2470
3066 2467
3067 2464
3068 2469
3069 2462
3070 2459
3071 2459
3072 2457
3073 2456
3074 2455
3075 2454
3076 2458
3077 2453
3078 2452
3079 2460
3080 2454
3081 2458
3082 2448
3083 2447
3084 2446
3085 2446
3086 2445
3087 2445
3088 2445
3089 2445
3090 2447
3091 2449
3092 2450
3093 2452
3094 2472
3095 2462
3096 2468
3097 2463
3098 2462
3099 2462
3100 2462
3101 2460
3102 2462
3103 2463
3104 2465
3105 2462
3106 2459
3107 2440
3108 2438
3109 2428
3110 2426
3111 2430
3112 2430
3113 2416
3114 2424
3115 2411
3116 2410
3117 2401
3118 2399
3119 2396
3120 2400
3121 2400
3122 2394
3123 2384
3124 2389
3125 2385
3126 2378
3127 2380
3128 2391
3129 2390
3130 2389
3131 2390
3132 2393
3133 2396
3134 2400
3135 2404
3136 2408
3137 2412
3138 2416
3139 2422
3140 2425
3141 2430
3142 2451
3143 2452
3144 2457
3145 2457
3146 2459
3147 2470
3148 2472
3149 2478
3150 2481
3151 2486
3152 2490
3153 2492
3154 2494
3155 2500
3156 2502
3157 2503
3158 2503
3159 2499
3160 2505
3161 2500
3162 2499
3163 2499
3164 2498
3165 2498
3166 2499
3167 2500
3168 2501
3169 2497
3170 2496
3171 2497
3172 2497
3173 2506
3174 2497
3175 2498
3176 2506
3177 2498
3178 2497
3179 2497
3180 2498
3181 2497
3182 2496
3183 2504
3184 2505
3185 2508
3186 2500
3187 2497
3188 2505
3189 2504
3190 2498
3191 2499
3192 2499
3193 2500
3194 2500
3195 2500
3196 2500
3197 2499
3198 2499
3199 2499
3200 2500
3201 2500
3202 2499
3203 2500
3204 2504
3205 2504
3206 2504
3207 2504
3208 2504
3209 2500
3210 2500
3211 2500
3212 2504
3213 2500
3214 2500
3215 2500
3216 2499
3217 2500
3218 2500
3219 2500
3220 2500
3221 2505
3222 2501
3223 2505
3224 2503
3225 2502
3226 2502
3227 2502
3228 2504
3229 2504
3230 2501
3231 2500
3232 2500
3233 2500
3234 2500
3235 2502
3236 2504
3237 2504
3238 2503
3239 2503
3240 2503
3241 2503
3242 2502
3243 2501
3244 2501
3245 2501
3246 2501
3247 2504
3248 2500
3249 2505
3250 2505
3251 2500
3252 2501
3253 2502
3254 2502
3255 2501
3256 2501
3257 2501
3258 2501
3259 2501
3260 2500
3261 2500
3262 2499
3263 2500
3264 2500
3265 2500
3266 2501
3267 2501
3268 2501
3269 2501
3270 2503
3271 2503
3272 2502
3273 2501
3274 2501
3275 2501
3276 2501
3277 2503
3278 2502
3279 2504
3280 2505
3281 2502
3282 2503
3283 2504
3284 2503
3285 2504
3286 2505
3287 2502
3288 2502
3289 2503
3290 2503
3291 2506
3292 2505
3293 2502
3294 2503
3295 2504
3296 2504
3297 2502
3298 2504
3299 2504
3300 2504
3301 2504
3302 2504
3303 2504
3304 2504
3305 2504
3306 2504
3307 2503
3308 2503
3309 2507
3310 2504
3311 2504
3312 2508
3313 2503
3314 2511
3315 2508
3316 2509
3317 2503
3318 2503
3319 2504
3320 2503
3321 2505
3322 2505
3323 2504
3324 2503
3325 2506
3326 2504
3327 2506
3328 2503
3329 2503
3330 2504
3331 2503
3332 2504
3333 2504
3334 2504
3335 2504
3336 2506
3337 2503
3338 2503
3339 2504
3340 2504
3341 2504
3342 2504
3343 2504
3344 2504
3345 2504
3346 2507
3347 2505
3348 2504
3349 2505
3350 2506
3351 2505
3352 2503
3353 2506
3354 2504
3355 2503
3356 2504
3357 2505
3358 2502
3359 2506
3360 2503
3361 2504
3362 2503
3363 2503
3364 2502
3365 2509
3366 2504
3367 2503
3368 2503
3369 2503
3370 2502
3371 2502
3372 2505
3373 2503
3374 2503
3375 2499
3376 2497
3377 2496
3378 2496
3379 2496
3380 2502
3381 2505
3382 2513
3383 2511
3384 2514
3385 2503
3386 2505
3387 2503
3388 2504
3389 2502
3390 2502
3391 2502
3392 2502
3393 2501
3394 2502
3395 2501
3396 2510
3397 2503
3398 2502
3399 2501
3400 2500
3401 2502
3402 2502
3403 2502
3404 2501
3405 2502
3406 2501
3407 2505
3408 2501
3409 2500
3410 2500
3411 2505
3412 2500
3413 2501
3414 2505
3415 2501
3416 2501
3417 2500
3418 2500
3419 2500
3420 2500
3421 2500
3422 2501
3423 2501
3424 2500
3425 2499
3426 2500
3427 2501
3428 2500
3429 2500
3430 2499
3431 2499
3432 2500
3433 2500
3434 2500
3435 2500
3436 2499
3437 2499
3438 2499
3439 2499
3440 2500
3441 2500
3442 2500
3443 2500
3444 2500
3445 2500
3446 2500
3447 2500
3448 2500
3449 2500
3450 2500
3451 2500
3452 2500
3453 2500
3454 2500
3455 2499
3456 2500
3457 2499
3458 2499
3459 2500
3460 2500
3461 2499
3462 2499
3463 2500
3464 2499
3465 2499
3466 2499
3467 2499
3468 2500
3469 2500
3470 2500
3471 2499
3472 2499
3473 2500
3474 2500
3475 2500
3476 2499
3477 2500
3478 2500
3479 2500
3480 2500
3481 2500
3482 2499
3483 2499
3484 2499
3485 2499
3486 2499
3487 2500
3488 2499
3489 2499
3490 2499
3491 2499
3492 2499
3493 2500
3494 2503
3495 2503
3496 2507
3497 2504
3498 2503
3499 2499
3500 2501
3501 2498
3502 2500
3503 2500
3504 2499
3505 2499
3506 2499
3507 2499
3508 2499
3509 2498
3510 2498
3511 2499
3512 2498
3513 2498
3514 2498
3515 2499
3516 2499
3517 2498
3518 2498
3519 2502
3520 2499
3521 2504
3522 2502
3523 2497
3524 2498
3525 2498
3526 2498
3527 2498
3528 2498
3529 2497
3530 2498
3531 2498
3532 2498
3533 2498
3534 2497
3535 2497
3536 2498
3537 2498
3538 2498
3539 2498
3540 2497
3541 2497
3542 2497
3543 2497
3544 2497
3545 2497
3546 2497
3547 2498
3548 2497
3549 2498
3550 2498
3551 2498
3552 2497
3553 2497
3554 2497
3555 2497
3556 2497
3557 2497
3558 2499
3559 2495
3560 2495
3561 2495
3562 2495
3563 2495
3564 2495
3565 2495
3566 2494
3567 2494
3568 2494
3569 2494
3570 2494
3571 2494
3572 2494
3573 2494
3574 2494
3575 2495
3576 2495
3577 2495
3578 2495
3579 2495
3580 2495
3581 2495
3582 2496
3583 2498
3584 2496
3585 2496
3586 2496
3587 2496
3588 2496
3589 2496
3590 2495
3591 2495
3592 2496
3593 2496
3594 2495
3595 2497
3596 2496
3597 2496
3598 2495
3599 2496
3600 2495
3601 2495
3602 2495
3603 2496
3604 2496
3605 2496
3606 2496
3607 2496
3608 2496
3609 2495
3610 2496
3611 2495
3612 2496
3613 2495
3614 2495
3615 2495
3616 2495
3617 2494
3618 2498
3619 2493
3620 2493
3621 2494
3622 2493
3623 2493
3624 2493
3625 2492
3626 2492
3627 2492
3628 2492
3629 2492
3630 2492
3631 2492
3632 2492
3633 2492
3634 2492
3635 2492
3636 2492
3637 2492
3638 2492
3639 2492
3640 2492
3641 2492
3642 2492
3643 2492
3644 2492
3645 2492
3646 2492
3647 2492
3648 2492
3649 2492
3650 2492
3651 2492
3652 2491
3653 2491
3654 2492
3655 2492
3656 2492
3657 2492
3658 2492
3659 2492
3660 2491
3661 2492
3662 2492
3663 2492
3664 2492
3665 2492
3666 2492
3667 2492
3668 2492
3669 2492
3670 2492
3671 2492
3672 2492
3673 2492
3674 2492
3675 2492
3676 2492
3677 2492
3678 2492
3679 2492
3680 2492
3681 2492
3682 2492
3683 2492
3684 2492
3685 2492
3686 2492
3687 2492
3688 2492
3689 2492
3690 2492
3691 2492
3692 2492
3693 2492
3694 2492
3695 2492
3696 2492
3697 2492
3698 2492
3699 2492
3700 2492
3701 2492
3702 2492
3703 2492
3704 2492
3705 2492
3706 2492
3707 2492
3708 2492
3709 2492
3710 2492
3711 2492
3712 2492
3713 2492
3714 2492
3715 2492
3716 2492
3717 2492
3718 2492
3719 2492
3720 2492
3721 2492
3722 2492
3723 2492
3724 2492
3725 2492
3726 2492
3727 2492
3728 2492
3729 2492
3730 2492
3731 2492
3732 2492
3733 2492
3734 2492
3735 2492
3736 2492
3737 2492
3738 2492
3739 2492
3740 2492
3741 2492
3742 2492
3743 2492
3744 2492
3745 2492
3746 2492
3747 2492
3748 2492
3749 2492
3750 2492
3751 2492
3752 2492
3753 2492
3754 2492
3755 2492
3756 2492
3757 2492
3758 2492
3759 2492
3760 2492
3761 2492
3762 2492
3763 2492
3764 2492
3765 2492
3766 2492
3767 2492
3768 2492
3769 2492
3770 2492
3771 2492
3772 2492
3773 2492
3774 2492
3775 2492
3776 2492
3777 2492
3778 2492
3779 2493
3780 2492
3781 2492
3782 2492
3783 2492
3784 2492
3785 2493
3786 2493
3787 2493
3788 2493
3789 2493
3790 2493
3791 2493
3792 2493
3793 2493
3794 2493
3795 2493
3796 2493
3797 2493
3798 2493
3799 2493
3800 2493
3801 2493
3802 2493
3803 2493
3804 2493
3805 2493
3806 2493
3807 2493
3808 2493
3809 2493
3810 2493
3811 2493
3812 2493
3813 2493
3814 2493
3815 2493
3816 2493
3817 2493
3818 2493
3819 2493
3820 2493
3821 2493
3822 2494
3823 2494
3824 2493
3825 2493
3826 2494
3827 2494
3828 2494
3829 2493
3830 2493
3831 2493
3832 2493
3833 2493
3834 2493
3835 2493
3836 2493
3837 2493
3838 2493
3839 2493
3840 2493
3841 2493
3842 2492
3843 2493
3844 2493
3845 2493
3846 2493
3847 2493
3848 2493
3849 2493
3850 2493
3851 2493
3852 2493
3853 2493
3854 2493

3399 2534
3400 2523
3401 2530
3402 2523
3403 2522
3404 2526
3405 2529
3406 2528
3407 2520
3408 2525
3409 2525
3410 2521
3411 2533
3412 2521
3413 2520
3414 2523
3415 2531
3416 2521
3417 2522
3418 2527
3419 2531
3420 2534
3421 2529
3422 2529
3423 2528
3424 2530
3425 2530
3426 2531
3427 2530
3428 2521
3429 2531
3430 2530
3431 2535
3432 2531
3433 2529
3434 2531
3435 2530
3436 2530
3437 2531
3438 2533
3439 2530
3440 2530
3441 2530
3442 2531
3443 2526
3444 2530
3445 2531
3446 2531
3447 2531
3448 2530
3449 2530
3450 2529
3451 2530
3452 2531
3453 2530
3454 2531
3455 2531
3456 2531
3457 2529
3458 2532
3459 2531
3460 2522
3461 2534
3462 2532
3463 2530
3464 2530
3465 2530
3466 2529
3467 2529
3468 2529
3469 2531
3470 2532
3471 2531
3472 2528
3473 2528
3474 2528
3475 2528
3476 2530
3477 2529
3478 2530
3479 2529
3480 2529
3481 2528
3482 2529
3483 2529
3484 2529
3485 2527
3486 2530
3487 2533
3488 2530
3489 2530
3490 2530
3491 2531
3492 2533
3493 2535
3494 2534
3495 2535
3496 2523
3497 2533
3498 2534
3499 2534
3500 2530
3501 2535
3502 2528
3503 2522
3504 2523
3505 2527
3506 2526
3507 2526
3508 2536
3509 2530
3510 2527
3511 2532
3512 2522
3513 2534
3514 2534
3515 2531
3516 2530
3517 2522
3518 2522
3519 2522
3520 2528
3521 2527
3522 2521
3523 2528
3524 2526
3525 2521
3526 2530
3527 2528
3528 2521
3529 2532
3530 2529
3531 2530
3532 2529
3533 2529
3534 2531
3535 2532
3536 2532
3537 2531
3538 2530
3539 2532
3540 2530
3541 2531
3542 2526
3543 2531
3544 2530
3545 2521
3546 2535
3547 2534
3548 2536
3549 2529
3550 2530

