2631 2513
2632 2513
2633 2513
2634 2513
2635 2515
2636 2512
2637 2513
2638 2512
2639 2512
2640 2512
2641 2516
2642 2512
2643 2513
2644 2511
2645 2509
2646 2510
2647 2510
2648 2512
2649 2509
2650 2509
2651 2509
2652 2510
2653 2509
2654 2509
2655 2507
2656 2506
2657 2506
2658 2518
2659 2512
2660 2508
2661 2507
2662 2510
2663 2509
2664 2509
2665 2507
2666 2507
2667 2507
2668 2509
2669 2509
2670 2510
2671 2511
2672 2511
2673 2509
2674 2509
2675 2510
2676 2509
2677 2509
2678 2509
2679 2519
2680 2519
2681 2512
2682 2511
2683 2519
2684 2509
2685 2512
2686 2519
2687 2518
2688 2513
2689 2515
2690 2515
2691 2511
2692 2510
2693 2510
2694 2510
2695 2511
2696 2511
2697 2511
2698 2511
2699 2509
2700 2507
2701 2517
2702 2517
2703 2516
2704 2510
2705 2511
2706 2521
2707 2512
2708 2514
2709 2513
2710 2513
2711 2514
2712 2516
2713 2514
2714 2514
2715 2508
2716 2508
2717 2507
2718 2507
2719 2507
2720 2508
2721 2508
2722 2509
2723 2510
2724 2510
2725 2508
2726 2509
2727 2508
2728 2508
2729 2508
2730 2508
2731 2508
2732 2509
2733 2509
2734 2510
2735 2511
2736 2511
2737 2514
2738 2510
2739 2510
2740 2509
2741 2510
2742 2510
2743 2511
2744 2512
2745 2511
2746 2511
2747 2511
2748 2511
2749 2510
2750 2510
2751 2510
2752 2511
2753 2511
2754 2511
2755 2511
2756 2511
2757 2511
2758 2511
2759 2510
2760 2513
2761 2512
2762 2516
2763 2511
2764 2513
2765 2515
2766 2514
2767 2515
2768 2514
2769 2514
2770 2513
2771 2513
2772 2513
2773 2512
2774 2512
2775 2512
2776 2512
2777 2513
2778 2513
2779 2513
2780 2513
2781 2512
2782 2512
2783 2514
2784 2513
2785 2517
2786 2512
2787 2513
2788 2513
2789 2512
2790 2512
2791 2514
2792 2512
2793 2512
2794 2513
2795 2513
2796 2512
2797 2512
2798 2513
2799 2515
2800 2515
2801 2515
2802 2512
2803 2514
2804 2515
2805 2513
2806 2514
2807 2514
2808 2514
2809 2517
2810 2516
2811 2515
2812 2519
2813 2517
2814 2514
2815 2518
2816 2515
2817 2515
2818 2515
2819 2515
2820 2515
2821 2514
2822 2516
2823 2518
2824 2513
2825 2514
2826 2514
2827 2512
2828 2513
2829 2512
2830 2518
2831 2513
2832 2515
2833 2514
2834 2514
2835 2514
2836 2514
2837 2514
2838 2513
2839 2513
2840 2512
2841 2514
2842 2514
2843 2513
2844 2511
2845 2512
2846 2511
2847 2514
2848 2511
2849 2511
2850 2511
2851 2511
2852 2511
2853 2511
2854 2511
2855 2510
2856 2511
2857 2511
2858 2511
2859 2510
2860 2510
2861 2510
2862 2509
2863 2514
2864 2522
2865 2512
2866 2512
2867 2511
2868 2510
2869 2510
2870 2511
2871 2511
2872 2511
2873 2511
2874 2516
2875 2511
2876 2510
2877 2509
2878 2511
2879 2511
2880 2510
2881 2511
2882 2511
2883 2510
2884 2509
2885 2509
2886 2510
2887 2510
2888 2510
2889 2512
2890 2510
2891 2511
2892 2510
2893 2509
2894 2510
2895 2510
2896 2510
2897 2509
2898 2509
2899 2509
2900 2510
2901 2508
2902 2509
2903 2509
2904 2508
2905 2507
2906 2507
2907 2511
2908 2508
2909 2509
2910 2509
2911 2509
2912 2508
2913 2508
2914 2507
2915 2508
2916 2508
2917 2508
2918 2508
2919 2508
2920 2509
2921 2509
2922 2507
2923 2515
2924 2508
2925 2508
2926 2507
2927 2507
2928 2508
2929 2508
2930 2512
2931 2512
2932 2507
2933 2507
2934 2508
2935 2508
2936 2509
2937 2509
2938 2506
2939 2506
2940 2507
2941 2509
2942 2510
2943 2506
2944 2507
2945 2507
2946 2505
2947 2505
2948 2505
2949 2506
2950 2513
2951 2505
2952 2505
2953 2503
2954 2513
2955 2513
2956 2502
2957 2503
2958 2504
2959 2504
2960 2504
2961 2504
2962 2505
2963 2505
2964 2504
2965 2504
2966 2504
2967 2510
2968 2504
2969 2504
2970 2507
2971 2504
2972 2505
2973 2506
2974 2505
2975 2507
2976 2505
2977 2505
2978 2505
2979 2505
2980 2505
2981 2505
2982 2512
2983 2508
2984 2507
2985 2507
2986 2506
2987 2503
2988 2503
2989 2503
2990 2508
2991 2504
2992 2503
2993 2503
2994 2503
2995 2505
2996 2504
2997 2502
2998 2500
2999 2501
3000 2500
3001 2499
3002 2499
3003 2502
3004 2500
3005 2498
3006 2499
3007 2499
3008 2499
3009 2499
3010 2499
3011 2499
3012 2499
3013 2499
3014 2499
3015 2498
3016 2507
3017 2507
3018 2500
3019 2503
3020 2500
3021 2500
3022 2500
3023 2500
3024 2502
3025 2502
3026 2501
3027 2505
3028 2507
3029 2503
3030 2501
3031 2501
3032 2500
3033 2500
3034 2501
3035 2505
3036 2500
3037 2505
3038 2501
3039 2499
3040 2500
3041 2501
3042 2501
3043 2501
3044 2502
3045 2497
3046 2497
3047 2497
3048 2497
3049 2497
3050 2504
3051 2504
3052 2500
3053 2499
3054 2499
3055 2503
3056 2499
3057 2501
3058 2500
3059 2498
3060 2497
3061 2498
3062 2500
3063 2500
3064 2500
3065 2501
3066 2500
3067 2501
3068 2501
3069 2503
3070 2502
3071 2504
3072 2500
3073 2501
3074 2500
3075 2501
3076 2501
3077 2501
3078 2501
3079 2503
3080 2504
3081 2502
3082 2502
3083 2502
3084 2503
3085 2504
3086 2501
3087 2501
3088 2501
3089 2501
3090 2500
3091 2504
3092 2499
3093 2499
3094 2500
3095 2501
3096 2500
3097 2500
3098 2500
3099 2500
3100 2500
3101 2501
3102 2501
3103 2501
3104 2506
3105 2501
3106 2501
3107 2501
3108 2501
3109 2502
3110 2501
3111 2501
3112 2502
3113 2500
3114 2502
3115 2500
3116 2501
3117 2500
3118 2501
3119 2500
3120 2499
3121 2502
3122 2501
3123 2500
3124 2501
3125 2501
3126 2499
3127 2500
3128 2501
3129 2504
3130 2508
3131 2503
3132 2504
3133 2503
3134 2499
3135 2503
3136 2502
3137 2501
3138 2504
3139 2502
3140 2499
3141 2499
3142 2499
3143 2503
3144 2501
3145 2501
3146 2502
3147 2501
3148 2503
3149 2506
3150 2501
3151 2503
3152 2501
3153 2505
3154 2501
3155 2501
3156 2501
3157 2502
3158 2502
3159 2501
3160 2502
3161 2501
3162 2502
3163 2502
3164 2502
3165 2499
3166 2502
3167 2501
3168 2502
3169 2503
3170 2504
3171 2499
3172 2500
3173 2504
3174 2500
3175 2500
3176 2504
3177 2504
3178 2501
3179 2501
3180 2501
3181 2501
3182 2502
3183 2502
3184 2500
3185 2500
3186 2500
3187 2500
3188 2501
3189 2502
3190 2502
3191 2502
3192 2502
3193 2503
3194 2504
3195 2503
3196 2502
3197 2499
3198 2499
3199 2504
3200 2503
3201 2503
3202 2504
3203 2499
3204 2499
3205 2500
3206 2500
3207 2498
3208 2498
3209 2498
3210 2498
3211 2502
3212 2499
3213 2498
3214 2498
3215 2499
3216 2500
3217 2504
3218 2498
3219 2497
3220 2497
3221 2497
3222 2498
3223 2497
3224 2498
3225 2498
3226 2498
3227 2501
3228 2498
3229 2498
3230 2506
3231 2506
3232 2498
3233 2497
3234 2501
3235 2498
3236 2499
3237 2498
3238 2498
3239 2498
3240 2498
3241 2503
3242 2499
3243 2498
3244 2497
3245 2498
3246 2498
3247 2499
3248 2500
3249 2498
3250 2498
3251 2498
3252 2498
3253 2499
3254 2497
3255 2497
3256 2497
3257 2497
3258 2496
3259 2496
3260 2497
3261 2497
3262 2498
3263 2497
3264 2498
3265 2497
3266 2497
3267 2497
3268 2497
3269 2497
3270 2496
3271 2496
3272 2496
3273 2496
3274 2496
3275 2496
3276 2496
3277 2497
3278 2497
3279 2497
3280 2497
3281 2496
3282 2498
3283 2498
3284 2497
3285 2496
3286 2495
3287 2496
3288 2496
3289 2496
3290 2497
3291 2497
3292 2497
3293 2497
3294 2497
3295 2496
3296 2497
3297 2497
3298 2496
3299 2496
3300 2497
3301 2497
3302 2496
3303 2496
3304 2496
3305 2496
3306 2497
3307 2496
3308 2499
3309 2496
3310 2497
3311 2496
3312 2496
3313 2495
3314 2496
3315 2496
3316 2496
3317 2496
3318 2496
3319 2496
3320 2496
3321 2495
3322 2495
3323 2496
3324 2495
3325 2496
3326 2495
3327 2495
3328 2495
3329 2495
3330 2496
3331 2496
3332 2496
3333 2496
3334 2495
3335 2496
3336 2496
3337 2495
3338 2496
3339 2496
3340 2496
3341 2496
3342 2496
3343 2497
3344 2496
3345 2497
3346 2497
3347 2497
3348 2497
3349 2497
3350 2497
3351 2497
3352 2497
3353 2497
3354 2497
3355 2497
3356 2496
3357 2496
3358 2497
3359 2497
3360 2496
3361 2496
3362 2496
3363 2497
3364 2497
3365 2496
3366 2497
3367 2497
3368 2497
3369 2497
3370 2497
3371 2497
3372 2497
3373 2496
3374 2498
3375 2497
3376 2498
3377 2497
3378 2497
3379 2498
3380 2498
3381 2500
3382 2498
3383 2499
3384 2501
3385 2498
3386 2498
3387 2498
3388 2498
3389 2499
3390 2498
3391 2498
3392 2498
3393 2499
3394 2498
3395 2498
3396 2500
3397 2498
3398 2498
3399 2498
3400 2498
3401 2499
3402 2498
3403 2497
3404 2499
3405 2499
3406 2499
3407 2499
3408 2499
3409 2498
3410 2498
3411 2498
3412 2499
3413 2498
3414 2499
3415 2499
3416 2500
3417 2500
3418 2499
3419 2499
3420 2499
3421 2500
3422 2499
3423 2499
3424 2499
3425 2498
3426 2499
3427 2499
3428 2498
3429 2498
3430 2498
3431 2498
3432 2498
3433 2498
3434 2498
3435 2498
3436 2499
3437 2498
3438 2498
3439 2498
3440 2498
3441 2498
3442 2498
3443 2498
3444 2498
3445 2498
3446 2498
3447 2498
3448 2498
3449 2498
3450 2498
3451 2498
3452 2498
3453 2502
3454 2498
3455 2498
3456 2498
3457 2498
3458 2498
3459 2497
3460 2498
3461 2497
3462 2497
3463 2501
3464 2497
3465 2497
3466 2499
3467 2497
3468 2498
3469 2497
3470 2498
3471 2498
3472 2498
3473 2497
3474 2498
3475 2498
3476 2498
3477 2498
3478 2498
3479 2498
3480 2498
3481 2498
3482 2497
3483 2497
3484 2497
3485 2498
3486 2497
3487 2498
3488 2498
3489 2497
3490 2497
3491 2497
3492 2497
3493 2497
3494 2497
3495 2497
3496 2497
3497 2497
3498 2498
3499 2497
3500 2496
3501 2496
3502 2497
3503 2497
3504 2497
3505 2497
3506 2497
3507 2497
3508 2497
3509 2497
3510 2497
3511 2497
3512 2497
3513 2497
3514 2497
3515 2497
3516 2497
3517 2497
3518 2497
3519 2497
3520 2497
3521 2497
3522 2497
3523 2497
3524 2497
3525 2497
3526 2499
3527 2496
3528 2497
3529 2497
3530 2497
3531 2497
3532 2497
3533 2497
3534 2497
3535 2497
3536 2497
3537 2496
3538 2497
3539 2497
3540 2497
3541 2497
3542 2497
3543 2497
3544 2497
3545 2498
3546 2499
3547 2497
3548 2497
3549 2497
3550 2497
3551 2497
3552 2497
3553 2497
3554 2497
3555 2497
3556 2497
3557 2497
3558 2496
3559 2496
3560 2496
3561 2496
3562 2496
3563 2496
3564 2496
3565 2496
3566 2496
3567 2496
3568 2496
3569 2496
3570 2496
3571 2497
3572 2497
3573 2496
3574 2496
3575 2496
3576 2496
3577 2496
3578 2496
3579 2496
3580 2496
3581 2496
3582 2496
3583 2496
3584 2495
3585 2496
3586 2496
3587 2496
3588 2496
3589 2496
3590 2496
3591 2496
3592 2496
3593 2496
3594 2496
3595 2496
3596 2497
3597 2497
3598 2496
3599 2496
3600 2496
3601 2496
3602 2496
3603 2496
3604 2496
3605 2496
3606 2496
3607 2496
3608 2496
3609 2496
3610 2496
3611 2496
3612 2496
3613 2496
3614 2496
3615 2496
3616 2496
3617 2496
3618 2496
3619 2496
3620 2496
3621 2496
3622 2496
3623 2496
3624 2496
3625 2496
3626 2496
3627 2496
3628 2496
3629 2496
3630 2496
3631 2496
3632 2497
3633 2496
3634 2496
3635 2496
3636 2496
3637 2496
3638 2496
3639 2496
3640 2496
3641 2496
3642 2496
3643 2496
3644 2496
3645 2496
3646 2496
3647 2496
3648 2496
3649 2496
3650 2496
3651 2496
3652 2496
3653 2496
3654 2496
3655 2496
3656 2495
3657 2496
3658 2495
3659 2496
3660 2495
3661 2495
3662 2494
3663 2495
3664 2495
3665 2495
3666 2495
3667 2495
3668 2495
3669 2494
3670 2495
3671 2495
3672 2495
3673 2495
3674 2495
3675 2494
3676 2495
3677 2495
3678 2495
3679 2496
3680 2502
3681 2494
3682 2495
3683 2494
3684 2495
3685 2495
3686 2495
3687 2495
3688 2495
3689 2495
3690 2494
3691 2495
3692 2494
3693 2494
3694 2494
3695 2494
3696 2494
3697 2494
3698 2494
3699 2494
3700 2494
3701 2494
3702 2494
3703 2493
3704 2502
3705 2494
3706 2494
3707 2494
3708 2494
3709 2494
3710 2494
3711 2494
3712 2494
3713 2494
3714 2494
3715 2494
3716 2494
3717 2494
3718 2494
3719 2494
3720 2493
3721 2494
3722 2493
3723 2493
3724 2494
3725 2494
3726 2494
3727 2493
3728 2493
3729 2493
3730 2493
3731 2493
3732 2493
3733 2494
3734 2493
3735 2493
3736 2493
3737 2494
3738 2493
3739 2493
3740 2493
3741 2493
3742 2493
3743 2493
3744 2493
3745 2493
3746 2493
3747 2493
3748 2493
3749 2493
3750 2493
3751 2493
3752 2493
3753 2493
3754 2493
3755 2493
3756 2493
3757 2493
3758 2493
3759 2493
3760 2493
3761 2493
3762 2493
3763 2493
3764 2493
3765 2493
3766 2493
3767 2493
3768 2493
3769 2493
3770 2493
3771 2493
3772 2493
3773 2493
3774 2493
3775 2493
3776 2493
3777 2493
3778 2493
3779 2493
3780 2493
3781 2494
3782 2493
3783 2493
3784 2493
3785 2493
3786 2493
3787 2493
3788 2493
3789 2493
3790 2493
3791 2493
3792 2493
3793 2493
3794 2493
3795 2494
3796 2494
3797 2494
3798 2494
3799 2494
3800 2494
3801 2494
3802 2494
3803 2494
3804 2493
3805 2493
3806 2493
3807 2494
3808 2493
3809 2494
3810 2494
3811 2493
3812 2494
3813 2494
3814 2494
3815 2494
3816 2494
3817 2494
3818 2493
3819 2494
3820 2494
3821 2494
3822 2494
3823 2494
3824 2494
3825 2493
3826 2494
3827 2494
3828 2494
3829 2494
3830 2494
3831 2493
3832 2494
3833 2494
3834 2493
3835 2494
3836 2493
3837 2494
3838 2494
3839 2494
3840 2494
3841 2494
3842 2493
3843 2494
3844 2494
3845 2494
3846 2494
3847 2494
3848 2494
3849 2494
3850 2494
3851 2494
3852 2494
3853 2494
3854 2494
3855 2494
3856 2494

3388 2521
3389 2523
3390 2526
3391 2518
3392 2523
3393 2525
3394 2519
3395 2520
3396 2522
3397 2518
3398 2523
3399 2526
3400 2518
3401 2515
3402 2516
3403 2525
3404 2525
3405 2525
3406 2525
3407 2524
3408 2516
3409 2528
3410 2527
3411 2525
3412 2515
3413 2517
3414 2524
3415 2529
3416 2515
3417 2517
3418 2521
3419 2515
3420 2515
3421 2518
3422 2523
3423 2523
3424 2522
3425 2521
3426 2522
3427 2520
3428 2517
3429 2524
3430 2523
3431 2524
3432 2526
3433 2515
3434 2525
3435 2528
3436 2527
3437 2520
3438 2515
3439 2523
3440 2521
3441 2522
3442 2515
3443 2516
3444 2520
3445 2514
3446 2514
3447 2521
3448 2521
3449 2527
3450 2528
3451 2524
3452 2518
3453 2522
3454 2523
3455 2519
3456 2519
3457 2521
3458 2528
3459 2519
3460 2521
3461 2514
3462 2517
3463 2520
3464 2517
3465 2521
3466 2514
3467 2524
3468 2521
3469 2522
3470 2520
3471 2523
3472 2518
3473 2516
3474 2524
3475 2521
3476 2527
3477 2522
3478 2521
3479 2520
3480 2520
3481 2521
3482 2515
3483 2515
3484 2521
3485 2514
3486 2515
3487 2519
3488 2514
3489 2523
3490 2520
3491 2515
3492 2525
3493 2520
3494 2520
3495 2521
3496 2528
3497 2525
3498 2515
3499 2520
3500 2519
3501 2526
3502 2524
3503 2518
3504 2520
3505 2523
3506 2520
3507 2513
3508 2521
3509 2521
3510 2522
3511 2520
3512 2519
3513 2516
3514 2516
3515 2520
3516 2527
3517 2513
3518 2521
3519 2524
3520 2513
3521 2527
3522 2518
3523 2517
3524 2517
3525 2523
3526 2520
3527 2517
3528 2523
3529 2519
3530 2517
3531 2521
3532 2518
3533 2521
3534 2516
3535 2519
3536 2515
3537 2518
3538 2523
3539 2512
3540 2522
3541 2512
3542 2513
3543 2524
3544 2524
3545 2519
3546 2523
3547 2523
3548 2524
3549 2521
3550 2521
3551 2525
3552 2523
3553 2525
3554 2525
3555 2523
3556 2522
3557 2522
3558 2514
3559 2519
3560 2525
3561 2524
3562 2519
3563 2522
3564 2522
3565 2522
3566 2522
3567 2523
3568 2515
3569 2514
3570 2512
3571 2517
3572 2523
3573 2522
3574 2523
3575 2523
3576 2522
3577 2522
3578 2522
3579 2522
3580 2523
3581 2520
3582 2527
3583 2525
3584 2514
3585 2521
3586 2521
3587 2517
3588 2523
3589 2514
3590 2527
3591 2524
3592 2514
3593 2514
3594 2522
3595 2515
3596 2516
3597 2522
3598 2522
3599 2524
3600 2526
3601 2518
3602 2522
3603 2522
3604 2521
3605 2527
3606 2516
3607 2516
3608 2526
3609 2516
3610 2523
3611 2523
3612 2515
3613 2515
3614 2524
3615 2517
3616 2516
3617 2516
3618 2524
3619 2517
3620 2517
3621 2515
3622 2525
3623 2517
3624 2525
3625 2523
3626 2526
3627 2525
3628 2525
3629 2517
3630 2525
3631 2515
3632 2518
3633 2517
3634 2515
3635 2517
3636 2524
3637 2524
3638 2520
3639 2522
3640 2518
3641 2523
3642 2528
3643 2524
3644 2518
3645 2524
3646 2524
3647 2526
3648 2524
3649 2521
3650 2516
3651 2525
3652 2520
3653 2516
3654 2523
3655 2524
3656 2530
3657 2530
3658 2519
3659 2530
3660 2525
3661 2526
3662 2516
3663 2521
3664 2525
3665 2526
3666 2523
3667 2527
3668 2519
3669 2528
3670 2524
3671 2523
3672 2524
3673 2520
3674 2523
3675 2528
3676 2520
3677 2518
3678 2516
3679 2527
3680 2528
3681 2524
3682 2521
3683 2521
3684 2522
3685 2522
3686 2529
3687 2517
3688 2522
3689 2518
3690 2525
3691 2522
3692 2524
3693 2522
3694 2521
3695 2522
3696 2524
3697 2523
3698 2523
3699 2520
3700 2525
3701 2522
3702 2521
3703 2522
3704 2522
3705 2521
3706 2520
3707 2526
3708 2524
3709 2523
3710 2521
3711 2522
3712 2522
3713 2525
3714 2522
3715 2522
3716 2522
3717 2522
3718 2521
3719 2522
3720 2522
3721 2524
3722 2523
3723 2516
3724 2522
3725 2522
3726 2522
3727 2521
3728 2519
3729 2522
3730 2522
3731 2513
3732 2521
3733 2515
3734 2522
3735 2522
3736 2521
3737 2523
3738 2523
3739 2522
3740 2523
3741 2522
3742 2526
3743 2520
3744 2523
3745 2524
3746 2523
3747 2525
3748 2520
3749 2522
3750 2523
3751 2523
3752 2524
3753 2523
3754 2523
3755 2523
3756 2523
3757 2522
3758 2529
3759 2519
3760 2524
3761 2523
3762 2524
3763 2528
3764 2526
3765 2527
3766 2523
3767 2524
3768 2520
3769 2521
3770 2517
3771 2524
3772 2525
3773 2524
3774 2525
3775 2529
3776 2524
3777 2525
3778 2526
3779 2527
3780 2525
3781 2525
3782 2526
3783 2531
3784 2528
3785 2525
3786 2527
3787 2527
3788 2524
3789 2525
3790 2524
3791 2530
3792 2519

