2738 2508
2739 2515
2740 2511
2741 2507
2742 2510
2743 2513
2744 2505
2745 2505
2746 2506
2747 2506
2748 2506
2749 2504
2750 2505
2751 2508
2752 2505
2753 2505
2754 2503
2755 2502
2756 2502
2757 2503
2758 2501
2759 2501
2760 2500
2761 2500
2762 2500
2763 2500
2764 2501
2765 2500
2766 2500
2767 2504
2768 2500
2769 2500
2770 2500
2771 2500
2772 2500
2773 2500
2774 2502
2775 2500
2776 2500
2777 2499
2778 2500
2779 2505
2780 2501
2781 2501
2782 2499
2783 2500
2784 2500
2785 2500
2786 2500
2787 2500
2788 2501
2789 2502
2790 2504
2791 2501
2792 2501
2793 2502
2794 2502
2795 2502
2796 2503
2797 2502
2798 2501
2799 2502
2800 2501
2801 2501
2802 2501
2803 2500
2804 2501
2805 2501
2806 2504
2807 2501
2808 2500
2809 2500
2810 2499
2811 2499
2812 2499
2813 2499
2814 2499
2815 2499
2816 2499
2817 2499
2818 2499
2819 2499
2820 2499
2821 2499
2822 2499
2823 2499
2824 2500
2825 2500
2826 2500
2827 2500
2828 2500
2829 2500
2830 2500
2831 2500
2832 2500
2833 2500
2834 2500
2835 2501
2836 2502
2837 2500
2838 2500
2839 2500
2840 2500
2841 2500
2842 2500
2843 2500
2844 2500
2845 2500
2846 2500
2847 2500
2848 2499
2849 2500
2850 2500
2851 2500
2852 2501
2853 2501
2854 2501
2855 2501
2856 2501
2857 2503
2858 2501
2859 2501
2860 2502
2861 2501
2862 2500
2863 2500
2864 2501
2865 2501
2866 2501
2867 2501
2868 2503
2869 2502
2870 2501
2871 2501
2872 2501
2873 2501
2874 2501
2875 2501
2876 2500
2877 2500
2878 2500
2879 2500
2880 2500
2881 2501
2882 2502
2883 2500
2884 2501
2885 2501
2886 2501
2887 2501
2888 2501
2889 2500
2890 2500
2891 2500
2892 2501
2893 2506
2894 2505
2895 2501
2896 2501
2897 2501
2898 2508
2899 2501
2900 2501
2901 2502
2902 2500
2903 2501
2904 2501
2905 2502
2906 2510
2907 2502
2908 2503
2909 2502
2910 2502
2911 2505
2912 2512
2913 2505
2914 2503
2915 2505
2916 2507
2917 2506
2918 2506
2919 2502
2920 2504
2921 2503
2922 2505
2923 2510
2924 2502
2925 2503
2926 2503
2927 2504
2928 2503
2929 2504
2930 2511
2931 2504
2932 2504
2933 2504
2934 2503
2935 2502
2936 2503
2937 2503
2938 2502
2939 2508
2940 2511
2941 2502
2942 2502
2943 2503
2944 2504
2945 2505
2946 2506
2947 2507
2948 2506
2949 2506
2950 2506
2951 2506
2952 2503
2953 2504
2954 2503
2955 2502
2956 2502
2957 2502
2958 2503
2959 2503
2960 2502
2961 2502
2962 2504
2963 2502
2964 2502
2965 2502
2966 2503
2967 2502
2968 2502
2969 2504
2970 2502
2971 2502
2972 2502
2973 2501
2974 2502
2975 2502
2976 2504
2977 2504
2978 2502
2979 2501
2980 2501
2981 2508
2982 2502
2983 2501
2984 2501
2985 2501
2986 2511
2987 2510
2988 2510
2989 2502
2990 2500
2991 2500
2992 2500
2993 2500
2994 2500
2995 2500
2996 2500
2997 2500
2998 2499
2999 2500
3000 2500
3001 2504
3002 2500
3003 2500
3004 2499
3005 2500
3006 2500
3007 2501
3008 2501
3009 2504
3010 2503
3011 2500
3012 2500
3013 2502
3014 2500
3015 2499
3016 2500
3017 2500
3018 2500
3019 2500
3020 2504
3021 2499
3022 2500
3023 2500
3024 2501
3025 2500
3026 2500
3027 2500
3028 2507
3029 2500
3030 2499
3031 2501
3032 2500
3033 2501
3034 2503
3035 2500
3036 2499
3037 2499
3038 2505
3039 2500
3040 2499
3041 2501
3042 2500
3043 2500
3044 2501
3045 2500
3046 2500
3047 2505
3048 2499
3049 2505
3050 2500
3051 2507
3052 2500
3053 2501
3054 2508
3055 2501
3056 2502
3057 2500
3058 2506
3059 2500
3060 2502
3061 2500
3062 2500
3063 2499
3064 2500
3065 2501
3066 2499
3067 2501
3068 2499
3069 2499
3070 2501
3071 2501
3072 2501
3073 2499
3074 2498
3075 2504
3076 2503
3077 2499
3078 2499
3079 2500
3080 2499
3081 2499
3082 2499
3083 2499
3084 2499
3085 2499
3086 2498
3087 2498
3088 2498
3089 2498
3090 2498
3091 2498
3092 2497
3093 2499
3094 2499
3095 2498
3096 2507
3097 2502
3098 2498
3099 2497
3100 2497
3101 2497
3102 2497
3103 2497
3104 2497
3105 2497
3106 2497
3107 2497
3108 2498
3109 2497
3110 2498
3111 2498
3112 2498
3113 2497
3114 2498
3115 2498
3116 2497
3117 2497
3118 2497
3119 2497
3120 2497
3121 2497
3122 2497
3123 2496
3124 2496
3125 2497
3126 2496
3127 2496
3128 2496
3129 2496
3130 2496
3131 2499
3132 2504
3133 2498
3134 2496
3135 2498
3136 2496
3137 2496
3138 2500
3139 2496
3140 2497
3141 2499
3142 2497
3143 2497
3144 2497
3145 2499
3146 2497
3147 2497
3148 2497
3149 2498
3150 2497
3151 2497
3152 2497
3153 2497
3154 2497
3155 2497
3156 2497
3157 2496
3158 2497
3159 2497
3160 2497
3161 2496
3162 2497
3163 2497
3164 2496
3165 2499
3166 2496
3167 2496
3168 2496
3169 2496
3170 2497
3171 2496
3172 2496
3173 2496
3174 2501
3175 2496
3176 2496
3177 2499
3178 2495
3179 2499
3180 2496
3181 2500
3182 2495
3183 2497
3184 2496
3185 2495
3186 2496
3187 2496
3188 2495
3189 2495
3190 2495
3191 2495
3192 2496
3193 2496
3194 2496
3195 2495
3196 2496
3197 2497
3198 2496
3199 2495
3200 2496
3201 2496
3202 2496
3203 2497
3204 2495
3205 2495
3206 2495
3207 2496
3208 2495
3209 2495
3210 2496
3211 2496
3212 2497
3213 2496
3214 2500
3215 2495
3216 2495
3217 2495
3218 2496
3219 2495
3220 2495
3221 2494
3222 2501
3223 2497
3224 2496
3225 2495
3226 2495
3227 2495
3228 2494
3229 2494
3230 2494
3231 2494
3232 2494
3233 2495
3234 2494
3235 2494
3236 2494
3237 2495
3238 2496
3239 2496
3240 2495
3241 2496
3242 2495
3243 2494
3244 2494
3245 2494
3246 2494
3247 2493
3248 2494
3249 2493
3250 2493
3251 2493
3252 2493
3253 2492
3254 2493
3255 2494
3256 2492
3257 2492
3258 2492
3259 2495
3260 2491
3261 2492
3262 2491
3263 2492
3264 2492
3265 2492
3266 2492
3267 2491
3268 2491
3269 2491
3270 2491
3271 2490
3272 2491
3273 2491
3274 2490
3275 2489
3276 2491
3277 2493
3278 2490
3279 2492
3280 2490
3281 2490
3282 2490
3283 2489
3284 2489
3285 2490
3286 2490
3287 2489
3288 2489
3289 2489
3290 2489
3291 2492
3292 2491
3293 2490
3294 2489
3295 2489
3296 2489
3297 2489
3298 2489
3299 2489
3300 2489
3301 2488
3302 2488
3303 2489
3304 2488
3305 2489
3306 2489
3307 2488
3308 2489
3309 2488
3310 2488
3311 2488
3312 2488
3313 2488
3314 2488
3315 2488
3316 2488
3317 2488
3318 2487
3319 2487
3320 2487
3321 2487
3322 2487
3323 2487
3324 2486
3325 2486
3326 2486
3327 2486
3328 2487
3329 2486
3330 2486
3331 2486
3332 2486
3333 2487
3334 2487
3335 2486
3336 2487
3337 2487
3338 2487
3339 2487
3340 2487
3341 2487
3342 2487
3343 2488
3344 2488
3345 2488
3346 2488
3347 2488
3348 2488
3349 2488
3350 2488
3351 2488
3352 2489
3353 2488
3354 2489
3355 2488
3356 2489
3357 2489
3358 2489
3359 2489
3360 2489
3361 2489
3362 2489
3363 2489
3364 2489
3365 2489
3366 2490
3367 2490
3368 2490
3369 2490
3370 2490
3371 2491
3372 2491
3373 2491
3374 2490
3375 2490
3376 2490
3377 2491
3378 2491
3379 2491
3380 2491
3381 2492
3382 2492
3383 2492
3384 2492
3385 2492
3386 2492
3387 2492
3388 2492
3389 2492
3390 2493
3391 2492
3392 2492
3393 2492
3394 2493
3395 2492
3396 2492
3397 2492
3398 2492
3399 2492
3400 2493
3401 2493
3402 2491
3403 2491
3404 2492
3405 2491
3406 2491
3407 2492
3408 2491
3409 2491
3410 2491
3411 2491
3412 2491
3413 2491
3414 2491
3415 2491
3416 2491
3417 2491
3418 2491
3419 2491
3420 2491
3421 2491
3422 2491
3423 2490
3424 2490
3425 2491
3426 2490
3427 2490
3428 2490
3429 2491
3430 2491
3431 2490
3432 2490
3433 2490
3434 2490
3435 2490
3436 2490
3437 2490
3438 2490
3439 2490
3440 2490
3441 2490
3442 2490
3443 2490
3444 2490
3445 2490
3446 2490
3447 2490
3448 2490
3449 2492
3450 2492
3451 2492
3452 2492
3453 2493
3454 2492
3455 2493
3456 2493
3457 2493
3458 2494
3459 2495
3460 2495
3461 2495
3462 2495
3463 2496
3464 2496
3465 2496
3466 2496
3467 2496
3468 2497
3469 2497
3470 2497
3471 2498
3472 2498
3473 2498
3474 2499
3475 2499
3476 2499
3477 2499
3478 2499
3479 2499
3480 2499
3481 2500
3482 2499
3483 2499
3484 2499
3485 2499
3486 2499
3487 2499
3488 2498
3489 2498
3490 2498
3491 2498
3492 2498
3493 2497
3494 2497
3495 2497
3496 2497
3497 2497
3498 2497
3499 2496
3500 2496
3501 2496
3502 2496
3503 2495
3504 2495
3505 2495
3506 2495
3507 2494
3508 2494
3509 2494
3510 2494
3511 2494
3512 2494
3513 2494
3514 2494
3515 2494
3516 2494
3517 2494
3518 2493
3519 2494
3520 2494
3521 2494
3522 2494
3523 2494
3524 2494
3525 2494
3526 2494
3527 2494
3528 2493
3529 2494
3530 2493
3531 2493
3532 2493
3533 2492
3534 2492
3535 2492
3536 2492
3537 2492
3538 2492
3539 2492
3540 2491
3541 2492
3542 2492
3543 2492
3544 2492
3545 2492
3546 2492
3547 2492
3548 2492
3549 2493
3550 2493
3551 2493
3552 2494
3553 2494
3554 2495
3555 2495
3556 2495
3557 2495
3558 2496
3559 2496
3560 2497
3561 2497
3562 2497
3563 2498
3564 2498
3565 2498
3566 2498
3567 2499
3568 2499
3569 2499
3570 2499
3571 2499
3572 2499
3573 2499
3574 2501
3575 2498
3576 2499
3577 2501
3578 2500
3579 2503
3580 2500
3581 2501
3582 2501
3583 2501
3584 2501
3585 2501
3586 2502
3587 2502
3588 2502
3589 2502
3590 2501
3591 2502
3592 2502
3593 2502
3594 2502
3595 2502
3596 2502
3597 2502
3598 2502
3599 2502
3600 2502
3601 2502
3602 2502
3603 2502
3604 2502
3605 2502
3606 2502
3607 2502
3608 2502
3609 2502
3610 2502
3611 2502
3612 2502
3613 2502
3614 2502
3615 2502
3616 2502
3617 2505
3618 2501
3619 2502
3620 2502
3621 2501
3622 2501
3623 2502
3624 2502
3625 2502
3626 2502
3627 2502
3628 2502
3629 2502
3630 2502
3631 2502
3632 2502
3633 2502
3634 2502
3635 2502
3636 2502
3637 2502
3638 2502
3639 2502
3640 2502
3641 2501
3642 2502
3643 2502
3644 2501
3645 2501
3646 2502
3647 2502
3648 2502
3649 2502
3650 2502
3651 2502
3652 2502
3653 2502
3654 2502
3655 2502
3656 2501
3657 2502
3658 2502
3659 2502
3660 2502
3661 2502

2766 2556
2767 2551
2768 2548
2769 2549
2770 2544
2771 2550
2772 2555
2773 2550
2774 2551
2775 2550
2776 2550
2777 2544
2778 2549
2779 2552
2780 2550
2781 2549
2782 2541
2783 2548
2784 2542
2785 2546
2786 2543
2787 2549
2788 2550
2789 2548
2790 2548
2791 2547
2792 2548
2793 2549
2794 2541
2795 2541
2796 2543
2797 2543
2798 2545
2799 2553
2800 2541
2801 2547
2802 2545
2803 2552
2804 2549
2805 2545
2806 2545
2807 2554
2808 2543
2809 2545
2810 2546
2811 2552
2812 2540
2813 2545
2814 2546
2815 2548
2816 2550
2817 2547
2818 2547
2819 2547
2820 2540
2821 2551
2822 2553
2823 2547
2824 2546
2825 2546
2826 2546
2827 2550
2828 2547
2829 2552
2830 2539
2831 2539
2832 2542
2833 2547
2834 2546
2835 2546
2836 2551
2837 2543
2838 2546
2839 2546
2840 2546
2841 2546
2842 2546
2843 2547
2844 2546
2845 2549
2846 2551
2847 2552
2848 2552
2849 2546
2850 2548
2851 2547
2852 2545
2853 2544
2854 2541
2855 2543
2856 2541
2857 2548
2858 2542
2859 2540
2860 2540
2861 2551
2862 2552
2863 2546
2864 2546
2865 2553
2866 2548
2867 2550
2868 2539
2869 2540
2870 2543
2871 2544
2872 2544
2873 2545
2874 2539
2875 2546
2876 2551
2877 2539
2878 2547
2879 2546
2880 2539
2881 2549
2882 2551
2883 2549
2884 2548
2885 2540
2886 2550
2887 2550
2888 2552
2889 2547
2890 2542
2891 2551
2892 2549
2893 2543
2894 2552
2895 2548
2896 2542
2897 2544
2898 2546
2899 2551
2900 2547
2901 2544
2902 2541
2903 2552
2904 2547
2905 2543
2906 2554
2907 2541
2908 2546
2909 2541
2910 2541
2911 2548
2912 2547
2913 2547
2914 2541
2915 2554
2916 2555
2917 2542
2918 2549
2919 2541
2920 2541
2921 2549
2922 2549
2923 2543
2924 2548
2925 2549
2926 2556
2927 2546
2928 2548
2929 2549
2930 2542
2931 2546
2932 2555
2933 2543
2934 2553
2935 2545
2936 2544
2937 2543
2938 2553
2939 2543
2940 2542
2941 2543
2942 2544
2943 2549
2944 2545
2945 2547
2946 2545
2947 2548
2948 2549
2949 2549
2950 2545
2951 2545
2952 2546
2953 2543
2954 2543
2955 2547
2956 2544
2957 2547
2958 2556
2959 2554
2960 2553
2961 2552
2962 2550
2963 2553
2964 2547
2965 2554
2966 2554
2967 2542
2968 2545
2969 2548
2970 2548
2971 2544
2972 2543
2973 2543
2974 2542
2975 2556
2976 2556
2977 2553
2978 2548
2979 2554
2980 2547
2981 2542
2982 2555
2983 2554
2984 2551
2985 2550
2986 2549
2987 2547
2988 2549
2989 2550
2990 2550
2991 2550
2992 2549
2993 2548
2994 2543
2995 2548
2996 2549
2997 2545
2998 2545
2999 2547
3000 2552
3001 2547
3002 2553
3003 2547
3004 2548
3005 2548
3006 2554
3007 2540
3008 2554
3009 2552
3010 2553
3011 2554
3012 2548
3013 2549
3014 2546
3015 2549
3016 2544
3017 2541
3018 2547
3019 2554
3020 2554
3021 2541
3022 2540
3023 2548
3024 2553
3025 2547
3026 2540
3027 2539
3028 2552
3029 2548
3030 2539
3031 2547
3032 2548
3033 2550
3034 2547
3035 2540
3036 2551
3037 2541
3038 2550
3039 2546
3040 2546
3041 2551
3042 2546
3043 2544
3044 2547
3045 2546
3046 2551
3047 2551
3048 2538
3049 2550
3050 2539
3051 2549
3052 2545
3053 2546
3054 2546
3055 2545
3056 2544
3057 2544
3058 2544
3059 2547
3060 2539
3061 2546
3062 2545
3063 2549
3064 2552
3065 2543
3066 2551
3067 2538
3068 2545
3069 2545
3070 2540
3071 2542
3072 2549
3073 2544
3074 2538
3075 2550
3076 2544
3077 2545
3078 2546
3079 2539
3080 2539
3081 2543
3082 2543
3083 2548
3084 2546
3085 2545
3086 2541
3087 2544
3088 2551
3089 2545
3090 2548
3091 2550
3092 2540
3093 2544
3094 2545
3095 2545
3096 2544
3097 2537
3098 2544
3099 2542
3100 2542
3101 2545
3102 2547
3103 2545
3104 2544
3105 2544
3106 2541
3107 2549
3108 2540
3109 2547
3110 2544
3111 2545
3112 2539
3113 2539
3114 2549
3115 2541
3116 2548
3117 2549
3118 2545
3119 2543
3120 2548
3121 2545
3122 2544
3123 2543
3124 2539
3125 2542
3126 2542
3127 2543
3128 2544
3129 2542
3130 2541
3131 2541
3132 2540
3133 2542
3134 2539
3135 2538
3136 2538
3137 2535
3138 2544
3139 2541
3140 2541
3141 2545
3142 2543
3143 2541
3144 2543
3145 2534
3146 2543
3147 2543
3148 2548
3149 2542
3150 2543
3151 2541
3152 2541
3153 2540
3154 2548
3155 2542
3156 2545
3157 2546
3158 2533
3159 2546
3160 2543
3161 2542
3162 2543
3163 2543
3164 2541
3165 2533
3166 2544
3167 2545
3168 2540
3169 2540
3170 2547
3171 2536
3172 2533
3173 2544
3174 2547
3175 2542
3176 2541
3177 2541
3178 2533
3179 2542
3180 2540
3181 2544
3182 2542
3183 2542
3184 2539
3185 2540
3186 2539
3187 2539
3188 2540
3189 2540
3190 2539
3191 2540
3192 2539
3193 2537
3194 2539
3195 2536
3196 2539
3197 2534
3198 2534
3199 2535
3200 2541
3201 2531
3202 2533
3203 2545
3204 2539
3205 2531
3206 2538
3207 2538
3208 2539
3209 2533
3210 2537
3211 2538
3212 2537
3213 2541
3214 2540
3215 2536
3216 2540
3217 2536
3218 2536
3219 2538
3220 2538
3221 2539
3222 2536
3223 2535
3224 2535
3225 2537
3226 2538
3227 2537
3228 2536
3229 2536
3230 2532
3231 2537
3232 2530
3233 2528
3234 2535
3235 2536
3236 2535
3237 2534
3238 2528
3239 2540
3240 2534
3241 2534
3242 2535
3243 2528
3244 2534
3245 2534
3246 2534
3247 2534
3248 2533
3249 2533
3250 2538
3251 2539
3252 2529
3253 2533
3254 2535
3255 2534
3256 2533
3257 2534
3258 2534
3259 2532
3260 2533
3261 2527
3262 2532
3263 2531
3264 2531
3265 2534
3266 2532
3267 2534
3268 2532
3269 2530
3270 2525
3271 2534
3272 2536
3273 2530
3274 2531
3275 2530
3276 2527
3277 2531
3278 2530
3279 2530
3280 2530
3281 2528
3282 2529
3283 2530
3284 2529
3285 2529
3286 2528
3287 2529
3288 2529
3289 2530
3290 2530
3291 2532
3292 2528
3293 2529
3294 2528
3295 2522
3296 2523
3297 2529
3298 2528
3299 2529
3300 2529
3301 2528
3302 2529
3303 2531
3304 2527
3305 2527
3306 2527
3307 2530
3308 2530
3309 2533
3310 2531
3311 2527
3312 2527
3313 2526
3314 2526
3315 2526
3316 2526
3317 2526
3318 2525
3319 2526
3320 2530
3321 2530
3322 2525
3323 2525
3324 2523
3325 2524
3326 2525
3327 2521
3328 2525
3329 2524
3330 2525
3331 2525
3332 2525
3333 2525
3334 2528
3335 2524
3336 2524
3337 2524
3338 2528
3339 2526
3340 2526
3341 2525
3342 2525
3343 2527
3344 2526
3345 2527
3346 2526
3347 2526
3348 2529
3349 2526
3350 2525
3351 2525
3352 2526
3353 2527
3354 2528
3355 2526
3356 2527
3357 2527
3358 2527
3359 2527
3360 2526
3361 2525
3362 2527
3363 2528
3364 2528
3365 2528
3366 2528
3367 2529
3368 2529
3369 2528
3370 2528
3371 2528
3372 2528
3373 2529
3374 2529
3375 2530
3376 2530
3377 2529
3378 2532
3379 2530
3380 2531
3381 2530
3382 2530
3383 2530
3384 2530
3385 2530
3386 2530
3387 2529
3388 2531
3389 2532
3390 2530
3391 2531
3392 2534
3393 2532
3394 2531
3395 2530
3396 2532
3397 2532
3398 2534
3399 2534
3400 2532
3401 2529
3402 2522
3403 2528
3404 2527
3405 2528
3406 2528
3407 2527
3408 2527
3409 2526
3410 2531
3411 2529
3412 2527
3413 2527
3414 2528
3415 2526
3416 2527
3417 2527
3418 2526
3419 2526
3420 2527
3421 2526
3422 2526
3423 2526
3424 2526
3425 2530
3426 2532
3427 2521
3428 2526
3429 2527
3430 2526
3431 2527
3432 2527
3433 2527
3434 2521
3435 2526
3436 2526
3437 2527
3438 2526
3439 2531
3440 2527
3441 2525
3442 2527
3443 2523
3444 2525
3445 2526
3446 2525
3447 2527
3448 2518
3449 2526
3450 2528
3451 2526
3452 2532
3453 2527
3454 2519
3455 2525
3456 2526
3457 2527
3458 2527
3459 2527
3460 2528
3461 2528
3462 2528
3463 2528
3464 2527
3465 2529
3466 2528
3467 2527
3468 2529
3469 2530
3470 2531
3471 2533
3472 2530
3526 2520
3527 2521
3528 2519
3529 2519
3530 2520
3531 2520
3532 2520
3533 2524
3534 2520
3535 2519
3536 2519
3537 2519
3538 2518
3539 2518
3540 2518
3541 2519
3542 2519
3543 2519
3544 2519
3545 2522
3546 2519
3547 2519
3548 2519
3549 2523
3550 2520
3551 2515
3552 2525
3553 2521
3554 2520
3555 2522
3556 2522
3557 2522
3558 2522
3559 2522
3560 2523
3561 2524
3562 2523
3563 2523
3564 2524
3565 2524
3566 2524
3567 2524
3568 2525
3569 2525
3570 2525
3571 2524
3572 2526
3573 2523
3574 2531
3575 2527
3576 2526
3577 2527
3578 2526
3579 2526
3580 2528
3581 2527
3582 2528
3583 2532
3584 2531
3585 2532
3586 2527
3587 2527
3588 2528
3589 2529
3590 2528
3591 2528
3592 2528
3593 2528
3594 2529
3595 2532
3596 2520
3597 2529
3598 2532
3599 2534
3600 2529
3601 2533
3602 2528
3603 2529
3604 2534
3605 2528
3606 2528
3607 2530
3608 2529
3609 2529
3610 2529
3611 2529
3612 2529
3613 2529
3614 2520
3615 2520
3616 2528
3617 2533
3618 2527
3619 2520
3620 2528
3621 2528
3622 2527
3623 2527
3624 2521
3625 2523
3626 2519
3627 2527
3628 2526
3629 2526
3630 2528
3631 2528
3632 2518
3633 2519
3634 2522
3635 2518
3636 2526
3637 2527
3638 2526
3639 2531
3640 2526
3641 2521
3642 2518
3643 2524
3644 2525
3645 2524
3646 2524
3647 2523
3648 2524
3649 2524
3650 2520
3651 2518
3652 2518
3653 2523
3654 2525
3655 2518
3656 2525
3657 2516
3658 2524
3659 2523
3660 2524
3661 2516
3662 9999

