2717 2503
2718 2503
2719 2505
2720 2515
2721 2506
2722 2506
2723 2506
2724 2509
2725 2504
2726 2504
2727 2510
2728 2507
2729 2507
2730 2506
2731 2506
2732 2506
2733 2505
2734 2507
2735 2505
2736 2507
2737 2513
2738 2507
2739 2506
2740 2511
2741 2510
2742 2513
2743 2507
2744 2507
2745 2506
2746 2506
2747 2514
2748 2504
2749 2507
2750 2503
2751 2506
2752 2504
2753 2504
2754 2504
2755 2502
2756 2502
2757 2502
2758 2502
2759 2501
2760 2505
2761 2504
2762 2513
2763 2503
2764 2505
2765 2509
2766 2511
2767 2507
2768 2506
2769 2508
2770 2508
2771 2512
2772 2511
2773 2511
2774 2510
2775 2511
2776 2507
2777 2505
2778 2506
2779 2504
2780 2503
2781 2502
2782 2502
2783 2503
2784 2503
2785 2503
2786 2502
2787 2505
2788 2503
2789 2504
2790 2504
2791 2504
2792 2504
2793 2513
2794 2506
2795 2506
2796 2506
2797 2509
2798 2506
2799 2511
2800 2507
2801 2508
2802 2509
2803 2508
2804 2507
2805 2510
2806 2510
2807 2510
2808 2506
2809 2503
2810 2504
2811 2503
2812 2505
2813 2507
2814 2504
2815 2511
2816 2504
2817 2503
2818 2504
2819 2504
2820 2504
2821 2504
2822 2504
2823 2504
2824 2505
2825 2504
2826 2504
2827 2504
2828 2504
2829 2504
2830 2504
2831 2505
2832 2504
2833 2506
2834 2505
2835 2507
2836 2507
2837 2516
2838 2506
2839 2504
2840 2505
2841 2505
2842 2504
2843 2505
2844 2505
2845 2505
2846 2504
2847 2504
2848 2504
2849 2505
2850 2505
2851 2504
2852 2505
2853 2504
2854 2504
2855 2504
2856 2505
2857 2505
2858 2505
2859 2504
2860 2504
2861 2504
2862 2505
2863 2505
2864 2505
2865 2504
2866 2505
2867 2505
2868 2504
2869 2505
2870 2504
2871 2504
2872 2505
2873 2508
2874 2505
2875 2505
2876 2504
2877 2504
2878 2505
2879 2504
2880 2504
2881 2504
2882 2504
2883 2504
2884 2504
2885 2504
2886 2504
2887 2504
2888 2504
2889 2504
2890 2504
2891 2504
2892 2504
2893 2504
2894 2504
2895 2504
2896 2508
2897 2503
2898 2505
2899 2504
2900 2504
2901 2505
2902 2505
2903 2504
2904 2505
2905 2505
2906 2505
2907 2506
2908 2506
2909 2506
2910 2506
2911 2509
2912 2506
2913 2506
2914 2506
2915 2506
2916 2506
2917 2505
2918 2505
2919 2506
2920 2506
2921 2506
2922 2506
2923 2505
2924 2505
2925 2505
2926 2505
2927 2506
2928 2506
2929 2506
2930 2506
2931 2506
2932 2505
2933 2507
2934 2507
2935 2507
2936 2507
2937 2508
2938 2508
2939 2509
2940 2508
2941 2508
2942 2508
2943 2508
2944 2508
2945 2508
2946 2514
2947 2506
2948 2507
2949 2509
2950 2506
2951 2507
2952 2507
2953 2506
2954 2507
2955 2506
2956 2507
2957 2506
2958 2506
2959 2507
2960 2506
2961 2505
2962 2506
2963 2506
2964 2505
2965 2506
2966 2507
2967 2506
2968 2505
2969 2505
2970 2505
2971 2515
2972 2506
2973 2506
2974 2505
2975 2505
2976 2514
2977 2506
2978 2506
2979 2507
2980 2506
2981 2505
2982 2506
2983 2505
2984 2506
2985 2506
2986 2507
2987 2506
2988 2505
2989 2505
2990 2505
2991 2509
2992 2511
2993 2505
2994 2505
2995 2504
2996 2505
2997 2504
2998 2504
2999 2504
3000 2504
3001 2505
3002 2505
3003 2505
3004 2505
3005 2505
3006 2505
3007 2505
3008 2505
3009 2505
3010 2505
3011 2505
3012 2505
3013 2505
3014 2505
3015 2505
3016 2505
3017 2505
3018 2506
3019 2506
3020 2505
3021 2505
3022 2505
3023 2506
3024 2506
3025 2506
3026 2506
3027 2506
3028 2506
3029 2506
3030 2506
3031 2506
3032 2506
3033 2506
3034 2506
3035 2505
3036 2506
3037 2506
3038 2505
3039 2506
3040 2507
3041 2507
3042 2507
3043 2507
3044 2506
3045 2506
3046 2506
3047 2506
3048 2505
3049 2505
3050 2506
3051 2505
3052 2508
3053 2505
3054 2505
3055 2505
3056 2505
3057 2505
3058 2505
3059 2505
3060 2509
3061 2509
3062 2504
3063 2504
3064 2505
3065 2505
3066 2504
3067 2504
3068 2505
3069 2509
3070 2509
3071 2508
3072 2508
3073 2505
3074 2505
3075 2504
3076 2511
3077 2505
3078 2504
3079 2503
3080 2504
3081 2504
3082 2504
3083 2506
3084 2508
3085 2504
3086 2504
3087 2504
3088 2504
3089 2505
3090 2508
3091 2504
3092 2504
3093 2503
3094 2503
3095 2503
3096 2503
3097 2504
3098 2504
3099 2503
3100 2503
3101 2503
3102 2503
3103 2508
3104 2504
3105 2504
3106 2504
3107 2505
3108 2504
3109 2502
3110 2507
3111 2504
3112 2505
3113 2506
3114 2503
3115 2504
3116 2505
3117 2504
3118 2504
3119 2504
3120 2503
3121 2504
3122 2505
3123 2504
3124 2503
3125 2503
3126 2505
3127 2503
3128 2507
3129 2503
3130 2503
3131 2503
3132 2504
3133 2504
3134 2503
3135 2503
3136 2503
3137 2503
3138 2504
3139 2503
3140 2503
3141 2503
3142 2503
3143 2503
3144 2509
3145 2503
3146 2508
3147 2510
3148 2505
3149 2503
3150 2502
3151 2503
3152 2503
3153 2503
3154 2503
3155 2503
3156 2503
3157 2503
3158 2503
3159 2503
3160 2503
3161 2505
3162 2503
3163 2503
3164 2502
3165 2502
3166 2502
3167 2502
3168 2502
3169 2502
3170 2502
3171 2502
3172 2501
3173 2501
3174 2502
3175 2501
3176 2501
3177 2501
3178 2501
3179 2501
3180 2500
3181 2501
3182 2501
3183 2502
3184 2500
3185 2500
3186 2500
3187 2503
3188 2506
3189 2500
3190 2501
3191 2500
3192 2501
3193 2500
3194 2500
3195 2501
3196 2501
3197 2501
3198 2501
3199 2500
3200 2500
3201 2501
3202 2500
3203 2500
3204 2501
3205 2501
3206 2501
3207 2500
3208 2500
3209 2501
3210 2501
3211 2502
3212 2502
3213 2501
3214 2501
3215 2501
3216 2501
3217 2500
3218 2501
3219 2502
3220 2499
3221 2500
3222 2500
3223 2499
3224 2499
3225 2499
3226 2502
3227 2504
3228 2502
3229 2501
3230 2501
3231 2501
3232 2503
3233 2500
3234 2500
3235 2506
3236 2500
3237 2502
3238 2500
3239 2499
3240 2499
3241 2500
3242 2500
3243 2501
3244 2501
3245 2500
3246 2500
3247 2502
3248 2504
3249 2503
3250 2501
3251 2502
3252 2499
3253 2499
3254 2499
3255 2500
3256 2500
3257 2500
3258 2500
3259 2500
3260 2500
3261 2500
3262 2499
3263 2499
3264 2499
3265 2499
3266 2499
3267 2499
3268 2499
3269 2500
3270 2499
3271 2499
3272 2500
3273 2500
3274 2500
3275 2499
3276 2502
3277 2502
3278 2499
3279 2500
3280 2500
3281 2505
3282 2500
3283 2500
3284 2500
3285 2500
3286 2500
3287 2500
3288 2500
3289 2500
3290 2500
3291 2501
3292 2500
3293 2500
3294 2500
3295 2500
3296 2501
3297 2501
3298 2498
3299 2498
3300 2498
3301 2499
3302 2499
3303 2499
3304 2499
3305 2499
3306 2500
3307 2498
3308 2499
3309 2499
3310 2499
3311 2500
3312 2500
3313 2500
3314 2500
3315 2500
3316 2500
3317 2501
3318 2502
3319 2501
3320 2502
3321 2502
3322 2498
3323 2498
3324 2498
3325 2499
3326 2499
3327 2498
3328 2500
3329 2500
3330 2500
3331 2500
3332 2500
3333 2500
3334 2500
3335 2500
3336 2500
3337 2500
3338 2500
3339 2500
3340 2500
3341 2500
3342 2500
3343 2499
3344 2499
3345 2499
3346 2501
3347 2499
3348 2499
3349 2499
3350 2500
3351 2500
3352 2498
3353 2503
3354 2499
3355 2499
3356 2499
3357 2498
3358 2503
3359 2503
3360 2499
3361 2499
3362 2499
3363 2500
3364 2500
3365 2500
3366 2499
3367 2500
3368 2499
3369 2499
3370 2499
3371 2499
3372 2499
3373 2499
3374 2500
3375 2500
3376 2500
3377 2500
3378 2500
3379 2500
3380 2500
3381 2502
3382 2499
3383 2500
3384 2500
3385 2500
3386 2500
3387 2500
3388 2500
3389 2499
3390 2500
3391 2500
3392 2500
3393 2500
3394 2500
3395 2500
3396 2500
3397 2500
3398 2500
3399 2500
3400 2500
3401 2500
3402 2500
3403 2500
3404 2500
3405 2500
3406 2500
3407 2500
3408 2500
3409 2500
3410 2500
3411 2500
3412 2500
3413 2500
3414 2500
3415 2500
3416 2500
3417 2500
3418 2500
3419 2500
3420 2500
3421 2500
3422 2499
3423 2499
3424 2499
3425 2499
3426 2499
3427 2500
3428 2500
3429 2500
3430 2500
3431 2500
3432 2499
3433 2500
3434 2500
3435 2500
3436 2500
3437 2500
3438 2500
3439 2500
3440 2500
3441 2500
3442 2500
3443 2500
3444 2500
3445 2500
3446 2500
3447 2500
3448 2500
3449 2500
3450 2500
3451 2500
3452 2500
3453 2499
3454 2500
3455 2500
3456 2500
3457 2500
3458 2500
3459 2500
3460 2500
3461 2500
3462 2500
3463 2500
3464 2500
3465 2500
3466 2500
3467 2500
3468 2500
3469 2500
3470 2500
3471 2500
3472 2500
3473 2500
3474 2500
3475 2500
3476 2500
3477 2500
3478 2500
3479 2500
3480 2500
3481 2500
3482 2500
3483 2500
3484 2500
3485 2500
3486 2500
3487 2500
3488 2499
3489 2500
3490 2500
3491 2500
3492 2500
3493 2500
3494 2500
3495 2500
3496 2500
3497 2500
3498 2500
3499 2500
3500 2500
3501 2500
3502 2500
3503 2500
3504 2500
3505 2500
3506 2500
3507 2500
3508 2500
3509 2500
3510 2500
3511 2500
3512 2500
3513 2500
3514 2500
3515 2500
3516 2500
3517 2500
3518 2500
3519 2500
3520 2500
3521 2500
3522 2500
3523 2500
3524 2500
3525 2500
3526 2500
3527 2500
3528 2500
3529 2500
3530 2500
3531 2500
3532 2500
3533 2499
3534 2499
3535 2499
3536 2500
3537 2500
3538 2500
3539 2500
3540 2500
3541 2500
3542 2500
3543 2500
3544 2500
3545 2500
3546 2500
3547 2501
3548 2500
3549 2500
3550 2500
3551 2500
3552 2500
3553 2500
3554 2500
3555 2500
3556 2500
3557 2500
3558 2500
3559 2500
3560 2500
3561 2500
3562 2500
3563 2500
3564 2500
3565 2500
3566 2500
3567 2500
3568 2500
3569 2500
3570 2500
3571 2500
3572 2500
3573 2500
3574 2500
3575 2500
3576 2500
3577 2500
3578 2500
3579 2500
3580 2500
3581 2500
3582 2501
3583 2500
3584 2500
3585 2500
3586 2500
3587 2500
3588 2500
3589 2500
3590 2500
3591 2500
3592 2500
3593 2500
3594 2500
3595 2500
3596 2500
3597 2499
3598 2500
3599 2500
3600 2500
3601 2500
3602 2500
3603 2500
3604 2500
3605 2500
3606 2500
3607 2500
3608 2500
3609 2500
3610 2500
3611 2499
3612 2504
3613 2500
3614 2499
3615 2503
3616 2498
3617 2499
3618 2498
3619 2502
3620 2498
3621 2498
3622 2499
3623 2499
3624 2499
3625 2499
3626 2499
3627 2499
3628 2498
3629 2498
3630 2499
3631 2499
3632 2498
3633 2498
3634 2499
3635 2499
3636 2499
3637 2498
3638 2498
3639 2498
3640 2498
3641 2498
3642 2498
3643 2498
3644 2498
3645 2498
3646 2498
3647 2498
3648 2498
3649 2498
3650 2498
3651 2497
3652 2498
3653 2497
3654 2497
3655 2497
3656 2497
3657 2497
3658 2497
3659 2497
3660 2497
3661 2497
3662 2497
3663 2497
3664 2496
3665 2496
3666 2496
3667 2496
3668 2496
3669 2497
3670 2497
3671 2496
3672 2496
3673 2496
3674 2496
3675 2496
3676 2496
3677 2496
3678 2496
3679 2496
3680 2496
3681 2496
3682 2496
3683 2496
3684 2496
3685 2495
3686 2496
3687 2495
3688 2495
3689 2495
3690 2495
3691 2495
3692 2495
3693 2495
3694 2495
3695 2495
3696 2495
3697 2495
3698 2496
3699 2495
3700 2495
3701 2495
3702 2495
3703 2495
3704 2495
3705 2495
3706 2495
3707 2495
3708 2495
3709 2495
3710 2495
3711 2494
3712 2494
3713 2494
3714 2495
3715 2495
3716 2495
3717 2495
3718 2494
3719 2494
3720 2494
3721 2494
3722 2494
3723 2494
3724 2494
3725 2494
3726 2494
3727 2494
3728 2494
3729 2494
3730 2493
3731 2493
3732 2494
3733 2494
3734 2494
3735 2494
3736 2494
3737 2494
3738 2494
3739 2494
3740 2493
3741 2494
3742 2494
3743 2494
3744 2493
3745 2493
3746 2494
3747 2494
3748 2494
3749 2494
3750 2494
3751 2494
3752 2494
3753 2494
3754 2494
3755 2493
3756 2494
3757 2494
3758 2494
3759 2493
3760 2493
3761 2493
3762 2493
3763 2493
3764 2493
3765 2493
3766 2493
3767 2494
3768 2493
3769 2493
3770 2494
3771 2493
3772 2493
3773 2493
3774 2493
3775 2493
3776 2493
3777 2493
3778 2493
3779 2493
3780 2493
3781 2493
3782 2493
3783 2493
3784 2493
3785 2493
3786 2493
3787 2493
3788 2493
3789 2493
3790 2493
3791 2493
3792 2493
3793 2493
3794 2493
3795 2493
3796 2493
3797 2493
3798 2493
3799 2493
3800 2492
3801 2492
3802 2493
3803 2493
3804 2493
3805 2493
3806 2493
3807 2493
3808 2492
3809 2492
3810 2492
3811 2492
3812 2493
3813 2493
3814 2492
3815 2492
3816 2492
3817 2492
3818 2493
3819 2493
3820 2492
3821 2493
3822 2492
3823 2493
3824 2493
3825 2493
3826 2493
3827 2492
3828 2492
3829 2492
3830 2492
3831 2492
3832 2493
3833 2492
3834 2492
3835 2492
3836 2492
3837 2493
3838 2492
3839 2492
3840 2493
3841 2492
3842 2492
3843 2492
3844 2492
3845 2493
3846 2492
3847 2493
3848 2493
3849 2492
3850 2492
3851 2492
3852 2492
3853 2492
3854 2492
3855 2492
3856 2492
3857 2492
3858 2492
3859 2492
3860 2492
3861 2492
3862 2492
3863 2492
3864 2492
3865 2492
3866 2492
3867 2492
3868 2492
3869 2492
3870 2492
3871 2492
3872 2492
3873 2492
3874 2491
3875 2491
3876 2491
3877 2492
3878 2492
3879 2492
3880 2491
3881 2492
3882 2491
3883 2491
3884 2491
3885 2492
3886 2491
3887 2492
3888 2491
3889 2491
3890 2492
3891 2492
3892 2492
3893 2491
3894 2491
3895 2492
3896 2492
3897 2491
3898 2492
3899 2492
3900 2492
3901 2492
3902 2491
3903 2491
3904 2491
3905 2492
3906 2492
3907 2492
3908 2491
3909 2492
3910 2492
3911 2491
3912 2491
3913 2492
3914 2492
3915 2492
3916 2491
3917 2491
3918 2491
3919 2492
3920 2492
3921 2492
3922 2492
3923 2492
3924 2492
3925 2492
3926 2492
3927 2492
3928 2492
3929 2492
3930 2492
3931 2492
3932 2492
3933 2492
3934 2492
3935 2492
3936 2492
3937 2492
3938 2492
3939 2492
3940 2492
3941 2492
3942 2492
3943 2492
3944 2492
3945 2492
3946 2491
3947 2491
3948 2491
3949 2492
3950 2492
3951 2491
3952 2491
3953 2491
3954 2491
3955 2492
3956 2491
3957 2492
3958 2491
3959 2492
3960 2492
3961 2492
3962 2492
3963 2492
3964 2492
3965 2492
3966 2491
3967 2491
3968 2491
3969 2492
3970 2491
3971 2491
3972 2492
3973 2492
3974 2494
3975 2491
3976 2491
3977 2491
3978 2492
3979 2492
3980 2492
3981 2492
3982 2492
3983 2492
3984 2492
3985 2492
3986 2492
3987 2492
3988 2492
3989 2492
3990 2492
3991 2492
3992 2492
3993 2492
3994 2492
3995 2492
3996 2492
3997 2492
3998 2492
3999 2492
4000 2492
4001 2492
4002 2492
4003 2492
4004 2492
4005 2492
4006 2492
4007 2492
4008 2492
4009 2492
4010 2492
4011 2492
4012 2491
4013 2492
4014 2492
4015 2492
4016 2492
4017 2492
4018 2492
4019 2492
4020 2492
4021 2492
4022 2492
4023 2492
4024 2492
4025 2492
4026 2492
4027 2492
4028 2492
4029 2492
4030 2492
4031 2492
4032 2492
4033 2492
4034 2492
4035 2492
4036 2491
4037 2491
4038 2491
4039 2492
4040 2492
4041 2491
4042 2491
4043 2492
4044 2492
4045 2492
4046 2492
4047 2492
4048 2492
4049 2492
4050 2492
4051 2492
4052 2492
4053 2492
4054 2492
4055 2492
4056 2492
4057 2492
4058 2492
4059 2492
4060 2492
4061 2492
4062 2492
4063 2492
4064 2492
4065 2492
4066 2492
4067 2492
4068 2492
4069 2492
4070 2492
4071 2491
4072 2492
4073 2492
4074 2491
4075 2492
4076 2492
4077 2492
4078 2492
4079 2492
4080 2492
4081 2492
4082 2491
4083 2491
4084 2491
4085 2491
4086 2491
4087 2491
4088 2491
4089 2491
4090 2491
4091 2491
4092 2491
4093 2491
4094 2491
4095 2491
4096 2491
4097 2491
4098 2491
4099 2491
4100 2491
4101 2491
4102 2491
4103 2491
4104 2491
4105 2491
4106 2491
4107 2491
4108 2492
4109 2491
4110 2491
4111 2491
4112 2491
4113 2491
4114 2491
4115 2491
4116 2491
4117 2491
4118 2491
4119 2491
4120 2492
4121 2492
4122 2491
4123 2491
4124 2491
4125 2492
4126 2491
4127 2492
4128 2491
4129 2491
4130 2491
4131 2491
4132 2491
4133 2491
4134 2491
4135 2491
4136 2491
4137 2491
4138 2491
4139 2491
4140 2491
4141 2491
4142 2491
4143 2491
4144 2491
4145 2490
4146 2490
4147 2490
4148 2491
4149 2491
4150 2490
4151 2490
4152 2490
4153 2490
4154 2490
4155 2490
4156 2490
4157 2490
4158 2490
4159 2490
4160 2490
4161 2489
4162 2490
4163 2490
4164 2490
4165 2489
4166 2490
4167 2490
4168 2490
4169 2490
4170 2490
4171 2490
4172 2489
4173 2489
4174 2490
4175 2490
4176 2490
4177 2489
4178 2489
4179 2489
4180 2489
4181 2489
4182 2489
4183 2489
4184 2489
4185 2489
4186 2489
4187 2489
4188 2488
4189 2489
4190 2489
4191 2489
4192 2489
4193 2489
4194 2489
4195 2489
4196 2489
4197 2489
4198 2489
4199 2489
4200 2489
4201 2489
4202 2489
4203 2489
4204 2489
4205 2489
4206 2489
4207 2488
4208 2488
4209 2488
4210 2488
4211 2488
4212 2488
4213 2488
4214 2489
4215 2488
4216 2488
4217 2488
4218 2488
4219 2488
4220 2488
4221 2488
4222 2488
4223 2488
4224 2488
4225 2488
4226 2488
4227 2489
4228 2488
4229 2488
4230 2488
4231 2488
4232 2488
4233 2488
4234 2488
4235 2488
4236 2488
4237 2488
4238 2489
4239 2488
4240 2488
4241 2488
4242 2488
4243 2488
4244 2488
4245 2489
4246 2488
4247 2488
4248 2488
4249 2488
4250 2488
4251 2488
4252 2488
4253 2488
4254 2488
4255 2488
4256 2487
4257 2487
4258 2487
4259 2487
4260 2487
4261 2487
4262 2487
4263 2487
4264 2487
4265 2490
4266 2489
4267 2486
4268 2487
4269 2487
4270 2488
4271 2487
4272 2487
4273 2488
4274 2488
4275 2487
4276 2487
4277 2487
4278 2486
4279 2487
4280 2487
4281 2487
4282 2487
4283 2487
4284 2487
4285 2487
4286 2486
4287 2487
4288 2487
4289 2487
4290 2486
4291 2486
4292 2486
4293 2487
4294 2487
4295 2487
4296 2487
4297 2487
4298 2487
4299 2486
4300 2486
4301 2486
4302 2486
4303 2486
4304 2486
4305 2486
4306 2486
4307 2486
4308 2486
4309 2486
4310 2486
4311 2486
4312 2486
4313 2486
4314 2486
4315 2486
4316 2486
4317 2486
4318 2486
4319 2486
4320 2486
4321 2486
4322 2486
4323 2485
4324 2485
4325 2486
4326 2485
4327 2485
4328 2485
4329 2485
4330 2485
4331 2485
4332 2485
4333 2485
4334 2485
4335 2485
4336 2485
4337 2485
4338 2485
4339 2485
4340 2485
4341 2485
4342 2485
4343 2485
4344 2485
4345 2485
4346 2485
4347 2485
4348 2484
4349 2485
4350 2485
4351 2485
4352 2485
4353 2485
4354 2485
4355 2485
4356 2485
4357 2485
4358 2485
4359 2484
4360 2485
4361 2485
4362 2485
4363 2485
4364 2485
4365 2484
4366 2485
4367 2485
4368 2485
4369 2485
4370 2485
4371 2484
4372 2484
4373 2484
4374 2485
4375 2485
4376 2484
4377 2485
4378 2484
4379 2485
4380 2485
4381 2485
4382 2485
4383 2484
4384 2485
4385 2484
4386 2485
4387 2484
4388 2484

2943 2548
2944 2546
2945 2548
2946 2548
2947 2552
2948 2552
2949 2554
2950 2546
2951 2548
2952 2540
2953 2540
2954 2547
2955 2549
2956 2550
2957 2552
2958 2549
2959 2546
2960 2543
2961 2549
2962 2551
2963 2549
2964 2549
2965 2549
2966 2550
2967 2548
2968 2548
2969 2548
2970 2550
2971 2552
2972 2547
2973 2543
2974 2553
2975 2549
2976 2543
2977 2551
2978 2547
2979 2544
2980 2545
2981 2540
2982 2540
2983 2551
2984 2540
2985 2546
2986 2548
2987 2548
2988 2540
2989 2540
2990 2539
2991 2553
2992 2539
2993 2545
2994 2553
2995 2546
2996 2553
2997 2544
2998 2550
2999 2540
3000 2553
3001 2549
3002 2539
3003 2541
3004 2539
3005 2539
3006 2543
3007 2541
3008 2549
3009 2549
3010 2549
3011 2548
3012 2539
3013 2548
3014 2550
3015 2541
3016 2551
3017 2542
3018 2539
3019 2553
3020 2545
3021 2553
3022 2548
3023 2547
3024 2546
3025 2548
3026 2547
3027 2547
3028 2549
3029 2552
3030 2547
3031 2547
3032 2548
3033 2551
3034 2550
3035 2546
3036 2550
3037 2545
3038 2547
3039 2547
3040 2548
3041 2553
3042 2548
3043 2547
3044 2539
3045 2546
3046 2541
3047 2543
3048 2551
3049 2550
3050 2539
3051 2550
3052 2548
3053 2547
3054 2547
3055 2547
3056 2548
3057 2546
3058 2546
3059 2539
3060 2546
3061 2551
3062 2542
3063 2548
3064 2545
3065 2545
3066 2539
3067 2546
3068 2540
3069 2549
3070 2544
3071 2546
3072 2540
3073 2539
3074 2547
3075 2546
3076 2546
3077 2546
3078 2551
3079 2551
3080 2548
3081 2549
3082 2543
3083 2548
3084 2547
3085 2549
3086 2545
3087 2546
3088 2541
3089 2549
3090 2551
3091 2539
3092 2545
3093 2542
3094 2548
3095 2547
3096 2552
3097 2538
3098 2550
3099 2552
3100 2550
3101 2552
3102 2552
3103 2548
3104 2549
3105 2545
3106 2548
3107 2548
3108 2538
3109 2539
3110 2543
3111 2545
3112 2544
3113 2548
3114 2547
3115 2550
3116 2550
3117 2538
3118 2545
3119 2550
3120 2545
3121 2547
3122 2547
3123 2550
3124 2540
3125 2548
3126 2538
3127 2545
3128 2538
3129 2540
3130 2542
3131 2547
3132 2551
3133 2544
3134 2541
3135 2537
3136 2542
3137 2543
3138 2550
3139 2537
3140 2542
3141 2541
3142 2542
3143 2544
3144 2541
3145 2542
3146 2544
3147 2544
3148 2543
3149 2546
3150 2543
3151 2541
3152 2545
3153 2538
3154 2546
3155 2536
3156 2540
3157 2543
3158 2542
3159 2543
3160 2549
3161 2539
3162 2537
3163 2542
3164 2543
3165 2540
3166 2547
3167 2540
3168 2543
3169 2535
3170 2541
3171 2541
3172 2538
3173 2548
3174 2543
3175 2546
3176 2546
3177 2540
3178 2541
3179 2543
3180 2540
3181 2542
3182 2541
3183 2534
3184 2543
3185 2538
3186 2541
3187 2544
3188 2543
3189 2547
3190 2542
3191 2545
3192 2536
3193 2538
3194 2534
3195 2543
3196 2544
3197 2540
3198 2547
3199 2533
3200 2533
3201 2540
3202 2536
3203 2537
3204 2538
3205 2546
3206 2539
3207 2539
3208 2543
3209 2537
3210 2544
3211 2543
3212 2533
3213 2539
3214 2539
3215 2540
3216 2539
3217 2539
3218 2539
3219 2538
3220 2534
3221 2532
3222 2539
3223 2531
3224 2537
3225 2542
3226 2540
3227 2537
3228 2539
3229 2539
3230 2530
3231 2532
3232 2539
3233 2537
3234 2544
3235 2538
3236 2530
3237 2531
3238 2539
3239 2535
3240 2538
3241 2541
3242 2535
3243 2535
3244 2536
3245 2538
3246 2540
3247 2534
3248 2529
3249 2539
3250 2536
3251 2537
3252 2529
3253 2538
3254 2538
3255 2541
3256 2541
3257 2533
3258 2543
3259 2537
3260 2535
3261 2535
3262 2536
3263 2541
3264 2537
3265 2538
3266 2538
3267 2537
3268 2540
3269 2529
3270 2539
3271 2539
3272 2536
3273 2535
3274 2536
3275 2536
3276 2533
3277 2536
3278 2543
3279 2537
3280 2537
3281 2532
3282 2538
3283 2540
3284 2534
3285 2536
3286 2535
3287 2535
3288 2531
3289 2529
3290 2529
3291 2529
3292 2536
3293 2537
3294 2536
3295 2533
3296 2538
3297 2529
3298 2538
3299 2529
3300 2538
3301 2538
3302 2542
3303 2543
3304 2542
3305 2537
3306 2529
3307 2535
3308 2538
3309 2538
3310 2537
3311 2542
3312 2529
3313 2543
3314 2543
3315 2535
3316 2537
3317 2537
3318 2537
3319 2543
3320 2531
3321 2537
3322 2538
3323 2539
3324 2537
3325 2539
3326 2541
3327 2534
3328 2537
3329 2538
3330 2531
3331 2531
3332 2536
3333 2537
3334 2539
3335 2536
3336 2537
3337 2534
3338 2539
3339 2540
3340 2539
3341 2539
3342 2543
3343 2542
3344 2537
3345 2538
3346 2538
3347 2539
3348 2539
3349 2538
3350 2540
3351 2541
3352 2538
3353 2538
3354 2536
3355 2537
3356 2535
3357 2540
3358 2543
3359 2535
3360 2535
3361 2538
3362 2541
3363 2536
3364 2537
3365 2542
3366 2537
3367 2540
3368 2536
3369 2535
3370 2529
3371 2543
3372 2539
3373 2533
3374 2533
3375 2533
3376 2535
3377 2536
3378 2536
3379 2536
3380 2536
3381 2529
3382 2538
3383 2540
3384 2541
3385 2534
3386 2536
3387 2543
3388 2543
3389 2529
3390 2535
3391 2539
3392 2531
3393 2536
3394 2533
3395 2536
3396 2538
3397 2530
3398 2535
3399 2536
3400 2535
3401 2536
3402 2534
3403 2536
3404 2540
3405 2534
3406 2534
3407 2535
3408 2533
3409 2541
3410 2541
3411 2535
3412 2539
3413 2536
3414 2536
3415 2537
3416 2536
3417 2535
3418 2537
3419 2537
3420 2536
3421 2540
3422 2530
3423 2536
3424 2536
3425 2536
3426 2536
3427 2535
3428 2536
3429 2542
3430 2536
3431 2528
3432 2536
3433 2537
3434 2536
3435 2536
3436 2540
3437 2536
3438 2536
3439 2536
3440 2536
3441 2537
3442 2537
3443 2536
3444 2536
3445 2536
3446 2537
3447 2535
3448 2536
3449 2535
3450 2536
3451 2536
3452 2536
3453 2535
3454 2536
3455 2535
3456 2538
3457 2536
3458 2536
3459 2536
3460 2536
3461 2536
3462 2536
3463 2536
3464 2536
3465 2535
3466 2536
3467 2539
3468 2536
3469 2534
3470 2534
3471 2540
3472 2539
3473 2534
3474 2535
3475 2536
3476 2535
3477 2532
3478 2536
3479 2532
3480 2533
3481 2534
3482 2532
3483 2533
3484 2533
3485 2537
3531 2532
3532 2532
3533 2532
3534 2531
3535 2531
3536 2531
3537 2531
3538 2531
3539 2532
3540 2531
3541 2531
3542 2531
3543 2531
3544 2536
3545 2533
3546 2532
3547 2532
3548 2537
3549 2532
3550 2531
3551 2535
3552 2531
3553 2535
3554 2529
3555 2532
3556 2532
3557 2532
3558 2533
3559 2532
3560 2531
3561 2531
3562 2531
3563 2537
3564 2531
3565 2524
3566 2532
3567 2532
3568 2532
3569 2530
3570 2530
3571 2530
3572 2532
3670 2522
3671 2526
3672 2522
3673 2523
3674 2523
3675 2523
3676 2523
3677 2527
3678 2523
3679 2524
3680 2522
3681 2524
3682 2524
3683 2524
3684 2525
3685 2525
3686 2523
3687 2522
3688 2528
3689 2527
3690 2523
3691 2527
3692 2527
3693 2523
3694 2523
3695 2522
3696 2522
3697 2521
3698 2522
3699 2521
3700 2520
3701 2519
3702 2520
3703 2520
3704 2523
3705 2520
3706 2523
3707 2518
3708 2519
3709 2519
3710 2519
3711 2519
3712 2518
3713 2518
3714 2518
3715 2521
3716 2520
3717 2518
3718 2518
3719 2517
3720 2517
3721 2517
3722 2519
3723 2517
3724 2517
3725 2517
3726 2517
3727 2517
3728 2517
3729 2517
3730 2517
3731 2515
3732 2515
3733 2519
3734 2518
3735 2515
3736 2515
3737 2516
3738 2515
3739 2515
3740 2514
3741 2515
3742 2516
3743 2516
3744 2515
3745 2517
3746 2519
3747 2518
3748 2515
3749 2516
3750 2516
3751 2515
3752 2515
3753 2516
3754 2515
3755 2514
3756 2515
3757 2515
3758 2509
3759 2516
3760 2514
3761 2515
3762 2515
3763 2515
3764 2514
3765 2514
3766 2515
3767 2514
3768 2514
3769 2520
3770 2513
3771 2514
3772 2514
3773 2518
3774 2514
3775 2513
3776 2513
3777 2514
3778 2516
3779 2513
3780 2514
3781 2515
3782 2514
3783 2514
3784 2514
3785 2514
3786 2514
3787 2514
3788 2513
3789 2513
3790 2514
3791 2514
3792 2513
3793 2514
3794 2514
3795 2512
3796 2513
3797 2512
3798 2512
3799 2512
3800 2513
3801 2513
3802 2512
3803 2512
3804 2512
3805 2513
3806 2512
3807 2512
3808 2512
3809 2512
3810 2512
3811 2512
3812 2512
3813 2512
3814 2512
3815 2512
3816 2512
3817 2512
3818 2513
3819 2512
3820 2512
3821 2513
3822 2512
3823 2512
3824 2515
3825 2510
3826 2512
3827 2512
3828 2512
3829 2511
3830 2510
3831 2512
3832 2508
3833 2511
3834 2511
3835 2511
3836 2512
3837 2511
3838 2519
3839 2511
3840 2512
3841 2513
3842 2513
3843 2512
3844 2516
3845 2515
3846 2515
3847 2509
3848 2514
3849 2510
3850 2511
3851 2511
3852 2510
3853 2512
3854 2512
3855 2512
3856 2509
3857 2512
3858 2513
3859 2515
3860 2510
3861 2511
3862 2519
3863 2512
3864 2506
3865 2514
3866 2504
3867 2515
3868 2512
3869 2515
3870 2510
3871 2511
3872 2511
3873 2504
3874 2512
3875 2510
3876 2511
3877 2510
3878 2510
3879 2511
3880 2512
3881 2511
3882 2511
3883 2511
3884 2511
3885 2511
3886 2510
3887 2510
3888 2511
3889 2511
3890 2510
3891 2511
3892 2511
3893 2511
3894 2511
3895 2511
3896 2511
3897 2512
3898 2511
3899 2512
3900 2510
3901 2511
3902 2511
3903 2512
3904 2510
3905 2510
3906 2515
3907 2518
3908 2509
3909 2510
3910 2514
3911 2511
3912 2511
3913 2513
3914 2512
3915 2506
3916 2513
3917 2518
3918 2504
3919 2511
3920 2512
3921 2512
3922 2510
3923 2512
3924 2511
3925 2510
3926 2511
3927 2511
3928 2511
3929 2511
3930 2511
3931 2511
3932 2511
3933 2510
3934 2511
3935 2511
3936 2510
3937 2510
3938 2513
3939 2510
3940 2510
3941 2510
3942 2510
3943 2510
3944 2510
3945 2510
3946 2510
3947 2510
3948 2510
3949 2510
3950 2510
3951 2510
3952 2509
3953 2509
3954 2509
3955 2510
3956 2508
3957 2509
3958 9999
3959 2507
3960 2507
3961 2509
3962 9999
3963 2508
3964 9999
3965 9999
3966 9999
3967 2506
3968 2506
3969 2505
3970 9999
4131 2511
4132 2511
4133 2503
4134 2510
4135 2511
4136 2511
4137 2512
4138 2509
4139 2511
4140 2512
4141 2511
4142 2511
4143 2510
4144 2515
4145 2504
4146 2504
4147 2504
4148 2504
4149 2504
4150 2510
4151 2509
4152 2511
4153 2512
4154 2511
4155 2513
4156 2510
4157 2510
4158 2509
4159 2505
4160 2504
4161 2504
4162 2508
4163 2505
4164 2517
4165 2505
4166 2508
4167 2513
4168 2505
4169 2511
4170 2514
4171 2511
4172 2516
4173 2505
4174 2505
4175 2513
4176 2511
4177 2513
4178 2512
4179 2511
4180 2512
4181 2509
4182 2505
4183 2505
4184 2507
4185 2506
4186 2505
4187 2514
4188 2515
4189 2512
4190 2513
4191 2506
4192 2514
4193 2506
4194 2512
4195 2514
4196 2513
4197 2507
4198 2505
4199 2507
4200 2506
4201 2507
4202 2506
4203 2512
4204 2519
4205 2508
4206 2517
4207 2507
4208 2510
4209 2506
4210 2507
4211 2510
4212 2506
4213 2506
4214 2506
4215 2506
4216 2506
4217 2516
4218 2514
4219 2520
4220 2507
4221 2507
4222 2519
4223 2514
4224 2508
4225 2514
4226 2514
4227 2507
4228 2512
4229 2516
4230 2514
4231 2507
4232 2511
4233 2509
4234 2516
4235 2517
4236 2517
4237 2508
4238 2515
4239 2508
4240 2512
4241 2517
4242 2514
4243 2516
4244 2515
4245 2521
4246 2521
4247 2516
4248 2517
4249 2517
4250 2516
4251 2516
4252 2516
4253 2516
4254 2516
4255 2517
4256 2517
4257 2517
4258 2521
4259 2516
4260 2517
4261 2523
4262 2523
4263 2518
4264 2518
4265 2518
4266 2516

