1923 2531
1924 2532
1925 2532
1926 2531
1927 2531
1928 2531
1929 2529
1930 2529
1931 2530
1932 2530
1933 2530
1934 2530
1935 2530
1936 2529
1937 2529
1938 2528
1939 2528
1940 2528
1941 2528
1942 2528
1943 2528
1944 2528
1945 2529
1946 2528
1947 2529
1948 2529
1949 2529
1950 2529
1951 2530
1952 2530
1953 2530
1954 2531
1955 2531
1956 2532
1957 2532
1958 2530
1959 2532
1960 2533
1961 2535
1962 2531
1963 2530
1964 2529
1965 2530
1966 2530
1967 2530
1968 2530
1969 2532
1970 2531
1971 2528
1972 2528
1973 2528
1974 2528
1975 2527
1976 2527
1977 2528
1978 2526
1979 2526
1980 2526
1981 2527
1982 2527
1983 2529
1984 2530
1985 2526
1986 2527
1987 2528
1988 2527
1989 2527
1990 2533
1991 2527
1992 2527
1993 2528
1994 2529
1995 2528
1996 2527
1997 2528
1998 2529
1999 2528
2000 2529
2001 2530
2002 2529
2003 2530
2004 2530
2005 2529
2006 2531
2007 2530
2008 2529
2009 2529
2010 2529
2011 2529
2012 2529
2013 2533
2014 2528
2015 2529
2016 2529
2017 2528
2018 2529
2019 2528
2020 2528
2021 2527
2022 2527
2023 2527
2024 2527
2025 2527
2026 2527
2027 2527
2028 2527
2029 2527
2030 2527
2031 2526
2032 2527
2033 2525
2034 2527
2035 2528
2036 2526
2037 2527
2038 2525
2039 2526
2040 2526
2041 2528
2042 2527
2043 2527
2044 2526
2045 2527
2046 2526
2047 2526
2048 2533
2049 2533
2050 2526
2051 2524
2052 2524
2053 2524
2054 2525
2055 2527
2056 2527
2057 2527
2058 2526
2059 2526
2060 2526
2061 2530
2062 2533
2063 2527
2064 2527
2065 2528
2066 2527
2067 2527
2068 2527
2069 2528
2070 2528
2071 2530
2072 2528
2073 2529
2074 2528
2075 2526
2076 2526
2077 2527
2078 2528
2079 2526
2080 2525
2081 2527
2082 2534
2083 2525
2084 2527
2085 2539
2086 2525
2087 2525
2088 2525
2089 2524
2090 2537
2091 2533
2092 2524
2093 2525
2094 2524
2095 2526
2096 2525
2097 2533
2098 2525
2099 2533
2100 2525
2101 2525
2102 2525
2103 2534
2104 2525
2105 2525
2106 2525
2107 2525
2108 2528
2109 2527
2110 2525
2111 2525
2112 2525
2113 2525
2114 2526
2115 2525
2116 2526
2117 2525
2118 2525
2119 2527
2120 2525
2121 2524
2122 2524
2123 2524
2124 2524
2125 2525
2126 2524
2127 2524
2128 2524
2129 2524
2130 2524
2131 2525
2132 2525
2133 2524
2134 2524
2135 2524
2136 2523
2137 2522
2138 2522
2139 2534
2140 2523
2141 2523
2142 2522
2143 2522
2144 2523
2145 2522
2146 2522
2147 2522
2148 2522
2149 2523
2150 2523
2151 2523
2152 2522
2153 2527
2154 2523
2155 2522
2156 2522
2157 2522
2158 2522
2159 2522
2160 2522
2161 2522
2162 2523
2163 2522
2164 2523
2165 2523
2166 2522
2167 2523
2168 2522
2169 2522
2170 2522
2171 2521
2172 2521
2173 2533
2174 2523
2175 2522
2176 2522
2177 2522
2178 2522
2179 2522
2180 2522
2181 2523
2182 2523
2183 2522
2184 2524
2185 2523
2186 2524
2187 2524
2188 2529
2189 2525
2190 2523
2191 2524
2192 2524
2193 2522
2194 2523
2195 2526
2196 2527
2197 2523
2198 2524
2199 2525
2200 2529
2201 2525
2202 2524
2203 2524
2204 2524
2205 2524
2206 2524
2207 2524
2208 2523
2209 2522
2210 2523
2211 2522
2212 2522
2213 2522
2214 2522
2215 2522
2216 2522
2217 2533
2218 2522
2219 2524
2220 2523
2221 2523
2222 2524
2223 2525
2224 2525
2225 2524
2226 2523
2227 2524
2228 2524
2229 2525
2230 2525
2231 2525
2232 2525
2233 2524
2234 2525
2235 2525
2236 2525
2237 2525
2238 2525
2239 2525
2240 2524
2241 2525
2242 2525
2243 2524
2244 2525
2245 2525
2246 2524
2247 2524
2248 2524
2249 2526
2250 2526
2251 2526
2252 2521
2253 2522
2254 2521
2255 2521
2256 2521
2257 2521
2258 2521
2259 2522
2260 2522
2261 2523
2262 2523
2263 2523
2264 2523
2265 2523
2266 2521
2267 2521
2268 2520
2269 2520
2270 2520
2271 2520
2272 2521
2273 2520
2274 2520
2275 2521
2276 2521
2277 2521
2278 2521
2279 2522
2280 2522
2281 2522
2282 2523
2283 2522
2284 2521
2285 2523
2286 2532
2287 2521
2288 2533
2289 2523
2290 2530
2291 2521
2292 2523
2293 2522
2294 2522
2295 2524
2296 2524
2297 2522
2298 2522
2299 2521
2300 2520
2301 2520
2302 2521
2303 2521
2304 2521
2305 2520
2306 2520
2307 2521
2308 2521
2309 2521
2310 2521
2311 2521
2312 2520
2313 2521
2314 2521
2315 2521
2316 2521
2317 2521
2318 2521
2319 2521
2320 2520
2321 2531
2322 2520
2323 2520
2324 2520
2325 2520
2326 2520
2327 2521
2328 2520
2329 2520
2330 2520
2331 2520
2332 2520
2333 2531
2334 2520
2335 2521
2336 2532
2337 2522
2338 2521
2339 2520
2340 2520
2341 2521
2342 2521
2343 2521
2344 2520
2345 2520
2346 2520
2347 2520
2348 2521
2349 2523
2350 2522
2351 2522
2352 2523
2353 2522
2354 2523
2355 2524
2356 2529
2357 2520
2358 2520
2359 2520
2360 2520
2361 2520
2362 2521
2363 2521
2364 2521
2365 2521
2366 2520
2367 2520
2368 2520
2369 2521
2370 2520
2371 2520
2372 2520
2373 2519
2374 2519
2375 2520
2376 2520
2377 2520
2378 2519
2379 2520
2380 2521
2381 2518
2382 2518
2383 2518
2384 2517
2385 2515
2386 2517
2387 2513
2388 2517
2389 2518
2390 2525
2391 2517
2392 2518
2393 2526
2394 2519
2395 2519
2396 2517
2397 2518
2398 2519
2399 2520
2400 2518
2401 2519
2402 2519
2403 2520
2404 2518
2405 2527
2406 2526
2407 2519
2408 2517
2409 2524
2410 2519
2411 2519
2412 2519
2413 2520
2414 2519
2415 2518
2416 2522
2417 2518
2418 2518
2419 2520
2420 2519
2421 2518
2422 2519
2423 2521
2424 2518
2425 2522
2426 2521
2427 2522
2428 2523
2429 2516
2430 2516
2431 2517
2432 2517
2433 2517
2434 2519
2435 2519
2436 2524
2437 2520
2438 2520
2439 2521
2440 2521
2441 2523
2442 2518
2443 2518
2444 2518
2445 2519
2446 2519
2447 2519
2448 2521
2449 2516
2450 2516
2451 2522
2452 2523
2453 2525
2454 2523
2455 2517
2456 2517
2457 2516
2458 2517
2459 2517
2460 2518
2461 2518
2462 2518
2463 2518
2464 2518
2465 2518
2466 2518
2467 2518
2468 2518
2469 2518
2470 2518
2471 2518
2472 2519
2473 2518
2474 2518
2475 2518
2476 2518
2477 2518
2478 2518
2479 2517
2480 2517
2481 2517
2482 2517
2483 2518
2484 2518
2485 2518
2486 2518
2487 2517
2488 2517
2489 2518
2490 2519
2491 2520
2492 2517
2493 2518
2494 2519
2495 2522
2496 2518
2497 2518
2498 2519
2499 2519
2500 2519
2501 2519
2502 2519
2503 2519
2504 2519
2505 2518
2506 2518
2507 2519
2508 2518
2509 2520
2510 2516
2511 2522
2512 2520
2513 2518
2514 2517
2515 2518
2516 2520
2517 2519
2518 2517
2519 2517
2520 2522
2521 2521
2522 2521
2523 2519
2524 2520
2525 2519
2526 2521
2527 2517
2528 2520
2529 2516
2530 2516
2531 2518
2532 2518
2533 2516
2534 2519
2535 2516
2536 2516
2537 2518
2538 2518
2539 2521
2540 2519
2541 2515
2542 2516
2543 2516
2544 2518
2545 2517
2546 2516
2547 2519
2548 2515
2549 2519
2550 2516
2551 2515
2552 2520
2553 2522
2554 2520
2555 2521
2556 2522
2557 2515
2558 2517
2559 2515
2560 2515
2561 2516
2562 2516
2563 2516
2564 2516
2565 2515
2566 2521
2567 2519
2568 2520
2569 2520
2570 2515
2571 2516
2572 2515
2573 2519
2574 2516
2575 2516
2576 2515
2577 2518
2578 2520
2579 2522
2580 2521
2581 2513
2582 2516
2583 2516
2584 2512
2585 2512
2586 2516
2587 2516
2588 2517
2589 2517
2590 2516
2591 2516
2592 2521
2593 2518
2594 2519
2595 2516
2596 2516
2597 2516
2598 2516
2599 2515
2600 2520
2601 2520
2602 2521
2603 2520
2604 2516
2605 2516
2606 2516
2607 2516
2608 2515
2609 2515
2610 2516
2611 2515
2612 2516
2613 2516
2614 2516
2615 2516
2616 2516
2617 2519
2618 2516
2619 2516
2620 2514
2621 2518
2622 2515
2623 2515
2624 2515
2625 2515
2626 2521
2627 2520
2628 2515
2629 2516
2630 2515
2631 2516
2632 2516
2633 2517
2634 2515
2635 2515
2636 2515
2637 2515
2638 2515
2639 2515
2640 2516
2641 2517
2642 2518
2643 2515
2644 2519
2645 2514
2646 2516
2647 2515
2648 2516
2649 2516
2650 2515
2651 2517
2652 2516
2653 2516
2654 2518
2655 2516
2656 2515
2657 2515
2658 2515
2659 2515
2660 2515
2661 2515
2662 2514
2663 2514
2664 2514
2665 2514
2666 2514
2667 2517
2668 2514
2669 2514
2670 2514
2671 2514
2672 2514
2673 2513
2674 2515
2675 2515
2676 2517
2677 2516
2678 2514
2679 2514
2680 2516
2681 2517
2682 2522
2683 2515
2684 2515
2685 2517
2686 2517
2687 2515
2688 2514
2689 2515
2690 2515
2691 2515
2692 2515
2693 2514
2694 2516
2695 2516
2696 2520
2697 2518
2698 2519
2699 2517
2700 2517
2701 2514
2702 2514
2703 2518
2704 2515
2705 2515
2706 2515
2707 2515
2708 2515
2709 2515
2710 2515
2711 2515
2712 2515
2713 2515
2714 2515
2715 2516
2716 2519
2717 2517
2718 2517
2719 2516
2720 2516
2721 2515
2722 2514
2723 2516
2724 2514
2725 2515
2726 2514
2727 2516
2728 2517
2729 2516
2730 2517
2731 2517
2732 2516
2733 2516
2734 2516
2735 2521
2736 2519
2737 2515
2738 2516
2739 2516
2740 2518
2741 2516
2742 2516
2743 2516
2744 2517
2745 2517
2746 2518
2747 2519
2748 2513
2749 2515
2750 2518
2751 2514
2752 2515
2753 2519
2754 2517
2755 2519
2756 2516
2757 2516
2758 2518
2759 2520
2760 2516
2761 2517
2762 2519
2763 2515
2764 2515
2765 2515
2766 2515
2767 2516
2768 2515
2769 2520
2770 2519
2771 2520
2772 2516
2773 2517
2774 2518
2775 2517
2776 2516
2777 2520
2778 2518
2779 2518
2780 2516
2781 2517
2782 2516
2783 2518
2784 2520
2785 2515
2786 2518
2787 2517
2788 2521
2789 2518
2790 2518
2791 2521
2792 2517
2793 2517
2794 2521
2795 2521
2796 2523
2797 2517
2798 2516
2799 2515
2800 2515
2801 2518
2802 2516
2803 2517
2804 2516
2805 2516
2806 2516
2807 2516
2808 2516
2809 2516
2810 2516
2811 2522
2812 2518
2813 2517
2814 2521
2815 2522
2816 2521
2817 2527
2818 2526
2819 2514
2820 2516
2821 2517
2822 2518
2823 2517
2824 2517
2825 2518
2826 2514
2827 2515
2828 2514
2829 2518
2830 2514
2831 2515
2832 2511
2833 2513
2834 2512
2835 2514
2836 2515
2837 2513
2838 2512
2839 2512
2840 2512
2841 2515
2842 2513
2843 2513
2844 2514
2845 2510
2846 2510
2847 2515
2848 2511
2849 2512
2850 2513
2851 2514
2852 2514
2853 2513
2854 2512
2855 2512
2856 2511
2857 2512
2858 2512
2859 2512
2860 2513
2861 2513
2862 2515
2863 2513
2864 2513
2865 2513
2866 2514
2867 2513
2868 2513
2869 2513
2870 2513
2871 2513
2872 2513
2873 2513
2874 2513
2875 2513
2876 2512
2877 2513
2878 2513
2879 2513
2880 2513
2881 2512
2882 2513
2883 2516
2884 2514
2885 2515
2886 2512
2887 2511
2888 2512
2889 2512
2890 2512
2891 2512
2892 2512
2893 2516
2894 2512
2895 2514
2896 2513
2897 2514
2898 2513
2899 2512
2900 2511
2901 2513
2902 2512
2903 2512
2904 2512
2905 2512
2906 2513
2907 2513
2908 2514
2909 2513
2910 2513
2911 2513
2912 2512
2913 2512
2914 2512
2915 2513
2916 2512
2917 2513
2918 2513
2919 2513
2920 2513
2921 2512
2922 2517
2923 2512
2924 2512
2925 2512
2926 2513
2927 2513
2928 2512
2929 2514
2930 2512
2931 2512
2932 2512
2933 2513
2934 2513
2935 2513
2936 2513
2937 2513
2938 2512
2939 2513
2940 2512
2941 2512
2942 2512
2943 2512
2944 2512
2945 2511
2946 2512
2947 2511
2948 2511
2949 2511
2950 2511
2951 2511
2952 2511
2953 2511
2954 2512
2955 2511
2956 2511
2957 2511
2958 2511
2959 2511
2960 2510
2961 2510
2962 2510
2963 2510
2964 2510
2965 2511
2966 2510
2967 2511
2968 2512
2969 2511
2970 2510
2971 2510
2972 2510
2973 2511
2974 2511
2975 2514
2976 2510
2977 2510
2978 2510
2979 2510
2980 2510
2981 2510
2982 2510
2983 2510
2984 2510
2985 2510
2986 2511
2987 2511
2988 2511
2989 2511
2990 2511
2991 2511
2992 2511
2993 2511
2994 2511
2995 2511
2996 2511
2997 2510
2998 2510
2999 2510
3000 2510
3001 2510
3002 2512
3003 2512
3004 2511
3005 2509
3006 2509
3007 2508
3008 2509
3009 2509
3010 2508
3011 2512
3012 2510
3013 2510
3014 2510
3015 2511
3016 2510
3017 2510
3018 2510
3019 2510
3020 2513
3021 2511
3022 2511
3023 2511
3024 2511
3025 2511
3026 2510
3027 2510
3028 2510
3029 2510
3030 2515
3031 2510
3032 2514
3033 2510
3034 2510
3035 2510
3036 2510
3037 2510
3038 2510
3039 2510
3040 2510
3041 2510
3042 2510
3043 2510
3044 2509
3045 2509
3046 2510
3047 2510
3048 2510
3049 2510
3050 2509
3051 2512
3052 2504
3053 2511
3054 2520
3055 2520
3056 2519
3057 2519
3058 2519
3059 2519
3060 2519
3061 2519
3062 2513
3063 2511
3064 2508
3065 2508
3066 2508
3067 2508
3068 2507
3069 2506
3070 2511
3071 2507
3072 2508
3073 2506
3074 2508
3075 2509
3076 2507
3077 2506
3078 2505
3079 2506
3080 2505
3081 2505
3082 2505
3083 2505
3084 2505
3085 2505
3086 2505
3087 2505
3088 2505
3089 2505
3090 2510
3091 2506
3092 2510
3093 2507
3094 2506
3095 2504
3096 2508
3097 2508
3098 2508
3099 2508
3100 2507
3101 2508
3102 2509
3103 2509
3104 2507
3105 2513
3106 2509
3107 2510
3108 2511
3109 2511
3110 2510
3111 2514
3112 2512
3113 2511
3114 2515
3115 2517
3116 2520
3117 2512
3118 2512
3119 2514
3120 2518
3121 2514
3122 2512
3123 2511
3124 2511
3125 2511
3126 2513
3127 2513
3128 2511
3129 2517
3130 2517
3131 2512
3132 2520
3133 2511
3134 2512
3135 2513
3136 2514
3137 2515
3138 2520
3139 2520
3140 2515
3141 2513
3142 2516
3143 2520
3144 2519
3145 2523
3146 2523
3147 2515
3148 2523
3149 2517
3150 2517
3151 2517
3152 2519
3153 2520
3154 2519
3155 2518
3156 2519

