280 2552
281 2550
282 2551
283 2551
284 2554
285 2552
286 2553
287 2553
288 2555
289 2556
290 2554
291 2553
292 2554
293 2553
294 2553
295 2552
296 2552
297 2552
298 2553
299 2552
300 2552
301 2552
302 2552
303 2552
304 2551
305 2551
306 2551
307 2551
308 2551
309 2551
310 2552
311 2552
312 2551
313 2551
314 2551
315 2551
316 2551
317 2551
318 2551
319 2551
320 2551
321 2551
322 2554
323 2550
324 2551
325 2551
326 2551
327 2551
328 2551
329 2551
330 2550
331 2551
332 2553
333 2550
334 2551
335 2550
336 2551
337 2551
338 2552
339 2552
340 2553
341 2550
342 2549
343 2551
344 2550
345 2549
346 2552
347 2550
348 2549
349 2549
350 2549
351 2549
352 2548
353 2548
354 2548
355 2550
356 2549
357 2548
358 2548
359 2549
360 2548
361 2548
362 2548
363 2547
364 2547
365 2547
366 2548
367 2548
368 2548
369 2548
370 2548
371 2548
372 2548
373 2548
374 2548
375 2548
376 2551
377 2549
378 2549
379 2550
380 2553
381 2549
382 2549
383 2548
384 2549
385 2548
386 2548
387 2549
388 2549
389 2549
390 2549
391 2549
392 2550
393 2550
394 2549
395 2549
396 2548
397 2548
398 2549
399 2549
400 2548
401 2547
402 2547
403 2547
404 2547
405 2549
406 2549
407 2549
408 2549
409 2550
410 2548
411 2548
412 2548
413 2548
414 2548
415 2548
416 2548
417 2548
418 2548
419 2548
420 2549
421 2548
422 2548
423 2548
424 2549
425 2549
426 2549
427 2549
428 2549
429 2549
430 2552
431 2550
432 2550
433 2548
434 2549
435 2552
436 2549
437 2549
438 2549
439 2550
440 2551
441 2549
442 2549
443 2549
444 2549
445 2550
446 2550
447 2549
448 2549
449 2549
450 2549
451 2549
452 2550
453 2550
454 2549
455 2550
456 2549
457 2549
458 2550
459 2550
460 2553
461 2550
462 2551
463 2550
464 2549
465 2549
466 2549
467 2549
468 2549
469 2549
470 2549
471 2550
472 2549
473 2549
474 2549
475 2551
476 2550
477 2551
478 2554
479 2553
480 2550
481 2550
482 2552
483 2551
484 2550
485 2551
486 2550
487 2550
488 2551
489 2551
490 2551
491 2551
492 2552
493 2552
494 2552
495 2553
496 2552
497 2553
498 2551
499 2552
500 2552
501 2551
502 2551
503 2551
504 2552
505 2553
506 2554
507 2551
508 2551
509 2556
510 2551
511 2552
512 2551
513 2553
514 2551
515 2555
516 2551
517 2551
518 2551
519 2551
520 2551
521 2551
522 2552
523 2555
524 2550
525 2554
526 2551
527 2550
528 2550
529 2550
530 2550
531 2550
532 2551
533 2551
534 2550
535 2550
536 2550
537 2551
538 2551
539 2550
540 2550
541 2550
542 2550
543 2550
544 2551
545 2553
546 2550
547 2550
548 2549
549 2550
550 2550
551 2550
552 2551
553 2551
554 2551
555 2551
556 2550
557 2550
558 2550
559 2551
560 2551
561 2552
562 2553
563 2555
564 2550
565 2550
566 2550
567 2551
568 2551
569 2553
570 2551
571 2552
572 2552
573 2551
574 2552
575 2552
576 2551
577 2551
578 2551
579 2552
580 2552
581 2552
582 2552
583 2551
584 2552
585 2551
586 2555
587 2552
588 2553
589 2553
590 2553
591 2553
592 2551
593 2551
594 2551
595 2551
596 2551
597 2550
598 2552
599 2553
600 2552
601 2553
602 2553
603 2554
604 2556
605 2556
606 2551
607 2551
608 2552
609 2557
610 2554
611 2555
612 2555
613 2556
614 2556
615 2552
616 2553
617 2558
618 2553
619 2552
620 2552
621 2553
622 2553
623 2552
624 2552
625 2556
626 2553
627 2553
628 2553
629 2557
630 2554
631 2553
632 2555
633 2553
634 2553
635 2553
636 2553
637 2553
638 2554
639 2554
640 2554
641 2556
642 2555
643 2555
644 2554
645 2554
646 2554
647 2554
648 2554
649 2554
650 2554
651 2553
652 2553
653 2553
654 2555
655 2553
656 2554
657 2554
658 2553
659 2553
660 2553
661 2553
662 2553
663 2556
664 2553
665 2553
666 2555
667 2554
668 2553
669 2552
670 2553
671 2553
672 2552
673 2552
674 2552
675 2551
676 2551
677 2551
678 2551
679 2551
680 2552
681 2551
682 2551
683 2551
684 2551
685 2550
686 2552
687 2550
688 2551
689 2552
690 2551
691 2552
692 2555
693 2552
694 2552
695 2552
696 2551
697 2553
698 2558
699 2553
700 2554
701 2551
702 2551
703 2552
704 2552
705 2554
706 2557
707 2553
708 2554
709 2548
710 2549
711 2549
712 2550
713 2552
714 2552
715 2551
716 2551
717 2552
718 2552
719 2551
720 2552
721 2552
722 2552
723 2552
724 2551
725 2552
726 2552
727 2554
728 2554
729 2552
730 2556
731 2554
732 2550
733 2551
734 2551
735 2551
736 2550
737 2550
738 2550
739 2551
740 2550
741 2550
742 2551
743 2551
744 2551
745 2556
746 2552
747 2553
748 2553
749 2552
750 2552
751 2553
752 2552
753 2552
754 2553
755 2554
756 2553
757 2552
758 2557
759 2556
760 2553
761 2554
762 2553
763 2553
764 2553
765 2553
766 2553
767 2553
768 2557
769 2553
770 2553
771 2553
772 2553
773 2554
774 2554
775 2555
776 2555
777 2553
778 2554
779 2555
780 2555
781 2556
782 2555
783 2551
784 2563
785 2563
786 2558
787 2559
788 2560
789 2544
790 2540
791 2539
792 2554
793 2556
794 2547
795 2547
796 2542
797 2543
798 2545
799 2545
800 2546
801 2547
802 2544
803 2544
804 2533
805 2531
806 2532
807 2533
808 2532
809 2532
810 2533
811 2533
812 2541
813 2534
814 2537
815 2538
816 2539
817 2540
818 2545
819 2543
820 2544
821 2553
822 2546
823 2546
824 2546
825 2546
826 2545
827 2550
828 2557
829 2552
830 2552
831 2550
832 2551
833 2551
834 2551
835 2553
836 2550
837 2549
838 2549
839 2550
840 2551
841 2552
842 2553
843 2553
844 2553
845 2553
846 2553
847 2553
848 2552
849 2551
850 2551
851 2552
852 2552
853 2553
854 2553
855 2554
856 2554
857 2555
858 2553
859 2553
860 2553
861 2553
862 2553
863 2553
864 2552
865 2551
866 2551
867 2550
868 2550
869 2551
870 2551
871 2556
872 2557
873 2555
874 2560
875 2555
876 2556
877 2556
878 2561
879 2561
880 2562
881 2551
882 2563
883 2553
884 2553
885 2554
886 2554
887 2555
888 2555
889 2555
890 2555
891 2554
892 2553
893 2563
894 2562
895 2553
896 2553
897 2552
898 2556
899 2555
900 2551
901 2555
902 2555
903 2553
904 2554
905 2554
906 2554
907 2555
908 2551
909 2555
910 2553
911 2553
912 2553
913 2553
914 2555
915 2552
916 2552
917 2555
918 2554
919 2542
920 2543
921 2546
922 2551
923 2546
924 2546
925 2550
926 2551
927 2553
928 2541
929 2548
930 2548
931 2547
932 2546
933 2546
934 2545
935 2547
936 2543
937 2555
938 2555
939 2539
940 2540
941 2541
942 2542
943 2543
944 2553
945 2541
946 2554
947 2547
948 2550
949 2543
950 2544
951 2545
952 2545
953 2546
954 2547
955 2549
956 2548
957 2545
958 2544
959 2547
960 2544
961 2545
962 2551
963 2545
964 2544
965 2542
966 2544
967 2545
968 2545
969 2547
970 2545
971 2545
972 2550
973 2551
974 2551
975 2538
976 2551
977 2536
978 2536
979 2534
980 2533
981 2532
982 2537
983 2537
984 2541
985 2543
986 2548
987 2542
988 2547
989 2543
990 2543
991 2543
992 2544
993 2544
994 2547
995 2547
996 2547
997 2547
998 2547
999 2550
1000 2549
1001 2550
1002 2546
1003 2545
1004 2545
1005 2545
1006 2549
1007 2546
1008 2546
1009 2546
1010 2547
1011 2546
1012 2546
1013 2545
1014 2543
1015 2542
1016 2542
1017 2549
1018 2543
1019 2543
1020 2545
1021 2545
1022 2546
1023 2547
1024 2547
1025 2547
1026 2540
1027 2540
1028 2541
1029 2544
1030 2545
1031 2544
1032 2545
1033 2546
1034 2547
1035 2542
1036 2549
1037 2542
1038 2542
1039 2552
1040 2552
1041 2546
1042 2546
1043 2545
1044 2545
1045 2545
1046 2545
1047 2545
1048 2546
1049 2542
1050 2543
1051 2543
1052 2542
1053 2542
1054 2543
1055 2545
1056 2543
1057 2544
1058 2544
1059 2544
1060 2541
1061 2539
1062 2542
1063 2541
1064 2541
1065 2540
1066 2540
1067 2542
1068 2542
1069 2545
1070 2541
1071 2537
1072 2538
1073 2538
1074 2537
1075 2537
1076 2540
1077 2532
1078 2533
1079 2534
1080 2535
1081 2535
1082 2535
1083 2534
1084 2535
1085 2537
1086 2546
1087 2546
1088 2546
1089 2540
1090 2534
1091 2530
1092 2528
1093 2528
1094 2529
1095 2531
1096 2536
1097 2532
1098 2542
1099 2535
1100 2531
1101 2531
1102 2546
1103 2538
1104 2539
1105 2530
1106 2538
1107 2531
1108 2532
1109 2533
1110 2534
1111 2536
1112 2534
1113 2533
1114 2533
1115 2533
1116 2533
1117 2533
1118 2530
1119 2529
1120 2530
1121 2528
1122 2529
1123 2531
1124 2532
1125 2532
1126 2533
1127 2532
1128 2531
1129 2531
1130 2533
1131 2532
1132 2533
1133 2537
1134 2533
1135 2533
1136 2533
1137 2533
1138 2534
1139 2534
1140 2534
1141 2535
1142 2535
1143 2536
1144 2536
1145 2536
1146 2538
1147 2538
1148 2538
1149 2538
1150 2539
1151 2537
1152 2537
1153 2536
1154 2540
1155 2536
1156 2535
1157 2536
1158 2538
1159 2539
1160 2539
1161 2540
1162 2539
1163 2538
1164 2538
1165 2536
1166 2536
1167 2538
1168 2538
1169 2539
1170 2540
1171 2539
1172 2546
1173 2550
1174 2552
1175 2552
1176 2547
1177 2552
1178 2538
1179 2539
1180 2542
1181 2542
1182 2538
1183 2540
1184 2540
1185 2540
1186 2540
1187 2540
1188 2551
1189 2542
1190 2542
1191 2539
1192 2540
1193 2540
1194 2541
1195 2540
1196 2542
1197 2540
1198 2540
1199 2545
1200 2544
1201 2540
1202 2545
1203 2538
1204 2540
1205 2540
1206 2541
1207 2539
1208 2540
1209 2538
1210 2539
1211 2539
1212 2540
1213 2539
1214 2540
1215 2540
1216 2541
1217 2540
1218 2542
1219 2542
1220 2543
1221 2546
1222 2541
1223 2542
1224 2541
1225 2541
1226 2541
1227 2542
1228 2546
1229 2545
1230 2545
1231 2544
1232 2544
1233 2548
1234 2544
1235 2545
1236 2544
1237 2545
1238 2551
1239 2549
1240 2544
1241 2544
1242 2544
1243 2544
1244 2543
1245 2543
1246 2544
1247 2543
1248 2543
1249 2543
1250 2543
1251 2544
1252 2544
1253 2544
1254 2544
1255 2543
1256 2540
1257 2539
1258 2541
1259 2542
1260 2544
1261 2549
1262 2543
1263 2544
1264 2543
1265 2543
1266 2547
1267 2545
1268 2543
1269 2543
1270 2543
1271 2543
1272 2544
1273 2545
1274 2546
1275 2546
1276 2547
1277 2549
1278 2551
1279 2551
1280 2542
1281 2542
1282 2542
1283 2540
1284 2540
1285 2540
1286 2539
1287 2539
1288 2537
1289 2536
1290 2536
1291 2537
1292 2537
1293 2536
1294 2535
1295 2536
1296 2536
1297 2538
1298 2537
1299 2538
1300 2537
1301 2537
1302 2537
1303 2545
1304 2535
1305 2534
1306 2536
1307 2537
1308 2542
1309 2543
1310 2544
1311 2534
1312 2546
1313 2534
1314 2538
1315 2538
1316 2539
1317 2535
1318 2531
1319 2530
1320 2527
1321 2527
1322 2529
1323 2530
1324 2531
1325 2531
1326 2531
1327 2532
1328 2532
1329 2532
1330 2536
1331 2536
1332 2536
1333 2528
1334 2528
1335 2526
1336 2528
1337 2525
1338 2525
1339 2525
1340 2526
1341 2533
1342 2533
1343 2527
1344 2522
1345 2522
1346 2522
1347 2524
1348 2530
1349 2517
1350 2520
1351 2521
1352 2522
1353 2524
1354 2534
1355 2527
1356 2520
1357 2521
2526 2519
2527 2519
2528 2519
2529 2519
2530 2519
2531 2518
2532 2518
2533 2518
2534 2518
2535 2518
2536 2518
2537 2519
2538 2518
2539 2518
2540 2518
2541 2518
2542 2518
2543 2518
2544 2518
2545 2518
2546 2517
2547 2517
2548 2517
2549 2518
2550 2517
2551 2518
2552 2517
2553 2517
2554 2517
2555 2520
2556 2519
2557 2517
2558 2517
2559 2518
2560 2517
2561 2516
2562 2516
2563 2517
2564 2516
2565 2516
2566 2516
2567 2516
2568 2516
2569 2517
2570 2516
2571 2516
2572 2515
2573 2515
2574 2514
2575 2515
2576 2515
2577 2515
2578 2514
2579 2515
2580 2514
2581 2514
2582 2514
2583 2514
2584 2513
2585 2513
2586 2513
2587 2513
2588 2514
2589 2514
2590 2513
2591 2517
2592 2519
2593 2519
2594 2515
2595 2514
2596 2513
2597 2515
2598 2514
2599 2516
2600 2520
2601 2514
2602 2515
2603 2515
2604 2515
2605 2515
2606 2515
2607 2515
2608 2515
2609 2516
2610 2522
2611 2517
2612 2520
2613 2518
2614 2518
2615 2518
2616 2517
2617 2517
2618 2517
2619 2518
2620 2517
2621 2517
2622 2517
2623 2518
2624 2517
2625 2518
2626 2518
2627 2518
2628 2518
2629 2518
2630 2518
2631 2518
2632 2518
2633 2518
2634 2518
2635 2518
2636 2518
2637 2518
2638 2518
2639 2518
2640 2518
2641 2519
2642 2519
2643 2519
2644 2518
2645 2522
2646 2520
2647 2519
2648 2520
2649 2519
2650 2520
2651 2520
2652 2521
2653 2521
2654 2521
2655 2524
2656 2521
2657 2522
2658 2522
2659 2521
2660 2522
2661 2522
2662 2522
2663 2525
2664 2525
2665 2523
2666 2523
2667 2523
2668 2523
2669 2523
2670 2522
2671 2522
2672 2522
2673 2523
2674 2529
2675 2525
2676 2525
2677 2525
2678 2524
2679 2523
2680 2523
2681 2527
2682 2523
2683 2523
2684 2523
2685 2523
2686 2523
2687 2523
2688 2522
2689 2526
2690 2522
2691 2522
2692 2523
2693 2523
2694 2526
2695 2524
2696 2523
2697 2522
2698 2523
2699 2523
2700 2523
2701 2524
2702 2524
2703 2523
2704 2523
2705 2524
2706 2524
2707 2524
2708 2527
2709 2524
2710 2524
2711 2526
2712 2523
2713 2528
2714 2522
2715 2522
2716 2531
2717 2529
2718 2521
2719 2521
2720 2528
2721 2524
2722 2524
2723 2523
2724 2524
2725 2524
2726 2524
2727 2524
2728 2524
2729 2524
2730 2524
2731 2523
2732 2523
2733 2524
2734 2524
2735 2524
2736 2524
2737 2525
2738 2524
2739 2525
2740 2524
2741 2524
2742 2525
2743 2524
2744 2524
2745 2524
2746 2524
2747 2524
2748 2525
2749 2525
2750 2525
2751 2525
2752 2525
2753 2524
2754 2525
2755 2525
2756 2525
2757 2525
2758 2525
2759 2525
2760 2526
2761 2525
2762 2525
2763 2525
2764 2525
2765 2526
2766 2526
2767 2526
2768 2526
2769 2527
2770 2526
2771 2526
2772 2526
2773 2525
2774 2526
2775 2526
2776 2526
2777 2526
2778 2526
2779 2526
2780 2525
2781 2526
2782 2526
2783 2525
2784 2530
2785 2526
2786 2526
2787 2526
2788 2525
2789 2526
2790 2526
2791 2526
2792 2526
2793 2526
2794 2526
2795 2526
2796 2526
2797 2526
2798 2526
2799 2526
2800 2526
2801 2525
2802 2526
2803 2526
2804 2526
2805 2525
2806 2529
2807 2525
2808 2526
2809 2526
2810 2526
2811 2526
2812 2526
2813 2526
2814 2526
2815 2525
2816 2526
2817 2526
2818 2526
2819 2525
2820 2526
2821 2526
2822 2526
2823 2526
2824 2526
2825 2526
2826 2526
2827 2526
2828 2526
2829 2526
2830 2526
2831 2525
2832 2526
2833 2526
2834 2526
2835 2525
2836 2525
2837 2525
2838 2525
2839 2526
2840 2526
2841 2526
2842 2526
2843 2526
2844 2525
2845 2526
2846 2526
2847 2526
2848 2526
2849 2526
2850 2525
2851 2525
2852 2525
2853 2526
2854 2525
2855 2525
2856 2524
2857 2525
2858 2525
2859 2526
2860 2525
2861 2525
2862 2524
2863 2525
2864 2525
2865 2525
2866 2525
2867 2523
2868 2525
2869 2520
2870 2519
2871 2520
2872 2522
2873 2522
2874 2523
2875 2526
2876 2523
2877 2526
2878 2526
2879 2526
2880 2522
2881 2521
2882 2521
2883 2522
2884 2522
2885 2523
2886 2525
2887 2528
2888 2524
2889 2525
2890 2524
2891 2524
2892 2524
2893 2524
2894 2531
2895 2524
2896 2524
2897 2524
2898 2524
2899 2524
2900 2524
2901 2524
2902 2524
2903 2524
2904 2524
2905 2524
2906 2525
2907 2529
2908 2525
2909 2525
2910 2525
2911 2525
2912 2525
2913 2525
2914 2525
2915 2524
2916 2525
2917 2525
2918 2525
2919 2525
2920 2525
2921 2525
2922 2525
2923 2524
2924 2525
2925 2524
2926 2524
2927 2524
2928 2524
2929 2525
2930 2524
2931 2524
2932 2524
2933 2524
2934 2525
2935 2525
2936 2525
2937 2525
2938 2525
2939 2525
2940 2525
2941 2525
2942 2524
2943 2524
2944 2525
2945 2525
2946 2525
2947 2525
2948 2525
2949 2525
2950 2525
2951 2525
2952 2525
2953 2525
2954 2526
2955 2526
2956 2526
2957 2526
2958 2526
2959 2526
2960 2526
2961 2525
2962 2525
2963 2525
2964 2525
2965 2525
2966 2526
2967 2526
2968 2525
2969 2525
2970 2528
2971 2527
2972 2525
2973 2525
2974 2526
2975 2525
2976 2525
2977 2526
2978 2526
2979 2526
2980 2526
2981 2525
2982 2525
2983 2526
2984 2525
2985 2524
2986 2525
2987 2525
2988 2525
2989 2525
2990 2525
2991 2525
2992 2525
2993 2525
2994 2525
2995 2525
2996 2524
2997 2525
2998 2525
2999 2525
3000 2525
3001 2525
3002 2525
3003 2525
3004 2525
3005 2525
3006 2524
3007 2524
3008 2524
3009 2525
3010 2525
3011 2525
3012 2524
3013 2524
3014 2525
3015 2524
3016 2524
3017 2524
3018 2524
3019 2524
3020 2524
3021 2524
3022 2524
3023 2524
3024 2524
3025 2524
3026 2524
3027 2524
3028 2524
3029 2524
3030 2524
3031 2524
3032 2524
3033 2524
3034 2524
3035 2524
3036 2524
3037 2523
3038 2523
3039 2524
3040 2523
3041 2523
3042 2524
3043 2524
3044 2524
3045 2523
3046 2523
3047 2523
3048 2525
3049 2525
3050 2526
3051 2526
3052 2523
3053 2523
3054 2523
3055 2523
3056 2523
3057 2523
3058 2523
3059 2523
3060 2523
3061 2523
3062 2523
3063 2524
3064 2523
3065 2523
3066 2524
3067 2523
3068 2523
3069 2520
3070 2523
3071 2524
3072 2523
3073 2524
3074 2523
3075 2523
3076 2523
3077 2523
3078 2523
3079 2523
3080 2523
3081 2523
3082 2523
3083 2523
3084 2523
3085 2523
3086 2523
3087 2522
3088 2523
3089 2523
3090 2523
3091 2523
3092 2523
3093 2523
3094 2523
3095 2523
3096 2523
3097 2523
3098 2526
3099 2522
3100 2523
3101 2523
3102 2523
3103 2522
3104 2522
3105 2523
3106 2522
3107 2522
3108 2523
3109 2522
3110 2522
3111 2522
3112 2522
3113 2522
3114 2522
3115 2522
3116 2522
3117 2522
3118 2522
3119 2522
3120 2522
3121 2522
3122 2523
3123 2523
3124 2522
3125 2522
3126 2522
3127 2522
3128 2522
3129 2522
3130 2522
3131 2522
3132 2523
3133 2522
3134 2522
3135 2523
3136 2522
3137 2522
3138 2522
3139 2523
3140 2522
3141 2523
3142 2522
3143 2522
3144 2522
3145 2522
3146 2525
3147 2522
3148 2522
3149 2523
3150 2522
3151 2522
3152 2523
3153 2522
3154 2522
3155 2522
3156 2522
3157 2522
3158 2523
3159 2522
3160 2521
3161 2522
3162 2522
3163 2522
3164 2521
3165 2522
3166 2521
3167 2520
3168 2521
3169 2520
3170 2520
3171 2520
3172 2520
3173 2519
3174 2519
3175 2519
3176 2519
3177 2518
3178 2521
3179 2519
3180 2518
3181 2518
3182 2519
3183 2519
3184 2518
3185 2519
3186 2518
3187 2519
3188 2519
3189 2519
3190 2519
3191 2519
3192 2519
3193 2519
3194 2520
3195 2520
3196 2520
3197 2520
3198 2520
3199 2520
3200 2520
3201 2520
3202 2520
3203 2520
3204 2520
3205 2520
3206 2520
3207 2520
3208 2519
3209 2520
3210 2520
3211 2520
3212 2520
3213 2520
3214 2521
3215 2521
3216 2521
3217 2520
3218 2521
3219 2520
3220 2520
3221 2520
3222 2520
3223 2520
3224 2520
3225 2521
3226 2520
3227 2521
3228 2520
3229 2521
3230 2521
3231 2520
3232 2520
3233 2520
3234 2520
3235 2525
3236 2521
3237 2521
3238 2520
3239 2520
3240 2520
3241 2520
3242 2520
3243 2519
3244 2519
3245 2518
3246 2518
3247 2518
3248 2518
3249 2518
3250 2517
3251 2517
3252 2516
3253 2516
3254 2518
3255 2515
3256 2516
3257 2516
3258 2515
3259 2515
3260 2515
3261 2515
3262 2516
3263 2516
3264 2518
3265 2519
3266 2520
3267 2520
3268 2520
3269 2517
3270 2527
3271 2513
3272 2512
3273 2521
3274 2512
3275 2511
3276 2511
3277 2511
3278 2512
3279 2513
3280 2512
3281 2512
3282 2512
3283 2512
3284 2512
3285 2512
3286 2513
3287 2514
3288 2515
3289 2514
3290 2514
3291 2519
3292 2515
3293 2515
3294 2514
3295 2514
3296 2514
3297 2517
3298 2524
3299 2519
3300 2522
3301 2519
3302 2518
3303 2518
3304 2518
3305 2519
3306 2518
3307 2521
3308 2519
3309 2515
3310 2514
3311 2511
3312 2510
3313 2518
3314 2512
3315 2509
3316 2508
3317 2511
3318 2513
3319 2508
3320 2508
3321 2507
3322 2507
3323 2507
3324 2507
3325 2508
3326 2511
3327 2511
3328 2507
3329 2506
3330 2506
3331 2506
3332 2507
3333 2506
3334 2506
3335 2506
3336 2506
3337 2506
3338 2506
3339 2506
3340 2505
3341 2506
3342 2505
3343 2505
3344 2505
3345 2505
3346 2505
3347 2505
3348 2517
3349 2506
3350 2506
3351 2504
3352 2504
3353 2503
3354 2505
3355 2508
3356 2508
3357 2508
3358 2507
3359 2505
3360 2505
3361 2500
3362 2500
3363 2508
3364 2509
3365 2502
3366 2496
3367 2496
3368 2495
3369 2495
3370 2495
3371 2496
3372 2495
3373 2497
3374 2495
3375 2501
3376 2497
3377 2497
3378 2493
3379 2492
3380 2500
3381 2491
3382 2494
3383 2497
3384 2497
3385 2500
3386 2500
3387 2504
3388 2504
3389 2497
3390 2497
3391 2496
3392 2495
3393 2497
3394 2498
3395 2490
3396 2491
3397 2492
3398 2493
3399 2492
3400 2493
3401 2492
3402 2493
3403 2492
3404 2492
3405 2493
3406 2494
3407 2493
3408 2493
3409 2492
3410 2493
3411 2494
3412 2495
3413 2493
3414 2494
3415 2494
3416 2494
3417 2493
3418 2493
3419 2492
3420 2492
3421 2491
3422 2490
3423 2490
3424 2490
3425 2489
3426 2489
3427 2489
3428 2489
3429 2489
3430 2489
3431 2489
3432 2489
3433 2489
3434 2489
3435 2489
3436 2490
3437 2489
3438 2488
3439 2490
3440 2489
3441 2489
3442 2489
3443 2488
3444 2488
3445 2486
3446 2486
3447 2485
3448 2485
3449 2485
3450 2485
3451 2485
3452 2485
3453 2485
3454 2487
3455 2486
3456 2485
3457 2488
3458 2487
3459 2485
3460 2484
3461 2484
3462 2486
3463 2489
3464 2486
3465 2490
3466 2491
3467 2486
3468 2485
3469 2485
3470 2484
3471 2481
3472 2487
3473 2485
3474 2490
3475 2492
3476 2493
3477 2497
3478 2493
3479 2487
3480 2489
3481 2489
3482 2490
3483 2488
3484 2488
3485 2492
3486 2490
3487 2492
3488 2484
3489 2485
3490 2485
3491 2485
3492 2490
3493 2491
3494 2487
3495 2488
3496 2488
3497 2489
3498 2489
3499 2489
3500 2491
3501 2490
3502 2490
3503 2490
3504 2489
3505 2490
3506 2490
3507 2493
3508 2493
3509 2493
3510 2490
3511 2490
3512 2491
3513 2491
3514 2491
3515 2491
3516 2491
3517 2491
3518 2491
3519 2491
3520 2491
3521 2491
3522 2491
3523 2491
3524 2490
3525 2489
3526 2493
3527 2491
3528 2491
3529 2491
3530 2494
3531 2490
3532 2490
3533 2491
3534 2490
3535 2490
3536 2490
3537 2488
3538 2495
3539 2488
3540 2487
3541 2487
3542 2487
3543 2492
3544 2487
3545 2487
3546 2488
3547 2488
3548 2488
3549 2488
3550 2488
3551 2487
3552 2487
3553 2488
3554 2488
3555 2487
3556 2487
3557 2487
3558 2486
3559 2486
3560 2486
3561 2486
3562 2486
3563 2486
3564 2486
3565 2485
3566 2485
3567 2485
3568 2485
3569 2484
3570 2486
3571 2487
3572 2483
3573 2483
3574 2484
3575 2483
3576 2484
3577 2484
3578 2484
3579 2484
3580 2485
3581 2485
3582 2486
3583 2487
3584 2488
3585 2488
3586 2487
3587 2490
3588 2487
3589 2487
3590 2486
3591 2485
3592 2485
3593 2484
3594 2483
3595 2483
3596 2483
3597 2483
3598 2483
3599 2482
3600 2482
3601 2481
3602 2482
3603 2481
3604 2483
3605 2482
3606 2482
3607 2481
3608 2482
3609 2481
3610 2481
3611 2480
3612 2485
3613 2480
3614 2480
3615 2480
3616 2480
3617 2480
3618 2479
3619 2479
3620 2479
3621 2479
3622 2479
3623 2477
3624 2483
3625 2478
3626 2476
3627 2476
3628 2475
3629 2475
3630 2478
3631 2479
3632 2474
3633 2473
3634 2475
3635 2473
3636 2474
3637 2470
3638 2469
3639 2468
3640 2469
3641 2468
3642 2468
3643 2469
3644 2471
3645 2468
3646 2472
3647 2468
3648 2468
3649 2468
3650 2468
3651 2468
3652 2468
3653 2469
3654 2469
3655 2470
3656 2471
3657 2470
3658 2471
3659 2472
3660 2481
3661 2472
3662 2472
3663 2472
3664 2473
3665 2473
3666 2473
3667 2476
3668 2475
3669 2473
3670 2473
3671 2474
3672 2474
3673 2474
3674 2474
3675 2474
3676 2475
3677 2475
3678 2475
3679 2475
3680 2476
3681 2476
3682 2475
3683 2475
3684 2476
3685 2476
3686 2476
3687 2477
3688 2476
3689 2477
3690 2477
3691 2477
3692 2477
3693 2476
3694 2476
3695 2476
3696 2476
3697 2475
3698 2475
3699 2474
3700 2474
3701 2474
3702 2474
3703 2474
3704 2474
3705 2474
3706 2474
3707 2474
3708 2474
3709 2474
3710 2474
3711 2474
3712 2473
3713 2472
3714 2472
3715 2474
3716 2472
3717 2472
3718 2472
3719 2470
3720 2470
3721 2471
3722 2471
3723 2471
3724 2471
3725 2471
3726 2472
3727 2472
3728 2471
3729 2470
3730 2469
3731 2469
3732 2469
3733 2468
3734 2467
3735 2466
3736 2467
3737 2466
3738 2466
3739 2465
3740 2465
3741 2465
3742 2465
3743 2466
3744 2464
3745 2464
3746 2464
3747 2464
3748 2464
3749 2464
3750 2463
3751 2463
3752 2463
3753 2463
3754 2462
3755 2462
3756 2462
3757 2463
3758 2461
3759 2466
3760 2461
3761 2462
3762 2462
3763 2461
3764 2461
3765 2463
3766 2461
3767 2468
3768 2461
3769 2461
3770 2460
3771 2459
3772 2460
3773 2460
3774 2459
3775 2459
3776 2459
3777 2459
3778 2459
3779 2459
3780 2458
3781 2458
3782 2458
3783 2458
3784 2459
3785 2458
3786 2458
3787 2457
3788 2457
3789 2456
3790 2456
3791 2456
3792 2456
3793 2456
3794 2456
3795 2456
3796 2456
3797 2456
3798 2456
3799 2455
3800 2456
3801 2456
3802 2456
3803 2456
3804 2456
3805 2456
3806 2456
3807 2456
3808 2456
3809 2456
3810 2456
3811 2456
3812 2456
3813 2456
3814 2456
3815 2456
3816 2456
3817 2456
3818 2457
3819 2456
3820 2456
3821 2456
3822 2456
3823 2456
3824 2456
3825 2456
3826 2456
3827 2456
3828 2456
3829 2456
3830 2456
3831 2456
3832 2456
3833 2456
3834 2456
3835 2456
3836 2456
3837 2456
3838 2455
3839 2455
3840 2455
3841 2455
3842 2455
3843 2455
3844 2454
3845 2454
3846 2454
3847 2454
3848 2454
3849 2454
3850 2454
3851 2454
3852 2453
3853 2454
3854 2454

