2858 2509
2859 2509
2860 2510
2861 2510
2862 2509
2863 2510
2864 2513
2865 2508
2866 2510
2867 2509
2868 2513
2869 2509
2870 2510
2871 2510
2872 2511
2873 2510
2874 2511
2875 2510
2876 2510
2877 2514
2878 2510
2879 2510
2880 2516
2881 2508
2882 2511
2883 2511
2884 2514
2885 2510
2886 2510
2887 2511
2888 2510
2889 2510
2890 2512
2891 2510
2892 2510
2893 2510
2894 2511
2895 2510
2896 2509
2897 2510
2898 2509
2899 2509
2900 2509
2901 2510
2902 2512
2903 2511
2904 2510
2905 2509
2906 2509
2907 2510
2908 2510
2909 2509
2910 2509
2911 2512
2912 2511
2913 2507
2914 2509
2915 2507
2916 2514
2917 2513
2918 2508
2919 2509
2920 2511
2921 2515
2922 2508
2923 2508
2924 2509
2925 2511
2926 2510
2927 2512
2928 2511
2929 2508
2930 2509
2931 2507
2932 2507
2933 2510
2934 2510
2935 2509
2936 2515
2937 2509
2938 2509
2939 2509
2940 2509
2941 2513
2942 2509
2943 2509
2944 2508
2945 2509
2946 2510
2947 2513
2948 2512
2949 2513
2950 2508
2951 2508
2952 2508
2953 2510
2954 2509
2955 2511
2956 2510
2957 2512
2958 2507
2959 2508
2960 2508
2961 2508
2962 2508
2963 2508
2964 2508
2965 2507
2966 2509
2967 2509
2968 2507
2969 2508
2970 2512
2971 2508
2972 2508
2973 2508
2974 2509
2975 2507
2976 2508
2977 2507
2978 2507
2979 2507
2980 2508
2981 2513
2982 2507
2983 2507
2984 2507
2985 2507
2986 2506
2987 2507
2988 2516
2989 2505
2990 2506
2991 2505
2992 2509
2993 2505
2994 2504
2995 2504
2996 2504
2997 2505
2998 2505
2999 2505
3000 2506
3001 2512
3002 2506
3003 2506
3004 2506
3005 2506
3006 2508
3007 2506
3008 2505
3009 2506
3010 2506
3011 2506
3012 2511
3013 2506
3014 2505
3015 2506
3016 2506
3017 2506
3018 2506
3019 2505
3020 2507
3021 2505
3022 2512
3023 2504
3024 2508
3025 2509
3026 2509
3027 2506
3028 2505
3029 2504
3030 2503
3031 2502
3032 2503
3033 2504
3034 2504
3035 2504
3036 2505
3037 2509
3038 2510
3039 2505
3040 2505
3041 2505
3042 2508
3043 2508
3044 2508
3045 2509
3046 2502
3047 2502
3048 2502
3049 2503
3050 2502
3051 2502
3052 2503
3053 2502
3054 2502
3055 2506
3056 2503
3057 2502
3058 2503
3059 2503
3060 2503
3061 2503
3062 2505
3063 2507
3064 2503
3065 2505
3066 2507
3067 2501
3068 2501
3069 2504
3070 2503
3071 2503
3072 2509
3073 2503
3074 2501
3075 2502
3076 2502
3077 2505
3078 2502
3079 2501
3080 2501
3081 2501
3082 2502
3083 2502
3084 2501
3085 2503
3086 2502
3087 2501
3088 2502
3089 2501
3090 2501
3091 2502
3092 2501
3093 2501
3094 2508
3095 2501
3096 2500
3097 2500
3098 2500
3099 2501
3100 2501
3101 2500
3102 2500
3103 2499
3104 2499
3105 2499
3106 2499
3107 2513
3108 2499
3109 2507
3110 2499
3111 2500
3112 2503
3113 2500
3114 2502
3115 2501
3116 2500
3117 2504
3118 2500
3119 2501
3120 2501
3121 2500
3122 2504
3123 2500
3124 2500
3125 2500
3126 2499
3127 2499
3128 2499
3129 2498
3130 2499
3131 2503
3132 2500
3133 2500
3134 2499
3135 2499
3136 2500
3137 2499
3138 2499
3139 2499
3140 2499
3141 2503
3142 2499
3143 2502
3144 2499
3145 2499
3146 2503
3147 2499
3148 2499
3149 2498
3150 2498
3151 2507
3152 2499
3153 2500
3154 2500
3155 2499
3156 2500
3157 2499
3158 2499
3159 2500
3160 2499
3161 2499
3162 2499
3163 2499
3164 2499
3165 2500
3166 2502
3167 2498
3168 2499
3169 2499
3170 2499
3171 2500
3172 2499
3173 2499
3174 2499
3175 2503
3176 2500
3177 2500
3178 2501
3179 2499
3180 2501
3181 2501
3182 2503
3183 2500
3184 2503
3185 2500
3186 2500
3187 2500
3188 2499
3189 2500
3190 2503
3191 2501
3192 2504
3193 2501
3194 2500
3195 2501
3196 2501
3197 2501
3198 2500
3199 2500
3200 2499
3201 2502
3202 2499
3203 2499
3204 2499
3205 2502
3206 2499
3207 2502
3208 2499
3209 2503
3210 2499
3211 2500
3212 2501
3213 2500
3214 2499
3215 2501
3216 2499
3217 2499
3218 2498
3219 2503
3220 2498
3221 2498
3222 2498
3223 2498
3224 2498
3225 2498
3226 2498
3227 2498
3228 2498
3229 2498
3230 2499
3231 2502
3232 2498
3233 2499
3234 2498
3235 2501
3236 2498
3237 2498
3238 2497
3239 2498
3240 2497
3241 2498
3242 2498
3243 2498
3244 2497
3245 2498
3246 2498
3247 2498
3248 2500
3249 2499
3250 2500
3251 2503
3252 2503
3253 2498
3254 2498
3255 2501
3256 2497
3257 2497
3258 2497
3259 2498
3260 2498
3261 2496
3262 2498
3263 2498
3264 2500
3265 2501
3266 2497
3267 2497
3268 2497
3269 2497
3270 2498
3271 2497
3272 2498
3273 2497
3274 2497
3275 2497
3276 2497
3277 2496
3278 2496
3279 2496
3280 2496
3281 2496
3282 2496
3283 2496
3284 2495
3285 2495
3286 2499
3287 2496
3288 2496
3289 2496
3290 2496
3291 2496
3292 2496
3293 2496
3294 2496
3295 2496
3296 2496
3297 2496
3298 2496
3299 2495
3300 2496
3301 2496
3302 2496
3303 2496
3304 2496
3305 2496
3306 2495
3307 2496
3308 2496
3309 2496
3310 2496
3311 2496
3312 2496
3313 2496
3314 2496
3315 2496
3316 2496
3317 2496
3318 2496
3319 2496
3320 2496
3321 2496
3322 2496
3323 2496
3324 2496
3325 2495
3326 2496
3327 2496
3328 2495
3329 2495
3330 2495
3331 2496
3332 2495
3333 2495
3334 2495
3335 2495
3336 2495
3337 2495
3338 2495
3339 2495
3340 2495
3341 2495
3342 2495
3343 2495
3344 2496
3345 2496
3346 2496
3347 2496
3348 2496
3349 2496
3350 2496
3351 2496
3352 2496
3353 2496
3354 2496
3355 2496
3356 2496
3357 2496
3358 2496
3359 2496
3360 2495
3361 2496
3362 2497
3363 2496
3364 2497
3365 2496
3366 2496
3367 2496
3368 2496
3369 2497
3370 2497
3371 2496
3372 2496
3373 2496
3374 2496
3375 2496
3376 2496
3377 2496
3378 2496
3379 2496
3380 2496
3381 2496
3382 2500
3383 2497
3384 2497
3385 2496
3386 2496
3387 2496
3388 2496
3389 2496
3390 2497
3391 2497
3392 2496
3393 2496
3394 2496
3395 2497
3396 2497
3397 2496
3398 2496
3399 2496
3400 2496
3401 2497
3402 2496
3403 2496
3404 2497
3405 2497
3406 2496
3407 2497
3408 2496
3409 2496
3410 2496
3411 2496
3412 2496
3413 2496
3414 2496
3415 2496
3416 2496
3417 2496
3418 2496
3419 2496
3420 2496
3421 2496
3422 2496
3423 2496
3424 2496
3425 2495
3426 2496
3427 2495
3428 2496
3429 2496
3430 2496
3431 2496
3432 2495
3433 2495
3434 2495
3435 2495
3436 2495
3437 2495
3438 2495
3439 2495
3440 2495
3441 2495
3442 2495
3443 2495
3444 2495
3445 2495
3446 2495
3447 2495
3448 2495
3449 2495
3450 2495
3451 2495
3452 2495
3453 2495
3454 2495
3455 2495
3456 2495
3457 2495
3458 2495
3459 2495
3460 2495
3461 2495
3462 2495
3463 2495
3464 2495
3465 2495
3466 2495
3467 2495
3468 2495
3469 2495
3470 2495
3471 2495
3472 2495
3473 2495
3474 2495
3475 2495
3476 2495
3477 2495
3478 2495
3479 2495
3480 2495
3481 2495
3482 2495
3483 2495
3484 2495
3485 2495
3486 2495
3487 2495
3488 2495
3489 2495
3490 2495
3491 2495
3492 2495
3493 2495
3494 2495
3495 2495
3496 2496
3497 2495
3498 2494
3499 2494
3500 2494
3501 2494
3502 2493
3503 2494
3504 2493
3505 2494
3506 2494
3507 2494
3508 2494
3509 2494
3510 2494
3511 2494
3512 2494
3513 2494
3514 2494
3515 2494
3516 2494
3517 2494
3518 2494
3519 2494
3520 2494
3521 2494
3522 2494
3523 2494
3524 2494
3525 2494
3526 2494
3527 2494
3528 2494
3529 2494
3530 2494
3531 2493
3532 2493
3533 2493
3534 2493
3535 2493
3536 2493
3537 2493
3538 2493
3539 2493
3540 2493
3541 2493
3542 2494
3543 2494
3544 2494
3545 2494
3546 2494
3547 2494
3548 2494
3549 2494
3550 2494
3551 2494
3552 2494
3553 2494
3554 2494
3555 2495
3556 2495
3557 2495
3558 2495
3559 2495
3560 2494
3561 2495
3562 2495
3563 2495
3564 2495
3565 2495
3566 2495
3567 2495
3568 2495
3569 2495
3570 2495
3571 2494
3572 2494
3573 2494
3574 2494
3575 2494
3576 2494
3577 2494
3578 2495
3579 2494
3580 2494
3581 2494
3582 2494
3583 2494
3584 2494
3585 2494
3586 2494
3587 2494
3588 2494
3589 2494
3590 2494
3591 2494
3592 2494
3593 2494
3594 2494
3595 2494
3596 2494
3597 2494
3598 2494
3599 2494
3600 2494
3601 2494
3602 2494
3603 2494
3604 2494
3605 2494
3606 2494
3607 2494
3608 2494
3609 2494
3610 2494
3611 2494
3612 2494
3613 2494
3614 2494
3615 2494
3616 2494
3617 2494
3618 2494
3619 2494
3620 2494
3621 2494
3622 2494
3623 2494
3624 2494
3625 2495
3626 2494
3627 2494
3628 2494
3629 2494
3630 2494
3631 2494
3632 2494
3633 2494
3634 2494
3635 2494
3636 2494
3637 2494
3638 2494
3639 2495
3640 2495
3641 2494
3642 2494
3643 2494
3644 2494
3645 2495
3646 2495
3647 2494
3648 2494
3649 2494
3650 2494
3651 2495
3652 2495
3653 2494
3654 2494
3655 2494
3656 2495
3657 2494
3658 2494
3659 2494
3660 2494
3661 2494
3662 2494
3663 2494
3664 2494
3665 2494
3666 2494
3667 2494
3668 2494
3669 2494
3670 2494
3671 2494
3672 2494
3673 2495
3674 2495
3675 2495
3676 2495
3677 2495
3678 2495
3679 2494
3680 2494
3681 2494
3682 2494
3683 2494
3684 2494
3685 2494
3686 2495
3687 2494
3688 2494
3689 2494
3690 2494
3691 2495
3692 2494
3693 2494
3694 2495
3695 2495
3696 2494
3697 2494
3698 2494
3699 2494
3700 2494
3701 2494
3702 2494
3703 2494
3704 2494
3705 2494
3706 2494
3707 2494
3708 2494
3709 2494
3710 2494
3711 2494
3712 2494
3713 2494
3714 2494
3715 2494
3716 2494
3717 2494
3718 2494
3719 2494
3720 2494
3721 2494
3722 2494
3723 2494
3724 2494
3725 2494
3726 2494
3727 2494
3728 2494
3729 2494
3730 2494
3731 2494
3732 2494
3733 2494
3734 2494
3735 2494
3736 2494
3737 2494
3738 2494
3739 2495
3740 2494
3741 2494
3742 2494
3743 2494
3744 2494
3745 2494
3746 2494
3747 2494
3748 2495
3749 2494
3750 2493
3751 2493
3752 2493
3753 2493
3754 2493
3755 2493
3756 2494
3757 2494
3758 2494
3759 2493
3760 2493
3761 2493
3762 2494
3763 2493
3764 2493
3765 2493
3766 2493
3767 2493
3768 2493
3769 2493
3770 2493
3771 2493
3772 2493
3773 2493
3774 2493
3775 2493
3776 2493
3777 2493
3778 2493
3779 2493
3780 2493
3781 2493
3782 2493
3783 2493
3784 2494
3785 2494
3786 2494
3787 2494
3788 2493
3789 2493
3790 2493
3791 2493
3792 2493
3793 2494
3794 2494
3795 2494
3796 2493
3797 2493
3798 2493
3799 2493
3800 2493
3801 2493
3802 2493
3803 2493
3804 2493
3805 2493
3806 2493
3807 2493
3808 2493
3809 2493
3810 2494
3811 2494
3812 2493
3813 2493
3814 2494
3815 2493
3816 2494
3817 2494
3818 2494
3819 2494
3820 2494
3821 2494
3822 2494
3823 2494
3824 2494
3825 2494
3826 2494
3827 2494
3828 2494
3829 2494
3830 2494
3831 2494
3832 2493
3833 2494
3834 2494
3835 2494
3836 2494
3837 2494
3838 2494
3839 2494
3840 2494
3841 2494
3842 2494
3843 2493
3844 2494
3845 2494
3846 2494
3847 2494
3848 2494
3849 2493
3850 2494
3851 2494
3852 2494
3853 2494
3854 2494
3855 2494
3856 2494
3857 2494
3858 2494
3859 2494
3860 2494

3290 2525
3291 2526
3292 2526
3293 2526
3294 2523
3295 2525
3296 2522
3297 2527
3298 2528
3299 2522
3300 2524
3301 2526
3302 2526
3303 2528
3304 2526
3305 2521
3306 2521
3307 2529
3308 2524
3309 2527
3310 2528
3311 2525
3312 2524
3313 2524
3314 2526
3315 2524
3316 2531
3317 2530
3318 2526
3319 2530
3320 2525
3321 2525
3322 2526
3323 2526
3324 2524
3325 2532
3326 2520
3327 2526
3328 2528
3329 2518
3330 2532
3331 2523
3332 2525
3333 2526
3334 2524
3335 2524
3336 2523
3337 2528
3338 2526
3339 2525
3340 2525
3341 2525
3342 2526
3343 2518
3344 2531
3345 2529
3346 2522
3347 2522
3637 2526
3638 2522
3639 2521
3640 2522
3641 2516
3642 2522
3643 2512
3644 2523
3645 2521
3646 2521
3647 2527
3648 2520
3649 2520
3650 2513
3651 2522
3652 2522
3653 2523
3654 2524
3655 2523
3656 2523
3657 2523
3658 2521
3659 2522
3660 2522
3661 2524
3662 2514
3663 2516
3664 2522
3665 2526
3666 2523
3667 2522
3668 2522
3669 2526
3670 2521
3671 2514
3672 2522
3673 2521
3674 2515
3675 2521
3676 2523
3677 2523
3678 2519
3679 2518
3680 2529
3681 2528
3682 2516
3683 2515
3684 2523
3685 2524
3686 2524
3687 2523
3688 2523
3689 2523
3690 2524
3691 2523
3692 2523
3693 2522
3694 2528
3695 2524
3696 2524
3697 2523
3698 2523
3699 2522
3700 2523
3701 2524
3702 2523
3703 2522
3704 2523
3705 2525
3706 2516
3707 2515
3708 2523
3709 2523
3710 2523
3711 2525
3712 2525
3713 2523
3714 2523
3715 2522
3716 2522
3717 2522
3718 2521
3719 2521
3720 2515
3721 2519
3722 2519
3723 2520
3724 2519
3725 2524
3726 2522
3727 2522
3728 2528
3729 2523
3730 2522
3731 2523
3732 2523
3733 2528
3734 2517
3735 2523
3736 2523
3737 2523
3738 2523
3739 2523
3740 2521
3741 2521
3742 2523
3743 2522
3744 2520
3745 2518
3746 2521
3747 2526
3748 2519
3749 2517
3750 2520
3751 2517
3752 2520
3753 2517
3754 2518
3755 2515
3756 2529
3757 2519
3758 2527
3759 2521
3760 2522
3761 2521
3762 2519
3763 2522
3764 2522
3765 2522
3766 2522
3767 2517
3768 2523
3769 2523
3770 2523
3771 2523
3772 2524
3773 2523
3774 2523
3775 2515
3776 2525
3777 2528
3778 2526
3779 2524
3780 2528
3781 2514
3782 2514
3783 2525
3784 2513
3785 2525
3786 2517
3787 2521
3788 2521
3789 2520
3790 2521
3791 2515
3792 2515
3793 2521
3794 2521
3795 2522
3796 2522
3797 2513
3798 2520
3799 2514
3800 2521
3801 2525
3802 2519
3803 2520
3804 2512
3805 2524
3806 2519
3807 2515
3808 2512
3809 2520
3810 2521
3811 2519
3812 2520
3813 2521
3814 2520
3815 2522
3816 2516
3817 2520
3818 2514
3819 2521
3820 2522
3821 2522
3822 2514
3823 2522
3824 2517
3825 2520
3826 2522
3827 2523
3828 2520
3829 2516
3830 2521
3831 2521

