3283 2504
3284 2510
3285 2504
3286 2503
3287 2503
3288 2503
3289 2503
3290 2504
3291 2504
3292 2504
3293 2503
3294 2503
3295 2503
3296 2504
3297 2504
3298 2504
3299 2504
3300 2503
3301 2503
3302 2503
3303 2503
3304 2504
3305 2503
3306 2503
3307 2503
3308 2504
3309 2504
3310 2504
3311 2504
3312 2504
3313 2504
3314 2504
3315 2504
3316 2503
3317 2504
3318 2504
3319 2504
3320 2503
3321 2504
3322 2503
3323 2503
3324 2503
3325 2503
3326 2503
3327 2502
3328 2506
3329 2502
3330 2502
3331 2502
3332 2502
3333 2502
3334 2501
3335 2502
3336 2501
3337 2502
3338 2501
3339 2502
3340 2501
3341 2501
3342 2502
3343 2503
3344 2503
3345 2501
3346 2502
3347 2501
3348 2500
3349 2501
3350 2502
3351 2502
3352 2503
3353 2504
3354 2504
3355 2502
3356 2500
3357 2502
3358 2502
3359 2502
3360 2501
3361 2502
3362 2501
3363 2502
3364 2502
3365 2501
3366 2502
3367 2502
3368 2504
3369 2501
3370 2501
3371 2502
3372 2501
3373 2501
3374 2501
3375 2501
3376 2501
3377 2508
3378 2501
3379 2500
3380 2501
3381 2500
3382 2500
3383 2500
3384 2500
3385 2500
3386 2500
3387 2500
3388 2501
3389 2501
3390 2502
3391 2501
3392 2501
3393 2501
3394 2499
3395 2499
3396 2500
3397 2501
3398 2500
3399 2499
3400 2500
3401 2501
3402 2500
3403 2500
3404 2501
3405 2506
3406 2500
3407 2500
3408 2500
3409 2500
3410 2500
3411 2500
3412 2500
3413 2503
3414 2500
3415 2499
3416 2499
3417 2500
3418 2502
3419 2501
3420 2502
3421 2510
3422 2501
3423 2500
3424 2499
3425 2503
3426 2503
3427 2503
3428 2502
3429 2502
3430 2502
3431 2501
3432 2499
3433 2503
3434 2500
3435 2500
3436 2499
3437 2500
3438 2500
3439 2500
3440 2500
3441 2500
3442 2500
3443 2503
3444 2499
3445 2499
3446 2499
3447 2500
3448 2499
3449 2498
3450 2498
3451 2504
3452 2504
3453 2505
3454 2503
3455 2509
3456 2497
3457 2503
3458 2501
3459 2498
3460 2498
3461 2497
3462 2504
3463 2498
3464 2499
3465 2499
3466 2499
3467 2498
3468 2498
3469 2498
3470 2498
3471 2498
3472 2498
3473 2497
3474 2497
3475 2498
3476 2498
3477 2498
3478 2498
3479 2498
3480 2499
3481 2498
3482 2498
3483 2499
3484 2499
3485 2498
3486 2498
3487 2498
3488 2498
3489 2498
3490 2498
3491 2498
3492 2498
3493 2498
3494 2500
3495 2498
3496 2498
3497 2498
3498 2498
3499 2498
3500 2498
3501 2498
3502 2498
3503 2498
3504 2498
3505 2498
3506 2498
3507 2498
3508 2498
3509 2498
3510 2498
3511 2498
3512 2498
3513 2498
3514 2498
3515 2498
3516 2498
3517 2498
3518 2498
3519 2498
3520 2498
3521 2498
3522 2498
3523 2498
3524 2498
3525 2498
3526 2498
3527 2498
3528 2498
3529 2499
3530 2498
3531 2498
3532 2498
3533 2498
3534 2499
3535 2498
3536 2498
3537 2498
3538 2498
3539 2498
3540 2498
3541 2498
3542 2498
3543 2498
3544 2498
3545 2498
3546 2498
3547 2498
3548 2498
3549 2498
3550 2498
3551 2498
3552 2498
3553 2498
3554 2498
3555 2498
3556 2498
3557 2498
3558 2498
3559 2498
3560 2498
3561 2498
3562 2498
3563 2498
3564 2498
3565 2498
3566 2498
3567 2498
3568 2498
3569 2498
3570 2498
3571 2498
3572 2498
3573 2498
3574 2498
3575 2498
3576 2498
3577 2498
3578 2498
3579 2497
3580 2497
3581 2497
3582 2497
3583 2497
3584 2497
3585 2497
3586 2497
3587 2497
3588 2496
3589 2497
3590 2496
3591 2496
3592 2496
3593 2496
3594 2496
3595 2496
3596 2496
3597 2496
3598 2496
3599 2496
3600 2496
3601 2495
3602 2495
3603 2495
3604 2495
3605 2495
3606 2495
3607 2495
3608 2495
3609 2495
3610 2495
3611 2494
3612 2494
3613 2495
3614 2494
3615 2495
3616 2494
3617 2495
3618 2494
3619 2494
3620 2495
3621 2495
3622 2495
3623 2495
3624 2495
3625 2495
3626 2495
3627 2495
3628 2495
3629 2495
3630 2495
3631 2495
3632 2495
3633 2495
3634 2495
3635 2495
3636 2495
3637 2495
3638 2495
3639 2494
3640 2495
3641 2495
3642 2495
3643 2495
3644 2494
3645 2495
3646 2494
3647 2494
3648 2495
3649 2494
3650 2494
3651 2494
3652 2494
3653 2494
3654 2494
3655 2494
3656 2494
3657 2494
3658 2494
3659 2494
3660 2494
3661 2494
3662 2494
3663 2494
3664 2494
3665 2494
3666 2494
3667 2493
3668 2494
3669 2494
3670 2494
3671 2494
3672 2494
3673 2493
3674 2494
3675 2494
3676 2494
3677 2494
3678 2494
3679 2494
3680 2493
3681 2494
3682 2494
3683 2493
3684 2494
3685 2493
3686 2493
3687 2493
3688 2493
3689 2493
3690 2493
3691 2493
3692 2493
3693 2493
3694 2493
3695 2493
3696 2493
3697 2493
3698 2493
3699 2493
3700 2493
3701 2493
3702 2493
3703 2493
3704 2493
3705 2493
3706 2493
3707 2493
3708 2493
3709 2493
3710 2493
3711 2492
3712 2493
3713 2493
3714 2493
3715 2493
3716 2493
3717 2493
3718 2492
3719 2493
3720 2492
3721 2493
3722 2493
3723 2493
3724 2493
3725 2493
3726 2493
3727 2492
3728 2493
3729 2493
3730 2493
3731 2493
3732 2493
3733 2492
3734 2493
3735 2492
3736 2492
3737 2492
3738 2492
3739 2492
3740 2492
3741 2491
3742 2491
3743 2492
3744 2491
3745 2492
3746 2492
3747 2492
3748 2492
3749 2492
3750 2492
3751 2491
3752 2492
3753 2492
3754 2491
3755 2491
3756 2491
3757 2492
3758 2492
3759 2491
3760 2492
3761 2492
3762 2492
3763 2491
3764 2492
3765 2492
3766 2492
3767 2492
3768 2491
3769 2492
3770 2491
3771 2491
3772 2492
3773 2492
3774 2491
3775 2492
3776 2492
3777 2491
3778 2491
3779 2492
3780 2492
3781 2492
3782 2491
3783 2492
3784 2492
3785 2492
3786 2491
3787 2492
3788 2491
3789 2492
3790 2492
3791 2491
3792 2491
3793 2491
3794 2492
3795 2491
3796 2492
3797 2491
3798 2491
3799 2491
3800 2491
3801 2491
3802 2491
3803 2491
3804 2491
3805 2491
3806 2491
3807 2490
3808 2491
3809 2491
3810 2491
3811 2490
3812 2491
3813 2491
3814 2491
3815 2491
3816 2491
3817 2491
3818 2491
3819 2491
3820 2491
3821 2491
3822 2491
3823 2491
3824 2491
3825 2491
3826 2491
3827 2491
3828 2491
3829 2491
3830 2491
3831 2491
3832 2491
3833 2491
3834 2491
3835 2491
3836 2491
3837 2491
3838 2491
3839 2491
3840 2491
3841 2491
3842 2491
3843 2491
3844 2491
3845 2491
3846 2491
3847 2491
3848 2491
3849 2491
3850 2491
3851 2491
3852 2491
3853 2491
3854 2491
3855 2491
3856 2491
3857 2490
3858 2491

3503 2537
3504 2537
3505 2537
3506 2537
3507 2538
3508 2541
3509 2537
3510 2538
3511 2538
3512 2541
3513 2542
3514 2543
3515 2535
3516 2543
3517 2543
3518 2537
3519 2538
3520 2530
3521 2542
3522 2539
3523 2544
3524 2530
3525 2544
3526 2537
3527 2536
3528 2536
3529 2536
3530 2536
3531 2541
3532 2536
3533 2537
3534 2537
3535 2536
3536 2538
3537 2540
3538 2538
3539 2536
3540 2536
3541 2536
3542 2537
3543 2540
3544 2538
3545 2538
3546 2540
3547 2539
3548 2536
3549 2536
3550 2536
3551 2536
3552 2536
3553 2535
3554 2541
3555 2536
3556 2537
3557 2539
3558 2537
3559 2539
3560 2536
3561 2540
3562 2540
3563 2540
3564 2539
3565 2538
3566 2538
3567 2536
3568 2541
3569 2541
3570 2537
3571 2539
3572 2542
3573 2537
3574 2539
3575 2538
3576 2542
3577 2543
3578 2540
3579 2534
3580 2538
3581 2544
3582 2535
3583 2536
3584 2539
3585 2544
3586 2534
3587 2539
3588 2545
3589 2544
3590 2543
3591 2534
3592 2538
3593 2540
3594 2538
3649 2526
3650 2525
3651 2523
3652 2522
3653 2523
3654 2526
3655 2529
3656 2531
3657 2527
3658 2528
3659 2528
3660 2527
3661 2531
3662 2528
3663 2528
3664 2523
3665 2525
3666 2525
3667 2523
3668 2524
3669 2524
3670 2528
3671 2521
3672 2529
3673 2522
3674 2524
3675 2523
3676 2529
3677 2524
3678 2526
3679 2523
3680 2526
3681 2524
3682 2524
3683 2520
3684 2520
3685 2520
3686 2523
3687 2523
3688 2521
3689 2522
3690 2518
3691 2526
3692 2522
3693 2525
3694 2519
3695 2518
3696 2513
3697 2513
3698 2513
3699 2514
3700 2526
3701 2513
3702 2514
3703 2513
3704 2514
3705 2526
3706 2514
3707 2513
3708 2513
3709 2513
3710 2517
3711 2524
3712 2522
3713 2526
3714 2521
3715 2516
3716 2514
3717 2525
3718 2520
3719 2521
3720 2513
3721 2523
3722 2513
3723 2525
3724 2525
3725 2516
3726 2515
3727 2513
3728 2526
3729 2516
3730 2515
3731 2519
3732 2518
3733 2513
3734 2515
3735 2520
3736 2525
3737 2523
3738 2525
3739 2518
3740 2521
3741 2514
3742 2518
3743 2513
3744 2513
3745 2513
3746 2517
3747 2521
3748 2517
3749 2514
3750 2517
3751 2513
3752 2518
3753 2517
3754 2513
3755 2520
3756 2520
3757 2520
3758 2521
3759 2513
3760 2517
3761 2516
3762 2515
3763 2516
3764 2521
3765 2520
3766 2522
3767 2518
3768 2518
3769 2517
3770 2524
3771 2525
3772 2520
3773 2520
3774 2523
3775 2517
3776 2524
3777 2520
3778 2513
3779 2519
3780 2519
3781 2525
3782 2519
3783 2520
3784 2513
3785 2513
3786 2513
3787 2519
3788 2520
3789 2521
3790 2523
3791 2521
3792 2521
3793 2519

