1 2490
2 2490
3 2489
4 2489
5 2489
6 2489
7 2490
8 2489
9 2489
10 2489
11 2489
12 2489
13 2490
14 2490
15 2490
16 2490
17 2490
18 2490
19 2490
20 2489
21 2490
22 2490
23 2490
24 2490
25 2490
26 2490
27 2490
28 2490
29 2490
30 2490
31 2490
32 2490
33 2490
34 2490
35 2490
36 2491
37 2491
38 2490
39 2491
40 2490
41 2491
42 2491
43 2491
44 2491
45 2490
46 2491
47 2491
48 2491
49 2491
50 2491
51 2491
52 2491
53 2491
54 2491
55 2491
56 2491
57 2491
58 2491
59 2491
60 2491
61 2491
62 2491
63 2491
64 2491
65 2491
66 2491
67 2492
68 2491
69 2491
70 2492
71 2492
72 2491
73 2492
74 2492
75 2492
76 2492
77 2492
78 2492
79 2492
80 2492
81 2492
82 2492
83 2492
84 2492
85 2492
86 2492
87 2492
88 2492
89 2492
90 2492
91 2492
92 2492
93 2492
94 2491
95 2491
96 2492
97 2492
98 2492
99 2492
100 2492
101 2492
102 2492
103 2492
104 2496
105 2491
106 2491
107 2493
108 2492
109 2492
110 2492
111 2492
112 2492
113 2491
114 2491
115 2491
116 2491
117 2491
118 2491
119 2491
120 2491
121 2491
122 2491
123 2491
124 2491
125 2491
126 2491
127 2491
128 2491
129 2491
130 2491
131 2491
132 2491
133 2491
134 2491
135 2491
136 2491
137 2490
138 2491
139 2491
140 2491
141 2491
142 2491
143 2491
144 2490
145 2491
146 2491
147 2490
148 2491
149 2491
150 2491
151 2491
152 2491
153 2491
154 2491
155 2491
156 2491
157 2491
158 2491
159 2491
160 2491
161 2491
162 2491
163 2491
164 2491
165 2491
166 2491
167 2491
168 2491
169 2491
170 2491
171 2491
172 2491
173 2491
174 2491
175 2491
176 2491
177 2491
178 2491
179 2491
180 2490
181 2490
182 2490
183 2490
184 2490
185 2490
186 2490
187 2490
188 2490
189 2490
190 2490
191 2490
192 2490
193 2490
194 2490
195 2490
196 2490
197 2490
198 2490
199 2490
200 2490
201 2490
202 2490
203 2490
204 2491
205 2491
206 2491
207 2491
208 2491
209 2490
210 2490
211 2490
212 2490
213 2490
214 2491
215 2491
216 2491
217 2490
218 2490
219 2490
220 2490
221 2491
222 2491
223 2491
224 2491
225 2491
226 2491
227 2491
228 2494
229 2490
230 2490
231 2491
232 2491
233 2491
234 2491
235 2491
236 2491
237 2491
238 2491
239 2491
240 2491
241 2491
242 2491
243 2491
244 2491
245 2491
246 2490
247 2490
248 2490
249 2490
250 2490
251 2490
252 2490
253 2490
254 2490
255 2490
256 2490
257 2495
258 2490
259 2490
260 2490
261 2490
262 2490
263 2490
264 2490
265 2490
266 2490
267 2490
268 2490
269 2490
270 2490
271 2490
272 2490
273 2490
274 2490
275 2490
276 2490
277 2490
278 2490
279 2489
280 2490
281 2489
282 2490
283 2490
284 2490
285 2489
286 2489
287 2490
288 2489
289 2490
290 2490
291 2490
292 2490
293 2489
294 2489
295 2490
296 2490
297 2490
298 2490
299 2489
300 2490
301 2489
302 2489
303 2490
304 2489
305 2489
306 2490
307 2490
308 2489
309 2490
310 2489
311 2490
312 2489
313 2489
314 2489
315 2489
316 2489
317 2489
318 2490
319 2489
320 2489
321 2489
322 2489
323 2489
324 2489
325 2489
326 2489
327 2489
328 2490
329 2490
330 2489
331 2490
332 2489
333 2489
334 2489
335 2489
336 2489
337 2489
338 2489
339 2489
340 2489
341 2489
342 2489
343 2489
344 2489
345 2489
346 2489
347 2489
348 2489
349 2489
350 2489
351 2489
352 2489
353 2489
354 2489
355 2489
356 2489
357 2489
358 2489
359 2490
360 2490
361 2489
362 2490
363 2490
364 2489
365 2489
366 2489
367 2489
368 2489
369 2489
370 2489
371 2489
372 2489
373 2489
374 2490
375 2490
376 2490
377 2489
378 2489
379 2489
380 2489
381 2489
382 2489
383 2490
384 2490
385 2489
386 2489
387 2489
388 2490
389 2490
390 2490
391 2490
392 2490
393 2490
394 2490
395 2490
396 2490
397 2490
398 2490
399 2490
400 2490
401 2490
402 2490
403 2490
404 2490
405 2490
406 2490
407 2490
408 2490
409 2490
410 2490
411 2490
412 2490
413 2490
414 2490
415 2490
416 2490
417 2490
418 2490
419 2490
420 2490
421 2490
422 2490
423 2490
424 2490
425 2490
426 2490
427 2490
428 2490
429 2490
430 2490
431 2490
432 2490
433 2490
434 2490
435 2490
436 2490
437 2490
438 2490
439 2490
440 2490
441 2490
442 2490
443 2490
444 2490
445 2490
446 2490
447 2490
448 2490
449 2490
450 2490
451 2490
452 2490
453 2490
454 2490
455 2490
456 2490
457 2491
458 2491
459 2491
460 2490
461 2490
462 2491
463 2491
464 2491
465 2490
466 2490
467 2490
468 2490
469 2490
470 2491
471 2490
472 2491
473 2491
474 2490
475 2489
476 2492
477 2490
478 2490
479 2490
480 2490
481 2490
482 2490
483 2489
484 2489
485 2489
486 2489
487 2489
488 2489
489 2489
490 2489
491 2489
492 2489
493 2489
494 2489
495 2489
496 2489
497 2489
498 2489
499 2489
500 2489
501 2489
502 2489
503 2489
504 2489
505 2489
506 2492
507 2489
508 2489
509 2489
510 2489
511 2489
512 2489
513 2489
514 2489
515 2489
516 2489
517 2489
518 2489
519 2489
520 2489
521 2489
522 2489
523 2489
524 2489
525 2489
526 2489
527 2489
528 2489
529 2489
530 2488
531 2489
532 2489
533 2489
534 2488
535 2488
536 2488
537 2488
538 2488
539 2488
540 2488
541 2488
542 2488
543 2488
544 2488
545 2488
546 2488
547 2488
548 2488
549 2488
550 2488
551 2488
552 2488
553 2488
554 2488
555 2488
556 2488
557 2488
558 2488
559 2488
560 2488
561 2488
562 2488
563 2488
564 2488
565 2488
566 2488
567 2488
568 2488
569 2488
570 2488
571 2488
572 2488
573 2488
574 2488
575 2488
576 2488
577 2487
578 2487
579 2487
580 2487
581 2487
582 2487
583 2487
584 2487
585 2487
586 2487
587 2487
588 2487
589 2487
590 2487
591 2487
592 2488
593 2491
594 2486
595 2486
596 2489
597 2488
598 2486

1 2513
2 2509
3 2511
4 2510
5 2510
6 2510
7 2505
8 2510
9 2510
10 2511
11 2510
12 2511
13 2514
14 2509
15 2509
16 2510
17 2508
18 2505
19 2509
20 2509
21 2510
22 2511
23 2511
24 2511
25 2510
26 2511
27 2508
28 2504
29 2508
30 2505
31 2509
32 2505
33 2505
34 2506
35 2512
36 2510
37 2509
38 2504
39 2512
40 2510
41 2504
42 2512
43 2509
44 2514
45 2504
46 2511
47 2509
48 2504
49 2504
50 2504
51 2504
52 2509
53 2506
54 2515
55 2505
56 2504
57 2506
58 2507
59 2506
60 2512
61 2510
62 2506
63 2509
64 2508
65 2510
66 2505
67 2505
68 2514
69 2507
70 2506
71 2505
72 2509
73 2510
74 2510
75 2515
76 2515
77 2512
78 2513
79 2507
80 2511
81 2506
82 2511
83 2505
84 2505
85 2505
86 2505
87 2513
88 2513
89 2506
90 2517
91 2505
92 2507
93 2518
94 2513
95 2506
96 2505
97 2514
98 2512
99 2513
100 2505
101 2512
102 2517
103 2508
104 2510
105 2513
106 2506
107 2515
108 2507
109 2508
110 2509
111 2511
112 2512
113 2518
114 2518
115 2515
116 2516
117 2520
118 2520
119 2516
120 2516
121 2516
122 2516
123 2517
124 2506
125 2509
126 2506
127 2506
128 2507
129 2516
130 2506
131 2506
132 2506
133 2514
134 2515
135 2510
136 2516
137 2507
138 2515
397 9999
398 9999
399 9999
400 9999
401 9999
402 9999
403 9999
404 9999
405 9999
406 9999
407 9999
408 9999
409 9999
410 9999
411 9999
412 9999
413 9999
414 9999
415 9999
416 9999
417 9999
418 9999
419 9999
420 9999
421 9999
422 9999
423 9999
424 9999
425 9999
426 9999
427 9999
428 9999
429 9999
430 9999
431 9999
432 9999
433 9999
434 9999
435 9999
436 9999
437 9999
438 9999
439 9999
440 9999
441 9999
442 9999
443 9999
444 9999
445 9999
446 9999
447 9999
448 9999
449 9999
454 2502
455 2508
456 2502
457 9999
458 2509
459 9999
460 2506
461 2502
462 9999
463 2504
464 2511
465 2511
466 2512
467 2516
468 2509
469 2510
470 2511
471 2516
472 2512
473 2511
474 2511
475 2509
476 2511
477 2503
478 2504
479 2517
480 2510
481 2511
482 2511
483 2503
484 2514
485 2517
486 2511
487 2511
488 2511
489 2512
490 2511
491 2503
492 2516
493 2516
494 2516
495 2511
496 2511
497 2512
498 2512
499 2511
500 2511
501 2513
502 2512
503 2512
504 2512
505 2511
506 2508
507 2512
508 2504
509 2504
510 2504
511 2516
512 2512
513 2511
514 2511
515 2512
516 2515
517 2515
518 2515
519 2504
520 2515
521 2516
522 2513
523 2513
524 2511
525 2513
526 2512
527 2511
528 2512
529 2507
530 2511
531 2511
532 2513
533 2506
534 2516
535 2514
536 2512
537 2513
538 2512
539 2506
540 2512
541 2513
542 2517
543 2505
544 2513
545 2512
546 2513
547 2505
548 2505
549 2519
550 2513
551 2515
552 2515
553 2513
554 2513
555 2514
556 2513
557 2520
558 2514
559 2520
560 2513
561 2513
562 2514
563 2515
564 2514
565 2513
566 2513
567 2513
568 2512
569 2510
570 2513
571 2513
572 2512
573 2513
574 2512
575 2512
576 2512
577 2513
578 2512
579 2512
580 2512
581 2514
582 2517
583 2512
584 2512
585 2516
586 2513
587 2513
588 2510
589 2515
590 2515
591 2514

