2522 2506
2523 2514
2524 2507
2525 2507
2526 2507
2527 2510
2528 2509
2529 2508
2530 2516
2531 2512
2532 2509
2533 2508
2534 2508
2535 2510
2536 2508
2537 2516
2538 2511
2539 2515
2540 2508
2541 2509
2542 2509
2543 2509
2544 2507
2545 2508
2546 2509
2547 2509
2548 2509
2549 2507
2550 2508
2551 2507
2552 2507
2553 2505
2554 2504
2555 2503
2556 2504
2557 2504
2558 2504
2559 2504
2560 2503
2561 2504
2562 2504
2563 2504
2564 2505
2565 2505
2566 2505
2567 2505
2568 2505
2569 2505
2570 2505
2571 2504
2572 2504
2573 2505
2574 2505
2575 2506
2576 2504
2577 2505
2578 2506
2579 2505
2580 2505
2581 2512
2582 2505
2583 2504
2584 2505
2585 2505
2586 2506
2587 2506
2588 2506
2589 2506
2590 2506
2591 2505
2592 2504
2593 2504
2594 2505
2595 2505
2596 2508
2597 2504
2598 2504
2599 2503
2600 2503
2601 2504
2602 2505
2603 2505
2604 2505
2605 2508
2606 2506
2607 2507
2608 2508
2609 2509
2610 2508
2611 2511
2612 2513
2613 2511
2614 2513
2615 2517
2616 2508
2617 2511
2618 2512
2619 2510
2620 2510
2621 2507
2622 2508
2623 2508
2624 2508
2625 2508
2626 2507
2627 2506
2628 2509
2629 2505
2630 2506
2631 2506
2632 2509
2633 2506
2634 2505
2635 2505
2636 2505
2637 2506
2638 2506
2639 2504
2640 2504
2641 2504
2642 2504
2643 2504
2644 2504
2645 2504
2646 2504
2647 2504
2648 2504
2649 2505
2650 2504
2651 2505
2652 2505
2653 2504
2654 2504
2655 2504
2656 2503
2657 2503
2658 2507
2659 2503
2660 2503
2661 2504
2662 2504
2663 2507
2664 2507
2665 2505
2666 2508
2667 2508
2668 2505
2669 2506
2670 2506
2671 2504
2672 2507
2673 2505
2674 2504
2675 2504
2676 2504
2677 2504
2678 2503
2679 2507
2680 2504
2681 2504
2682 2504
2683 2504
2684 2504
2685 2503
2686 2503
2687 2504
2688 2504
2689 2504
2690 2503
2691 2503
2692 2503
2693 2502
2694 2501
2695 2501
2696 2502
2697 2502
2698 2502
2699 2502
2700 2501
2701 2501
2702 2502
2703 2501
2704 2501
2705 2501
2706 2501
2707 2502
2708 2502
2709 2500
2710 2504
2711 2502
2712 2501
2713 2501
2714 2506
2715 2502
2716 2502
2717 2501
2718 2501
2719 2501
2720 2501
2721 2501
2722 2501
2723 2500
2724 2500
2725 2500
2726 2501
2727 2501
2728 2502
2729 2502
2730 2501
2731 2501
2732 2502
2733 2502
2734 2502
2735 2502
2736 2502
2737 2502
2738 2503
2739 2504
2740 2503
2741 2503
2742 2505
2743 2505
2744 2503
2745 2503
2746 2503
2747 2503
2748 2502
2749 2502
2750 2502
2751 2502
2752 2502
2753 2502
2754 2502
2755 2502
2756 2502
2757 2502
2758 2502
2759 2504
2760 2501
2761 2502
2762 2501
2763 2502
2764 2504
2765 2502
2766 2501
2767 2501
2768 2501
2769 2500
2770 2500
2771 2501
2772 2502
2773 2501
2774 2501
2775 2501
2776 2503
2777 2502
2778 2504
2779 2501
2780 2501
2781 2500
2782 2500
2783 2499
2784 2500
2785 2501
2786 2502
2787 2509
2788 2499
2789 2499
2790 2499
2791 2501
2792 2499
2793 2500
2794 2500
2795 2500
2796 2500
2797 2500
2798 2500
2799 2500
2800 2500
2801 2500
2802 2500
2803 2500
2804 2500
2805 2500
2806 2500
2807 2500
2808 2500
2809 2500
2810 2500
2811 2502
2812 2500
2813 2500
2814 2500
2815 2500
2816 2500
2817 2500
2818 2500
2819 2500
2820 2505
2821 2500
2822 2500
2823 2500
2824 2500
2825 2500
2826 2501
2827 2502
2828 2501
2829 2500
2830 2500
2831 2500
2832 2509
2833 2500
2834 2501
2835 2501
2836 2500
2837 2500
2838 2499
2839 2500
2840 2500
2841 2500
2842 2501
2843 2500
2844 2501
2845 2500
2846 2500
2847 2501
2848 2501
2849 2500
2850 2500
2851 2500
2852 2500
2853 2499
2854 2500
2855 2500
2856 2500
2857 2500
2858 2501
2859 2501
2860 2500
2861 2501
2862 2500
2863 2501
2864 2500
2865 2500
2866 2500
2867 2500
2868 2500
2869 2501
2870 2500
2871 2500
2872 2500
2873 2500
2874 2500
2875 2500
2876 2500
2877 2500
2878 2500
2879 2500
2880 2501
2881 2500
2882 2500
2883 2500
2884 2501
2885 2500
2886 2500
2887 2500
2888 2500
2889 2500
2890 2500
2891 2500
2892 2500
2893 2500
2894 2500
2895 2500
2896 2500
2897 2500
2898 2500
2899 2500
2900 2500
2901 2500
2902 2500
2903 2501
2904 2499
2905 2499
2906 2499
2907 2499
2908 2499
2909 2499
2910 2499
2911 2499
2912 2499
2913 2499
2914 2499
2915 2499
2916 2499
2917 2499
2918 2499
2919 2499
2920 2499
2921 2499
2922 2499
2923 2499
2924 2499
2925 2499
2926 2499
2927 2499
2928 2499
2929 2499
2930 2503
2931 2499
2932 2499
2933 2499
2934 2499
2935 2499
2936 2499
2937 2499
2938 2499
2939 2499
2940 2499
2941 2503
2942 2499
2943 2500
2944 2500
2945 2500
2946 2500
2947 2500
2948 2500
2949 2500
2950 2500
2951 2500
2952 2499
2953 2500
2954 2499
2955 2499
2956 2499
2957 2500
2958 2499
2959 2499
2960 2500
2961 2500
2962 2500
2963 2500
2964 2500
2965 2500
2966 2500
2967 2500
2968 2500
2969 2500
2970 2500
2971 2500
2972 2500
2973 2500
2974 2500
2975 2500
2976 2499
2977 2500
2978 2500
2979 2499
2980 2499
2981 2500
2982 2499
2983 2500
2984 2500
2985 2500
2986 2500
2987 2500
2988 2499
2989 2500
2990 2500
2991 2500
2992 2500
2993 2500
2994 2500
2995 2500
2996 2500
2997 2500
2998 2500
2999 2500
3000 2500
3001 2500
3002 2500
3003 2500
3004 2500
3005 2500
3006 2500
3007 2500
3008 2500
3009 2500
3010 2500
3011 2500
3012 2500
3013 2500
3014 2500
3015 2500
3016 2500
3017 2500
3018 2500
3019 2500
3020 2500
3021 2500
3022 2500
3023 2500
3024 2504
3025 2499
3026 2500
3027 2500
3028 2500
3029 2500
3030 2499
3031 2499
3032 2499
3033 2499
3034 2499
3035 2500
3036 2500
3037 2500
3038 2500
3039 2500
3040 2500
3041 2500
3042 2500
3043 2500
3044 2500
3045 2500
3046 2500
3047 2499
3048 2499
3049 2498
3050 2499
3051 2499
3052 2499
3053 2500
3054 2501
3055 2500
3056 2500
3057 2500
3058 2500
3059 2500
3060 2500
3061 2500
3062 2500
3063 2500
3064 2500
3065 2500
3066 2501
3067 2500
3068 2500
3069 2500
3070 2500
3071 2500
3072 2500
3073 2500
3074 2500
3075 2500
3076 2500
3077 2500
3078 2500
3079 2500
3080 2500
3081 2500
3082 2500
3083 2500
3084 2501
3085 2500
3086 2500
3087 2500
3088 2500
3089 2500
3090 2501
3091 2501
3092 2501
3093 2500
3094 2500
3095 2500
3096 2500
3097 2500
3098 2500
3099 2500
3100 2500
3101 2500
3102 2500
3103 2500
3104 2500
3105 2500
3106 2500
3107 2500
3108 2500
3109 2500
3110 2500
3111 2500
3112 2500
3113 2500
3114 2500
3115 2500
3116 2500
3117 2500
3118 2500
3119 2500
3120 2500
3121 2500
3122 2500
3123 2500
3124 2500
3125 2500
3126 2500
3127 2500
3128 2500
3129 2500
3130 2500
3131 2500
3132 2500
3133 2500
3134 2500
3135 2500
3136 2500
3137 2500
3138 2500
3139 2500
3140 2500
3141 2500
3142 2499
3143 2500
3144 2500
3145 2500
3146 2500
3147 2500
3148 2500
3149 2500
3150 2500
3151 2500
3152 2500
3153 2500
3154 2500
3155 2500
3156 2500
3157 2500
3158 2500
3159 2500
3160 2500
3161 2500
3162 2500
3163 2500
3164 2500
3165 2499
3166 2500
3167 2500
3168 2500
3169 2500
3170 2500
3171 2500
3172 2500
3173 2500
3174 2500
3175 2500
3176 2499
3177 2500
3178 2500
3179 2500
3180 2500
3181 2500
3182 2500
3183 2500
3184 2500
3185 2500
3186 2500
3187 2500
3188 2500
3189 2499
3190 2500
3191 2500
3192 2500
3193 2499
3194 2500
3195 2500
3196 2500
3197 2499
3198 2500
3199 2500
3200 2500
3201 2500
3202 2500
3203 2500
3204 2500
3205 2500
3206 2500
3207 2500
3208 2500
3209 2500
3210 2500
3211 2500
3212 2500
3213 2500
3214 2500
3215 2501
3216 2501
3217 2501
3218 2500
3219 2500
3220 2500
3221 2499
3222 2500
3223 2500
3224 2500
3225 2500
3226 2500
3227 2500
3228 2500
3229 2500
3230 2500
3231 2500
3232 2500
3233 2500
3234 2500
3235 2500
3236 2500
3237 2500
3238 2500
3239 2500
3240 2500
3241 2500
3242 2501
3243 2500
3244 2500
3245 2501
3246 2500
3247 2500
3248 2500
3249 2500
3250 2500
3251 2501
3252 2501
3253 2500
3254 2501
3255 2500
3256 2501
3257 2501
3258 2501
3259 2501
3260 2501
3261 2501
3262 2501
3263 2501
3264 2501
3265 2501
3266 2501
3267 2501
3268 2501
3269 2501
3270 2501
3271 2501
3272 2501
3273 2501
3274 2501
3275 2501
3276 2501
3277 2501
3278 2501
3279 2501
3280 2501
3281 2501
3282 2501
3283 2501
3284 2501
3285 2501
3286 2501
3287 2501
3288 2501
3289 2501
3290 2501
3291 2501
3292 2501
3293 2501
3294 2501
3295 2501
3296 2501
3297 2502
3298 2501
3299 2501
3300 2501
3301 2501
3302 2501
3303 2501
3304 2502
3305 2501
3306 2501
3307 2501
3308 2501
3309 2501
3310 2501
3311 2501
3312 2501
3313 2501
3314 2501
3315 2501
3316 2501
3317 2501
3318 2501
3319 2501
3320 2501
3321 2502
3322 2501
3323 2502
3324 2501
3325 2501
3326 2501
3327 2501
3328 2502
3329 2501
3330 2501
3331 2501
3332 2501
3333 2502
3334 2501
3335 2502
3336 2505
3337 2504
3338 2501
3339 2501
3340 2501
3341 2502
3342 2502
3343 2502
3344 2502
3345 2501
3346 2502
3347 2502
3348 2502
3349 2502
3350 2502
3351 2502
3352 2502
3353 2502
3354 2502
3355 2502
3356 2502
3357 2503
3358 2502
3359 2502
3360 2502
3361 2502
3362 2502
3363 2503
3364 2503
3365 2503
3366 2503
3367 2504
3368 2503
3369 2503
3370 2503
3371 2503
3372 2503
3373 2502
3374 2502
3375 2503
3376 2503
3377 2503
3378 2503
3379 2503
3380 2503
3381 2503
3382 2503
3383 2503
3384 2503
3385 2503
3386 2503
3387 2503
3388 2503
3389 2503
3390 2503
3391 2503
3392 2503
3393 2503
3394 2503
3395 2503
3396 2503
3397 2503
3398 2503
3399 2503
3400 2503
3401 2503
3402 2503
3403 2503
3404 2503
3405 2503
3406 2503
3407 2503
3408 2503
3409 2503
3410 2503
3411 2504
3412 2504
3413 2503
3414 2503
3415 2503
3416 2503
3417 2503
3418 2503
3419 2503
3420 2503
3421 2503
3422 2503
3423 2503
3424 2503
3425 2503
3426 2503
3427 2503
3428 2503
3429 2503
3430 2503
3431 2503
3432 2503
3433 2502
3434 2502
3435 2502
3436 2502
3437 2502
3438 2502
3439 2502
3440 2502
3441 2502
3442 2502
3443 2502
3444 2502
3445 2503
3446 2502
3447 2503
3448 2503
3449 2503
3450 2502
3451 2502
3452 2502
3453 2502
3454 2502
3455 2502
3456 2502
3457 2502
3458 2502
3459 2502
3460 2502
3461 2502
3462 2502
3463 2502
3464 2502
3465 2502
3466 2502
3467 2502
3468 2502
3469 2502
3470 2502
3471 2503
3472 2503
3473 2503
3474 2502
3475 2503
3476 2502
3477 2502
3478 2502
3479 2502
3480 2502
3481 2502
3482 2502
3483 2502
3484 2502
3485 2502
3486 2502
3487 2502
3488 2502
3489 2502
3490 2502
3491 2503
3492 2502
3493 2503
3494 2503
3495 2503
3496 2503
3497 2503
3498 2503
3499 2503
3500 2503
3501 2503
3502 2503
3503 2503
3504 2503
3505 2503
3506 2503
3507 2503
3508 2503
3509 2503
3510 2503
3511 2503
3512 2503
3513 2503
3514 2503
3515 2503
3516 2503
3517 2503
3518 2503
3519 2503
3520 2503
3521 2503
3522 2503
3523 2503
3524 2503
3525 2503
3526 2503
3527 2503
3528 2503
3529 2503
3530 2503
3531 2503
3532 2503
3533 2503
3534 2502
3535 2503
3536 2503
3537 2503
3538 2503
3539 2503
3540 2503
3541 2503
3542 2503
3543 2503
3544 2503
3545 2503
3546 2504
3547 2504
3548 2504
3549 2504
3550 2504
3551 2504
3552 2504
3553 2504
3554 2504
3555 2504
3556 2504
3557 2504
3558 2504
3559 2504
3560 2504
3561 2504
3562 2504
3563 2504
3564 2504
3565 2504
3566 2504
3567 2504
3568 2504
3569 2504
3570 2504
3571 2504
3572 2504
3573 2504
3574 2504
3575 2504
3576 2504
3577 2504
3578 2504
3579 2504
3580 2504
3581 2504
3582 2504
3583 2504
3584 2504
3585 2504
3586 2504
3587 2504
3588 2504
3589 2504
3590 2504
3591 2504
3592 2504
3593 2504
3594 2504
3595 2503
3596 2503
3597 2503
3598 2503
3599 2503

2917 2530
2918 2544
2919 2537
2920 2539
2921 2538
2922 2538
2923 2538
2924 2538
2925 2530
2926 2530
2927 2538
2928 2537
2929 2531
2930 2537
2931 2537
2932 2537
2933 2538
2934 2538
2935 2540
2936 2544
2937 2539
2938 2538
2939 2538
2940 2540
2941 2535
2942 2538
2943 2538
2944 2539
2945 2540
2946 2539
2947 2538
2948 2539
2949 2539
2950 2539
2951 2539
2952 2540
2953 2540
2954 2539
2955 2537
2956 2540
2957 2538
2958 2539
2959 2536
2960 2539
2961 2541
2962 2540
2963 2534
2964 2545
2965 2531
2966 2538
2967 2538
2968 2539
2969 2540
2970 2542
2971 2541
2972 2539
2973 2543
2974 2538
2975 2538
2976 2537
2977 2538
2978 2537
2979 2540
2980 2535
2981 2535
2982 2538
2983 2542
2984 2538
2985 2539
2986 2545
2987 2539
2988 2538
2989 2538
2990 2539
2991 2539
2992 2534
2993 2533
2994 2539
2995 2540
2996 2537
2997 2539
2998 2539
2999 2536
3000 2539
3001 2541
3002 2543
3003 2539
3004 2539
3005 2540
3006 2539
3007 2537
3008 2539
3009 2543
3010 2540
3011 2539
3012 2539
3013 2540
3014 2532
3015 2542
3016 2538
3017 2539
3018 2538
3019 2546
3020 2539
3021 2539
3022 2539
3023 2540
3024 2540
3025 2540
3026 2541
3027 2535
3028 2540
3029 2539
3030 2539
3031 2539
3032 2543
3033 2540
3034 2538
3035 2539
3036 2538
3037 2544
3038 2540
3039 2539
3040 2539
3041 2537
3042 2538
3043 2538
3044 2537
3045 2546
3046 2532
3047 2540
3048 2546
3049 2537
3050 2538
3051 2539
3052 2545
3053 2534
3054 2532
3055 2542
3056 2539
3057 2540
3058 2535
3059 2535
3060 2535
3061 2539
3062 2539
3063 2542
3064 2539
3065 2539
3066 2539
3067 2539
3068 2539
3069 2538
3070 2539
3071 2538
3072 2538
3073 2542
3074 2532
3075 2539
3076 2543
3077 2544
3078 2538
3079 2539
3080 2538
3081 2539
3082 2539
3083 2539
3084 2539
3085 2539
3086 2538
3087 2539
3088 2538
3089 2538
3090 2540
3091 2539
3092 2542
3093 2539
3094 2540
3095 2539
3096 2539
3097 2540
3098 2541
3099 2546
3100 2539
3101 2537
3102 2541
3103 2540
3104 2540
3105 2539
3106 2538
3107 2539
3108 2535
3109 2539
3110 2539
3111 2538
3112 2537
3113 2538
3114 2538
3115 2538
3116 2538
3117 2538
3118 2538
3119 2539
3120 2540
3121 2540
3122 2538
3123 2538
3124 2538
3125 2538
3126 2538
3127 2539
3128 2538
3129 2538
3130 2538
3131 2541
3132 2540
3133 2540
3134 2538
3135 2538
3136 2537
3137 2538
3138 2539
3139 2539
3140 2539
3141 2539
3142 2544
3143 2539
3144 2538
3145 2539
3146 2539
3147 2539
3148 2539
3149 2539
3150 2539
3151 2540
3152 2539
3153 2538
3154 2539
3155 2538
3156 2539
3157 2537
3158 2541
3159 2538
3160 2538
3161 2539
3162 2539
3163 2539
3164 2539
3165 2539
3166 2539
3167 2539
3168 2539
3169 2538
3170 2539
3171 2539
3172 2539
3173 2539
3174 2539
3175 2539
3176 2539
3177 2539
3178 2539
3179 2538
3180 2539
3181 2539
3182 2537
3183 2537
3184 2538
3185 2538
3186 2538
3187 2537
3188 2538
3189 2536
3190 2534
3191 2538
3192 2539
3193 2537
3194 2538
3195 2537
3196 2539
3197 2539
3198 2536
3199 2536
3200 2537
3201 2537
3202 2535
3203 2536
3204 2536
3205 2536
3206 2536
3207 2536
3208 2535
3209 2536
3210 2536
3211 2535
3212 2536
3213 2535
3214 2536
3215 2536
3216 2535
3217 2536
3218 2536
3219 2535
3220 2535
3221 2536
3222 2536
3223 2537
3224 2536
3225 2535
3226 2534
3227 2534
3228 2535
3229 2535
3230 2535
3231 2539
3232 2533
3233 2533
3234 2534
3235 2539
3236 2534
3237 2531
3238 2534
3239 2533
3240 2537
3241 2537
3242 2538
3243 2534
3244 2533
3245 2533
3246 2532
3247 2532
3248 2534
3249 2537
3250 2533
3251 2535
3252 2535
3253 2533
3254 2538
3255 2538
3256 2533
3257 2535
3258 2532
3259 2532
3260 2530
3261 2532
3262 2538
3263 2530
3264 2526
3265 2531
3266 2532
3267 2532
3268 2531
3269 2531
3270 2531
3271 2532
3272 2532
3273 2531
3274 2531
3275 2536
3276 2530
3277 2539
3278 2531
3279 2531
3280 2526
3281 2532
3282 2533
3283 2533
3284 2533
3285 2534
3286 2531
3287 2531
3288 2531
3289 2536
3290 2538
3291 2534
3292 2531
3293 2531
3294 2524
3295 2530
3296 2531
3297 2538
3298 2532
3299 2524
3300 2531
3301 2530
3302 2534
3303 2534
3304 2529
3305 2530
3306 2530
3307 2531
3308 2524
3309 2537
3310 2535
3311 2533
3312 2531
3313 2532
3314 2532
3315 2531
3316 2531
3317 2531
3318 2532
3319 2531
3320 2531
3321 2532
3322 2532
3323 2532
3324 2536
3325 2532
3326 2531
3327 2533
3328 2529
3329 2529
3330 2523
3331 2533
3332 2532
3333 2531
3334 2531
3335 2531
3336 2532
3337 2532
3338 2533
3339 2532
3340 2527
3341 2523
3342 2531
3343 2529
3344 2530
3345 2531
3346 2532
3347 2531
3348 2523
3349 2527
3350 2531
3351 2527
3352 2530
3353 2528
3354 2530
3355 2529
3356 2530
3357 2530
3358 2529
3359 2530
3360 2530
3361 2530
3362 2529
3363 2529
3364 2530
3365 2529
3366 2529
3367 2528
3368 2528
3369 2528
3370 2530
3371 2522
3372 2536
3373 2529
3374 2522
3375 2529
3376 2530
3377 2528
3378 2532
3379 2528
3380 2526
3381 2527
3382 2528
3383 2529
3384 2529
3385 2527
3386 2528
3387 2527
3388 2527
3389 2527
3390 2526
3391 2526
3392 2526
3393 2526
3394 2529
3395 2528
3396 2528
3397 2528
3398 2528
3399 2527
3400 2528
3401 2528
3402 2528
3403 2525
3404 2523
3405 2523
3406 2524
3407 2524
3408 2524
3409 2522
3410 2524
3411 2524
3412 2525
3413 2525
3414 2524
3415 2526
3416 2526
3417 2523
3418 2523
3419 2522
3420 2524
3421 2525
3422 2525
3423 2518
3424 2524
3425 2524
3426 2523
3427 2522
3428 2522
3429 2523
3430 2523
3431 2523
3432 2524
3433 2523
3434 2523
3435 2522
3436 2522
3437 2522
3438 2521
3439 2524
3440 2521
3441 2522
3442 2521
3443 2522
3444 2520
3445 2521
3446 2520
3447 2529
3448 2521
3449 2520
3450 2520
3451 2521
3452 2521
3453 2521
3454 2521
3455 2521
3456 2521
3457 2521
3458 2520
3459 2521
3460 2521
3461 2521
3462 2521
3463 2520
3464 2520
3465 2520
3466 2520
3467 2520
3468 2521
3469 2520
3470 2524
3471 2521
3472 9999
3473 2519
3474 2519
3475 2519
3476 2519
3477 2520
3478 9999
3479 2520
3480 2519
3481 2521
3482 2521
3483 2520
3484 2520
3485 2520
3486 2521
3487 9999
3488 9999
3489 2518
3490 2518
3491 2519
3492 2523
3493 2519
3494 9999
3495 2517
3496 2519
3497 2519
3498 2519
3499 2519
3500 2519
3501 2519
3502 9999
3503 2520
3504 9999
3505 9999
3506 2519
3507 2519
3508 2519
3509 2519
3510 2519
3511 9999
3512 2518
3513 2518
3514 9999
3515 9999
3516 2519
3517 2519
3518 2518
3519 2519
3520 2519
3521 9999
3522 9999
3523 2518
3524 2518
3525 2519
3526 9999
3527 9999
3528 2516
3529 9999
3530 9999
3531 2517
3532 2516
3533 2517
3534 2518
3535 2518
3536 2517
3537 9999
3538 9999
3539 2517
3540 2517
3541 9999
3542 9999
3543 2518
3544 2517
3545 2516
3546 9999
3547 9999
3548 9999
3549 9999
3550 9999
3551 9999
3552 9999
3553 9999
3554 9999
3555 9999
3556 9999
3557 9999
3558 9999
3559 9999
3560 9999
3561 9999
3562 9999
3563 9999
3564 9999
3565 9999
3566 9999
3567 9999
3568 9999
3569 2516
3570 9999
3571 9999
3572 9999
3573 9999
3574 9999
3575 9999
3576 9999
3577 9999
3578 9999
3579 9999
3580 9999
3581 9999
3582 9999
3583 9999
3584 9999
3585 9999
3586 2518
3587 9999
3588 9999
3589 9999
3590 9999
3591 9999
3592 2520
3593 9999
3594 9999

