1149 2444
1150 2444
1151 2443
1152 2443
1153 2443
1154 2444
1155 2444
1156 2445
1157 2445
1158 2445
1159 2445
1160 2445
1161 2445
1162 2444
1163 2444
1164 2445
1165 2448
1166 2448
1167 2445
1168 2448
1169 2440
1170 2439
1171 2439
1172 2438
1173 2438
1174 2437
1175 2436
1176 2436
1177 2436
1178 2434
1179 2438
1180 2436
1181 2434
1182 2433
1183 2433
1184 2433
1185 2432
1186 2434
1187 2435
1188 2432
1189 2432
1190 2431
1191 2432
1192 2432
1193 2431
1194 2431
1195 2431
1196 2432
1197 2433
1198 2430
1199 2429
1200 2429
1201 2429
1202 2428
1203 2428
1204 2428
1205 2428
1206 2437
1207 2427
1208 2427
1209 2427
1210 2427
1211 2427
1212 2429
1213 2428
1214 2427
1215 2427
1216 2428
1217 2427
1218 2426
1219 2426
1220 2425
1221 2426
1222 2427
1223 2427
1224 2428
1225 2431
1226 2427
1227 2427
1228 2428
1229 2428
1230 2428
1231 2428
1232 2429
1233 2428
1234 2429
1235 2429
1236 2430
1237 2431
1238 2431
1239 2432
1240 2435
1241 2430
1242 2430
1243 2431
1244 2431
1245 2431
1246 2431
1247 2430
1248 2430
1249 2430
1250 2431
1251 2431
1252 2430
1253 2430
1254 2430
1255 2430
1256 2430
1257 2430
1258 2429
1259 2429
1260 2429
1261 2430
1262 2430
1263 2429
1264 2429
1265 2430
1266 2430
1267 2430
1268 2430
1269 2429
1270 2429
1271 2429
1272 2430
1273 2429
1274 2430
1275 2429
1276 2429
1277 2429
1278 2430
1279 2430
1280 2430
1281 2431
1282 2431
1283 2431
1284 2431
1285 2431
1286 2431
1287 2431
1288 2431
1289 2431
1290 2432
1291 2431
1292 2431
1293 2431
1294 2431
1295 2431
1296 2432
1297 2432
1298 2432
1299 2429
1300 2429
1301 2429
1302 2436
1303 2429
1304 2430
1305 2429
1306 2429
1307 2429
1308 2429
1309 2429
1310 2429
1311 2430
1312 2431
1313 2429
1314 2429
1315 2429
1316 2429
1317 2429
1318 2429
1319 2430
1320 2430
1321 2432
1322 2431
1323 2431
1324 2431
1325 2431
1326 2430
1327 2431
1328 2430
1329 2433
1330 2428
1331 2428
1332 2428
1333 2428
1334 2429
1335 2429
1336 2428
1337 2429
1338 2430
1339 2430
1340 2430
1341 2430
1342 2429
1343 2430
1344 2430
1345 2430
1346 2430
1347 2430
1348 2429
1349 2428
1350 2428
1351 2428
1352 2428
1353 2429
1354 2430
1355 2430
1356 2430
1357 2428
1358 2429
1359 2428
1360 2428
1361 2428
1362 2428
1363 2428
1364 2428
1365 2426
1366 2427
1367 2427
1368 2427
1369 2427
1370 2425
1371 2425
1372 2425
1373 2425
1374 2424
1375 2425
1376 2424
1377 2424
1378 2424
1379 2424
1380 2423
1381 2423
1382 2423
1383 2424
1384 2425
1385 2425
1386 2425
1387 2425
1388 2424
1389 2427
1390 2424
1391 2424
1392 2424
1393 2423
1394 2422
1395 2423
1396 2423
1397 2425
1398 2423
1399 2423
1400 2422
1401 2422
1402 2422
1403 2423
1404 2423
1405 2422
1406 2421
1407 2420
1408 2420
1409 2420
1410 2420
1411 2419
1412 2420
1413 2419
1414 2420
1415 2419
1416 2419
1417 2420
1418 2421
1419 2420
1420 2421
1421 2421
1422 2421
1423 2420
1424 2421
1425 2424
1426 2421
1427 2421
1428 2421
1429 2421
1430 2420
1431 2419
1432 2419
1433 2419
1434 2419
1435 2422
1436 2418
1437 2418
1438 2418
1439 2418
1440 2418
1441 2418
1442 2418
1443 2418
1444 2418
1445 2418
1446 2418
1447 2418
1448 2418
1449 2418
1450 2418
1451 2418
1452 2419
1453 2420
1454 2420
1455 2420
1456 2419
1457 2419
1458 2418
1459 2418
1460 2418
1461 2417
1462 2417
1463 2417
1464 2417
1465 2417
1466 2417
1467 2415
1468 2416
1469 2416
1470 2415
1471 2415
1472 2415
1473 2415
1474 2414
1475 2414
1476 2414
1477 2414
1478 2414
1479 2414
1480 2414
1481 2414
1482 2414
1483 2413
1484 2413
1485 2413
1486 2413
1487 2413
1488 2413
1489 2413
1490 2413
1491 2413
1492 2414
1493 2413
1494 2413
1495 2413
1496 2413
1497 2412
1498 2413
1499 2412
1500 2412
1501 2413
1502 2413
1503 2413
1504 2413
1505 2414
1506 2414
1507 2414
1508 2414
1509 2414
1510 2414
1511 2413
1512 2414
1513 2414
1514 2413
1515 2414
1516 2413
1517 2414
1518 2414
1519 2414
1520 2415
1521 2415
1522 2415
1523 2415
1524 2415
1525 2415
1526 2415
1527 2416
1528 2416
1529 2419
1530 2417
1531 2417
1532 2419
1533 2420
1534 2419
1535 2419
1536 2419
1537 2419
1538 2419
1539 2419
1540 2418
1541 2418
1542 2418
1543 2418
1544 2417
1545 2418
1546 2417
1547 2417
1548 2417
1549 2417
1550 2417
1551 2417
1552 2417
1553 2416
1554 2416
1555 2416
1556 2416
1557 2416
1558 2416
1559 2416
1560 2416
1561 2416
1562 2416
1563 2416
1564 2416
1565 2416
1566 2417
1567 2417
1568 2416
1569 2416
1570 2417
1571 2416
1572 2418
1573 2416
1574 2415
1575 2415
1576 2415
1577 2415
1578 2415
1579 2416
1580 2414
1581 2414
1582 2414
1583 2414
1584 2414
1585 2416
1586 2414
1587 2414
1588 2414
1589 2414
1590 2415
1591 2415
1592 2415
1593 2415
1594 2417
1595 2416
1596 2416
1597 2416
1598 2419
1599 2416
1600 2414
1601 2414
1602 2414
1603 2415
1604 2414
1605 2414
1606 2413
1607 2415
1608 2415
1609 2412
1610 2412
1611 2413
1612 2413
1613 2412
1614 2412
1615 2412
1616 2413
1617 2413
1618 2415
1619 2417
1620 2415
1621 2415
1622 2414
1623 2416
1624 2413
1625 2413
1626 2413
1627 2414
1628 2417
1629 2413
1630 2416
1631 2415
1632 2416
1633 2415
1634 2415
1635 2415
1636 2415
1637 2415
1638 2415
1639 2415
1640 2416
1641 2419
1642 2416
1643 2416
1644 2416
1645 2416
1646 2416
1647 2416
1648 2416
1649 2416
1650 2416
1651 2416
1652 2416
1653 2416
1654 2416
1655 2416
1656 2416
1657 2416
1658 2416
1659 2416
1660 2415
1661 2416
1662 2415
1663 2415
1664 2415
1665 2415
1666 2414
1667 2414
1668 2414
1669 2414
1670 2414
1671 2414
1672 2414
1673 2413
1674 2414
1675 2413
1676 2414
1677 2414
1678 2413
1679 2414
1680 2413
1681 2413
1682 2413
1683 2414
1684 2413
1685 2413
1686 2414
1687 2415
1688 2415
1689 2413
1690 2414
1691 2413
1692 2413
1693 2418
1694 2416
1695 2414
1696 2416
1697 2415
1698 2415
1699 2415
1700 2415
1701 2415
1702 2415
1703 2414
1704 2413
1705 2415
1706 2413
1707 2413
1708 2413
1709 2413
1710 2413
1711 2413
1712 2412
1713 2412
1714 2412
1715 2414
1716 2412
1717 2414
1718 2413
1719 2414
1720 2414
1721 2414
1722 2413
1723 2418
1724 2417
1725 2415
1726 2414
1727 2414
1728 2414
1729 2414
1730 2413
1731 2415
1732 2414
1733 2414
1734 2415
1735 2414
1736 2417
1737 2415
1738 2415
1739 2417
1740 2416
1741 2420
1742 2415
1743 2416
1744 2416
1745 2416
1746 2415
1747 2421
1748 2416
1749 2416
1750 2416
1751 2416
1752 2417
1753 2417
1754 2416
1755 2416
1756 2416
1757 2416
1758 2417
1759 2417
1760 2415
1761 2417
1762 2417
1763 2417
1764 2417
1765 2417
1766 2417
1767 2418
1768 2416
1769 2417
1770 2416
1771 2416
1772 2416
1773 2415
1774 2416
1775 2416
1776 2416
1777 2418
1778 2418
1779 2419
1780 2418
1781 2417
1782 2418
1783 2417
1784 2417
1785 2417
1786 2417
1787 2417
1788 2417
1789 2417
1790 2418
1791 2418
1792 2418
1793 2419
1794 2419
1795 2418
1796 2418
1797 2419
1798 2421
1799 2421
1800 2420
1801 2420
1802 2426
1803 2420
1804 2420
1805 2420
1806 2420
1807 2420
1808 2420
1809 2418
1810 2430
1811 2431
1812 2422
1813 2431
1814 2422
1815 2421
1816 2421
1817 2421
1818 2421
1819 2423
1820 2423
1821 2420
1822 2423
1823 2421
1824 2422
1825 2422
1826 2422
1827 2421
1828 2421
1829 2421
1830 2421
1831 2421
1832 2421
1833 2421
1834 2421
1835 2421
1836 2421
1837 2421
1838 2421
1839 2421
1840 2422
1841 2421
1842 2421
1843 2421
1844 2421
1845 2422
1846 2421
1847 2422
1848 2424
1849 2412
1850 2412
1851 2412
1852 2412
1853 2411
1854 2420
1855 2431
1856 2415
1857 2412
1858 2414
1859 2413
1860 2413
1861 2415
1862 2416
1863 2417
1864 2418
1865 2421
1866 2421
1867 2421
1868 2421
1869 2421
1870 2422
1871 2422
1872 2422
1873 2424
1874 2416
1875 2410
1876 2410
1877 2410
1878 2410
1879 2416
1880 2417
1881 2417
1882 2412
1883 2414
1884 2411
1885 2410
1886 2410
1887 2410
1888 2411
1889 2411
1890 2409
1891 2409
1892 2412
1893 2412
1894 2409
1895 2412
1896 2409
1897 2409
1898 2409
1899 2410
1900 2408
1901 2407
1902 2408
1903 2407
1904 2408
1905 2407
1906 2408
1907 2407
1908 2407
1909 2414
1910 2408
1911 2408
1912 2407
1913 2409
1914 2409
1915 2409
1916 2408
1917 2405
1918 2417
1919 2410
1920 2406
1921 2408
1922 2409
1923 2408
1924 2406
1925 2404
1926 2405
1927 2407
1928 2408
1929 2409
1930 2404
1931 2403
1932 2403
1933 2403
1934 2408
1935 2406
1936 2410
1937 2405
1938 2405
1939 2405
1940 2405
1941 2405
1942 2405
1943 2407
1944 2408
1945 2408
1946 2405
1947 2405
1948 2411
1949 2405
1950 2405
1951 2406
1952 2406
1953 2407
1954 2407
1955 2407
1956 2406
1957 2409
1958 2407
1959 2407
1960 2409
1961 2409
1962 2409
1963 2408
1964 2409
1965 2408
1966 2409
1967 2408
1968 2408
1969 2408
1970 2408
1971 2409
1972 2408
1973 2413
1974 2409
1975 2408
1976 2408
1977 2409
1978 2409
1979 2408
1980 2408
1981 2408
1982 2408
1983 2410
1984 2410
1985 2406
1986 2406
1987 2405
1988 2406
1989 2406
1990 2406
1991 2406
1992 2406
1993 2406
1994 2406
1995 2406
1996 2405
1997 2405
1998 2404
1999 2404
2000 2404
2001 2403
2002 2403
2003 2403
2004 2403
2005 2403
2006 2404
2007 2402
2008 2402
2009 2402
2010 2402
2011 2402
2012 2402
2013 2402
2014 2402
2015 2402
2016 2402
2017 2401
2018 2401
2019 2400
2020 2400
2021 2400
2022 2400
2023 2400
2024 2400
2025 2400
2026 2400
2027 2400
2028 2400
2029 2400
2030 2400
2031 2400
2032 2401
2033 2401
2034 2400
2035 2400
2036 2400
2037 2400
2038 2401
2039 2401
2040 2401
2041 2401
2042 2401
2043 2400
2044 2401
2045 2400
2046 2400
2047 2400
2048 2400
2049 2401
2050 2400
2051 2400
2052 2401
2053 2401
2054 2400
2055 2400
2056 2400
2057 2400
2058 2400
2059 2400
2060 2400
2061 2401
2062 2400
2063 2404
2064 2401
2065 2400
2066 2400
2067 2400
2068 2400
2069 2401
2070 2401
2071 2400
2072 2402
2073 2403
2074 2400
2075 2399
2076 2404
2077 2408
2078 2400
2079 2400
2080 2403
2081 2404
2082 2401
2083 2413
2084 2404
2085 2403
2086 2402
2087 2401
2088 2401
2089 2401
2090 2401
2091 2403
2092 2401
2093 2401
2094 2400
2095 2401
2096 2401
2097 2400
2098 2401
2099 2401
2100 2402
2101 2401
2102 2402
2103 2402
2104 2402
2105 2407
2106 2403
2107 2403
2108 2402
2109 2402
2110 2402
2111 2402
2112 2405
2113 2406
2114 2408
2115 2402
2116 2402
2117 2402
2118 2402
2119 2403
2120 2402
2121 2403
2122 2403
2123 2404
2124 2403
2125 2404
2126 2407
2127 2408
2128 2404
2129 2403
2130 2402
2131 2411
2132 2405
2133 2404
2134 2405
2135 2402
2136 2402
2137 2413
2138 2402
2139 2406
2140 2413
2141 2404
2142 2402
2143 2402
2144 2402
2145 2402
2146 2402
2147 2403
2148 2403
2149 2402
2150 2402
2151 2402
2152 2403
2153 2403
2154 2404
2155 2402
2156 2402
2157 2402
2158 2403
2159 2403
2160 2403
2161 2403
2162 2403
2163 2403
2164 2403
2165 2403
2166 2413
2167 2413
2168 2403
2169 2403
2170 2404
2171 2404
2172 2404
2173 2404
2174 2404
2175 2405
2176 2412
2177 2412
2178 2405
2179 2405
2180 2405
2181 2408
2182 2405
2183 2405
2184 2406
2185 2405
2186 2406
2187 2409
2188 2408
2189 2407
2190 2406
2191 2407
2192 2411
2193 2407
2194 2411
2195 2409
2196 2408
2197 2408
2198 2408
2199 2406
2200 2407
2201 2413
2202 2408
2203 2409
2204 2409
2205 2410
2206 2408
2207 2409
2208 2409
2209 2409
2210 2409
2211 2410
2212 2410
2213 2410
2214 2408
2215 2408
2216 2408
2217 2409
2218 2409
2219 2409
2220 2408
2221 2409
2222 2408
2223 2408
2224 2411
2225 2408
2226 2410
2227 2408
2228 2408
2229 2409
2230 2408
2231 2409
2232 2409
2233 2409
2234 2409
2235 2409
2236 2409
2237 2409
2238 2411
2239 2410
2240 2409
2241 2409
2242 2409
2243 2408
2244 2409
2245 2409
2246 2408
2247 2411
2248 2410
2249 2410
2250 2409
2251 2412
2252 2409
2253 2411
2254 2411
2255 2409
2256 2413
2257 2413
2258 2419
2259 2417
2260 2406
2261 2407
2262 2410
2263 2407
2264 2406
2265 2406
2266 2408
2267 2407
2268 2406
2269 2407
2270 2406
2271 2409
2272 2407
2273 2407
2274 2406
2275 2405
2276 2406
2277 2407
2278 2408
2279 2408
2280 2408
2281 2408
2282 2408
2283 2409
2284 2409
2285 2408
2286 2408
2287 2409
2288 2409
2289 2408
2290 2408
2291 2408
2292 2407
2293 2410
2294 2406
2295 2410
2296 2405
2297 2405
2298 2404
2299 2404
2300 2409
2301 2405
2302 2404
2303 2407
2304 2405
2305 2413
2306 2404
2307 2407
2308 2403
2309 2403
2310 2404
2311 2403
2312 2405
2313 2405
2314 2405
2315 2404
2316 2411
2317 2411
2318 2411
2319 2411
2320 2411
2321 2404
2322 2411
2323 2411
2324 2406
2325 2405
2326 2405
2327 2412
2328 2406
2329 2412
2330 2410
2331 2410
2332 2408
2333 2408
2334 2409
2335 2414
2336 2412
2337 2409
2338 2410
2339 2415
2340 2408
2341 2408
2342 2408
2343 2408
2344 2408
2345 2413
2346 2408
2347 2413
2348 2413
2349 2412
2350 2409
2351 2409
2352 2415
2353 2419
2354 2414
2355 2414
2356 2411
2357 2411
2358 2410
2359 2411
2360 2411
2361 2410
2362 2410
2363 2410
2364 2410
2365 2410
2366 2411
2367 2410
2368 2415
2369 2409
2370 2408
2371 2408
2372 2408
2373 2410
2374 2408
2375 2407
2376 2414
2377 2409
2378 2408
2379 2408
2380 2415
2381 2411
2382 2413
2383 2415
2384 2408
2385 2409
2386 2408
2387 2408
2388 2418
2389 2415
2390 2415
2391 2407
2392 2407
2393 2406
2394 2406
2395 2412
2396 2408
2397 2410
2398 2406
2399 2406
2400 2411
2401 2406
2402 2411
2403 2405
2404 2405
2405 2406
2406 2405
2407 2405
2408 2406
2409 2405
2410 2411
2411 2406
2412 2405
2413 2405
2414 2404
2415 2410
2416 2408
2417 2408
2418 2406
2419 2405
2420 2404
2421 2404
2422 2405
2423 2404
2424 2404
2425 2404
2426 2403
2427 2403
2428 2403
2429 2402
2430 2403
2431 2403
2432 2403
2433 2408
2434 2403
2435 2402
2436 2402
2437 2407
2438 2402
2439 2403
2440 2402

