1143 2442
1144 2442
1145 2442
1146 2441
1147 2441
1148 2441
1149 2441
1150 2441
1151 2442
1152 2442
1153 2442
1154 2443
1155 2442
1156 2442
1157 2442
1158 2441
1159 2441
1160 2440
1161 2440
1162 2442
1163 2441
1164 2439
1165 2437
1166 2436
1167 2436
1168 2436
1169 2436
1170 2435
1171 2435
1172 2435
1173 2438
1174 2434
1175 2434
1176 2434
1177 2436
1178 2437
1179 2433
1180 2439
1181 2434
1182 2433
1183 2432
1184 2432
1185 2432
1186 2432
1187 2431
1188 2431
1189 2431
1190 2433
1191 2430
1192 2438
1193 2438
1194 2431
1195 2429
1196 2430
1197 2429
1198 2429
1199 2430
1200 2428
1201 2430
1202 2431
1203 2427
1204 2427
1205 2427
1206 2427
1207 2427
1208 2428
1209 2426
1210 2426
1211 2426
1212 2425
1213 2425
1214 2425
1215 2424
1216 2424
1217 2425
1218 2427
1219 2427
1220 2429
1221 2425
1222 2426
1223 2426
1224 2426
1225 2427
1226 2426
1227 2427
1228 2427
1229 2427
1230 2428
1231 2429
1232 2429
1233 2430
1234 2430
1235 2431
1236 2430
1237 2429
1238 2429
1239 2429
1240 2429
1241 2429
1242 2429
1243 2429
1244 2428
1245 2428
1246 2429
1247 2428
1248 2429
1249 2428
1250 2428
1251 2428
1252 2428
1253 2427
1254 2428
1255 2428
1256 2427
1257 2428
1258 2428
1259 2428
1260 2427
1261 2429
1262 2429
1263 2428
1264 2428
1265 2428
1266 2427
1267 2428
1268 2428
1269 2428
1270 2428
1271 2428
1272 2427
1273 2428
1274 2429
1275 2429
1276 2429
1277 2429
1278 2429
1279 2429
1280 2430
1281 2429
1282 2430
1283 2429
1284 2429
1285 2430
1286 2430
1287 2430
1288 2429
1289 2430
1290 2430
1291 2430
1292 2430
1293 2430
1294 2428
1295 2428
1296 2428
1297 2427
1298 2427
1299 2428
1300 2427
1301 2428
1302 2428
1303 2428
1304 2428
1305 2427
1306 2429
1307 2429
1308 2430
1309 2427
1310 2427
1311 2427
1312 2427
1313 2428
1314 2428
1315 2428
1316 2429
1317 2430
1318 2429
1319 2429
1320 2429
1321 2429
1322 2428
1323 2431
1324 2427
1325 2427
1326 2426
1327 2426
1328 2426
1329 2427
1330 2427
1331 2427
1332 2427
1333 2427
1334 2428
1335 2428
1336 2428
1337 2428
1338 2429
1339 2429
1340 2428
1341 2428
1342 2428
1343 2428
1344 2428
1345 2427
1346 2427
1347 2427
1348 2427
1349 2428
1350 2427
1351 2427
1352 2426
1353 2426
1354 2427
1355 2426
1356 2426
1357 2432
1358 2425
1359 2425
1360 2427
1361 2425
1362 2425
1363 2425
1364 2425
1365 2424
1366 2424
1367 2424
1368 2425
1369 2422
1370 2423
1371 2424
1372 2422
1373 2422
1374 2422
1375 2421
1376 2422
1377 2422
1378 2423
1379 2423
1380 2423
1381 2423
1382 2423
1383 2425
1384 2425
1385 2422
1386 2422
1387 2422
1388 2421
1389 2421
1390 2421
1391 2422
1392 2422
1393 2421
1394 2423
1395 2420
1396 2420
1397 2419
1398 2419
1399 2420
1400 2422
1401 2418
1402 2417
1403 2418
1404 2417
1405 2417
1406 2417
1407 2419
1408 2418
1409 2417
1410 2417
1411 2417
1412 2417
1413 2417
1414 2417
1415 2418
1416 2419
1417 2418
1418 2418
1419 2418
1420 2418
1421 2419
1422 2419
1423 2418
1424 2418
1425 2417
1426 2417
1427 2416
1428 2416
1429 2416
1430 2416
1431 2416
1432 2415
1433 2416
1434 2415
1435 2417
1436 2415
1437 2415
1438 2416
1439 2415
1440 2415
1441 2415
1442 2415
1443 2415
1444 2415
1445 2415
1446 2415
1447 2415
1448 2415
1449 2416
1450 2416
1451 2416
1452 2415
1453 2415
1454 2414
1455 2414
1456 2414
1457 2414
1458 2414
1459 2413
1460 2414
1461 2414
1462 2413
1463 2413
1464 2413
1465 2412
1466 2412
1467 2412
1468 2412
1469 2412
1470 2411
1471 2411
1472 2411
1473 2411
1474 2411
1475 2411
1476 2411
1477 2411
1478 2411
1479 2411
1480 2410
1481 2411
1482 2411
1483 2411
1484 2411
1485 2410
1486 2410
1487 2410
1488 2409
1489 2408
1490 2409
1491 2412
1492 2410
1493 2410
1494 2409
1495 2409
1496 2409
1497 2410
1498 2410
1499 2410
1500 2411
1501 2412
1502 2412
1503 2412
1504 2413
1505 2413
1506 2412
1507 2412
1508 2412
1509 2412
1510 2412
1511 2412
1512 2412
1513 2412
1514 2412
1515 2412
1516 2412
1517 2412
1518 2411
1519 2411
1520 2411
1521 2411
1522 2411
1523 2411
1524 2412
1525 2411
1526 2412
1527 2412
1528 2412
1529 2413
1530 2413
1531 2415
1532 2412
1533 2413
1534 2413
1535 2412
1536 2412
1537 2413
1538 2412
1539 2412
1540 2412
1541 2412
1542 2412
1543 2412
1544 2412
1545 2412
1546 2412
1547 2412
1548 2411
1549 2411
1550 2411
1551 2411
1552 2411
1553 2411
1554 2411
1555 2411
1556 2411
1557 2411
1558 2411
1559 2411
1560 2411
1561 2411
1562 2415
1563 2412
1564 2413
1565 2414
1566 2413
1567 2413
1568 2413
1569 2412
1570 2412
1571 2412
1572 2412
1573 2412
1574 2412
1575 2413
1576 2410
1577 2411
1578 2411
1579 2410
1580 2412
1581 2411
1582 2410
1583 2410
1584 2410
1585 2410
1586 2411
1587 2412
1588 2411
1589 2412
1590 2411
1591 2412
1592 2411
1593 2411
1594 2411
1595 2411
1596 2410
1597 2409
1598 2410
1599 2411
1600 2410
1601 2409
1602 2409
1603 2411
1604 2407
1605 2408
1606 2408
1607 2409
1608 2409
1609 2408
1610 2408
1611 2408
1612 2409
1613 2410
1614 2411
1615 2413
1616 2411
1617 2410
1618 2410
1619 2410
1620 2410
1621 2409
1622 2409
1623 2410
1624 2410
1625 2411
1626 2411
1627 2412
1628 2414
1629 2410
1630 2415
1631 2411
1632 2411
1633 2412
1634 2412
1635 2412
1636 2413
1637 2413
1638 2413
1639 2413
1640 2413
1641 2413
1642 2413
1643 2413
1644 2413
1645 2413
1646 2413
1647 2412
1648 2412
1649 2413
1650 2412
1651 2412
1652 2412
1653 2412
1654 2412
1655 2412
1656 2413
1657 2411
1658 2411
1659 2413
1660 2411
1661 2410
1662 2411
1663 2417
1664 2410
1665 2410
1666 2410
1667 2410
1668 2410
1669 2409
1670 2410
1671 2410
1672 2410
1673 2410
1674 2410
1675 2410
1676 2410
1677 2410
1678 2410
1679 2410
1680 2410
1681 2410
1682 2410
1683 2411
1684 2410
1685 2409
1686 2409
1687 2409
1688 2410
1689 2409
1690 2410
1691 2410
1692 2410
1693 2410
1694 2411
1695 2411
1696 2410
1697 2411
1698 2410
1699 2409
1700 2408
1701 2408
1702 2408
1703 2408
1704 2409
1705 2409
1706 2408
1707 2410
1708 2407
1709 2408
1710 2408
1711 2409
1712 2408
1713 2411
1714 2408
1715 2409
1716 2408
1717 2408
1718 2411
1719 2413
1720 2409
1721 2409
1722 2409
1723 2410
1724 2409
1725 2410
1726 2410
1727 2409
1728 2409
1729 2410
1730 2410
1731 2411
1732 2410
1733 2411
1734 2412
1735 2412
1736 2411
1737 2411
1738 2411
1739 2411
1740 2410
1741 2410
1742 2412
1743 2413
1744 2411
1745 2412
1746 2417
1747 2411
1748 2411
1749 2410
1750 2410
1751 2410
1752 2411
1753 2412
1754 2412
1755 2412
1756 2412
1757 2416
1758 2412
1759 2412
1760 2412
1761 2412
1762 2413
1763 2412
1764 2412
1765 2412
1766 2412
1767 2411
1768 2411
1769 2411
1770 2411
1771 2412
1772 2412
1773 2414
1774 2415
1775 2413
1776 2413
1777 2413
1778 2412
1779 2412
1780 2412
1781 2412
1782 2412
1783 2413
1784 2412
1785 2413
1786 2414
1787 2413
1788 2414
1789 2415
1790 2414
1791 2414
1792 2414
1793 2418
1794 2416
1795 2415
1796 2415
1797 2416
1798 2415
1799 2416
1800 2416
1801 2416
1802 2416
1803 2416
1804 2415
1805 2414
1806 2420
1807 2428
1808 2428
1809 2414
1810 2417
1811 2417
1812 2417
1813 2417
1814 2417
1815 2417
1816 2417
1817 2417
1818 2418
1819 2418
1820 2417
1821 2418
1822 2417
1823 2418
1824 2418
1825 2418
1826 2418
1827 2417
1828 2417
1829 2417
1830 2417
1831 2417
1832 2417
1833 2416
1834 2417
1835 2418
1836 2417
1837 2417
1838 2417
1839 2417
1840 2417
1841 2417
1842 2417
1843 2417
1844 2417
1845 2416
1846 2407
1847 2410
1848 2408
1849 2405
1850 2415
1851 2411
1852 2408
1853 2409
1854 2409
1855 2416
1856 2411
1857 2410
1858 2414
1859 2416
1860 2416
1861 2416
1862 2416
1863 2417
1864 2417
1865 2417
1866 2417
1867 2417
1868 2418
1869 2418
1870 2412
1871 2402
1872 2402
1873 2401
1874 2401
1875 2402
1876 2406
1877 2407
1878 2410
1879 2401
1880 2402
1881 2406
1882 2406
1883 2406
1884 2406
1885 2406
1886 2406
1887 2404
1888 2407
1889 2409
1890 2409
1891 2406
1892 2405
1893 2405
1894 2404
1895 2398
1896 2407
1897 2404
1898 2402
1899 2403
1900 2404
1901 2404
1902 2403
1903 2404
1904 2408
1905 2404
1906 2412
1907 2404
1908 2404
1909 2405
1910 2405
1911 2402
1912 2401
1913 2400
1914 2400
1915 2397
1916 2405
1917 2404
1918 2396
1919 2405
1920 2400
1921 2397
1922 2404
1923 2404
1924 2398
1925 2398
1926 2399
1927 2399
1928 2400
1929 2398
1930 2401
1931 2401
1932 2402
1933 2400
1934 2400
1935 2400
1936 2401
1937 2405
1938 2403
1939 2402
1940 2403
1941 2403
1942 2399
1943 2414
1944 2404
1945 2400
1946 2401
1947 2401
1948 2402
1949 2402
1950 2402
1951 2402
1952 2402
1953 2406
1954 2407
1955 2404
1956 2404
1957 2404
1958 2405
1959 2404
1960 2404
1961 2404
1962 2405
1963 2404
1964 2403
1965 2404
1966 2406
1967 2404
1968 2404
1969 2403
1970 2403
1971 2403
1972 2404
1973 2404
1974 2403
1975 2404
1976 2405
1977 2404
1978 2404
1979 2402
1980 2403
1981 2401
1982 2401
1983 2401
1984 2401
1985 2401
1986 2401
1987 2401
1988 2401
1989 2401
1990 2401
1991 2404
1992 2402
1993 2400
1994 2400
1995 2398
1996 2399
1997 2399
1998 2398
1999 2398
2000 2398
2001 2398
2002 2398
2003 2398
2004 2398
2005 2398
2006 2397
2007 2397
2008 2397
2009 2397
2010 2397
2011 2398
2012 2396
2013 2396
2014 2395
2015 2395
2016 2396
2017 2395
2018 2395
2019 2395
2020 2395
2021 2395
2022 2396
2023 2396
2024 2395
2025 2395
2026 2395
2027 2396
2028 2396
2029 2396
2030 2396
2031 2395
2032 2396
2033 2396
2034 2397
2035 2396
2036 2396
2037 2396
2038 2396
2039 2396
2040 2395
2041 2396
2042 2396
2043 2396
2044 2395
2045 2395
2046 2395
2047 2396
2048 2395
2049 2396
2050 2395
2051 2395
2052 2395
2053 2396
2054 2396
2055 2396
2056 2395
2057 2396
2058 2396
2059 2396
2060 2396
2061 2396
2062 2396
2063 2396
2064 2396
2065 2397
2066 2395
2067 2396
2068 2398
2069 2397
2070 2396
2071 2399
2072 2396
2073 2401
2074 2396
2075 2397
2076 2397
2077 2401
2078 2402
2079 2394
2080 2400
2081 2397
2082 2398
2083 2397
2084 2397
2085 2396
2086 2397
2087 2397
2088 2396
2089 2397
2090 2396
2091 2396
2092 2396
2093 2396
2094 2397
2095 2397
2096 2397
2097 2398
2098 2398
2099 2398
2100 2397
2101 2400
2102 2398
2103 2399
2104 2399
2105 2396
2106 2412
2107 2404
2108 2398
2109 2400
2110 2399
2111 2397
2112 2397
2113 2404
2114 2404
2115 2397
2116 2398
2117 2405
2118 2407
2119 2398
2120 2399
2121 2400
2122 2399
2123 2398
2124 2398
2125 2398
2126 2406
2127 2401
2128 2399
2129 2399
2130 2397
2131 2410
2132 2412
2133 2413
2134 2400
2135 2408
2136 2405
2137 2400
2138 2398
2139 2405
2140 2398
2141 2397
2142 2397
2143 2402
2144 2398
2145 2398
2146 2398
2147 2407
2148 2412
2149 2400
2150 2397
2151 2397
2152 2403
2153 2401
2154 2398
2155 2398
2156 2398
2157 2398
2158 2398
2159 2399
2160 2398
2161 2410
2162 2409
2163 2398
2164 2410
2165 2398
2166 2399
2167 2399
2168 2408
2169 2409
2170 2408
2171 2399
2172 2406
2173 2406
2174 2400
2175 2400
2176 2400
2177 2400
2178 2400
2179 2402
2180 2400
2181 2401
2182 2406
2183 2400
2184 2401
2185 2401
2186 2401
2187 2401
2188 2402
2189 2401
2190 2406
2191 2402
2192 2404
2193 2404
2194 2401
2195 2401
2196 2402
2197 2402
2198 2403
2199 2403
2200 2405
2201 2407
2202 2404
2203 2404
2204 2404
2205 2407
2206 2404
2207 2405
2208 2404
2209 2403
2210 2404
2211 2403
2212 2405
2213 2404
2214 2406
2215 2405
2216 2404
2217 2406
2218 2407
2219 2410
2220 2404
2221 2403
2222 2403
2223 2404
2224 2404
2225 2403
2226 2407
2227 2405
2228 2406
2229 2405
2230 2405
2231 2405
2232 2405
2233 2405
2234 2403
2235 2407
2236 2405
2237 2404
2238 2404
2239 2404
2240 2404
2241 2406
2242 2404
2243 2405
2244 2406
2245 2403
2246 2408
2247 2407
2248 2407
2249 2413
2250 2410
2251 2402
2252 2408
2253 2411
2254 2403
2255 2402
2256 2402
2257 2402
2258 2405
2259 2402
2260 2402
2261 2403
2262 2402
2263 2402
2264 2402
2265 2402
2266 2401
2267 2402
2268 2402
2269 2404
2270 2407
2271 2407
2272 2403
2273 2403
2274 2403
2275 2404
2276 2404
2277 2404
2278 2404
2279 2404
2280 2404
2281 2404
2282 2403
2283 2404
2284 2404
2285 2404
2286 2404
2287 2404
2288 2407
2289 2407

2012 2417
2013 2417
2014 2421
2015 2418
2016 2422
2017 2422
2018 2422
2019 2421
2020 2420
2021 2420
2022 2418
2023 2422
2024 2417
2025 2417
2026 2417
2027 2420
2028 2418
2029 2418
2030 2417
2031 2418
2032 2418
2033 2417
2034 2417
2035 2418
2036 2419
2037 2418
2038 2417
2039 2418
2040 2419
2041 2420
2042 2419
2043 2420
2044 2419
2045 2419
2046 2420
2047 2419
2048 2417
2049 2416
2050 2423
2051 2417
2052 2418
2053 2418
2054 2423
2055 2424
2056 2425
2057 2420
2058 2418
2059 2421
2060 2418
2061 2420
2062 2414
2063 2421
2064 2417
2065 2423
2066 2416
2067 2419
2068 2418
2069 2413
2070 2417
2071 2418
2072 2422
2073 2415
2074 2424
2075 2416
2076 2416
2077 2417
2078 2416
2079 2427
2080 2421
2081 2423
2082 2413
2083 2420
2084 2413
2085 2423
2086 2417
2087 2422
2088 2418
2089 2414
2090 2418
2091 2414
2092 2419
2093 2419
2094 2416
2095 2416
2096 2413
2097 2413
2098 2427
2099 2414
2100 2424
2101 2423
2102 2421
2103 2414
2104 2415
2105 2415
2106 9999
2107 9999
2108 2414

