4626 2513
4627 2512
4628 2513
4629 2513
4630 2512
4631 2512
4632 2512
4633 2513
4634 2514
4635 2515
4636 2514
4637 2514
4638 2513
4639 2513
4640 2512
4641 2512
4642 2511
4643 2512
4644 2518
4645 2510
4646 2510
4647 2511
4648 2512
4649 2517
4650 2515
4651 2512
4652 2512
4653 2513
4654 2513
4655 2514
4656 2514
4657 2514
4658 2511
4659 2511
4660 2511
4661 2513
4662 2512
4663 2514
4664 2513
4665 2512
4666 2512
4667 2512
4668 2512
4669 2513
4670 2512
4671 2512
4672 2513
4673 2513
4674 2513
4675 2511
4676 2510
4677 2512
4678 2514
4679 2512
4680 2512
4681 2511
4682 2512
4683 2512
4684 2513
4685 2514
4686 2514
4687 2513
4688 2512
4689 2513
4690 2513
4691 2514
4692 2513
4693 2513
4694 2514
4695 2514
4696 2513
4697 2513
4698 2514
4699 2515
4700 2514
4701 2515
4702 2514
4703 2518
4704 2513
4705 2512
4706 2512
4707 2513
4708 2513
4709 2516
4710 2513
4711 2514
4712 2513
4713 2513
4714 2521
4715 2523
4716 2522
4717 2523
4718 2524
4719 2517
4720 2524
4721 2512
4722 2513
4723 2513
4724 2512
4725 2513
4726 2512
4727 2512
4728 2512
4729 2511
4730 2511
4731 2511
4732 2515
4733 2511
4734 2511
4735 2511
4736 2512
4737 2512
4738 2515
4739 2514
4740 2513
4741 2513
4742 2514
4743 2514
4744 2519
4745 2514
4746 2514
4747 2519
4748 2516
4749 2515
4750 2513
4751 2512
4752 2513
4753 2514
4754 2514
4755 2515
4756 2514
4757 2514
4758 2515
4759 2517
4760 2514
4761 2514
4762 2514
4763 2513
4764 2513
4765 2514
4766 2513
4767 2513
4768 2516
4769 2518
4770 2515
4771 2515
4772 2515
4773 2518
4774 2515
4775 2514
4776 2522
4777 2521
4778 2513
4779 2514
4780 2514
4781 2514
4782 2513
4783 2518
4784 2514
4785 2522
4786 2514
4787 2516
4788 2515
4789 2514
4790 2513
4791 2514
4792 2515
4793 2514
4794 2515
4795 2514
4796 2515
4797 2515
4798 2516
4799 2515
4800 2514
4801 2515
4802 2516
4803 2516
4804 2515
4805 2522
4806 2515
4807 2515
4808 2517
4809 2514
4810 2518
4811 2521
4812 2515
4813 2515
4814 2515
4815 2514
4816 2514
4817 2514
4818 2515
4819 2515
4820 2514
4821 2514
4822 2514
4823 2514
4824 2513
4825 2514
4826 2513
4827 2514
4828 2512
4829 2515
4830 2514
4831 2514
4832 2513
4833 2513
4834 2515
4835 2514
4836 2514
4837 2514
4838 2524
4839 2513
4840 2512
4841 2512
4842 2513
4843 2515
4844 2512
4845 2514
4846 2513
4847 2515
4848 2515
4849 2515
4850 2513
4851 2513
4852 2512
4853 2512
4854 2513
4855 2513
4856 2513
4857 2513
4858 2514
4859 2512
4860 2514
4861 2513
4862 2518
4863 2513
4864 2512
4865 2514
4866 2511
4867 2516
4868 2512
4869 2512
4870 2511
4871 2511
4872 2512
4873 2512
4874 2512
4875 2511
4876 2511
4877 2511
4878 2517
4879 2513
4880 2521
4881 2512
4882 2512
4883 2512
4884 2511
4885 2511
4886 2512
4887 2512
4888 2511
4889 2511
4890 2511
4891 2511
4892 2511
4893 2510
4894 2510
4895 2511
4896 2513
4897 2510
4898 2512
4899 2511
4900 2515
4901 2511
4902 2512
4903 2510
4904 2511
4905 2511
4906 2510
4907 2509
4908 2510
4909 2510
4910 2509
4911 2510
4912 2509
4913 2510
4914 2510
4915 2510
4916 2510
4917 2510
4918 2509
4919 2510
4920 2509
4921 2516
4922 2509
4923 2510
4924 2509
4925 2510
4926 2510
4927 2511
4928 2511
4929 2510
4930 2508
4931 2512
4932 2509
4933 2509
4934 2510
4935 2511
4936 2511
4937 2509
4938 2511
4939 2510
4940 2509
4941 2508
4942 2512
4943 2512
4944 2511
4945 2513
4946 2514
4947 2510
4948 2511
4949 2510
4950 2510
4951 2510
4952 2509
4953 2514
4954 2514
4955 2509
4956 2509
4957 2512
4958 2509
4959 2515
4960 2508
4961 2513
4962 2507
4963 2508
4964 2508
4965 2507
4966 2507
4967 2508
4968 2508
4969 2508
4970 2508
4971 2512
4972 2508
4973 2508
4974 2510
4975 2509
4976 2509
4977 2509
4978 2509
4979 2509
4980 2508
4981 2513
4982 2509
4983 2508
4984 2508
4985 2509
4986 2508
4987 2509
4988 2508
4989 2509
4990 2509
4991 2514
4992 2509
4993 2515
4994 2511
4995 2514
4996 2508
4997 2508
4998 2508
4999 2508
5000 2509
5001 2509
5002 2507
5003 2508
5004 2509
5005 2509
5006 2508
5007 2508
5008 2507
5009 2508
5010 2507
5011 2507
5012 2507
5013 2506
5014 2506
5015 2504
5016 2503
5017 2502
5018 2504
5019 2505
5020 2505
5021 2506
5022 2506
5023 2506
5024 2505
5025 2500
5026 2507
5027 2505
5028 2506
5029 2500
5030 2504
5031 2500
5032 2500
5033 2507
5034 2501
5035 2506
5036 2507
5037 2501
5038 2506
5039 2501
5040 2505
5041 2503
5042 2502
5043 2502
5044 2503
5045 2503
5046 2507
5047 2503
5048 2502
5049 2504
5050 2502
5051 2502
5052 2502
5053 2501
5054 2503
5055 2504
5056 2506
5057 2502
5058 2505
5059 2502
5060 2503
5061 2503
5062 2503
5063 2503
5064 2503
5065 2503
5066 2502
5067 2501
5068 2501
5069 2501
5070 2501
5071 2501
5072 2501
5073 2500
5074 2501
5075 2502
5076 2502
5077 2501
5078 2501
5079 2501
5080 2501
5081 2503
5082 2507
5083 2507
5084 2501
5085 2507
5086 2507
5087 2502
5088 2501
5089 2507
5090 2501
5091 2502
5092 2502
5093 2502
5094 2501
5095 2501
5096 2501
5097 2502
5098 2501
5099 2501
5100 2501
5101 2501
5102 2502
5103 2501
5104 2502
5105 2502
5106 2502
5107 2502
5108 2502
5109 2501
5110 2502
5111 2502
5112 2502
5113 2502
5114 2502
5115 2502
5116 2503
5117 2502
5118 2506
5119 2501
5120 2501
5121 2501
5122 2501
5123 2501
5124 2501
5125 2501
5126 2501
5127 2501
5128 2502
5129 2502
5130 2502
5131 2502
5132 2507
5133 2506
5134 2502
5135 2501
5136 2502
5137 2503
5138 2502
5139 2501
5140 2501
5141 2501
5142 2501
5143 2500
5144 2501
5145 2505
5146 2505
5147 2501
5148 2501
5149 2500
5150 2501
5151 2502
5152 2509
5153 2502
5154 2503
5155 2501
5156 2501
5157 2501
5158 2501
5159 2501
5160 2501
5161 2501
5162 2503
5163 2503
5164 2503
5165 2503
5166 2503
5167 2502
5168 2503
5169 2503
5170 2503
5171 2503
5172 2503
5173 2503
5174 2502
5175 2502
5176 2502
5177 2501
5178 2500
5179 2501
5180 2502
5181 2502
5182 2501
5183 2501
5184 2502
5185 2500
5186 2500
5187 2501
5188 2502
5189 2500
5190 2500
5191 2503
5192 2500
5193 2501
5194 2501
5195 2501
5196 2503
5197 2500
5198 2500
5199 2499
5200 2500
5201 2503
5202 2501
5203 2499
5204 2499
5205 2500
5206 2500
5207 2499
5208 2500
5209 2501
5210 2500
5211 2500
5212 2500
5213 2505
5214 2502
5215 2500
5216 2498
5217 2500
5218 2499
5219 2501
5220 2501
5221 2499
5222 2499
5223 2499
5224 2501
5225 2501
5226 2502
5227 2502
5228 2498
5229 2503
5230 2499
5231 2499
5232 2500
5233 2500
5234 2500
5235 2500
5236 2499
5237 2499
5238 2499
5239 2499
5240 2499
5241 2499
5242 2499
5243 2499
5244 2499
5245 2498
5246 2501
5247 2498
5248 2498
5249 2498
5250 2498
5251 2498
5252 2498
5253 2497
5254 2497
5255 2502
5256 2502
5257 2507
5258 2498
5259 2498
5260 2498
5261 2498
5262 2498
5263 2498
5264 2498
5265 2499
5266 2499
5267 2498
5268 2498
5269 2499
5270 2498
5271 2498
5272 2500
5273 2497
5274 2497
5275 2498
5276 2497
5277 2498
5278 2497
5279 2501
5280 2501
5281 2497
5282 2497
5283 2498
5284 2497
5285 2500
5286 2497
5287 2498
5288 2497
5289 2497
5290 2497
5291 2497
5292 2497
5293 2497
5294 2497
5295 2497
5296 2498
5297 2497
5298 2497
5299 2497
5300 2497
5301 2497
5302 2497
5303 2497
5304 2498
5305 2498
5306 2497
5307 2498
5308 2497
5309 2497
5310 2497
5311 2497
5312 2498
5313 2498
5314 2497
5315 2498
5316 2497
5317 2498
5318 2498
5319 2498
5320 2498
5321 2498
5322 2497
5323 2497
5324 2497
5325 2497
5326 2498
5327 2497
5328 2497
5329 2497
5330 2497
5331 2498
5332 2498
5333 2497
5334 2498
5335 2497
5336 2498
5337 2501
5338 2497
5339 2497
5340 2502
5341 2498
5342 2499
5343 2498
5344 2498
5345 2503
5346 2498
5347 2499
5348 2499
5349 2498
5350 2497
5351 2498
5352 2498
5353 2498
5354 2498
5355 2498
5356 2498
5357 2498
5358 2499
5359 2499
5360 2498
5361 2500
5362 2499
5363 2498
5364 2498
5365 2498
5366 2498
5367 2499
5368 2502
5369 2498
5370 2498
5371 2498
5372 2498
5373 2502
5374 2498
5375 2498
5376 2499
5377 2502
5378 2498
5379 2498
5380 2502
5381 2498
5382 2499
5383 2498
5384 2499
5385 2499
5386 2499
5387 2499
5388 2498
5389 2499
5390 2499
5391 2499
5392 2500
5393 2499
5394 2499
5395 2498
5396 2498
5397 2498
5398 2499
5399 2501
5400 2498
5401 2498
5402 2499
5403 2500
5404 2499
5405 2500
5406 2499
5407 2499
5408 2499
5409 2499
5410 2499
5411 2499
5412 2499
5413 2498
5414 2499
5415 2499
5416 2499
5417 2499
5418 2498
5419 2499
5420 2499
5421 2498
5422 2498
5423 2498
5424 2498
5425 2499
5426 2499
5427 2499
5428 2500
5429 2498
5430 2499
5431 2499
5432 2499
5433 2499
5434 2499
5435 2498
5436 2499
5437 2499
5438 2499
5439 2499
5440 2499
5441 2498
5442 2498
5443 2499
5444 2500
5445 2501
5446 2501
5447 2498
5448 2498
5449 2498
5450 2498
5451 2500
5452 2497
5453 2501
5454 2501
5455 2500
5456 2498
5457 2498
5458 2498
5459 2498
5460 2498
5461 2498
5462 2498
5463 2498
5464 2498
5465 2498
5466 2498
5467 2498
5468 2498
5469 2498
5470 2497
5471 2498
5472 2498
5473 2498
5474 2498
5475 2498
5476 2498
5477 2497
5478 2497
5479 2497
5480 2497
5481 2497
5482 2497
5483 2498
5484 2498
5485 2497
5486 2498
5487 2497
5488 2497
5489 2497
5490 2498
5491 2498
5492 2498
5493 2497
5494 2497
5495 2497
5496 2497
5497 2497
5498 2497
5499 2497
5500 2497
5501 2498
5502 2498
5503 2498
5504 2498
5505 2498
5506 2498
5507 2497
5508 2497
5509 2497
5510 2498
5511 2498
5512 2498
5513 2497
5514 2497
5515 2500
5516 2501
5517 2498
5518 2499
5519 2502
5520 2501
5521 2501
5522 2499
5523 2501
5524 2500
5525 2499
5526 2497
5527 2497
5528 2497
5529 2497
5530 2496
5531 2496
5532 2496
5533 2496
5534 2497
5535 2496
5536 2496
5537 2496
5538 2496
5539 2496
5540 2496
5541 2496
5542 2496
5543 2496
5544 2496
5545 2496
5546 2496
5547 2496
5548 2496
5549 2496
5550 2496
5551 2496
5552 2496
5553 2496
5554 2496
5555 2496
5556 2496
5557 2496
5558 2495
5559 2495
5560 2495
5561 2495
5562 2496
5563 2495
5564 2495
5565 2495
5566 2495
5567 2496
5568 2495
5569 2496
5570 2496
5571 2495
5572 2495
5573 2495
5574 2495
5575 2495
5576 2495
5577 2495
5578 2495
5579 2495
5580 2495
5581 2495
5582 2495
5583 2495
5584 2495
5585 2495
5586 2495
5587 2495
5588 2495
5589 2495
5590 2495
5591 2495
5592 2495
5593 2495
5594 2495
5595 2494
5596 2495
5597 2495
5598 2495
5599 2495
5600 2495
5601 2495
5602 2494
5603 2494
5604 2494
5605 2494
5606 2495
5607 2495
5608 2494
5609 2494
5610 2494
5611 2494
5612 2494
5613 2495
5614 2495
5615 2494
5616 2494
5617 2494
5618 2494
5619 2494
5620 2494
5621 2494
5622 2494
5623 2494
5624 2494
5625 2494
5626 2494
5627 2494
5628 2494
5629 2494
5630 2494
5631 2494
5632 2494
5633 2494
5634 2494
5635 2493
5636 2494
5637 2493
5638 2494
5639 2494
5640 2494
5641 2505
5642 2494
5643 2494
5644 2494
5645 2494
5646 2494
5647 2494
5648 2501
5649 2494
5650 2494
5651 2494
5652 2493
5653 2494
5654 2494
5655 2493
5656 2498
5657 2494
5658 2493
5659 2494
5660 2493
5661 2493
5662 2493
5663 2493
5664 2493
5665 2493
5666 2493
5667 2493
5668 2493
5669 2493
5670 2493
5671 2493
5672 2493
5673 2493
5674 2494
5675 2494
5676 2494
5677 2494
5678 2494
5679 2493
5680 2494
5681 2493
5682 2493
5683 2493
5684 2492
5685 2493
5686 2492
5687 2492
5688 2493
5689 2494
5690 2494
5691 2493
5692 2492
5693 2495
5694 2492
5695 2493
5696 2492
5697 2493
5698 2494
5699 2493
5700 2493
5701 2493
5702 2502
5703 2494
5704 2494
5705 2493
5706 2493
5707 2493
5708 2493
5709 2493
5710 2493
5711 2492
5712 2493
5713 2492
5714 2493
5715 2492
5716 2492
5717 2492
5718 2493
5719 2492
5720 2492
5721 2492
5722 2492
5723 2492
5724 2492
5725 2492
5726 2492
5727 2492
5728 2492
5729 2492
5730 2492
5731 2491
5732 2492
5733 2491
5734 2492
5735 2491
5736 2492
5737 2491
5738 2492
5739 2491
5740 2492
5741 2491
5742 2491
5743 2491
5744 2491
5745 2491
5746 2491
5747 2491
5748 2491
5749 2491
5750 2491
5751 2491
5752 2491
5753 2491
5754 2491
5755 2491
5756 2491
5757 2491
5758 2491
5759 2491
5760 2491
5761 2491
5762 2491
5763 2491
5764 2491
5765 2491
5766 2491
5767 2491
5768 2491
5769 2491
5770 2491
5771 2491
5772 2491
5773 2491
5774 2491
5775 2491
5776 2491
5777 2491
5778 2491
5779 2491
5780 2491
5781 2491
5782 2491
5783 2491
5784 2491
5785 2491
5786 2491
5787 2491
5788 2491
5789 2491
5790 2491
5791 2491
5792 2490
5793 2490
5794 2491
5795 2490
5796 2490
5797 2490
5798 2490
5799 2490
5800 2490
5801 2490
5802 2490
5803 2490
5804 2490
5805 2490
5806 2490
5807 2490
5808 2490
5809 2490
5810 2490
5811 2490
5812 2490
5813 2490
5814 2490
5815 2490
5816 2490
5817 2490
5818 2490
5819 2490
5820 2490
5821 2490
5822 2490
5823 2490
5824 2490
5825 2490
5826 2490
5827 2490
5828 2490
5829 2490
5830 2490
5831 2490
5832 2490
5833 2490
5834 2490
5835 2490
5836 2490
5837 2489
5838 2489
5839 2489
5840 2489
5841 2489
5842 2490
5843 2490
5844 2490
5845 2489
5846 2490
5847 2490
5848 2490
5849 2490
5850 2490
5851 2490
5852 2490
5853 2490
5854 2490

5436 2520
5437 2516
5438 9999
5439 9999
5440 2520
5441 2522
5442 9999
5443 9999
5444 2513
5445 2520
5446 2517
5447 2517
5448 2511
5449 2511
5450 2512
5451 2519
5452 2518
5453 2517
5454 9999
5455 9999
5456 2518
5457 2518
5458 2513
5459 2515
5460 2520
5461 2519
5462 2523
5463 2519
5464 2518
5465 2522
5466 2519
5467 2519
5468 2518
5469 2518
5470 2520
5471 2520
5472 2525
5473 2520
5474 2521
5475 2520
5476 2514
5477 2511
5478 2519
5479 2521
5480 2524
5481 2519
5482 2519
5483 2510
5484 2519
5485 2519
5486 2515
5487 2523
5488 2519
5489 2519
5490 2523
5491 9999
5492 2519
5493 2518
5494 2523
5495 2511
5496 2519
5497 2509
5498 2509
5499 2515
5500 2514
5501 9999
5502 2517
5503 2510
5504 2517
5505 2514
5506 2516
5507 2520
5508 2519
5509 2513
5510 2517
5511 2518
5512 2524
5513 2510
5514 2511
5515 2517
5516 2523
5517 2517
5518 2516
5519 2516
5520 9999
5521 2525
5522 2513
5523 2521
5524 9999
5525 2514
5526 2511
5527 2522
5528 2513
5529 2518
5530 2517
5531 2518
5532 2518
5533 2519
5534 2518
5535 2519
5536 2520
5537 2518
5538 2517
5539 2524
5540 2519
5541 2518
5542 2519
5543 2520
5544 2523
5545 2520
5546 2520
5547 2517
5548 2525
5549 2527
5550 2519
5551 2520
5552 2521
5553 2525
5554 2517
5555 2515
5556 2515
5557 2513
5558 2513
5559 2523
5560 2525
5561 2521
5562 2521
5563 2515
5564 2527
5565 2513
5566 2521
5567 2516
5568 2516
5569 2515
5570 2524
5571 2521
5572 2522
5573 2521
5574 2522
5575 2521
5576 2515
5577 2516
5578 2521
5579 2521
5580 2522
5581 2518
5582 2521
5583 2520
5584 2525
5585 2518
5586 2522
5587 2523
5588 2520
5589 2521
5590 2522
5591 2521
5592 2522
5593 2527
5594 2514
5595 2514
5596 2519
5597 2514
5598 2514
5599 2515
5600 2517
5601 2517
5602 2517
5603 2515
5604 2524
5605 2518
5606 2514
5607 2526
5608 2525
5609 2528
5610 2522
5611 2522
5612 2521
5613 2520
5614 2520
5615 2519
5616 2523
5617 2525
5618 2515
5619 2519
5620 2517
5621 2527
5622 2529
5623 2527
5624 2515
5625 2515
5626 2529
5627 2517
5628 2527
5629 2518
5630 2527
5631 2515
5632 2515
5633 2527
5634 2522
5635 2522
5636 2520
5637 2528
5638 2520
5639 2527
5640 2518
5641 9999
5642 2525
5643 2515
5644 2515
5645 2515
5646 2515
5647 2521
5648 2516
5649 2524
5650 2521
5651 2521
5652 2515
5653 2521
5654 2520
5655 2515
5656 2514
5657 2514
5658 2523
5659 2515
5660 2516
5661 2524
5662 2515
5663 2517
5664 2513
5665 2523
5666 2520
5667 2521
5668 2514
5669 2520
5670 2520
5671 2521
5672 2520
5673 2521
5674 2521
5675 2523
5676 2524
5677 2526
5678 2519
5679 2520
5680 2512
5681 2521
5682 2521
5683 2520
5684 2512
5685 2521
5686 2524
5687 2512
5688 2511
5689 2511
5690 2514
5691 2520
5692 2522
5693 2511
5694 2521
5695 2514
5696 2520
5697 2515
5698 2522
5699 2511
5700 2520
5701 2519
5702 2521
5703 2520
5704 2516
5705 2512
5706 2513
5707 2518
5708 2512
5709 2520
5710 2513
5711 2521
5712 2526
5713 2526
5714 2514
5715 2515
5716 2514
5717 2522
5718 2523
5719 2525
5720 2521
5721 2517
5722 2522
5723 2528
5724 2528
5725 2521
5726 2514
5727 2522
5728 2522
5729 2516
5730 2526
5731 2521
5732 2521
5733 2522
5734 2521
5735 2522
5736 2522
5737 2522
5738 2521
5739 2521
5740 2518
5741 2520
5742 2521
5743 2522
5744 2522
5745 2526
5746 2518
5747 2528
5748 2522
5749 2526
5750 2525
5751 2527
5752 2522
5753 2517
5754 2520
5755 2522
5756 2523
5757 2524
5758 2523
5759 2523
5760 2524
5761 2529
5762 2524
5763 2523
5764 2524
5765 2525
5766 2523
5767 2527
5768 2529
5769 2524
5770 2525
5771 2525
5772 2524
5773 2525
5774 2524
5775 2523
5776 2524
5777 2524
5778 2526
5779 2525
5780 2524
5781 2524
5782 2525
5783 2526
5784 2526
5785 2526
5786 2524
5787 2525
5788 2523
5789 2516
5790 2515
5791 2518
5792 2520

