622 2470
623 2471
624 2472
625 2471
626 2476
627 2472
628 2473
629 2473
630 2473
631 2473
632 2473
633 2474
634 2474
635 2475
636 2475
637 2473
638 2474
639 2473
640 2474
641 2474
642 2477
643 2478
644 2477
645 2475
646 2475
647 2475
648 2475
649 2476
650 2476
651 2476
652 2476
653 2476
654 2477
655 2477
656 2477
657 2477
658 2478
659 2478
660 2478
661 2479
662 2479
663 2479
664 2480
665 2480
666 2480
667 2480
668 2481
669 2481
670 2481
671 2481
672 2481
673 2482
674 2483
675 2483
676 2482
677 2482
678 2482
679 2483
680 2484
681 2486
682 2484
683 2482
684 2481
685 2481
686 2481
687 2482
688 2482
689 2483
690 2484
691 2485
692 2486
693 2486
694 2485
695 2486
696 2486
697 2486
698 2486
699 2487
700 2486
701 2486
702 2486
703 2486
704 2487
705 2487
706 2486
707 2487
708 2487
709 2487
710 2487
711 2486
712 2490
713 2487
714 2487
715 2486
716 2486
717 2486
718 2487
719 2487
720 2487
721 2486
722 2486
723 2487
724 2486
725 2487
726 2486
727 2487
728 2487
729 2487
730 2487
731 2487
732 2487
733 2487
734 2488
735 2487
736 2488
737 2488
738 2488
739 2488
740 2488
741 2487
742 2487
743 2486
744 2486
745 2486
746 2485
747 2485
748 2485
749 2484
750 2484
751 2484
752 2484
753 2484
754 2483
755 2483
756 2484
757 2483
758 2483
759 2483
760 2483
761 2483
762 2482
763 2483
764 2483
765 2483
766 2483
767 2483
768 2482
769 2482
770 2482
771 2482
772 2482
773 2482
774 2482
775 2483
776 2485
777 2482
778 2485
779 2483
780 2482
781 2481
782 2481
783 2480
784 2480
785 2480
786 2480
787 2480
788 2480
789 2480
790 2480
791 2479
792 2479
793 2479
794 2479
795 2479
796 2479
797 2479
798 2479
799 2479
800 2479
801 2479
802 2479
803 2478
804 2478
805 2477
806 2478
807 2478
808 2478
809 2481
810 2479
811 2479
812 2479
813 2479
814 2478
815 2479
816 2478
817 2478
818 2478
819 2478
820 2478
821 2478
822 2478
823 2478
824 2478
825 2478
826 2478
827 2479
828 2478
829 2479
830 2479
831 2479
832 2479
833 2479
834 2481
835 2486
836 2480
837 2479
838 2479
839 2479
840 2483
841 2481
842 2484
843 2480
844 2481
845 2480
846 2479
847 2481
848 2480
849 2480
850 2480
851 2480
852 2480
853 2482
854 2479
855 2478
856 2479
857 2478
858 2478
859 2478
860 2478
861 2478
862 2477
863 2478
864 2477
865 2478
866 2477
867 2476
868 2475
869 2476
870 2476
871 2475
872 2478
873 2475
874 2476
875 2475
876 2475
877 2475
878 2475
879 2475
880 2475
881 2475
882 2476
883 2475
884 2475
885 2475
886 2475
887 2475
888 2474
889 2474
890 2474
891 2474
892 2473
893 2473
894 2473
895 2473
896 2473
897 2473
898 2473
899 2473
900 2473
901 2473
902 2474
903 2475
904 2475
905 2476
906 2475
907 2475
908 2475
909 2475
910 2475
911 2475
912 2475
913 2475
914 2475
915 2476
916 2476
917 2476
918 2476
919 2476
920 2476
921 2476
922 2476
923 2476
924 2476
925 2476
926 2478
927 2479
928 2477
929 2477
930 2477
931 2477
932 2477
933 2477
934 2477
935 2477
936 2477
937 2478
938 2487
939 2476
940 2483
941 2474
942 2474
943 2474
944 2474
945 2474
946 2474
947 2474
948 2473
949 2473
950 2473
951 2473
952 2473
953 2473
954 2473
955 2473
956 2473
957 2473
958 2473
959 2474
960 2474
961 2474
962 2475
963 2476
964 2476
965 2476
966 2475
967 2476
968 2476
969 2475
970 2475
971 2475
972 2475
973 2484
974 2476
975 2475
976 2475
977 2475
978 2475
979 2475
980 2475
981 2475
982 2475
983 2476
984 2477
985 2478
986 2478
987 2478
988 2477
989 2477
990 2477
991 2477
992 2477
993 2476
994 2478
995 2477
996 2476
997 2476
998 2476
999 2476
1000 2476
1001 2476
1002 2476
1003 2476
1004 2475
1005 2476
1006 2475
1007 2476
1008 2476
1009 2475
1010 2475
1011 2476
1012 2476
1013 2476
1014 2476
1015 2476
1016 2476
1017 2477
1018 2477
1019 2476
1020 2477
1021 2477
1022 2477
1023 2477
1024 2477
1025 2477
1026 2477
1027 2477
1028 2476
1029 2476
1030 2474
1031 2475
1032 2475
1033 2474
1034 2475
1035 2474
1036 2474
1037 2474
1038 2474
1039 2474
1040 2474
1041 2474
1042 2474
1043 2474
1044 2474
1045 2473
1046 2473
1047 2473
1048 2473
1049 2473
1050 2473
1051 2473
1052 2474
1053 2473
1054 2473
1055 2473
1056 2473
1057 2473
1058 2473
1059 2472
1060 2473
1061 2473
1062 2473
1063 2473
1064 2473
1065 2473
1066 2473
1067 2473
1068 2473
1069 2472
1070 2473
1071 2472
1072 2472
1073 2472
1074 2472
1075 2472
1076 2472
1077 2472
1078 2473
1079 2474
1080 2474
1081 2473
1082 2473
1083 2472
1084 2472
1085 2472
1086 2471
1087 2471
1088 2470
1089 2470
1090 2470
1091 2471
1092 2470
1093 2471
1094 2471
1095 2470
1096 2470
1097 2470
1098 2470
1099 2470
1100 2470
1101 2470
1102 2470
1103 2470
1104 2470
1105 2470
1106 2469
1107 2469
1108 2469
1109 2469
1110 2468
1111 2468
1112 2468
1113 2468
1114 2468
1115 2468
1116 2467
1117 2467
1118 2468
1119 2468
1120 2468
1121 2470
1122 2470
1123 2468
1124 2467
1125 2467
1126 2466
1127 2466
1128 2466
1129 2466
1130 2466
1131 2466
1132 2466
1133 2466
1134 2466
1135 2466
1136 2466
1137 2466
1138 2466
1139 2466
1140 2466
1141 2466
1142 2465
1143 2465
1144 2466
1145 2465
1146 2465
1147 2465
1148 2465
1149 2465
1150 2465
1151 2465
1152 2465
1153 2465
1154 2465
1155 2465
1156 2465
1157 2465
1158 2465
1159 2464
1160 2464
1161 2464
1162 2464
1163 2464
1164 2464
1165 2463
1166 2463
1167 2463
1168 2463
1169 2463
1170 2462
1171 2462
1172 2462
1173 2462
1174 2462
1175 2461
1176 2461
1177 2462
1178 2462
1179 2461
1180 2461
1181 2462
1182 2462
1183 2461
1184 2461
1185 2461
1186 2460
1187 2460
1188 2460
1189 2460
1190 2460
1191 2460
1192 2459
1193 2460
1194 2460
1195 2460
1196 2460
1197 2460
1198 2461
1199 2459
1200 2460
1201 2459
1202 2458
1203 2458
1204 2458
1205 2458
1206 2459
1207 2458
1208 2458
1209 2458
1210 2458
1211 2458
1212 2457
1213 2457
1214 2457
1215 2457
1216 2456
1217 2456
1218 2455
1219 2455
1220 2456
1221 2456
1222 2458
1223 2457
1224 2456
1225 2457
1226 2454
1227 2453
1228 2453
1229 2453
1230 2453
1231 2452
1232 2452
1233 2452
1234 2452
1235 2455
1236 2454
1237 2452
1238 2452
1239 2453
1240 2454
1241 2457
1242 2456
1243 2456
1244 2451
1245 2451
1246 2450
1247 2450
1248 2450
1249 2450
1250 2450
1251 2450
1252 2449
1253 2450
1254 2449
1255 2449
1256 2450
1257 2449
1258 2448
1259 2449
1260 2449
1261 2449
1262 2448
1263 2448
1264 2448
1265 2448
1266 2448
1267 2448
1268 2447
1269 2446
1270 2446
1271 2445
1272 2445
1273 2445
1274 2445
1275 2445
1276 2445
1277 2445
1278 2445
1279 2445
1280 2445
1281 2445
1282 2445
1283 2445
1284 2445
1285 2445
1286 2444
1287 2443
1288 2443
1289 2443
1290 2443
1291 2442
1292 2442
1293 2442
1294 2442
1295 2442
1296 2442
1297 2442
1298 2442
1299 2442
1300 2442
1301 2442
1302 2441
1303 2441
1304 2441
1305 2441
1306 2440
1307 2441
1308 2441
1309 2440
1310 2441
1311 2441
1312 2440
1313 2440
1314 2438
1315 2438
1316 2438
1317 2438
1318 2438
1319 2438
1320 2438
1321 2438
1322 2436
1323 2440
1324 2436
1325 2436
1326 2436
1327 2436
1328 2436
1329 2436
1330 2436
1331 2436
1332 2436
1333 2436
1334 2436
1335 2436
1336 2436
1337 2435
1338 2435
1339 2435
1340 2435
1341 2435
1342 2435
1343 2435
1344 2435
1345 2434
1346 2434
1347 2434
1348 2434
1349 2434
1350 2433
1351 2434
1352 2433
1353 2434
1354 2433
1355 2436
1356 2433
1357 2432
1358 2432
1359 2431
1360 2431
1361 2431
1362 2431
1363 2431
1364 2431
1365 2430
1366 2430
1367 2430
1368 2430
1369 2430
1370 2430
1371 2430
1372 2430
1373 2430
1374 2430
1375 2430
1376 2431
1377 2431
1378 2431
1379 2431
1380 2431
1381 2431
1382 2431
1383 2430
1384 2430
1385 2430
1386 2430
1387 2430
1388 2430
1389 2431
1390 2431
1391 2430
1392 2430
1393 2432
1394 2431
1395 2431
1396 2430
1397 2430
1398 2432
1399 2434
1400 2433
1401 2429
1402 2429
1403 2429
1404 2428
1405 2429
1406 2428
1407 2428
1408 2428
1409 2427
1410 2427
1411 2427
1412 2427
1413 2427
1414 2427
1415 2427
1416 2427
1417 2426
1418 2426
1419 2426
1420 2426
1421 2426
1422 2426
1423 2426
1424 2426
1425 2426
1426 2426
1427 2426
1428 2426
1429 2426
1430 2426
1431 2425
1432 2426
1433 2426
1434 2426
1435 2426
1436 2426
1437 2426
1438 2426
1439 2426
1440 2426
1441 2426
1442 2426
1443 2426
1444 2426
1445 2426
1446 2426
1447 2426
1448 2426
1449 2425
1450 2426
1451 2426
1452 2426
1453 2426
1454 2425
1455 2425
1456 2425
1457 2426
1458 2426
1459 2430
1460 2426
1461 2428
1462 2429
1463 2429
1464 2429
1465 2431
1466 2433
1467 2433
1468 2434
1469 2432
1470 2432
1471 2433
1472 2432
1473 2432
1474 2432
1475 2432
1476 2432
1477 2433
1478 2433
1479 2433
1480 2433
1481 2433
1482 2433
1483 2433
1484 2433
1485 2432
1486 2432
1487 2432
1488 2432
1489 2432
1490 2432
1491 2432
1492 2431
1493 2432
1494 2432
1495 2432
1496 2432
1497 2431
1498 2431
1499 2431
1500 2431
1501 2431
1502 2431
1503 2431
1504 2431
1505 2431
1506 2431
1507 2431
1508 2431
1509 2431
1510 2431
1511 2432
1512 2432
1513 2432
1514 2432
1515 2432
1516 2432
1517 2431
1518 2431
1519 2431
1520 2431
1521 2431
1522 2430
1523 2430
1524 2429
1525 2429
1526 2428
1527 2428
1528 2426
1529 2426
1530 2426
1531 2426
1532 2426
1533 2426
1534 2425
1535 2425
1536 2425
1537 2425
1538 2426
1539 2426
1540 2426
1541 2426
1542 2425
1543 2424
1544 2424
1545 2424
1546 2425
1547 2425
1548 2425
1549 2426
1550 2426
1551 2425
1552 2425
1553 2425
1554 2424
1555 2425
1556 2424
1557 2425
1558 2424
1559 2424
1560 2424
1561 2422
1562 2423
1563 2424
1564 2424
1565 2424
1566 2425
1567 2425
1568 2426
1569 2425
1570 2426
1571 2426
1572 2426
1573 2425
1574 2426
1575 2426
1576 2426
1577 2426
1578 2428
1579 2427
1580 2427
1581 2426
1582 2425
1583 2425
1584 2425
1585 2425
1586 2425
1587 2424
1588 2424
1589 2425
1590 2424
1591 2424
1592 2424
1593 2424
1594 2424
1595 2424
1596 2423
1597 2423
1598 2423
1599 2423
1600 2422
1601 2422
1602 2421
1603 2424
1604 2420
1605 2421
1606 2422
1607 2421
1608 2422
1609 2423
1610 2423
1611 2423
1612 2423
1613 2424
1614 2424
1615 2424
1616 2423
1617 2423
1618 2423
1619 2422
1620 2422
1621 2422
1622 2422
1623 2422
1624 2422
1625 2422
1626 2422
1627 2422
1628 2422
1629 2422
1630 2422
1631 2421
1632 2422
1633 2422
1634 2422
1635 2422
1636 2422
1637 2421
1638 2422
1639 2422
1640 2422
1641 2422
1642 2422
1643 2422
1644 2422
1645 2421
1646 2421
1647 2421
1648 2421
1649 2421
1650 2421
1651 2421
1652 2421
1653 2419
1654 2423
1655 2420
1656 2420
1657 2421
1658 2421
1659 2420
1660 2420
1661 2420
1662 2419
1663 2420
1664 2420
1665 2420
1666 2420
1667 2420
1668 2421
1669 2419
1670 2419
1671 2422
1672 2419
1673 2419
1674 2419
1675 2419
1676 2420
1677 2419
1678 2418
1679 2419
1680 2419
1681 2422
1682 2420
1683 2419
1684 2419
1685 2418
1686 2419
1687 2418
1688 2418
1689 2419
1690 2418
1691 2418
1692 2418
1693 2417
1694 2417
1695 2417
1696 2417
1697 2417
1698 2417
1699 2417
1700 2416
1701 2416
1702 2416
1703 2416
1704 2416
1705 2416
1706 2416
1707 2416
1708 2416
1709 2416
1710 2416
1711 2424
1712 2420
1713 2420
1714 2424
1715 2420
1716 2421
1717 2419
1718 2414
1719 2414
1720 2414
1721 2415
1722 2415
1723 2414
1724 2414
1725 2414
1726 2414
1727 2418
1728 2413
1729 2413
1730 2413
1731 2413
1732 2413
1733 2413
1734 2414
1735 2413
1736 2414
1737 2414
1738 2415
1739 2414
1740 2413
1741 2414
1742 2414
1743 2417
1744 2413
1745 2413
1746 2414
1747 2415
1748 2413
1749 2413
1750 2414
1751 2413
1752 2413
1753 2413
1754 2414
1755 2414
1756 2415
1757 2417
1758 2414
1759 2413
1760 2414
1761 2414
1762 2413
1763 2413
1764 2413
1765 2413
1766 2413
1767 2413
1768 2412
1769 2417
1770 2414
1771 2413
1772 2413
1773 2413
1774 2413
1775 2413
1776 2413
1777 2413
1778 2412
1779 2413
1780 2413
1781 2412
1782 2412
1783 2412
1784 2412
1785 2412
1786 2412
1787 2412
1788 2412
1789 2412
1790 2412
1791 2411
1792 2412
1793 2412
1794 2412
1795 2412
1796 2412
1797 2412
1798 2414
1799 2412
1800 2411
1801 2412
1802 2411
1803 2412
1804 2412
1805 2412
1806 2412
1807 2412
1808 2412
1809 2411
1810 2412
1811 2412
1812 2412
1813 2412
1814 2412
1815 2412
1816 2413
1817 2412
1818 2412
1819 2412
1820 2412
1821 2412
1822 2412
1823 2412
1824 2412
1825 2412
1826 2412
1827 2413
1828 2412
1829 2412
1830 2412
1831 2412
1832 2413
1833 2412
1834 2412
1835 2412
1836 2412
1837 2413
1838 2412
1839 2412
1840 2412
1841 2413
1842 2413
1843 2417
1844 2417
1845 2413
1846 2413
1847 2413
1848 2413
1849 2413
1850 2413
1851 2413
1852 2412
1853 2412
1854 2412
1855 2413
1856 2412
1857 2412
1858 2413
1859 2412
1860 2412
1861 2413
1862 2412
1863 2413
1864 2413
1865 2413
1866 2412
1867 2413
1868 2413
1869 2412
1870 2412
1871 2412
1872 2412
1873 2412
1874 2412
1875 2412
1876 2412
1877 2413
1878 2413
1879 2412
1880 2412
1881 2412
1882 2412
1883 2411
1884 2412
1885 2412
1886 2412
1887 2411
1888 2412
1889 2412
1890 2411
1891 2416
1892 2411
1893 2412
1894 2412
1895 2411
1896 2412
1897 2411
1898 2411
1899 2410
1900 2415
1901 2412
1902 2411
1903 2411
1904 2412
1905 2411
1906 2411
1907 2411
1908 2411
1909 2411
1910 2412
1911 2411
1912 2411
1913 2411
1914 2411
1915 2411
1916 2411
1917 2411
1918 2411
1919 2411
1920 2411
1921 2411
1922 2411
1923 2412
1924 2411
1925 2411
1926 2411
1927 2410
1928 2411
1929 2411
1930 2410
1931 2410
1932 2410
1933 2411
1934 2411
1935 2411
1936 2411
1937 2410
1938 2411
1939 2414
1940 2410
1941 2410
1942 2410
1943 2410
1944 2410
1945 2410
1946 2410
1947 2410
1948 2410
1949 2410
1950 2410
1951 2410
1952 2410
1953 2410
1954 2414
1955 2410
1956 2411
1957 2411
1958 2411
1959 2411
1960 2411
1961 2411
1962 2411
1963 2411
1964 2411
1965 2411
1966 2410
1967 2410
1968 2411
1969 2411
1970 2411
1971 2411
1972 2410
1973 2411
1974 2411
1975 2410
1976 2411
1977 2411
1978 2411
1979 2411
1980 2411
1981 2411
1982 2411
1983 2411
1984 2411
1985 2411
1986 2412
1987 2412
1988 2412
1989 2412
1990 2413
1991 2413
1992 2413
1993 2413
1994 2413
1995 2413
1996 2413
1997 2414
1998 2414
1999 2414
2000 2414
2001 2413
2002 2414
2003 2413
2004 2413
2005 2413
2006 2413
2007 2413
2008 2413
2009 2414
2010 2415
2011 2414
2012 2414
2013 2414
2014 2415
2015 2415
2016 2415
2017 2415
2018 2415
2019 2415
2020 2415
2021 2415
2022 2414
2023 2414
2024 2415
2025 2414
2026 2414
2027 2414
2028 2414
2029 2414
2030 2414
2031 2414
2032 2414
2033 2414
2034 2415
2035 2414
2036 2414
2037 2414
2038 2414
2039 2414
2040 2414
2041 2414
2042 2414
2043 2414
2044 2414
2045 2414
2046 2413
2047 2413
2048 2414
2049 2413
2050 2413
2051 2414
2052 2414
2053 2413
2054 2414
2055 2413
2056 2413
2057 2413
2058 2413
2059 2413
2060 2413
2061 2413
2062 2413
2063 2414
2064 2413
2065 2413
2066 2412
2067 2413
2068 2413
2069 2413
2070 2413
2071 2413
2072 2413
2073 2413
2074 2413
2075 2413
2076 2413
2077 2413
2078 2413
2079 2413
2080 2414
2081 2413
2082 2413
2083 2413
2084 2413
2085 2413
2086 2413
2087 2413
2088 2414
2089 2414
2090 2413
2091 2412
2092 2414
2093 2413
2094 2413
2095 2413
2096 2413
2097 2413
2098 2413
2099 2413
2100 2413
2101 2413
2102 2413
2103 2413
2104 2413
2105 2412
2106 2413
2107 2413
2108 2413
2109 2413
2110 2413
2111 2413
2112 2413
2113 2413
2114 2413
2115 2413
2116 2413
2117 2413
2118 2413
2119 2413
2120 2413
2121 2413
2122 2413
2123 2413
2124 2413
2125 2413
2126 2414
2127 2414
2128 2413
2129 2414
2130 2414
2131 2414
2132 2414
2133 2414
2134 2414
2135 2413
2136 2413
2137 2413
2138 2413
2139 2413
2140 2413
2141 2412
2142 2413
2143 2413
2144 2414
2145 2413
2146 2413
2147 2413
2148 2413
2149 2413
2150 2413
2151 2413
2152 2414
2153 2414
2154 2414
2155 2414
2156 2414
2157 2415
2158 2414
2159 2414
2160 2414
2161 2414
2162 2414
2163 2414
2164 2414
2165 2414
2166 2415
2167 2414
2168 2414
2169 2415
2170 2415
2171 2417
2172 2413
2173 2416
2174 2415
2175 2415
2176 2415
2177 2413
2178 2414
2179 2413
2180 2411
2181 2410
2182 2411

1840 2460
1841 2449
1842 2453
1843 2452
1844 2452
1845 2451
1846 2459
1847 2448
1848 2452
1849 2452
1850 2452
1851 2456
1852 2458
1853 2449
1854 2450
1855 2456
1856 2450
1857 2452
1858 2456
1859 2448
1860 2445
1861 2449
1862 2448
1863 2453
1864 2449
1865 2447
1866 2446
1867 2449
1868 2448
1869 2447
1870 2445
1871 2444
1872 2440
1873 2445
1874 2446
1875 2447
1876 2442
1877 2445
1878 2445
1879 2446
1880 2445
1881 2444
1882 2441
1883 2445
1884 2445
1885 2445
1886 2441
1887 2444
1888 2441
1889 2440
1890 2440
1891 2440
1892 2440
1893 2444
1894 2443
1895 2442
1896 2441
1897 2441
1898 2441
1899 2440
1900 2440
1901 2441
1902 2441
1903 2440
1904 2440
1905 2440
1906 2439
1907 2440
1908 2442
1909 2439
1910 2438
1911 2438
1912 2437
1913 2442
1914 2441
1915 2441
1916 2438
1917 2442
1918 2439
1919 2439
1920 2440
1921 2441
1922 2440
1923 2437
1924 2435
1925 2435
1926 2437
1927 2434
1928 2434
1929 2434
1930 2434
1931 2434
1932 2434
1933 2439
1934 2432
1935 2433
1936 2434
1937 2441
1938 2433
1939 2430
1940 2434
1941 2436
1942 2432
1943 2438
1944 2433
1945 2436
1946 2429
1947 2434
1948 2434
1949 2441
1950 2434
1951 2432
1952 2427
1953 2430
1954 2430
1955 2436
1956 2435
1957 2435
1958 2438
1959 2433
1960 2434
1961 2434
1962 2427
1963 2426
1964 2437
1965 2433
1966 2433
1967 2433
1968 2423
1969 2423
1970 2431
1971 2430
1972 2435
1973 2430
1974 2430
1975 2430
1976 2434
1977 2428
1978 9999
1979 2428
1980 2426
1981 2425
1982 2425
1983 9999
1984 9999
1985 9999
1986 9999
1987 9999
1988 9999
1989 9999
1990 9999
1991 9999
1992 9999
1993 9999
1994 9999
1995 9999
1996 9999
1997 9999
1998 9999
1999 9999

