2031 2525
2032 2529
2033 2529
2034 2529
2035 2523
2036 2522
2037 2530
2038 2523
2039 2524
2040 2524
2041 2524
2042 2525
2043 2524
2044 2525
2045 2524
2046 2525
2047 2525
2048 2524
2049 2525
2050 2525
2051 2525
2052 2524
2053 2525
2054 2524
2055 2525
2056 2526
2057 2529
2058 2530
2059 2528
2060 2525
2061 2527
2062 2525
2063 2525
2064 2532
2065 2528
2066 2527
2067 2524
2068 2523
2069 2524
2070 2528
2071 2523
2072 2524
2073 2523
2074 2526
2075 2526
2076 2527
2077 2525
2078 2524
2079 2524
2080 2524
2081 2523
2082 2524
2083 2524
2084 2524
2085 2533
2086 2523
2087 2523
2088 2523
2089 2522
2090 2523
2091 2523
2092 2522
2093 2522
2094 2522
2095 2523
2096 2522
2097 2523
2098 2523
2099 2523
2100 2523
2101 2522
2102 2523
2103 2524
2104 2524
2105 2524
2106 2523
2107 2524
2108 2523
2109 2523
2110 2523
2111 2524
2112 2524
2113 2525
2114 2526
2115 2531
2116 2524
2117 2523
2118 2523
2119 2523
2120 2523
2121 2523
2122 2530
2123 2523
2124 2522
2125 2521
2126 2522
2127 2521
2128 2520
2129 2520
2130 2520
2131 2520
2132 2521
2133 2521
2134 2522
2135 2522
2136 2524
2137 2523
2138 2523
2139 2522
2140 2521
2141 2528
2142 2520
2143 2520
2144 2521
2145 2523
2146 2517
2147 2521
2148 2518
2149 2517
2150 2517
2151 2517
2152 2517
2153 2517
2154 2519
2155 2518
2156 2520
2157 2520
2158 2520
2159 2520
2160 2520
2161 2520
2162 2519
2163 2520
2164 2516
2165 2515
2166 2517
2167 2519
2168 2520
2169 2520
2170 2520
2171 2519
2172 2519
2173 2518
2174 2519
2175 2520
2176 2520
2177 2521
2178 2521
2179 2521
2180 2521
2181 2521
2182 2520
2183 2520
2184 2520
2185 2519
2186 2519
2187 2519
2188 2519
2189 2519
2190 2519
2191 2518
2192 2518
2193 2530
2194 2519
2195 2518
2196 2530
2197 2518
2198 2518
2199 2519
2200 2520
2201 2520
2202 2520
2203 2520
2204 2520
2205 2520
2206 2520
2207 2521
2208 2519
2209 2519
2210 2520
2211 2522
2212 2520
2213 2521
2214 2520
2215 2520
2216 2522
2217 2521
2218 2519
2219 2520
2220 2520
2221 2518
2222 2517
2223 2518
2224 2518
2225 2518
2226 2518
2227 2518
2228 2518
2229 2518
2230 2519
2231 2519
2232 2519
2233 2518
2234 2518
2235 2518
2236 2519
2237 2519
2238 2519
2239 2518
2240 2518
2241 2518
2242 2518
2243 2518
2244 2518
2245 2523
2246 2517
2247 2518
2248 2518
2249 2518
2250 2520
2251 2519
2252 2519
2253 2519
2254 2519
2255 2518
2256 2518
2257 2517
2258 2517
2259 2518
2260 2517
2261 2517
2262 2516
2263 2517
2264 2518
2265 2517
2266 2519
2267 2515
2268 2515
2269 2515
2270 2515
2271 2515
2272 2515
2273 2515
2274 2515
2275 2514
2276 2514
2277 2515
2278 2515
2279 2515
2280 2526
2281 2514
2282 2514
2283 2514
2284 2514
2285 2514
2286 2514
2287 2514
2288 2514
2289 2514
2290 2514
2291 2514
2292 2514
2293 2514
2294 2514
2295 2516
2296 2517
2297 2518
2298 2518
2299 2518
2300 2517
2301 2526
2302 2517
2303 2518
2304 2518
2305 2526
2306 2519
2307 2518
2308 2517
2309 2516
2310 2515
2311 2515
2312 2514
2313 2514
2314 2514
2315 2514
2316 2514
2317 2514
2318 2514
2319 2514
2320 2514
2321 2514
2322 2514
2323 2515
2324 2515
2325 2515
2326 2514
2327 2515
2328 2516
2329 2515
2330 2515
2331 2515
2332 2515
2333 2516
2334 2517
2335 2518
2336 2519
2337 2519
2338 2517
2339 2517
2340 2517
2341 2517
2342 2516
2343 2516
2344 2516
2345 2516
2346 2516
2347 2516
2348 2516
2349 2516
2350 2516
2351 2516
2352 2515
2353 2514
2354 2515
2355 2515
2356 2515
2357 2515
2358 2514
2359 2515
2360 2514
2361 2517
2362 2516
2363 2514
2364 2514
2365 2513
2366 2514
2367 2513
2368 2513
2369 2513
2370 2515
2371 2513
2372 2513
2373 2524
2374 2507
2375 2507
2376 2508
2377 2509
2378 2510
2379 2514
2380 2506
2381 2506
2382 2506
2383 2506
2384 2507
2385 2507
2386 2510
2387 2510
2388 2506
2389 2507
2390 2508
2391 2509
2392 2508
2393 2509
2394 2510
2395 2509
2396 2509
2397 2509
2398 2509
2399 2508
2400 2515
2401 2511
2402 2511
2403 2511
2404 2509
2405 2508
2406 2508
2407 2508
2408 2508
2409 2509
2410 2508
2411 2507
2412 2506
2413 2505
2414 2510
2415 2509
2416 2510
2417 2512
2418 2524
2419 2514
2420 2516
2421 2515
2422 2525
2423 2524
2424 2524
2425 2513
2426 2513
2427 2513
2428 2516
2429 2515
2430 2516
2431 2520
2432 2517
2433 2514
2434 2514
2435 2514
2436 2518
2437 2522
2438 2524
2439 2525
2440 2519
2441 2521
2442 2518
2443 2519
2444 2518
2445 2518
2446 2518
2447 2522
2448 2523
2449 2518
2450 2518
2451 2520
2452 2518
2453 2518
2454 2518
2455 2517
2456 2524
2457 2525
2458 2525
2459 2526
2460 2525
2461 2518
2462 2518
2463 2514
2464 2515
2465 2518
2466 2516
2467 2517
2468 2516
2469 2515
2470 2515
2471 2516
2472 2514
2473 2514
2474 2514
2475 2514
2476 2514
2477 2514
2478 2515
2479 2516
2480 2516
2481 2516
2482 2516
2483 2527
2484 2516
2485 2516
2486 2526
2487 2519
2488 2519
2489 2520
2490 2521
2491 2522
2492 2522
2493 2523
2494 2516
2495 2517
2496 2519
2497 2519
2498 2519
2499 2522
2500 2518
2501 2517
2502 2517
2503 2517
2504 2520
2505 2516
2506 2526
2507 2520
2508 2518
2509 2519
2510 2518
2511 2518
2512 2518
2513 2518
2514 2518
2515 2518
2516 2517
2517 2517
2518 2519
2519 2518
2520 2517
2521 2518
2522 2517
2523 2517
2524 2518
2525 2518
2526 2520
2527 2520
2528 2521
2529 2525
2530 2526
2531 2521
2532 2526
2533 2521
2534 2520
2535 2520
2536 2521
2537 2522
2538 2522
2539 2521
2540 2520
2541 2520
2542 2519
2543 2518
2544 2520
2545 2519
2546 2518
2547 2518
2548 2517
2549 2517
2550 2515
2551 2515
2552 2515
2553 2516
2554 2516
2555 2518
2556 2524
2557 2524
2558 2523
2559 2522
2560 2510
2561 2510
2562 2518
2563 2513
2564 2520
2565 2510
2566 2511
2567 2520
2568 2521
2569 2523
2570 2519
2571 2520
2572 2520
2573 2519
2574 2518
2575 2523
2576 2523
2577 2521
2578 2523
2579 2522
2580 2524
2581 2525
2582 2514
2583 2515
2584 2525
2585 2525
2586 2514
2587 2514
2588 2526
2589 2526
2590 2526
2591 2526
2592 2517
2593 2526
2594 2519
2595 2521
2596 2517
2597 2520
2598 2522
2599 2516
2600 2517
2601 2521
2602 2521
2603 2516
2604 2523
2605 2515
2606 2515
2607 2515
2608 2515
2609 2515
2610 2514
2611 2512
2612 2513
2613 2512
2614 2514
2615 2514
2616 2515
2617 2518
2618 2514
2619 2518
2620 2516
2621 2516
2622 2516
2623 2518
2624 2520
2625 2517
2626 2517
2627 2517
2628 2516
2629 2517
2630 2516
2631 2517
2632 2515
2633 2513
2634 2514
2635 2513
2636 2521
2637 2511
2638 2513
2639 2512
2640 2512
2641 2513
2642 2513
2643 2523
2644 2518
2645 2517
2646 2518
2647 2519
2648 2514
2649 2514
2650 2514
2651 2519
2652 2519
2653 2516
2654 2520
2655 2517
2656 2517
2657 2515
2658 2517
2659 2517
2660 2518
2661 2518
2662 2516
2663 2516
2664 2519
2665 2520
2666 2516
2667 2516
2668 2521
2669 2516
2670 2517
2671 2516
2672 2519
2673 2515
2674 2515
2675 2515
2676 2515
2677 2515
2678 2515
2679 2516
2680 2516
2681 2516
2682 2516
2683 2515
2684 2516
2685 2515
2686 2514
2687 2515
2688 2516
2689 2517
2690 2517
2691 2517
2692 2517
2693 2526
2694 2515
2695 2515
2696 2516
2697 2516
2698 2515
2699 2515
2700 2516
2701 2515
2702 2515
2703 2514
2704 2514
2705 2515
2706 2515
2707 2515
2708 2515
2709 2516
2710 2515
2711 2515
2712 2514
2713 2517
2714 2514
2715 2516
2716 2515
2717 2514
2718 2514
2719 2514
2720 2513
2721 2513
2722 2516
2723 2514
2724 2514
2725 2515
2726 2515
2727 2515
2728 2515
2729 2515
2730 2519
2731 2518
2732 2514
2733 2511
2734 2512
2735 2516
2736 2522
2737 2511
2738 2512
2739 2512
2740 2512
2741 2511
2742 2512
2743 2513
2744 2512
2745 2514
2746 2514
2747 2513
2748 2513
2749 2513
2750 2513
2751 2513
2752 2516
2753 2512
2754 2512
2755 2513
2756 2512
2757 2513
2758 2513
2759 2513
2760 2512
2761 2510
2762 2515
2763 2512
2764 2510
2765 2510
2766 2510
2767 2510
2768 2512
2769 2511
2770 2511
2771 2512
2772 2518
2773 2513
2774 2511
2775 2512
2776 2512
2777 2510
2778 2511
2779 2511
2780 2511
2781 2511
2782 2511
2783 2512
2784 2510
2785 2510
2786 2511
2787 2511
2788 2511
2789 2512
2790 2510
2791 2510
2792 2509
2793 2509
2794 2509
2795 2510
2796 2511
2797 2511
2798 2512
2799 2512
2800 2511
2801 2513
2802 2512
2803 2511
2804 2511
2805 2516
2806 2510
2807 2510
2808 2514
2809 2511
2810 2511
2811 2514
2812 2511
2813 2511
2814 2511
2815 2511
2816 2511
2817 2511
2818 2511
2819 2511
2820 2512
2821 2511
2822 2511
2823 2510
2824 2510
2825 2510
2826 2510
2827 2510
2828 2511
2829 2511
2830 2511
2831 2512
2832 2510
2833 2511
2834 2511
2835 2514
2836 2511
2837 2511
2838 2511
2839 2510
2840 2510
2841 2510
2842 2510
2843 2511
2844 2510
2845 2510
2846 2512
2847 2510
2848 2511
2849 2511
2850 2511
2851 2511
2852 2512
2853 2512
2854 2512
2855 2512
2856 2512
2857 2511
2858 2512
2859 2511
2860 2511
2861 2511
2862 2512
2863 2512
2864 2511
2865 2512
2866 2511
2867 2512
2868 2512
2869 2511
2870 2511
2871 2511
2872 2511
2873 2511
2874 2511
2875 2511
2876 2510
2877 2510
2878 2513
2879 2510
2880 2512
2881 2513
2882 2513
2883 2512
2884 2510
2885 2509
2886 2510
2887 2513
2888 2512
2889 2509
2890 2509
2891 2510
2892 2511
2893 2510
2894 2510
2895 2511
2896 2511
2897 2511
2898 2511
2899 2510
2900 2511
2901 2510
2902 2510
2903 2511
2904 2511
2905 2511
2906 2510
2907 2509
2908 2512
2909 2510
2910 2510
2911 2510
2912 2510
2913 2509
2914 2510
2915 2509
2916 2513
2917 2512
2918 2511
2919 2511
2920 2511
2921 2511
2922 2511
2923 2511
2924 2511
2925 2511
2926 2511
2927 2511
2928 2510
2929 2510
2930 2510
2931 2511
2932 2511
2933 2510
2934 2511
2935 2511
2936 2511
2937 2511
2938 2511
2939 2511
2940 2511
2941 2511
2942 2511
2943 2511
2944 2511
2945 2511
2946 2511
2947 2513
2948 2510
2949 2511
2950 2512
2951 2511
2952 2511
2953 2513
2954 2510
2955 2511
2956 2511
2957 2513
2958 2512
2959 2511
2960 2511
2961 2511
2962 2512
2963 2511
2964 2511
2965 2512
2966 2512
2967 2511
2968 2511
2969 2512
2970 2511
2971 2511
2972 2511
2973 2512
2974 2514
2975 2510
2976 2511
2977 2511
2978 2511
2979 2511
2980 2511
2981 2511
2982 2511
2983 2512
2984 2512
2985 2512
2986 2512
2987 2511
2988 2511
2989 2511
2990 2511
2991 2511
2992 2511
2993 2512
2994 2511
2995 2511
2996 2511
2997 2512
2998 2512
2999 2510
3000 2511
3001 2511
3002 2513
3003 2511
3004 2511
3005 2512
3006 2511
3007 2511
3008 2511
3009 2515
3010 2510
3011 2511
3012 2511
3013 2511
3014 2512
3015 2510
3016 2511
3017 2511
3018 2511
3019 2512
3020 2512
3021 2511
3022 2512
3023 2512
3024 2513
3025 2512
3026 2512
3027 2513
3028 2512
3029 2512
3030 2512
3031 2512
3032 2511
3033 2511
3034 2510
3035 2509
3036 2508
3037 2508
3038 2509
3039 2515
3040 2511
3041 2512
3042 2512
3043 2512
3044 2512
3045 2512
3046 2512
3047 2512
3048 2512
3049 2512
3050 2512
3051 2511
3052 2512
3053 2512
3054 2517
3055 2521
3056 2516
3057 2514
3058 2522
3059 2523
3060 2512
3061 2511
3062 2513
3063 2511
3064 2513
3065 2512
3066 2511
3067 2512
3068 2511
3069 2510
3070 2511
3071 2511
3072 2511
3073 2511
3074 2511
3075 2510
3076 2513
3077 2513
3078 2513
3079 2516
3080 2514
3081 2522
3082 2513
3083 2515
3084 2512
3085 2513
3086 2516
3087 2513
3088 2519
3089 2519
3090 2514
3091 2514
3092 2516
3093 2516
3094 2516
3095 2515
3096 2514
3097 2515
3098 2514
3099 2517
3100 2515
3101 2520
3102 2515
3103 2516
3104 2517
3105 2517
3106 2517
3107 2516
3108 2517
3109 2517
3110 2517
3111 2522
3112 2529
3113 2521
3114 2523
3115 2521
3116 2523
3117 2523
3118 2521
3119 2520
3120 2519
3121 2521
3122 2519
3123 2527
3124 2523
3125 2521
3126 2521
3127 2521
3128 2522
3129 2522
3130 2522
3131 2522
3132 2522
3133 2522
3134 2523
3135 2525
3136 2522
3137 2529
3138 2523
3139 2523
3140 2522
3141 2522
3142 2523
3143 2523
3144 2522
3145 2522
3146 2526
3147 2523
3148 2522
3149 2525
3150 2524
3151 2522
3152 2522
3153 2523
3154 2523
3155 2523
3156 2522
3157 2523
3158 2523
3159 2523
3160 2523
3161 2526
3162 2526
3163 2528
3164 2527
3165 2522
3166 2523
3167 2523
3168 2523
3169 2523
3170 2523
3171 2523
3172 2522
3173 2521
3174 2522
3175 2522
3176 2524
3177 2524
3178 2521
3179 2522
3180 2520
3181 2522
3182 2521
3183 2524
3184 2522
3185 2521
3186 2521
3187 2520
3188 2519
3189 2519
3190 2520
3191 2518
3192 2517
3193 2517
3194 2517
3195 2517

