2 2485
3 2485
4 2485
5 2484
6 2484
7 2484
8 2485
9 2485
10 2485
11 2485
12 2485
13 2485
14 2484
15 2484
16 2484
17 2485
18 2485
19 2485
20 2485
21 2485
22 2485
23 2485
24 2485
25 2485
26 2485
27 2485
28 2485
29 2485
30 2485
31 2485
32 2485
33 2486
34 2485
35 2485
36 2485
37 2486
38 2485
39 2485
40 2485
41 2485
42 2485
43 2486
44 2485
45 2485
46 2485
47 2485
48 2485
49 2486
50 2485
51 2486
52 2485
53 2485
54 2486
55 2486
56 2485
57 2486
58 2486
59 2486
60 2486
61 2485
62 2485
63 2485
64 2485
65 2486
66 2486
67 2486
68 2485
69 2486
70 2486
71 2486
72 2486
73 2486
74 2486
75 2485
76 2486
77 2486
78 2486
79 2486
80 2486
81 2486
82 2485
83 2486
84 2486
85 2486
86 2486
87 2486
88 2486
89 2486
90 2486
91 2485
92 2485
93 2485
94 2486
95 2486
96 2486
97 2486
98 2486
99 2486
100 2486
101 2486
102 2486
103 2485
104 2486
105 2485
106 2483
107 2487
108 2489
109 2485
110 2485
111 2485
112 2485
113 2486
114 2485
115 2485
116 2485
117 2492
118 2484
119 2483
120 2485
121 2484
122 2484
123 2484
124 2485
125 2482
126 2486
127 2489
128 2485
129 2485
130 2486
131 2485
132 2485
133 2484
134 2489
135 2489
136 2482
137 2484
138 2482
139 2484
140 2481
141 2481
142 2483
143 2484
144 2483
145 2484
146 2483
147 2483
148 2483
149 2487
150 2481
151 2483
152 2483
153 2482
154 2482
155 2486
156 2486
157 2485
158 2486
159 2486
160 2487
161 2487
162 2487
163 2485
164 2483
165 2483
166 2482
167 2482
168 2484
169 2485
170 2484
171 2482
172 2487
173 2488
174 2484
175 2492
176 2480
177 2481
178 2489
179 2490
180 2489
181 2482
182 2482
183 2491
184 2489
185 2484
186 2484
187 2487
188 2487
189 2488
190 2489
191 2490
192 2490
193 2490
194 2489
195 2485
196 2487
197 2484
198 2484
199 2486
200 2485
201 2485
202 2487
203 2485
204 2485
205 2486
206 2489
207 2487
208 2485
209 2486
210 2484
211 2486
212 2486
213 2492
214 2490
215 2492
216 2487
217 2492
218 2489
219 2484
220 2485
221 2486
222 2484
223 2484
224 2486
225 2482
226 2482
227 2481
228 2483
229 2490
230 2500
231 2483
232 2488
233 2484
234 2489
235 2491
236 2484
237 2489
238 2485
239 2484
240 2486
241 2486
242 2487
243 2486
244 2489
245 2486
246 2484
247 2486
248 2488
249 2487
250 2487
251 2485
252 2486
253 2486
254 2486
255 2491
256 2487
257 2488
258 2486
259 2486
260 2485
261 2483
262 2489
263 2493
264 2489
265 2489
266 2487
267 2488
268 2487
269 2488
270 2488
271 2488
272 2488
273 2487
274 2488
275 2488
276 2488
277 2488
278 2488
279 2488
280 2489
281 2489
282 2488
283 2488
284 2488
285 2488
286 2489
287 2489
288 2489
289 2489
290 2489
291 2490
292 2489
293 2489
294 2489
295 2489
296 2489
297 2489
298 2489
299 2489
300 2489
301 2489
302 2489
303 2489
304 2489
305 2490
306 2490
307 2489
308 2490
309 2490
310 2490
311 2491
312 2494
313 2494
314 2491
315 2491
316 2490
317 2489
318 2489
319 2489
320 2489
321 2488
322 2489
323 2489
324 2489
325 2489
326 2489
327 2489
328 2489
329 2488
330 2488
331 2488
332 2488
333 2489
334 2488
335 2489
336 2489
337 2489
338 2489
339 2490
340 2489
341 2490
342 2491
343 2488
344 2489
345 2489
346 2489
347 2488
348 2489
349 2488
350 2488
351 2490
352 2489
353 2489
354 2490
355 2490
356 2489
357 2489
358 2488
359 2489
360 2489
361 2488
362 2488
363 2488
364 2488
365 2488
366 2488
367 2488
368 2488
369 2488
370 2488
371 2488
372 2488
373 2487
374 2488
375 2488
376 2488
377 2488
378 2488
379 2488
380 2488
381 2488
382 2487
383 2489
384 2488
385 2487
386 2487
387 2487
388 2488
389 2488
390 2488
391 2488
392 2488
393 2488
394 2488
395 2489
396 2488
397 2488
398 2488
399 2488
400 2488
401 2489
402 2488
403 2488
404 2488
405 2488
406 2488
407 2488
408 2488
409 2488
410 2488
411 2488
412 2487
413 2488
414 2488
415 2488
416 2487
417 2489
418 2488
419 2488
420 2488
421 2488
422 2488
423 2488
424 2488
425 2488
426 2488
427 2488
428 2493
429 2488
430 2488
431 2489
432 2488
433 2489
434 2488
435 2488
436 2487
437 2487
438 2487
439 2488
440 2488
441 2487
442 2487
443 2488
444 2487
445 2488
446 2487
447 2488
448 2487
449 2487
450 2486
451 2486
452 2486
453 2486
454 2486
455 2486
456 2486
457 2486
458 2486
459 2486
460 2486
461 2486
462 2486
463 2485
464 2485
465 2485
466 2485
467 2486
468 2485
469 2485
470 2485
471 2485
472 2485
473 2485
474 2485
475 2486
476 2485
477 2485
478 2485
479 2485
480 2485
481 2485
482 2485
483 2485
484 2485
485 2485
486 2485
487 2485
488 2485
489 2485
490 2485
491 2485
492 2485
493 2485
494 2485
495 2485
496 2485
497 2485
498 2484
499 2485
500 2485
501 2484
502 2484
503 2484
504 2484
505 2484
506 2484
507 2484
508 2484
509 2484
510 2484
511 2484
512 2484
513 2484
514 2484
515 2484
516 2484
517 2484
518 2484
519 2484
520 2484
521 2484
522 2484
523 2485
524 2484
525 2487
526 2484
527 2485
528 2485
529 2484
530 2484
531 2484
532 2484
533 2484
534 2488
535 2484
536 2488
537 2487
538 2483
539 2484
540 2487
541 2483
542 2484
543 2484
544 2483
545 2484
546 2484
547 2484
548 2484
549 2484
550 2484
551 2483
552 2484
553 2484
554 2484
555 2484
556 2484
557 2485
558 2484
559 2483
560 2484
561 2484
562 2484
563 2484
564 2484
565 2484
566 2484
567 2484
568 2484
569 2484
570 2484
571 2484
572 2484
573 2484
574 2483
575 2483
576 2483
577 2483
578 2483
579 2483
580 2483
581 2483
582 2484
583 2484
584 2484
585 2484
586 2484
587 2484
588 2484
589 2484
590 2484
591 2484
592 2484
593 2484
594 2483
595 2483
596 2483
597 2484
598 2484
599 2483
600 2483
601 2483
602 2483
603 2483
604 2483
605 2483
606 2484
607 2483
608 2483
609 2483
610 2483
611 2483
612 2483
613 2483
614 2483
615 2483
616 2483
617 2483
618 2483
619 2483
620 2483
621 2483
622 2483
623 2483
624 2483
625 2483
626 2483
627 2482
628 2482
629 2482
630 2483
631 2482
632 2482
633 2482
634 2482
635 2482
636 2482
637 2482
638 2482
639 2482
640 2482
641 2481
642 2481
643 2481
644 2481
645 2482
646 2482
647 2481
648 2481
649 2481
650 2481
651 2481
652 2481
653 2481
654 2481
655 2481
656 2481
657 2481
658 2481
659 2481
660 2481
661 2481
662 2480
663 2481
664 2481
665 2480
666 2480
667 2480
668 2480
669 2480
670 2480
671 2480
672 2480
673 2480
674 2480
675 2480
676 2480
677 2480
678 2480
679 2480
680 2480
681 2480
682 2480
683 2479
684 2480
685 2480
686 2480
687 2480
688 2479
689 2479
690 2479
691 2479
692 2479
693 2479
694 2479
695 2479
696 2479
697 2479
698 2479
699 2479
700 2479
701 2479
702 2479
703 2479
704 2479
705 2479
706 2479
707 2479
708 2479
709 2479
710 2478
711 2479
712 2479
713 2479
714 2478
715 2478
716 2479
717 2479
718 2479
719 2478
720 2478
721 2478
722 2478
723 2478
724 2478
725 2478
726 2478
727 2478
728 2478
729 2478
730 2478
731 2478
732 2478
733 2478
734 2478
735 2478
736 2478
737 2478
738 2477
739 2477
740 2478
741 2478
742 2477
743 2477
744 2478
745 2477
746 2477
747 2477
748 2477
749 2477
750 2477
751 2477
752 2477
753 2477
754 2477
755 2477
756 2481
757 2477
758 2477
759 2480
760 2476
761 2476
762 2476
763 2480
764 2476
765 2476
766 2476
767 2476
768 2476
769 2476
770 2475
771 2475
772 2476
773 2476
774 2475
775 2476
776 2477
777 2475
778 2478
779 2476
780 2476
781 2475
782 2475
783 2476
784 2476
785 2475
786 2476
787 2476
788 2475
789 2475
790 2475
791 2475
792 2475
793 2475
794 2475
795 2475
796 2478
797 2477
798 2477
799 2475
800 2475
801 2475
802 2475
803 2474
804 2474
805 2474
806 2474
807 2474
808 2474
809 2475
810 2474
811 2474
812 2474
813 2474
814 2474
815 2474
816 2474
817 2474
818 2474
819 2474
820 2474
821 2474
822 2473
823 2473
824 2474
825 2474
826 2474
827 2473
828 2473
829 2473
830 2473
831 2473
832 2473
833 2473
834 2474
835 2473
836 2473
837 2472
838 2473
839 2472
840 2472
841 2472
842 2472
843 2472
844 2472
845 2472
846 2472
847 2472
848 2472
849 2472
850 2472
851 2472
852 2472
853 2472
854 2473
855 2472
856 2472
857 2472
858 2472
859 2472
860 2472
861 2472
862 2471
863 2471
864 2471
865 2471
866 2471
867 2471
868 2471
869 2471
870 2471
871 2471
872 2471
873 2471
874 2471
875 2471
876 2471
877 2470
878 2470
879 2471
880 2471
881 2470
882 2471
883 2471
884 2471
885 2470
886 2470
887 2470
888 2471
889 2470
890 2470
891 2470
892 2470
893 2470
894 2470
895 2470
896 2470
897 2470
898 2470
899 2470
900 2470
901 2470
902 2470
903 2470
904 2470
905 2470
906 2470
907 2470
908 2470
909 2470
910 2470
911 2469
912 2470
913 2469
914 2469
915 2468
916 2468
917 2468
918 2468
919 2468
920 2468
921 2468
922 2468
923 2468
924 2468
925 2467
926 2468
927 2468
928 2468
929 2468
930 2468
931 2467
932 2467
933 2467
934 2467
935 2466
936 2467
937 2466
938 2466
939 2467
940 2466
941 2467
942 2466
943 2466
944 2466
945 2466
946 2466
947 2466
948 2466
949 2465
950 2466
951 2466
952 2466
953 2466
954 2465
955 2465
956 2465
957 2465
958 2465
959 2469
960 2465
961 2465
962 2465
963 2465
964 2465
965 2465
966 2465
967 2465
968 2465
969 2464
970 2465
971 2465
972 2464
973 2465
974 2464
975 2464
976 2464
977 2464
978 2464
979 2464
980 2464
981 2464
982 2464
983 2464
984 2464
985 2464
986 2464
987 2464
988 2467
989 2464
990 2464
991 2464
992 2464
993 2464
994 2464
995 2464
996 2464
997 2464
998 2464
999 2463
1000 2464
1001 2464
1002 2464
1003 2464
1004 2464
1005 2464
1006 2464
1007 2464
1008 2464
1009 2463
1010 2464
1011 2463
1012 2463
1013 2463
1014 2464
1015 2463
1016 2463
1017 2464
1018 2464
1019 2464
1020 2464
1021 2463
1022 2463
1023 2463
1024 2463
1025 2463
1026 2463
1027 2463
1028 2462
1029 2463
1030 2463
1031 2463
1032 2463
1033 2463
1034 2463
1035 2463
1036 2463
1037 2463
1038 2463
1039 2463
1040 2463
1041 2463
1042 2463
1043 2462
1044 2463
1045 2463
1046 2463
1047 2463
1048 2463
1049 2463
1050 2463
1051 2462
1052 2462
1053 2462
1054 2463
1055 2462
1056 2462
1057 2462
1058 2462
1059 2462
1060 2462
1061 2462
1062 2462
1063 2462
1064 2462
1065 2462
1066 2461
1067 2462
1068 2462
1069 2461
1070 2462
1071 2461
1072 2461
1073 2461
1074 2461
1075 2461
1076 2461
1077 2461
1078 2461
1079 2461
1080 2461
1081 2461
1082 2461
1083 2460
1084 2460
1085 2461
1086 2460
1087 2460
1088 2460
1089 2460
1090 2460
1091 2459
1092 2460
1093 2460
1094 2460
1095 2460
1096 2460
1097 2459
1098 2460
1099 2459
1100 2459
1101 2459
1102 2459
1103 2459
1104 2459
1105 2459
1106 2459
1107 2459
1108 2459
1109 2459
1110 2459
1111 2459
1112 2459
1113 2459
1114 2459
1115 2459
1116 2458
1117 2462
1118 2458
1119 2459
1120 2459
1121 2458
1122 2459
1123 2458
1124 2458
1125 2458
1126 2459
1127 2458
1128 2458
1129 2458
1130 2458
1131 2458
1132 2458
1133 2458
1134 2458
1135 2459
1136 2458
1137 2458
1138 2458
1139 2458
1140 2458
1141 2459
1142 2459
1143 2458
1144 2459
1145 2458
1146 2458
1147 2458
1148 2458
1149 2458
1150 2458
1151 2458
1152 2458
1153 2458
1154 2458
1155 2458
1156 2458
1157 2458
1158 2458
1159 2458
1160 2458
1161 2458
1162 2458
1163 2458
1164 2458
1165 2458
1166 2458
1167 2458
1168 2458
1169 2458
1170 2457
1171 2457
1172 2457
1173 2457
1174 2457
1175 2457
1176 2457
1177 2457
1178 2457
1179 2457
1180 2457
1181 2457
1182 2457
1183 2457
1184 2457
1185 2456
1186 2457
1187 2456
1188 2455
1189 2456
1190 2456
1191 2456
1192 2457
1193 2456
1194 2456
1195 2456
1196 2455
1197 2456
1198 2456
1199 2456
1200 2454
1201 2455
1202 2455
1203 2455
1204 2455
1205 2454
1206 2456
1207 2455
1208 2455
1209 2455
1210 2455
1211 2455
1212 2454
1213 2455
1214 2454
1215 2454
1216 2454
1217 2454
1218 2454
1219 2454
1220 2454
1221 2454
1222 2454
1223 2454
1224 2454
1225 2454
1226 2454
1227 2454
1228 2454
1229 2453
1230 2453
1231 2453
1232 2453
1233 2453
1234 2453
1235 2453
1236 2452
1237 2453
1238 2452
1239 2452
1240 2452
1241 2452
1242 2452
1243 2452
1244 2452
1245 2451
1246 2451
1247 2451
1248 2451
1249 2451
1250 2451
1251 2451
1252 2451
1253 2451
1254 2450
1255 2451
1256 2452
1257 2450
1258 2450
1259 2451
1260 2450
1261 2450
1262 2450
1263 2451
1264 2450
1265 2450
1266 2450
1267 2450
1268 2449
1269 2450
1270 2450
1271 2449
1272 2449
1273 2449
1274 2449
1275 2449
1276 2449
1277 2449
1278 2449
1279 2449
1280 2448
1281 2448
1282 2448
1283 2448
1284 2448
1285 2448
1286 2448
1287 2447
1288 2447
1289 2447
1290 2447
1291 2447
1292 2447
1293 2446
1294 2446
1295 2446
1296 2452
1297 2446
1298 2447
1299 2446
1300 2446
1301 2446
1302 2446
1303 2446
1304 2446
1305 2446
1306 2446
1307 2446
1308 2446
1309 2446
1310 2445
1311 2445
1312 2445
1313 2445
1314 2445
1315 2445
1316 2445
1317 2445
1318 2445
1319 2445
1320 2445
1321 2445
1322 2444
1323 2444
1324 2444
1325 2445
1326 2444
1327 2444
1328 2444
1329 2444
1330 2444
1331 2444
1332 2444
1333 2444
1334 2443
1335 2443
1336 2444
1337 2444
1338 2444
1339 2444
1340 2443
1341 2443
1342 2444
1343 2447
1344 2445
1345 2444
1346 2444
1347 2444
1348 2444
1349 2445
1350 2444
1351 2444
1352 2445
1353 2444
1354 2444
1355 2445
1356 2443
1357 2443
1358 2442
1359 2443
1360 2442
1361 2443
1362 2443
1363 2442
1364 2442
1365 2442
1366 2441
1367 2441
1368 2441
1369 2441
1370 2441
1371 2438
1372 2437
1373 2438
1374 2437
1375 2436
1376 2442
1377 2436
1378 2436
1379 2436
1380 2436
1381 2436
1382 2436
1383 2436
1384 2436
1385 2436
1386 2436
1387 2435
1388 2436
1389 2435
1390 2435
1391 2435
1392 2435
1393 2435
1394 2435
1395 2435
1396 2435
1397 2435
1398 2435
1399 2435
1400 2434
1401 2434
1402 2435
1403 2435
1404 2434
1405 2439
1406 2434
1407 2435
1408 2435
1409 2435
1410 2434
1411 2435
1412 2435
1413 2435
1414 2434
1415 2436
1416 2434
1417 2434
1418 2434
1419 2435
1420 2434
1421 2434
1422 2434
1423 2434
1424 2435
1425 2434
1426 2434
1427 2434
1428 2434
1429 2434
1430 2434
1431 2434
1432 2434
1433 2437
1434 2436
1435 2433
1436 2433
1437 2434
1438 2434
1439 2433
1440 2434
1441 2433
1442 2433
1443 2434
1444 2434
1445 2434
1446 2434
1447 2434
1448 2433
1449 2433
1450 2433
1451 2433
1452 2433
1453 2433
1454 2433
1455 2432
1456 2432
1457 2432
1458 2432
1459 2432
1460 2432
1461 2432
1462 2432
1463 2432
1464 2432
1465 2432
1466 2432
1467 2432
1468 2432
1469 2432
1470 2432
1471 2432
1472 2431
1473 2432
1474 2432
1475 2432
1476 2432
1477 2432
1478 2432
1479 2432
1480 2431
1481 2431
1482 2431
1483 2431
1484 2432
1485 2432
1486 2431
1487 2432
1488 2431
1489 2432
1490 2432
1491 2432
1492 2431
1493 2432
1494 2432
1495 2432
1496 2431
1497 2432
1498 2431
1499 2434
1500 2431
1501 2432
1502 2432
1503 2431
1504 2431
1505 2431
1506 2431
1507 2432
1508 2436
1509 2431
1510 2432
1511 2431
1512 2431
1513 2430
1514 2431
1515 2431
1516 2431
1517 2431
1518 2430
1519 2431
1520 2437
1521 2433
1522 2435
1523 2436
1524 2436
1525 2436
1526 2436
1527 2436
1528 2436
1529 2436
1530 2436
1531 2436
1532 2436
1533 2436
1534 2435
1535 2435
1536 2434
1537 2436
1538 2435
1539 2435
1540 2434
1541 2434
1542 2435
1543 2434
1544 2435
1545 2435
1546 2434
1547 2434
1548 2434
1549 2434
1550 2433
1551 2436
1552 2433
1553 2433
1554 2434
1555 2433
1556 2433
1557 2432
1558 2433
1559 2433
1560 2434
1561 2437
1562 2436
1563 2437
1564 2437
1565 2438
1566 2440
1567 2438
1568 2440
1569 2440
1570 2438
1571 2439
1572 2435
1573 2434
1574 2434
1575 2434
1576 2434
1577 2434
1578 2435
1579 2434
1580 2434
1581 2435
1582 2435
1583 2434
1584 2434
1585 2435
1586 2435
1587 2435
1588 2435
1589 2435
1590 2435
1591 2436
1592 2434
1593 2434
1594 2434
1595 2435
1596 2436
1597 2434
1598 2434
1599 2435
1600 2433
1601 2433
1602 2434
1603 2434
1604 2433
1605 2434
1606 2435
1607 2435
1608 2434
1609 2430
1610 2429
1611 2428
1612 2428
1613 2428
1614 2428
1615 2428
1616 2428
1617 2428
1618 2427
1619 2427
1620 2428
1621 2428
1622 2427
1623 2428
1624 2428
1625 2428
1626 2429
1627 2428
1628 2428
1629 2431
1630 2427
1631 2427
1632 2427
1633 2427
1634 2426
1635 2428
1636 2427
1637 2427
1638 2427
1639 2427
1640 2427
1641 2427
1642 2427
1643 2426
1644 2426
1645 2427
1646 2426
1647 2426
1648 2426
1649 2426
1650 2426
1651 2426
1652 2426
1653 2426
1654 2427
1655 2426
1656 2426
1657 2426
1658 2426
1659 2425
1660 2426
1661 2425
1662 2425
1663 2425
1664 2425
1665 2425
1666 2425
1667 2425
1668 2425
1669 2425
1670 2425
1671 2425
1672 2425
1673 2425
1674 2424
1675 2424
1676 2424
1677 2424
1678 2424
1679 2424
1680 2424
1681 2424
1682 2424
1683 2424
1684 2424
1685 2424
1686 2424
1687 2424
1688 2424
1689 2424
1690 2424
1691 2424
1692 2424
1693 2424
1694 2424
1695 2424
1696 2423
1697 2423
1698 2423
1699 2423
1700 2423
1701 2423
1702 2423
1703 2424
1704 2423
1705 2423
1706 2423
1707 2422
1708 2422
1709 2422
1710 2422
1711 2422
1712 2423
1713 2423
1714 2423
1715 2422
1716 2422
1717 2423
1718 2423
1719 2422
1720 2422
1721 2422
1722 2422
1723 2422
1724 2423
1725 2422
1726 2422
1727 2422
1728 2422
1729 2422
1730 2422
1731 2422
1732 2422
1733 2422
1734 2421
1735 2421
1736 2422
1737 2421
1738 2421
1739 2421
1740 2421
1741 2421
1742 2421
1743 2421
1744 2421
1745 2421
1746 2421
1747 2421
1748 2420
1749 2421
1750 2421
1751 2421
1752 2421
1753 2421
1754 2420
1755 2421
1756 2420
1757 2420
1758 2420
1759 2421
1760 2421
1761 2421
1762 2421
1763 2420
1764 2421
1765 2421
1766 2422
1767 2421
1768 2420
1769 2421
1770 2421
1771 2420
1772 2420
1773 2421
1774 2421
1775 2421
1776 2420
1777 2421
1778 2420
1779 2420
1780 2420
1781 2420
1782 2420
1783 2420
1784 2420
1785 2420
1786 2420
1787 2421
1788 2420
1789 2420
1790 2420
1791 2421
1792 2420
1793 2420
1794 2421
1795 2421
1796 2421
1797 2420
1798 2421
1799 2420
1800 2420
1801 2420
1802 2420
1803 2420
1804 2421
1805 2421
1806 2421
1807 2423
1808 2421
1809 2421
1810 2421
1811 2420
1812 2421
1813 2422
1814 2421
1815 2421
1816 2421
1817 2421
1818 2421
1819 2421
1820 2421
1821 2421
1822 2421
1823 2421
1824 2421
1825 2421
1826 2421
1827 2421
1828 2422
1829 2422
1830 2422
1831 2423
1832 2422
1833 2422
1834 2422
1835 2422
1836 2423
1837 2423
1838 2423
1839 2422
1840 2433
1841 2423
1842 2423
1843 2427
1844 2426
1845 2425
1846 2426
1847 2427
1848 2426
1849 2426
1850 2426
1851 2427
1852 2427
1853 2428
1854 2427
1855 2427
1856 2426
1857 2427
1858 2426
1859 2426
1860 2426
1861 2427
1862 2427
1863 2428
1864 2431
1865 2431
1866 2430
1867 2428
1868 2428
1869 2427
1870 2432
1871 2426
1872 2426
1873 2428
1874 2438
1875 2427
1876 2430
1877 2427
1878 2425
1879 2434
1880 2433
1881 2433
1882 2430
1883 2432
1884 2430
1885 2432
1886 2427
1887 2427
1888 2424
1889 2420
1890 2423
1891 2419
1892 2419
1893 2420
1894 2419
1895 2426
1896 2426
1897 2431
1898 2430
1899 2417
1900 2420
1901 2421
1902 2419
1903 2428
1904 2422
1905 2424
1906 2419
1907 2422
1908 2420
1909 2419
1910 2418
1911 2433
1912 2432
1913 2423
1914 2415
1915 2414
1916 2421
1917 2416
1918 2416
1919 2416
1920 2432
1921 2433
1922 2425
1923 2415
1924 2418
1925 2419
1926 2416
1927 2416
1928 2421
1929 2430
1930 2429
1931 2433
1932 2421
1933 2432
1934 2422
1935 2422
1936 2422
1937 2424
1938 2423
1939 2427
1940 2426
1941 2426
1942 2429
1943 2421
1944 2425
1945 2425
1946 2423
1947 2422
1948 2421
1949 2419
1950 2417
1951 2418
1952 2421
1953 2420
1954 2424
1955 2423
1956 2429
1957 2417
1958 2425
1959 2425
1960 2419
1961 2420
1962 2418
1963 2420
1964 2421
1965 2420
1966 2427
1967 2427
1968 2424
1969 2422
1970 2424
1971 2423
1972 2423
1973 2423
1974 2423
1975 2423
1976 2422
1977 2422
1978 2422
1979 2422
1980 2422
1981 2422
1982 2422
1983 2422
1984 2422
1985 2422
1986 2422
1987 2422
1988 2422
1989 2422
1990 2422
1991 2422
1992 2421
1993 2422
1994 2422
1995 2422
1996 2422
1997 2422
1998 2422
1999 2422
2000 2422
2001 2422
2002 2422
2003 2422
2004 2422
2005 2421
2006 2421
2007 2421
2008 2421
2009 2421
2010 2421
2011 2421
2012 2421
2013 2420
2014 2419
2015 2420
2016 2420
2017 2420
2018 2419
2019 2421
2020 2419
2021 2420
2022 2422
2023 2418
2024 2423
2025 2418
2026 2421
2027 2418
2028 2418
2029 2419
2030 2419
2031 2420
2032 2418
2033 2418
2034 2418
2035 2417
2036 2417
2037 2418
2038 2419
2039 2419
2040 2419
2041 2420
2042 2418
2043 2417
2044 2417
2045 2419
2046 2416
2047 2417
2048 2417
2049 2418
2050 2417
2051 2417
2052 2417
2053 2418
2054 2419
2055 2419
2056 2419
2057 2418
2058 2418
2059 2418
2060 2418
2061 2418
2062 2419
2063 2419
2064 2418
2065 2418
2066 2418
2067 2418
2068 2419
2069 2418
2070 2418
2071 2418
2072 2418
2073 2419
2074 2418
2075 2417
2076 2421
2077 2421
2078 2421
2079 2417
2080 2421
2081 2419
2082 2418
2083 2418
2084 2420
2085 2418
2086 2417
2087 2422
2088 2418
2089 2420
2090 2421
2091 2420
2092 2421
2093 2420
2094 2418
2095 2417
2096 2417
2097 2418
2098 2418
2099 2418
2100 2418
2101 2418
2102 2418
2103 2418
2104 2418
2105 2417
2106 2416
2107 2415
2108 2416
2109 2415
2110 2418
2111 2417
2112 2417
2113 2416
2114 2417
2115 2416
2116 2418
2117 2415
2118 2415
2119 2414
2120 2414
2121 2414
2122 2414
2123 2414
2124 2412
2125 2412
2126 2411
2127 2411
2128 2410
2129 2412
2130 2411
2131 2412
2132 2410
2133 2411
2134 2411
2135 2413
2136 2411
2137 2411
2138 2411
2139 2411
2140 2410
2141 2411
2142 2411
2143 2410
2144 2410
2145 2410
2146 2410
2147 2410
2148 2410
2149 2410
2150 2412
2151 2410
2152 2410
2153 2410
2154 2409
2155 2409
2156 2409
2157 2409
2158 2409
2159 2412
2160 2408
2161 2408
2162 2408
2163 2407
2164 2408
2165 2408
2166 2408
2167 2408
2168 2408
2169 2408
2170 2408
2171 2408
2172 2408
2173 2408
2174 2407
2175 2408
2176 2407
2177 2407
2178 2407
2179 2407
2180 2406
2181 2406
2182 2406
2183 2407
2184 2405
2185 2406
2186 2405
2187 2411
2188 2405
2189 2405
2190 2405
2191 2406
2192 2405
2193 2405
2194 2405
2195 2405
2196 2405
2197 2405
2198 2405
2199 2405
2200 2405
2201 2405
2202 2404
2203 2404
2204 2403
2205 2421
2206 2414
2207 2405
2208 2415
2209 2412
2210 2410
2211 2414
2212 2412
2213 2412
2214 2408
2215 2408
2216 2408
2217 2413
2218 2416
2219 2416
2220 2415
2221 2420
2222 2420
2223 2409
2224 2408
2225 2409
2226 2409
2227 2409
2228 2408
2229 2408
2230 2408
2231 2409
2232 2409
2233 2409
2234 2410
2235 2411
2236 2411
2237 2411
2238 2408
2239 2411
2240 2411
2241 2412
2242 2409
2243 2409
2244 2409
2245 2409
2246 2408
2247 2409
2248 2409
2249 2407
2250 2409
2251 2411
2252 2408
2253 2408
2254 2409
2255 2405
2256 2405
2257 2404
2258 2404
2259 2405
2260 2406
2261 2406
2262 2405
2263 2405
2264 2404
2265 2404
2266 2398
2267 2401
2268 2402
2269 2403
2270 2417
2271 2417
2272 2407
2273 2405
2274 2404
2275 2404
2276 2404
2277 2405
2278 2405
2279 2405
2280 2404
2281 2404
2282 2403
2283 2406
2284 2396
2285 2404
2286 2401
2287 2403
2288 2404
2289 2403
2290 2403
2291 2406
2292 2402
2293 2403
2294 2403
2295 2403
2296 2402
2297 2402
2298 2402
2299 2402
2300 2401
2301 2401
2302 2403
2303 2404
2304 2402
2305 2401
2306 2401
2307 2400
2308 2400
2309 2400
2310 2400
2311 2400
2312 2400
2313 2399
2314 2400
2315 2401
2316 2400
2317 2400
2318 2401
2319 2400
2320 2400
2321 2400
2322 2400
2323 2400
2324 2400
2325 2400
2326 2400
2327 2405
2328 2400
2329 2401
2330 2400
2331 2400
2332 2402
2333 2403
2334 2400
2335 2400
2336 2400
2337 2400
2338 2400
2339 2400
2340 2400
2341 2400
2342 2400
2343 2400
2344 2400
2345 2400
2346 2400
2347 2400
2348 2400
2349 2400
2350 2400
2351 2399
2352 2400
2353 2400
2354 2400
2355 2400
2356 2400
2357 2399
2358 2399
2359 2399
2360 2399
2361 2399
2362 2399
2363 2399
2364 2399
2365 2399
2366 2398
2367 2401
2368 2399
2369 2398
2370 2398
2371 2398
2372 2398

585 2516
586 2515
587 2518
588 2513
589 2507
590 2507
591 2514
592 2515
593 2514
594 2515
595 2515
596 2515
597 2515
598 2514
599 2514
600 2515
601 2514
602 2516
603 2514
604 2515
605 2520
606 2515
607 2520
608 2515
609 2516
610 2514
611 2515
612 2506
613 2514
614 2514
615 2515
616 2515
617 2516
618 2519
619 2505
620 2515
621 2506
622 2519
623 2515
624 2517
625 2506
626 2512
627 2506
628 2507
629 2505
630 2512
631 2506
632 2508
633 2510
634 2513
635 2516
636 2512
637 2513
638 2510
639 2508
640 2509
641 2511
642 2513
643 2513
644 2509
645 2513
646 2511
647 2511
648 2511
649 2510
650 2511
651 2509
652 2513
653 2510
654 2509
655 2509
656 2509
657 2510
658 2509
659 2511
660 2510
661 2510
662 2509
663 2510
664 2507
665 2513
666 2509
667 2510
668 2514
669 2513
670 2509
671 2508
672 2513
673 2509
674 2509
675 2508
676 2509
677 2509
678 2504
679 2509
680 2504
681 2501
682 2508
683 2508
684 2509
685 2509
686 2507
687 2508
688 2507
689 2509
690 2507
691 2508
692 2500
693 2507
694 2508
695 2509
696 2507
697 2509
698 2512
699 2508
700 2500
701 2508
702 2509
703 2513
704 2508
705 2508
706 2509
707 2508
708 2507
709 2508
710 2508
711 2508
712 2506
713 2500
714 2507
715 2507
716 2508
717 2506
718 2507
719 2506
720 2506
721 2499
722 2506
723 2507
724 2504
725 2505
726 2510
727 2506
728 2505
729 2505
730 2505
731 2504
732 2505
733 2505
734 2503
735 2505
736 2505
737 2506
738 2506
739 2505
740 2504
741 2504
742 2503
743 2505
744 2504
745 2504
746 2504
747 2504
748 2503
749 2503
750 2504
751 2502
752 2503
753 2503
754 2502
755 2502
756 2502
757 2503
758 2502
759 2500
760 2505
761 2497
762 2502
763 2502
764 2501
765 2502
766 2502
767 2502
768 2502
769 2501
770 2502
771 2500
772 2501
773 2500
774 2499
775 2499
776 2501
777 2501
778 2507
779 2496
780 2501
781 2501
782 2494
783 2494
784 2501
785 2501
786 2496
787 2502
788 2495
789 2495
790 2493
791 2501
792 2496
793 2494
794 2495
795 2497
796 2502
797 2501
798 2501
799 2500
800 2500
801 2500
802 2501
803 2500
804 2498
805 2506
806 2495
807 2500
808 2501
809 2500
810 2500
811 2500
812 2496

