3894 2519
3895 2520
3896 2522
3897 2522
3898 2523
3899 2523
3900 2523
3901 2525
3902 2521
3903 2520
3904 2521
3905 2521
3906 2521
3907 2522
3908 2523
3909 2522
3910 2523
3911 2524
3912 2528
3913 2526
3914 2526
3915 2523
3916 2523
3917 2528
3918 2524
3919 2524
3920 2524
3921 2525
3922 2524
3923 2524
3924 2524
3925 2522
3926 2522
3927 2523
3928 2522
3929 2523
3930 2521
3931 2520
3932 2525
3933 2526
3934 2527
3935 2522
3936 2523
3937 2524
3938 2526
3939 2525
3940 2525
3941 2525
3942 2524
3943 2523
3944 2524
3945 2524
3946 2525
3947 2526
3948 2524
3949 2524
3950 2524
3951 2524
3952 2525
3953 2524
3954 2524
3955 2524
3956 2525
3957 2525
3958 2524
3959 2525
3960 2532
3961 2525
3962 2525
3963 2525
3964 2525
3965 2526
3966 2528
3967 2527
3968 2523
3969 2529
3970 2525
3971 2524
3972 2523
3973 2524
3974 2532
3975 2527
3976 2533
3977 2524
3978 2532
3979 2524
3980 2524
3981 2532
3982 2524
3983 2523
3984 2523
3985 2523
3986 2531
3987 2524
3988 2525
3989 2530
3990 2525
3991 2525
3992 2532
3993 2525
3994 2523
3995 2532
3996 2532
3997 2524
3998 2523
3999 2523
4000 2523
4001 2523
4002 2523
4003 2523
4004 2524
4005 2523
4006 2526
4007 2522
4008 2523
4009 2524
4010 2522
4011 2523
4012 2522
4013 2522
4014 2522
4015 2522
4016 2522
4017 2523
4018 2523
4019 2523
4020 2523
4021 2522
4022 2523
4023 2526
4024 2522
4025 2522
4026 2523
4027 2525
4028 2524
4029 2526
4030 2523
4031 2525
4032 2525
4033 2525
4034 2524
4035 2524
4036 2524
4037 2525
4038 2523
4039 2524
4040 2523
4041 2523
4042 2535
4043 2521
4044 2521
4045 2521
4046 2521
4047 2521
4048 2521
4049 2521
4050 2521
4051 2521
4052 2521
4053 2522
4054 2522
4055 2523
4056 2523
4057 2523
4058 2521
4059 2528
4060 2520
4061 2522
4062 2523
4063 2521
4064 2521
4065 2522
4066 2525
4067 2524
4068 2516
4069 2516
4070 2517
4071 2522
4072 2523
4073 2524
4074 2526
4075 2526
4076 2525
4077 2527
4078 2526
4079 2526
4080 2526
4081 2526
4082 2527
4083 2526
4084 2524
4085 2524
4086 2523
4087 2523
4088 2523
4089 2523
4090 2524
4091 2524
4092 2524
4093 2525
4094 2525
4095 2525
4096 2527
4097 2524
4098 2525
4099 2524
4100 2524
4101 2524
4102 2524
4103 2524
4104 2524
4105 2524
4106 2523
4107 2523
4108 2523
4109 2523
4110 2523
4111 2523
4112 2523
4113 2522
4114 2522
4115 2522
4116 2526
4117 2521
4118 2522
4119 2523
4120 2522
4121 2524
4122 2523
4123 2522
4124 2521
4125 2521
4126 2520
4127 2520
4128 2530
4129 2521
4130 2520
4131 2530
4132 2520
4133 2519
4134 2519
4135 2520
4136 2520
4137 2520
4138 2520
4139 2521
4140 2521
4141 2521
4142 2521
4143 2521
4144 2521
4145 2520
4146 2519
4147 2519
4148 2518
4149 2518
4150 2529
4151 2529
4152 2529
4153 2520
4154 2520
4155 2520
4156 2521
4157 2519
4158 2518
4159 2518
4160 2519
4161 2519
4162 2519
4163 2519
4164 2518
4165 2517
4166 2517
4167 2517
4168 2517
4169 2517
4170 2517
4171 2518
4172 2518
4173 2519
4174 2518
4175 2518
4176 2519
4177 2519
4178 2519
4179 2519
4180 2520
4181 2521
4182 2519
4183 2519
4184 2518
4185 2518
4186 2519
4187 2518
4188 2518
4189 2518
4190 2518
4191 2518
4192 2518
4193 2518
4194 2517
4195 2518
4196 2518
4197 2518
4198 2518
4199 2518
4200 2523
4201 2517
4202 2517
4203 2518
4204 2518
4205 2518
4206 2519
4207 2518
4208 2518
4209 2518
4210 2518
4211 2518
4212 2518
4213 2518
4214 2518
4215 2518
4216 2518
4217 2519
4218 2518
4219 2518
4220 2518
4221 2518
4222 2518
4223 2518
4224 2517
4225 2517
4226 2517
4227 2517
4228 2517
4229 2517
4230 2516
4231 2516
4232 2517
4233 2517
4234 2517
4235 2517
4236 2518
4237 2519
4238 2527
4239 2517
4240 2516
4241 2516
4242 2527
4243 2515
4244 2516
4245 2516
4246 2515
4247 2515
4248 2515
4249 2514
4250 2515
4251 2517
4252 2517
4253 2516
4254 2515
4255 2515
4256 2515
4257 2516
4258 2515
4259 2515
4260 2515
4261 2516
4262 2517
4263 2516
4264 2516
4265 2516
4266 2518
4267 2517
4268 2517
4269 2517
4270 2517
4271 2517
4272 2516
4273 2516
4274 2515
4275 2514
4276 2514
4277 2515
4278 2514
4279 2514
4280 2514
4281 2515
4282 2515
4283 2515
4284 2514
4285 2514
4286 2515
4287 2515
4288 2516
4289 2517
4290 2518
4291 2518
4292 2518
4293 2518
4294 2518
4295 2518
4296 2518
4297 2518
4298 2518
4299 2518
4300 2518
4301 2518
4302 2517
4303 2518
4304 2518
4305 2518
4306 2517
4307 2518
4308 2519
4309 2518
4310 2517
4311 2517
4312 2516
4313 2516
4314 2517
4315 2516
4316 2516
4317 2516
4318 2517
4319 2517
4320 2516
4321 2515
4322 2521
4323 2515
4324 2515
4325 2516
4326 2517
4327 2517
4328 2515
4329 2515
4330 2515
4331 2515
4332 2515
4333 2516
4334 2515
4335 2516
4336 2516
4337 2516
4338 2517
4339 2517
4340 2517
4341 2517
4342 2517
4343 2516
4344 2517
4345 2517
4346 2516
4347 2516
4348 2516
4349 2516
4350 2516
4351 2517
4352 2517
4353 2516
4354 2517
4355 2516
4356 2517
4357 2516
4358 2516
4359 2517
4360 2517
4361 2518
4362 2518
4363 2517
4364 2517
4365 2518
4366 2517
4367 2517
4368 2517
4369 2517
4370 2518
4371 2517
4372 2517
4373 2518
4374 2518
4375 2517
4376 2518
4377 2518
4378 2517
4379 2518
4380 2518
4381 2518
4382 2517
4383 2517
4384 2521
4385 2522
4386 2526
4387 2517
4388 2518
4389 2517
4390 2517
4391 2517
4392 2517
4393 2517
4394 2517
4395 2517
4396 2517
4397 2516
4398 2515
4399 2516
4400 2517
4401 2518
4402 2515
4403 2516
4404 2516
4405 2516
4406 2516
4407 2516
4408 2517
4409 2517
4410 2517
4411 2510
4412 2512
4413 2512
4414 2514
4415 2515
4416 2522
4417 2523
4418 2515
4419 2515
4420 2515
4421 2524
4422 2519
4423 2514
4424 2514
4425 2514
4426 2514
4427 2513
4428 2513
4429 2513
4430 2517
4431 2517
4432 2517
4433 2517
4434 2515
4435 2514
4436 2514
4437 2514
4438 2514
4439 2516
4440 2516
4441 2515
4442 2515
4443 2516
4444 2515
4445 2515
4446 2514
4447 2514
4448 2513
4449 2513
4450 2513
4451 2513
4452 2513
4453 2512
4454 2513
4455 2513
4456 2513
4457 2513
4458 2513
4459 2512
4460 2523
4461 2513
4462 2513
4463 2516
4464 2516
4465 2514
4466 2514
4467 2514
4468 2515
4469 2515
4470 2515
4471 2514
4472 2514
4473 2514
4474 2516
4475 2517
4476 2513
4477 2514
4478 2514
4479 2516
4480 2517
4481 2518
4482 2511
4483 2512
4484 2512
4485 2513
4486 2513
4487 2513
4488 2514
4489 2516
4490 2515
4491 2516
4492 2515
4493 2517
4494 2518
4495 2519
4496 2516
4497 2518
4498 2519
4499 2517
4500 2520
4501 2520
4502 2517
4503 2518
4504 2518
4505 2520
4506 2518
4507 2517
4508 2518
4509 2520
4510 2521
4511 2517
4512 2517
4513 2517
4514 2516
4515 2520
4516 2519
4517 2518
4518 2517
4519 2517
4520 2517
4521 2517
4522 2517
4523 2517
4524 2517
4525 2517
4526 2515
4527 2527
4528 2526
4529 2526
4530 2526
4531 2526
4532 2523
4533 2526
4534 2526
4535 2526
4536 2526
4537 2526
4538 2524
4539 2530
4540 2515
4541 2517
4542 2518
4543 2517
4544 2518
4545 2520
4546 2521
4547 2518
4548 2517
4549 2517
4550 2521
4551 2522
4552 2517
4553 2518
4554 2518
4555 2519
4556 2518
4557 2517
4558 2518
4559 2522
4560 2518
4561 2517
4562 2518
4563 2518
4564 2518
4565 2517
4566 2518
4567 2517
4568 2521
4569 2521
4570 2517
4571 2519
4572 2518
4573 2519
4574 2519
4575 2517
4576 2521
4577 2516
4578 2517
4579 2517
4580 2524
4581 2524
4582 2518
4583 2517
4584 2516
4585 2515
4586 2518
4587 2517
4588 2517
4589 2516
4590 2516
4591 2516
4592 2516
4593 2517
4594 2517
4595 2516
4596 2516
4597 2519
4598 2516
4599 2521
4600 2519
4601 2516
4602 2516
4603 2516
4604 2516
4605 2517
4606 2518
4607 2517
4608 2518
4609 2520
4610 2520
4611 2514
4612 2517
4613 2517
4614 2514
4615 2516
4616 2517
4617 2513
4618 2513
4619 2516
4620 2513
4621 2512
4622 2512
4623 2512
4624 2511
4625 2512
4626 2511
4627 2510
4628 2510
4629 2510
4630 2511
4631 2511
4632 2511
4633 2512
4634 2513
4635 2514
4636 2515
4637 2515
4638 2517
4639 2517
4640 2524
4641 2517
4642 2517
4643 2517
4644 2518
4645 2517
4646 2524
4647 2524
4648 2517
4649 2518
4650 2518
4651 2518
4652 2518
4653 2521
4654 2522
4655 2517
4656 2517
4657 2517
4658 2517
4659 2518
4660 2520
4661 2517
4662 2518
4663 2517
4664 2517
4665 2517
4666 2517
4667 2517
4668 2518
4669 2516
4670 2516
4671 2517
4672 2517
4673 2517
4674 2518
4675 2519
4676 2523
4677 2516
4678 2518
4679 2516
4680 2517
4681 2516
4682 2519
4683 2516
4684 2516
4685 2517
4686 2518
4687 2516
4688 2517
4689 2515
4690 2517
4691 2519
4692 2516
4693 2516
4694 2516
4695 2515
4696 2515
4697 2515
4698 2515
4699 2515
4700 2515
4701 2515
4702 2515
4703 2514
4704 2514
4705 2515
4706 2514
4707 2515
4708 2515
4709 2515
4710 2516
4711 2514
4712 2516
4713 2515
4714 2514
4715 2515
4716 2521
4717 2513
4718 2513
4719 2512
4720 2513
4721 2513
4722 2513
4723 2517
4724 2514
4725 2513
4726 2512
4727 2515
4728 2511
4729 2512
4730 2512
4731 2512
4732 2508
4733 2508
4734 2512
4735 2512
4736 2516
4737 2512
4738 2520
4739 2514
4740 2513
4741 2514
4742 2512
4743 2513
4744 2514
4745 2514
4746 2514
4747 2513
4748 2516
4749 2513
4750 2513
4751 2513
4752 2513
4753 2512
4754 2512
4755 2511
4756 2523
4757 2511
4758 2511
4759 2513
4760 2512
4761 2522
4762 2524
4763 2524
4764 2512
4765 2511
4766 2512
4767 2512
4768 2513
4769 2511
4770 2511
4771 2511
4772 2511
4773 2512
4774 2512
4775 2512
4776 2511
4777 2512
4778 2514
4779 2513
4780 2512
4781 2515
4782 2512
4783 2513
4784 2511
4785 2511
4786 2512
4787 2513
4788 2512
4789 2512
4790 2511
4791 2511
4792 2511
4793 2511
4794 2513
4795 2511
4796 2512
4797 2511
4798 2511
4799 2511
4800 2510
4801 2511
4802 2511
4803 2511
4804 2511
4805 2510
4806 2510
4807 2510
4808 2511
4809 2514
4810 2511
4811 2511
4812 2511
4813 2511
4814 2511
4815 2512
4816 2511
4817 2511
4818 2511
4819 2521
4820 2512
4821 2513
4822 2510
4823 2510
4824 2510
4825 2511
4826 2510
4827 2510
4828 2511
4829 2511
4830 2511
4831 2511
4832 2511
4833 2512
4834 2514
4835 2511
4836 2511
4837 2510
4838 2510
4839 2510
4840 2510
4841 2510
4842 2510
4843 2510
4844 2510
4845 2510
4846 2510
4847 2510
4848 2511
4849 2510
4850 2511
4851 2510
4852 2510
4853 2511
4854 2512
4855 2511
4856 2511
4857 2510
4858 2515
4859 2515
4860 2513
4861 2514
4862 2513
4863 2511
4864 2511
4865 2511
4866 2512
4867 2511
4868 2510
4869 2511
4870 2511
4871 2511
4872 2510
4873 2510
4874 2509
4875 2514
4876 2510
4877 2510
4878 2510
4879 2512
4880 2512
4881 2512
4882 2512
4883 2512
4884 2512
4885 2513
4886 2512
4887 2511
4888 2511
4889 2516
4890 2517
4891 2517
4892 2512
4893 2512
4894 2511
4895 2513
4896 2513
4897 2512
4898 2512
4899 2518
4900 2513
4901 2513
4902 2513
4903 2513
4904 2513
4905 2513
4906 2513
4907 2512
4908 2513
4909 2512
4910 2511
4911 2511
4912 2511
4913 2511
4914 2511
4915 2511
4916 2512
4917 2513
4918 2514
4919 2513
4920 2513
4921 2513
4922 2512
4923 2512
4924 2512
4925 2513
4926 2513
4927 2512
4928 2513
4929 2513
4930 2512
4931 2515
4932 2514
4933 2515
4934 2513
4935 2512
4936 2513
4937 2514
4938 2514
4939 2514
4940 2513
4941 2513
4942 2513
4943 2513
4944 2514
4945 2514
4946 2514
4947 2513
4948 2513
4949 2514
4950 2514
4951 2514
4952 2514
4953 2517
4954 2513
4955 2514
4956 2514
4957 2513
4958 2513
4959 2513
4960 2514
4961 2513
4962 2513
4963 2514
4964 2515
4965 2515
4966 2514
4967 2515
4968 2513
4969 2513
4970 2514
4971 2515
4972 2515
4973 2514
4974 2515
4975 2514
4976 2515
4977 2515
4978 2514
4979 2515
4980 2514
4981 2515
4982 2516
4983 2516
4984 2515
4985 2514
4986 2515
4987 2515
4988 2515
4989 2515
4990 2515
4991 2515
4992 2514
4993 2514
4994 2514
4995 2514
4996 2514
4997 2515
4998 2515
4999 2514
5000 2514
5001 2515
5002 2514
5003 2514
5004 2515
5005 2515
5006 2515
5007 2515
5008 2514
5009 2514
5010 2514
5011 2514
5012 2512
5013 2513
5014 2512
5015 2511
5016 2512
5017 2512
5018 2512
5019 2512
5020 2515
5021 2517
5022 2513
5023 2523
5024 2515
5025 2513
5026 2518
5027 2518
5028 2517
5029 2519
5030 2515
5031 2515
5032 2514
5033 2513
5034 2513
5035 2523
5036 2512
5037 2522
5038 2511
5039 2514
5040 2515
5041 2520
5042 2519
5043 2519
5044 2520
5045 2523
5046 2527
5047 2520
5048 2521
5049 2521
5050 2526
5051 2525
5052 2521
5053 2517
5054 2521
5055 2521
5056 2522
5057 2524
5058 2519
5059 2521
5060 2520
5061 2518
5062 2518
5063 2522
5064 2521
5065 2532
5066 2532
5067 2532
5068 2531
5069 2531
5070 2531
5071 2529
5072 2532
5073 2532
5074 2532
5075 2517
5076 2515
5077 2514
5078 2533
5079 2528
5080 2525
5081 2524
5082 2524
5083 2529
5084 2531
5085 2522
5086 2526
5087 2519
5088 2527
5089 2530
5090 2520
5091 2522
5092 2522
5093 2521
5094 2521
5095 2521
5096 2525
5097 2531
5098 2525
5099 2526
5100 2526
5101 2528
5102 2526
5103 2524
5104 2523
5105 2524
5106 2523
5107 2523
5108 2526
5109 2531
5110 2522
5111 2522
5112 2527
5113 2525
5114 2523
5115 2527
5116 2524
5117 2523
5118 2523
5119 2523
5120 2523
5121 2523
5122 2523
5123 2523
5124 2523
5125 2523
5126 2523
5127 2524
5128 2523
5129 2524
5130 2523
5131 2528
5132 2524
5133 2524
5134 2524
5135 2524
5136 2525
5137 2525
5138 2525
5139 2524
5140 2534
5141 2525
5142 2528
5143 2526
5144 2525
5145 2530
5146 2524
5147 2533
5148 2526
5149 2525
5150 2527
5151 2527
5152 2525
5153 2525
5154 2526
5155 2525
5156 2525
5157 2525
5158 2527
5159 2529
5160 2529
5161 2523
5162 2531
5163 2530
5164 2529
5165 2527
5166 2527
5167 2528
5168 2530
5169 2523
5170 2526
5171 2525
5172 2524
5173 2523
5174 2523
5175 2530
5176 2523
5177 2526
5178 2525
5179 2524
5180 2524
5181 2525
5182 2525
5183 2528
5184 2520
5185 2520
5186 2518
5187 2518
5188 2520
5189 2520
5190 2521
5191 2512
5192 2527
5193 2529
5194 2530
5195 2525
5196 2524
5197 2521
5198 2524
5199 2520
5200 2521
5201 2524
5202 2524
5203 2518
5204 2525
5205 2526
5206 2506
5207 2506
5208 2506
5209 2505
5210 2506
5211 2507
5212 2509
5213 2509
5214 2508
5215 2508
5216 2507
5217 2505
5218 2513
5219 2515
5220 2515
5221 2511
5222 2510
5223 2517
5224 2519
5225 2520
5226 2523
5227 2511
5228 2516
5229 2522
5230 2513
5231 2515
5232 2514
5233 2524
5234 2521
5235 2518
5236 2518
5237 2511
5238 2509
5239 2510
5240 2511
5241 2512
5242 2512
5243 2511
5244 2512
5245 2511
5246 2511
5247 2511
5248 2511
5249 2510
5250 2511
5251 2510
5252 2511
5253 2510
5254 2509
5255 2509
5256 2509
5257 2508
5258 2508
5259 2508
5260 2508
5261 2508
5262 2508
5263 2507
5264 2506
5265 2505
5266 2505
5267 2506
5268 2506
5269 2505
5270 2505
5271 2506
5272 2506
5273 2507
5274 2509
5275 2511
5276 2510
5277 2512
5278 2508
5279 2511
5280 2507
5281 2505
5282 2497
5283 2498
5284 2497
5285 2497
5286 2498
5287 2499
5288 2499
5289 2499
5290 2500
5291 2500
5292 2500
5293 2500
5294 2504
5295 2499
5296 2500
5297 2500
5298 2500
5299 2500
5300 2501
5301 2500
5302 2504
5303 2500
5304 2500
5305 2500
5306 2500
5307 2512
5308 2499
5309 2502
5310 2499
5311 2501
5312 2501
5313 2501
5314 2502
5315 2500
5316 2500
5317 2511
5318 2511
5319 2502
5320 2505
5321 2501
5322 2501
5323 2501

