3291 2511
3292 2511
3293 2511
3294 2511
3295 2511
3296 2512
3297 2511
3298 2511
3299 2511
3300 2511
3301 2512
3302 2512
3303 2513
3304 2511
3305 2511
3306 2512
3307 2511
3308 2511
3309 2512
3310 2511
3311 2511
3312 2510
3313 2511
3314 2511
3315 2512
3316 2512
3317 2512
3318 2511
3319 2511
3320 2511
3321 2510
3322 2511
3323 2512
3324 2512
3325 2512
3326 2512
3327 2512
3328 2512
3329 2512
3330 2512
3331 2511
3332 2511
3333 2511
3334 2511
3335 2510
3336 2510
3337 2513
3338 2511
3339 2511
3340 2510
3341 2511
3342 2510
3343 2513
3344 2512
3345 2515
3346 2511
3347 2511
3348 2511
3349 2511
3350 2512
3351 2512
3352 2511
3353 2511
3354 2511
3355 2511
3356 2511
3357 2511
3358 2511
3359 2511
3360 2511
3361 2511
3362 2511
3363 2510
3364 2511
3365 2511
3366 2510
3367 2510
3368 2511
3369 2510
3370 2511
3371 2511
3372 2511
3373 2511
3374 2513
3375 2511
3376 2513
3377 2510
3378 2511
3379 2510
3380 2511
3381 2510
3382 2511
3383 2511
3384 2510
3385 2510
3386 2510
3387 2510
3388 2510
3389 2510
3390 2510
3391 2510
3392 2510
3393 2510
3394 2510
3395 2509
3396 2509
3397 2509
3398 2508
3399 2508
3400 2509
3401 2508
3402 2508
3403 2509
3404 2509
3405 2508
3406 2509
3407 2509
3408 2509
3409 2508
3410 2509
3411 2508
3412 2509
3413 2509
3414 2508
3415 2509
3416 2508
3417 2509
3418 2507
3419 2508
3420 2509
3421 2508
3422 2506
3423 2507
3424 2509
3425 2502
3426 2504
3427 2504
3428 2503
3429 2503
3430 2504
3431 2503
3432 2503
3433 2505
3434 2509
3435 2505
3436 2513
3437 2507
3438 2511
3439 2513
3440 2517
3441 2506
3442 2506
3443 2512
3444 2505
3445 2513
3446 2508
3447 2508
3448 2508
3449 2509
3450 2507
3451 2508
3452 2510
3453 2509
3454 2508
3455 2509
3456 2507
3457 2512
3458 2499
3459 2503
3460 2502
3461 2501
3462 2511
3463 2511
3464 2502
3465 2501
3466 2499
3467 2498
3468 2496
3469 2497
3470 2497
3471 2507
3472 2509
3473 2509
3474 2506
3475 2508
3476 2498
3477 2499
3478 2499
3479 2498
3480 2506
3481 2504
3482 2504
3483 2503
3484 2501
3485 2500
3486 2496
3487 2502
3488 2493
3489 2499
3490 2495
3491 2494
3492 2504
3493 2491
3494 2495
3495 2501
3496 2493
3497 2494
3498 2499
3499 2493
3500 2493
3501 2493
3502 2493
3503 2492
3504 2491
3505 2493
3506 2493
3507 2489
3508 2489
3509 2489
3510 2489
3511 2490
3512 2489
3513 2493
3514 2489
3515 2490
3516 2497
3517 2500
3518 2493
3519 2500
3520 2498
3521 2488
3522 2488
3523 2494
3524 2489
3525 2497
3526 2494
3527 2494
3528 2491
3529 2497
3530 2492
3531 2492
3532 2492
3533 2493
3534 2493
3535 2492
3536 2495
3537 2492
3538 2492
3539 2492
3540 2491
3541 2493
3542 2492
3543 2492
3544 2492
3545 2492
3546 2492
3547 2493
3548 2492
3549 2493
3550 2493
3551 2492
3552 2492
3553 2492
3554 2492
3555 2492
3556 2493
3557 2492
3558 2492
3559 2493
3560 2492
3561 2492
3562 2492
3563 2491
3564 2491
3565 2492
3566 2492
3567 2490
3568 2492
3569 2490
3570 2491
3571 2491
3572 2491
3573 2495
3574 2492
3575 2493
3576 2491
3577 2491
3578 2491
3579 2492
3580 2491
3581 2492
3582 2493
3583 2490
3584 2490
3585 2490
3586 2491
3587 2492
3588 2492
3589 2492
3590 2492
3591 2492
3592 2492
3593 2492
3594 2491
3595 2491
3596 2491
3597 2492
3598 2491
3599 2491
3600 2493
3601 2494
3602 2495
3603 2492
3604 2493
3605 2492
3606 2492
3607 2492
3608 2493
3609 2492
3610 2492
3611 2492
3612 2492
3613 2492
3614 2492
3615 2493
3616 2492
3617 2492
3618 2492
3619 2491
3620 2492
3621 2492
3622 2492
3623 2492
3624 2492
3625 2492
3626 2493
3627 2492
3628 2492
3629 2493
3630 2492
3631 2492
3632 2492
3633 2492
3634 2492
3635 2492
3636 2492
3637 2492
3638 2492
3639 2491
3640 2492
3641 2491
3642 2492
3643 2492
3644 2491
3645 2492
3646 2492
3647 2491
3648 2492
3649 2492
3650 2492
3651 2492
3652 2491
3653 2492
3654 2492
3655 2492
3656 2492
3657 2491
3658 2490
3659 2491
3660 2492
3661 2494
3662 2491
3663 2492
3664 2492
3665 2497
3666 2491
3667 2491
3668 2491
3669 2492
3670 2491
3671 2492
3672 2492
3673 2491
3674 2491
3675 2491
3676 2490
3677 2491
3678 2490
3679 2491
3680 2491
3681 2492
3682 2492
3683 2491
3684 2491
3685 2491
3686 2491
3687 2491
3688 2491
3689 2491
3690 2491
3691 2491
3692 2491
3693 2491
3694 2491
3695 2491
3696 2491
3697 2491
3698 2492
3699 2491
3700 2491
3701 2491
3702 2491
3703 2492
3704 2491
3705 2491
3706 2491
3707 2491
3708 2491
3709 2491
3710 2490
3711 2491
3712 2490
3713 2491
3714 2492
3715 2491
3716 2491
3717 2491
3718 2491
3719 2491
3720 2491
3721 2491
3722 2491
3723 2491
3724 2491
3725 2491
3726 2491
3727 2492
3728 2491
3729 2492
3730 2490
3731 2491
3732 2491
3733 2491
3734 2491
3735 2495
3736 2490
3737 2492
3738 2491
3739 2491
3740 2491
3741 2491
3742 2490
3743 2491
3744 2491
3745 2491
3746 2491
3747 2491
3748 2491
3749 2491
3750 2491
3751 2491
3752 2491
3753 2491
3754 2491
3755 2491
3756 2491
3757 2491
3758 2491
3759 2491
3760 2491
3761 2491
3762 2491
3763 2491
3764 2491
3765 2491
3766 2491
3767 2491
3768 2491
3769 2491
3770 2491
3771 2491
3772 2491
3773 2491
3774 2491
3775 2491
3776 2491
3777 2491
3778 2491
3779 2491
3780 2491
3781 2491
3782 2491
3783 2491
3784 2491
3785 2491
3786 2491
3787 2491
3788 2491
3789 2491
3790 2491
3791 2491
3792 2491
3793 2491
3794 2491
3795 2491
3796 2491
3797 2491
3798 2491
3799 2491
3800 2491
3801 2491
3802 2491
3803 2491
3804 2491
3805 2491
3806 2491
3807 2495
3808 2490
3809 2491
3810 2491
3811 2491
3812 2491
3813 2491
3814 2491
3815 2491
3816 2491
3817 2491
3818 2491
3819 2491
3820 2491
3821 2491
3822 2491
3823 2491
3824 2491
3825 2491
3826 2491
3827 2491
3828 2491
3829 2491
3830 2491
3831 2491
3832 2491
3833 2491
3834 2491
3835 2491
3836 2491
3837 2492
3838 2491
3839 2491
3840 2491
3841 2491
3842 2491
3843 2491
3844 2491
3845 2491
3846 2491
3847 2491
3848 2491
3849 2491
3850 2491
3851 2491
3852 2491
3853 2491
3854 2491
3855 2491
3856 2491

