2722 2514
2723 2511
2724 2510
2725 2510
2726 2510
2727 2510
2728 2509
2729 2512
2730 2510
2731 2510
2732 2511
2733 2511
2734 2511
2735 2511
2736 2512
2737 2514
2738 2514
2739 2512
2740 2513
2741 2512
2742 2513
2743 2514
2744 2514
2745 2514
2746 2515
2747 2514
2748 2514
2749 2515
2750 2515
2751 2515
2752 2513
2753 2518
2754 2514
2755 2516
2756 2514
2757 2515
2758 2515
2759 2517
2760 2517
2761 2516
2762 2515
2763 2515
2764 2515
2765 2517
2766 2515
2767 2515
2768 2516
2769 2515
2770 2514
2771 2514
2772 2515
2773 2516
2774 2518
2775 2515
2776 2515
2777 2516
2778 2515
2779 2515
2780 2515
2781 2515
2782 2515
2783 2515
2784 2515
2785 2515
2786 2514
2787 2514
2788 2514
2789 2514
2790 2513
2791 2513
2792 2513
2793 2514
2794 2514
2795 2514
2796 2514
2797 2514
2798 2514
2799 2514
2800 2516
2801 2513
2802 2519
2803 2517
2804 2515
2805 2519
2806 2515
2807 2516
2808 2513
2809 2513
2810 2512
2811 2517
2812 2517
2813 2517
2814 2516
2815 2513
2816 2514
2817 2517
2818 2515
2819 2514
2820 2515
2821 2515
2822 2513
2823 2512
2824 2513
2825 2513
2826 2513
2827 2513
2828 2513
2829 2511
2830 2512
2831 2515
2832 2510
2833 2511
2834 2511
2835 2518
2836 2511
2837 2513
2838 2513
2839 2513
2840 2514
2841 2515
2842 2512
2843 2511
2844 2512
2845 2512
2846 2512
2847 2513
2848 2512
2849 2513
2850 2512
2851 2515
2852 2515
2853 2512
2854 2512
2855 2512
2856 2512
2857 2512
2858 2512
2859 2510
2860 2510
2861 2510
2862 2509
2863 2510
2864 2514
2865 2514
2866 2510
2867 2514
2868 2520
2869 2510
2870 2511
2871 2510
2872 2511
2873 2511
2874 2511
2875 2514
2876 2514
2877 2514
2878 2515
2879 2510
2880 2510
2881 2509
2882 2510
2883 2512
2884 2513
2885 2515
2886 2512
2887 2514
2888 2510
2889 2508
2890 2509
2891 2514
2892 2516
2893 2510
2894 2509
2895 2510
2896 2510
2897 2509
2898 2512
2899 2513
2900 2508
2901 2508
2902 2513
2903 2509
2904 2509
2905 2510
2906 2510
2907 2509
2908 2513
2909 2515
2910 2515
2911 2508
2912 2513
2913 2509
2914 2508
2915 2509
2916 2508
2917 2511
2918 2507
2919 2512
2920 2508
2921 2508
2922 2507
2923 2515
2924 2507
2925 2510
2926 2507
2927 2506
2928 2506
2929 2505
2930 2506
2931 2508
2932 2507
2933 2508
2934 2506
2935 2510
2936 2508
2937 2506
2938 2506
2939 2506
2940 2506
2941 2507
2942 2507
2943 2509
2944 2514
2945 2511
2946 2508
2947 2508
2948 2508
2949 2508
2950 2513
2951 2507
2952 2507
2953 2506
2954 2505
2955 2505
2956 2505
2957 2506
2958 2506
2959 2506
2960 2507
2961 2507
2962 2507
2963 2507
2964 2505
2965 2506
2966 2510
2967 2510
2968 2511
2969 2508
2970 2508
2971 2506
2972 2506
2973 2509
2974 2510
2975 2505
2976 2504
2977 2506
2978 2511
2979 2506
2980 2510
2981 2506
2982 2506
2983 2505
2984 2505
2985 2506
2986 2510
2987 2506
2988 2506
2989 2510
2990 2508
2991 2509
2992 2508
2993 2509
2994 2514
2995 2512
2996 2505
2997 2505
2998 2505
2999 2504
3000 2504
3001 2505
3002 2510
3003 2504
3004 2508
3005 2508
3006 2509
3007 2504
3008 2504
3009 2504
3010 2506
3011 2505
3012 2504
3013 2504
3014 2503
3015 2503
3016 2503
3017 2504
3018 2504
3019 2504
3020 2508
3021 2504
3022 2505
3023 2504
3024 2503
3025 2503
3026 2503
3027 2504
3028 2503
3029 2503
3030 2502
3031 2502
3032 2508
3033 2503
3034 2502
3035 2503
3036 2503
3037 2501
3038 2503
3039 2503
3040 2502
3041 2503
3042 2503
3043 2502
3044 2503
3045 2502
3046 2502
3047 2502
3048 2502
3049 2502
3050 2502
3051 2508
3052 2505
3053 2502
3054 2510
3055 2503
3056 2504
3057 2504
3058 2506
3059 2506
3060 2503
3061 2506
3062 2504
3063 2507
3064 2503
3065 2508
3066 2506
3067 2508
3068 2503
3069 2506
3070 2502
3071 2503
3072 2503
3073 2504
3074 2504
3075 2504
3076 2504
3077 2504
3078 2507
3079 2502
3080 2503
3081 2503
3082 2503
3083 2504
3084 2504
3085 2504
3086 2503
3087 2503
3088 2503
3089 2503
3090 2503
3091 2505
3092 2507
3093 2503
3094 2502
3095 2502
3096 2503
3097 2503
3098 2502
3099 2509
3100 2502
3101 2503
3102 2503
3103 2508
3104 2503
3105 2503
3106 2503
3107 2502
3108 2507
3109 2505
3110 2504
3111 2504
3112 2504
3113 2503
3114 2506
3115 2502
3116 2503
3117 2505
3118 2507
3119 2503
3120 2502
3121 2506
3122 2503
3123 2503
3124 2503
3125 2502
3126 2507
3127 2504
3128 2503
3129 2507
3130 2503
3131 2502
3132 2503
3133 2503
3134 2503
3135 2503
3136 2503
3137 2501
3138 2502
3139 2502
3140 2502
3141 2502
3142 2502
3143 2502
3144 2505
3145 2505
3146 2502
3147 2506
3148 2503
3149 2503
3150 2508
3151 2501
3152 2502
3153 2506
3154 2505
3155 2508
3156 2502
3157 2503
3158 2501
3159 2501
3160 2501
3161 2505
3162 2505
3163 2501
3164 2501
3165 2500
3166 2501
3167 2501
3168 2501
3169 2501
3170 2501
3171 2501
3172 2500
3173 2501
3174 2504
3175 2503
3176 2504
3177 2500
3178 2501
3179 2501
3180 2504
3181 2504
3182 2500
3183 2501
3184 2501
3185 2501
3186 2500
3187 2500
3188 2500
3189 2505
3190 2500
3191 2500
3192 2502
3193 2503
3194 2504
3195 2500
3196 2499
3197 2499
3198 2499
3199 2499
3200 2499
3201 2500
3202 2499
3203 2498
3204 2498
3205 2498
3206 2498
3207 2498
3208 2498
3209 2498
3210 2498
3211 2498
3212 2498
3213 2498
3214 2498
3215 2498
3216 2498
3217 2498
3218 2498
3219 2498
3220 2498
3221 2501
3222 2499
3223 2500
3224 2500
3225 2499
3226 2498
3227 2498
3228 2498
3229 2498
3230 2498
3231 2499
3232 2498
3233 2498
3234 2499
3235 2498
3236 2498
3237 2498
3238 2498
3239 2500
3240 2499
3241 2498
3242 2497
3243 2497
3244 2503
3245 2498
3246 2498
3247 2497
3248 2501
3249 2497
3250 2498
3251 2497
3252 2497
3253 2497
3254 2497
3255 2497
3256 2498
3257 2497
3258 2498
3259 2497
3260 2498
3261 2497
3262 2496
3263 2497
3264 2502
3265 2497
3266 2497
3267 2497
3268 2497
3269 2506
3270 2497
3271 2496
3272 2497
3273 2498
3274 2501
3275 2497
3276 2497
3277 2498
3278 2498
3279 2499
3280 2497
3281 2497
3282 2500
3283 2498
3284 2501
3285 2498
3286 2496
3287 2496
3288 2497
3289 2497
3290 2497
3291 2497
3292 2498
3293 2497
3294 2497
3295 2497
3296 2497
3297 2500
3298 2497
3299 2497
3300 2497
3301 2498
3302 2497
3303 2497
3304 2497
3305 2497
3306 2498
3307 2497
3308 2497
3309 2497
3310 2497
3311 2497
3312 2497
3313 2497
3314 2497
3315 2499
3316 2497
3317 2496
3318 2496
3319 2496
3320 2496
3321 2496
3322 2496
3323 2496
3324 2496
3325 2496
3326 2497
3327 2497
3328 2497
3329 2497
3330 2497
3331 2497
3332 2497
3333 2496
3334 2496
3335 2497
3336 2496
3337 2496
3338 2496
3339 2496
3340 2496
3341 2496
3342 2496
3343 2496
3344 2496
3345 2496
3346 2496
3347 2496
3348 2496
3349 2496
3350 2496
3351 2496
3352 2496
3353 2496
3354 2496
3355 2496
3356 2496
3357 2496
3358 2496
3359 2496
3360 2496
3361 2496
3362 2496
3363 2496
3364 2496
3365 2496
3366 2496
3367 2496
3368 2496
3369 2496
3370 2496
3371 2496
3372 2496
3373 2496
3374 2496
3375 2496
3376 2496
3377 2496
3378 2496
3379 2496
3380 2496
3381 2496
3382 2496
3383 2496
3384 2497
3385 2497
3386 2496
3387 2497
3388 2497
3389 2497
3390 2497
3391 2496
3392 2496
3393 2496
3394 2496
3395 2496
3396 2497
3397 2496
3398 2496
3399 2497
3400 2496
3401 2496
3402 2496
3403 2496
3404 2498
3405 2497
3406 2497
3407 2497
3408 2496
3409 2497
3410 2496
3411 2496
3412 2496
3413 2496
3414 2496
3415 2497
3416 2496
3417 2496
3418 2496
3419 2496
3420 2497
3421 2496
3422 2497
3423 2496
3424 2496
3425 2496
3426 2496
3427 2496
3428 2496
3429 2496
3430 2496
3431 2496
3432 2496
3433 2495
3434 2496
3435 2496
3436 2496
3437 2496
3438 2496
3439 2496
3440 2496
3441 2496
3442 2496
3443 2496
3444 2496
3445 2496
3446 2496
3447 2496
3448 2496
3449 2496
3450 2496
3451 2496
3452 2496
3453 2496
3454 2496
3455 2496
3456 2496
3457 2496
3458 2496
3459 2496
3460 2495
3461 2495
3462 2495
3463 2495
3464 2495
3465 2495
3466 2496
3467 2495
3468 2495
3469 2495
3470 2496
3471 2495
3472 2495
3473 2495
3474 2495
3475 2495
3476 2495
3477 2495
3478 2495
3479 2495
3480 2495
3481 2495
3482 2495
3483 2495
3484 2494
3485 2495
3486 2495
3487 2495
3488 2495
3489 2495
3490 2495
3491 2495
3492 2495
3493 2495
3494 2495
3495 2495
3496 2495
3497 2495
3498 2496
3499 2495
3500 2495
3501 2495
3502 2495
3503 2495
3504 2495
3505 2495
3506 2495
3507 2495
3508 2495
3509 2495
3510 2495
3511 2495
3512 2495
3513 2495
3514 2495
3515 2495
3516 2495
3517 2495
3518 2495
3519 2495
3520 2495
3521 2495
3522 2495
3523 2495
3524 2495
3525 2495
3526 2495
3527 2495
3528 2495
3529 2495
3530 2495
3531 2495
3532 2495
3533 2495
3534 2494
3535 2494
3536 2495
3537 2494
3538 2494
3539 2494
3540 2495
3541 2495
3542 2495
3543 2496
3544 2495
3545 2495
3546 2496
3547 2496
3548 2496
3549 2496
3550 2496
3551 2496
3552 2496
3553 2496
3554 2496
3555 2496
3556 2496
3557 2496
3558 2496
3559 2496
3560 2496
3561 2496
3562 2496
3563 2496
3564 2496
3565 2496
3566 2496
3567 2496
3568 2496
3569 2496
3570 2496
3571 2496
3572 2496
3573 2496
3574 2496
3575 2496
3576 2496
3577 2496
3578 2496
3579 2496
3580 2496
3581 2494
3582 2495
3583 2495
3584 2495
3585 2495
3586 2495
3587 2496
3588 2496
3589 2496
3590 2496
3591 2496
3592 2496
3593 2495
3594 2495
3595 2496
3596 2496
3597 2495
3598 2496
3599 2496
3600 2495
3601 2495
3602 2495
3603 2495
3604 2497
3605 2499
3606 2496
3607 2495
3608 2495
3609 2496
3610 2496
3611 2496
3612 2496
3613 2495
3614 2495
3615 2496
3616 2496
3617 2496
3618 2496
3619 2496
3620 2496
3621 2496
3622 2496
3623 2496
3624 2496
3625 2496
3626 2497
3627 2496
3628 2496
3629 2496
3630 2499
3631 2495
3632 2499
3633 2497
3634 2497
3635 2496
3636 2496
3637 2496
3638 2495
3639 2497
3640 2497
3641 2496
3642 2496
3643 2496
3644 2496
3645 2496
3646 2496
3647 2496
3648 2496
3649 2495
3650 2496
3651 2495
3652 2495
3653 2496
3654 2495
3655 2498
3656 2496
3657 2496
3658 2497
3659 2496
3660 2496
3661 2495
3662 2495
3663 2496
3664 2499
3665 2496
3666 2499
3667 2496
3668 2496
3669 2495
3670 2495
3671 2495
3672 2494
3673 2495
3674 2495
3675 2495
3676 2495
3677 2495
3678 2495
3679 2495
3680 2495
3681 2495
3682 2495
3683 2495
3684 2495
3685 2495
3686 2495
3687 2495
3688 2495
3689 2495
3690 2495
3691 2495
3692 2495
3693 2495
3694 2495
3695 2494
3696 2495
3697 2494
3698 2494
3699 2495
3700 2495
3701 2495
3702 2495
3703 2495
3704 2495
3705 2495
3706 2496
3707 2496
3708 2498
3709 2496
3710 2497
3711 2496
3712 2496
3713 2495
3714 2495
3715 2495
3716 2495
3717 2495
3718 2495
3719 2495
3720 2495
3721 2496
3722 2496
3723 2495
3724 2495
3725 2495
3726 2495
3727 2495
3728 2495
3729 2495
3730 2495
3731 2495
3732 2494
3733 2494
3734 2495
3735 2496
3736 2497
3737 2496
3738 2496
3739 2495
3740 2496
3741 2495
3742 2496
3743 2495
3744 2496
3745 2496
3746 2496
3747 2496
3748 2496
3749 2496
3750 2495
3751 2496
3752 2496
3753 2496
3754 2496
3755 2496
3756 2496
3757 2496
3758 2495
3759 2495
3760 2496
3761 2496
3762 2495
3763 2496
3764 2496
3765 2495
3766 2496
3767 2495
3768 2495
3769 2495
3770 2495
3771 2495
3772 2496
3773 2495
3774 2495
3775 2495
3776 2495
3777 2495
3778 2496
3779 2495
3780 2495
3781 2494
3782 2494
3783 2495
3784 2494
3785 2494
3786 2494
3787 2494
3788 2494
3789 2495
3790 2495
3791 2494
3792 2494
3793 2494
3794 2494
3795 2494
3796 2494
3797 2493
3798 2494
3799 2493
3800 2493
3801 2493
3802 2493
3803 2494
3804 2494
3805 2494
3806 2494
3807 2494
3808 2495
3809 2495
3810 2494
3811 2494
3812 2494
3813 2494
3814 2494
3815 2494
3816 2494
3817 2494
3818 2494
3819 2494
3820 2494
3821 2494
3822 2494
3823 2494
3824 2494
3825 2494
3826 2494
3827 2494
3828 2494
3829 2494
3830 2494
3831 2494
3832 2494
3833 2494
3834 2494
3835 2494
3836 2494
3837 2494
3838 2494
3839 2494
3840 2494
3841 2496
3842 2493
3843 2493
3844 2494
3845 2494
3846 2494
3847 2494
3848 2494
3849 2494
3850 2494
3851 2494
3852 2494
3853 2494
3854 2494
3855 2494
3856 2494
3857 2494
3858 2493
3859 2493

3459 2515
3460 2524
3461 2525
3462 2525
3463 2524
3464 2525
3465 2526
3466 2526
3467 2525
3468 2524
3469 2530
3470 2523
3471 2524
3472 2526
3473 2516
3474 2528
3475 2525
3476 2526
3477 2526
3478 2524
3479 2525
3480 2525
3481 2525
3482 2517
3483 2526
3484 2523
3485 2517
3486 2526
3487 2518
3488 2518
3489 2529
3490 2524
3491 2525
3492 2528
3493 2521
3494 2520
3495 2527
3496 2518
3497 2529
3498 2527
3499 2526
3500 2527
3501 2528
3502 2528
3503 2525
3504 2530
3505 2527
3506 2527
3507 2519
3508 2529
3509 2533
3510 2526
3511 2525
3512 2526
3513 2526
3514 2526
3515 2527
3516 2527
3517 2527
3518 2529
3519 2526
3520 2528
3521 2528
3522 2530
3523 2531
3524 2528
3525 2527
3526 2529
3527 2530
3528 2529
3529 2527
3530 2526
3531 2527
3532 2529
3533 2531
3534 2528
3535 2530
3536 2529
3537 2528
3538 2527
3539 2528
3540 2527
3541 2525
3542 2528
3543 2527
3544 2526
3545 2527
3546 2525
3547 2529
3548 2529
3549 2529
3550 2528
3551 2529
3552 2530
3553 2528
3554 2528
3555 2535
3556 2527
3557 2528
3558 2529
3559 2528
3560 2527
3561 2526
3562 2526
3563 2525
3564 2529
3565 2525
3566 2524
3567 2525
3568 2525
3569 2526
3570 2523
3571 2524
3572 2531
3573 2524
3574 2524
3575 2526
3576 2523
3577 2522
3578 2522
3579 2522
3580 2523
3581 2519
3582 2522
3583 2527
3584 2523
3585 2523
3586 2525
3587 2526
3588 2525
3589 2525
3590 2525
3591 2528
3592 2527
3593 2522
3594 2527
3595 2522
3596 2526
3597 2518
3598 2525
3599 2523
3600 2523
3601 2520
3602 2522
3603 2516
3604 2521
3605 2515
3606 2520
3607 2522
3608 2525
3609 2514
3610 2516
3611 2519
3612 2518
3613 2520
3614 2520
3615 2518
3616 2519
3617 2523
3618 2513
3619 2521
3620 2522
3621 2520
3622 2520
3623 2520
3624 2513
3625 2519
3626 2520
3627 2513
3628 2513
3629 2520
3630 2521
3631 2516
3632 2520
3633 2521
3634 2517
3635 2523
3636 2522
3637 2521
3638 2521
3639 2521
3640 2523
3641 2524
3642 2513
3643 2521
3644 2521
3645 2521
3646 2519
3647 2520
3648 2519
3649 2519
3650 2518
3651 2520
3652 2520
3653 2519
3654 2514
3655 2521
3656 2519
3657 2520
3658 2522
3659 2521
3660 2521
3661 2520
3662 2520
3663 2522
3664 2522
3665 2520
3666 2519
3667 2527
3668 2522
3669 2521
3670 2521
3671 2522
3672 2521
3673 2523
3674 2522
3675 2521
3676 2521
3677 2521
3678 2522
3679 2522
3680 2516
3681 2521
3682 2521
3683 2526
3684 2519
3685 2521
3686 2521
3687 2521
3688 2521
3689 2522
3690 2522
3691 2522
3692 2521
3693 2520
3694 2520
3695 2522
3696 2524
3697 2521
3698 2521
3699 2522
3700 2522
3701 2521
3702 2515
3703 2523
3704 2522
3705 2514
3706 2520
3707 2523
3708 2528
3709 2514
3710 2526
3711 2522
3712 2521
3713 2521
3714 2520
3715 2520
3716 2520
3717 2520
3718 2520
3719 2521
3720 2520
3721 2518
3722 2518
3723 2517
3724 2518
3725 2519
3726 2518
3727 2520
3728 2517
3729 2520
3730 2521
3731 2522
3732 2516
3733 2520
3734 2526
3735 2520
3736 2527
3737 2517
3738 2521
3739 2518
3740 2519
3741 2522
3742 2521
3743 2526
3744 2519
3745 2520
3746 2521
3747 2519
3748 2520
3749 2518
3750 2521
3751 2520
3752 2520
3753 2520
3754 2520
3755 2520
3756 2519
3757 2520
3758 2520
3759 2520
3760 2518
3761 2519
3762 2516
3763 2518
3764 2515
3765 2520
3766 2517
3767 2524
3768 2521
3769 2525
3770 2522
3771 2521
3772 2524
3773 2520
3774 2521
3775 2521
3776 2521
3777 2522
3778 2520
3779 2521
3780 2521
3781 2521
3782 2527
3783 2522
3784 2522
3785 2521
3786 2520
3787 2521
3788 2521
3789 2519
3790 2522
3791 2521
3792 2524
3793 2522
3794 2514
3795 2517
3796 2523
3797 2524
3798 2522
3799 2516

