4009 2525
4010 2525
4011 2526
4012 2524
4013 2527
4014 2528
4015 2524
4016 2524
4017 2524
4018 2526
4019 2525
4020 2524
4021 2526
4022 2524
4023 2525
4024 2526
4025 2525
4026 2525
4027 2524
4028 2525
4029 2525
4030 2529
4031 2529
4032 2523
4033 2524
4034 2533
4035 2533
4036 2524
4037 2528
4038 2523
4039 2531
4040 2523
4041 2523
4042 2524
4043 2523
4044 2527
4045 2527
4046 2524
4047 2524
4048 2523
4049 2523
4050 2523
4051 2523
4052 2526
4053 2524
4054 2522
4055 2523
4056 2523
4057 2522
4058 2522
4059 2522
4060 2523
4061 2524
4062 2523
4063 2521
4064 2521
4065 2521
4066 2522
4067 2522
4068 2522
4069 2521
4070 2521
4071 2522
4072 2522
4073 2521
4074 2521
4075 2520
4076 2521
4077 2520
4078 2518
4079 2522
4080 2518
4081 2522
4082 2527
4083 2517
4084 2516
4085 2520
4086 2515
4087 2521
4088 2521
4089 2514
4090 2515
4091 2513
4092 2513
4093 2513
4094 2513
4095 2513
4096 2512
4097 2512
4098 2512
4099 2511
4100 2511
4101 2510
4102 2512
4103 2510
4104 2510
4105 2509
4106 2510
4107 2510
4108 2510
4109 2512
4110 2511
4111 2512
4112 2512
4113 2512
4114 2521
4115 2516
4116 2515
4117 2515
4118 2517
4119 2513
4120 2515
4121 2512
4122 2513
4123 2511
4124 2512
4125 2512
4126 2512
4127 2512
4128 2513
4129 2513
4130 2513
4131 2513
4132 2512
4133 2512
4134 2512
4135 2513
4136 2513
4137 2514
4138 2514
4139 2518
4140 2512
4141 2513
4142 2512
4143 2518
4144 2517
4145 2512
4146 2511
4147 2512
4148 2513
4149 2513
4150 2512
4151 2517
4152 2514
4153 2514
4154 2515
4155 2514
4156 2514
4157 2513
4158 2514
4159 2514
4160 2514
4161 2515
4162 2514
4163 2515
4164 2514
4165 2515
4166 2518
4167 2514
4168 2514
4169 2514
4170 2515
4171 2514
4172 2514
4173 2514
4174 2514
4175 2515
4176 2515
4177 2515
4178 2514
4179 2514
4180 2515
4181 2515
4182 2516
4183 2515
4184 2515
4185 2515
4186 2515
4187 2514
4188 2514
4189 2514
4190 2515
4191 2515
4192 2515
4193 2516
4194 2516
4195 2515
4196 2517
4197 2516
4198 2517
4199 2517
4200 2516
4201 2516
4202 2516
4203 2516
4204 2515
4205 2516
4206 2515
4207 2515
4208 2516
4209 2516
4210 2515
4211 2515
4212 2516
4213 2516
4214 2515
4215 2518
4216 2517
4217 2516
4218 2515
4219 2515
4220 2516
4221 2517
4222 2515
4223 2516
4224 2516
4225 2514
4226 2514
4227 2515
4228 2516
4229 2515
4230 2514
4231 2514
4232 2514
4233 2515
4234 2514
4235 2515
4236 2514
4237 2516
4238 2515
4239 2515
4240 2514
4241 2514
4242 2514
4243 2513
4244 2513
4245 2513
4246 2514
4247 2513
4248 2513
4249 2513
4250 2513
4251 2513
4252 2514
4253 2514
4254 2513
4255 2513
4256 2513
4257 2516
4258 2516
4259 2514
4260 2514
4261 2514
4262 2513
4263 2514
4264 2514
4265 2514
4266 2513
4267 2513
4268 2513
4269 2513
4270 2513
4271 2513
4272 2513
4273 2513
4274 2526
4275 2514
4276 2514
4277 2513
4278 2513
4279 2513
4280 2514
4281 2514
4282 2513
4283 2513
4284 2514
4285 2513
4286 2513
4287 2514
4288 2514
4289 2514
4290 2514
4291 2514
4292 2514
4293 2514
4294 2514
4295 2513
4296 2514
4297 2514
4298 2514
4299 2515
4300 2515
4301 2515
4302 2516
4303 2515
4304 2514
4305 2513
4306 2513
4307 2513
4308 2512
4309 2513
4310 2513
4311 2512
4312 2513
4313 2513
4314 2513
4315 2513
4316 2513
4317 2513
4318 2513
4319 2513
4320 2514
4321 2514
4322 2513
4323 2513
4324 2512
4325 2513
4326 2513
4327 2516
4328 2515
4329 2512
4330 2513
4331 2513
4332 2513
4333 2513
4334 2513
4335 2521
4336 2513
4337 2513
4338 2512
4339 2513
4340 2512
4341 2514
4342 2514
4343 2515
4344 2515
4345 2517
4346 2517
4347 2517
4348 2517
4349 2518
4350 2520
4351 2520
4352 2521
4353 2514
4354 2514
4355 2514
4356 2514
4357 2513
4358 2514
4359 2513
4360 2514
4361 2514
4362 2515
4363 2516
4364 2516
4365 2517
4366 2517
4367 2517
4368 2517
4369 2517
4370 2516
4371 2516
4372 2516
4373 2518
4374 2517
4375 2516
4376 2516
4377 2519
4378 2519
4379 2518
4380 2514
4381 2518
4382 2515
4383 2514
4384 2515
4385 2515
4386 2514
4387 2514
4388 2514
4389 2514
4390 2514
4391 2514
4392 2514
4393 2516
4394 2515
4395 2515
4396 2516
4397 2515
4398 2516
4399 2515
4400 2515
4401 2517
4402 2516
4403 2516
4404 2516
4405 2515
4406 2515
4407 2516
4408 2517
4409 2517
4410 2517
4411 2515
4412 2517
4413 2518
4414 2516
4415 2518
4416 2514
4417 2514
4418 2514
4419 2515
4420 2515
4421 2515
4422 2515
4423 2516
4424 2515
4425 2515
4426 2515
4427 2516
4428 2516
4429 2516
4430 2515
4431 2516
4432 2516
4433 2521
4434 2517
4435 2517
4436 2518
4437 2515
4438 2515
4439 2515
4440 2514
4441 2514
4442 2513
4443 2514
4444 2515
4445 2515
4446 2515
4447 2515
4448 2515
4449 2517
4450 2517
4451 2517
4452 2516
4453 2516
4454 2516
4455 2518
4456 2515
4457 2516
4458 2514
4459 2517
4460 2519
4461 2526
4462 2525
4463 2521
4464 2525
4465 2524
4466 2524
4467 2525
4468 2524
4469 2523
4470 2517
4471 2516
4472 2524
4473 2516
4474 2517
4475 2517
4476 2518
4477 2517
4478 2518
4479 2523
4480 2518
4481 2517
4482 2516
4483 2517
4484 2516
4485 2516
4486 2515
4487 2521
4488 2523
4489 2516
4490 2524
4491 2515
4492 2515
4493 2524
4494 2524
4495 2517
4496 2524
4497 2516
4498 2519
4499 2519
4500 2516
4501 2516
4502 2524
4503 2516
4504 2513
4505 2517
4506 2526
4507 2513
4508 2515
4509 2516
4510 2517
4511 2517
4512 2518
4513 2514
4514 2519
4515 2520
4516 2520
4517 2517
4518 2518
4519 2519
4520 2515
4521 2517
4522 2519
4523 2515
4524 2515
4525 2514
4526 2514
4527 2514
4528 2516
4529 2516
4530 2514
4531 2515
4532 2514
4533 2518
4534 2516
4535 2517
4536 2517
4537 2517
4538 2523
4539 2517
4540 2517
4541 2517
4542 2525
4543 2519
4544 2518
4545 2517
4546 2519
4547 2520
4548 2517
4549 2518
4550 2519
4551 2518
4552 2518
4553 2519
4554 2519
4555 2519
4556 2518
4557 2516
4558 2516
4559 2518
4560 2517
4561 2516
4562 2516
4563 2518
4564 2516
4565 2515
4566 2515
4567 2516
4568 2516
4569 2518
4570 2514
4571 2518
4572 2518
4573 2512
4574 2513
4575 2514
4576 2514
4577 2511
4578 2519
4579 2523
4580 2517
4581 2517
4582 2516
4583 2525
4584 2523
4585 2519
4586 2519
4587 2516
4588 2516
4589 2516
4590 2518
4591 2517
4592 2516
4593 2515
4594 2515
4595 2507
4596 2508
4597 2507
4598 2507
4599 2509
4600 2518
4601 2526
4602 2513
4603 2514
4604 2515
4605 2516
4606 2516
4607 2517
4608 2524
4609 2518
4610 2520
4611 2517
4612 2527
4613 2520
4614 2520
4615 2522
4616 2521
4617 2520
4618 2520
4619 2520
4620 2520
4621 2520
4622 2519
4623 2519
4624 2519
4625 2520
4626 2520
4627 2522
4628 2521
4629 2522
4630 2521
4631 2523
4632 2524
4633 2520
4634 2520
4635 2521
4636 2517
4637 2517
4638 2517
4639 2516
4640 2516
4641 2516
4642 2516
4643 2516
4644 2520
4645 2516
4646 2518
4647 2519
4648 2518
4649 2519
4650 2519
4651 2519
4652 2519
4653 2520
4654 2519
4655 2520
4656 2520
4657 2518
4658 2519
4659 2519
4660 2521
4661 2522
4662 2521
4663 2521
4664 2521
4665 2522
4666 2521
4667 2521
4668 2521
4669 2523
4670 2522
4671 2522
4672 2521
4673 2521
4674 2520
4675 2520
4676 2520
4677 2521
4678 2524
4679 2522
4680 2522
4681 2517
4682 2516
4683 2532
4684 2522
4685 2532
4686 2532
4687 2532
4688 2519
4689 2523
4690 2521
4691 2519
4692 2523
4693 2520
4694 2520
4695 2523
4696 2522
4697 2528
4698 2521
4699 2522
4700 2522
4701 2521
4702 2521
4703 2523
4704 2523
4705 2523
4706 2522
4707 2524
4708 2521
4709 2524
4710 2523
4711 2527
4712 2527
4713 2526
4714 2524
4715 2524
4716 2526
4717 2527
4718 2527
4719 2532
4720 2525
4721 2523
4722 2523
4723 2528
4724 2528
4725 2526
4726 2524
4727 2526
4728 2524
4729 2523
4730 2524
4731 2524
4732 2524
4733 2524
4734 2524
4735 2527
4736 2524
4737 2524
4738 2524
4739 2524
4740 2524
4741 2525
4742 2524
4743 2524
4744 2524
4745 2526
4746 2525
4747 2522
4748 2522
4749 2527
4750 2521
4751 2535
4752 2535
4753 2528
4754 2522
4755 2523
4756 2524
4757 2535
4758 2523
4759 2523
4760 2524
4761 2524
4762 2525
4763 2524
4764 2525
4765 2525
4766 2524
4767 2523
4768 2524
4769 2527
4770 2523
4771 2522
4772 2525
4773 2524
4774 2525
4775 2522
4776 2523
4777 2521
4778 2522
4779 2522
4780 2523
4781 2523
4782 2523
4783 2523
4784 2524
4785 2523
4786 2523
4787 2524
4788 2523
4789 2524
4790 2524
4791 2524
4792 2523
4793 2523
4794 2523
4795 2524
4796 2524
4797 2525
4798 2525
4799 2524
4800 2525
4801 2523
4802 2532
4803 2525
4804 2525
4805 2526
4806 2526
4807 2526
4808 2527
4809 2526
4810 2526
4811 2526
4812 2526
4813 2530
4814 2525
4815 2526
4816 2526
4817 2526
4818 2525
4819 2525
4820 2526
4821 2526
4822 2526
4823 2526
4824 2527
4825 2530
4826 2526
4827 2528
4828 2526
4829 2526
4830 2525
4831 2526
4832 2526
4833 2526
4834 2528
4835 2530
4836 2526
4837 2525
4838 2528
4839 2528
4840 2527
4841 2532
4842 2529
4843 2533
4844 2536
4845 2526
4846 2526
4847 2527
4848 2526
4849 2525
4850 2526
4851 2526
4852 2525
4853 2532
4854 2521
4855 2522
4856 2533
4857 2535
4858 2534
4859 2516
4860 2517
4861 2521
4862 2530
4863 2522
4864 2523
4865 2529
4866 2530
4867 2531
4868 2527
4869 2520
4870 2527
4871 2524
4872 2525
4873 2527
4874 2525
4875 2523
4876 2521
4877 2524
4878 2520
4879 2521
4880 2520
4881 2520
4882 2521
4883 2521
4884 2521
4885 2521
4886 2521
4887 2521
4888 2520
4889 2522
4890 2522
4891 2521
4892 2521
4893 2521
4894 2520
4895 2521
4896 2524
4897 2526
4898 2520
4899 2528
4900 2522
4901 2521
4902 2521
4903 2520
4904 2519
4905 2527
4906 2522
4907 2522
4908 2523
4909 2534
4910 2534
4911 2521
4912 2524
4913 2526
4914 2528
4915 2520
4916 2520
4917 2524
4918 2520
4919 2522
4920 2520
4921 2520
4922 2518
4923 2519
4924 2525
4925 2529
4926 2520
4927 2520
4928 2519
4929 2520
4930 2520
4931 2520
4932 2520
4933 2519
4934 2519
4935 2520
4936 2519
4937 2519
4938 2520
4939 2520
4940 2520
4941 2520
4942 2519
4943 2520
4944 2519
4945 2519
4946 2520
4947 2519
4948 2521
4949 2519
4950 2520
4951 2520
4952 2520
4953 2519
4954 2519
4955 2519
4956 2520
4957 2519
4958 2524
4959 2523
4960 2523
4961 2523
4962 2518
4963 2518
4964 2521
4965 2523
4966 2523
4967 2520
4968 2520
4969 2519
4970 2519
4971 2519
4972 2523
4973 2519
4974 2518
4975 2519
4976 2520
4977 2521
4978 2520
4979 2524
4980 2519
4981 2518
4982 2518
4983 2518
4984 2518
4985 2519
4986 2525
4987 2524
4988 2518
4989 2522
4990 2522
4991 2519
4992 2521
4993 2523
4994 2517
4995 2520
4996 2518
4997 2526
4998 2518
4999 2518
5000 2518
5001 2518
5002 2518
5003 2518
5004 2517
5005 2517
5006 2518
5007 2522
5008 2518
5009 2517
5010 2517
5011 2524
5012 2518
5013 2527
5014 2529
5015 2524
5016 2524
5017 2520
5018 2524
5019 2519
5020 2521
5021 2518
5022 2517
5023 2517
5024 2518
5025 2517
5026 2517
5027 2517
5028 2518
5029 2519
5030 2518
5031 2522
5032 2517
5033 2519
5034 2519
5035 2519
5036 2520
5037 2519
5038 2519
5039 2518
5040 2519
5041 2520
5042 2521
5043 2518
5044 2520
5045 2519
5046 2519
5047 2519
5048 2518
5049 2519
5050 2523
5051 2518
5052 2523
5053 2518
5054 2519
5055 2518
5056 2526
5057 2518
5058 2519
5059 2517
5060 2516
5061 2519
5062 2518
5063 2519
5064 2520
5065 2521
5066 2520
5067 2522
5068 2523
5069 2519
5070 2519
5071 2519
5072 2519
5073 2519
5074 2519
5075 2519
5076 2519
5077 2519
5078 2519
5079 2518
5080 2519
5081 2519
5082 2518
5083 2518
5084 2519
5085 2520
5086 2520
5087 2519
5088 2518
5089 2518
5090 2522
5091 2522
5092 2524
5093 2521
5094 2513
5095 2516
5096 2513
5097 2514
5098 2514
5099 2515
5100 2515
5101 2519
5102 2518
5103 2517
5104 2519
5105 2517
5106 2517
5107 2517
5108 2519
5109 2517
5110 2517
5111 2517
5112 2517
5113 2519
5114 2518
5115 2518
5116 2519
5117 2518
5118 2517
5119 2518
5120 2517
5121 2516
5122 2516
5123 2516
5124 2518
5125 2519
5126 2519
5127 2518
5128 2518
5129 2519
5130 2519
5131 2519
5132 2518
5133 2521
5134 2519
5135 2519
5136 2519
5137 2519
5138 2519
5139 2519
5140 2519
5141 2519
5142 2519
5143 2518
5144 2518
5145 2518
5146 2519
5147 2518
5148 2518
5149 2523
5150 2523
5151 2519
5152 2518
5153 2518
5154 2518
5155 2519
5156 2520
5157 2519
5158 2519
5159 2518
5160 2519
5161 2519
5162 2519
5163 2520
5164 2520
5165 2522
5166 2519
5167 2519
5168 2519
5169 2519
5170 2519
5171 2519
5172 2521
5173 2520
5174 2519
5175 2519
5176 2519
5177 2519
5178 2520
5179 2519
5180 2520
5181 2520
5182 2522
5183 2520
5184 2519
5185 2527
5186 2517
5187 2526
5188 2526
5189 2523
5190 2527
5191 2521
5192 2522
5193 2530
5194 2531
5195 2528
5196 2521
5197 2522
5198 2520
5199 2520
5200 2519
5201 2521
5202 2522
5203 2524
5204 2526
5205 2526
5206 2520
5207 2521
5208 2520
5209 2521
5210 2521
5211 2521
5212 2521
5213 2521
5214 2521
5215 2523
5216 2519
5217 2522
5218 2521
5219 2521
5220 2521
5221 2518
5222 2520
5223 2521
5224 2522
5225 2523
5226 2523
5227 2525
5228 2524
5229 2524
5230 2524
5231 2522
5232 2529
5233 2520
5234 2528
5235 2530
5236 2532
5237 2535
5238 2535
5239 2535
5240 2532
5241 2526
5242 2525
5243 2524
5244 2524
5245 2536
5246 2527
5247 2524
5248 2523
5249 2523
5250 2523
5251 2524
5252 2524
5253 2524
5254 2524
5255 2529
5256 2528
5257 2528
5258 2528
5259 2527
5260 2527
5261 2526
5262 2528
5263 2526
5264 2525
5265 2528
5266 2525
5267 2527
5268 2524
5269 2528
5270 2529
5271 2530
5272 2526
5273 2528
5274 2529
5275 2529
5276 2528
5277 2528
5278 2529
5279 2528
5280 2529
5281 2528
5282 2535
5283 2536
5284 2527
5285 2527
5286 2535
5287 2529
5288 2529
5289 2529
5290 2529
5291 2529
5292 2529
5293 2529
5294 2529
5295 2529
5296 2529
5297 2530
5298 2529
5299 2528
5300 2529
5301 2529
5302 2529
5303 2529
5304 2530
5305 2529
5306 2530
5307 2529
5308 2527
5309 2527
5310 2527
5311 2527
5312 2527
5313 2528
5314 2527
5315 2526
5316 2526
5317 2526
5318 2526
5319 2526
5320 2526
5321 2526
5322 2531
5323 2526
5324 2527
5325 2525
5326 2524
5327 2524
5328 2524
5329 2524
5330 2523
5331 2523
5332 2523
5333 2523
5334 2523
5335 2523
5336 2522
5337 2527
5338 2522
5339 2521
5340 2521
5341 2521
5342 2521
5343 2521
5344 2520
5345 2521
5346 2520
5347 2520
5348 2520
5349 2522
5350 2520
5351 2520
5352 2521
5353 2519
5354 2519
5355 2518
5356 2519
5357 2519
5358 2518
5359 2517
5360 2517
5361 2516
5362 2516
5363 2515
5364 2515
5365 2514
5366 2515
5367 2515
5368 2515
5369 2515
5370 2515
5371 2514
5372 2514
5373 2514
5374 2514
5375 2514
5376 2514
5377 2514
5378 2514
5379 2515
5380 2519
5381 2514
5382 2514
5383 2514
5384 2514
5385 2514
5386 2514
5387 2514
5388 2513
5389 2513
5390 2513
5391 2513
5392 2513
5393 2513
5394 2513
5395 2514
5396 2513
5397 2513
5398 2513
5399 2512
5400 2511
5401 2511
5402 2511
5403 2511
5404 2511
5405 2511
5406 2512
5407 2512
5408 2512
5409 2513
5410 2511
5411 2512
5412 2512
5413 2513
5414 2512
5415 2512
5416 2511
5417 2510
5418 2510
5419 2510
5420 2510
5421 2510
5422 2511
5423 2510
5424 2511
5425 2510
5426 2510
5427 2509
5428 2509
5429 2507
5430 2508
5431 2508
5432 2509
5433 2508
5434 2509
5435 2509
5436 2510
5437 2510
5438 2509
5439 2509
5440 2509
5441 2508
5442 2499
5443 2508
5444 2508
5445 2508
5446 2498
5447 2510
5448 2507
5449 2505
5450 2508
5451 2498
5452 2498
5453 2498
5454 2498
5455 2498
5456 2499
5457 2499
5458 2499
5459 2500
5460 2501
5461 2502
5462 2495
5463 2502
5464 2497
5465 2502
5466 2504
5467 2504
5468 2502
5469 2503
5470 2504
5471 2504
5472 2504
5473 2504
5474 2504
5475 2505
5476 2506
5477 2505
5478 2505
5479 2504
5480 2504
5481 2503
5482 2503
5483 2505
5484 2502
5485 2501
5486 2502
5487 2502
5488 2502
5489 2499
5490 2503
5491 2503
5492 2498
5493 2503
5494 2498
5495 2500
5496 2503
5497 2502
5498 2500
5499 2502
5500 2498
5501 2502
5502 2498
5503 2503
5504 2502
5505 2501
5506 2501
5507 2501
5508 2500
5509 2500
5510 2501
5511 2501
5512 2501
5513 2502
5514 2502
5515 2502
5516 2502
5517 2502
5518 2502
5519 2502
5520 2502
5521 2502
5522 2501
5523 2502
5524 2502
5525 2503
5526 2503
5527 2505
5528 2501
5529 2501
5530 2501
5531 2501
5532 2501
5533 2501
5534 2500
5535 2500
5536 2500
5537 2500
5538 2500
5539 2500
5540 2499
5541 2499
5542 2499
5543 2499
5544 2500
5545 2506
5546 2500
5547 2502
5548 2500
5549 2504
5550 2498
5551 2498
5552 2498
5553 2497
5554 2497
5555 2497
5556 2497
5557 2496
5558 2496
5559 2496
5560 2497
5561 2497
5562 2497
5563 2497
5564 2497
5565 2497
5566 2497
5567 2497
5568 2497
5569 2496
5570 2496
5571 2496
5572 2496
5573 2496
5574 2495
5575 2495
5576 2495
5577 2495
5578 2494
5579 2494
5580 2494
5581 2494
5582 2494
5583 2493
5584 2493
5585 2493
5586 2494
5587 2493
5588 2493
5589 2494
5590 2494
5591 2492
5592 2492
5593 2493
5594 2492
5595 2493
5596 2493
5597 2493
5598 2491
5599 2493
5600 2493
5601 2493
5602 2493
5603 2493
5604 2492
5605 2492
5606 2492
5607 2491
5608 2491
5609 2491
5610 2492
5611 2490
5612 2490
5613 2490
5614 2494
5615 2490
5616 2490
5617 2488
5618 2489
5619 2488
5620 2494
5621 2487
5622 2486
5623 2486
5624 2486
5625 2485
5626 2485
5627 2485
5628 2485
5629 2485
5630 2484
5631 2484
5632 2485
5633 2486
5634 2484
5635 2483
5636 2484
5637 2484
5638 2484
5639 2484
5640 2484
5641 2484
5642 2484
5643 2484
5644 2484
5645 2483
5646 2486
5647 2483
5648 2484
5649 2483
5650 2483
5651 2483
5652 2483
5653 2483
5654 2483
5655 2483
5656 2483
5657 2483
5658 2482
5659 2482
5660 2482
5661 2482
5662 2482
5663 2482
5664 2482
5665 2482
5666 2482
5667 2482
5668 2481
5669 2481
5670 2481
5671 2481
5672 2481
5673 2481
5674 2480
5675 2480
5676 2481
5677 2481
5678 2480
5679 2481
5680 2484
5681 2480
5682 2480
5683 2480
5684 2480
5685 2480
5686 2483
5687 2484
5688 2479
5689 2488
5690 2481
5691 2480
5692 2480
5693 2479
5694 2479
5695 2479
5696 2480
5697 2479
5698 2480
5699 2479
5700 2481
5701 2480
5702 2479
5703 2479
5704 2480
5705 2479
5706 2479
5707 2479
5708 2479
5709 2479
5710 2480
5711 2479
5712 2479
5713 2479
5714 2479
5715 2479
5716 2478
5717 2479
5718 2478
5719 2479
5720 2479
5721 2479
5722 2478
5723 2479
5724 2479
5725 2479
5726 2478
5727 2478
5728 2478
5729 2478
5730 2478
5731 2479
5732 2479
5733 2478
5734 2480
5735 2478
5736 2478
5737 2479
5738 2479
5739 2477
5740 2477
5741 2479
5742 2478
5743 2478
5744 2478
5745 2477
5746 2477
5747 2477
5748 2477
5749 2477
5750 2477
5751 2478
5752 2479
5753 2478
5754 2478
5755 2477
5756 2482
5757 2478
5758 2480
5759 2481
5760 2478
5761 2478
5762 2478
5763 2478
5764 2478
5765 2477
5766 2477
5767 2476
5768 2476
5769 2476
5770 2475
5771 2475
5772 2475
5773 2475
5774 2475
5775 2475
5776 2474
5777 2474
5778 2474
5779 2474
5780 2474
5781 2474
5782 2474
5783 2474
5784 2474
5785 2473
5786 2474
5787 2474
5788 2474
5789 2474
5790 2474
5791 2475
5792 2475
5793 2475
5794 2476
5795 2475
5796 2476
5797 2476
5798 2475
5799 2475
5800 2475
5801 2475
5802 2475
5803 2475
5804 2475
5805 2474
5806 2474
5807 2473
5808 2473
5809 2473
5810 2471
5811 2471
5812 2471
5813 2474
5814 2475
5815 2475
5816 2475
5817 2475
5818 2474
5819 2474
5820 2474
5821 2473
5822 2474
5823 2473
5824 2473
5825 2461
5826 2462
5827 2462
5828 2461
5829 2460
5830 2471
5831 2463
5832 2464
5833 2462
5834 2459
5835 2459
5836 2456
5837 2456
5838 2458
5839 2454
5840 2453
5841 2453
5842 2454
5843 2455
5844 2455
5845 2455
5846 2456
5847 2456
5848 2457
5849 2458
5850 2457

