4676 2575
4677 2575
4678 2575
4679 2573
4680 2577
4681 2570
4682 2573
4683 2572
4684 2573
4685 2573
4686 2572
4687 2576
4688 2582
4689 2568
4690 2569
4691 2569
4692 2569
4693 2570
4694 2569
4695 2571
4696 2573
4697 2569
4698 2568
4699 2567
4700 2569
4701 2563
4702 2567
4703 2567
4704 2567
4705 2564
4706 2563
4707 2563
4708 2562
4709 2562
4710 2563
4711 2563
4712 2562
4713 2562
4714 2567
4715 2564
4716 2562
4717 2563
4718 2563
4719 2562
4720 2562
4721 2562
4722 2561
4723 2560
4724 2560
4725 2565
4726 2565
4727 2572
4728 2569
4729 2571
4730 2562
4731 2565
4732 2565
4733 2563
4734 2553
4735 2556
4736 2567
4737 2562
4738 2558
4739 2559
4740 2566
4741 2558
4742 2562
4743 2559
4744 2560
4745 2561
4746 2560
4747 2559
4748 2559
4749 2561
4750 2560
4751 2561
4752 2560
4753 2562
4754 2561
4755 2561
4756 2556
4757 2564
4758 2558
4759 2564
4760 2565
4761 2564
4762 2559
4763 2559
4764 2559
4765 2560
4766 2560
4767 2559
4768 2560
4769 2562
4770 2561
4771 2561
4772 2562
4773 2561
4774 2561
4775 2561
4776 2561
4777 2561
4778 2561
4779 2561
4780 2561
4781 2561
4782 2560
4783 2561
4784 2561
4785 2561
4786 2561
4787 2559
4788 2561
4789 2560
4790 2560
4791 2560
4792 2564
4793 2560
4794 2560
4795 2560
4796 2559
4797 2563
4798 2560
4799 2561
4800 2560
4801 2560
4802 2560
4803 2560
4804 2560
4805 2560
4806 2561
4807 2560
4808 2560
4809 2561
4810 2562
4811 2560
4812 2560
4813 2561
4814 2561
4815 2561
4816 2562
4817 2562
4818 2564
4819 2561
4820 2562
4821 2563
4822 2561
4823 2562
4824 2562
4825 2562
4826 2562
4827 2563
4828 2563
4829 2563
4830 2563
4831 2563
4832 2563
4833 2563
4834 2563
4835 2563
4836 2563
4837 2563
4838 2563
4839 2563
4840 2563
4841 2563
4842 2562
4843 2562
4844 2563
4845 2562
4846 2562
4847 2562
4848 2562
4849 2562
4850 2562
4851 2562
4852 2562
4853 2562
4854 2562
4855 2562
4856 2563
4857 2562
4858 2563
4859 2562
4860 2562
4861 2562
4862 2563
4863 2562
4864 2562
4865 2562
4866 2562
4867 2562
4868 2562
4869 2561
4870 2562
4871 2562
4872 2562
4873 2562
4874 2562
4875 2562
4876 2563
4877 2563
4878 2563
4879 2563
4880 2563
4881 2563
4882 2563
4883 2562
4884 2563
4885 2563
4886 2563
4887 2563
4888 2563
4889 2563
4890 2563
4891 2563
4892 2563
4893 2563
4894 2563
4895 2563
4896 2563
4897 2563
4898 2563
4899 2563
4900 2563
4901 2563
4902 2563
4903 2563
4904 2563
4905 2563
4906 2563
4907 2563
4908 2563
4909 2563
4910 2563
4911 2563
4912 2563
4913 2563
4914 2563
4915 2563
4916 2563
4917 2563
4918 2563
4919 2563
4920 2563
4921 2563
4922 2563
4923 2563
4924 2563
4925 2563
4926 2563
4927 2563
4928 2563
4929 2563
4930 2563
4931 2563
4932 2563
4933 2563
4934 2563
4935 2563
4936 2563
4937 2563
4938 2563
4939 2563
4940 2563
4941 2563
4942 2563
4943 2563
4944 2563
4945 2563
4946 2563
4947 2563
4948 2563
4949 2563
4950 2563
4951 2563
4952 2563
4953 2563
4954 2563
4955 2563
4956 2563
4957 2563
4958 2563
4959 2563
4960 2563
4961 2563
4962 2563
4963 2563
4964 2563
4965 2563
4966 2563
4967 2563
4968 2563
4969 2563
4970 2563
4971 2563
4972 2563
4973 2563
4974 2563
4975 2563
4976 2563
4977 2563
4978 2563
4979 2563
4980 2563
4981 2563
4982 2563
4983 2563
4984 2563
4985 2563
4986 2563
4987 2567
4988 2564
4989 2563
4990 2563
4991 2564
4992 2563
4993 2563
4994 2563
4995 2563
4996 2563
4997 2564

4893 2595
4894 2584
4895 2591
4896 2594
4897 2592
4898 2595
4899 2595
4900 2592
4901 2592
4902 2591
4903 2592
4904 2591
4905 2591
4906 2591
4907 2591
4908 2591
4909 2594
4910 2591
4911 2591
4912 2591
4913 2590
4914 2592
4915 2591
4916 2591
4917 2591
4918 2591
4919 2596
4920 2589
4921 2588
4922 2594
4923 2594
4924 2591
4925 2591
4926 2592
4927 2585
4928 2585
4929 2595
4930 2590
4931 2590
4932 2583
4933 2590
4934 2590
4935 2583
4936 2594
4937 2590
4938 2582
4939 2589
4940 2592
4941 2592
4942 2591
4943 2591
4944 2591
4945 2591
4946 2582
4947 2591
4948 2590
4949 2582
4950 2592
4951 2592
4952 2588
4953 2584
4954 2588
4955 2590
4956 2584
4957 2596
4958 2596
4959 2595
4960 2581
4961 2581
4962 2589
4963 2584
4964 2589
4965 2589
4966 2590
4967 2589
4968 2582
4969 2582

