5229 2582
5230 2582
5231 2579
5232 2587
5233 2581
5234 2581
5235 2581
5236 2585
5237 2581
5238 2581
5239 2581
5240 2580
5241 2580
5242 2581
5243 2580
5244 2585
5245 2582
5246 2583
5247 2580
5248 2580
5249 2582
5250 2581
5251 2581
5252 2582
5253 2581
5254 2581
5255 2580
5256 2581
5257 2580
5258 2581
5259 2580
5260 2581
5261 2580
5262 2580
5263 2580
5264 2580
5265 2579
5266 2579
5267 2579
5268 2580
5269 2579
5270 2579
5271 2579
5272 2579
5273 2580
5274 2579
5275 2579
5276 2579
5277 2579
5278 2580
5279 2580
5280 2580
5281 2579
5282 2579
5283 2579
5284 2579
5285 2580
5286 2580
5287 2580
5288 2579
5289 2580
5290 2580
5291 2580
5292 2580
5293 2581
5294 2580
5295 2580
5296 2580
5297 2580
5298 2580
5299 2580
5300 2580
5301 2580
5302 2580
5303 2580
5304 2581
5305 2580
5306 2581
5307 2581
5308 2581
5309 2580
5310 2580
5311 2580
5312 2581
5313 2581
5314 2581
5315 2580
5316 2580
5317 2580
5318 2580
5319 2581
5320 2582
5321 2584
5322 2580
5323 2580
5324 2580
5325 2580
5326 2580
5327 2582
5328 2581
5329 2580
5330 2580
5331 2580
5332 2579
5333 2579
5334 2580
5335 2580
5336 2580
5337 2581
5338 2580
5339 2580
5340 2580
5341 2579
5342 2580
5343 2581
5344 2583
5345 2579
5346 2579
5347 2579
5348 2579
5349 2579
5350 2579
5351 2579
5352 2579
5353 2579
5354 2579
5355 2579
5356 2579
5357 2579
5358 2579
5359 2578
5360 2578
5361 2578
5362 2579
5363 2579
5364 2578
5365 2577
5366 2577
5367 2577
5368 2577
5369 2577
5370 2577
5371 2577
5372 2577
5373 2577
5374 2577
5375 2577
5376 2577
5377 2577
5378 2577
5379 2579
5380 2577
5381 2577
5382 2577
5383 2577
5384 2577
5385 2577
5386 2577
5387 2577
5388 2579
5389 2577
5390 2576
5391 2577
5392 2581
5393 2578
5394 2577
5395 2577
5396 2577
5397 2578
5398 2577
5399 2582
5400 2581
5401 2577
5402 2577
5403 2578
5404 2577
5405 2577
5406 2577
5407 2576
5408 2578
5409 2577
5410 2577
5411 2577
5412 2577
5413 2577
5414 2576
5415 2576
5416 2576
5417 2575
5418 2576
5419 2576
5420 2576
5421 2577
5422 2577
5423 2576
5424 2576
5425 2576
5426 2578
5427 2577
5428 2580
5429 2576
5430 2576
5431 2576
5432 2576
5433 2576
5434 2576
5435 2576
5436 2576
5437 2576
5438 2576
5439 2576
5440 2576
5441 2576
5442 2576
5443 2576
5444 2576
5445 2576
5446 2579
5447 2576
5448 2577
5449 2575
5450 2576
5451 2578
5452 2575
5453 2575
5454 2576
5455 2576
5456 2576
5457 2576
5458 2578
5459 2576
5460 2575
5461 2578
5462 2575
5463 2575
5464 2575
5465 2582
5466 2573
5467 2581
5468 2576
5469 2565
5470 2576
5471 2564
5472 2573
5473 2572
5474 2571
5475 2576
5476 2568
5477 2572
5478 2567
5479 2566
5480 2565
5481 2567
5482 2569
5483 2573
5484 2564
5485 2563
5486 2563
5487 2562
5488 2563
5489 2563
5490 2567
5491 2563
5492 2563
5493 2568
5494 2568
5495 2567
5496 2568
5497 2566
5498 2566
5499 2563
5500 2561
5501 2566
5502 2566
5503 2565
5504 2564
5505 2564
5506 2563
5507 2563
5508 2561
5509 2560
5510 2560
5511 2561
5512 2562
5513 2561
5514 2561
5515 2561
5516 2561
5517 2561
5518 2561
5519 2561
5520 2561
5521 2561
5522 2561
5523 2561
5524 2561
5525 2561
5526 2561
5527 2561
5528 2561
5529 2562
5530 2562
5531 2561
5532 2562
5533 2562
5534 2562
5535 2561
5536 2561
5537 2561
5538 2562
5539 2562
5540 2562
5541 2562
5542 2561
5543 2561
5544 2561
5545 2565
5546 2566
5547 2561
5548 2561
5549 2561
5550 2561
5551 2562
5552 2563
5553 2562
5554 2562
5555 2562
5556 2562
5557 2561
5558 2561
5559 2561
5560 2561
5561 2561
5562 2561
5563 2561
5564 2561
5565 2561
5566 2561
5567 2561
5568 2561
5569 2561
5570 2561
5571 2561
5572 2562
5573 2561
5574 2561
5575 2561
5576 2561
5577 2561
5578 2561
5579 2561
5580 2561
5581 2561
5582 2562
5583 2560
5584 2559
5585 2560
5586 2559
5587 2560
5588 2560
5589 2561
5590 2561
5591 2561
5592 2561
5593 2565
5594 2560
5595 2561
5596 2561
5597 2560
5598 2565
5599 2561
5600 2561
5601 2561
5602 2561
5603 2561
5604 2561
5605 2561
5606 2561
5607 2562
5608 2561
5609 2561
5610 2560
5611 2561
5612 2561
5613 2561
5614 2561
5615 2561
5616 2561
5617 2561
5618 2561
5619 2560
5620 2561
5621 2561
5622 2562
5623 2561
5624 2561
5625 2562
5626 2561
5627 2561
5628 2562
5629 2562
5630 2561
5631 2561
5632 2562
5633 2561
5634 2561
5635 2562
5636 2561
5637 2561
5638 2561
5639 2561
5640 2561
5641 2561
5642 2561
5643 2561
5644 2561
5645 2562
5646 2561
5647 2561
5648 2561
5649 2561
5650 2562
5651 2562
5652 2561
5653 2562
5654 2561
5655 2562
5656 2562
5657 2561
5658 2561
5659 2561
5660 2562
5661 2562
5662 2562
5663 2561
5664 2561
5665 2561
5666 2562
5667 2562
5668 2561
5669 2561
5670 2561
5671 2561
5672 2562
5673 2561
5674 2561
5675 2561
5676 2561
5677 2561
5678 2561
5679 2561
5680 2561
5681 2561
5682 2561
5683 2561
5684 2561
5685 2561
5686 2561
5687 2561
5688 2561
5689 2561
5690 2561
5691 2561
5692 2561
5693 2561
5694 2561
5695 2562
5696 2561
5697 2561
5698 2561
5699 2561
5700 2561
5701 2561
5702 2561
5703 2562
5704 2561
5705 2561
5706 2561
5707 2561
5708 2561
5709 2561
5710 2561
5711 2561
5712 2561
5713 2561
5714 2561
5715 2561
5716 2562
5717 2562
5718 2561
5719 2561
5720 2561
5721 2561
5722 2562
5723 2561
5724 2562
5725 2562
5726 2562
5727 2562
5728 2562
5729 2562
5730 2562
5731 2562
5732 2562
5733 2561
5734 2561
5735 2561
5736 2561
5737 2561
5738 2561
5739 2561
5740 2561
5741 2561
5742 2561
5743 2561
5744 2561
5745 2561
5746 2561
5747 2561
5748 2562
5749 2561
5750 2561
5751 2561
5752 2561
5753 2561
5754 2561
5755 2561
5756 2561
5757 2565
5758 2560
5759 2563
5760 2562
5761 2563
5762 2566
5763 2563
5764 2563
5765 2561
5766 2561
5767 2562
5768 2562
5769 2566
5770 2561
5771 2562
5772 2562
5773 2561
5774 2561
5775 2562
5776 2562
5777 2562
5778 2562
5779 2562
5780 2562
5781 2562
5782 2562
5783 2562
5784 2562
5785 2562
5786 2561
5787 2562
5788 2561
5789 2562
5790 2561
5791 2562
5792 2561
5793 2561
5794 2562
5795 2562
5796 2562
5797 2561
5798 2561
5799 2561
5800 2561
5801 2561
5802 2561
5803 2561
5804 2561
5805 2561
5806 2562
5807 2561
5808 2561
5809 2562
5810 2561
5811 2562
5812 2562
5813 2562
5814 2562
5815 2561
5816 2562
5817 2562
5818 2562
5819 2562
5820 2561
5821 2562
5822 2564
5823 2562
5824 2561
5825 2562
5826 2561
5827 2561
5828 2561
5829 2561
5830 2561
5831 2561
5832 2561
5833 2561
5834 2561
5835 2561
5836 2561
5837 2561
5838 2561
5839 2562
5840 2562
5841 2562
5842 2562
5843 2562
5844 2561
5845 2561
5846 2562
5847 2562
5848 2562
5849 2562
5850 2561
5851 2562
5852 2562
5853 2562
5854 2562
5855 2562
5856 2563
5857 2561
5858 2562

