5217 2588
5218 2586
5219 2585
5220 2584
5221 2584
5222 2584
5223 2584
5224 2589
5225 2589
5226 2586
5227 2586
5228 2585
5229 2584
5230 2584
5231 2584
5232 2584
5233 2584
5234 2584
5235 2585
5236 2585
5237 2584
5238 2584
5239 2584
5240 2588
5241 2584
5242 2584
5243 2584
5244 2584
5245 2584
5246 2584
5247 2585
5248 2584
5249 2584
5250 2584
5251 2585
5252 2584
5253 2584
5254 2585
5255 2584
5256 2584
5257 2584
5258 2585
5259 2584
5260 2585
5261 2589
5262 2589
5263 2588
5264 2588
5265 2584
5266 2585
5267 2584
5268 2584
5269 2584
5270 2585
5271 2585
5272 2584
5273 2585
5274 2585
5275 2588
5276 2584
5277 2584
5278 2583
5279 2584
5280 2584
5281 2584
5282 2584
5283 2584
5284 2584
5285 2584
5286 2583
5287 2585
5288 2584
5289 2584
5290 2584
5291 2584
5292 2585
5293 2584
5294 2584
5295 2584
5296 2584
5297 2584
5298 2584
5299 2584
5300 2584
5301 2584
5302 2584
5303 2584
5304 2583
5305 2583
5306 2583
5307 2584
5308 2584
5309 2584
5310 2584
5311 2584
5312 2583
5313 2583
5314 2585
5315 2583
5316 2583
5317 2583
5318 2584
5319 2583
5320 2584
5321 2584
5322 2584
5323 2585
5324 2584
5325 2584
5326 2584
5327 2584
5328 2584
5329 2583
5330 2583
5331 2585
5332 2585
5333 2584
5334 2584
5335 2583
5336 2583
5337 2583
5338 2584
5339 2584
5340 2584
5341 2583
5342 2584
5343 2583
5344 2583
5345 2583
5346 2583
5347 2583
5348 2584
5349 2582
5350 2583
5351 2583
5352 2582
5353 2584
5354 2582
5355 2583
5356 2584
5357 2583
5358 2584
5359 2583
5360 2583
5361 2585
5362 2583
5363 2583
5364 2583
5365 2582
5366 2583
5367 2583
5368 2584
5369 2582
5370 2582
5371 2583
5372 2584
5373 2583
5374 2584
5375 2582
5376 2582
5377 2582
5378 2582
5379 2582
5380 2581
5381 2582
5382 2581
5383 2581
5384 2581
5385 2581
5386 2581
5387 2581
5388 2581
5389 2581
5390 2580
5391 2581
5392 2582
5393 2582
5394 2581
5395 2581
5396 2581
5397 2582
5398 2581
5399 2581
5400 2583
5401 2582
5402 2582
5403 2582
5404 2582
5405 2582
5406 2582
5407 2581
5408 2580
5409 2581
5410 2580
5411 2581
5412 2580
5413 2582
5414 2581
5415 2581
5416 2580
5417 2580
5418 2581
5419 2580
5420 2580
5421 2582
5422 2581
5423 2580
5424 2581
5425 2582
5426 2585
5427 2582
5428 2580
5429 2580
5430 2580
5431 2580
5432 2580
5433 2580
5434 2580
5435 2580
5436 2580
5437 2579
5438 2580
5439 2579
5440 2580
5441 2581
5442 2580
5443 2580
5444 2587
5445 2579
5446 2580
5447 2580
5448 2578
5449 2580
5450 2573
5451 2574
5452 2577
5453 2574
5454 2574
5455 2575
5456 2575
5457 2574
5458 2574
5459 2574
5460 2574
5461 2574
5462 2575
5463 2579
5464 2575
5465 2575
5466 2574
5467 2574
5468 2575
5469 2575
5470 2578
5471 2574
5472 2574
5473 2573
5474 2577
5475 2576
5476 2573
5477 2575
5478 2571
5479 2572
5480 2571
5481 2571
5482 2572
5483 2570
5484 2570
5485 2572
5486 2573
5487 2569
5488 2578
5489 2567
5490 2566
5491 2565
5492 2565
5493 2564
5494 2562
5495 2569
5496 2565
5497 2563
5498 2568
5499 2563
5500 2565
5501 2566
5502 2565
5503 2567
5504 2565
5505 2568
5506 2567
5507 2566
5508 2564
5509 2566
5510 2565
5511 2566
5512 2564
5513 2562
5514 2565
5515 2565
5516 2563
5517 2570
5518 2563
5519 2563
5520 2564
5521 2563
5522 2562
5523 2563
5524 2563
5525 2563
5526 2563
5527 2563
5528 2562
5529 2565
5530 2562
5531 2564
5532 2563
5533 2561
5534 2566
5535 2569
5536 2561
5537 2562
5538 2562
5539 2563
5540 2563
5541 2563
5542 2563
5543 2563
5544 2563
5545 2563
5546 2563
5547 2565
5548 2566
5549 2562
5550 2565
5551 2564
5552 2562
5553 2561
5554 2564
5555 2564
5556 2562
5557 2562
5558 2565
5559 2565
5560 2564
5561 2564
5562 2565
5563 2565
5564 2566
5565 2565
5566 2565
5567 2566
5568 2563
5569 2565
5570 2565
5571 2565
5572 2568
5573 2566
5574 2566
5575 2564
5576 2565
5577 2565
5578 2565
5579 2564
5580 2567
5581 2570
5582 2565
5583 2565
5584 2564
5585 2564
5586 2564
5587 2565
5588 2565
5589 2564
5590 2565
5591 2565
5592 2565
5593 2565
5594 2565
5595 2565
5596 2567
5597 2565
5598 2566
5599 2566
5600 2565
5601 2565
5602 2565
5603 2565
5604 2565
5605 2565
5606 2565
5607 2565
5608 2565
5609 2565
5610 2565
5611 2565
5612 2564
5613 2567
5614 2564
5615 2568
5616 2565
5617 2565
5618 2565
5619 2566
5620 2565
5621 2564
5622 2564
5623 2564
5624 2565
5625 2564
5626 2566
5627 2565
5628 2565
5629 2565
5630 2565
5631 2565
5632 2565
5633 2565
5634 2565
5635 2565
5636 2565
5637 2565
5638 2565
5639 2565
5640 2565
5641 2565
5642 2565
5643 2565
5644 2565
5645 2569
5646 2564
5647 2565
5648 2565
5649 2565
5650 2565
5651 2565
5652 2565
5653 2565
5654 2565
5655 2565
5656 2565
5657 2564
5658 2564
5659 2564
5660 2565
5661 2565
5662 2565
5663 2565
5664 2565
5665 2565
5666 2565
5667 2565
5668 2564
5669 2565
5670 2565
5671 2565
5672 2565
5673 2565
5674 2565
5675 2565
5676 2565
5677 2565
5678 2564
5679 2564
5680 2565
5681 2565
5682 2565
5683 2565
5684 2564
5685 2564
5686 2564
5687 2565
5688 2566
5689 2564
5690 2568
5691 2567
5692 2567
5693 2563
5694 2565
5695 2564
5696 2564
5697 2565
5698 2564
5699 2564
5700 2564
5701 2564
5702 2564
5703 2564
5704 2565
5705 2564
5706 2564
5707 2564
5708 2564
5709 2564
5710 2564
5711 2564
5712 2564
5713 2564
5714 2564
5715 2564
5716 2564
5717 2564
5718 2564
5719 2564
5720 2564
5721 2564
5722 2565
5723 2565
5724 2565
5725 2565
5726 2565
5727 2565
5728 2564
5729 2564
5730 2565
5731 2564
5732 2565
5733 2565
5734 2565
5735 2565
5736 2564
5737 2564
5738 2565
5739 2565
5740 2565
5741 2564
5742 2564
5743 2567
5744 2564
5745 2564
5746 2564
5747 2564
5748 2564
5749 2564
5750 2564
5751 2564
5752 2564
5753 2564
5754 2564
5755 2564
5756 2564
5757 2564
5758 2564
5759 2564
5760 2564
5761 2564
5762 2564
5763 2564
5764 2564
5765 2564
5766 2564
5767 2564
5768 2564
5769 2564
5770 2564
5771 2564
5772 2564
5773 2564
5774 2564
5775 2564
5776 2564
5777 2564
5778 2564
5779 2568
5780 2564
5781 2564
5782 2564
5783 2564
5784 2564
5785 2564
5786 2567
5787 2564
5788 2563
5789 2564
5790 2564
5791 2563
5792 2564
5793 2563
5794 2563
5795 2563
5796 2563
5797 2565
5798 2564
5799 2564
5800 2564
5801 2564
5802 2564
5803 2564
5804 2564
5805 2563
5806 2564
5807 2563
5808 2563
5809 2563
5810 2564
5811 2563
5812 2563
5813 2563
5814 2563
5815 2564
5816 2564
5817 2563
5818 2564
5819 2564
5820 2563
5821 2563
5822 2564
5823 2563
5824 2563
5825 2563
5826 2563
5827 2562
5828 2563
5829 2562
5830 2563
5831 2567
5832 2563
5833 2564
5834 2563
5835 2562
5836 2563
5837 2563
5838 2562
5839 2563
5840 2563
5841 2563
5842 2563
5843 2563
5844 2563
5845 2563
5846 2563
5847 2563
5848 2563
5849 2563
5850 2563
5851 2563
5852 2563
5853 2563
5854 2563
5855 2563

