2815 2509
2816 2508
2817 2506
2818 2505
2819 2505
2820 2507
2821 2505
2822 2504
2823 2509
2824 2505
2825 2506
2826 2506
2827 2507
2828 2507
2829 2508
2830 2506
2831 2507
2832 2507
2833 2508
2834 2507
2835 2509
2836 2509
2837 2509
2838 2509
2839 2508
2840 2513
2841 2507
2842 2506
2843 2507
2844 2512
2845 2507
2846 2507
2847 2508
2848 2509
2849 2509
2850 2505
2851 2510
2852 2505
2853 2505
2854 2504
2855 2505
2856 2506
2857 2506
2858 2506
2859 2507
2860 2512
2861 2509
2862 2510
2863 2509
2864 2510
2865 2508
2866 2509
2867 2505
2868 2508
2869 2506
2870 2506
2871 2505
2872 2506
2873 2505
2874 2505
2875 2505
2876 2507
2877 2506
2878 2513
2879 2506
2880 2508
2881 2507
2882 2507
2883 2507
2884 2505
2885 2511
2886 2504
2887 2502
2888 2502
2889 2511
2890 2504
2891 2513
2892 2507
2893 2507
2894 2507
2895 2508
2896 2515
2897 2514
2898 2500
2899 2508
2900 2506
2901 2505
2902 2518
2903 2516
2904 2507
2905 2508
2906 2515
2907 2506
2908 2502
2909 2506
2910 2504
2911 2505
2912 2503
2913 2507
2914 2503
2915 2505
2916 2505
2917 2514
2918 2507
2919 2505
2920 2502
2921 2511
2922 2501
2923 2506
2924 2506
2925 2504
2926 2504
2927 2505
2928 2505
2929 2505
2930 2505
2931 2504
2932 2503
2933 2504
2934 2505
2935 2505
2936 2505
2937 2505
2938 2505
2939 2508
2940 2504
2941 2504
2942 2505
2943 2507
2944 2505
2945 2504
2946 2506
2947 2505
2948 2506
2949 2506
2950 2507
2951 2506
2952 2506
2953 2506
2954 2506
2955 2505
2956 2508
2957 2508
2958 2504
2959 2504
2960 2504
2961 2507
2962 2504
2963 2504
2964 2507
2965 2505
2966 2505
2967 2508
2968 2505
2969 2504
2970 2505
2971 2505
2972 2508
2973 2516
2974 2504
2975 2504
2976 2509
2977 2509
2978 2510
2979 2505
2980 2502
2981 2504
2982 2505
2983 2506
2984 2505
2985 2505
2986 2505
2987 2504
2988 2504
2989 2504
2990 2504
2991 2503
2992 2509
2993 2508
2994 2508
2995 2501
2996 2503
2997 2510
2998 2507
2999 2500
3000 2505
3001 2499
3002 2500
3003 2500
3004 2501
3005 2501
3006 2502
3007 2502
3008 2502
3009 2505
3010 2507
3011 2502
3012 2502
3013 2505
3014 2501
3015 2502
3016 2502
3017 2505
3018 2507
3019 2502
3020 2503
3021 2504
3022 2503
3023 2504
3024 2503
3025 2503
3026 2504
3027 2504
3028 2504
3029 2504
3030 2507
3031 2503
3032 2501
3033 2506
3034 2501
3035 2501
3036 2500
3037 2502
3038 2504
3039 2500
3040 2500
3041 2501
3042 2506
3043 2501
3044 2501
3045 2501
3046 2501
3047 2501
3048 2501
3049 2501
3050 2504
3051 2503
3052 2503
3053 2503
3054 2502
3055 2501
3056 2502
3057 2506
3058 2502
3059 2502
3060 2506
3061 2502
3062 2506
3063 2506
3064 2506
3065 2502
3066 2504
3067 2508
3068 2501
3069 2500
3070 2499
3071 2500
3072 2499
3073 2499
3074 2499
3075 2499
3076 2499
3077 2499
3078 2500
3079 2500
3080 2501
3081 2501
3082 2502
3083 2502
3084 2505
3085 2502
3086 2501
3087 2501
3088 2500
3089 2500
3090 2501
3091 2500
3092 2501
3093 2502
3094 2501
3095 2506
3096 2505
3097 2501
3098 2501
3099 2501
3100 2500
3101 2500
3102 2500
3103 2500
3104 2500
3105 2500
3106 2499
3107 2499
3108 2500
3109 2500
3110 2501
3111 2500
3112 2501
3113 2501
3114 2502
3115 2505
3116 2503
3117 2503
3118 2503
3119 2504
3120 2501
3121 2505
3122 2500
3123 2501
3124 2502
3125 2500
3126 2501
3127 2501
3128 2501
3129 2502
3130 2500
3131 2503
3132 2502
3133 2511
3134 2501
3135 2502
3136 2503
3137 2503
3138 2503
3139 2506
3140 2501
3141 2502
3142 2501
3143 2507
3144 2503
3145 2502
3146 2499
3147 2501
3148 2501
3149 2500
3150 2501
3151 2502
3152 2500
3153 2499
3154 2504
3155 2500
3156 2503
3157 2499
3158 2502
3159 2500
3160 2499
3161 2501
3162 2504
3163 2500
3164 2499
3165 2500
3166 2500
3167 2501
3168 2500
3169 2500
3170 2504
3171 2499
3172 2499
3173 2499
3174 2498
3175 2498
3176 2498
3177 2496
3178 2496
3179 2501
3180 2498
3181 2498
3182 2500
3183 2500
3184 2496
3185 2496
3186 2499
3187 2499
3188 2497
3189 2496
3190 2497
3191 2496
3192 2496
3193 2495
3194 2495
3195 2495
3196 2495
3197 2495
3198 2496
3199 2495
3200 2495
3201 2501
3202 2502
3203 2499
3204 2496
3205 2496
3206 2496
3207 2495
3208 2495
3209 2494
3210 2494
3211 2495
3212 2495
3213 2495
3214 2496
3215 2496
3216 2496
3217 2495
3218 2498
3219 2500
3220 2500
3221 2496
3222 2497
3223 2495
3224 2496
3225 2495
3226 2495
3227 2495
3228 2495
3229 2498
3230 2496
3231 2496
3232 2495
3233 2495
3234 2494
3235 2494
3236 2495
3237 2495
3238 2494
3239 2494
3240 2494
3241 2495
3242 2494
3243 2494
3244 2494
3245 2494
3246 2494
3247 2495
3248 2494
3249 2494
3250 2494
3251 2494
3252 2493
3253 2494
3254 2494
3255 2493
3256 2493
3257 2494
3258 2494
3259 2494
3260 2494
3261 2494
3262 2494
3263 2494
3264 2494
3265 2494
3266 2494
3267 2494
3268 2494
3269 2494
3270 2494
3271 2494
3272 2494
3273 2494
3274 2494
3275 2493
3276 2493
3277 2493
3278 2499
3279 2493
3280 2495
3281 2493
3282 2494
3283 2494
3284 2493
3285 2493
3286 2493
3287 2493
3288 2493
3289 2494
3290 2494
3291 2494
3292 2493
3293 2493
3294 2493
3295 2494
3296 2494
3297 2494
3298 2494
3299 2494
3300 2494
3301 2494
3302 2495
3303 2495
3304 2494
3305 2494
3306 2495
3307 2494
3308 2495
3309 2495
3310 2494
3311 2495
3312 2495
3313 2496
3314 2495
3315 2494
3316 2495
3317 2501
3318 2495
3319 2496
3320 2494
3321 2498
3322 2494
3323 2494
3324 2494
3325 2494
3326 2494
3327 2494
3328 2494
3329 2495
3330 2495
3331 2494
3332 2494
3333 2495
3334 2494
3335 2495
3336 2495
3337 2494
3338 2495
3339 2494
3340 2494
3341 2493
3342 2493
3343 2493
3344 2494
3345 2493
3346 2493
3347 2494
3348 2493
3349 2493
3350 2493
3351 2493
3352 2493
3353 2493
3354 2493
3355 2494
3356 2494
3357 2495
3358 2494
3359 2493
3360 2494
3361 2494
3362 2493
3363 2493
3364 2493
3365 2494
3366 2494
3367 2493
3368 2493
3369 2498
3370 2493
3371 2493
3372 2493
3373 2493
3374 2493
3375 2493
3376 2493
3377 2494
3378 2494
3379 2494
3380 2494
3381 2494
3382 2493
3383 2494
3384 2493
3385 2494
3386 2494
3387 2494
3388 2494
3389 2494
3390 2494
3391 2494
3392 2494
3393 2494
3394 2494
3395 2494
3396 2494
3397 2494
3398 2493
3399 2494
3400 2494
3401 2493
3402 2493
3403 2493
3404 2493
3405 2494
3406 2498
3407 2494
3408 2495
3409 2493
3410 2494
3411 2498
3412 2493
3413 2497
3414 2494
3415 2494
3416 2494
3417 2495
3418 2494
3419 2494
3420 2495
3421 2495
3422 2499
3423 2495
3424 2494
3425 2495
3426 2495
3427 2495
3428 2494
3429 2495
3430 2494
3431 2495
3432 2494
3433 2497
3434 2495
3435 2498
3436 2495
3437 2495
3438 2495
3439 2494
3440 2494
3441 2495
3442 2494
3443 2495
3444 2494
3445 2495
3446 2495
3447 2495
3448 2495
3449 2495
3450 2495
3451 2495
3452 2495
3453 2495
3454 2499
3455 2495
3456 2495
3457 2495
3458 2495
3459 2495
3460 2495
3461 2495
3462 2495
3463 2495
3464 2495
3465 2495
3466 2495
3467 2495
3468 2494
3469 2495
3470 2495
3471 2495
3472 2495
3473 2495
3474 2495
3475 2495
3476 2495
3477 2494
3478 2495
3479 2495
3480 2495
3481 2495
3482 2495
3483 2496
3484 2495
3485 2495
3486 2495
3487 2495
3488 2495
3489 2495
3490 2495
3491 2495
3492 2495
3493 2495
3494 2495
3495 2495
3496 2495
3497 2495
3498 2497
3499 2497
3500 2495
3501 2495
3502 2496
3503 2496
3504 2495
3505 2495
3506 2495
3507 2495
3508 2495
3509 2495
3510 2495
3511 2495
3512 2495
3513 2499
3514 2495
3515 2495
3516 2495
3517 2495
3518 2495
3519 2495
3520 2496
3521 2495
3522 2495
3523 2495
3524 2495
3525 2495
3526 2495
3527 2495
3528 2495
3529 2495
3530 2495
3531 2495
3532 2495
3533 2495
3534 2495
3535 2496
3536 2495
3537 2496
3538 2496
3539 2496
3540 2496
3541 2496
3542 2495
3543 2496
3544 2495
3545 2495
3546 2495
3547 2495
3548 2496
3549 2496
3550 2495
3551 2495
3552 2495
3553 2495
3554 2495
3555 2495
3556 2495
3557 2495
3558 2495
3559 2495
3560 2495
3561 2495
3562 2495
3563 2495
3564 2495
3565 2495
3566 2495
3567 2495
3568 2495
3569 2495
3570 2495
3571 2495
3572 2496
3573 2495
3574 2495
3575 2495
3576 2495
3577 2495
3578 2495
3579 2495
3580 2495
3581 2495
3582 2495
3583 2495
3584 2495
3585 2495
3586 2496
3587 2496
3588 2495
3589 2496
3590 2495
3591 2495
3592 2496
3593 2496
3594 2495
3595 2495
3596 2495
3597 2495
3598 2496
3599 2495
3600 2495
3601 2495
3602 2495
3603 2495
3604 2495
3605 2496
3606 2496
3607 2495
3608 2496
3609 2495
3610 2495
3611 2495
3612 2495
3613 2495
3614 2495
3615 2495
3616 2495
3617 2495
3618 2495
3619 2495
3620 2495
3621 2496
3622 2499
3623 2495
3624 2495
3625 2495
3626 2495
3627 2495
3628 2494
3629 2495
3630 2495
3631 2495
3632 2494
3633 2495
3634 2495
3635 2495
3636 2494
3637 2495
3638 2495
3639 2495
3640 2495
3641 2495
3642 2495
3643 2495
3644 2495
3645 2495
3646 2495
3647 2495
3648 2495
3649 2495
3650 2495
3651 2495
3652 2495
3653 2495
3654 2495
3655 2495
3656 2495
3657 2495
3658 2495
3659 2495
3660 2495
3661 2496
3662 2497
3663 2495
3664 2495
3665 2495
3666 2495
3667 2495
3668 2495
3669 2495
3670 2496
3671 2495
3672 2495
3673 2494
3674 2494
3675 2495
3676 2495
3677 2495
3678 2495
3679 2495
3680 2495
3681 2495
3682 2495
3683 2494
3684 2494
3685 2498
3686 2496
3687 2494
3688 2496
3689 2495
3690 2495
3691 2495
3692 2495
3693 2494
3694 2494
3695 2494
3696 2494
3697 2494
3698 2494
3699 2494
3700 2494
3701 2494
3702 2494
3703 2494
3704 2494
3705 2494
3706 2494
3707 2494
3708 2494
3709 2494
3710 2494
3711 2494
3712 2495
3713 2494
3714 2494
3715 2494
3716 2494
3717 2494
3718 2494
3719 2494
3720 2494
3721 2493
3722 2494
3723 2494
3724 2494
3725 2494
3726 2494
3727 2494
3728 2493
3729 2494
3730 2494
3731 2493
3732 2493
3733 2494
3734 2493
3735 2494
3736 2493
3737 2497
3738 2493
3739 2494
3740 2494
3741 2494
3742 2494
3743 2494
3744 2494
3745 2494
3746 2494
3747 2494
3748 2494
3749 2494
3750 2494
3751 2494
3752 2494
3753 2494
3754 2494
3755 2494
3756 2494
3757 2494
3758 2494
3759 2494
3760 2494
3761 2494
3762 2494
3763 2494
3764 2494
3765 2494
3766 2494
3767 2494
3768 2494
3769 2494
3770 2494
3771 2494
3772 2494
3773 2494
3774 2494
3775 2494
3776 2494
3777 2494
3778 2494
3779 2494
3780 2494
3781 2494
3782 2494
3783 2494
3784 2494
3785 2494
3786 2494
3787 2494
3788 2494
3789 2494
3790 2494
3791 2493
3792 2494
3793 2493
3794 2494
3795 2494
3796 2494
3797 2494
3798 2493
3799 2494
3800 2494
3801 2494
3802 2494
3803 2494
3804 2494
3805 2494
3806 2494
3807 2494
3808 2494
3809 2494
3810 2494
3811 2493
3812 2494
3813 2494
3814 2494
3815 2494
3816 2494
3817 2494
3818 2494
3819 2494
3820 2494
3821 2494
3822 2494
3823 2493
3824 2493
3825 2493
3826 2494
3827 2493
3828 2493
3829 2493
3830 2494
3831 2494
3832 2493
3833 2498
3834 2494
3835 2493
3836 2493
3837 2493
3838 2493
3839 2493
3840 2493
3841 2493
3842 2493
3843 2494
3844 2493
3845 2493
3846 2493
3847 2493
3848 2493
3849 2493
3850 2493
3851 2493
3852 2493
3853 2493
3854 2493
3855 2493
3856 2492
3857 2492
3858 2492
3859 2492
3860 2492
3861 2492
3862 2492
3863 2492
3864 2492
3865 2492
3866 2492
3867 2492
3868 2492
3869 2492
3870 2492
3871 2492
3872 2492
3873 2492
3874 2491
3875 2491
3876 2492
3877 2492
3878 2492
3879 2492
3880 2491
3881 2492
3882 2492
3883 2492
3884 2492
3885 2492
3886 2491
3887 2491
3888 2492
3889 2492
3890 2492
3891 2491
3892 2491
3893 2491
3894 2492
3895 2492
3896 2491
3897 2492
3898 2491
3899 2491
3900 2492
3901 2492
3902 2491
3903 2491
3904 2491
3905 2492
3906 2492
3907 2492
3908 2492
3909 2491
3910 2491
3911 2491

3534 2527
3535 2513
3536 2518
3537 2518
3538 2518
3539 2518
3540 2518
3541 2518
3542 2514
3543 2521
3544 2517
3545 2517
3546 2513
3547 2519
3548 2520
3549 2528
3550 2515
3551 2519
3552 2515
3553 2521
3554 2521
3555 2519
3556 2522
3557 2515
3558 2515
3559 2518
3560 2517
3561 2528
3562 2522
3563 2516
3564 2524
3565 2514
3566 2520
3567 2521
3568 2520
3569 2522
3570 2528
3571 2520
3572 2521
3573 2525
3574 2521
3575 2522
3576 2521
3577 2521
3578 2520
3579 2517
3580 2520
3581 2515
3582 2524
3583 2521
3584 2524
3585 2522
3586 2521
3587 2521
3588 2522
3589 2528
3590 2524
3591 2525
3592 2523
3593 2523
3594 2521
3595 2520
3596 2521
3597 2521
3598 2515
3599 2522
3600 2521
3601 2516
3602 2521
3603 2522
3604 2518
3605 2519
3606 2525
3607 2530
3608 2523
3609 2516
3610 2522
3611 2520
3612 2521
3613 2521
3614 2527
3615 2521
3616 2521
3617 2523
3618 2517
3619 2521
3620 2519
3621 2520
3622 2524
3623 2520
3624 2517
3625 2522
3626 2526
3627 2527
3628 2526
3629 2525
3630 2520
3631 2517
3632 2517
3633 2518
3634 2521
3635 2521
3636 2522
3637 2523
3638 2517
3639 2517
3640 2516
3641 2520
3642 2523
3643 2529
3644 2520
3645 2521
3646 2530
3647 2523
3648 2520
3649 2530
3650 2526
3651 2527
3652 2525
3653 2518
3654 2516
3655 2516
3656 2523
3657 2516
3658 2518
3659 2517
3660 2523
3661 2517
3662 2525
3663 2523
3664 2522
3665 2523
3666 2523
3667 2524
3668 2525
3669 2522
3670 2524
3671 2518
3672 2516
3673 2524
3674 2524
3675 2516
3676 2522
3677 2530
3678 2522
3679 2523
3680 2529
3681 2529
3682 2529
3683 2523
3684 2524
3685 2521
3686 2526
3687 2523
3688 2523
3689 2516
3690 2524
3691 2522
3692 2526
3693 2523
3694 2522
3695 2522
3696 2523
3697 2518
3698 2529
3699 2530
3700 2523
3701 2527
3702 2523
3703 2520
3704 2516
3705 2516
3706 2525
3707 2525
3708 2522
3709 2521
3710 2520
3711 2520
3712 2523
3713 2521
3714 2527
3715 2521
3716 2521
3717 2524
3718 2521
3719 2521
3720 2521
3721 2520
3722 2521
3723 2521
3724 2523
3725 2523
3726 2524
3727 2524
3728 2521
3729 2528
3730 2528
3731 2527
3732 2525
3733 2515
3734 2515
3735 2520
3736 2523
3737 2517
3738 2516
3739 2521
3740 2522
3741 2522
3742 2522
3743 2522
3744 2522
3745 2522
3746 2521
3747 2522
3748 2523
3749 2522
3750 2521
3751 2520
3752 2521
3753 2522
3754 2522
3755 2523
3756 2524
3757 2517
3758 2522
3759 2514
3760 2519
3761 2522
3762 2528
3763 2528
3764 2524
3765 2516
3766 2514
3767 2524
3768 2517
3769 2519
3770 2515
3771 2514
3772 2524
3773 2521
3774 2523
3775 2524
3776 2524
3777 2523
3778 2523
3779 2523
3780 2525
3781 2522
3782 2522
3783 2515
3784 2523
3785 2527
3786 2523
3787 2523
3788 2522
3789 2524
3790 2523
3791 2525
3792 2521
3793 2524
3794 2523
3795 2521
3796 2521
3797 2522
3798 2520
3799 2516
3800 2517
3801 2530
3802 2521
3803 2516
3804 2523
3805 2518
3806 2528
3807 2517
3808 2524
3809 2523
3810 2523
3811 2523
3812 2523
3813 2525
3814 2524
3815 2523
3816 2529
3817 2526
3818 2526
3819 2530
3820 2524
3821 2523
3822 2525
3823 2523
3824 2521
3825 2526
3826 2522
3827 2521
3828 2530
3829 2525
3830 2524
3831 2530
3832 2517
3833 2528

