2898 2501
2899 2502
2900 2502
2901 2502
2902 2502
2903 2502
2904 2502
2905 2503
2906 2502
2907 2504
2908 2505
2909 2503
2910 2503
2911 2505
2912 2503
2913 2503
2914 2504
2915 2504
2916 2512
2917 2504
2918 2504
2919 2502
2920 2505
2921 2503
2922 2510
2923 2500
2924 2500
2925 2501
2926 2500
2927 2501
2928 2502
2929 2503
2930 2503
2931 2504
2932 2509
2933 2508
2934 2502
2935 2501
2936 2501
2937 2502
2938 2501
2939 2501
2940 2502
2941 2502
2942 2502
2943 2501
2944 2502
2945 2502
2946 2502
2947 2507
2948 2507
2949 2502
2950 2502
2951 2502
2952 2503
2953 2503
2954 2502
2955 2503
2956 2503
2957 2503
2958 2503
2959 2503
2960 2503
2961 2508
2962 2508
2963 2508
2964 2503
2965 2503
2966 2505
2967 2504
2968 2505
2969 2506
2970 2506
2971 2505
2972 2505
2973 2504
2974 2508
2975 2505
2976 2505
2977 2505
2978 2504
2979 2504
2980 2504
2981 2504
2982 2503
2983 2504
2984 2504
2985 2504
2986 2504
2987 2505
2988 2505
2989 2510
2990 2507
2991 2512
2992 2502
2993 2503
2994 2504
2995 2505
2996 2505
2997 2505
2998 2506
2999 2507
3000 2507
3001 2508
3002 2508
3003 2507
3004 2507
3005 2507
3006 2507
3007 2506
3008 2507
3009 2506
3010 2506
3011 2507
3012 2507
3013 2507
3014 2508
3015 2508
3016 2507
3017 2508
3018 2508
3019 2508
3020 2507
3021 2507
3022 2512
3023 2507
3024 2507
3025 2507
3026 2506
3027 2507
3028 2507
3029 2506
3030 2506
3031 2507
3032 2507
3033 2507
3034 2507
3035 2507
3036 2507
3037 2507
3038 2508
3039 2513
3040 2514
3041 2514
3042 2514
3043 2514
3044 2508
3045 2507
3046 2508
3047 2508
3048 2508
3049 2509
3050 2508
3051 2514
3052 2508
3053 2508
3054 2508
3055 2508
3056 2508
3057 2507
3058 2508
3059 2507
3060 2507
3061 2508
3062 2508
3063 2508
3064 2508
3065 2509
3066 2509
3067 2515
3068 2514
3069 2512
3070 2514
3071 2514
3072 2515
3073 2509
3074 2508
3075 2511
3076 2513
3077 2513
3078 2512
3079 2514
3080 2509
3081 2518
3082 2507
3083 2509
3084 2509
3085 2509
3086 2511
3087 2512
3088 2513
3089 2512
3090 2512
3091 2508
3092 2508
3093 2514
3094 2508
3095 2508
3096 2509
3097 2508
3098 2508
3099 2512
3100 2508
3101 2507
3102 2509
3103 2508
3104 2509
3105 2508
3106 2508
3107 2508
3108 2510
3109 2509
3110 2513
3111 2517
3112 2513
3113 2510
3114 2511
3115 2512
3116 2513
3117 2508
3118 2508
3119 2509
3120 2508
3121 2509
3122 2513
3123 2507
3124 2511
3125 2509
3126 2508
3127 2508
3128 2512
3129 2512
3130 2509
3131 2508
3132 2511
3133 2509
3134 2512
3135 2512
3136 2512
3137 2508
3138 2511
3139 2512
3140 2508
3141 2508
3142 2508
3143 2508
3144 2508
3145 2509
3146 2508
3147 2508
3148 2508
3149 2509
3150 2513
3151 2509
3152 2508
3153 2508
3154 2511
3155 2508
3156 2508
3157 2507
3158 2508
3159 2508
3160 2508
3161 2508
3162 2508
3163 2508
3164 2508
3165 2508
3166 2507
3167 2508
3168 2511
3169 2512
3170 2508
3171 2508
3172 2509
3173 2509
3174 2508
3175 2508
3176 2508
3177 2508
3178 2508
3179 2508
3180 2507
3181 2508
3182 2508
3183 2508
3184 2508
3185 2508
3186 2508
3187 2508
3188 2509
3189 2508
3190 2508
3191 2508
3192 2508
3193 2508
3194 2508
3195 2508
3196 2508
3197 2508
3198 2507
3199 2507
3200 2508
3201 2507
3202 2507
3203 2507
3204 2512
3205 2511
3206 2507
3207 2507
3208 2508
3209 2510
3210 2510
3211 2508
3212 2510
3213 2507
3214 2507
3215 2507
3216 2507
3217 2508
3218 2508
3219 2507
3220 2509
3221 2508
3222 2509
3223 2507
3224 2511
3225 2507
3226 2507
3227 2508
3228 2507
3229 2508
3230 2508
3231 2512
3232 2509
3233 2510
3234 2510
3235 2512
3236 2509
3237 2509
3238 2511
3239 2507
3240 2511
3241 2510
3242 2511
3243 2507
3244 2507
3245 2507
3246 2506
3247 2506
3248 2505
3249 2506
3250 2505
3251 2505
3252 2505
3253 2505
3254 2505
3255 2506
3256 2511
3257 2507
3258 2506
3259 2505
3260 2507
3261 2504
3262 2505
3263 2510
3264 2505
3265 2505
3266 2506
3267 2506
3268 2506
3269 2505
3270 2511
3271 2505
3272 2506
3273 2506
3274 2505
3275 2506
3276 2506
3277 2509
3278 2508
3279 2509
3280 2504
3281 2504
3282 2504
3283 2504
3284 2505
3285 2505
3286 2506
3287 2504
3288 2507
3289 2508
3290 2505
3291 2503
3292 2504
3293 2504
3294 2504
3295 2504
3296 2505
3297 2512
3298 2509
3299 2505
3300 2505
3301 2505
3302 2505
3303 2506
3304 2504
3305 2504
3306 2503
3307 2503
3308 2503
3309 2503
3310 2503
3311 2504
3312 2504
3313 2504
3314 2504
3315 2505
3316 2503
3317 2509
3318 2508
3319 2504
3320 2505
3321 2510
3322 2503
3323 2507
3324 2503
3325 2505
3326 2506
3327 2506
3328 2508
3329 2503
3330 2505
3331 2505
3332 2505
3333 2504
3334 2510
3335 2510
3336 2502
3337 2503
3338 2508
3339 2505
3340 2505
3341 2503
3342 2507
3343 2505
3344 2506
3345 2503
3346 2504
3347 2502
3348 2502
3349 2502
3350 2501
3351 2501
3352 2501
3353 2505
3354 2501
3355 2502
3356 2503
3357 2501
3358 2503
3359 2502
3360 2503
3361 2502
3362 2502
3363 2505
3364 2503
3365 2505
3366 2503
3367 2502
3368 2503
3369 2504
3370 2503
3371 2504
3372 2504
3373 2503
3374 2503
3375 2503
3376 2502
3377 2502
3378 2503
3379 2504
3380 2503
3381 2503
3382 2503
3383 2504
3384 2504
3385 2503
3386 2502
3387 2502
3388 2502
3389 2509
3390 2503
3391 2503
3392 2503
3393 2504
3394 2507
3395 2506
3396 2504
3397 2503
3398 2502
3399 2504
3400 2504
3401 2503
3402 2502
3403 2502
3404 2502
3405 2503
3406 2502
3407 2502
3408 2503
3409 2505
3410 2504
3411 2504
3412 2504
3413 2503
3414 2504
3415 2504
3416 2503
3417 2504
3418 2504
3419 2503
3420 2503
3421 2503
3422 2503
3423 2503
3424 2502
3425 2502
3426 2505
3427 2502
3428 2502
3429 2503
3430 2503
3431 2505
3432 2505
3433 2503
3434 2502
3435 2502
3436 2503
3437 2502
3438 2502
3439 2502
3440 2506
3441 2502
3442 2501
3443 2501
3444 2501
3445 2504
3446 2503
3447 2502
3448 2502
3449 2502
3450 2501
3451 2511
3452 2502
3453 2502
3454 2502
3455 2504
3456 2501
3457 2505
3458 2502
3459 2501
3460 2504
3461 2504
3462 2504
3463 2505
3464 2502
3465 2501
3466 2500
3467 2500
3468 2502
3469 2507
3470 2501
3471 2501
3472 2499
3473 2506
3474 2501
3475 2501
3476 2503
3477 2501
3478 2500
3479 2503
3480 2503
3481 2499
3482 2500
3483 2500
3484 2500
3485 2500
3486 2499
3487 2504
3488 2501
3489 2500
3490 2507
3491 2507
3492 2500
3493 2501
3494 2500
3495 2500
3496 2500
3497 2500
3498 2500
3499 2500
3500 2499
3501 2500
3502 2500
3503 2500
3504 2500
3505 2500
3506 2500
3507 2501
3508 2500
3509 2500
3510 2500
3511 2500
3512 2500
3513 2500
3514 2500
3515 2499
3516 2499
3517 2499
3518 2499
3519 2499
3520 2500
3521 2500
3522 2499
3523 2499
3524 2500
3525 2499
3526 2499
3527 2499
3528 2499
3529 2499
3530 2498
3531 2499
3532 2499
3533 2499
3534 2499
3535 2499
3536 2499
3537 2499
3538 2499
3539 2499
3540 2499
3541 2499
3542 2499
3543 2499
3544 2499
3545 2499
3546 2499
3547 2499
3548 2499
3549 2499
3550 2499
3551 2499
3552 2499
3553 2499
3554 2499
3555 2499
3556 2499
3557 2499
3558 2499
3559 2499
3560 2499
3561 2499
3562 2499
3563 2499
3564 2499
3565 2499
3566 2499
3567 2499
3568 2499
3569 2499
3570 2500
3571 2499
3572 2499
3573 2499
3574 2499
3575 2499
3576 2499
3577 2500
3578 2499
3579 2499
3580 2499
3581 2499
3582 2499
3583 2499
3584 2499
3585 2499
3586 2499
3587 2499
3588 2499
3589 2499
3590 2499
3591 2498
3592 2499
3593 2499
3594 2498
3595 2498
3596 2498
3597 2498
3598 2498
3599 2498
3600 2498
3601 2498
3602 2498
3603 2498
3604 2498
3605 2498
3606 2498
3607 2498
3608 2498
3609 2498
3610 2498
3611 2498
3612 2498
3613 2498
3614 2498
3615 2498
3616 2497
3617 2497
3618 2497
3619 2497
3620 2497
3621 2497
3622 2497
3623 2497
3624 2497
3625 2497
3626 2497
3627 2497
3628 2497
3629 2497
3630 2497
3631 2497
3632 2496
3633 2496
3634 2496
3635 2496
3636 2496
3637 2496
3638 2496
3639 2496
3640 2496
3641 2496
3642 2496
3643 2496
3644 2496
3645 2496
3646 2496
3647 2496
3648 2496
3649 2496
3650 2496
3651 2496
3652 2496
3653 2496
3654 2496
3655 2496
3656 2496
3657 2496
3658 2496
3659 2496
3660 2495
3661 2495
3662 2495
3663 2495
3664 2495
3665 2495
3666 2495
3667 2495
3668 2495
3669 2495
3670 2495
3671 2495
3672 2495
3673 2495
3674 2494
3675 2494
3676 2494
3677 2494
3678 2494
3679 2494
3680 2494
3681 2494
3682 2494
3683 2494
3684 2494
3685 2494
3686 2494
3687 2494
3688 2494
3689 2494
3690 2494
3691 2494
3692 2494
3693 2494
3694 2494
3695 2494
3696 2493
3697 2493
3698 2493
3699 2493
3700 2493
3701 2493
3702 2493
3703 2493
3704 2493
3705 2493
3706 2493
3707 2493
3708 2493
3709 2493
3710 2493
3711 2493
3712 2493
3713 2493
3714 2493
3715 2493
3716 2493
3717 2493
3718 2493
3719 2493
3720 2493
3721 2493
3722 2492
3723 2492
3724 2492
3725 2492
3726 2492
3727 2492
3728 2492
3729 2493
3730 2492
3731 2492
3732 2492
3733 2492
3734 2492
3735 2492
3736 2492
3737 2492
3738 2492
3739 2492
3740 2492
3741 2492
3742 2492
3743 2492
3744 2492
3745 2492
3746 2492
3747 2492
3748 2492
3749 2492
3750 2492
3751 2492
3752 2492
3753 2492
3754 2492
3755 2492
3756 2492
3757 2492
3758 2492
3759 2492
3760 2492
3761 2492
3762 2492
3763 2492
3764 2492
3765 2493
3766 2492
3767 2492
3768 2493
3769 2493
3770 2492
3771 2492
3772 2493
3773 2493
3774 2493
3775 2493
3776 2493
3777 2493
3778 2492
3779 2494
3780 2493
3781 2493
3782 2493
3783 2493
3784 2492
3785 2493
3786 2493
3787 2492
3788 2492
3789 2492
3790 2492
3791 2493
3792 2492
3793 2492
3794 2492
3795 2492
3796 2492
3797 2492
3798 2492
3799 2491
3800 2491
3801 2491
3802 2491
3803 2492
3804 2491
3805 2492
3806 2492
3807 2492
3808 2491
3809 2492
3810 2491
3811 2492
3812 2492
3813 2492
3814 2491
3815 2491
3816 2492
3817 2492
3818 2492
3819 2492
3820 2492
3821 2491
3822 2492
3823 2492
3824 2492
3825 2492
3826 2492
3827 2491
3828 2492
3829 2492
3830 2492
3831 2491
3832 2491
3833 2492
3834 2491
3835 2492
3836 2491
3837 2491
3838 2491
3839 2492
3840 2492
3841 2492
3842 2491
3843 2492
3844 2491
3845 2491
3846 2491
3847 2491
3848 2491
3849 2494
3850 2491
3851 2491
3852 2491
3853 2492
3854 2491
3855 2491
3856 2492
3857 2492
3858 2492
3859 2492
3860 2492
3861 2492
3862 2492
3863 2492
3864 2492
3865 2492
3866 2493
3867 2492
3868 2492
3869 2492
3870 2492
3871 2492
3872 2493
3873 2492
3874 2492
3875 2492
3876 2492
3877 2492
3878 2492
3879 2492
3880 2492
3881 2492
3882 2492
3883 2492
3884 2492
3885 2492
3886 2492
3887 2492
3888 2492
3889 2492
3890 2492
3891 2492
3892 2492
3893 2492
3894 2492
3895 2492
3896 2492
3897 2492
3898 2493
3899 2492
3900 2493
3901 2493
3902 2493
3903 2493
3904 2492
3905 2496
3906 2492
3907 2493
3908 2492
3909 2492
3910 2493
3911 2493
3912 2493
3913 2493
3914 2493
3915 2492
3916 2493
3917 2493
3918 2493
3919 2493
3920 2492
3921 2493
3922 2493
3923 2493
3924 2493
3925 2492
3926 2492
3927 2492
3928 2492
3929 2493
3930 2493
3931 2493
3932 2492
3933 2492
3934 2493
3935 2492
3936 2492
3937 2492
3938 2494
3939 2492
3940 2498
3941 2492
3942 2492
3943 2492
3944 2492
3945 2491
3946 2491
3947 2492
3948 2492
3949 2493
3950 2491
3951 2491
3952 2491
3953 2492
3954 2491
3955 2492
3956 2491
3957 2492
3958 2494
3959 2495
3960 2491
3961 2491
3962 2491
3963 2490
3964 2491
3965 2491
3966 2491
3967 2491
3968 2491
3969 2491
3970 2491
3971 2491
3972 2492
3973 2491
3974 2491
3975 2491
3976 2491
3977 2491
3978 2491
3979 2491
3980 2491
3981 2491
3982 2491
3983 2491
3984 2491
3985 2491
3986 2490
3987 2490
3988 2490
3989 2490
3990 2490
3991 2490
3992 2491
3993 2491
3994 2490
3995 2491
3996 2490
3997 2490
3998 2490
3999 2491
4000 2490
4001 2490
4002 2490
4003 2491
4004 2491
4005 2491
4006 2491
4007 2491
4008 2491
4009 2491
4010 2491
4011 2491
4012 2490
4013 2490
4014 2491
4015 2491
4016 2490
4017 2491
4018 2491
4019 2491
4020 2491
4021 2491
4022 2491
4023 2490
4024 2491
4025 2491
4026 2491
4027 2491
4028 2491
4029 2491
4030 2491
4031 2491
4032 2491
4033 2491
4034 2491
4035 2491
4036 2491
4037 2490
4038 2491
4039 2491
4040 2491
4041 2491
4042 2491
4043 2491
4044 2491
4045 2491
4046 2491
4047 2491
4048 2491
4049 2491
4050 2491
4051 2491
4052 2491
4053 2490
4054 2491
4055 2491
4056 2491
4057 2491
4058 2491
4059 2491
4060 2490
4061 2491
4062 2491
4063 2491
4064 2491
4065 2491
4066 2491
4067 2491
4068 2491
4069 2491
4070 2491
4071 2491
4072 2491
4073 2491
4074 2490
4075 2491
4076 2491
4077 2491
4078 2491
4079 2490
4080 2491
4081 2491
4082 2491
4083 2491
4084 2491
4085 2491
4086 2491
4087 2491
4088 2491
4089 2490
4090 2490
4091 2490
4092 2490
4093 2490
4094 2491
4095 2490
4096 2491
4097 2491
4098 2490
4099 2491
4100 2490
4101 2490
4102 2491
4103 2490
4104 2491
4105 2490
4106 2490
4107 2490
4108 2490
4109 2490
4110 2490
4111 2490
4112 2490
4113 2490
4114 2490
4115 2490
4116 2490
4117 2490
4118 2490
4119 2490
4120 2490
4121 2490
4122 2490
4123 2490
4124 2490
4125 2490
4126 2490
4127 2490
4128 2490
4129 2490
4130 2490
4131 2490
4132 2490
4133 2490
4134 2490
4135 2490
4136 2490
4137 2490
4138 2490
4139 2490
4140 2490
4141 2490
4142 2490
4143 2490
4144 2490
4145 2490
4146 2490
4147 2490
4148 2490
4149 2490
4150 2490
4151 2490
4152 2490
4153 2490
4154 2489
4155 2490
4156 2490
4157 2490
4158 2490
4159 2490
4160 2489
4161 2489
4162 2490
4163 2490
4164 2490
4165 2490
4166 2490
4167 2490
4168 2490
4169 2490
4170 2490
4171 2490
4172 2491
4173 2490
4174 2490
4175 2490
4176 2490
4177 2490
4178 2490
4179 2490
4180 2490
4181 2490
4182 2490
4183 2490
4184 2490
4185 2490
4186 2490
4187 2490
4188 2490
4189 2490
4190 2490
4191 2490
4192 2490
4193 2491
4194 2490
4195 2490
4196 2490
4197 2491
4198 2491
4199 2490
4200 2490
4201 2490
4202 2490
4203 2490
4204 2490
4205 2490
4206 2491
4207 2490
4208 2490
4209 2490
4210 2490
4211 2490
4212 2490
4213 2490
4214 2491
4215 2490
4216 2491
4217 2491
4218 2490
4219 2490
4220 2490
4221 2490
4222 2490
4223 2490
4224 2490
4225 2490
4226 2490
4227 2490
4228 2490
4229 2490
4230 2490
4231 2490
4232 2490
4233 2490
4234 2490
4235 2490
4236 2490
4237 2490
4238 2490
4239 2490
4240 2490
4241 2490
4242 2490
4243 2490
4244 2490
4245 2489
4246 2490
4247 2490
4248 2490
4249 2489
4250 2490
4251 2490
4252 2490
4253 2489
4254 2489
4255 2489
4256 2489
4257 2489
4258 2489
4259 2489
4260 2490
4261 2489
4262 2489
4263 2489
4264 2489
4265 2489
4266 2489
4267 2489
4268 2489
4269 2489
4270 2490
4271 2489
4272 2490
4273 2489
4274 2489
4275 2490
4276 2490
4277 2489
4278 2489
4279 2489
4280 2489
4281 2490
4282 2489
4283 2489
4284 2489
4285 2490
4286 2490
4287 2490
4288 2490
4289 2490
4290 2490
4291 2490
4292 2490
4293 2490
4294 2490
4295 2490
4296 2490
4297 2490
4298 2490
4299 2489
4300 2489
4301 2490
4302 2490
4303 2490
4304 2490
4305 2490
4306 2490
4307 2490
4308 2490
4309 2490
4310 2490
4311 2490
4312 2490
4313 2490
4314 2490
4315 2490
4316 2490
4317 2489
4318 2490
4319 2490
4320 2489
4321 2489
4322 2489
4323 2489
4324 2489
4325 2489
4326 2489
4327 2489
4328 2489
4329 2489
4330 2489
4331 2489
4332 2489
4333 2489
4334 2489
4335 2489
4336 2489
4337 2489
4338 2489
4339 2489
4340 2489
4341 2489
4342 2489
4343 2489
4344 2489
4345 2489
4346 2489
4347 2489
4348 2489
4349 2489
4350 2489
4351 2489
4352 2489
4353 2489
4354 2489
4355 2489
4356 2488
4357 2488
4358 2488
4359 2488
4360 2489
4361 2489
4362 2489
4363 2489
4364 2489
4365 2489
4366 2489
4367 2489
4368 2489
4369 2489
4370 2489
4371 2489
4372 2489
4373 2489
4374 2489
4375 2489
4376 2489
4377 2489
4378 2490
4379 2490
4380 2489
4381 2490
4382 2489
4383 2490
4384 2490
4385 2490
4386 2490
4387 2490
4388 2490
4389 2490
4390 2490
4391 2490
4392 2490
4393 2490
4394 2490
4395 2490
4396 2490
4397 2491
4398 2491
4399 2491
4400 2490
4401 2490
4402 2490
4403 2490
4404 2490
4405 2490
4406 2490
4407 2490
4408 2490
4409 2490
4410 2490
4411 2490
4412 2490
4413 2490
4414 2490
4415 2490
4416 2490
4417 2490
4418 2490
4419 2490
4420 2490
4421 2490
4422 2490
4423 2490
4424 2490
4425 2490
4426 2490
4427 2490
4428 2490
4429 2490
4430 2490
4431 2490
4432 2490
4433 2490
4434 2490
4435 2490
4436 2490
4437 2490
4438 2490
4439 2490
4440 2491
4441 2491
4442 2491
4443 2491
4444 2491
4445 2491
4446 2491
4447 2491
4448 2491
4449 2491
4450 2491
4451 2491
4452 2492
4453 2492
4454 2492
4455 2492
4456 2492
4457 2491
4458 2492
4459 2491
4460 2492
4461 2492
4462 2492
4463 2492
4464 2492
4465 2492
4466 2492
4467 2491
4468 2492
4469 2492
4470 2492
4471 2491
4472 2491
4473 2491
4474 2491
4475 2492
4476 2491
4477 2491
4478 2491
4479 2491
4480 2493
4481 2491
4482 2492
4483 2492
4484 2491
4485 2493
4486 2490
4487 2490
4488 2490
4489 2491
4490 2490
4491 2490
4492 2491
4493 2490
4494 2490
4495 2491
4496 2490
4497 2490
4498 2491
4499 2490
4500 2491
4501 2491
4502 2491
4503 2491
4504 2491
4505 2491
4506 2491
4507 2491
4508 2491
4509 2491
4510 2491
4511 2491
4512 2492
4513 2491
4514 2491
4515 2494
4516 2491
4517 2491
4518 2491
4519 2491
4520 2491
4521 2491
4522 2491
4523 2491
4524 2491
4525 2491
4526 2491
4527 2491
4528 2491
4529 2491
4530 2491
4531 2491
4532 2491
4533 2491
4534 2491
4535 2491
4536 2491
4537 2491
4538 2491
4539 2491
4540 2491
4541 2491
4542 2492
4543 2492
4544 2492
4545 2492
4546 2492
4547 2492
4548 2492
4549 2492
4550 2492
4551 2492
4552 2493
4553 2492
4554 2493
4555 2493
4556 2493
4557 2493
4558 2493
4559 2493
4560 2493
4561 2493
4562 2493
4563 2493
4564 2494
4565 2494
4566 2494
4567 2494
4568 2494
4569 2493
4570 2493
4571 2494
4572 2494
4573 2493
4574 2494
4575 2494
4576 2494
4577 2493
4578 2493
4579 2493
4580 2493
4581 2493
4582 2493
4583 2493
4584 2493
4585 2493
4586 2493
4587 2493
4588 2493
4589 2493
4590 2493
4591 2493
4592 2493
4593 2493
4594 2492
4595 2492
4596 2492
4597 2492
4598 2492
4599 2492
4600 2492
4601 2492
4602 2492
4603 2492
4604 2492
4605 2492
4606 2492
4607 2491
4608 2492
4609 2492
4610 2492
4611 2492
4612 2492
4613 2492
4614 2492
4615 2492
4616 2492
4617 2492
4618 2492
4619 2493
4620 2493
4621 2493
4622 2492
4623 2492
4624 2492
4625 2492
4626 2492
4627 2492
4628 2493
4629 2493
4630 2493
4631 2493
4632 2493
4633 2493
4634 2493
4635 2493
4636 2493
4637 2493
4638 2493
4639 2493
4640 2493
4641 2493
4642 2493
4643 2493
4644 2493
4645 2493
4646 2493
4647 2493
4648 2493
4649 2493
4650 2493
4651 2493
4652 2493
4653 2493
4654 2493
4655 2493
4656 2493
4657 2494
4658 2496
4659 2494
4660 2494
4661 2494
4662 2495
4663 2495
4664 2495
4665 2494
4666 2493
4667 2493
4668 2493
4669 2493
4670 2493
4671 2493
4672 2493
4673 2493
4674 2493
4675 2493
4676 2493
4677 2494
4678 2493
4679 2493
4680 2493
4681 2493
4682 2493
4683 2494
4684 2493
4685 2493
4686 2493

3543 2531
3544 2541
3545 2538
3546 2542
3547 2542
3548 2539
3549 2541
3550 2539
3551 2538
3552 2545
3553 2537
3554 2537
3555 2538
3556 2538
3557 2537
3558 2545
3559 2545
3560 2537
3561 2538
3562 2536
3563 2536
3564 2537
3565 2537
3566 2538
3567 2540
3568 2541
3569 2544
3570 2537
3571 2539
3572 2537
3573 2538
3574 2539
3575 2539
3576 2537
3577 2537
3578 2538
3579 2537
3580 2537
3581 2536
3582 2537
3583 2537
3584 2542
3585 2538
3586 2538
3587 2536
3588 2542
3589 2536
3590 2544
3591 2543
3592 2538
3593 2543
3594 2538
3595 2537
3596 2541
3597 2542
3598 2537
3599 2539
3600 2542
3601 2540
3602 2536
3603 2536
3604 2536
3605 2537
3606 2538
3607 2537
3608 2537
3609 2536
3610 2535
3611 2540
3612 2535
3613 2536
3614 2536
3615 2536
3616 2536
3617 2536
3618 2535
3619 2536
3620 2535
3621 2536
3622 2535
3623 2534
4376 2505
4377 2501
4378 2506
4379 2512
4380 2512
4381 2504
4382 2502
4383 2512
4384 2513
4385 9999
4386 9999
4387 2515
4388 2513
4389 2514
4390 9999
4391 2512
4392 2502
4393 9999
4394 9999
4395 2502
4396 2502
4397 2510
4398 2514
4399 9999
4400 2510
4401 2513
4402 2502
4403 2512
4404 2511
4405 2512
4406 2512
4407 2511
4408 2511
4409 2505
4410 2504
4411 2502
4412 2512
4413 2502
4414 2512
4415 2512
4416 2510
4417 2509
4418 2510
4419 2510
4420 2502
4421 2502
4422 2511
4423 2510
4424 2510
4425 2509
4426 2508
4427 2509
4428 2510
4429 2511
4430 2511
4431 2511
4432 2510
4433 2509
4434 2510
4435 2505
4436 2511
4437 2513
4438 2514
4439 2510
4440 2511
4441 2507
4442 2511
4443 2510
4444 2511
4445 2516
4446 2503
4447 2511
4448 2508
4449 2514
4450 2510
4451 2512
4452 2511
4453 2506
4454 9999
4455 2511
4456 2507
4457 2514
4458 9999
4459 2511
4460 2511
4461 9999
4462 9999
4463 9999
4464 2512
4465 2511
4466 2512
4467 2503
4468 9999
4469 9999
4470 9999
4471 9999
4472 2514
4473 2503
4474 2510
4475 2510
4476 2510
4477 2510
4478 9999
4479 2513
4480 2510
4481 9999
4482 2505
4483 9999
4484 2511
4485 2516
4486 2510
4487 2511
4488 2505
4489 9999
4490 9999
4491 2511
4492 9999
4493 9999
4494 9999
4495 2509
4496 2502
4497 2504
4498 2507
4499 2502
4500 2508
4501 2509
4502 2511
4503 9999
4504 2505
4505 2507
4506 9999
4507 2508
4508 2508
4509 9999
4510 2507
4511 2506
4512 2507
4513 2508
4514 2508
4515 2507
4516 2508
4517 2508
4518 2503
4519 2503
4520 9999
4521 2508
4522 9999
4523 2507
4524 2508
4525 2507
4526 9999
4527 9999
4528 2503
4529 2510
4530 9999
4531 2503
4532 9999
4533 9999
4534 2513
4535 9999
4536 2510
4537 2509
4538 2508
4539 9999
4540 9999
4541 2509
4542 2509
4543 9999
4544 9999
4545 2508
4546 9999
4547 9999
4558 2517
4559 2517
4560 2517
4561 2517
4562 2518
4563 2518
4564 2518
4565 2517
4566 2516
4567 2516
4568 2517
4569 2516
4570 2521
4571 2516
4572 2515
4573 2515
4574 2516
4575 2516
4576 2522
4577 2515
4578 2514
4579 2514
4580 2514
4581 2515
4582 2516
4583 2515
4584 2514
4585 2515
4586 2514
4587 2514
4588 2514
4589 2515
4590 2516
4591 2516
4592 2514
4593 2514

