2904 2502
2905 2502
2906 2501
2907 2502
2908 2502
2909 2501
2910 2502
2911 2502
2912 2506
2913 2502
2914 2502
2915 2502
2916 2502
2917 2502
2918 2503
2919 2503
2920 2503
2921 2503
2922 2502
2923 2503
2924 2503
2925 2503
2926 2504
2927 2503
2928 2503
2929 2504
2930 2503
2931 2503
2932 2504
2933 2504
2934 2503
2935 2502
2936 2502
2937 2503
2938 2504
2939 2503
2940 2504
2941 2503
2942 2504
2943 2503
2944 2503
2945 2503
2946 2504
2947 2504
2948 2504
2949 2504
2950 2504
2951 2504
2952 2504
2953 2503
2954 2504
2955 2504
2956 2504
2957 2504
2958 2503
2959 2503
2960 2503
2961 2504
2962 2504
2963 2504
2964 2504
2965 2505
2966 2504
2967 2508
2968 2504
2969 2508
2970 2503
2971 2503
2972 2503
2973 2506
2974 2508
2975 2505
2976 2505
2977 2505
2978 2504
2979 2504
2980 2505
2981 2505
2982 2506
2983 2505
2984 2506
2985 2506
2986 2506
2987 2506
2988 2505
2989 2505
2990 2505
2991 2506
2992 2506
2993 2506
2994 2506
2995 2506
2996 2506
2997 2507
2998 2508
2999 2506
3000 2512
3001 2512
3002 2505
3003 2510
3004 2511
3005 2506
3006 2516
3007 2510
3008 2505
3009 2505
3010 2505
3011 2507
3012 2508
3013 2507
3014 2506
3015 2505
3016 2504
3017 2505
3018 2510
3019 2510
3020 2504
3021 2503
3022 2504
3023 2504
3024 2512
3025 2511
3026 2509
3027 2512
3028 2503
3029 2504
3030 2504
3031 2505
3032 2506
3033 2509
3034 2509
3035 2506
3036 2505
3037 2503
3038 2503
3039 2503
3040 2507
3041 2504
3042 2504
3043 2503
3044 2503
3045 2503
3046 2503
3047 2503
3048 2503
3049 2504
3050 2504
3051 2505
3052 2505
3053 2505
3054 2504
3055 2504
3056 2508
3057 2503
3058 2503
3059 2511
3060 2503
3061 2503
3062 2508
3063 2503
3064 2503
3065 2503
3066 2503
3067 2502
3068 2502
3069 2502
3070 2502
3071 2501
3072 2501
3073 2502
3074 2502
3075 2501
3076 2501
3077 2502
3078 2501
3079 2502
3080 2502
3081 2502
3082 2502
3083 2502
3084 2505
3085 2502
3086 2501
3087 2502
3088 2502
3089 2502
3090 2501
3091 2501
3092 2501
3093 2505
3094 2501
3095 2502
3096 2502
3097 2502
3098 2502
3099 2502
3100 2502
3101 2502
3102 2502
3103 2501
3104 2502
3105 2502
3106 2502
3107 2502
3108 2502
3109 2502
3110 2507
3111 2504
3112 2502
3113 2502
3114 2503
3115 2502
3116 2502
3117 2505
3118 2502
3119 2502
3120 2502
3121 2502
3122 2502
3123 2502
3124 2502
3125 2502
3126 2502
3127 2503
3128 2504
3129 2505
3130 2504
3131 2502
3132 2506
3133 2503
3134 2502
3135 2502
3136 2502
3137 2502
3138 2506
3139 2502
3140 2502
3141 2506
3142 2503
3143 2502
3144 2503
3145 2502
3146 2502
3147 2502
3148 2502
3149 2503
3150 2503
3151 2502
3152 2502
3153 2502
3154 2503
3155 2504
3156 2503
3157 2502
3158 2502
3159 2502
3160 2502
3161 2502
3162 2503
3163 2507
3164 2505
3165 2502
3166 2503
3167 2505
3168 2505
3169 2505
3170 2504
3171 2502
3172 2502
3173 2505
3174 2505
3175 2505
3176 2501
3177 2504
3178 2502
3179 2503
3180 2502
3181 2502
3182 2509
3183 2500
3184 2501
3185 2513
3186 2502
3187 2505
3188 2502
3189 2502
3190 2502
3191 2502
3192 2505
3193 2507
3194 2504
3195 2504
3196 2503
3197 2506
3198 2504
3199 2505
3200 2502
3201 2503
3202 2502
3203 2504
3204 2507
3205 2503
3206 2503
3207 2503
3208 2503
3209 2503
3210 2504
3211 2504
3212 2507
3213 2503
3214 2503
3215 2504
3216 2503
3217 2502
3218 2504
3219 2505
3220 2507
3221 2504
3222 2503
3223 2509
3224 2504
3225 2505
3226 2504
3227 2503
3228 2504
3229 2504
3230 2504
3231 2505
3232 2504
3233 2504
3234 2504
3235 2504
3236 2504
3237 2504
3238 2504
3239 2504
3240 2504
3241 2504
3242 2504
3243 2504
3244 2503
3245 2503
3246 2504
3247 2504
3248 2503
3249 2506
3250 2507
3251 2504
3252 2504
3253 2503
3254 2506
3255 2504
3256 2506
3257 2507
3258 2504
3259 2504
3260 2504
3261 2506
3262 2505
3263 2505
3264 2504
3265 2505
3266 2504
3267 2504
3268 2504
3269 2505
3270 2504
3271 2507
3272 2505
3273 2507
3274 2504
3275 2509
3276 2504
3277 2504
3278 2504
3279 2504
3280 2504
3281 2504
3282 2505
3283 2505
3284 2505
3285 2505
3286 2505
3287 2505
3288 2505
3289 2506
3290 2506
3291 2506
3292 2506
3293 2506
3294 2507
3295 2506
3296 2507
3297 2506
3298 2506
3299 2506
3300 2506
3301 2506
3302 2505
3303 2506
3304 2506
3305 2506
3306 2506
3307 2506
3308 2507
3309 2508
3310 2506
3311 2507
3312 2506
3313 2506
3314 2507
3315 2506
3316 2507
3317 2507
3318 2507
3319 2508
3320 2508
3321 2508
3322 2508
3323 2508
3324 2508
3325 2507
3326 2507
3327 2508
3328 2508
3329 2508
3330 2508
3331 2508
3332 2508
3333 2506
3334 2507
3335 2510
3336 2509
3337 2509
3338 2510
3339 2511
3340 2511
3341 2508
3342 2507
3343 2509
3344 2509
3345 2510
3346 2508
3347 2509
3348 2510
3349 2510
3350 2508
3351 2510
3352 2513
3353 2509
3354 2510
3355 2511
3356 2510
3357 2509
3358 2509
3359 2510
3360 2507
3361 2512
3362 2512
3363 2512
3364 2516
3365 2509
3366 2509
3367 2510
3368 2507
3369 2508
3370 2508
3371 2508
3372 2508
3373 2507
3374 2507
3375 2508
3376 2506
3377 2506
3378 2507
3379 2506
3380 2507
3381 2507
3382 2507
3383 2506
3384 2506
3385 2506
3386 2506
3387 2506
3388 2506
3389 2506
3390 2506
3391 2506
3392 2506
3393 2508
3394 2506
3395 2506
3396 2507
3397 2506
3398 2506
3399 2506
3400 2506
3401 2506
3402 2506
3403 2506
3404 2506
3405 2505
3406 2506
3407 2505
3408 2506
3409 2505
3410 2505
3411 2505
3412 2505
3413 2505
3414 2505
3415 2504
3416 2504
3417 2505
3418 2505
3419 2505
3420 2504
3421 2504
3422 2504
3423 2504
3424 2504
3425 2504
3426 2503
3427 2503
3428 2503
3429 2505
3430 2502
3431 2507
3432 2505
3433 2504
3434 2503
3435 2503
3436 2504
3437 2503
3438 2503
3439 2503
3440 2502
3441 2503
3442 2503
3443 2502
3444 2502
3445 2503
3446 2502
3447 2502
3448 2502
3449 2503
3450 2502
3451 2503
3452 2507
3453 2499
3454 2503
3455 2503
3456 2503
3457 2503
3458 2503
3459 2503
3460 2503
3461 2503
3462 2503
3463 2503
3464 2503
3465 2503
3466 2503
3467 2503
3468 2503
3469 2503
3470 2503
3471 2504
3472 2503
3473 2503
3474 2503
3475 2503
3476 2502
3477 2503
3478 2503
3479 2502
3480 2502
3481 2502
3482 2502
3483 2503
3484 2502
3485 2502
3486 2502
3487 2502
3488 2502
3489 2502
3490 2503
3491 2503
3492 2504
3493 2503
3494 2502
3495 2502
3496 2502
3497 2502
3498 2502
3499 2502
3500 2502
3501 2502
3502 2502
3503 2502
3504 2502
3505 2502
3506 2502
3507 2502
3508 2502
3509 2502
3510 2502
3511 2502
3512 2502
3513 2502
3514 2502
3515 2502
3516 2502
3517 2502
3518 2502
3519 2502
3520 2502
3521 2502
3522 2502
3523 2502
3524 2502
3525 2502
3526 2502
3527 2502
3528 2502
3529 2502
3530 2502
3531 2502
3532 2502
3533 2502
3534 2502
3535 2502
3536 2502
3537 2503
3538 2502
3539 2502
3540 2503
3541 2503
3542 2502
3543 2502
3544 2502
3545 2502
3546 2502
3547 2502
3548 2502
3549 2502
3550 2502
3551 2502
3552 2502
3553 2502
3554 2502
3555 2502
3556 2502
3557 2502
3558 2503
3559 2502
3560 2503
3561 2503
3562 2502
3563 2502
3564 2502
3565 2502
3566 2503
3567 2502
3568 2502
3569 2503
3570 2503
3571 2503
3572 2503
3573 2503
3574 2503
3575 2502
3576 2502
3577 2502
3578 2502
3579 2502
3580 2502
3581 2503
3582 2502
3583 2502
3584 2502
3585 2505
3586 2505
3587 2502
3588 2502
3589 2502
3590 2502
3591 2502
3592 2503
3593 2502
3594 2502
3595 2502
3596 2502
3597 2502
3598 2502
3599 2502
3600 2502
3601 2502
3602 2501
3603 2501
3604 2501
3605 2507
3606 2502
3607 2503
3608 2501
3609 2500
3610 2500
3611 2500
3612 2500
3613 2500
3614 2500
3615 2500
3616 2500
3617 2500
3618 2500
3619 2500
3620 2500
3621 2500
3622 2500
3623 2500
3624 2500
3625 2500
3626 2500
3627 2500
3628 2501
3629 2501
3630 2500
3631 2501
3632 2501
3633 2501
3634 2500
3635 2500
3636 2500
3637 2499
3638 2499
3639 2498
3640 2498
3641 2498
3642 2497
3643 2496
3644 2501
3645 2496
3646 2495
3647 2494
3648 2497
3649 2492
3650 2493
3651 2494
3652 2493
3653 2493
3654 2493
3655 2495
3656 2495
3657 2494
3658 2494
3659 2495
3660 2495
3661 2495
3662 2494
3663 2494
3664 2494
3665 2494
3666 2494
3667 2494
3668 2494
3669 2494
3670 2494
3671 2493
3672 2493
3673 2493
3674 2493
3675 2493
3676 2493
3677 2493
3678 2494
3679 2493
3680 2493
3681 2493
3682 2493
3683 2493
3684 2493
3685 2494
3686 2493
3687 2493
3688 2493
3689 2493
3690 2493
3691 2493
3692 2493
3693 2493
3694 2493
3695 2493
3696 2493
3697 2495
3698 2495
3699 2495
3700 2495
3701 2496
3702 2496
3703 2495
3704 2496
3705 2495
3706 2495
3707 2495
3708 2496
3709 2496
3710 2496
3711 2496
3712 2496
3713 2496
3714 2496
3715 2496
3716 2496
3717 2496
3718 2496
3719 2496
3720 2496
3721 2496
3722 2497
3723 2496
3724 2496
3725 2496
3726 2496
3727 2496
3728 2496
3729 2496
3730 2496
3731 2497
3732 2496
3733 2496
3734 2496
3735 2496
3736 2496
3737 2497
3738 2496
3739 2497
3740 2497
3741 2497
3742 2497
3743 2497
3744 2497
3745 2497
3746 2497
3747 2497
3748 2497
3749 2497
3750 2497
3751 2497
3752 2497
3753 2497
3754 2497
3755 2497
3756 2497
3757 2497
3758 2497
3759 2497
3760 2497
3761 2497
3762 2497
3763 2497
3764 2497
3765 2497
3766 2497
3767 2497
3768 2497
3769 2497
3770 2497
3771 2497
3772 2497
3773 2497
3774 2497
3775 2497
3776 2497
3777 2497
3778 2497
3779 2497
3780 2497
3781 2497
3782 2497
3783 2497
3784 2497
3785 2496
3786 2496
3787 2497
3788 2496
3789 2497
3790 2497
3791 2497
3792 2497
3793 2497
3794 2497
3795 2496
3796 2496
3797 2496
3798 2496
3799 2496
3800 2497
3801 2496
3802 2496
3803 2496
3804 2497
3805 2497
3806 2496
3807 2496
3808 2496
3809 2496
3810 2496
3811 2497
3812 2497
3813 2497
3814 2497
3815 2496
3816 2497
3817 2497
3818 2496
3819 2497
3820 2497
3821 2497
3822 2497
3823 2497
3824 2496
3825 2496
3826 2496
3827 2497
3828 2496
3829 2496
3830 2496
3831 2496
3832 2496
3833 2496
3834 2496
3835 2496
3836 2496
3837 2496
3838 2496
3839 2496
3840 2496
3841 2496
3842 2496
3843 2496
3844 2496
3845 2496
3846 2496
3847 2496
3848 2496
3849 2496
3850 2496
3851 2496
3852 2496
3853 2496
3854 2495
3855 2495
3856 2495
3857 2495
3858 2496
3859 2496
3860 2496
3861 2496
3862 2495
3863 2495
3864 2495
3865 2495
3866 2495
3867 2495
3868 2494
3869 2495
3870 2495
3871 2495
3872 2495
3873 2495
3874 2495
3875 2495
3876 2495
3877 2494
3878 2494
3879 2494
3880 2494
3881 2494
3882 2494
3883 2494
3884 2493
3885 2494
3886 2494
3887 2494
3888 2494
3889 2494
3890 2494
3891 2494
3892 2494
3893 2494
3894 2494
3895 2494
3896 2494
3897 2494
3898 2493
3899 2493
3900 2493
3901 2493
3902 2493
3903 2493
3904 2493
3905 2493
3906 2493
3907 2492
3908 2493
3909 2493
3910 2493
3911 2493
3912 2493

3495 2544
3496 2546
3497 2542
3498 2547
3499 2546
3500 2539
3501 2537
3502 2538
3503 2545
3504 2543
3505 2540
3506 2540
3507 2540
3508 2548
3509 2545
3510 2537
3511 2544
3512 2539
3513 2540
3514 2538
3515 2539
3516 2543
3517 2539
3518 2539
3519 2543
3520 2539
3521 2544
3522 2535
3523 2543
3524 2539
3525 2538
3526 2538
3527 2543
3528 2545
3529 2539
3530 2539
3531 2539
3532 2539
3533 2544
3534 2543
3535 2543
3536 2541
3537 2536
3538 2539
3539 2538
3540 2541
3541 2534
3542 2537
3543 2539
3544 2539
3545 2534
3546 2539
3547 2537
3548 2544
3549 2537
3550 2535
3551 2530
3552 2530
3553 2542
3554 2542
3555 2542
3556 2531
3557 2536
3558 2542
3559 2539
3560 2534
3561 2535
3562 2541
3563 2538
3564 2543
3565 2537
3566 2537
3567 2536
3568 2536
3569 2539
3570 2537
3571 2538
3572 2538
3573 2536
3574 2538
3575 2536
3576 2538
3577 2537
3578 2534
3579 2535
3580 2537
3581 2534
3582 2540
3583 2535
3584 2536
3585 2539
3586 2539
3587 2539
3588 2535
3589 2536
3590 2533
3591 2531
3592 2530
3593 2534
3594 2536
3595 2530
3596 2530
3597 2536
3598 2537
3599 2530
3600 2526
3601 2535
3602 2532
3603 2523
3604 2531
3605 2532
3606 2530
3607 2528
3608 2526
3609 2531
3610 2531
3611 2533
3612 2535
3613 2530
3614 2529
3615 2530
3616 2522
3617 2521
3618 2528
3619 2532
3620 2530
3621 2529
3622 2528
3623 2529
3624 2529
3625 2530
3626 2531
3627 2519
3628 2520
3629 2522
3630 2522
3631 2528
3632 2527
3633 2529
3634 2520
3635 2520
3636 2517
3637 2524
3638 2520
3639 2523
3640 2522
3641 2524
3642 2520
3643 2518
3644 2519
3645 2519
3646 2520
3647 2515
3648 2523
3649 2513
3650 2516
3651 2518
3652 2516
3653 2517
3654 2516
3655 2517
3656 2513
3657 2521
3658 2511
3659 2520
3660 2508
3661 2508
3662 2511
3663 2515
3664 2506
3665 2506
3666 2515
3667 9999
3716 2509
3717 2517
3718 2516
3719 2516
3720 2517
3721 2510
3722 2516
3723 2515
3724 2519
3725 2517
3726 2516
3727 2510
3728 2520
3729 2524
3730 2510
3731 2517
3732 2517
3733 2517
3734 2518
3735 2512
3736 2510
3737 2518
3738 2519
3739 2512
3740 2515
3741 2510
3742 2510
3743 2510
3744 2510
3745 2517
3746 2510
3747 2514
3748 2516
3749 2517
3750 2510
3751 2512
3752 2524
3753 2518
3754 2520
3755 2517
3756 2519
3757 2517
3758 2517
3759 2518
3760 2518
3761 2518
3762 2511
3763 2525
3764 2516
3765 2517

