4937 2506
4938 2500
4939 2499
4940 2511
4941 2502
4942 2503
4943 2503
4944 2504
4945 2504
4946 2504
4947 2504
4948 2504
4949 2504
4950 2504
4951 2506
4952 2504
4953 2503
4954 2504
4955 2504
4956 2503
4957 2503
4958 2503
4959 2506
4960 2503
4961 2502
4962 2507
4963 2507
4964 2498
4965 2510
4966 2507
4967 2496
4968 2496
4969 2496
4970 2497
4971 2496
4972 2496
4973 2496
4974 2496
4975 2495
4976 2493
4977 2491
4978 2492
4979 2493
4980 2489
4981 2490
4982 2495
4983 2494
4984 2495
4985 2495
4986 2499
4987 2500
4988 2501
4989 2502
4990 2504
4991 2504
4992 2506
4993 2506
4994 2508
4995 2507
4996 2507
4997 2508
4998 2513
4999 2505
5000 2506
5001 2506
5002 2506
5003 2507
5004 2507
5005 2508
5006 2506
5007 2507
5008 2510
5009 2510
5010 2508
5011 2511
5012 2507
5013 2505
5014 2505
5015 2506
5016 2505
5017 2505
5018 2504
5019 2505
5020 2505
5021 2505
5022 2505
5023 2505
5024 2505
5025 2504
5026 2503
5027 2501
5028 2503
5029 2503
5030 2503
5031 2503
5032 2504
5033 2504
5034 2506
5035 2508
5036 2508
5037 2510
5038 2508
5039 2507
5040 2505
5041 2508
5042 2502
5043 2510
5044 2511
5045 2502
5046 2500
5047 2500
5048 2501
5049 2502
5050 2502
5051 2498
5052 2495
5053 2494
5054 2494
5055 2499
5056 2504
5057 2503
5058 2505
5059 2508
5060 2506
5061 2506
5062 2505
5063 2505
5064 2506
5065 2512
5066 2506
5067 2507
5068 2514
5069 2506
5070 2507
5071 2506
5072 2504
5073 2503
5074 2509
5075 2503
5076 2503
5077 2503
5078 2503
5079 2503
5080 2503
5081 2504
5082 2503
5083 2503
5084 2503
5085 2503
5086 2503
5087 2503
5088 2503
5089 2508
5090 2504
5091 2503
5092 2508
5093 2505
5094 2505
5095 2506
5096 2505
5097 2505
5098 2505
5099 2506
5100 2504
5101 2504
5102 2504
5103 2508
5104 2504
5105 2504
5106 2504
5107 2503
5108 2502
5109 2502
5110 2508
5111 2504
5112 2507
5113 2506
5114 2505
5115 2505
5116 2506
5117 2506
5118 2508
5119 2508
5120 2507
5121 2507
5122 2510
5123 2504
5124 2504
5125 2503
5126 2498
5127 2498
5128 2498
5129 2501
5130 2501
5131 2501
5132 2502
5133 2498
5134 2500
5135 2495
5136 2495
5137 2504
5138 2504
5139 2499
5140 2500
5141 2502
5142 2501
5143 2503
5144 2503
5145 2505
5146 2503
5147 2502
5148 2502
5149 2501
5150 2501
5151 2502
5152 2502
5153 2505
5154 2504
5155 2504
5156 2504
5157 2503
5158 2503
5159 2502
5160 2502
5161 2502
5162 2502
5163 2502
5164 2502
5165 2502
5166 2502
5167 2502
5168 2502
5169 2502
5170 2502
5171 2502
5172 2501
5173 2502
5174 2502
5175 2503
5176 2503
5177 2502
5178 2502
5179 2502
5180 2502
5181 2506
5182 2507
5183 2503
5184 2502
5185 2503
5186 2504
5187 2504
5188 2501
5189 2507
5190 2503
5191 2502
5192 2502
5193 2502
5194 2502
5195 2502
5196 2502
5197 2502
5198 2502
5199 2502
5200 2501
5201 2502
5202 2502
5203 2502
5204 2502
5205 2506
5206 2505
5207 2503
5208 2502
5209 2501
5210 2501
5211 2502
5212 2502
5213 2501
5214 2501
5215 2501
5216 2501
5217 2501
5218 2502
5219 2502
5220 2501
5221 2501
5222 2501
5223 2501
5224 2500
5225 2501
5226 2501
5227 2501
5228 2501
5229 2501
5230 2501
5231 2502
5232 2503
5233 2502
5234 2501
5235 2502
5236 2502
5237 2501
5238 2502
5239 2502
5240 2502
5241 2501
5242 2501
5243 2501
5244 2502
5245 2502
5246 2502
5247 2503
5248 2502
5249 2501
5250 2501
5251 2501
5252 2501
5253 2501
5254 2502
5255 2502
5256 2502
5257 2503
5258 2502
5259 2502
5260 2502
5261 2502
5262 2502
5263 2502
5264 2501
5265 2501
5266 2502
5267 2502
5268 2502
5269 2502
5270 2502
5271 2502
5272 2502
5273 2502
5274 2502
5275 2502
5276 2502
5277 2502
5278 2502
5279 2503
5280 2502
5281 2502
5282 2502
5283 2502
5284 2502
5285 2502
5286 2502
5287 2502
5288 2502
5289 2502
5290 2502
5291 2502
5292 2503
5293 2502
5294 2502
5295 2502
5296 2502
5297 2502
5298 2503
5299 2510
5300 2503
5301 2503
5302 2501
5303 2502
5304 2502
5305 2502
5306 2502
5307 2502
5308 2503
5309 2502
5310 2503
5311 2503
5312 2503
5313 2502
5314 2504
5315 2503
5316 2503
5317 2502
5318 2503
5319 2503
5320 2503
5321 2503
5322 2502
5323 2503
5324 2504
5325 2503
5326 2503
5327 2503
5328 2504
5329 2507
5330 2503
5331 2502
5332 2503
5333 2503
5334 2502
5335 2503
5336 2504
5337 2503
5338 2504
5339 2507
5340 2502
5341 2504
5342 2503
5343 2512
5344 2505
5345 2501
5346 2502
5347 2502
5348 2502
5349 2504
5350 2504
5351 2503
5352 2503
5353 2503
5354 2504
5355 2502
5356 2503
5357 2504
5358 2502
5359 2503
5360 2503
5361 2502
5362 2502
5363 2503
5364 2505
5365 2505
5366 2503
5367 2502
5368 2502
5369 2503
5370 2503
5371 2502
5372 2503
5373 2502
5374 2503
5375 2503
5376 2503
5377 2503
5378 2503
5379 2502
5380 2506
5381 2502
5382 2502
5383 2502
5384 2503
5385 2506
5386 2503
5387 2502
5388 2502
5389 2502
5390 2505
5391 2504
5392 2502
5393 2504
5394 2502
5395 2503
5396 2503
5397 2502
5398 2502
5399 2503
5400 2505
5401 2507
5402 2505
5403 2503
5404 2503
5405 2503
5406 2503
5407 2503
5408 2503
5409 2503
5410 2503
5411 2503
5412 2504
5413 2503
5414 2504
5415 2506
5416 2503
5417 2503
5418 2503
5419 2504
5420 2503
5421 2503
5422 2503
5423 2503
5424 2503
5425 2504
5426 2504
5427 2503
5428 2503
5429 2503
5430 2502
5431 2506
5432 2502
5433 2503
5434 2502
5435 2502
5436 2502
5437 2503
5438 2508
5439 2502
5440 2502
5441 2502
5442 2506
5443 2502
5444 2502
5445 2502
5446 2502
5447 2502
5448 2502
5449 2502
5450 2502
5451 2503
5452 2502
5453 2502
5454 2503
5455 2506
5456 2502
5457 2508
5458 2503
5459 2502
5460 2502
5461 2502
5462 2502
5463 2502
5464 2504
5465 2503
5466 2503
5467 2502
5468 2502
5469 2504
5470 2503
5471 2502
5472 2505
5473 2504
5474 2502
5475 2506
5476 2502
5477 2506
5478 2502
5479 2502
5480 2503
5481 2502
5482 2502
5483 2503
5484 2503
5485 2503
5486 2503
5487 2502
5488 2502
5489 2502
5490 2502
5491 2503
5492 2502
5493 2503
5494 2501
5495 2506
5496 2500
5497 2502
5498 2502
5499 2502
5500 2502
5501 2502
5502 2501
5503 2502
5504 2502
5505 2502
5506 2501
5507 2501
5508 2501
5509 2501
5510 2502
5511 2501
5512 2501
5513 2501
5514 2502
5515 2502
5516 2501
5517 2501
5518 2501
5519 2501
5520 2501
5521 2501
5522 2501
5523 2501
5524 2501
5525 2501
5526 2501
5527 2501
5528 2501
5529 2501
5530 2501
5531 2501
5532 2501
5533 2501
5534 2501
5535 2501
5536 2501
5537 2501
5538 2500
5539 2500
5540 2500
5541 2500
5542 2500
5543 2500
5544 2500
5545 2500
5546 2500
5547 2500
5548 2500
5549 2499
5550 2499
5551 2501
5552 2501
5553 2501
5554 2500
5555 2500
5556 2500
5557 2500
5558 2499
5559 2505
5560 2499
5561 2505
5562 2505
5563 2508
5564 2508
5565 2509
5566 2503
5567 2510
5568 2510
5569 2503
5570 2501
5571 2507
5572 2500
5573 2500
5574 2500
5575 2498
5576 2500
5577 2504
5578 2499
5579 2499
5580 2500
5581 2499
5582 2498
5583 2499
5584 2499
5585 2500
5586 2502
5587 2501
5588 2501
5589 2499
5590 2499
5591 2499
5592 2499
5593 2499
5594 2499
5595 2499
5596 2499
5597 2499
5598 2499
5599 2499
5600 2499
5601 2499
5602 2499
5603 2498
5604 2497
5605 2498
5606 2498
5607 2499
5608 2499
5609 2499
5610 2497
5611 2497
5612 2497
5613 2497
5614 2497
5615 2497
5616 2497
5617 2497
5618 2497
5619 2497
5620 2497
5621 2497
5622 2497
5623 2496
5624 2496
5625 2496
5626 2496
5627 2496
5628 2496
5629 2496
5630 2496
5631 2496
5632 2496
5633 2496
5634 2497
5635 2497
5636 2497
5637 2497
5638 2497
5639 2497
5640 2498
5641 2497
5642 2496
5643 2497
5644 2497
5645 2496
5646 2496
5647 2496
5648 2496
5649 2496
5650 2496
5651 2497
5652 2502
5653 2497
5654 2497
5655 2497
5656 2496
5657 2496
5658 2496
5659 2495
5660 2495
5661 2496
5662 2496
5663 2496
5664 2497
5665 2497
5666 2497
5667 2497
5668 2497
5669 2497
5670 2497
5671 2497
5672 2498
5673 2497
5674 2497
5675 2497
5676 2497
5677 2497
5678 2497
5679 2496
5680 2498
5681 2497
5682 2497
5683 2497
5684 2497
5685 2496
5686 2496
5687 2496
5688 2496
5689 2496
5690 2496
5691 2496
5692 2495
5693 2498
5694 2494
5695 2494
5696 2494
5697 2494
5698 2493
5699 2493
5700 2493
5701 2493
5702 2493
5703 2493
5704 2493
5705 2492
5706 2493
5707 2492
5708 2492
5709 2492
5710 2492
5711 2492
5712 2492
5713 2492
5714 2492
5715 2492
5716 2492
5717 2492
5718 2492
5719 2492
5720 2492
5721 2492
5722 2491
5723 2491
5724 2492
5725 2491
5726 2491
5727 2491
5728 2491
5729 2491
5730 2491
5731 2491
5732 2491
5733 2491
5734 2491
5735 2491
5736 2491
5737 2491
5738 2491
5739 2492
5740 2492
5741 2491
5742 2491
5743 2491
5744 2491
5745 2491
5746 2491
5747 2491
5748 2491
5749 2491
5750 2491
5751 2490
5752 2491
5753 2491
5754 2491
5755 2491
5756 2491
5757 2491
5758 2491
5759 2491
5760 2491
5761 2491
5762 2491
5763 2491
5764 2491
5765 2491
5766 2491
5767 2491
5768 2491
5769 2491
5770 2491
5771 2491
5772 2491
5773 2491
5774 2491
5775 2490
5776 2491
5777 2491
5778 2491
5779 2491
5780 2490
5781 2491
5782 2491
5783 2491
5784 2490
5785 2490
5786 2490
5787 2490
5788 2490
5789 2490
5790 2490
5791 2490
5792 2490
5793 2490
5794 2490
5795 2490
5796 2490
5797 2490
5798 2490
5799 2490
5800 2490
5801 2490
5802 2490
5803 2490
5804 2490
5805 2490
5806 2490
5807 2490
5808 2490
5809 2490
5810 2490
5811 2490
5812 2490
5813 2490
5814 2490
5815 2490
5816 2490
5817 2490
5818 2490
5819 2490
5820 2490
5821 2490
5822 2490
5823 2490
5824 2490
5825 2490
5826 2490
5827 2490
5828 2490
5829 2490
5830 2490
5831 2490
5832 2490
5833 2490
5834 2490
5835 2490
5836 2489
5837 2489
5838 2490
5839 2490
5840 2490
5841 2489
5842 2490
5843 2490
5844 2489
5845 2489
5846 2489
5847 2489
5848 2489
5849 2489
5850 2489
5851 2489
5852 2489
5853 2489
5854 2489
5855 2489
5856 2489
5857 2489

5168 2528
5169 2523
5170 2533
5171 2530
5172 2525
5173 2529
5174 2530
5175 2522
5176 2528
5177 2526
5178 2529
5179 2531
5180 2525
5181 2529
5182 2522
5183 2527
5184 2533
5185 2521
5186 2522
5187 2523
5188 2526
5189 2527
5190 2535
5191 2527
5192 2530
5193 2528
5194 2531
5195 2531
5196 2526
5197 2526
5198 2526
5199 2526
5200 2528
5201 2520
5202 2520
5203 2520
5204 2527
5205 2526
5206 2528
5207 2519
5208 2527
5209 2530
5210 2533
5211 2523
5212 2521
5213 2522
5214 2520
5215 2521
5216 2529
5217 2533
5218 2521
5219 2527
5220 2525
5221 2521
5222 2527
5223 2533
5224 2519
5225 2528
5226 2523
5227 2526
5228 2526
5229 2519
5230 2527
5231 2528
5232 2526
5233 2527
5234 2527
5235 2520
5236 2519
5237 2523
5238 2520
5239 2526
5240 2531
5241 2528
5242 2519
5243 2519
5244 2519
5245 2519
5246 2530
5247 2533
5248 2520
5249 2522
5250 2530
5251 2521
5252 2521
5253 2522
5254 2527
5255 2528
5256 2532
5257 2520
5258 2528
5259 2527
5260 2526
5261 2532
5262 2521
5263 2530
5264 2524
5265 2531
5266 2528
5267 2527
5268 2527
5269 2528
5270 2526
5271 2527
5272 2519
5273 2524
5274 2526
5275 2527
5276 2519
5277 2519
5278 2522
5279 2521
5280 2526
5281 2520
5282 2520
5283 2526
5284 2521
5285 2528
5286 2519
5287 2532
5288 2519
5289 2519
5290 2530
5291 2520
5292 2529
5293 2529
5294 2533
5295 2520
5296 2520
5297 2531
5298 2525
5299 2526
5300 2532
5301 2522
5302 2520
5303 2524
5304 2525
5305 2524
5306 2526
5307 2527
5308 2527
5309 2530
5310 2530
5311 2524
5312 2527
5313 2522
5314 2523
5315 2531
5316 2526
5317 2533
5318 2532
5319 2532
5320 2533
5321 2524
5322 2528
5323 2528
5324 2528
5325 2532
5326 2528
5327 2532
5328 2532
5329 2525
5330 2527
5331 2524
5332 2523
5333 2523
5334 2529
5335 2529
5336 2523
5337 2531
5338 2524
5339 2529
5340 2528
5341 2532
5342 2536
5343 2525
5344 2523
5345 2524
5346 2536
5347 2527
5348 2531
5349 2523
5350 2532
5351 2524
5352 2526
5353 2530
5354 2525
5355 2524
5356 2538
5357 2526
5358 2530
5359 2530
5360 2524
5361 2524
5362 2527
5363 2530
5364 2532
5365 2527
5366 2524
5367 2531
5368 2530
5369 2530
5370 2531
5371 2529
5372 2530
5373 2529
5374 2523
5375 2530
5376 2530
5377 2531
5378 2529
5379 2531
5380 2523
5381 2536
5382 2528
5383 2530
5384 2530
5385 2522
5386 2530
5387 2530
5388 2521
5389 2529
5390 2529
5391 2532
5392 2527
5393 2521
5394 2521
5395 2527
5396 2521
5397 2521
5398 2527
5399 2520
5400 2534
5401 2520
5402 2529
5403 2526
5404 2527
5405 2521
5406 2521
5407 2532
5408 2525
5409 2525
5410 2522
5411 2526
5412 2524
5413 2527
5414 2530
5415 2524
5416 2520
5417 2519
5418 2522
5419 2521
5420 2521
5421 2522
5422 2533
5423 2524
5424 2531
5425 2532
5426 2530
5427 2520
5428 2520
5429 2529
5430 2525
5431 2519
5432 2521
5433 2528
5434 2528
5435 2532
5436 2533
5437 2519
5438 2531
5439 2532
5440 2532
5441 2518
5442 2523
5443 2518
5444 2531
5445 2531
5446 2530
5447 2524
5448 2518
5449 2520
5450 2518
5451 2529
5452 2523
5453 2518
5454 2530
5455 2518
5456 2518
5457 9999
5458 2524
5459 2523
5460 2518
5461 2526
5462 2517
5463 2529
5464 2518
5465 2530
5466 2529
5467 2524
5468 2524
5469 2517
5470 2519
5471 2517
5472 2522
5473 2517
5474 2527
5475 2530
5476 2523
5477 2523
5478 2525
5479 2524
5480 2523
5481 2531
5482 2517
5483 2525
5484 2525
5485 2517
5486 2531
5487 2524
5488 2525
5489 2526
5490 2531
5491 2518
5492 2520
5493 2525
5494 2517
5495 2518
5496 2526
5497 2524
5498 2520
5499 2520
5500 2521
5501 2525
5502 2525
5503 2525
5504 2517
5505 2523
5506 2523
5507 2525
5508 2525
5509 2517
5510 2527
5511 2522
5512 2528
5513 2529
5514 2525
5515 2524
5516 2525
5517 2529
5518 2525
5519 2525
5520 2525
5521 2525
5522 2525
5523 2524
5524 2524
5525 2525
5526 2524
5527 2523
5528 2524
5529 2525
5530 2524
5531 2524
5532 2524
5533 2524
5534 2524
5535 2523
5536 2524
5537 2527
5538 2530
5539 2526
5540 2526
5541 2526
5542 2523
5543 2525
5544 2525
5545 2527
5546 2525
5547 2526
5548 2532
5549 2527
5550 2528
5551 2525
5552 2528
5553 2529
5554 2529

