4939 2489
4940 2489
4941 2505
4942 2486
4943 2487
4944 2496
4945 2507
4946 2507
4947 2494
4948 2494
4949 2495
4950 2494
4951 2495
4952 2495
4953 2496
4954 2496
4955 2495
4956 2496
4957 2496
4958 2496
4959 2496
4960 2496
4961 2491
4962 2495
4963 2494
4964 2493
4965 2501
4966 2500
4967 2495
4968 2497
4969 2503
4970 2502
4971 2501
4972 2500
4973 2499
4974 2496
4975 2495
4976 2495
4977 2502
4978 2508
4979 2510
4980 2509
4981 2510
4982 2510
4983 2512
4984 2501
4985 2501
4986 2506
4987 2510
4988 2513
4989 2512
4990 2512
4991 2500
4992 2502
4993 2502
4994 2502
4995 2501
4996 2502
4997 2502
4998 2502
4999 2511
5000 2513
5001 2504
5002 2504
5003 2505
5004 2502
5005 2507
5006 2507
5007 2507
5008 2507
5009 2504
5010 2503
5011 2501
5012 2505
5013 2506
5014 2506
5015 2504
5016 2505
5017 2502
5018 2500
5019 2499
5020 2499
5021 2505
5022 2499
5023 2498
5024 2499
5025 2500
5026 2500
5027 2501
5028 2499
5029 2500
5030 2499
5031 2500
5032 2500
5033 2500
5034 2499
5035 2498
5036 2499
5037 2499
5038 2500
5039 2500
5040 2500
5041 2501
5042 2504
5043 2500
5044 2501
5045 2500
5046 2501
5047 2505
5048 2502
5049 2499
5050 2502
5051 2502
5052 2502
5053 2501
5054 2503
5055 2503
5056 2504
5057 2506
5058 2505
5059 2503
5060 2502
5061 2510
5062 2498
5063 2509
5064 2508
5065 2503
5066 2501
5067 2501
5068 2501
5069 2502
5070 2504
5071 2505
5072 2505
5073 2505
5074 2505
5075 2506
5076 2507
5077 2506
5078 2506
5079 2506
5080 2511
5081 2516
5082 2506
5083 2513
5084 2506
5085 2505
5086 2506
5087 2511
5088 2508
5089 2510
5090 2512
5091 2510
5092 2510
5093 2509
5094 2512
5095 2510
5096 2507
5097 2506
5098 2506
5099 2505
5100 2505
5101 2508
5102 2507
5103 2507
5104 2507
5105 2507
5106 2507
5107 2508
5108 2508
5109 2511
5110 2516
5111 2510
5112 2510
5113 2509
5114 2509
5115 2508
5116 2507
5117 2507
5118 2512
5119 2520
5120 2515
5121 2519
5122 2520
5123 2517
5124 2519
5125 2515
5126 2517
5127 2521
5128 2503
5129 2521
5130 2503
5131 2521
5132 2517
5133 2518
5134 2510
5135 2505
5136 2504
5137 2519
5138 2505
5139 2502
5140 2504
5141 2506
5142 2504
5143 2505
5144 2505
5145 2505
5146 2504
5147 2504
5148 2504
5149 2505
5150 2505
5151 2505
5152 2506
5153 2510
5154 2505
5155 2505
5156 2505
5157 2505
5158 2505
5159 2506
5160 2510
5161 2505
5162 2507
5163 2508
5164 2505
5165 2507
5166 2505
5167 2505
5168 2506
5169 2505
5170 2505
5171 2505
5172 2505
5173 2505
5174 2508
5175 2508
5176 2507
5177 2506
5178 2506
5179 2505
5180 2505
5181 2505
5182 2505
5183 2505
5184 2504
5185 2505
5186 2506
5187 2507
5188 2507
5189 2508
5190 2507
5191 2507
5192 2506
5193 2505
5194 2504
5195 2504
5196 2504
5197 2504
5198 2504
5199 2504
5200 2505
5201 2505
5202 2504
5203 2504
5204 2504
5205 2504
5206 2504
5207 2504
5208 2509
5209 2504
5210 2505
5211 2504
5212 2507
5213 2505
5214 2504
5215 2504
5216 2508
5217 2505
5218 2504
5219 2505
5220 2505
5221 2505
5222 2504
5223 2504
5224 2508
5225 2507
5226 2503
5227 2507
5228 2507
5229 2504
5230 2504
5231 2506
5232 2506
5233 2506
5234 2504
5235 2506
5236 2504
5237 2505
5238 2505
5239 2505
5240 2505
5241 2504
5242 2504
5243 2504
5244 2503
5245 2507
5246 2507
5247 2504
5248 2503
5249 2504
5250 2503
5251 2507
5252 2507
5253 2504
5254 2503
5255 2503
5256 2503
5257 2503
5258 2503
5259 2503
5260 2503
5261 2504
5262 2503
5263 2503
5264 2503
5265 2503
5266 2504
5267 2508
5268 2504
5269 2504
5270 2503
5271 2504
5272 2504
5273 2503
5274 2503
5275 2504
5276 2503
5277 2503
5278 2503
5279 2503
5280 2503
5281 2503
5282 2503
5283 2503
5284 2502
5285 2502
5286 2503
5287 2502
5288 2503
5289 2503
5290 2503
5291 2503
5292 2503
5293 2503
5294 2503
5295 2503
5296 2503
5297 2503
5298 2504
5299 2505
5300 2505
5301 2503
5302 2507
5303 2503
5304 2503
5305 2503
5306 2503
5307 2507
5308 2503
5309 2502
5310 2503
5311 2502
5312 2502
5313 2505
5314 2503
5315 2503
5316 2504
5317 2503
5318 2503
5319 2503
5320 2502
5321 2502
5322 2505
5323 2504
5324 2503
5325 2503
5326 2503
5327 2505
5328 2503
5329 2504
5330 2504
5331 2502
5332 2503
5333 2504
5334 2504
5335 2503
5336 2503
5337 2503
5338 2507
5339 2510
5340 2509
5341 2503
5342 2506
5343 2504
5344 2511
5345 2511
5346 2502
5347 2503
5348 2503
5349 2507
5350 2507
5351 2503
5352 2503
5353 2503
5354 2508
5355 2503
5356 2503
5357 2504
5358 2504
5359 2509
5360 2502
5361 2506
5362 2506
5363 2502
5364 2502
5365 2503
5366 2502
5367 2507
5368 2502
5369 2502
5370 2503
5371 2502
5372 2503
5373 2503
5374 2503
5375 2502
5376 2502
5377 2502
5378 2501
5379 2502
5380 2501
5381 2502
5382 2502
5383 2502
5384 2502
5385 2503
5386 2503
5387 2504
5388 2502
5389 2503
5390 2510
5391 2503
5392 2502
5393 2502
5394 2503
5395 2503
5396 2503
5397 2503
5398 2503
5399 2503
5400 2503
5401 2503
5402 2504
5403 2505
5404 2505
5405 2504
5406 2503
5407 2504
5408 2506
5409 2506
5410 2503
5411 2504
5412 2504
5413 2504
5414 2504
5415 2507
5416 2506
5417 2505
5418 2503
5419 2504
5420 2503
5421 2503
5422 2502
5423 2503
5424 2504
5425 2507
5426 2503
5427 2502
5428 2505
5429 2503
5430 2505
5431 2504
5432 2509
5433 2503
5434 2503
5435 2510
5436 2511
5437 2511
5438 2510
5439 2511
5440 2508
5441 2513
5442 2507
5443 2508
5444 2506
5445 2515
5446 2505
5447 2501
5448 2504
5449 2507
5450 2502
5451 2504
5452 2502
5453 2504
5454 2506
5455 2506
5456 2511
5457 2507
5458 2511
5459 2506
5460 2509
5461 2508
5462 2507
5463 2507
5464 2511
5465 2511
5466 2512
5467 2510
5468 2509
5469 2510
5470 2509
5471 2504
5472 2512
5473 2510
5474 2516
5475 2512
5476 2500
5477 2516
5478 2517
5479 2517
5480 2511
5481 2513
5482 2513
5483 2512
5484 2512
5485 2510
5486 2503
5487 2508
5488 2509
5489 2503
5490 2502
5491 2501
5492 2501
5493 2501
5494 2501
5495 2501
5496 2501
5497 2500
5498 2500
5499 2500
5500 2500
5501 2500
5502 2500
5503 2500
5504 2500
5505 2499
5506 2499
5507 2499
5508 2499
5509 2499
5510 2499
5511 2501
5512 2501
5513 2501
5514 2500
5515 2500
5516 2500
5517 2501
5518 2500
5519 2501
5520 2501
5521 2501
5522 2501
5523 2501
5524 2501
5525 2501
5526 2501
5527 2500
5528 2501
5529 2501
5530 2501
5531 2500
5532 2501
5533 2500
5534 2500
5535 2500
5536 2500
5537 2500
5538 2500
5539 2500
5540 2501
5541 2501
5542 2501
5543 2501
5544 2501
5545 2500
5546 2500
5547 2500
5548 2500
5549 2500
5550 2500
5551 2500
5552 2500
5553 2500
5554 2500
5555 2500
5556 2500
5557 2500
5558 2500
5559 2501
5560 2500
5561 2500
5562 2499
5563 2500
5564 2499
5565 2499
5566 2499
5567 2499
5568 2499
5569 2499
5570 2499
5571 2499
5572 2499
5573 2499
5574 2499
5575 2499
5576 2499
5577 2499
5578 2499
5579 2499
5580 2499
5581 2499
5582 2498
5583 2498
5584 2498
5585 2498
5586 2499
5587 2498
5588 2499
5589 2498
5590 2498
5591 2498
5592 2498
5593 2497
5594 2497
5595 2498
5596 2498
5597 2498
5598 2498
5599 2499
5600 2499
5601 2499
5602 2499
5603 2499
5604 2498
5605 2497
5606 2497
5607 2497
5608 2498
5609 2497
5610 2497
5611 2497
5612 2497
5613 2497
5614 2497
5615 2496
5616 2496
5617 2496
5618 2496
5619 2496
5620 2496
5621 2496
5622 2496
5623 2496
5624 2496
5625 2496
5626 2496
5627 2496
5628 2496
5629 2496
5630 2496
5631 2496
5632 2496
5633 2496
5634 2496
5635 2496
5636 2496
5637 2496
5638 2495
5639 2496
5640 2496
5641 2496
5642 2496
5643 2495
5644 2495
5645 2495
5646 2495
5647 2495
5648 2495
5649 2495
5650 2495
5651 2495
5652 2495
5653 2495
5654 2495
5655 2495
5656 2495
5657 2495
5658 2495
5659 2495
5660 2494
5661 2494
5662 2494
5663 2494
5664 2495
5665 2494
5666 2494
5667 2495
5668 2494
5669 2494
5670 2494
5671 2494
5672 2495
5673 2494
5674 2494
5675 2494
5676 2494
5677 2494
5678 2493
5679 2494
5680 2493
5681 2493
5682 2493
5683 2493
5684 2493
5685 2493
5686 2493
5687 2493
5688 2493
5689 2493
5690 2493
5691 2493
5692 2493
5693 2493
5694 2493
5695 2493
5696 2492
5697 2492
5698 2492
5699 2492
5700 2492
5701 2492
5702 2492
5703 2492
5704 2492
5705 2492
5706 2491
5707 2492
5708 2492
5709 2492
5710 2492
5711 2491
5712 2491
5713 2491
5714 2492
5715 2491
5716 2491
5717 2491
5718 2491
5719 2492
5720 2491
5721 2491
5722 2491
5723 2491
5724 2491
5725 2491
5726 2491
5727 2491
5728 2492
5729 2491
5730 2491
5731 2491
5732 2491
5733 2491
5734 2491
5735 2491
5736 2491
5737 2491
5738 2491
5739 2491
5740 2491
5741 2491
5742 2491
5743 2491
5744 2491
5745 2491
5746 2491
5747 2491
5748 2491
5749 2491
5750 2491
5751 2491
5752 2491
5753 2491
5754 2491
5755 2491
5756 2491
5757 2491
5758 2491
5759 2491
5760 2491
5761 2491
5762 2490
5763 2491
5764 2490
5765 2491
5766 2490
5767 2491
5768 2491
5769 2491
5770 2491
5771 2491
5772 2491
5773 2491
5774 2490
5775 2490
5776 2490
5777 2490
5778 2490
5779 2490
5780 2490
5781 2490
5782 2490
5783 2490
5784 2490
5785 2490
5786 2490
5787 2490
5788 2490
5789 2490
5790 2490
5791 2490
5792 2490
5793 2490
5794 2490
5795 2490
5796 2490
5797 2490
5798 2490
5799 2490
5800 2490
5801 2490
5802 2490
5803 2490
5804 2490
5805 2490
5806 2490
5807 2490
5808 2490
5809 2490
5810 2490
5811 2490
5812 2490
5813 2490
5814 2489
5815 2490
5816 2490
5817 2490
5818 2490
5819 2490
5820 2490
5821 2490
5822 2490
5823 2490
5824 2490
5825 2490
5826 2490
5827 2490
5828 2490
5829 2490
5830 2490
5831 2490
5832 2490
5833 2490
5834 2490
5835 2490
5836 2490
5837 2490
5838 2490
5839 2490
5840 2490
5841 2490
5842 2490
5843 2490
5844 2489
5845 2489
5846 2489
5847 2489
5848 2489
5849 2489
5850 2489
5851 2489
5852 2489
5853 2489
5854 2489
5855 2489
5856 2489
5857 2489
5858 2489

5488 2531
5489 2517
5490 2522
5491 2531
5492 2525
5493 2526
5494 2523
5495 2524
5496 2524
5497 2522
5498 2527
5499 2524
5500 2524
5501 2528
5502 2523
5503 2522
5504 2524
5505 2524
5506 2525
5507 2526
5508 2526
5509 2530
5510 2524
5511 2527
5512 2523
5513 2522
5514 2523
5515 2523
5516 2524
5517 2524
5518 2524
5519 2518
5520 2525
5521 2525
5522 2524
5523 2525
5524 2524
5525 2525
5526 2531
5527 2525
5528 2525
5529 2527
5530 2532
5531 2525
5532 2528
5533 2528
5534 2523
5535 2522
5536 2527
5537 2519
5538 2525
5539 2528
5540 2524
5541 2518
5542 2524
5543 2524
5544 2523
5545 2523
5546 2520
5547 2524
5548 2522
5549 2524
5550 2522
5551 2528
5552 2527
5553 2526
5554 2526
5555 2524
5556 2519
5557 2523
5558 2524
5559 2523
5560 2522
5561 2525
5562 2525
5563 2525
5564 2530
5565 2523
5566 2522
5567 2525
5568 2529
5569 2528
5570 2523
5571 2523
5572 2520
5573 2518
5574 2519
5575 2522
5576 2516
5577 2516
5578 2515
5579 2519
5580 2514
5581 2514
5582 2517
5583 2520
5584 2521
5585 2525
5586 2514
5587 2522
5588 2515
5589 2513
5590 2513
5591 2517
5592 2514
5593 2524
5594 2519
5595 2514
5596 2523
5597 2520
5598 2512
5599 2526
5600 2518
5601 2517
5602 2516
5603 2519
5604 2521
5605 2523
5606 2524
5607 2515
5608 2522
5609 2513
5610 2513
5611 2514
5612 2515
5613 2513
5614 2514
5615 2514
5616 2514
5617 2514
5618 2508
5619 2508
5620 2517
5621 2521
5622 9999
5623 2508
5624 2508
5625 9999
5626 2508
5627 2509
5628 2509
5629 2509
5630 2509
5631 2509
5632 9999
5633 2509
5634 9999
5635 2508
5636 9999
5637 2508
5638 9999
5639 9999
5640 9999
5641 9999
5642 9999
5643 9999
5644 9999
5645 9999
5646 9999
5647 9999
5648 2507
5649 9999
5650 9999
5651 9999
5652 9999
5653 9999
5654 9999
5655 9999
5656 9999
5657 9999
5658 9999
5659 9999
5660 9999
5661 2506
5662 9999
5663 9999
5664 9999
5665 9999
5666 2509
5667 9999
5668 9999
5669 9999
5670 9999
5671 9999
5672 9999

