1 2495
2 2496
3 2496
4 2496
5 2496
6 2496
7 2496
8 2496
9 2496
10 2496
11 2496
12 2496
13 2496
14 2496
15 2495
16 2495
17 2495
18 2495
19 2495
20 2495
21 2495
22 2495
23 2495
24 2495
25 2495
26 2495
27 2495
28 2495
29 2495
30 2495
31 2495
32 2495
33 2495
34 2495
35 2495
36 2495
37 2495
38 2494
39 2494
40 2495
41 2495
42 2494
43 2495
44 2494
45 2494
46 2494
47 2494
48 2494
49 2495
50 2494
51 2494
52 2494
53 2494
54 2494
55 2494
56 2494
57 2494
58 2494
59 2494
60 2496
61 2493
62 2494
63 2494
64 2494
65 2494
66 2493
67 2493
68 2494
69 2493
70 2494
71 2493
72 2493
73 2493
74 2493
75 2493
76 2493
77 2493
78 2493
79 2493
80 2493
81 2493
82 2493
83 2493
84 2493
85 2493
86 2493
87 2493
88 2493
89 2493
90 2493
91 2493
92 2493
93 2493
94 2492
95 2493
96 2493
97 2493
98 2493
99 2493
100 2493
101 2493
102 2493
103 2492
104 2492
105 2492
106 2492
107 2493
108 2503
109 2493
110 2492
111 2492
112 2492
113 2492
114 2492
115 2492
116 2493
117 2495
118 2492
119 2493
120 2497
121 2492
122 2493
123 2493
124 2492
125 2492
126 2493
127 2493
128 2493
129 2493
130 2493
131 2492
132 2492
133 2492
134 2492
135 2492
136 2492
137 2492
138 2492
139 2492
140 2492
141 2492
142 2492
143 2492
144 2492
145 2492
146 2492
147 2492
148 2492
149 2492
150 2492
151 2492
152 2492
153 2492
154 2492
155 2492
156 2492
157 2492
158 2492
159 2493
160 2491
161 2492
162 2492
163 2492
164 2492
165 2491
166 2491
167 2493
168 2492
169 2491
170 2491
171 2491
172 2491
173 2491
174 2491
175 2491
176 2491
177 2491
178 2491
179 2491
180 2491
181 2491
182 2491
183 2499
184 2492
185 2491
186 2491
187 2491
188 2490
189 2491
190 2491
191 2491
192 2490
193 2491
194 2491
195 2491
196 2490
197 2490
198 2490
199 2490
200 2490
201 2490
202 2490
203 2490
204 2490
205 2490
206 2490
207 2490
208 2490
209 2490
210 2490
211 2490
212 2490
213 2490
214 2490
215 2490
216 2490
217 2490
218 2490
219 2490
220 2490
221 2490
222 2490
223 2490
224 2490
225 2490
226 2490
227 2490
228 2490
229 2489
230 2490
231 2490
232 2490
233 2490
234 2489
235 2490
236 2489
237 2490
238 2490
239 2489
240 2489
241 2489
242 2490
243 2489
244 2490
245 2490
246 2489
247 2489
248 2489
249 2489
250 2489
251 2489
252 2489
253 2489
254 2489
255 2489
256 2489
257 2489
258 2489
259 2489
260 2489
261 2489
262 2489
263 2489
264 2489
265 2489
266 2489
267 2489
268 2489
269 2489
270 2489
271 2489
272 2489
273 2489
274 2489
275 2489
276 2489
277 2489
278 2489
279 2489
280 2489
281 2492
282 2491
283 2490
284 2494
285 2489
286 2488
287 2489
288 2490
289 2489
290 2489
291 2488
292 2489
293 2489
294 2489
295 2489
296 2489
297 2489
298 2489
299 2489
300 2489
301 2489
302 2489
303 2489
304 2489
305 2489
306 2489
307 2489
308 2489
309 2489
310 2489
311 2489
312 2489
313 2489
314 2489
315 2489
316 2489
317 2489
318 2489
319 2488
320 2489
321 2488
322 2488
323 2489
324 2488
325 2488
326 2488
327 2488
328 2488
329 2488
330 2489
331 2488
332 2488
333 2488
334 2488
335 2488
336 2488
337 2488
338 2488
339 2488
340 2488
341 2488
342 2488
343 2488
344 2488
345 2488
346 2488
347 2488
348 2488
349 2488
350 2488
351 2488
352 2488
353 2488
354 2488
355 2487
356 2490
1290 2495
1291 2500
1292 2486
1293 2484
1294 2485
1295 2485
1296 2484
1297 2484
1298 2484
1299 2484
1300 2484
1301 2484
1302 2484
1303 2484
1304 2484
1305 2485
1306 2484
1307 2484
1308 2484
1309 2484
1310 2484
1311 2485
1312 2484
1313 2485
1314 2484
1315 2484
1316 2485
1317 2484
1318 2484
1319 2484
1320 2484
1321 2484
1322 2484
1323 2484
1324 2484
1325 2484
1326 2484
1327 2483
1328 2483
1329 2483
1330 2483
1331 2483
1332 2483
1333 2483
1334 2484
1335 2483
1336 2483
1337 2483
1338 2483
1339 2483
1340 2483
1341 2483
1342 2483
1343 2482
1344 2483
1345 2483
1346 2483
1347 2483
1348 2483
1349 2483
1350 2483
1351 2483
1352 2483
1353 2483
1354 2483
1355 2483
1356 2483
1357 2483
1358 2483
1359 2483
1360 2484
1361 2483
1362 2484
1363 2484
1364 2484
1365 2484
1366 2484
1367 2484
1368 2485
1369 2484
1370 2485
1371 2485
1372 2485
1373 2485
1374 2485
1375 2485
1376 2485
1377 2485
1378 2485
1379 2485
1380 2485
1381 2485
1382 2485
1383 2484
1384 2484
1385 2485
1386 2485
1387 2485
1388 2485
1389 2485
1390 2485
1391 2485
1392 2485
1393 2484
1394 2485
1395 2485
1396 2485
1397 2485
1398 2485
1399 2485
1400 2485
1401 2485
1402 2485
1403 2486
1404 2486
1405 2486
1406 2486
1407 2486
1408 2486
1409 2486
1410 2485
1411 2486
1412 2486
1413 2485
1414 2485
1415 2486
1416 2488
1417 2486
1418 2486
1419 2486
1420 2486
1421 2486
1422 2486
1423 2486
1424 2489
1425 2485
1426 2486
1427 2486
1428 2486
1429 2486
1430 2486
1431 2486
1432 2486
1433 2485
1434 2485
1435 2485
1436 2485
1437 2486
1438 2485
1439 2485
1440 2485
1441 2485
1442 2485
1443 2486
1444 2485
1445 2487
1446 2487
1447 2486
1448 2486
1449 2486
1450 2486
1451 2486
1452 2486
1453 2487
1454 2486
1455 2486
1456 2487
1457 2487
1458 2487
1459 2487
1460 2487
1461 2487
1462 2486
1463 2487
1464 2487
1465 2487
1466 2487
1467 2487
1468 2487
1469 2487
1470 2487
1471 2487
1472 2487
1473 2490
1474 2487
1475 2488
1476 2487
1477 2487
1478 2488
1479 2488
1480 2487
1481 2488
1482 2488
1483 2488
1484 2488
1485 2487
1486 2487
1487 2487
1488 2486
1489 2485
1490 2485
1491 2485
1492 2485
1493 2485
1494 2485
1495 2485
1496 2485
1497 2485
1498 2485
1499 2485
1500 2485
1501 2485
1502 2484
1503 2485
1504 2485
1505 2485
1506 2485
1507 2485
1508 2484
1509 2484
1510 2484
1511 2484
1512 2484
1513 2484
1514 2484
1515 2485
1516 2485
1517 2485
1518 2484
1519 2483
1520 2483
1521 2482
1522 2483
1523 2482
1524 2482
1525 2482
1526 2482
1527 2482
1528 2482
1529 2482
1530 2481
1531 2481
1532 2481
1533 2481
1534 2482
1535 2481
1536 2481
1537 2481
1538 2481
1539 2481
1540 2481
1541 2481
1542 2481
1543 2481
1544 2480
1545 2481
1546 2481
1547 2481
1548 2481
1549 2480
1550 2481
1551 2480
1552 2480
1553 2480
1554 2480
1555 2479
1556 2480
1557 2480
1558 2480
1559 2480
1560 2480
1561 2480
1562 2480
1563 2480
1564 2480
1565 2480
1566 2480
1567 2480
1568 2479
1569 2479
1570 2479
1571 2480
1572 2480
1573 2480
1574 2480
1575 2480
1576 2480
1577 2480
1578 2480
1579 2480
1580 2479
1581 2479
1582 2479
1583 2480
1584 2479
1585 2480
1586 2480
1587 2480
1588 2480
1589 2481
1590 2481
1591 2482
1592 2482
1593 2482
1594 2482
1595 2482
1596 2485
1597 2481
1598 2481
1599 2481
1600 2480
1601 2480
1602 2480
1603 2480
1604 2479
1605 2479
1606 2479
1607 2479
1608 2479
1609 2478
1610 2478
1611 2478
1612 2479
1613 2478
1614 2478
1615 2478
1616 2478
1617 2478
1618 2478
1619 2478
1620 2478
1621 2478
1622 2478
1623 2478
1624 2478
1625 2478
1626 2477
1627 2478
1628 2478
1629 2478
1630 2478
1631 2478
1632 2477
1633 2477
1634 2477
1635 2476
1636 2476
1637 2476
1638 2477
1639 2477
1640 2477
1641 2477
1642 2478
1643 2478
1644 2478
1645 2478
1646 2477
1647 2477
1648 2478
1649 2477
1650 2477
1651 2477
1652 2477
1653 2477
1654 2476
1655 2477
1656 2477
1657 2477
1658 2479
1659 2483
1660 2480
1661 2479
1662 2478
1663 2479
1664 2479
1665 2479
1666 2479
1667 2479
1668 2479
1669 2479
1670 2479
1671 2478
1672 2479
1673 2480
1674 2480
1675 2480
1676 2480
1677 2480
1678 2480
1679 2480
1680 2480
1681 2480
1682 2480
1683 2480
1684 2480
1685 2479
1686 2479
1687 2480
1688 2479
1689 2479
1690 2479
1691 2478
1692 2477
1693 2477
1694 2477
1695 2477
1696 2477
1697 2477
1698 2477
1699 2478
1700 2478
1701 2479
1702 2480
1703 2479
1704 2479
1705 2479
1706 2479
1707 2479
1708 2479
1709 2478
1710 2478
1711 2478
1712 2478
1713 2478
1714 2477
1715 2478
1716 2478
1717 2478
1718 2477
1719 2478
1720 2478
1721 2478
1722 2478
1723 2478
1724 2478
1725 2478
1726 2479
1727 2478
1728 2478
1729 2478
1730 2477
1731 2477
1732 2477
1733 2477
1734 2477
1735 2477
1736 2477
1737 2477
1738 2477
1739 2476
1740 2477
1741 2476
1742 2476
1743 2476
1744 2477
1745 2476
1746 2476
1747 2477
1748 2476
1749 2477
1750 2477
1751 2477
1752 2478
1753 2476
1754 2476
1755 2476
1756 2475
1757 2474
1758 2474
1759 2474
1760 2474
1761 2474
1762 2487
1763 2473
1764 2473
1765 2473
1766 2472
1767 2472
1768 2472
1769 2472
1770 2472
1771 2472
1772 2472
1773 2473
1774 2473
1775 2473
1776 2474
1777 2473
1778 2473
1779 2473
1780 2476
1781 2476
1782 2474
1783 2474
1784 2477
1785 2477
1786 2477
1787 2477
1788 2472
1789 2477
1790 2473
1791 2473
1792 2473
1793 2472
1794 2473
1795 2472
1796 2473
1797 2473
1798 2473
1799 2478
1800 2478
1801 2473
1802 2478
1803 2475
1804 2476
1805 2476
1806 2476
1807 2475
1808 2474
1809 2474
1810 2474
1811 2473
1812 2473
1813 2473
1814 2473
1815 2473
1816 2473
1817 2472
1818 2473
1819 2473
1820 2472
1821 2472
1822 2472
1823 2471
1824 2471
1825 2471
1826 2471
1827 2471
1828 2471
1829 2470
1830 2470
1831 2470
1832 2470
1833 2470
1834 2470
1835 2470
1836 2470
1837 2470
1838 2470
1839 2470
1840 2470
1841 2470
1842 2470
1843 2470
1844 2470
1845 2469
1846 2470
1847 2469
1848 2469
1849 2469
1850 2469
1851 2469
1852 2469
1853 2469
1854 2469
1855 2469
1856 2469
1857 2468
1858 2469
1859 2468
1860 2468
1861 2468
1862 2468
1863 2467
1864 2468
1865 2468
1866 2468
1867 2468
1868 2468
1869 2468
1870 2467
1871 2467
1872 2467
1873 2467
1874 2467
1875 2467
1876 2467
1877 2467
1878 2467
1879 2466
1880 2466
1881 2468
1882 2467
1883 2466
1884 2466
1885 2466
1886 2466
1887 2466
1888 2466
1889 2466
1890 2466
1891 2466
1892 2465
1893 2466
1894 2466
1895 2465
1896 2465
1897 2465
1898 2465
1899 2464
1900 2465
1901 2465
1902 2465
1903 2465
1904 2465
1905 2467
1906 2464
1907 2464
1908 2464
1909 2463
1910 2463
1911 2463
1912 2463
1913 2463
1914 2463
1915 2463
1916 2463
1917 2463
1918 2463
1919 2463
1920 2463
1921 2462
1922 2463
1923 2462
1924 2461
1925 2462
1926 2461
1927 2461
1928 2461
1929 2460
1930 2460
1931 2460
1932 2459
1933 2460
1934 2460
1935 2459
1936 2458
1937 2458
1938 2458
1939 2460
1940 2461
1941 2458
1942 2458
1943 2458
1944 2458
1945 2458
1946 2458
1947 2457
1948 2457
1949 2460
1950 2458
1951 2456
1952 2457
1953 2456
1954 2455
1955 2455
1956 2455
1957 2455
1958 2456
1959 2456
1960 2455
1961 2455
1962 2454
1963 2454
1964 2455
1965 2454
1966 2454
1967 2454
1968 2454
1969 2454
1970 2454
1971 2455
1972 2455
1973 2453
1974 2453
1975 2453
1976 2452
1977 2455
1978 2456
1979 2453
1980 2453
1981 2453
1982 2452
1983 2453
1984 2452
1985 2452
1986 2453
1987 2452
1988 2452
1989 2452
1990 2451
1991 2451
1992 2451
1993 2451
1994 2451
1995 2451
1996 2451
1997 2451
1998 2452
1999 2451
2000 2450
2001 2450
2002 2449
2003 2448
2004 2448
2005 2448
2006 2447
2007 2447
2008 2447
2009 2447
2010 2446
2011 2446
2012 2446
2013 2446
2014 2446
2015 2445
2016 2445
2017 2445
2018 2445
2019 2445
2020 2445
2021 2445
2022 2444
2023 2444
2024 2444
2025 2444
2026 2443
2027 2443
2028 2443
2029 2442
2030 2442
2031 2441
2032 2441
2033 2441
2034 2441
2035 2441
2036 2441
2037 2441
2038 2440
2039 2440
2040 2440
2041 2439
2042 2439
2043 2439
2044 2439
2045 2439
2046 2439
2047 2438
2048 2439
2049 2439
2050 2439
2051 2439
2052 2438
2053 2438
2054 2438
2055 2438
2056 2438
2057 2438
2058 2438
2059 2438
2060 2438
2061 2438
2062 2438
2063 2438
2064 2437
2065 2437
2066 2444
2067 2438
2068 2438
2069 2438
2070 2438
2071 2438
2072 2438
2073 2438
2074 2437
2075 2438
2076 2439
2077 2439
2078 2439
2079 2439
2080 2438
2081 2438
2082 2438
2083 2439
2084 2439
2085 2441
2086 2439
2087 2438
2088 2438
2089 2437
2090 2441
2091 2437
2092 2437
2093 2437
2094 2437
2095 2437
2096 2437
2097 2436
2098 2436
2099 2436
2100 2436
2101 2436
2102 2436
2103 2435
2104 2435
2105 2435
2106 2435
2107 2435
2108 2435
2109 2435
2110 2435
2111 2434
2112 2435
2113 2435
2114 2435
2115 2435
2116 2434
2117 2434
2118 2434
2119 2434
2120 2434
2121 2437
2122 2433
2123 2433
2124 2434
2125 2433
2126 2433
2127 2433
2128 2433
2129 2433
2130 2432
2131 2432
2132 2432
2133 2432
2134 2432
2135 2432
2136 2432
2137 2432
2138 2432
2139 2432
2140 2432
2141 2431
2142 2431
2143 2431
2144 2431
2145 2431
2146 2431
2147 2430
2148 2430
2149 2430
2150 2431
2151 2431
2152 2431
2153 2431
2154 2430
2155 2430
2156 2430
2157 2429
2158 2429
2159 2430
2160 2429
2161 2429
2162 2430
2163 2430
2164 2430
2165 2430
2166 2430
2167 2430
2168 2429
2169 2429
2170 2430
2171 2429
2172 2429
2173 2429
2174 2429
2175 2429
2176 2429
2177 2429
2178 2429
2179 2429
2180 2429
2181 2429
2182 2430
2183 2430
2184 2430
2185 2430
2186 2430
2187 2430
2188 2430
2189 2430
2190 2430
2191 2430
2192 2430
2193 2430
2194 2430
2195 2431
2196 2431
2197 2431
2198 2431
2199 2431
2200 2431
2201 2431
2202 2432
2203 2432
2204 2432
2205 2432
2206 2432
2207 2432
2208 2432
2209 2432
2210 2432
2211 2433
2212 2433
2213 2433
2214 2433
2215 2433
2216 2433
2217 2435
2218 2435
2219 2434
2220 2434
2221 2434
2222 2434
2223 2434
2224 2434
2225 2434
2226 2434
2227 2434
2228 2433
2229 2433
2230 2433
2231 2433
2232 2433
2233 2432
2234 2432
2235 2432
2236 2432
2237 2432
2238 2431
2239 2431
2240 2431
2241 2431
2242 2431
2243 2430
2244 2431
2245 2431
2246 2430
2247 2430
2248 2430
2249 2430
2250 2430
2251 2430
2252 2430
2253 2430
2254 2429
2255 2429
2256 2427
2257 2427
2258 2427
2259 2426
2260 2425
2261 2425
2262 2426
2263 2426
2264 2426
2265 2426
2266 2426
2267 2426
2268 2426
2269 2425
2270 2425
2271 2425
2272 2425
2273 2425
2274 2424
2275 2425
2276 2425
2277 2425
2278 2425
2279 2425
2280 2425
2281 2425
2282 2425
2283 2426
2284 2426
2285 2427
2286 2427
2287 2427
2288 2428
2289 2427
2290 2427
2291 2427
2292 2427
2293 2427
2294 2427
2295 2427
2296 2427
2297 2427
2298 2426
2299 2427
2300 2427
2301 2427
2302 2427
2303 2427
2304 2427
2305 2427
2306 2427
2307 2427
2308 2427
2309 2427
2310 2428
2311 2429
2312 2429
2313 2429
2314 2429
2315 2429
2316 2429
2317 2429
2318 2429
2319 2429
2320 2429
2321 2429
2322 2429
2323 2430
2324 2430
2325 2430
2326 2430
2327 2429
2328 2430
2329 2430
2330 2430
2331 2429
2332 2429
2333 2429
2334 2429
2335 2428
2336 2428
2337 2428
2338 2427
2339 2427
2340 2426
2341 2426
2342 2426
2343 2430
2344 2425
2345 2424
2346 2424
2347 2425
2348 2425
2349 2425
2350 2425
2351 2426
2352 2425
2353 2426
2354 2426
2355 2430
2356 2426
2357 2426
2358 2425
2359 2425
2360 2425
2361 2425
2362 2425
2363 2425
2364 2425
2365 2425
2366 2425
2367 2425
2368 2425
2369 2425
2370 2429
2371 2424
2372 2424
2373 2424
2374 2424
2375 2423
2376 2423
2377 2422
2378 2423
2379 2422
2380 2425
2381 2425
2382 2425
2383 2423
2384 2423
2385 2423
2386 2422
2387 2422
2388 2422
2389 2423
2390 2423
2391 2423
2392 2422
2393 2421
2394 2422
2395 2421
2396 2422
2397 2421
2398 2422
2399 2422
2400 2422
2401 2422
2402 2422
2403 2422
2404 2421
2405 2421
2406 2421
2407 2421
2408 2421
2409 2421
2410 2421
2411 2421
2412 2421
2413 2421
2414 2421
2415 2421
2416 2422
2417 2422
2418 2422
2419 2421
2420 2421
2421 2421
2422 2421
2423 2421
2424 2421
2425 2421
2426 2421
2427 2421
2428 2421
2429 2420
2430 2419
2431 2419
2432 2420
2433 2420
2434 2419
2435 2419
2436 2421
2437 2420
2438 2418
2439 2418
2440 2418
2441 2417
2442 2417
2443 2417
2444 2417
2445 2417
2446 2417
2447 2416
2448 2416
2449 2416
2450 2416
2451 2417
2452 2416
2453 2416
2454 2416
2455 2417
2456 2417
2457 2416
2458 2416
2459 2416
2460 2416
2461 2417
2462 2417
2463 2417
2464 2417
2465 2417
2466 2417
2467 2417
2468 2417
2469 2417
2470 2423
2471 2417
2472 2417
2473 2417
2474 2417
2475 2416
2476 2417
2477 2418
2478 2417
2479 2417
2480 2417
2481 2416
2482 2416
2483 2417
2484 2417
2485 2416
2486 2416
2487 2417
2488 2416
2489 2416
2490 2416
2491 2416
2492 2416
2493 2415
2494 2416
2495 2416
2496 2416
2497 2416
2498 2419
2499 2416
2500 2416
2501 2416
2502 2417
2503 2416
2504 2416
2505 2416
2506 2416
2507 2416
2508 2416
2509 2416
2510 2416
2511 2416
2512 2417
2513 2416
2514 2416
2515 2416
2516 2416
2517 2416
2518 2416
2519 2415
2520 2416
2521 2416
2522 2416
2523 2414
2524 2416
2525 2416
2526 2416
2527 2416
2528 2414
2529 2418
2530 2417
2531 2415
2532 2416
2533 2416
2534 2417
2535 2418
2536 2416
2537 2416
2538 2416
2539 2416
2540 2416
2541 2415
2542 2415
2543 2415
2544 2415
2545 2416
2546 2416
2547 2415
2548 2415
2549 2417
2550 2415
2551 2415
2552 2415
2553 2415
2554 2415
2555 2415
2556 2415
2557 2415
2558 2415
2559 2415
2560 2415
2561 2415
2562 2415
2563 2416
2564 2415
2565 2415
2566 2415
2567 2415
2568 2415
2569 2415
2570 2415
2571 2415
2572 2414
2573 2416
2574 2417
2575 2422
2576 2422
2577 2420
2578 2424
2579 2416
2580 2422
2581 2418
2582 2415
2583 2415
2584 2416
2585 2415
2586 2415
2587 2415
2588 2415
2589 2415
2590 2415
2591 2415
2592 2414
2593 2414
2594 2414
2595 2415
2596 2417
2597 2415
2598 2414
2599 2415
2600 2415
2601 2415
2602 2415
2603 2414
2604 2415
2605 2414
2606 2414
2607 2414
2608 2414
2609 2414
2610 2414
2611 2414
2612 2414
2613 2414
2614 2414
2615 2414
2616 2414
2617 2414
2618 2417
2619 2414
2620 2414
2621 2414
2622 2414
2623 2414
2624 2414
2625 2414
2626 2414
2627 2414
2628 2413
2629 2414
2630 2414
2631 2414
2632 2414
2633 2414
2634 2414
2635 2414
2636 2414
2637 2414
2638 2414
2639 2414
2640 2414
2641 2414
2642 2414
2643 2414
2644 2414
2645 2414
2646 2413
2647 2413
2648 2414
2649 2414
2650 2413
2651 2414
2652 2413
2653 2413
2654 2413
2655 2413
2656 2413
2657 2413
2658 2413
2659 2413
2660 2413
2661 2413
2662 2413
2663 2413
2664 2413
2665 2413
2666 2413
2667 2412
2668 2414
2669 2414
2670 2413
2671 2414
2672 2415
2673 2413
2674 2413
2675 2414
2676 2413
2677 2413
2678 2413
2679 2414
2680 2413
2681 2413
2682 2414
2683 2413
2684 2413
2685 2413
2686 2413
2687 2413
2688 2413
2689 2413
2690 2413
2691 2413
2692 2413
2693 2413
2694 2412
2695 2413
2696 2413
2697 2413
2698 2413
2699 2413
2700 2413
2701 2413
2702 2413
2703 2413
2704 2414
2705 2413
2706 2413
2707 2413
2708 2413
2709 2413
2710 2413
2711 2413
2712 2413
2713 2413
2714 2413
2715 2412
2716 2413
2717 2413
2718 2413
2719 2414
2720 2413
2721 2414
2722 2413
2723 2414
2724 2414
2725 2414
2726 2414
2727 2414
2728 2414
2729 2415
2730 2415
2731 2415
2732 2415
2733 2415
2734 2415
2735 2415
2736 2415
2737 2415
2738 2415
2739 2416
2740 2416
2741 2416
2742 2417
2743 2417
2744 2417
2745 2417
2746 2418
2747 2417
2748 2417
2749 2418
2750 2418
2751 2418
2752 2417
2753 2417
2754 2417
2755 2417
2756 2417
2757 2417
2758 2417
2759 2417
2760 2417
2761 2417
2762 2417
2763 2418
2764 2417
2765 2417
2766 2417
2767 2417
2768 2417
2769 2417
2770 2417
2771 2417
2772 2417
2773 2417
2774 2417
2775 2417
2776 2417
2777 2417
2778 2416
2779 2416
2780 2417
2781 2417
2782 2416
2783 2416
2784 2416
2785 2416
2786 2416
2787 2416
2788 2416
2789 2416
2790 2416
2791 2416
2792 2416
2793 2416
2794 2416
2795 2416
2796 2416
2797 2415
2798 2415
2799 2417
2800 2415
2801 2415
2802 2416
2803 2416
2804 2419
2805 2416
2806 2416
2807 2416
2808 2415
2809 2416
2810 2415
2811 2415
2812 2415
2813 2415
2814 2415
2815 2416
2816 2415
2817 2415
2818 2415
2819 2416
2820 2415
2821 2415
2822 2415
2823 2415
2824 2415
2825 2415
2826 2415
2827 2415
2828 2415
2829 2414
2830 2414
2831 2414
2832 2414
2833 2415
2834 2414
2835 2414
2836 2414
2837 2414
2838 2414
2839 2414
2840 2414
2841 2414
2842 2414
2843 2414
2844 2414
2845 2414
2846 2413
2847 2414
2848 2414
2849 2414
2850 2414
2851 2414
2852 2414
2853 2414
2854 2414
2855 2415
2856 2414
2857 2414
2858 2414
2859 2414
2860 2414
2861 2414
2862 2414
2863 2414
2864 2414
2865 2414
2866 2414
2867 2414
2868 2414
2869 2414
2870 2414
2871 2414
2872 2414
2873 2415
2874 2414
2875 2414
2876 2414
2877 2414
2878 2414
2879 2413
2880 2413
2881 2414
2882 2414
2883 2414
2884 2414
2885 2414
2886 2414
2887 2414
2888 2414
2889 2413
2890 2414
2891 2414
2892 2414
2893 2414
2894 2414
2895 2414
2896 2413
2897 2414
2898 2414
2899 2414
2900 2413
2901 2413
2902 2413
2903 2413
2904 2413
2905 2413
2906 2413
2907 2413
2908 2413
2909 2414
2910 2414
2911 2413
2912 2414
2913 2415
2914 2415
2915 2415
2916 2415
2917 2415
2918 2415
2919 2415
2920 2415
2921 2415
2922 2415
2923 2415
2924 2415
2925 2415
2926 2415
2927 2415
2928 2415
2929 2415
2930 2415
2931 2416
2932 2415
2933 2415
2934 2416
2935 2416
2936 2416
2937 2416
2938 2416
2939 2416
2940 2416
2941 2416
2942 2415
2943 2415
2944 2415
2945 2415
2946 2415
2947 2415
2948 2415
2949 2414
2950 2414
2951 2414
2952 2415
2953 2414
2954 2414
2955 2414
2956 2414
2957 2414
2958 2414
2959 2414
2960 2414
2961 2414
2962 2414
2963 2413
2964 2413
2965 2413
2966 2413
2967 2413
2968 2415
2969 2413
2970 2413
2971 2413
2972 2413
2973 2415
2974 2413
2975 2413
2976 2413
2977 2413
2978 2413
2979 2413
2980 2412
2981 2413
2982 2413
2983 2412
2984 2412
2985 2413
2986 2412
2987 2413
2988 2412
2989 2412
2990 2427
2991 2413
2992 2413
2993 2413
2994 2413
2995 2413
2996 2412
2997 2413
2998 2412
2999 2413
3000 2412
3001 2412
3002 2412
3003 2412
3004 2413
3005 2412
3006 2413
3007 2413
3008 2413
3009 2412
3010 2415
3011 2415
3012 2412
3013 2412
3014 2412
3015 2413
3016 2412
3017 2412
3018 2412
3019 2411
3020 2413
3021 2412
3022 2412
3023 2412
3024 2411
3025 2412
3026 2413
3027 2411
3028 2411
3029 2412
3030 2411
3031 2411
3032 2412
3033 2411
3034 2412
3035 2411
3036 2411
3037 2411
3038 2412
3039 2411
3040 2411
3041 2411
3042 2411
3043 2411
3044 2411
3045 2411
3046 2411
3047 2411
3048 2411
3049 2411
3050 2411
3051 2412
3052 2412
3053 2412
3054 2412
3055 2412
3056 2412
3057 2417
3058 2413
3059 2412
3060 2413
3061 2413
3062 2413
3063 2413
3064 2422
3065 2413
3066 2413
3067 2412
3068 2416
3069 2413
3070 2413
3071 2414
3072 2413
3073 2413
3074 2413
3075 2412
3076 2412
3077 2412
3078 2412
3079 2418
3080 2410
3081 2410
3082 2415
3083 2412
3084 2412
3085 2411
3086 2417
3087 2414
3088 2414
3089 2413
3090 2412
3091 2411
3092 2411
3093 2411
3094 2414
3095 2411
3096 2416
3097 2411
3098 2412
3099 2412
3100 2412
3101 2412
3102 2411
3103 2411
3104 2411
3105 2409
3106 2403
3107 2402
3108 2409
3109 2402
3110 2402
3111 2402
3112 2404
3113 2408
3114 2404
3115 2404
3116 2403
3117 2403
3118 2403
3119 2404
3120 2404
3121 2407
3122 2407
3123 2404
3124 2404
3125 2404
3126 2404
3127 2404
3128 2404
3129 2403
3130 2400
3131 2400
3132 2403
3133 2406
3134 2408
3135 2399
3136 2407
3137 2407
3138 2405
3139 2409
3140 2399
3141 2398
3142 2398
3143 2398
3144 2399
3145 2398
3146 2399
3147 2398
3148 2398
3149 2397
3150 2398
3151 2398
3152 2398
3153 2398
3154 2397
3155 2398
3156 2400
3157 2396
3158 2398
3159 2397
3160 2411
3161 2397
3162 2397
3163 2396
3164 2397
3165 2400
3166 2397
3167 2395
3168 2395
3169 2396
3170 2395
3171 2396
3172 2395
3173 2395
3174 2395
3175 2395
3176 2394
3177 2394
3178 2394
3179 2394
3180 2402
3181 2394
3182 2394
3183 2393
3184 2393
3185 2398
3186 2396
3187 2395
3188 2393
3189 2393
3190 2393
3191 2393
3192 2395
3193 2396
3194 2396
3195 2392
3196 2392
3197 2392
3198 2392
3199 2396
3200 2391
3201 2393
3202 2394
3203 2391
3204 2393

2524 2431
2525 2437
2526 2433
2527 2443
2528 2446
2529 2440
2530 2441
2531 2441
2532 2439
2533 2447
2534 2441
2535 2441
2536 2442
2537 2445
2538 2437
2539 2444
2540 2443
2541 2441
2542 2443
2543 2443
2544 2436
2545 2440
2546 2439
2547 2435
2548 2436
2549 2442
2550 2440
2551 2441
2552 2443
2553 2442
2554 2444
2555 2449
2556 2439
2557 2442
2558 2448
2559 2439
2560 2444
2561 2443
2562 2445
2563 2443
2564 2447
2565 2443
2566 2442
2567 2447
2568 2447
2569 2447
2570 2446
2571 2438
2572 2440
2573 2440
2574 2438
2575 2440
2576 2441
2577 2441
2578 2439
2579 2439
2580 2444
2581 2441
2582 2442
2583 2441
2584 2454
2585 2454
2586 2451
2587 2448
2588 2451
2589 2448
2590 2448
2591 2454
2592 2453
2593 2454
2594 2455
2595 2450
2596 2451
2597 2447
2598 2442
2599 2448
2600 2448
2601 2449
2602 2446
2603 2449
2604 2448
2605 2448
2606 2449
2607 2448
2608 2448
2609 2447
2610 2448
2611 2448
2612 2449
2613 2446
2614 2446
2615 2447
2616 2446
2617 2447
2618 2447
2619 2446
2620 2446
2621 2445
2622 2447
2623 2448
2624 2447
2625 2452
2626 2443
2627 2447
2628 2450
2629 2446
2630 2442
2631 2449
2632 2444
2633 2443
2634 2446
2635 2447
2636 2444
2637 2447
2638 2444
2639 2444
2640 2445
2641 2445
2642 2444
2643 2443
2644 2443
2645 2442
2646 2442
2647 2443
2648 2441
2649 2446
2650 2446
2651 2439
2652 2444
2653 2445
2654 2440
2655 2439
2656 2439
2657 2439
2658 2438
2659 2438
2660 2439
2661 2438
2662 2438
2663 2438
2664 2438
2665 2440
2666 2437
2667 2438
2668 2444
2669 2430
2670 2437
2671 2439
2672 2437
2673 2438
2674 2438
2675 2439
2676 2434
2677 2436
2678 2436
2679 2435
2680 2435
2681 2439
2682 2439
2683 2428
2684 2439
2685 2436
2686 2429
2687 2436
2688 2435
2689 2434
2690 2427
2691 2434
2692 2441
2693 2435
2694 2435
2695 2434
2696 2434
2697 2435
2698 2434
2699 2435
2700 2434
2701 2434
2702 2434
2703 2434
2704 2437
2705 2439
2706 2438
2707 2432
2708 2434
2709 2433
2710 2433
2711 2432
2712 2432
2713 2432
2714 2431
2715 2432
2716 2431
2717 2431
2718 2430
2719 9999
2720 2434
2721 2435
2722 2430
2723 2430
2724 2429
2725 2429
2726 2428
2727 2428
2728 2427
2729 9999
2730 9999
2731 9999
2732 9999
2733 9999
2734 9999
2735 9999
2736 9999
2737 9999
2738 9999
2776 2438
2777 2432
2778 2433
2779 2438
2780 2437
2781 2433
2782 2444
2783 2441
2784 2439
2785 2446
2786 2433
2787 2440
2788 2439
2789 2434
2790 2443
2791 2444
2792 2434
2793 2441
2794 2442
2795 2442
2796 2447
2797 2443
2798 2443
2799 2445
2800 2444
2801 2442
2802 2435
2803 2437
2804 2445
2805 2436
2806 2443
2807 2440
2808 2438
2809 2440
2810 2439
2811 2442
2812 2441
2813 2436
2814 2444
2815 2442
2816 2439
2817 2443
2818 2440
2819 2441
2820 2436
2821 2435
2822 2447
2823 2435
2824 2443
2825 2441
2826 2446
2827 2445
2828 2441
2829 2440
2830 2441
2831 2435
2832 2435
2833 2444
2834 2436
2835 2432
2836 2446
2837 2432
2838 2435
2839 2433
2840 2438
2841 2438
2842 2431
2843 2438
2844 2436
2845 2437
2846 2438
2847 2437
2848 2437
2849 2437
2850 2437
2851 2435
2852 2437
2853 2436
2854 2435
2855 2436
2856 2437
2857 2429
2858 2435
2859 2436
2860 2436
2861 2431
2862 2429
2863 2435

