3030 2458
3031 2458
3032 2457
3033 2457
3034 2457
3035 2456
3036 2457
3037 2456
3038 2456
3039 2456
3040 2456
3041 2456
3042 2456
3043 2456
3044 2456
3045 2456
3046 2456
3047 2456
3048 2456
3049 2456
3050 2456
3051 2456
3052 2456
3053 2456
3054 2456
3055 2456
3056 2456
3057 2456
3058 2456
3059 2456
3060 2456
3061 2456
3062 2456
3063 2456
3064 2456
3065 2456
3066 2456
3067 2456
3068 2456
3069 2456
3070 2456
3071 2456
3072 2456
3073 2456
3074 2458
3075 2456
3076 2456
3077 2456
3078 2456
3079 2457
3080 2457
3081 2456
3082 2457
3083 2457
3084 2458
3085 2457
3086 2457
3087 2457
3088 2458
3089 2458
3090 2457
3091 2457
3092 2457
3093 2458
3094 2458
3095 2457
3096 2459
3097 2462
3098 2460
3099 2459
3100 2458
3101 2458
3102 2459
3103 2460
3104 2459
3105 2459
3106 2460
3107 2460
3108 2460
3109 2460
3110 2460
3111 2459
3112 2460
3113 2460
3114 2460
3115 2461
3116 2461
3117 2460
3118 2461
3119 2461
3120 2461
3121 2461
3122 2461
3123 2461
3124 2461
3125 2461
3126 2461
3127 2461
3128 2461
3129 2461
3130 2461
3131 2462
3132 2461
3133 2462
3134 2462
3135 2462
3136 2462
3137 2462
3138 2462
3139 2462
3140 2462
3141 2462
3142 2461
3143 2462
3144 2462
3145 2462
3146 2462
3147 2463
3148 2463
3149 2463
3150 2464
3151 2464
3152 2464
3153 2464
3154 2464
3155 2465
3156 2464
3157 2464
3158 2464
3159 2464
3160 2465
3161 2465
3162 2465
3163 2465
3164 2465
3165 2465
3166 2465
3167 2466
3168 2466
3169 2466
3170 2466
3171 2467
3172 2466
3173 2466
3174 2467
3175 2466
3176 2467
3177 2467
3178 2468
3179 2468
3180 2466
3181 2466
3182 2466
3183 2467
3184 2467
3185 2466
3186 2467
3187 2466
3188 2467
3189 2466
3190 2466
3191 2467
3192 2466
3193 2466
3194 2466
3195 2467
3196 2466
3197 2466
3198 2466
3199 2466
3200 2466
3201 2466
3202 2467
3203 2466
3204 2466
3205 2466
3206 2466
3207 2466
3208 2466
3209 2466
3210 2466
3211 2466
3212 2466
3213 2466
3214 2466
3215 2466
3216 2466
3217 2466
3218 2467
3219 2467
3220 2467
3221 2467
3222 2467
3223 2467
3224 2467
3225 2466
3226 2467
3227 2467
3228 2467
3229 2467
3230 2467
3231 2467
3232 2468
3233 2468
3234 2468
3235 2467
3236 2468
3237 2468
3238 2468
3239 2468
3240 2468
3241 2468
3242 2468
3243 2468
3244 2468
3245 2468
3246 2468
3247 2468
3248 2468
3249 2468
3250 2468
3251 2468
3252 2468
3253 2468
3254 2468
3255 2468
3256 2469
3257 2469
3258 2469
3259 2470
3260 2470
3261 2469
3262 2470
3263 2470
3264 2471
3265 2471
3266 2471
3267 2471
3268 2470
3269 2470
3270 2471
3271 2471
3272 2471
3273 2471
3274 2470
3275 2471
3276 2470
3277 2474
3278 2472
3279 2472
3280 2471
3281 2471
3282 2471
3283 2471
3284 2472
3285 2474
3286 2471
3287 2471
3288 2472
3289 2473
3290 2472
3291 2472
3292 2473
3293 2473
3294 2472
3295 2471
3296 2473
3297 2472
3298 2472
3299 2473
3300 2473
3301 2473
3302 2474
3303 2479
3304 2480
3305 2473
3306 2476
3307 2474
3308 2475
3309 2477
3310 2476
3311 2476
3312 2476
3313 2475
3314 2476
3315 2476
3316 2476
3317 2475
3318 2476
3319 2476
3320 2476
3321 2475
3322 2476
3323 2476
3324 2476
3325 2477
3326 2477
3327 2477
3328 2477
3329 2478
3330 2478
3331 2478
3332 2478
3333 2479
3334 2479
3335 2479
3336 2480
3337 2479
3338 2479
3339 2478
3340 2478
3341 2479
3342 2479
3343 2479
3344 2477
3345 2477
3346 2478
3347 2478
3348 2479
3349 2479
3350 2479
3351 2479
3352 2480
3353 2481
3354 2478
3355 2479
3356 2478
3357 2478
3358 2478
3359 2479
3360 2479
3361 2478
3362 2479
3363 2479
3364 2479
3365 2479
3366 2479
3367 2478
3368 2479
3369 2478
3370 2478
3371 2478
3372 2478
3373 2478
3374 2479
3375 2478
3376 2477
3377 2478
3378 2478
3379 2477
3380 2477
3381 2478
3382 2478
3383 2477
3384 2478
3385 2477
3386 2479
3387 2477
3388 2478
3389 2478
3390 2478
3391 2477
3392 2479
3393 2480
3394 2480
3395 2480
3396 2478
3397 2478
3398 2479
3399 2478
3400 2478
3401 2478
3402 2478
3403 2479
3404 2479
3405 2478
3406 2479
3407 2479
3408 2479
3409 2478
3410 2479
3411 2479
3412 2479
3413 2479
3414 2479
3415 2479
3416 2480
3417 2480
3418 2479
3419 2479
3420 2479
3421 2479
3422 2478
3423 2478
3424 2478
3425 2478
3426 2478
3427 2478
3428 2478
3429 2478
3430 2478
3431 2478
3432 2478
3433 2478
3434 2478
3435 2478
3436 2478
3437 2478
3438 2478
3439 2478
3440 2478
3441 2478
3442 2478
3443 2478
3444 2478
3445 2478
3446 2478
3447 2478
3448 2477
3449 2477
3450 2478
3451 2477
3452 2477
3453 2477
3454 2477
3455 2478
3456 2477
3457 2477
3458 2477
3459 2478
3460 2478
3461 2478
3462 2478
3463 2478
3464 2478
3465 2478
3466 2477
3467 2478
3468 2478
3469 2478
3470 2478
3471 2478
3472 2478
3473 2478
3474 2478
3475 2478
3476 2478
3477 2478
3478 2478
3479 2478
3480 2478
3481 2478
3482 2479
3483 2478
3484 2478
3485 2478
3486 2478
3487 2479
3488 2478
3489 2479
3490 2479
3491 2478
3492 2479
3493 2479
3494 2479
3495 2479
3496 2479
3497 2479
3498 2479
3499 2480
3500 2480
3501 2480
3502 2481
3503 2481
3504 2481
3505 2480
3506 2480
3507 2480
3508 2480
3509 2480
3510 2481
3511 2480
3512 2480
3513 2480
3514 2480
3515 2481
3516 2480
3517 2481
3518 2481
3519 2481
3520 2481
3521 2481
3522 2481
3523 2481
3524 2481
3525 2481
3526 2481
3527 2481
3528 2481
3529 2481
3530 2481
3531 2481
3532 2481
3533 2481
3534 2480
3535 2481
3536 2481
3537 2482
3538 2482
3539 2482
3540 2480
3541 2481
3542 2482
3543 2481
3544 2483
3545 2480
3546 2478
3547 2484
3548 2484
3549 2486
3550 2480
3551 2489
3552 2484
3553 2487
3554 2491
3555 2485
3556 2486
3557 2486
3558 2494
3559 2481
3560 2485
3561 2483
3562 2483
3563 2482
3564 2482
3565 2482
3566 2482
3567 2482
3568 2482
3569 2483
3570 2483
3571 2483
3572 2483
3573 2483
3574 2482
3575 2483
3576 2482
3577 2482
3578 2482
3579 2483
3580 2483
3581 2483
3582 2483
3583 2483
3584 2482
3585 2483
3586 2483
3587 2483
3588 2483
3589 2483
3590 2482
3591 2483
3592 2483
3593 2483
3594 2483
3595 2483
3596 2483
3597 2483
3598 2483
3599 2483
3600 2483
3601 2483
3602 2483
3603 2483
3604 2483
3605 2483
3606 2483
3607 2483
3608 2483
3609 2483
3610 2483
3611 2483
3612 2483
3613 2483
3614 2483
3615 2483
3616 2483
3617 2483
3618 2483
3619 2482
3620 2483
3621 2483
3622 2483
3623 2483
3624 2483
3625 2483
3626 2483
3627 2483
3628 2483
3629 2483
3630 2483
3631 2483
3632 2483
3633 2483
3634 2483
3635 2483
3636 2483
3637 2484
3638 2484
3639 2484
3640 2484
3641 2484
3642 2484
3643 2484
3644 2484
3645 2484
3646 2484
3647 2485
3648 2484
3649 2484
3650 2485
3651 2485
3652 2485
3653 2485
3654 2485
3655 2485
3656 2487
3657 2487
3658 2487
3659 2487
3660 2487
3661 2487
3662 2487
3663 2488
3664 2488
3665 2487
3666 2488
3667 2487
3668 2488
3669 2488
3670 2488
3671 2488
3672 2488
3673 2488
3674 2489
3675 2488
3676 2488
3677 2488
3678 2489
3679 2489
3680 2488
3681 2490
3682 2491
3683 2488
3684 2489
3685 2488
3686 2488
3687 2489
3688 2489
3689 2489
3690 2489
3691 2489
3692 2489
3693 2489
3694 2489
3695 2490
3696 2489
3697 2489
3698 2489
3699 2489
3700 2489
3701 2490
3702 2490
3703 2490
3704 2490
3705 2490
3706 2490
3707 2490
3708 2489
3709 2490
3710 2491
3711 2491
3712 2491
3713 2491
3714 2492
3715 2491
3716 2491
3717 2492
3718 2491
3719 2491
3720 2492
3721 2492
3722 2491
3723 2491
3724 2491
3725 2492
3726 2492
3727 2492
3728 2492
3729 2492
3730 2491
3731 2492
3732 2492
3733 2492
3734 2492
3735 2492
3736 2492
3737 2492
3738 2492
3739 2492
3740 2492
3741 2492
3742 2492
3743 2492
3744 2492
3745 2493
3746 2492
3747 2493
3748 2492
3749 2491
3750 2490
3751 2491
3752 2490
3753 2490
3754 2490
3755 2490
3756 2490
3757 2490
3758 2490
3759 2490
3760 2490
3761 2490
3762 2491
3763 2491
3764 2491
3765 2491
3766 2491
3767 2491
3768 2491
3769 2491
3770 2491
3771 2491
3772 2491
3773 2491
3774 2491
3775 2491
3776 2491
3777 2491
3778 2491
3779 2492
3780 2491
3781 2491
3782 2492
3783 2491
3784 2492
3785 2492
3786 2492
3787 2492
3788 2492
3789 2492
3790 2492
3791 2492
3792 2492
3793 2493
3794 2492
3795 2493
3796 2493
3797 2493
3798 2493
3799 2493
3800 2493
3801 2493
3802 2493
3803 2493
3804 2494
3805 2493
3806 2493
3807 2494
3808 2494
3809 2494
3810 2494
3811 2494
3812 2494
3813 2494
3814 2494
3815 2494
3816 2494
3817 2494
3818 2494
3819 2494
3820 2494
3821 2494
3822 2494
3823 2494
3824 2495
3825 2494
3826 2494
3827 2495
3828 2495
3829 2494
3830 2495
3831 2494
3832 2495
3833 2495
3834 2494
3835 2495
3836 2495
3837 2495
3838 2495
3839 2495
3840 2495
3841 2495
3842 2495
3843 2495
3844 2495
3845 2495
3846 2495
3847 2495
3848 2495
3849 2495
3850 2495
3851 2495
3852 2495
3853 2495
3854 2495
3855 2495
3856 2495
3857 2495
3858 2495
3859 2495
3860 2495
3861 2495
3862 2495
3863 2495
3864 2495
3865 2495
3866 2495
3867 2495
3868 2496
3869 2495
3870 2495
3871 2495
3872 2496
3873 2495
3874 2496
3875 2496
3876 2495
3877 2496
3878 2495
3879 2496
3880 2496
3881 2496
3882 2496
3883 2496
3884 2496
3885 2496
3886 2496
3887 2496
3888 2496
3889 2496
3890 2496
3891 2496
3892 2496
3893 2497
3894 2497
3895 2497
3896 2497
3897 2497
3898 2497
3899 2497
3900 2497
3901 2497
3902 2496
3903 2497
3904 2497
3905 2497
3906 2497
3907 2497
3908 2497
3909 2497
3910 2497
3911 2497
3912 2497
3913 2498
3914 2497
3915 2497
3916 2497
3917 2498
3918 2498
3919 2498
3920 2498
3921 2498
3922 2498
3923 2498
3924 2498
3925 2498
3926 2498
3927 2498
3928 2499
3929 2499
3930 2499
3931 2499
3932 2499
3933 2499
3934 2499
3935 2499
3936 2499
3937 2499
3938 2499
3939 2499
3940 2499
3941 2499
3942 2499
3943 2499
3944 2499
3945 2499
3946 2499
3947 2499
3948 2499
3949 2499
3950 2499
3951 2499
3952 2499
3953 2499
3954 2500
3955 2499
3956 2499
3957 2499
3958 2500
3959 2500
3960 2500
3961 2500
3962 2500
3963 2500
3964 2500
3965 2500
3966 2500
3967 2500
3968 2500
3969 2500
3970 2500
3971 2500
3972 2500
3973 2500
3974 2500
3975 2500
3976 2501
3977 2500
3978 2501
3979 2501
3980 2500
3981 2500
3982 2500
3983 2500
3984 2500
3985 2501
3986 2500
3987 2501
3988 2500
3989 2501
3990 2501
3991 2501
3992 2501
3993 2501
3994 2501
3995 2501
3996 2501
3997 2501
3998 2501
3999 2502
4000 2501
4001 2502
4002 2502
4003 2502
4004 2502
4005 2502
4006 2502
4007 2502
4008 2502
4009 2502
4010 2502
4011 2502
4012 2502
4013 2503
4014 2503
4015 2503
4016 2502
4017 2503
4018 2503
4019 2503
4020 2503
4021 2503
4022 2502
4023 2502
4024 2502
4025 2502
4026 2502
4027 2502
4028 2503
4029 2503
4030 2502
4031 2503
4032 2503
4033 2503
4034 2503
4035 2503
4036 2503
4037 2503
4038 2503
4039 2503
4040 2503
4041 2503
4042 2503
4043 2503
4044 2504
4045 2503
4046 2504
4047 2503
4048 2504
4049 2504
4050 2504
4051 2504
4052 2504
4053 2504
4054 2504
4055 2504
4056 2504
4057 2504
4058 2504
4059 2504
4060 2504
4061 2504
4062 2504
4063 2504
4064 2504
4065 2504
4066 2504
4067 2504
4068 2504
4069 2504
4070 2504
4071 2504
4072 2504
4073 2504
4074 2504
4075 2504
4076 2504
4077 2504
4078 2504
4079 2504
4080 2505
4081 2504
4082 2504
4083 2505
4084 2504
4085 2504
4086 2504
4087 2504
4088 2504
4089 2504
4090 2504
4091 2504
4092 2504
4093 2504
4094 2504
4095 2504
4096 2504
4097 2504
4098 2504
4099 2503
4100 2503
4101 2503
4102 2503
4103 2503
4104 2503
4105 2503
4106 2503
4107 2503
4108 2503
4109 2502
4110 2503
4111 2502
4112 2502
4113 2502
4114 2502
4115 2502
4116 2502
4117 2502
4118 2502
4119 2502
4120 2502
4121 2502
4122 2501
4123 2501
4124 2501
4125 2501
4126 2501
4127 2501
4128 2501
4129 2501
4130 2501
4131 2501
4132 2501
4133 2501
4134 2501
4135 2501
4136 2501
4137 2501
4138 2501
4139 2501
4140 2501
4141 2501
4142 2501
4143 2502
4144 2501
4145 2501
4146 2501
4147 2501
4148 2501
4149 2500
4150 2501
4151 2501
4152 2501
4153 2501
4154 2501
4155 2500
4156 2501
4157 2500
4158 2500
4159 2500
4160 2499
4161 2499
4162 2500
4163 2499
4164 2499
4165 2499
4166 2499
4167 2499
4168 2499
4169 2500
4170 2500
4171 2500
4172 2500
4173 2500
4174 2500
4175 2500
4176 2500
4177 2500
4178 2501
4179 2501
4180 2501
4181 2501
4182 2501
4183 2502
4184 2501
4185 2501
4186 2501
4187 2501
4188 2501
4189 2501
4190 2501
4191 2501
4192 2501
4193 2501
4194 2501
4195 2501
4196 2501
4197 2502
4198 2501
4199 2501
4200 2501
4201 2501
4202 2501
4203 2501
4204 2501
4205 2501
4206 2501
4207 2501
4208 2502
4209 2502
4210 2501
4211 2502
4212 2502
4213 2502
4214 2502
4215 2502
4216 2502
4217 2502
4218 2502
4219 2502
4220 2502
4221 2502
4222 2502
4223 2502
4224 2503
4225 2503
4226 2503
4227 2502
4228 2503
4229 2502
4230 2502
4231 2502
4232 2502
4233 2503
4234 2502
4235 2502
4236 2502
4237 2502
4238 2501
4239 2502
4240 2501
4241 2501
4242 2502
4243 2502
4244 2500
4245 2501
4246 2501
4247 2502
4248 2501
4249 2501
4250 2501
4251 2501
4252 2501
4253 2501
4254 2501
4255 2501
4256 2500
4257 2501
4258 2501
4259 2501
4260 2500
4261 2501
4262 2501
4263 2502
4264 2499
4265 2499
4266 2500
4267 2499
4268 2500
4269 2500
4270 2500
4271 2500
4272 2501
4273 2500
4274 2500
4275 2500
4276 2501
4277 2501
4278 2499
4279 2499
4280 2500
4281 2499
4282 2499
4283 2500
4284 2499
4285 2499
4286 2500
4287 2500
4288 2500
4289 2499
4290 2500
4291 2499
4292 2500
4293 2500
4294 2499
4295 2500
4296 2499
4297 2499
4298 2500
4299 2500
4300 2500
4301 2499
4302 2501
4303 2500
4304 2500
4305 2500
4306 2500
4307 2499
4308 2502
4309 2500
4310 2499
4311 2499
4312 2501
4313 2500
4314 2501
4315 2499
4316 2500
4317 2501
4318 2501
4319 2500
4320 2500
4321 2501
4322 2500
4323 2501
4324 2501
4325 2501
4326 2501
4327 2501
4328 2501
4329 2501
4330 2501
4331 2501
4332 2501
4333 2501
4334 2501
4335 2500
4336 2501
4337 2500
4338 2500
4339 2501
4340 2501
4341 2501
4342 2501
4343 2501
4344 2501
4345 2501
4346 2501
4347 2502
4348 2502
4349 2502
4350 2502
4351 2502
4352 2502
4353 2502
4354 2502
4355 2501
4356 2502
4357 2502
4358 2502
4359 2502
4360 2502
4361 2502
4362 2502
4363 2502
4364 2503
4365 2503
4366 2502
4367 2502
4368 2502
4369 2503
4370 2503
4371 2503
4372 2503
4373 2503
4374 2503
4375 2503
4376 2503
4377 2503
4378 2503
4379 2503
4380 2503
4381 2503
4382 2503
4383 2502
4384 2503
4385 2503
4386 2503
4387 2503
4388 2503
4389 2503
4390 2503
4391 2503
4392 2503
4393 2503
4394 2503
4395 2503
4396 2503
4397 2503
4398 2503
4399 2503
4400 2503
4401 2503
4402 2503
4403 2503
4404 2503
4405 2503
4406 2503
4407 2503
4408 2503
4409 2503
4410 2503
4411 2504
4412 2503
4413 2503
4414 2503
4415 2503
4416 2503
4417 2504
4418 2503
4419 2504
4420 2503
4421 2503
4422 2504
4423 2503
4424 2504
4425 2505
4426 2504
4427 2504
4428 2505
4429 2503
4430 2505
4431 2504
4432 2504
4433 2505
4434 2504
4435 2505
4436 2505
4437 2504
4438 2504
4439 2505
4440 2505
4441 2505
4442 2505
4443 2505
4444 2505
4445 2508
4446 2508
4447 2506
4448 2507
4449 2504
4450 2510
4451 2508
4452 2507
4453 2503
4454 2501
4455 2513
4456 2510
4457 2512
4458 2502
4459 2494
4460 2505
4461 2494
4462 2506
4463 2502
4464 2501
4465 2513
4466 2498
4467 2513
4468 2503
4469 2507
4470 2511
4471 2506
4472 2506
4473 2501
4474 2509
4475 2509
4476 2497
4477 2507
4478 2514
4479 2513
4480 2497
4481 2514
4482 2514
4483 2511
4484 2501
4485 2513
4486 2509
4487 2506
4488 2506
4489 2504
4490 2511
4491 2504
4492 2504
4493 2506
4494 2503
4495 2507
4496 2503
4497 2504
4498 2504
4499 2504
4500 2503
4501 2503
4502 2503
4503 2503
4504 2504
4505 2503
4506 2505
4507 2505
4508 2502
4509 2503
4510 2503
4511 2503
4512 2503
4513 2503
4514 2503
4515 2503
4516 2503
4517 2503
4518 2503
4519 2503
4520 2503
4521 2503
4522 2503
4523 2503
4524 2503
4525 2503
4526 2503
4527 2503
4528 2503
4529 2503
4530 2503
4531 2503
4532 2503
4533 2503
4534 2503
4535 2503
4536 2503
4537 2502
4538 2502
4539 2502
4540 2502
4541 2503
4542 2503
4543 2504
4544 2502
4545 2502
4546 2502
4547 2502
4548 2503
4549 2503
4550 2503
4551 2502
4552 2503
4553 2502
4554 2502
4555 2502
4556 2502
4557 2503
4558 2502
4559 2502
4560 2503
4561 2502
4562 2503
4563 2502
4564 2502
4565 2502
4566 2502
4567 2502
4568 2502
4569 2502
4570 2503
4571 2502
4572 2502
4573 2502
4574 2502
4575 2502
4576 2502
4577 2502
4578 2502
4579 2502
4580 2502
4581 2502
4582 2502
4583 2502
4584 2502
4585 2501
4586 2501
4587 2502
4588 2502
4589 2501
4590 2501
4591 2501
4592 2501
4593 2502
4594 2502
4595 2502
4596 2501
4597 2502
4598 2501
4599 2502
4600 2502
4601 2501
4602 2502
4603 2501
4604 2501
4605 2502
4606 2501
4607 2501
4608 2501
4609 2500
4610 2501
4611 2502
4612 2502
4613 2502
4614 2501
4615 2502
4616 2501
4617 2502
4618 2501
4619 2501
4620 2501
4621 2502
4622 2501
4623 2501
4624 2501
4625 2501
4626 2501
4627 2501
4628 2501
4629 2501
4630 2501
4631 2501
4632 2501
4633 2501
4634 2501
4635 2501
4636 2501
4637 2501
4638 2501
4639 2501
4640 2501
4641 2501
4642 2501
4643 2501
4644 2501
4645 2501
4646 2501
4647 2502
4648 2502
4649 2501
4650 2505
4651 2501
4652 2501
4653 2502
4654 2502
4655 2501
4656 2502
4657 2501
4658 2501
4659 2501
4660 2502
4661 2501
4662 2500
4663 2501
4664 2502
4665 2501
4666 2501
4667 2503
4668 2501
4669 2502
4670 2501
4671 2501
4672 2502
4673 2501
4674 2501
4675 2502
4676 2501
4677 2501
4678 2500
4679 2501
4680 2501
4681 2501
4682 2501
4683 2501
4684 2501
4685 2501
4686 2501
4687 2502
4688 2501
4689 2500
4690 2501
4691 2501
4692 2500
4693 2500
4694 2501
4695 2501
4696 2500
4697 2501
4698 2501
4699 2501
4700 2501
4701 2501
4702 2501
4703 2501
4704 2500
4705 2500
4706 2501
4707 2501
4708 2501
4709 2501
4710 2500
4711 2500
4712 2501
4713 2501
4714 2501
4715 2500
4716 2501
4717 2500
4718 2501
4719 2501
4720 2500
4721 2500
4722 2500
4723 2501
4724 2501
4725 2501
4726 2500
4727 2501
4728 2501
4729 2501
4730 2500
4731 2501
4732 2501
4733 2500
4734 2500
4735 2500
4736 2500
4737 2501
4738 2502
4739 2499
4740 2500
4741 2500
4742 2500
4743 2500
4744 2500
4745 2499
4746 2500
4747 2499
4748 2500
4749 2499
4750 2499
4751 2499
4752 2500
4753 2499
4754 2500
4755 2500
4756 2500
4757 2500
4758 2500
4759 2500
4760 2500
4761 2500
4762 2500
4763 2500
4764 2500
4765 2500
4766 2500
4767 2500
4768 2500
4769 2500
4770 2500
4771 2500
4772 2500
4773 2500
4774 2500
4775 2500
4776 2500
4777 2500
4778 2500
4779 2500
4780 2500
4781 2500
4782 2500
4783 2500
4784 2500
4785 2500
4786 2500
4787 2500
4788 2500
4789 2500
4790 2500
4791 2500
4792 2500
4793 2500
4794 2499
4795 2499
4796 2499
4797 2499
4798 2499
4799 2499
4800 2499
4801 2499
4802 2499
4803 2499
4804 2499
4805 2499
4806 2499
4807 2499
4808 2500
4809 2499
4810 2499
4811 2500
4812 2500
4813 2500
4814 2500
4815 2500
4816 2500
4817 2500
4818 2500
4819 2500
4820 2500
4821 2500
4822 2500
4823 2500
4824 2500
4825 2500
4826 2500
4827 2500
4828 2500
4829 2500
4830 2500
4831 2501
4832 2500
4833 2500
4834 2500
4835 2500
4836 2500
4837 2500
4838 2500
4839 2500
4840 2500
4841 2500
4842 2500
4843 2499
4844 2500
4845 2500
4846 2500
4847 2500
4848 2500
4849 2500
4850 2500
4851 2500
4852 2500
4853 2500
4854 2500
4855 2500
4856 2500
4857 2500
4858 2500
4859 2499
4860 2499
4861 2500
4862 2500
4863 2500
4864 2500
4865 2500
4866 2500
4867 2500
4868 2499
4869 2500
4870 2499
4871 2500
4872 2499
4873 2500
4874 2500
4875 2500
4876 2500
4877 2500
4878 2500
4879 2500
4880 2499
4881 2500
4882 2500
4883 2500
4884 2500
4885 2500
4886 2500
4887 2500
4888 2500
4889 2500
4890 2500
4891 2500
4892 2500
4893 2501
4894 2501
4895 2500
4896 2501
4897 2501
4898 2501
4899 2501
4900 2501
4901 2502
4902 2501
4903 2501
4904 2501
4905 2501
4906 2501
4907 2501
4908 2501
4909 2502
4910 2501
4911 2501
4912 2501
4913 2502
4914 2501
4915 2501
4916 2501
4917 2501
4918 2501
4919 2502
4920 2502
4921 2501
4922 2501
4923 2502
4924 2500
4925 2502
4926 2502
4927 2503
4928 2502
4929 2502
4930 2502
4931 2502
4932 2502
4933 2502
4934 2502
4935 2502
4936 2502
4937 2502
4938 2502
4939 2502
4940 2502
4941 2502
4942 2503
4943 2503
4944 2502
4945 2502
4946 2503
4947 2502
4948 2503
4949 2503
4950 2503
4951 2503
4952 2503
4953 2503
4954 2503
4955 2503
4956 2503
4957 2503
4958 2503
4959 2502
4960 2502
4961 2502
4962 2502
4963 2503
4964 2503
4965 2502
4966 2503
4967 2503
4968 2503
4969 2503
4970 2503
4971 2504
4972 2503
4973 2503
4974 2502
4975 2503
4976 2503
4977 2502
4978 2503
4979 2503
4980 2503
4981 2504
4982 2504
4983 2504
4984 2503
4985 2504
4986 2504
4987 2504
4988 2503
4989 2504
4990 2504
4991 2505
4992 2504
4993 2504
4994 2504
4995 2504
4996 2504
4997 2504
4998 2504
4999 2503
5000 2503
5001 2504
5002 2504
5003 2504
5004 2505
5005 2505
5006 2505
5007 2505
5008 2505
5009 2505
5010 2505
5011 2505
5012 2505
5013 2504
5014 2505
5015 2505
5016 2505
5017 2505
5018 2505
5019 2505
5020 2506
5021 2504
5022 2504
5023 2504
5024 2505
5025 2504
5026 2504
5027 2505
5028 2504
5029 2505
5030 2505
5031 2504
5032 2504
5033 2505
5034 2505
5035 2505
5036 2506
5037 2505
5038 2507
5039 2505
5040 2505
5041 2505
5042 2506
5043 2505
5044 2506
5045 2505
5046 2505
5047 2510
5048 2508
5049 2505
5050 2505
5051 2506
5052 2505
5053 2505
5054 2505
5055 2505
5056 2505
5057 2506
5058 2505
5059 2505
5060 2505
5061 2506
5062 2506
5063 2505
5064 2505
5065 2506
5066 2506
5067 2507
5068 2506
5069 2506
5070 2506
5071 2506
5072 2506
5073 2505
5074 2506
5075 2506
5076 2506
5077 2506
5078 2507
5079 2507
5080 2506
5081 2507
5082 2507
5083 2508
5084 2506
5085 2507
5086 2505
5087 2506
5088 2506
5089 2507
5090 2507
5091 2506
5092 2507
5093 2507
5094 2506
5095 2506
5096 2506
5097 2506
5098 2506
5099 2506
5100 2506
5101 2506
5102 2507
5103 2507
5104 2506
5105 2506
5106 2506
5107 2507
5108 2507
5109 2507
5110 2506
5111 2507
5112 2507
5113 2507
5114 2507
5115 2506
5116 2507
5117 2507
5118 2506
5119 2507
5120 2507
5121 2507
5122 2507
5123 2508
5124 2507
5125 2507
5126 2507
5127 2507
5128 2507
5129 2507
5130 2508
5131 2508
5132 2507
5133 2507
5134 2508
5135 2507
5136 2508
5137 2507
5138 2507
5139 2507
5140 2508
5141 2507
5142 2508
5143 2508
5144 2507
5145 2508
5146 2508
5147 2508
5148 2508
5149 2508
5150 2508
5151 2508
5152 2508
5153 2508
5154 2509
5155 2508
5156 2508
5157 2508
5158 2508
5159 2509
5160 2509
5161 2509
5162 2509
5163 2509
5164 2509
5165 2509
5166 2508
5167 2509
5168 2509
5169 2509
5170 2508
5171 2508
5172 2509
5173 2509
5174 2509
5175 2509
5176 2509
5177 2509
5178 2509
5179 2509
5180 2509
5181 2509
5182 2509
5183 2509
5184 2509
5185 2509
5186 2509
5187 2509
5188 2509
5189 2509
5190 2508
5191 2509
5192 2508
5193 2508
5194 2508
5195 2508
5196 2508
5197 2508
5198 2508
5199 2508
5200 2508
5201 2508
5202 2509
5203 2508
5204 2508
5205 2508
5206 2508
5207 2508
5208 2508
5209 2510
5210 2507
5211 2509
5212 2509
5213 2511
5214 2510
5215 2509
5216 2509
5217 2508
5218 2509
5219 2508
5220 2508
5221 2508
5222 2509
5223 2508
5224 2509
5225 2509
5226 2508
5227 2508
5228 2507
5229 2509
5230 2508
5231 2508
5232 2507
5233 2508
5234 2509
5235 2508
5236 2508
5237 2509
5238 2509
5239 2508
5240 2508
5241 2509
5242 2509
5243 2509
5244 2509
5245 2509
5246 2508
5247 2509
5248 2509
5249 2509
5250 2509
5251 2509
5252 2509
5253 2509
5254 2509
5255 2509
5256 2508
5257 2509
5258 2509
5259 2509
5260 2509
5261 2509
5262 2508
5263 2509
5264 2510
5265 2509
5266 2509
5267 2510
5268 2509
5269 2509
5270 2509
5271 2509

3696 2534
3697 2531
3698 2536
3699 2536
3700 2534
3701 2533
3702 2534
3703 2531
3704 2534
3705 2528
3706 2533
3707 2532
3708 2532
3709 2531
3710 2532
3711 2529
3712 2526
3713 2525
3714 2527
3715 2530
3716 2529
3717 2528
3718 2524
3719 2524
3720 2522
3721 2527
3722 2527
3723 2527
3724 2533
3725 2519
3726 2525
3727 2525
3728 2528
3729 2528
3730 2528
3731 2527
3732 2531
3733 2528
3734 2529
3735 2527
3736 2526
3737 2528
3738 2525
3739 2531
3740 2523
3741 2519
3742 2525
3743 2518
3744 2521
3745 2521
3746 2521
3747 2526
3748 2527
3749 2525
3967 2527
3968 2534
3969 2535
3970 2528
3971 2527
3972 2527
3973 2533
3974 2533
3975 2523
3976 2528
3977 2527
3978 2527
3979 2526
3980 2528
3981 2524
3982 2528
3983 2535
3984 2522
3985 2521
3986 2521
3987 2522
3988 2522
3989 2527
3990 2521
3991 2528
3992 2535
3993 2528
3994 2528
3995 2533
3996 2522
3997 2525
3998 2527
3999 2526
4000 2528
4001 2535
4002 2526
4003 2522
4004 2527
4005 2525
4006 2525
4007 2522
4008 2521
4009 2527
4010 2521
4011 2531
4012 2524
4013 2523
4014 2528
4015 2522
4016 2526
4017 2526
4018 2526
4019 2521
4020 2526
4021 2527
4022 2527
4023 2527
4024 2521
4025 2528
4026 2528
4027 2527
4028 2527
4029 2525
4030 2520
4031 2527
4032 2528
4033 2525
4034 2530
4035 2528
4036 2528
4037 2527
4038 2527
4039 2528
4040 2528
4041 2526
4042 2528
4043 2524
4044 2528
4045 2521
4046 2520
4047 2522
4048 2525
4049 2529
4050 2527
4051 2527
4052 2527
4053 2527
4054 2528
4055 2526
4056 2526
4057 2526
4058 2528
4059 2528
4060 2527
4061 2526
4062 2531
4063 2533
4064 2526
4065 2526
4066 2526
4067 2528
4068 2526
4069 2528
4070 2526
4071 2526
4072 2526
4073 2526
4074 2526
4075 2526
4076 2525
4077 2525
4078 2527
4079 2527
4080 2527
4081 2527
4082 2526
4083 2526
4084 2526
4085 2526
4393 2528
4394 2526
4395 2526
4396 2526
4397 2525
4398 2533
4399 2519
4400 2526
4401 2528
4402 2522
4403 2526
4404 2524
4405 2526
4406 2521
4407 2520
4408 2527
4409 2527
4410 2523
4411 2523
4412 2524
4413 2524
4414 2533
4415 2528
4416 2524
4417 2525
4418 2527
4419 2533
4420 2526
4421 2524
4422 2524
4423 2523
4424 2526
4425 2525
4426 2522
4427 2523
4428 2524
4429 2524
4430 2523
4431 2523
4432 2523
4433 2522
4434 2528
4435 2524
4436 2527
4437 2527
4438 2521
4439 2518
4440 2523
4441 2524
4442 2526
4443 2519
4444 2519
4445 2531
4446 2522
4447 2518
4448 2526
4449 2525
4450 9999
4451 2521
4452 9999
4453 2519
4454 2527
4455 9999
4456 9999
4457 2528
4458 2528
4459 2525
4460 2520
4461 2518
4462 2524
4463 2525
4464 2518
4465 2528
4466 2523
4467 9999
4468 2522
4469 2530
4470 2523
4471 2526
4472 2525
4473 2532
4474 2524
4475 2526
4476 2518
4477 9999
4478 9999
4479 9999
4480 2531
4481 9999
4482 9999
4483 9999
4484 2520
4485 2530
4486 9999
4487 2518
4488 9999
4489 2517
4490 9999
4491 2527
4492 2517
4493 9999
4494 2529
4495 2530
4496 2522
4497 2521
4498 2517
4499 2517
4500 2520
4501 2521
4502 2518
4503 2529
4504 2524
4505 2519
4506 2518
4507 2519
4508 2530
4509 2518
4510 2521
4511 2524
4512 2517
4513 2516
4514 2516
4515 2523
4516 2521
4517 2516
4518 2523
4519 2524
4520 2516
4521 2523
4522 2523
4523 2521
4524 2522
4525 2522
4526 2522
4527 2524
4528 2527
4529 2522
4530 2522
4531 2516
4532 2516
4533 2520
4534 2523
4535 2522
4536 2518
4537 2528
4538 2526
4539 2518
4540 2525
4541 2516
4542 2516
4543 2520
4544 2521
4545 2524
4546 2518
4547 2518
4548 2523
4549 2523
4550 2527
4551 2517
4552 2522
4553 2518
4554 2523
4555 2526
4556 2516
4557 2528
4558 2520
4559 2519
4560 2528
4561 2525
4562 2524
4563 2516
4564 2522
4565 2524
4566 2527
4567 2527
4568 2521
4569 2517
4570 2524
4571 2526
4572 2526
4573 2517
4574 2524
4575 2516
4576 2517
4577 2517
4578 2523
4579 2524
4580 2525
4581 2520
4582 2519
4583 2519
4584 2523
4585 2523
4586 2523
4587 2523
4588 2523
4589 2523
4590 2523
4591 2516
4592 2520
4593 2517
4594 2530
4595 2525
4596 2517
4597 2523
4598 2517
4599 2517
4600 2518
4601 2524
4602 2523
4603 2523
4604 2523
4605 2524
4606 2518
4607 2524
4608 2517
4609 2528
4610 2523
4611 2524
4612 2520

