4026 2516
4027 2516
4028 2515
4029 2516
4030 2514
4031 2515
4032 2514
4033 2528
4034 2513
4035 2516
4036 2514
4037 2513
4038 2513
4039 2513
4040 2514
4041 2513
4042 2514
4043 2514
4044 2514
4045 2513
4046 2513
4047 2527
4048 2513
4049 2527
4050 2513
4051 2512
4052 2512
4053 2512
4054 2513
4055 2527
4056 2513
4057 2513
4058 2515
4059 2527
4060 2512
4061 2526
4062 2515
4063 2525
4064 2515
4065 2516
4066 2515
4067 2515
4068 2515
4069 2515
4070 2515
4071 2515
4072 2516
4073 2515
4074 2520
4075 2515
4076 2515
4077 2515
4078 2514
4079 2515
4080 2515
4081 2515
4082 2514
4083 2515
4084 2515
4085 2515
4086 2515
4087 2513
4088 2513
4089 2525
4090 2513
4091 2526
4092 2513
4093 2517
4094 2514
4095 2513
4096 2517
4097 2527
4098 2514
4099 2526
4100 2527
4101 2513
4102 2517
4103 2513
4104 2513
4105 2512
4106 2513
4107 2513
4108 2514
4109 2513
4110 2514
4111 2515
4112 2515
4113 2515
4114 2515
4115 2515
4116 2516
4117 2516
4118 2516
4119 2515
4120 2518
4121 2515
4122 2515
4123 2515
4124 2516
4125 2516
4126 2516
4127 2516
4128 2520
4129 2516
4130 2517
4131 2517
4132 2519
4133 2518
4134 2518
4135 2517
4136 2518
4137 2519
4138 2518
4139 2517
4140 2517
4141 2518
4142 2517
4143 2517
4144 2516
4145 2517
4146 2517
4147 2517
4148 2517
4149 2516
4150 2517
4151 2517
4152 2517
4153 2518
4154 2517
4155 2518
4156 2518
4157 2517
4158 2521
4159 2517
4160 2518
4161 2519
4162 2528
4163 2518
4164 2518
4165 2519
4166 2520
4167 2522
4168 2522
4169 2523
4170 2522
4171 2523
4172 2524
4173 2522
4174 2519
4175 2518
4176 2519
4177 2518
4178 2519
4179 2521
4180 2526
4181 2518
4182 2518
4183 2518
4184 2518
4185 2518
4186 2518
4187 2520
4188 2526
4189 2518
4190 2518
4191 2518
4192 2519
4193 2521
4194 2518
4195 2518
4196 2518
4197 2518
4198 2518
4199 2518
4200 2527
4201 2521
4202 2526
4203 2519
4204 2520
4205 2519
4206 2518
4207 2518
4208 2518
4209 2518
4210 2518
4211 2518
4212 2519
4213 2520
4214 2519
4215 2518
4216 2527
4217 2528
4218 2518
4219 2519
4220 2519
4221 2518
4222 2522
4223 2518
4224 2518
4225 2528
4226 2518
4227 2519
4228 2518
4229 2518
4230 2517
4231 2518
4232 2519
4233 2519
4234 2519
4235 2519
4236 2527
4237 2519
4238 2519
4239 2520
4240 2518
4241 2519
4242 2519
4243 2519
4244 2519
4245 2519
4246 2519
4247 2519
4248 2519
4249 2519
4250 2519
4251 2519
4252 2519
4253 2519
4254 2520
4255 2519
4256 2519
4257 2520
4258 2519
4259 2519
4260 2519
4261 2519
4262 2528
4263 2519
4264 2520
4265 2519
4266 2520
4267 2520
4268 2520
4269 2527
4270 2520
4271 2527
4272 2520
4273 2520
4274 2520
4275 2520
4276 2521
4277 2521
4278 2521
4279 2520
4280 2520
4281 2525
4282 2520
4283 2520
4284 2520
4285 2521
4286 2520
4287 2520
4288 2521
4289 2520
4290 2520
4291 2520
4292 2520
4293 2520
4294 2520
4295 2527
4296 2521
4297 2528
4298 2528
4299 2528
4300 2520
4301 2520
4302 2527
4303 2520
4304 2528
4305 2521
4306 2521
4307 2521
4308 2530
4309 2521
4310 2520
4311 2521
4312 2521
4313 2521
4314 2521
4315 2521
4316 2521
4317 2521
4318 2521
4319 2521
4320 2521
4321 2521
4322 2521
4323 2521
4324 2520
4325 2520
4326 2521
4327 2521
4328 2521
4329 2521
4330 2521
4331 2520
4332 2520
4333 2520
4334 2520
4335 2520
4336 2520
4337 2520
4338 2520
4339 2521
4340 2520
4341 2520
4342 2520
4343 2521
4344 2520
4345 2520
4346 2523
4347 2525
4348 2521
4349 2520
4350 2520
4351 2521
4352 2522
4353 2522
4354 2522
4355 2522
4356 2522
4357 2523
4358 2523
4359 2521
4360 2520
4361 2524
4362 2523
4363 2521
4364 2521
4365 2521
4366 2521
4367 2529
4368 2521
4369 2521
4370 2521
4371 2521
4372 2521
4373 2521
4374 2520
4375 2520
4376 2520
4377 2520
4378 2520
4379 2519
4380 2520
4381 2519
4382 2520
4383 2520
4384 2520
4385 2521
4386 2526
4387 2521
4388 2520
4389 2519
4390 2526
4391 2519
4392 2520
4393 2521
4394 2522
4395 2522
4396 2522
4397 2523
4398 2523
4399 2523
4400 2522
4401 2522
4402 2521
4403 2521
4404 2523
4405 2523
4406 2523
4407 2522
4408 2522
4409 2522
4410 2521
4411 2521
4412 2523
4413 2522
4414 2521
4415 2524
4416 2521
4417 2520
4418 2520
4419 2520
4420 2520
4421 2521
4422 2520
4423 2520
4424 2521
4425 2525
4426 2522
4427 2522
4428 2522
4429 2522
4430 2522
4431 2522
4432 2522
4433 2521
4434 2522
4435 2522
4436 2521
4437 2521
4438 2521
4439 2521
4440 2521
4441 2522
4442 2522
4443 2521
4444 2522
4445 2522
4446 2521
4447 2522
4448 2522
4449 2521
4450 2520
4451 2521
4452 2522
4453 2521
4454 2521
4455 2521
4456 2521
4457 2521
4458 2521
4459 2521
4460 2521
4461 2521
4462 2521
4463 2520
4464 2521
4465 2520
4466 2520
4467 2521
4468 2521
4469 2521
4470 2525
4471 2521
4472 2522
4473 2521
4474 2521
4475 2527
4476 2522
4477 2522
4478 2521
4479 2521
4480 2521
4481 2522
4482 2522
4483 2522
4484 2521
4485 2521
4486 2522
4487 2522
4488 2522
4489 2522
4490 2529
4491 2523
4492 2522
4493 2522
4494 2522
4495 2522
4496 2523
4497 2523
4498 2523
4499 2525
4500 2523
4501 2523
4502 2524
4503 2524
4504 2528
4505 2523
4506 2530
4507 2523
4508 2524
4509 2525
4510 2523
4511 2522
4512 2522
4513 2528
4514 2528
4515 2527
4516 2526
4517 2526
4518 2524
4519 2529
4520 2524
4521 2524
4522 2523
4523 2528
4524 2526
4525 2527
4526 2526
4527 2526
4528 2525
4529 2524
4530 2524
4531 2524
4532 2524
4533 2525
4534 2525
4535 2525
4536 2525
4537 2525
4538 2524
4539 2525
4540 2527
4541 2522
4542 2521
4543 2520
4544 2523
4545 2520
4546 2519
4547 2520
4548 2521
4549 2519
4550 2520
4551 2520
4552 2527
4553 2523
4554 2520
4555 2520
4556 2520
4557 2518
4558 2520
4559 2519
4560 2523
4561 2521
4562 2519
4563 2518
4564 2519
4565 2520
4566 2525
4567 2520
4568 2525
4569 2519
4570 2519
4571 2519
4572 2518
4573 2519
4574 2518
4575 2519
4576 2520
4577 2521
4578 2519
4579 2520
4580 2518
4581 2522
4582 2523
4583 2519
4584 2521
4585 2522
4586 2521
4587 2521
4588 2521
4589 2521
4590 2521
4591 2522
4592 2519
4593 2526
4594 2525
4595 2525
4596 2525
4597 2523
4598 2523
4599 2523
4600 2523
4601 2518
4602 2523
4603 2522
4604 2520
4605 2521
4606 2521
4607 2524
4608 2522
4609 2526
4610 2530
4611 2528
4612 2521
4613 2521
4614 2523
4615 2525
4616 2525
4617 2524
4618 2525
4619 2523
4620 2522
4621 2522
4622 2523
4623 2525
4624 2524
4625 2524
4626 2523
4627 2522
4628 2523
4629 2523
4630 2521
4631 2521
4632 2521
4633 2532
4634 2523
4635 2524
4636 2521
4637 2535
4638 2522
4639 2521
4640 2528
4641 2521
4642 2522
4643 2521
4644 2521
4645 2521
4646 2521
4647 2523
4648 2523
4649 2520
4650 2520
4651 2519
4652 2519
4653 2519
4654 2518
4655 2519
4656 2519
4657 2518
4658 2519
4659 2519
4660 2519
4661 2521
4662 2518
4663 2519
4664 2519
4665 2519
4666 2519
4667 2518
4668 2519
4669 2518
4670 2519
4671 2519
4672 2518
4673 2518
4674 2519
4675 2520
4676 2523
4677 2519
4678 2522
4679 2519
4680 2519
4681 2519
4682 2525
4683 2522
4684 2524
4685 2519
4686 2519
4687 2520
4688 2519
4689 2522
4690 2520
4691 2520
4692 2519
4693 2519
4694 2518
4695 2517
4696 2518
4697 2517
4698 2517
4699 2517
4700 2516
4701 2516
4702 2519
4703 2519
4704 2517
4705 2523
4706 2521
4707 2516
4708 2517
4709 2518
4710 2517
4711 2517
4712 2519
4713 2516
4714 2517
4715 2516
4716 2518
4717 2515
4718 2516
4719 2515
4720 2516
4721 2519
4722 2516
4723 2517
4724 2517
4725 2516
4726 2516
4727 2516
4728 2518
4729 2516
4730 2517
4731 2516
4732 2515
4733 2516
4734 2515
4735 2515
4736 2516
4737 2515
4738 2515
4739 2516
4740 2515
4741 2515
4742 2519
4743 2517
4744 2515
4745 2515
4746 2516
4747 2516
4748 2516
4749 2516
4750 2517
4751 2520
4752 2519
4753 2516
4754 2516
4755 2516
4756 2516
4757 2515
4758 2516
4759 2516
4760 2516
4761 2520
4762 2520
4763 2519
4764 2519
4765 2520
4766 2514
4767 2514
4768 2514
4769 2514
4770 2518
4771 2518
4772 2516
4773 2516
4774 2516
4775 2516
4776 2516
4777 2515
4778 2515
4779 2514
4780 2519
4781 2514
4782 2515
4783 2514
4784 2514
4785 2515
4786 2516
4787 2516
4788 2515
4789 2514
4790 2515
4791 2515
4792 2515
4793 2514
4794 2514
4795 2516
4796 2514
4797 2515
4798 2516
4799 2515
4800 2515
4801 2515
4802 2514
4803 2514
4804 2514
4805 2514
4806 2514
4807 2514
4808 2514
4809 2514
4810 2513
4811 2515
4812 2515
4813 2515
4814 2514
4815 2514
4816 2514
4817 2514
4818 2514
4819 2513
4820 2512
4821 2512
4822 2513
4823 2513
4824 2513
4825 2519
4826 2517
4827 2514
4828 2514
4829 2514
4830 2517
4831 2517
4832 2515
4833 2514
4834 2515
4835 2516
4836 2514
4837 2514
4838 2513
4839 2513
4840 2513
4841 2513
4842 2514
4843 2514
4844 2514
4845 2514
4846 2513
4847 2512
4848 2512
4849 2512
4850 2512
4851 2512
4852 2512
4853 2512
4854 2512
4855 2512
4856 2514
4857 2513
4858 2513
4859 2514
4860 2516
4861 2514
4862 2513
4863 2517
4864 2516
4865 2513
4866 2513
4867 2514
4868 2514
4869 2514
4870 2515
4871 2514
4872 2515
4873 2514
4874 2514
4875 2512
4876 2524
4877 2513
4878 2513
4879 2512
4880 2512
4881 2512
4882 2518
4883 2516
4884 2513
4885 2513
4886 2513
4887 2512
4888 2520
4889 2514
4890 2513
4891 2515
4892 2515
4893 2514
4894 2512
4895 2513
4896 2514
4897 2514
4898 2514
4899 2514
4900 2513
4901 2513
4902 2514
4903 2517
4904 2516
4905 2514
4906 2515
4907 2515
4908 2514
4909 2515
4910 2514
4911 2515
4912 2516
4913 2516
4914 2515
4915 2515
4916 2516
4917 2516
4918 2516
4919 2516
4920 2516
4921 2516
4922 2516
4923 2515
4924 2519
4925 2514
4926 2514
4927 2516
4928 2516
4929 2516
4930 2515
4931 2516
4932 2511
4933 2510
4934 2509
4935 2509
5063 2508
5064 2515
5065 2509
5066 2508
5067 2509
5068 2509
5069 2510
5070 2509
5071 2507
5072 2507
5073 2508
5074 2507
5075 2507
5076 2507
5077 2506
5078 2506
5079 2507
5080 2507
5081 2507
5082 2507
5083 2513
5084 2508
5085 2509
5086 2513
5087 2512
5088 2509
5089 2514
5090 2511
5091 2509
5092 2514
5093 2510
5094 2509
5095 2509
5096 2509
5097 2508
5098 2507
5099 2507
5100 2510
5101 2509
5102 2509
5103 2506
5104 2506
5105 2507
5106 2506
5107 2506
5108 2508
5109 2508
5110 2505
5111 2504
5112 2508
5113 2504
5114 2509
5115 2504
5116 2504
5117 2509
5118 2509
5119 2509
5120 2512
5121 2507
5122 2507
5123 2507
5124 2507
5125 2507
5126 2506
5127 2506
5128 2506
5129 2507
5130 2511
5131 2507
5132 2507
5133 2506
5134 2506
5135 2505
5136 2505
5137 2510
5138 2510
5139 2507
5140 2507
5141 2507
5142 2506
5143 2508
5144 2508
5145 2508
5146 2507
5147 2507
5148 2508
5149 2510
5150 2509
5151 2507
5152 2516
5153 2506
5154 2507
5155 2508
5156 2508
5157 2508
5158 2509
5159 2508
5160 2508
5161 2515
5162 2516
5163 2514
5164 2508
5165 2507
5166 2508
5167 2508
5168 2509
5169 2509
5170 2510
5171 2511
5172 2510
5173 2509
5174 2510
5175 2509
5176 2509
5177 2508
5178 2508
5179 2508
5180 2508
5181 2509
5182 2510
5183 2507
5184 2509
5185 2509
5186 2507
5187 2507
5188 2509
5189 2509
5190 2509
5191 2509
5192 2509
5193 2509
5194 2509
5195 2509
5196 2509
5197 2512
5198 2510
5199 2507
5200 2507
5201 2506
5202 2506
5203 2512
5204 2513
5205 2507
5206 2509
5207 2510
5208 2509
5209 2508
5210 2507
5211 2507
5212 2509
5213 2507
5214 2509
5215 2515
5216 2511
5217 2509
5218 2507
5219 2507
5220 2508
5221 2508
5222 2508
5223 2508
5224 2507
5225 2509
5226 2509
5227 2510
5228 2509
5229 2509
5230 2512
5231 2508
5232 2510
5233 2514
5234 2508
5235 2509
5236 2509
5237 2509
5238 2513
5239 2507
5240 2510
5241 2508
5242 2511
5243 2513
5244 2508
5245 2510
5246 2510
5247 2509
5248 2510
5249 2510
5250 2511
5251 2509
5252 2509
5253 2508
5254 2511
5255 2509
5256 2509
5257 2511
5258 2511
5259 2509
5260 2510
5261 2510
5262 2509
5263 2510
5264 2511
5265 2508
5266 2507
5267 2508
5268 2509
5269 2509
5270 2508
5271 2513
5272 2512
5273 2510
5274 2509
5275 2509
5276 2511
5277 2510
5278 2507
5279 2507
5280 2508
5281 2508
5282 2509
5283 2508
5284 2508
5285 2508
5286 2508
5287 2508
5288 2509
5289 2509
5290 2510
5291 2508
5292 2508
5293 2510
5294 2509
5295 2508
5296 2507
5297 2510
5298 2507
5299 2508
5300 2508
5301 2511
5302 2508
5303 2508
5304 2509
5305 2508
5306 2509
5307 2508
5308 2509
5309 2509
5310 2509
5311 2509
5312 2509
5313 2508
5314 2509
5315 2509
5316 2509
5317 2509
5318 2508
5319 2509
5320 2509
5321 2509
5322 2509
5323 2509
5324 2509
5325 2509
5326 2509
5327 2508
5328 2508
5329 2508
5330 2508
5331 2507
5332 2507
5333 2507
5334 2506
5335 2507
5336 2508
5337 2508
5338 2509
5339 2507
5340 2508
5341 2507
5342 2507
5343 2510
5344 2508
5345 2507
5346 2507
5347 2508
5348 2508
5349 2508
5350 2507
5351 2507
5352 2506
5353 2507
5354 2507
5355 2514
5356 2506
5357 2508
5358 2508
5359 2507
5360 2506
5361 2507
5362 2510
5363 2511
5364 2512
5365 2510
5366 2509
5367 2507
5368 2505
5369 2506
5370 2506
5371 2506
5372 2506
5373 2506
5374 2506
5375 2505
5376 2504
5377 2506
5378 2505
5379 2506
5380 2507
5381 2507
5382 2506
5383 2512
5384 2509
5385 2508
5386 2508
5387 2510
5388 2506
5389 2509
5390 2505
5391 2505
5392 2507
5393 2506
5394 2506
5395 2510
5396 2505
5397 2506
5398 2505
5399 2505
5400 2505
5401 2509
5402 2506
5403 2502
5404 2505
5405 2502
5406 2508
5407 2502
5408 2505
5409 2504
5410 2503
5411 2506
5412 2506
5413 2507
5414 2511
5415 2503
5416 2503
5417 2502
5418 2504
5419 2503
5420 2504
5421 2505
5422 2506
5423 2505
5424 2504
5425 2504
5426 2504
5427 2502
5428 2505
5429 2503
5430 2503
5431 2502
5432 2502
5433 2502
5434 2503
5435 2504
5436 2504
5437 2504
5438 2502
5439 2502
5440 2502
5441 2503
5442 2503
5443 2502
5444 2502
5445 2502
5446 2502
5447 2502
5448 2502
5449 2502
5450 2502
5451 2502
5452 2502
5453 2506
5454 2502
5455 2502
5456 2502
5457 2502
5458 2502
5459 2502
5460 2502
5461 2502
5462 2502
5463 2502
5464 2502
5465 2502
5466 2503
5467 2502
5468 2502
5469 2502
5470 2501
5471 2501
5472 2501
5473 2501
5474 2501
5475 2501
5476 2501
5477 2501
5478 2501
5479 2501
5480 2501
5481 2501
5482 2501
5483 2500
5484 2501
5485 2501
5486 2501
5487 2501
5488 2501
5489 2501
5490 2501
5491 2500
5492 2502
5493 2500
5494 2500
5495 2500
5496 2500
5497 2500
5498 2500
5499 2500
5500 2502
5501 2502
5502 2503
5503 2503
5504 2501
5505 2503
5506 2503
5507 2503
5508 2503
5509 2504
5510 2497
5511 2508
5512 2500
5513 2504
5514 2506
5515 2504
5516 2505
5517 2509
5518 2495
5519 2497
5520 2508
5521 2495
5522 2496
5523 2496
5524 2495
5525 2494
5526 2496
5527 2499
5528 2499
5529 2498
5530 2489
5531 2490
5532 2491
5533 2491
5534 2492
5535 2491
5536 2491
5537 2491
5538 2490
5539 2489
5540 2489
5541 2489
5542 2489
5543 2490
5544 2490
5545 2491
5546 2491
5547 2491
5548 2493
5549 2482
5550 2483
5551 2484
5552 2494
5553 2486
5554 2493
5555 2493
5556 2492
5557 2493
5558 2496
5559 2488
5560 2490
5561 2490
5562 2488
5563 2489
5564 2490
5565 2491
5566 2490
5567 2494
5568 2491
5569 2490
5570 2489
5571 2488
5572 2490
5573 2490
5574 2495
5575 2494
5576 2494
5577 2495
5578 2499
5579 2499
5580 2497
5581 2497
5582 2496
5583 2500
5584 2495
5585 2496
5586 2495
5587 2494
5588 2497
5589 2496
5590 2496
5591 2496
5592 2495
5593 2494
5594 2494
5595 2495
5596 2495
5597 2494
5598 2495
5599 2495
5600 2496
5601 2495
5602 2494
5603 2494
5604 2494
5605 2494
5606 2494
5607 2494
5608 2494
5609 2494
5610 2494
5611 2494
5612 2494
5613 2494
5614 2494
5615 2494
5616 2494
5617 2494
5618 2494
5619 2494
5620 2493
5621 2494
5622 2494
5623 2494
5624 2494
5625 2494
5626 2494
5627 2493
5628 2493
5629 2493
5630 2493
5631 2493
5632 2493
5633 2493
5634 2493
5635 2493
5636 2493
5637 2493
5638 2493
5639 2493
5640 2493
5641 2493
5642 2493
5643 2493
5644 2493
5645 2493
5646 2493
5647 2493
5648 2493
5649 2493
5650 2492
5651 2492
5652 2492
5653 2492
5654 2492
5655 2492
5656 2492
5657 2492
5658 2492
5659 2492
5660 2492
5661 2492
5662 2492
5663 2492
5664 2492
5665 2492
5666 2492
5667 2492
5668 2492
5669 2492
5670 2492
5671 2492
5672 2492
5673 2492
5674 2492
5675 2492
5676 2492
5677 2492
5678 2492
5679 2492
5680 2492
5681 2492
5682 2492
5683 2492
5684 2492
5685 2492
5686 2492
5687 2492
5688 2492
5689 2491
5690 2492
5691 2491
5692 2492
5693 2492
5694 2492
5695 2491
5696 2491
5697 2491
5698 2492
5699 2491
5700 2491
5701 2491
5702 2491
5703 2491
5704 2492
5705 2491
5706 2491
5707 2491
5708 2491
5709 2492
5710 2491
5711 2491
5712 2491
5713 2491
5714 2491
5715 2491
5716 2491
5717 2491
5718 2491
5719 2491
5720 2491
5721 2491
5722 2491
5723 2491
5724 2491
5725 2491
5726 2491
5727 2491
5728 2491
5729 2491
5730 2491
5731 2491
5732 2491
5733 2491
5734 2491
5735 2491
5736 2491
5737 2491
5738 2491
5739 2491
5740 2491
5741 2492
5742 2491
5743 2492
5744 2492
5745 2491
5746 2491
5747 2491
5748 2491
5749 2491
5750 2491
5751 2491
5752 2491
5753 2491
5754 2491
5755 2491
5756 2491
5757 2491
5758 2491
5759 2491
5760 2491
5761 2491
5762 2491
5763 2491
5764 2491
5765 2491
5766 2491
5767 2491
5768 2491
5769 2491

