5 2496
6 2496
7 2496
8 2496
9 2496
10 2497
11 2496
12 2496
13 2496
14 2496
15 2496
16 2496
17 2496
18 2496
19 2496
20 2496
21 2496
22 2496
23 2496
24 2496
25 2496
26 2496
27 2496
28 2496
29 2495
30 2496
31 2495
32 2495
33 2495
34 2495
35 2495
36 2495
37 2495
38 2495
39 2495
40 2495
41 2495
42 2495
43 2495
44 2495
45 2495
46 2495
47 2495
48 2495
49 2495
50 2495
51 2495
52 2495
53 2494
54 2495
55 2495
56 2494
57 2495
58 2495
59 2494
60 2495
61 2495
62 2494
63 2494
64 2494
65 2494
66 2495
67 2496
68 2495
69 2495
70 2494
71 2494
72 2494
73 2494
74 2494
75 2494
76 2493
77 2493
78 2494
79 2494
80 2493
81 2494
82 2493
83 2493
84 2492
85 2492
86 2492
87 2493
88 2493
89 2493
90 2493
91 2493
92 2493
93 2493
94 2493
95 2493
96 2492
97 2492
98 2492
99 2494
100 2492
101 2492
102 2492
103 2491
104 2491
105 2492
106 2492
107 2495
108 2492
109 2494
110 2493
111 2492
112 2492
113 2492
114 2492
115 2492
116 2491
117 2491
118 2491
119 2491
120 2491
121 2491
122 2491
123 2492
124 2491
125 2491
126 2491
127 2491
128 2490
129 2490
130 2490
131 2491
132 2490
133 2490
134 2490
135 2491
136 2491
137 2490
138 2491
139 2491
140 2490
141 2490
142 2490
143 2490
144 2490
145 2490
146 2490
147 2490
148 2490
149 2489
150 2489
151 2489
152 2490
153 2489
154 2489
155 2490
156 2491
157 2494
158 2489
159 2490
160 2489
161 2489
162 2489
163 2489
164 2490
165 2490
166 2489
167 2490
168 2490
169 2490
170 2489
171 2489
172 2489
173 2490
174 2489
175 2489
176 2489
177 2489
178 2489
179 2489
180 2489
181 2489
182 2489
183 2488
184 2488
185 2489
186 2489
187 2488
188 2489
189 2489
190 2489
191 2489
192 2488
193 2488
194 2488
195 2488
196 2489
197 2489
198 2488
199 2488
200 2487
201 2488
202 2488
203 2488
204 2488
205 2488
206 2487
207 2488
208 2488
209 2487
210 2487
211 2487
212 2487
213 2487
214 2487
215 2488
216 2487
217 2487
218 2487
219 2487
220 2487
221 2487
222 2487
223 2487
224 2487
225 2487
226 2487
227 2487
228 2488
229 2487
230 2486
231 2487
232 2487
233 2486
234 2487
235 2487
236 2487
237 2487
238 2487
239 2487
240 2488
241 2487
242 2489
243 2487
244 2487
245 2490
246 2486
247 2486
248 2486
249 2486
250 2487
251 2487
252 2487
253 2487
254 2487
255 2486
256 2486
257 2486
258 2486
259 2486
260 2486
261 2486
262 2487
263 2486
264 2486
265 2486
266 2486
267 2486
268 2486
269 2486
270 2486
271 2486
272 2486
273 2486
274 2486
275 2486
276 2485
277 2485
278 2486
279 2485
280 2486
281 2486
282 2486
283 2485
284 2486
285 2485
286 2485
287 2485
288 2483
289 2482
290 2482
291 2482
292 2482
293 2493
294 2482
295 2482
296 2482
297 2482
298 2482
299 2481
300 2481
301 2481
302 2481
303 2481
304 2481
305 2481
306 2481
307 2481
308 2482
309 2481
310 2481
311 2482
312 2480
313 2480
314 2479
315 2479
316 2479
317 2479
318 2479
319 2479
320 2479
321 2479
322 2479
323 2479
324 2478
325 2478
326 2478
327 2478
328 2478
329 2478
330 2478
331 2478
332 2478
333 2478
334 2478
335 2478
336 2478
337 2478
338 2478
339 2478
340 2478
341 2478
342 2478
343 2478
344 2478
345 2478
346 2478
347 2478
348 2478
349 2478
350 2478
351 2478
352 2478
353 2478
354 2478
355 2478
356 2479
357 2479
358 2479
359 2479
360 2479
361 2479
362 2479
363 2480
364 2480
365 2479
366 2478
367 2479
368 2479
369 2478
370 2478
371 2478
372 2478
373 2478
374 2478
375 2478
376 2478
377 2478
378 2478
379 2478
380 2478
381 2478
382 2478
383 2478
384 2478
385 2478
386 2478
387 2478
388 2478
389 2479
390 2479
391 2479
392 2479
393 2479
394 2479
395 2479
396 2479
397 2480
398 2486
399 2482
400 2483
401 2483
402 2482
403 2482
404 2482
405 2482
406 2482
407 2482
408 2482
409 2482
410 2482
411 2482
412 2482
413 2482
414 2482
415 2482
416 2482
417 2482
418 2482
419 2482
420 2482
421 2482
422 2482
423 2482
424 2482
425 2482
426 2482
427 2481
428 2481
429 2481
430 2481
431 2481
432 2481
433 2481
434 2481
435 2480
436 2481
437 2481
438 2480
439 2480
440 2480
441 2480
442 2483
443 2480
444 2480
445 2480
446 2481
447 2481
448 2480
449 2481
450 2481
451 2481
452 2480
453 2480
454 2480
455 2480
456 2479
457 2479
458 2479
459 2479
460 2479
461 2479
462 2479
463 2479
464 2479
465 2478
466 2478
467 2478
468 2478
469 2478
470 2478
471 2478
472 2478
473 2478
474 2477
475 2477
476 2477
477 2477
478 2477
479 2477
480 2478
481 2477
482 2477
483 2477
484 2477
485 2477
486 2476
487 2477
488 2477
489 2476
490 2476
491 2476
492 2484
493 2477
494 2479
495 2477
496 2477
497 2477
498 2477
499 2478
500 2477
501 2477
502 2477
503 2479
504 2477
505 2477
506 2477
507 2478
508 2478
509 2477
510 2478
511 2481
512 2479
513 2478
514 2477
515 2477
516 2477
517 2477
518 2477
519 2477
520 2477
521 2477
522 2480
523 2479
524 2478
525 2477
526 2477
527 2477
528 2477
529 2478
530 2478
531 2478
532 2478
533 2478
534 2478
535 2477
536 2478
537 2478
538 2477
539 2477
540 2477
541 2477
542 2478
543 2478
544 2478
545 2478
546 2477
547 2475
548 2478
549 2478
550 2475
551 2474
552 2476
553 2477
554 2476
555 2476
556 2476
557 2475
558 2475
559 2475
560 2476
561 2476
562 2477
563 2477
564 2477
565 2477
566 2476
567 2477
568 2477
569 2475
570 2475
571 2475
572 2475
573 2475
574 2474
575 2473
576 2472
577 2473
578 2473
579 2473
580 2472
581 2472
582 2471
583 2471
584 2471
585 2471
586 2471
587 2471
588 2471
589 2470
590 2470
591 2470
592 2470
593 2470
594 2470
595 2470
596 2470
597 2470
598 2470
599 2470
600 2470
601 2470
602 2470
603 2470
604 2470
605 2470
606 2470
607 2470
608 2470
609 2469
610 2470
611 2469
612 2469
613 2470
614 2469
615 2470
616 2469
617 2469
618 2469
619 2470
620 2470
621 2470
622 2470
623 2470
624 2469
625 2469
626 2470
627 2470
628 2469
629 2469
630 2470
631 2469
632 2469
633 2470
634 2469
635 2469
636 2469
637 2470
638 2469
639 2470
640 2470
641 2470
642 2470
643 2470
644 2470
645 2470
646 2470
647 2470
648 2470
649 2470
650 2470
651 2470
652 2471
653 2471
654 2471
655 2471
656 2471
657 2471
658 2471
659 2472
660 2472
661 2471
662 2472
663 2472
664 2475
665 2474
666 2473
667 2473
668 2473
669 2472
670 2473
671 2474
672 2473
673 2473
674 2473
675 2473
676 2472
677 2473
678 2473
679 2473
680 2472
681 2472
682 2473
683 2472
684 2473
685 2473
686 2472
687 2473
688 2473
689 2473
690 2473
691 2473
692 2473
693 2473
694 2474
695 2474
696 2474
697 2474
698 2479
699 2473
700 2471
701 2472
702 2472
703 2471
704 2471
705 2471
706 2471
707 2471
708 2471
709 2471
710 2471
711 2471
712 2471
713 2471
714 2471
715 2471
716 2471
717 2471
718 2471
719 2471
720 2471
721 2471
722 2471
723 2471
724 2471
725 2471
726 2471

283 9999
284 9999
285 9999
286 9999
287 9999
288 9999
289 9999
290 9999
291 9999
292 9999
293 9999
294 9999
295 9999
296 9999
297 9999
298 9999
299 9999
300 9999
301 2493
302 9999
303 9999
304 2495
305 9999
306 9999
307 9999
308 9999
309 9999
310 9999
311 9999
312 9999
313 2493
314 2493
315 2493
316 2499
317 2494
318 2494
319 2494
320 2494
321 2494
322 2494
323 2497
324 2493
325 2494
326 2494
327 2493
328 2493
329 2493
330 2493
331 2494
332 2493
333 2493
334 2494
335 2492
336 2495
337 2495
338 2494
339 2493
340 2493
341 2494
342 2494
343 2493
344 9999
345 2492
346 2493
347 2493
348 2492
349 9999
350 2492
351 9999
352 9999
353 9999
354 2495
355 9999
356 9999
357 2491
358 2498
359 9999
360 9999
361 9999
362 9999
363 9999
364 2492
365 2492
366 2493
367 2493
368 9999
369 9999
370 9999
371 9999
372 9999
373 9999
374 9999
375 9999
376 9999
377 9999
378 9999
379 9999
380 9999
381 9999
382 2493
383 9999
384 9999
385 9999
386 9999
387 9999
388 9999
389 9999
390 9999
391 9999
392 9999
393 9999
394 9999
395 9999
396 9999
397 9999
398 9999
399 9999
400 9999
401 9999
402 9999
403 9999
404 9999
405 9999
406 9999
407 9999
408 9999
409 9999
410 9999
411 9999
412 9999
413 9999
414 9999
415 9999
416 9999
417 9999
418 9999
419 9999
420 9999
421 9999
422 9999
423 9999
424 9999
425 9999
426 9999
427 9999
428 9999
429 9999
430 9999
431 9999
432 9999

