3743 2520
3744 2519
3745 2520
3746 2519
3747 2518
3748 2517
3749 2518
3750 2522
3751 2519
3752 2519
3753 2518
3754 2519
3755 2519
3756 2520
3757 2518
3758 2518
3759 2522
3760 2518
3761 2519
3762 2518
3763 2519
3764 2519
3765 2520
3766 2520
3767 2521
3768 2521
3769 2520
3770 2519
3771 2523
3772 2521
3773 2521
3774 2520
3775 2519
3776 2519
3777 2520
3778 2519
3779 2519
3780 2519
3781 2519
3782 2519
3783 2520
3784 2520
3785 2520
3786 2525
3787 2520
3788 2520
3789 2519
3790 2518
3791 2519
3792 2519
3793 2520
3794 2520
3795 2520
3796 2520
3797 2520
3798 2520
3799 2519
3800 2519
3801 2520
3802 2520
3803 2520
3804 2520
3805 2525
3806 2520
3807 2521
3808 2523
3809 2523
3810 2524
3811 2520
3812 2521
3813 2520
3814 2520
3815 2520
3816 2520
3817 2522
3818 2520
3819 2520
3820 2520
3821 2520
3822 2520
3823 2520
3824 2521
3825 2520
3826 2519
3827 2519
3828 2519
3829 2519
3830 2520
3831 2519
3832 2521
3833 2521
3834 2520
3835 2520
3836 2520
3837 2520
3838 2521
3839 2521
3840 2520
3841 2520
3842 2521
3843 2520
3844 2520
3845 2520
3846 2520
3847 2518
3848 2517
3849 2518
3850 2517
3851 2518
3852 2518
3853 2517
3854 2518
3855 2518
3856 2521
3857 2518
3858 2517
3859 2517
3860 2517
3861 2517
3862 2517
3863 2518
3864 2518
3865 2519
3866 2520
3867 2520
3868 2520
3869 2520
3870 2519
3871 2520
3872 2519
3873 2519
3874 2519
3875 2520
3876 2520
3877 2520
3878 2520
3879 2520
3880 2520
3881 2520
3882 2519
3883 2518
3884 2518
3885 2517
3886 2517
3887 2517
3888 2517
3889 2517
3890 2517
3891 2519
3892 2518
3893 2519
3894 2520
3895 2520
3896 2521
3897 2521
3898 2519
3899 2519
3900 2519
3901 2517
3902 2517
3903 2517
3904 2517
3905 2517
3906 2518
3907 2519
3908 2519
3909 2519
3910 2520
3911 2519
3912 2517
3913 2517
3914 2518
3915 2517
3916 2516
3917 2516
3918 2516
3919 2515
3920 2515
3921 2516
3922 2517
3923 2517
3924 2516
3925 2516
3926 2516
3927 2516
3928 2516
3929 2515
3930 2516
3931 2516
3932 2517
3933 2517
3934 2517
3935 2520
3936 2519
3937 2518
3938 2518
3939 2517
3940 2516
3941 2516
3942 2517
3943 2516
3944 2514
3945 2514
3946 2514
3947 2513
3948 2512
3949 2512
3950 2510
3951 2510
3952 2511
3953 2510
3954 2514
3955 2510
3956 2508
3957 2507
3958 2508
3959 2507
3960 2508
3961 2507
3962 2508
3963 2508
3964 2508
3965 2508
3966 2509
3967 2508
3968 2508
3969 2509
3970 2508
3971 2509
3972 2509
3973 2508
3974 2508
3975 2508
3976 2508
3977 2512
3978 2509
3979 2508
3980 2509
3981 2508
3982 2509
3983 2509
3984 2510
3985 2510
3986 2510
3987 2509
3988 2509
3989 2510
3990 2509
3991 2510
3992 2510
3993 2510
3994 2510
3995 2510
3996 2514
3997 2514
3998 2515
3999 2511
4000 2512
4001 2512
4002 2512
4003 2513
4004 2513
4005 2513
4006 2514
4007 2514
4008 2514
4009 2513
4010 2513
4011 2512
4012 2513
4013 2512
4014 2512
4015 2512
4016 2512
4017 2513
4018 2514
4019 2514
4020 2514
4021 2514
4022 2514
4023 2514
4024 2513
4025 2513
4026 2513
4027 2513
4028 2513
4029 2514
4030 2514
4031 2513
4032 2513
4033 2512
4034 2511
4035 2513
4036 2516
4037 2517
4038 2512
4039 2512
4040 2511
4041 2512
4042 2512
4043 2512
4044 2513
4045 2514
4046 2513
4047 2513
4048 2512
4049 2513
4050 2514
4051 2513
4052 2512
4053 2518
4054 2513
4055 2513
4056 2513
4057 2516
4058 2514
4059 2514
4060 2514
4061 2526
4062 2526
4063 2526
4064 2513
4065 2514
4066 2514
4067 2514
4068 2514
4069 2516
4070 2526
4071 2515
4072 2516
4073 2519
4074 2517
4075 2517
4076 2519
4077 2518
4078 2522
4079 2519
4080 2517
4081 2516
4082 2517
4083 2525
4084 2516
4085 2516
4086 2517
4087 2517
4088 2516
4089 2516
4090 2517
4091 2516
4092 2517
4093 2516
4094 2516
4095 2520
4096 2517
4097 2516
4098 2516
4099 2516
4100 2517
4101 2518
4102 2516
4103 2517
4104 2517
4105 2528
4106 2518
4107 2519
4108 2518
4109 2521
4110 2520
4111 2520
4112 2522
4113 2519
4114 2519
4115 2527
4116 2519
4117 2520
4118 2520
4119 2527
4120 2527
4121 2520
4122 2520
4123 2521
4124 2520
4125 2519
4126 2519
4127 2519
4128 2519
4129 2520
4130 2517
4131 2517
4132 2518
4133 2518
4134 2518
4135 2523
4136 2523
4137 2518
4138 2520
4139 2519
4140 2519
4141 2519
4142 2519
4143 2518
4144 2529
4145 2525
4146 2519
4147 2520
4148 2518
4149 2518
4150 2520
4151 2519
4152 2524
4153 2527
4154 2518
4155 2519
4156 2526
4157 2518
4158 2520
4159 2519
4160 2519
4161 2522
4162 2519
4163 2523
4164 2527
4165 2522
4166 2519
4167 2518
4168 2515
4169 2519
4170 2520
4171 2513
4172 2513
4173 2518
4174 2513
4175 2513
4176 2513
4177 2513
4178 2513
4179 2513
4180 2513
4181 2514
4182 2515
4183 2517
4184 2517
4185 2518
4186 2517
4187 2517
4188 2519
4189 2520
4190 2518
4191 2517
4192 2517
4193 2520
4194 2517
4195 2521
4196 2517
4197 2516
4198 2518
4199 2520
4200 2520
4201 2518
4202 2516
4203 2517
4204 2517
4205 2522
4206 2517
4207 2517
4208 2518
4209 2520
4210 2516
4211 2517
4212 2518
4213 2517
4214 2518
4215 2523
4216 2516
4217 2517
4218 2516
4219 2517
4220 2518
4221 2518
4222 2518
4223 2519
4224 2520
4225 2520
4226 2520
4227 2521
4228 2521
4229 2522
4230 2522
4231 2526
4232 2522
4233 2524
4234 2524
4235 2524
4236 2524
4237 2522
4238 2522
4239 2521
4240 2521
4241 2522
4242 2521
4243 2522
4244 2522
4245 2522
4246 2523
4247 2523
4248 2522
4249 2522
4250 2522
4251 2522
4252 2522
4253 2522
4254 2521
4255 2521
4256 2522
4257 2526
4258 2525
4259 2522
4260 2522
4261 2522
4262 2521
4263 2524
4264 2521
4265 2521
4266 2522
4267 2522
4268 2521
4269 2520
4270 2520
4271 2520
4272 2520
4273 2520
4274 2520
4275 2520
4276 2521
4277 2521
4278 2520
4279 2523
4280 2521
4281 2520
4282 2520
4283 2520
4284 2521
4285 2520
4286 2520
4287 2520
4288 2520
4289 2520
4290 2520
4291 2520
4292 2520
4293 2520
4294 2520
4295 2520
4296 2520
4297 2520
4298 2520
4299 2519
4300 2520
4301 2520
4302 2520
4303 2519
4304 2522
4305 2521
4306 2521
4307 2520
4308 2519
4309 2519
4310 2520
4311 2521
4312 2521
4313 2520
4314 2520
4315 2520
4316 2522
4317 2522
4318 2523
4319 2522
4320 2521
4321 2520
4322 2520
4323 2520
4324 2520
4325 2520
4326 2520
4327 2519
4328 2522
4329 2521
4330 2520
4331 2522
4332 2519
4333 2520
4334 2520
4335 2520
4336 2520
4337 2520
4338 2521
4339 2527
4340 2525
4341 2526
4342 2520
4343 2522
4344 2523
4345 2520
4346 2520
4347 2521
4348 2522
4349 2520
4350 2520
4351 2520
4352 2521
4353 2520
4354 2522
4355 2519
4356 2520
4357 2519
4358 2519
4359 2519
4360 2519
4361 2520
4362 2520
4363 2519
4364 2519
4365 2519
4366 2519
4367 2519
4368 2519
4369 2519
4370 2520
4371 2520
4372 2520
4373 2520
4374 2519
4375 2520
4376 2520
4377 2520
4378 2520
4379 2520
4380 2520
4381 2521
4382 2522
4383 2522
4384 2523
4385 2523
4386 2521
4387 2521
4388 2522
4389 2521
4390 2521
4391 2521
4392 2522
4393 2521
4394 2521
4395 2521
4396 2521
4397 2521
4398 2521
4399 2521
4400 2521
4401 2521
4402 2521
4403 2521
4404 2521
4405 2521
4406 2521
4407 2521
4408 2521
4409 2521
4410 2521
4411 2522
4412 2521
4413 2521
4414 2521
4415 2521
4416 2521
4417 2521
4418 2521
4419 2521
4420 2521
4421 2522
4422 2522
4423 2522
4424 2522
4425 2522
4426 2526
4427 2522
4428 2523
4429 2523
4430 2524
4431 2524
4432 2524
4433 2522
4434 2521
4435 2520
4436 2520
4437 2519
4438 2521
4439 2521
4440 2520
4441 2520
4442 2524
4443 2524
4444 2524
4445 2524
4446 2524
4447 2524
4448 2524
4449 2524
4450 2527
4451 2526
4452 2526
4453 2527
4454 2525
4455 2525
4456 2524
4457 2524
4458 2525
4459 2524
4460 2524
4461 2525
4462 2525
4463 2525
4464 2525
4465 2529
4466 2527
4467 2523
4468 2525
4469 2525
4470 2525
4471 2525
4472 2525
4473 2525
4474 2526
4475 2525
4476 2524
4477 2525
4478 2525
4479 2527
4480 2525
4481 2526
4482 2526
4483 2529
4484 2526
4485 2526
4486 2526
4487 2526
4488 2525
4489 2525
4490 2524
4491 2524
4492 2523
4493 2523
4494 2523
4495 2523
4496 2523
4497 2523
4498 2522
4499 2523
4500 2522
4501 2523
4502 2522
4503 2526
4504 2524
4505 2523
4506 2523
4507 2522
4508 2522
4509 2521
4510 2521
4511 2521
4512 2522
4513 2521
4514 2521
4515 2522
4516 2523
4517 2523
4518 2523
4519 2523
4520 2523
4521 2522
4522 2523
4523 2523
4524 2523
4525 2523
4526 2527
4527 2522
4528 2522
4529 2522
4530 2522
4531 2526
4532 2523
4533 2522
4534 2523
4535 2521
4536 2521
4537 2520
4538 2521
4539 2522
4540 2522
4541 2522
4542 2522
4543 2522
4544 2521
4545 2521
4546 2521
4547 2522
4548 2523
4549 2522
4550 2522
4551 2522
4552 2524
4553 2521
4554 2524
4555 2521
4556 2520
4557 2520
4558 2520
4559 2520
4560 2521
4561 2521
4562 2521
4563 2522
4564 2522
4565 2521
4566 2522
4567 2521
4568 2522
4569 2524
4570 2523
4571 2522
4572 2521
4573 2521
4574 2521
4575 2523
4576 2522
4577 2522
4578 2522
4579 2523
4580 2523
4581 2522
4582 2522
4583 2521
4584 2521
4585 2522
4586 2522
4587 2521
4588 2522
4589 2522
4590 2521
4591 2527
4592 2532
4593 2519
4594 2523
4595 2525
4596 2529
4597 2525
4598 2525
4599 2524
4600 2521
4601 2524
4602 2521
4603 2521
4604 2521
4605 2521
4606 2521
4607 2521
4608 2522
4609 2524
4610 2523
4611 2523
4612 2522
4613 2522
4614 2522
4615 2531
4616 2523
4617 2522
4618 2522
4619 2522
4620 2520
4621 2520
4622 2520
4623 2520
4624 2521
4625 2520
4626 2522
4627 2520
4628 2520
4629 2520
4630 2520
4631 2521
4632 2521
4633 2520
4634 2525
4635 2521
4636 2521
4637 2520
4638 2520
4639 2519
4640 2524
4641 2520
4642 2521
4643 2522
4644 2520
4645 2523
4646 2527
4647 2525
4648 2520
4649 2521
4650 2520
4651 2524
4652 2524
4653 2520
4654 2520
4655 2520
4656 2520
4657 2523
4658 2520
4659 2520
4660 2520
4661 2523
4662 2520
4663 2519
4664 2519
4665 2519
4666 2522
4667 2522
4668 2519
4669 2521
4670 2520
4671 2519
4672 2525
4673 2521
4674 2519
4675 2517
4676 2518
4677 2517
4678 2516
4679 2517
4680 2519
4681 2519
4682 2515
4683 2516
4684 2516
4685 2515
4686 2515
4687 2515
4688 2517
4689 2515
4690 2517
4691 2519
4692 2517
4693 2521
4694 2516
4695 2518
4696 2520
4697 2519
4698 2516
4699 2517
4700 2516
4701 2516
4702 2520
4703 2517
4704 2519
4705 2518
4706 2518
4707 2518
4708 2521
4709 2521
4710 2517
4711 2520
4712 2520
4713 2516
4714 2519
4715 2519
4716 2519
4717 2518
4718 2517
4719 2517
4720 2517
4721 2518
4722 2518
4723 2518
4724 2518
4725 2518
4726 2519
4727 2519
4728 2518
4729 2520
4730 2523
4731 2522
4732 2517
4733 2516
4734 2517
4735 2518
4736 2517
4737 2518
4738 2516
4739 2522
4740 2518
4741 2516
4742 2517
4743 2517
4744 2516
4745 2520
4746 2516
4747 2517
4748 2517
4749 2518
4750 2518
4751 2518
4752 2518
4753 2517
4754 2518
4755 2517
4756 2517
4757 2516
4758 2516
4759 2517
4760 2519
4761 2517
4762 2516
4763 2517
4764 2522
4765 2516
4766 2524
4767 2522
4768 2517
4769 2517
4770 2517
4771 2522
4772 2520
4773 2520
4774 2520
4775 2517
4776 2516
4777 2516
4778 2517
4779 2515
4780 2520
4781 2519
4782 2515
4783 2518
4784 2518
4785 2514
4786 2514
4787 2514
4788 2514
4789 2514
4790 2515
4791 2515
4792 2515
4793 2515
4794 2514
4795 2515
4796 2514
4797 2514
4798 2514
4799 2514
4800 2514
4801 2515
4802 2514
4803 2513
4804 2513
4805 2514
4806 2514
4807 2514
4808 2515
4809 2515
4810 2515
4811 2515
4812 2515
4813 2514
4814 2514
4815 2514
4816 2514
4817 2514
4818 2514
4819 2514
4820 2514
4821 2514
4822 2514
4823 2517
4824 2514
4825 2519
4826 2515
4827 2515
4828 2513
4829 2513
4830 2514
4831 2514
4832 2513
4833 2513
4834 2513
4835 2514
4836 2514
4837 2515
4838 2516
4839 2513
4840 2512
4841 2512
4842 2513
4843 2513
4844 2512
4845 2513
4846 2513
4847 2513
4848 2515
4849 2514
4850 2515
4851 2515
4852 2515
4853 2514
4854 2515
4855 2514
4856 2518
4857 2514
4858 2514
4859 2514
4860 2514
4861 2514
4862 2513
4863 2513
4864 2513
4865 2514
4866 2513
4867 2512
4868 2511
4869 2511
4870 2511
4871 2511
4872 2516
4873 2516
4874 2519
4875 2515
4876 2514
4877 2513
4878 2512
4879 2512
4880 2513
4881 2513
4882 2516
4883 2512
4884 2513
4885 2513
4886 2512
4887 2512
4888 2512
4889 2512
4890 2513
4891 2514
4892 2513
4893 2512
4894 2512
4895 2513
4896 2513
4897 2513
4898 2512
4899 2513
4900 2513
4901 2513
4902 2513
4903 2512
4904 2513
4905 2515
4906 2514
4907 2514
4908 2514
4909 2513
4910 2514
4911 2513
4912 2512
4913 2512
4914 2512
4915 2512
4916 2516
4917 2514
4918 2513
4919 2513
4920 2516
4921 2513
4922 2516
4923 2516
4924 2513
4925 2513
4926 2520
4927 2513
4928 2513
4929 2513
4930 2514
4931 2514
4932 2514
4933 2514
4934 2514
4935 2513
4936 2513
4937 2513
4938 2518
4939 2515
4940 2515
4941 2514
4942 2513
4943 2514
4944 2514
4945 2514
4946 2512
4947 2512
4948 2513
4949 2513
4950 2513
4951 2513
4952 2513
4953 2514
4954 2513
4955 2512
4956 2512
4957 2516
4958 2517
4959 2517
4960 2511
4961 2513
4962 2512
4963 2512
4964 2512
4965 2512
4966 2514
4967 2513
4968 2514
4969 2513
4970 2514
4971 2513
4972 2514
4973 2514
4974 2513
4975 2514
4976 2514
4977 2514
4978 2514
4979 2514
4980 2514
4981 2514
4982 2515
4983 2516
4984 2514
4985 2515
4986 2513
4987 2514
4988 2514
4989 2514
4990 2515
4991 2514
4992 2514
4993 2514
4994 2514
4995 2514
4996 2514
4997 2512
4998 2512
4999 2512
5000 2512
5001 2512
5002 2512
5003 2512
5004 2513
5005 2512
5006 2512
5007 2513
5008 2513
5009 2514
5010 2514
5011 2514
5012 2514
5013 2514
5014 2515
5015 2514
5016 2514
5017 2511
5018 2511
5019 2510
5020 2514
5021 2512
5022 2512
5023 2511
5024 2516
5025 2511
5026 2514
5027 2511
5028 2511
5029 2511
5030 2512
5031 2512
5032 2512
5033 2512
5034 2512
5035 2512
5036 2511
5037 2512
5038 2511
5039 2511
5040 2511
5041 2511
5042 2511
5043 2511
5044 2514
5045 2510
5046 2510
5047 2511
5048 2514
5049 2515
5050 2511
5051 2513
5052 2513
5053 2516
5054 2517
5055 2512
5056 2513
5057 2513
5058 2512
5059 2512
5060 2511
5061 2512
5062 2512
5063 2512
5064 2512
5065 2515
5066 2512
5067 2513
5068 2512
5069 2511
5070 2510
5071 2510
5072 2512
5073 2511
5074 2512
5075 2509
5076 2509
5077 2509
5078 2509
5079 2511
5080 2511
5081 2511
5082 2509
5083 2509
5084 2508
5085 2508
5086 2508
5087 2510
5088 2510
5089 2509
5090 2509
5091 2509
5092 2510
5093 2509
5094 2509
5095 2509
5096 2510
5097 2509
5098 2509
5099 2508
5100 2508
5101 2509
5102 2509
5103 2509
5104 2510
5105 2508
5106 2511
5107 2512
5108 2510
5109 2509
5110 2508
5111 2508
5112 2509
5113 2508
5114 2509
5115 2508
5116 2508
5117 2508
5118 2517
5119 2508
5120 2508
5121 2508
5122 2508
5123 2508
5124 2508
5125 2515
5126 2508
5127 2509
5128 2511
5129 2509
5130 2510
5131 2509
5132 2510
5133 2509
5134 2512
5135 2512
5136 2513
5137 2511
5138 2512
5139 2508
5140 2508
5141 2508
5142 2508
5143 2508
5144 2509
5145 2509
5146 2508
5147 2508
5148 2508
5149 2509
5150 2509
5151 2509
5152 2511
5153 2510
5154 2511
5155 2512
5156 2508
5157 2508
5158 2509
5159 2511
5160 2509
5161 2508
5162 2512
5163 2513
5164 2508
5165 2507
5166 2507
5167 2506
5168 2506
5169 2505
5170 2506
5171 2506
5172 2507
5173 2506
5174 2510
5175 2507
5176 2506
5177 2506
5178 2506
5179 2509
5180 2505
5181 2504
5182 2505
5183 2509
5184 2509
5185 2508
5186 2507
5187 2507
5188 2506
5189 2508
5190 2508
5191 2506
5192 2506
5193 2506
5194 2506
5195 2506
5196 2507
5197 2507
5198 2506
5199 2507
5200 2507
5201 2509
5202 2505
5203 2510
5204 2505
5205 2506
5206 2505
5207 2507
5208 2505
5209 2506
5210 2505
5211 2505
5212 2506
5213 2508
5214 2506
5215 2510
5216 2507
5217 2506
5218 2505
5219 2505
5220 2510
5221 2505
5222 2506
5223 2506
5224 2505
5225 2505
5226 2505
5227 2506
5228 2505
5229 2506
5230 2507
5231 2506
5232 2506
5233 2506
5234 2506
5235 2505
5236 2513
5237 2505
5238 2505
5239 2505
5240 2506
5241 2505
5242 2505
5243 2504
5244 2505
5245 2505
5246 2504
5247 2505
5248 2505
5249 2504
5250 2504
5251 2504
5252 2508
5253 2503
5254 2507
5255 2503
5256 2509
5257 2504
5258 2504
5259 2503
5260 2502
5261 2502
5262 2503
5263 2504
5264 2504
5265 2504
5266 2505
5267 2506
5268 2505
5269 2504
5270 2505
5271 2504
5272 2504
5273 2505
5274 2505
5275 2505
5276 2505
5277 2506
5278 2506
5279 2505
5280 2505
5281 2505
5282 2506
5283 2505
5284 2505
5285 2506
5286 2506
5287 2505
5288 2505
5289 2506
5290 2507
5291 2507
5292 2506
5293 2507
5294 2508
5295 2505
5296 2506
5297 2505
5298 2505
5299 2505
5300 2505
5301 2505
5302 2507
5303 2504
5304 2505
5305 2505
5306 2504
5307 2504
5308 2512
5309 2505
5310 2505
5311 2505
5312 2505
5313 2505
5314 2504
5315 2505
5316 2504
5317 2504
5318 2504
5319 2504
5320 2504
5321 2504
5322 2504
5323 2504
5324 2504
5325 2505
5326 2505
5327 2504
5328 2504
5329 2504
5330 2505
5331 2503
5332 2503
5333 2503
5334 2503
5335 2503
5336 2503

3936 9999
3937 9999
3938 9999
3939 9999
3940 9999
3941 9999
3942 9999
3943 2531
3944 2531
3945 2529
3946 2528
3947 2529
3948 2530
3949 2529
3950 2530
3951 2528
3952 2529
3953 2530
3954 2531
3955 2530
3956 2531
3957 2532
3958 2531
3959 2532
3960 2528
3961 2535
3962 2529
3963 2531
3964 2531
3965 2531
3966 2531
3967 2534
3968 2532
3969 2532
3970 2533
3971 2531
3972 2531
3973 2531
3974 2531
3975 2530
3976 2530
3977 2530
3978 2529
3979 2528
3980 2527
3981 2534
3982 2530
3983 2530
3984 2533
3985 2528
3986 2529
3987 2529
3988 2528
3989 2526
3990 2528
3991 2526
3992 2527
3993 2525
3994 2526
3995 2526
3996 2527
3997 2526
3998 9999
3999 2527
4000 2525
4001 2528
4002 9999
4003 2526
4004 9999
4005 2525
4006 2532
4007 9999
4008 9999
4009 9999
4010 9999
4011 2535
4012 2529
4013 2535
4014 2529
4015 2528
4016 2524
4017 9999
4018 2528
4019 9999
4020 2527
4021 2531
4022 2533
4023 2534
4024 2525
4025 2525
4026 9999
4027 2526
4028 2526
4029 2526
4030 2526
4031 2532
4032 2526
4033 2528
4034 2526
4035 2530
4036 9999
4037 9999
4038 2527
4039 2526
4040 2526
4041 2527
4042 2526
4043 2526
4044 2527
4045 2528
4046 2526
4047 2526
4048 2526
4049 2527
4050 2527
4051 2527
4052 2528
4053 9999
4054 2528
4055 2531
4056 2531
4057 2528
4058 2533
4059 2533
4060 2530
4061 9999
4062 9999
4063 9999
4064 2529
4065 2531
4066 2527
4067 2530
4068 2529
4069 2530
4070 9999
4071 9999
4072 9999
4073 9999
4074 9999
4075 9999
4076 9999
4077 2535
4078 9999
4079 9999
4080 9999
4081 2529
4082 2530
4083 9999
4084 9999
4085 9999
4086 9999
4087 2529
4088 9999
4089 9999
4090 9999
4091 9999
4092 9999
4093 2528
4094 9999
4095 9999
4096 2530
4097 9999
4098 9999
4099 9999
4100 9999
4101 9999
4102 9999
4103 9999
4104 9999
4105 9999
4106 9999
4107 9999
4108 9999
4109 9999

