3 2493
4 2493
5 2493
6 2493
7 2493
8 2493
9 2493
10 2493
11 2493
12 2493
13 2493
14 2493
15 2493
16 2493
17 2493
18 2493
19 2493
20 2493
21 2493
22 2493
23 2493
24 2493
25 2493
26 2492
27 2493
28 2493
29 2493
30 2493
31 2493
32 2493
33 2493
34 2492
35 2492
36 2492
37 2493
38 2492
39 2493
40 2492
41 2495
42 2495
43 2495
44 2492
45 2492
46 2492
47 2492
48 2492
49 2492
50 2492
51 2492
52 2492
53 2492
54 2492
55 2492
56 2492
57 2491
58 2491
59 2491
60 2492
61 2491
62 2491
63 2491
64 2491
65 2492
66 2491
67 2491
68 2491
69 2491
70 2491
71 2491
72 2491
73 2491
74 2491
75 2491
76 2491
77 2491
78 2491
79 2491
80 2491
81 2491
82 2491
83 2491
84 2491
85 2490
86 2491
87 2490
88 2490
89 2490
90 2490
91 2490
92 2490
93 2490
94 2490
95 2490
96 2490
97 2490
98 2489
99 2489
100 2489
101 2489
102 2490
103 2489
104 2489
105 2489
106 2489
107 2489
108 2489
109 2489
110 2488
111 2493
112 2489
113 2490
114 2490
115 2489
116 2488
117 2488
118 2488
119 2488
120 2488
121 2493
122 2490
123 2489
124 2488
125 2488
126 2489
127 2488
128 2488
129 2488
130 2488
131 2488
132 2487
133 2487
134 2488
135 2487
136 2491
137 2488
138 2487
139 2488
140 2488
141 2488
142 2487
143 2487
144 2487
145 2487
146 2488
147 2486
148 2487
149 2488
150 2488
151 2487
152 2487
153 2487
154 2487
155 2488
156 2487
157 2487
158 2487
159 2487
160 2488
161 2487
162 2488
163 2488
164 2488
165 2488
166 2492
167 2487
168 2487
169 2487
170 2487
171 2487
172 2487
173 2487
174 2487
175 2487
176 2486
177 2487
178 2487
179 2487
180 2487
181 2486
182 2486
183 2487
184 2487
185 2491
186 2487
187 2488
188 2488
189 2487
190 2487
191 2491
192 2490
193 2487
194 2487
195 2487
196 2487
197 2487
198 2487
199 2487
200 2488
201 2488
202 2487
203 2487
204 2488
205 2488
206 2488
207 2488
208 2487
209 2487
210 2488
211 2488
212 2488
213 2488
214 2487
215 2487
216 2488
217 2488
218 2488
219 2488
220 2488
221 2488
222 2488
223 2488
224 2488
225 2488
226 2490
227 2487
228 2489
229 2488
230 2488
231 2487
232 2488
233 2488
234 2487
235 2487
236 2488
237 2487
238 2488
239 2488
240 2488
241 2488
242 2488
243 2488
244 2488
245 2489
246 2488
247 2488
248 2488
249 2489
250 2488
251 2488
252 2488
253 2489
254 2489
255 2488
256 2488
257 2488
258 2488
259 2488
260 2485
261 2485
262 2484
263 2485
264 2484
265 2484
266 2484
267 2484
268 2484
269 2484
270 2484
271 2484
272 2484
273 2483
274 2484
275 2484
276 2484
277 2484
278 2483
279 2483
280 2483
281 2483
282 2484
283 2483
284 2483
285 2482
286 2482
287 2482
288 2482
289 2482
290 2482
291 2481
292 2481
293 2481
294 2481
295 2481
296 2481
297 2481
298 2481
299 2481
300 2481
301 2481
302 2481
303 2481
304 2481
305 2481
306 2481
307 2481
308 2480
309 2480
310 2481
311 2481
312 2481
313 2480
314 2480
315 2480
316 2480
317 2480
318 2480
319 2480
320 2480
321 2480
322 2480
323 2480
324 2480
325 2480
326 2480
327 2480
328 2479
329 2479
330 2480
331 2479
332 2480
333 2480
334 2480
335 2480
336 2480
337 2479
338 2479
339 2479
340 2479
341 2479
342 2479
343 2479
344 2479
345 2479
346 2479
347 2479
348 2479
349 2479
350 2479
351 2479
352 2479
353 2479
354 2479
355 2479
356 2479
357 2479
358 2479
359 2479
360 2479
361 2480
362 2480
363 2481
364 2480
365 2480
366 2480
367 2480
368 2480
369 2480
370 2480
371 2480
372 2480
373 2480
374 2480
375 2480
376 2480
377 2480
378 2480
379 2479
380 2479
381 2480
382 2479
383 2479
384 2479
385 2478
386 2479
387 2479
388 2478
389 2478
390 2478
391 2478
392 2478
393 2479
394 2479
395 2478
396 2487
397 2478
398 2477
399 2477
400 2477
401 2476
402 2476
403 2477
404 2477
405 2477
406 2477
407 2477
408 2477
409 2477
410 2477
411 2477
412 2477
413 2477
414 2477
415 2477
416 2477
417 2477
418 2477
419 2477
420 2477
421 2477
422 2477
423 2477
424 2477
425 2477
426 2477
427 2477
428 2476
429 2476
430 2476
431 2476
432 2476
433 2476
434 2476
435 2476
436 2476
437 2476
438 2476
439 2476
440 2476
441 2476
442 2476
443 2476
444 2476
445 2476
446 2476
447 2476
448 2476
449 2476
450 2476
451 2476
452 2476
453 2476
454 2476
455 2476
456 2476
457 2476
458 2476
459 2476
460 2476
461 2476
462 2476
463 2476
464 2476
465 2476
466 2476
467 2476
468 2476
469 2476
470 2476
471 2476
472 2476
473 2476
474 2476
475 2476
476 2476
477 2476
478 2476
479 2476
480 2476
481 2476
482 2476
483 2475
484 2476
485 2476
486 2477
487 2476
488 2476
489 2476
490 2476
491 2477
492 2476
493 2476
494 2476
495 2475
496 2476
497 2475
498 2476
499 2474
500 2475
501 2475
502 2475
503 2475
504 2474
505 2474
506 2474
507 2474
508 2474
509 2474
510 2474
511 2474
512 2475
513 2473
514 2473
515 2473
516 2473
517 2473
518 2473
519 2473
520 2474
521 2472
522 2473
523 2472
524 2472
525 2472
526 2473
527 2473
528 2472
529 2472
530 2472
531 2473
532 2472
533 2472
534 2472
535 2472
536 2472
537 2472
538 2472
539 2472
540 2472
541 2472
542 2472
543 2476
544 2472
545 2472
546 2473
547 2472
548 2473
549 2473
550 2473
551 2473
552 2473
553 2473
554 2473
555 2474
556 2474
557 2474
558 2474
559 2473
560 2473
561 2473
562 2473
563 2473
564 2473
565 2473
566 2472
567 2472
568 2472
569 2472
570 2472
571 2472
572 2472
573 2472
574 2472
575 2472
576 2472
577 2472
578 2472
579 2472
580 2472
581 2472
582 2473
583 2473
584 2476
585 2476
586 2475
587 2477
588 2476
589 2476
590 2481
591 2474
592 2475
593 2481
594 2474
595 2474
596 2476
597 2475
598 2474
599 2475
600 2474
601 2474
602 2473
603 2474
604 2476
605 2476
606 2475
607 2474
608 2477
609 2477
610 2477
611 2476
612 2476
613 2476
614 2476
615 2476
616 2476
617 2478
618 2476
619 2476
620 2478
621 2475
622 2475
623 2475
624 2479
625 2475
626 2477
627 2474
628 2474
629 2474
630 2475
631 2476
632 2475
633 2479
634 2474
635 2474
636 2474
637 2473
638 2473
639 2472
640 2472
641 2472
642 2472
643 2475
644 2472
645 2472
646 2471
647 2472
648 2471
649 2471
650 2471
651 2471
652 2471
653 2471
654 2470
655 2470
656 2469
657 2471
658 2469
659 2469
660 2468
661 2469
662 2468
663 2468
664 2468
665 2468
666 2468
667 2468
668 2468
669 2468
670 2468
671 2468
672 2468
673 2468
674 2468
675 2468
676 2467
677 2467
678 2467
679 2467
680 2467
681 2467
682 2467
683 2467
684 2467
685 2467
686 2467
687 2467
688 2467
689 2467
690 2467
691 2467
692 2467
693 2467
694 2466
695 2466
696 2466
697 2467
698 2466
699 2467
700 2467
701 2466
702 2467
703 2466
704 2466
705 2466
706 2466
707 2466
708 2466
709 2466
710 2466
711 2466
712 2466
713 2466
714 2466
715 2466
716 2465
717 2465
718 2466
719 2466
720 2466
721 2466
722 2466
723 2466
724 2466
725 2465
726 2466
727 2466
728 2465
729 2466
730 2466
731 2465
732 2466
733 2466
734 2465
735 2465
736 2465
737 2466
738 2466
739 2466
740 2465
741 2465
742 2465
743 2465
744 2465
745 2465
746 2465
747 2465
748 2464
749 2465
750 2464
751 2465
752 2464
753 2464
754 2464
755 2465
756 2464
757 2464
758 2465
759 2464
760 2465
761 2465
762 2464
763 2464
764 2464
765 2463
766 2464
767 2463
768 2463
769 2463
770 2463
771 2463
772 2463
773 2463
774 2464
775 2463
776 2463
777 2464
778 2464
779 2464
780 2464
781 2464
782 2464
783 2465
784 2463
785 2465
786 2464
787 2465
788 2464
789 2464
790 2464
791 2464
792 2463
793 2464
794 2464
795 2464
796 2463
797 2464
798 2464
799 2464
800 2462
801 2463
802 2463
803 2463
804 2463
805 2463
806 2462
807 2463
808 2463
809 2464
810 2464
811 2463
812 2464
813 2464
814 2464
815 2463
816 2463
817 2463
818 2464
819 2464
820 2463
821 2464
822 2464
823 2463
824 2463
825 2463
826 2463
827 2463
828 2464
829 2464
830 2464
831 2464
832 2464
833 2464
834 2464
835 2464
836 2464
837 2464
838 2464
839 2465
840 2465
841 2464
842 2465
843 2465
844 2464
845 2464
846 2463
847 2464
848 2464
849 2464
850 2464
851 2465
852 2464
853 2465
854 2464
855 2464
856 2465
857 2465
858 2467
859 2465
860 2465
861 2464
862 2464
863 2464
864 2464
865 2464
866 2464
867 2464
868 2464
869 2464
870 2464
871 2463
872 2463
873 2463
874 2463
875 2463
876 2463
877 2463
878 2463
879 2463
880 2463
881 2463
882 2463
883 2463
884 2464
885 2464
886 2463
887 2463
888 2463
889 2464
890 2464
891 2463
892 2463
893 2463
894 2463
895 2463
896 2463
897 2463
898 2463
899 2463
900 2462
901 2462
902 2462
903 2462
904 2462
905 2462
906 2462
907 2462
908 2462
909 2462
910 2462
911 2462
912 2462
913 2462
914 2462
915 2462
916 2462
917 2462
918 2462
919 2461
920 2462
921 2461
922 2461
923 2461
924 2462
925 2461
926 2461
927 2462
928 2462
929 2461
930 2461
931 2461
932 2460
933 2461
934 2461
935 2460
936 2461
937 2461
938 2460
939 2460
940 2460
941 2460
942 2460
943 2460
944 2460
945 2461
946 2460
947 2460
948 2460
949 2460
950 2461
951 2461
952 2460
953 2461
954 2461
955 2460
956 2460
957 2460
958 2461
959 2460
960 2461
961 2461
962 2460
963 2460
964 2460
965 2460
966 2460
967 2460
968 2460
969 2461
970 2460
971 2460
972 2460
973 2460
974 2460
975 2460
976 2460
977 2460
978 2460
979 2460
980 2460
981 2460
982 2459
983 2459
984 2459
985 2459
986 2460
987 2460
988 2460
989 2459
990 2459
991 2459
992 2459
993 2460
994 2459
995 2459
996 2459
997 2459
998 2459
999 2459
1000 2459
1001 2459
1002 2459
1003 2459
1004 2459
1005 2459
1006 2459
1007 2459
1008 2459
1009 2459
1010 2459
1011 2459
1012 2459
1013 2459
1014 2459
1015 2459
1016 2459
1017 2459
1018 2459
1019 2459
1020 2459
1021 2459
1022 2459
1023 2459
1024 2459
1025 2459
1026 2459
1027 2459
1028 2459
1029 2459
1030 2459
1031 2459
1032 2459
1033 2459
1034 2459
1035 2460
1036 2460
1037 2461
1038 2461
1039 2469
1040 2470
1041 2460
1042 2460
1043 2460
1044 2460
1045 2460
1046 2460
1047 2460
1048 2461
1049 2459
1050 2453
1051 2453
1052 2453
1053 2455
1054 2463
1055 2464
1056 2452
1057 2452
1058 2453
1059 2454
1060 2452
1061 2452
1062 2453
1063 2453
1064 2452
1065 2451
1066 2454
1067 2453
1068 2452
1069 2452
1070 2454
1071 2453
1072 2453
1073 2453
1074 2452
1075 2452
1076 2455
1077 2452
1078 2453
1079 2452
1080 2452
1081 2452
1082 2452
1083 2452
1084 2452
1085 2452
1086 2452
1087 2451
1088 2455
1089 2451
1090 2452
1091 2451
1092 2451
1093 2450
1094 2451
1095 2450
1096 2450
1097 2451
1098 2450
1099 2449
1100 2457
1101 2456
1102 2459
1103 2459
1104 2458
1105 2453
1106 2453
1107 2454
1108 2453
1109 2454
1110 2454
1111 2451
1112 2450
1113 2450
1114 2450
1115 2451
1116 2451
1117 2451
1118 2451
1119 2451
1120 2452
1121 2451
1122 2451
1123 2450
1124 2450
1125 2450
1126 2450
1127 2452
1128 2452
1129 2451
1130 2452
1131 2451
1132 2452
1133 2451
1134 2450
1135 2450
1136 2452
1137 2453
1138 2451
1139 2450
1140 2451
1141 2450
1142 2451
1143 2450
1144 2451
1145 2451
1146 2450
1147 2449
1148 2449
1149 2450
1150 2449
1151 2448
1152 2449
1153 2449
1154 2449
1155 2449
1156 2449
1157 2449
1158 2448
1159 2448
1160 2453
1161 2450
1162 2451
1163 2452
1164 2453
1165 2448
1166 2449
1167 2448
1168 2448
1169 2448
1170 2447
1171 2448
1172 2447
1173 2447
1174 2446
1175 2447
1176 2448
1177 2447
1178 2447
1179 2446
1180 2446
1181 2446
1182 2445
1183 2446
1184 2445
1185 2445
1186 2445
1187 2445
1188 2445
1189 2444
1190 2445
1191 2444
1192 2444
1193 2443
1194 2445
1195 2444
1196 2443
1197 2443
1198 2443
1199 2442
1200 2443
1201 2443
1202 2442
1203 2441
1204 2441
1205 2442
1206 2442
1207 2442
1208 2442
1209 2442
1210 2442
1211 2444
1212 2443
1213 2442
1214 2448
1215 2443
1216 2443
1217 2443
1218 2443
1219 2443
1220 2443
1221 2443
1222 2442
1223 2442
1224 2442
1225 2442
1226 2442
1227 2441
1228 2441
1229 2441
1230 2440
1231 2441
1232 2441
1233 2440
1234 2440
1235 2440
1236 2439
1237 2439
1238 2440
1239 2441
1240 2439
1241 2439
1242 2439
1243 2439
1244 2439
1245 2438
1246 2438
1247 2438
1248 2438
1249 2439
1250 2436
1251 2438
1252 2437
1253 2437
1254 2436
1255 2437
1256 2437
1257 2437
1258 2437
1259 2438
1260 2437
1261 2437
1262 2438
1263 2436
1264 2436
1265 2436
1266 2436
1267 2436
1268 2435
1269 2436
1270 2435
1271 2436
1272 2435
1273 2435
1274 2435
1275 2435
1276 2434
1277 2433
1278 2432
1279 2434
1280 2434
1281 2432
1282 2433
1283 2433
1284 2433
1285 2433
1286 2433
1287 2433
1288 2435
1289 2435
1290 2434
1291 2435
1292 2434
1293 2435
1294 2434
1295 2435
1296 2434
1297 2434
1298 2434
1299 2434
1300 2434
1301 2434
1302 2434
1303 2434
1304 2434
1305 2433
1306 2434
1307 2434
1308 2433
1309 2433
1310 2433
1311 2432
1312 2433
1313 2433
1314 2431
1315 2431
1316 2431
1317 2431
1318 2431
1319 2431
1320 2431
1321 2431
1322 2431
1323 2432
1324 2431
1325 2431
1326 2432
1327 2433
1328 2433
1329 2430
1330 2430
1331 2431
1332 2428
1333 2429
1334 2429
1335 2428
1336 2427
1337 2427
1338 2427
1339 2426
1340 2426
1341 2426
1342 2425
1343 2424
1344 2423
1345 2425
1346 2425
1347 2423
1348 2422
1349 2424
1350 2423
1351 2423
1352 2427
1353 2432
1354 2426
1355 2424
1356 2424
1357 2422
1358 2414
1359 2417
1360 2416
1361 2414
1362 2414
1363 2413
1364 2412
1365 2414
1366 2415
1367 2416
1368 2417
1369 2417
1370 2417
1371 2419
1372 2419
1373 2419
1374 2421
1375 2423
1376 2427
1377 2428
1378 2409
1379 2413
1380 2414
1381 2413
1382 2414
1383 2412
1384 2409
1385 2412
1386 2412
1387 2413
1388 2411
1389 2413
1390 2410
1391 2414
1392 2414
1393 2415
1394 2415

