3 2491
4 2491
5 2490
6 2490
7 2490
8 2490
9 2490
10 2490
11 2490
12 2490
13 2490
14 2490
15 2490
16 2490
17 2490
18 2490
19 2490
20 2490
21 2490
22 2490
23 2489
24 2489
25 2489
26 2490
27 2490
28 2490
29 2490
30 2490
31 2490
32 2490
33 2490
34 2489
35 2490
36 2489
37 2489
38 2489
39 2489
40 2490
41 2489
42 2489
43 2489
44 2489
45 2489
46 2489
47 2489
48 2489
49 2489
50 2489
51 2490
52 2489
53 2489
54 2489
55 2489
56 2489
57 2488
58 2489
59 2489
60 2488
61 2489
62 2489
63 2492
64 2489
65 2489
66 2489
67 2489
68 2489
69 2489
70 2489
71 2489
72 2489
73 2489
74 2489
75 2489
76 2489
77 2489
78 2489
79 2489
80 2489
81 2488
82 2488
83 2488
84 2488
85 2487
86 2487
87 2486
88 2491
89 2486
90 2487
91 2488
92 2488
93 2488
94 2487
95 2489
96 2489
97 2489
98 2489
99 2486
100 2485
101 2485
102 2485
103 2484
104 2484
105 2484
106 2484
107 2484
108 2484
109 2484
110 2484
111 2483
112 2484
113 2483
114 2483
115 2484
116 2483
117 2483
118 2483
119 2483
120 2483
121 2483
122 2483
123 2483
124 2483
125 2483
126 2483
127 2483
128 2483
129 2482
130 2482
131 2482
132 2482
133 2482
134 2482
135 2482
136 2482
137 2482
138 2482
139 2482
140 2482
141 2482
142 2482
143 2482
144 2482
145 2482
146 2482
147 2482
148 2482
149 2482
150 2482
151 2481
152 2481
153 2481
154 2481
155 2481
156 2481
157 2481
158 2481
159 2481
160 2481
161 2481
162 2481
163 2481
164 2481
165 2481
166 2481
167 2481
168 2481
169 2481
170 2481
171 2481
172 2480
173 2480
174 2480
175 2480
176 2480
177 2480
178 2480
179 2480
180 2480
181 2480
182 2480
183 2480
184 2480
185 2480
186 2480
187 2480
188 2480
189 2480
190 2480
191 2480
192 2480
193 2480
194 2480
195 2479
196 2479
197 2479
198 2480
199 2479
200 2479
201 2479
202 2479
203 2479
204 2479
205 2478
206 2478
207 2478
208 2479
209 2478
210 2478
211 2478
212 2478
213 2478
214 2478
215 2478
216 2478
217 2478
218 2478
219 2478
220 2478
221 2478
222 2477
223 2478
224 2478
225 2477
226 2478
227 2477
228 2477
229 2477
230 2477
231 2477
232 2477
233 2477
234 2477
235 2477
236 2477
237 2477
238 2477
239 2477
240 2477
241 2477
242 2477
243 2477
244 2477
245 2477
246 2476
247 2477
248 2477
249 2477
250 2477
251 2477
252 2477
253 2477
254 2476
255 2476
256 2476
257 2476
258 2477
259 2477
260 2476
261 2476
262 2476
263 2476
264 2476
265 2476
266 2477
267 2476
268 2476
269 2476
270 2476
271 2476
272 2476
273 2476
274 2476
275 2476
276 2476
277 2476
278 2476
279 2476
280 2476
281 2476
282 2476
283 2476
284 2476
285 2476
286 2476
287 2476
288 2476
289 2476
290 2476
291 2476
292 2476
293 2476
294 2476
295 2476
296 2474
297 2476
298 2476
299 2476
300 2476
301 2476
302 2476
303 2476
304 2475
305 2475
306 2475
307 2475
308 2475
309 2475
310 2475
311 2475
312 2475
313 2475
314 2475
315 2475
316 2475
317 2475
318 2475
319 2475
320 2475
321 2474
322 2474
323 2474
324 2475
325 2475
326 2475
327 2475
328 2474
329 2475
330 2475
331 2478
332 2475
333 2474
334 2475
335 2475
336 2474
337 2474
338 2475
339 2474
340 2474
341 2474
342 2474
343 2474
344 2474
345 2474
346 2474
347 2474
348 2475
349 2474
350 2474
351 2474
352 2474
353 2474
354 2474
355 2473
356 2474
357 2474
358 2474
359 2474
360 2474
361 2473
362 2473
363 2474
364 2474
365 2474
366 2474
367 2474
368 2473
369 2474
370 2474
371 2474
372 2474
373 2474
374 2474
375 2474
376 2474
377 2474
378 2474
379 2474
380 2474
381 2473
382 2474
383 2473
384 2474
385 2474
386 2474
387 2474
388 2474
389 2474
390 2474
391 2474
392 2474
393 2474
394 2474
395 2474
396 2474
397 2474
398 2474
399 2475
400 2473
401 2474
402 2475
403 2475
404 2473
405 2473
406 2473
407 2474
408 2474
409 2473
410 2473
411 2473
412 2473
413 2473
414 2473
415 2473
416 2473
417 2473
418 2473
419 2473
420 2472
421 2472
422 2472
423 2472
424 2472
425 2472
426 2472
427 2472
428 2472
429 2472
430 2472
431 2472
432 2472
433 2472
434 2472
435 2472
436 2472
437 2472
438 2472
439 2472
440 2472
441 2472
442 2472
443 2472
444 2472
445 2472
446 2472
447 2472
448 2472
449 2472
450 2472
451 2472
452 2472
453 2472
454 2472
455 2472
456 2472
457 2472
458 2472
459 2472
460 2472
461 2472
462 2472
463 2472
464 2473
465 2474
466 2472
467 2472
468 2472
469 2472
470 2471
471 2471
472 2471
473 2471
474 2470
475 2470
476 2470
477 2470
478 2469
479 2469
480 2469
481 2469
482 2469
483 2468
484 2468
485 2468
486 2468
487 2467
488 2467
489 2467
490 2467
491 2467
492 2467
493 2467
494 2467
495 2467
496 2467
497 2467
498 2467
499 2467
500 2467
501 2467
502 2467
503 2467
504 2467
505 2467
506 2467
507 2467
508 2467
509 2467
510 2467
511 2467
512 2467
513 2467
514 2467
515 2467
516 2467
517 2466
518 2467
519 2467
520 2467
521 2467
522 2467
523 2467
524 2467
525 2467
526 2467
527 2467
528 2467
529 2467
530 2467
531 2467
532 2467
533 2467
534 2467
535 2467
536 2467
537 2467
538 2467
539 2467
540 2467
541 2467
542 2467
543 2467
544 2467
545 2467
546 2467
547 2467
548 2467
549 2467
550 2467
551 2467
552 2467
553 2467
554 2467
555 2467
556 2467
557 2467
558 2467
559 2467
560 2467
561 2467
562 2467
563 2467
564 2467
565 2467
566 2467
567 2467
568 2467
569 2467
570 2466
571 2466
572 2467
573 2467
574 2466
575 2466
576 2466
577 2466
578 2466
579 2466
580 2466
581 2466
582 2466
583 2466
584 2466
585 2466
586 2466
587 2466
588 2466
589 2466
590 2466
591 2466
592 2466
593 2466
594 2466
595 2466
596 2466
597 2467
598 2467
599 2467
600 2467
601 2467
602 2467
603 2467
604 2467
605 2467
606 2466
607 2467
608 2467
609 2467
610 2466
611 2466
612 2467
613 2467
614 2467
615 2467
616 2467
617 2467
618 2467
619 2467
620 2467
621 2467
622 2467
623 2467
624 2467
625 2467
626 2467
627 2467
628 2467
629 2466
630 2466
631 2466
632 2467
633 2467
634 2467
635 2467
636 2467
637 2467
638 2467
639 2467
640 2467
641 2467
642 2467
643 2467
644 2467
645 2467
646 2466
647 2467
648 2471
649 2470
650 2469
651 2469
652 2468
653 2480

