3975 2492
3976 2492
3977 2492
3978 2492
3979 2492
3980 2492
3981 2492
3982 2493
3983 2492
3984 2493
3985 2493
3986 2493
3987 2493
3988 2493
3989 2492
3990 2493
3991 2493
3992 2493
3993 2493
3994 2493
3995 2493
3996 2494
3997 2493
3998 2494
3999 2492
4000 2492
4001 2492
4002 2491
4003 2490
4004 2489
4005 2490
4006 2490
4007 2490
4008 2490
4009 2490
4010 2490
4011 2490
4012 2489
4013 2489
4014 2489
4015 2489
4016 2489
4017 2489
4018 2489
4019 2489
4020 2489
4021 2489
4022 2489
4023 2488
4024 2489
4025 2489
4026 2489
4027 2489
4028 2489
4029 2489
4030 2489
4031 2489
4032 2489
4033 2489
4034 2489
4035 2490
4036 2490
4037 2489
4038 2489
4039 2489
4040 2489
4041 2489
4042 2488
4043 2489
4044 2489
4045 2489
4046 2489
4047 2488
4048 2489
4049 2488
4050 2488
4051 2488
4052 2489
4053 2488
4054 2488
4055 2488
4056 2489
4057 2489
4058 2488
4059 2488
4060 2488
4061 2489
4062 2488
4063 2489
4064 2488
4065 2488
4066 2488
4067 2488
4068 2489
4069 2488
4070 2488
4071 2488
4072 2488
4073 2488
4074 2488
4075 2488
4076 2488
4077 2488
4078 2488
4079 2488
4080 2488
4081 2488
4082 2488
4083 2488
4084 2488
4085 2488
4086 2488
4087 2488
4088 2488
4089 2488
4090 2488
4091 2488
4092 2488
4093 2488
4094 2488
4095 2488
4096 2488
4097 2488
4098 2488
4099 2488
4100 2488
4101 2488
4102 2489
4103 2489
4104 2488
4105 2488
4106 2488
4107 2488
4108 2488
4109 2488
4110 2488
4111 2488
4112 2488
4113 2488
4114 2488
4115 2488
4116 2488
4117 2487
4118 2487
4119 2487
4120 2488
4121 2487
4122 2487
4123 2488
4124 2488
4125 2488
4126 2487
4127 2488
4128 2488
4129 2487
4130 2487
4131 2487
4132 2488
4133 2488
4134 2488
4135 2488
4136 2488
4137 2488
4138 2489
4139 2489
4140 2489
4141 2490
4142 2489
4143 2490
4144 2490
4145 2491
4146 2491
4147 2491
4148 2491
4149 2491
4150 2492
4151 2491
4152 2491
4153 2492
4154 2491
4155 2492
4156 2491
4157 2491
4158 2490
4159 2500
4160 2490
4161 2492
4162 2499
4163 2490
4164 2489
4165 2491
4166 2493
4167 2492
4168 2490
4169 2490
4170 2490
4171 2490
4172 2491
4173 2494
4174 2491
4175 2495
4176 2490
4177 2490
4178 2491
4179 2491
4180 2490
4181 2491
4182 2491
4183 2491
4184 2491
4185 2491
4186 2489
4187 2489
4188 2489
4189 2492
4190 2491
4191 2495
4192 2495
4193 2494
4194 2494
4195 2487
4196 2490
4197 2489
4198 2490
4199 2491
4200 2490
4201 2490
4202 2490
4203 2490
4204 2490
4205 2490
4206 2490
4207 2489
4208 2489
4209 2489
4210 2489
4211 2490
4212 2490
4213 2490
4214 2490
4215 2490
4216 2490
4217 2489
4218 2489
4219 2490
4220 2489
4221 2488
4222 2492
4223 2493
4224 2494
4225 2491
4226 2491
4227 2490
4228 2493
4229 2489
4230 2499
4231 2490
4232 2498
4233 2497
4234 2497
4235 2490
4236 2490
4237 2488
4238 2488
4239 2488
4240 2489
4241 2489
4242 2489
4243 2489
4244 2489
4245 2492
4246 2489
4247 2489
4248 2489
4249 2489
4250 2489
4251 2489
4252 2489
4253 2489
4254 2489
4255 2490
4256 2490
4257 2490
4258 2490
4259 2492
4260 2488
4261 2489
4262 2490
4263 2490
4264 2490
4265 2490
4266 2490
4267 2490
4268 2489
4269 2490
4270 2490
4271 2490
4272 2490
4273 2490
4274 2490
4275 2491
4276 2490
4277 2490
4278 2491
4279 2489
4280 2490
4281 2490
4282 2490
4283 2490
4284 2490
4285 2489
4286 2489
4287 2488
4288 2489
4289 2488
4290 2489
4291 2488
4292 2488
4293 2488
4294 2492
4295 2489
4296 2490
4297 2490
4298 2489
4299 2489
4300 2490
4301 2489
4302 2490
4303 2490
4304 2490
4305 2490
4306 2490
4307 2490
4308 2490
4309 2492
4310 2493
4311 2490
4312 2490
4313 2490
4314 2490
4315 2489
4316 2489
4317 2492
4318 2491
4319 2491
4320 2490
4321 2493
4322 2490
4323 2490
4324 2490
4325 2490
4326 2491
4327 2490
4328 2490
4329 2490
4330 2490
4331 2490
4332 2490
4333 2490
4334 2490
4335 2491
4336 2491
4337 2490
4338 2490
4339 2490
4340 2491
4341 2491
4342 2491
4343 2490
4344 2491
4345 2491
4346 2490
4347 2492
4348 2491
4349 2492
4350 2491
4351 2491
4352 2491
4353 2491
4354 2491
4355 2491
4356 2491
4357 2491
4358 2491
4359 2491
4360 2491
4361 2491
4362 2491
4363 2491
4364 2491
4365 2492
4366 2491
4367 2492
4368 2491
4369 2495
4370 2494
4371 2491
4372 2491
4373 2492
4374 2492
4375 2492
4376 2492
4377 2492
4378 2491
4379 2491
4380 2491
4381 2491
4382 2492
4383 2492
4384 2492
4385 2492
4386 2492
4387 2492
4388 2492
4389 2493
4390 2492
4391 2492
4392 2493
4393 2492
4394 2492
4395 2493
4396 2493
4397 2493
4398 2493
4399 2494
4400 2495
4401 2494
4402 2494
4403 2493
4404 2493
4405 2493
4406 2494
4407 2494
4408 2494
4409 2494
4410 2494
4411 2494
4412 2494
4413 2494
4414 2494
4415 2494
4416 2494
4417 2494
4418 2494
4419 2494
4420 2494
4421 2495
4422 2495
4423 2494
4424 2494
4425 2495
4426 2495
4427 2495
4428 2495
4429 2495
4430 2496
4431 2495
4432 2495
4433 2495
4434 2495
4435 2495
4436 2495
4437 2495
4438 2496
4439 2496
4440 2496
4441 2496
4442 2496
4443 2496
4444 2496
4445 2496
4446 2496
4447 2496
4448 2497
4449 2496
4450 2496
4451 2496
4452 2496
4453 2496
4454 2496
4455 2497
4456 2497
4457 2497
4458 2497
4459 2497
4460 2497
4461 2498
4462 2497
4463 2497
4464 2498
4465 2498
4466 2497
4467 2498
4468 2498
4469 2498
4470 2498
4471 2498
4472 2498
4473 2498
4474 2498
4475 2499
4476 2499
4477 2499
4478 2499
4479 2499
4480 2499
4481 2499
4482 2498
4483 2499
4484 2499
4485 2499
4486 2499
4487 2499
4488 2499
4489 2499
4490 2499
4491 2499
4492 2499
4493 2499
4494 2499
4495 2499
4496 2499
4497 2499
4498 2499
4499 2499
4500 2500
4501 2500
4502 2499
4503 2499
4504 2500
4505 2500
4506 2500
4507 2500
4508 2500
4509 2501
4510 2500
4511 2501
4512 2501
4513 2501
4514 2500
4515 2501
4516 2501
4517 2501
4518 2501
4519 2501
4520 2501
4521 2500
4522 2501
4523 2501
4524 2500
4525 2501
4526 2501
4527 2501
4528 2502
4529 2502
4530 2502
4531 2502
4532 2502
4533 2502
4534 2502
4535 2502
4536 2502
4537 2502
4538 2502
4539 2502
4540 2502
4541 2502
4542 2502
4543 2502
4544 2502
4545 2502
4546 2502
4547 2502
4548 2502
4549 2502
4550 2502
4551 2502
4552 2502
4553 2502
4554 2502
4555 2502
4556 2502
4557 2502
4558 2503
4559 2502
4560 2502
4561 2502
4562 2502
4563 2502
4564 2502
4565 2502
4566 2502
4567 2502
4568 2502
4569 2502
4570 2503
4571 2503
4572 2503
4573 2502
4574 2503
4575 2502
4576 2501
4577 2502
4578 2502
4579 2503
4580 2502
4581 2502
4582 2502
4583 2502
4584 2503
4585 2503
4586 2503
4587 2503
4588 2503
4589 2503
4590 2503
4591 2503
4592 2502
4593 2503
4594 2503
4595 2502
4596 2503
4597 2503
4598 2503
4599 2503
4600 2503
4601 2503
4602 2503
4603 2503
4604 2503
4605 2503
4606 2503
4607 2503
4608 2503
4609 2503
4610 2503
4611 2503
4612 2503
4613 2503
4614 2503
4615 2504
4616 2504
4617 2503
4618 2504
4619 2504
4620 2503
4621 2503
4622 2503
4623 2503
4624 2503
4625 2503
4626 2503
4627 2503
4628 2503
4629 2503
4630 2503
4631 2503
4632 2502
4633 2502
4634 2503
4635 2503
4636 2503
4637 2503
4638 2503
4639 2503
4640 2503
4641 2503
4642 2503
4643 2502
4644 2503
4645 2503
4646 2502
4647 2503
4648 2503
4649 2503
4650 2503
4651 2504
4652 2503
4653 2503
4654 2503
4655 2503
4656 2503
4657 2503
4658 2503
4659 2503
4660 2503
4661 2503
4662 2503
4663 2503
4664 2503
4665 2503
4666 2503
4667 2503
4668 2503
4669 2503
4670 2503
4671 2503
4672 2503
4673 2503
4674 2503
4675 2503
4676 2503
4677 2503
4678 2503
4679 2504
4680 2503
4681 2503
4682 2503
4683 2504
4684 2504
4685 2504
4686 2504
4687 2504
4688 2504
4689 2504
4690 2504
4691 2504
4692 2504
4693 2505
4694 2505
4695 2504
4696 2505
4697 2505
4698 2505
4699 2505
4700 2505
4701 2505
4702 2505
4703 2505
4704 2505
4705 2505
4706 2505
4707 2505
4708 2505
4709 2506
4710 2505
4711 2505
4712 2506
4713 2505
4714 2506
4715 2505
4716 2505
4717 2505
4718 2506
4719 2506
4720 2505
4721 2505
4722 2505
4723 2505
4724 2506
4725 2506
4726 2506
4727 2506
4728 2506
4729 2506
4730 2505
4731 2506
4732 2506
4733 2505
4734 2505
4735 2505
4736 2505
4737 2505
4738 2505
4739 2505
4740 2506
4741 2506
4742 2505
4743 2506
4744 2507
4745 2506
4746 2507
4747 2506
4748 2506
4749 2506
4750 2506
4751 2506
4752 2507
4753 2508
4754 2508
4755 2508
4756 2507
4757 2508
4758 2508
4759 2507
4760 2508
4761 2507
4762 2508
4763 2507
4764 2506
4765 2507
4766 2507
4767 2508
4768 2508
4769 2509
4770 2506
4771 2507
4772 2507
4773 2508
4774 2507
4775 2507
4776 2507
4777 2508
4778 2509
4779 2507
4780 2507
4781 2507
4782 2508
4783 2508
4784 2508
4785 2508
4786 2508
4787 2508
4788 2508
4789 2509
4790 2508
4791 2508
4792 2508
4793 2507
4794 2508
4795 2508
4796 2508
4797 2508
4798 2508
4799 2508
4800 2508
4801 2508
4802 2508
4803 2509
4804 2509
4805 2509

4406 2509
4407 2509
4408 2516
4409 2520
4410 2516
4411 2516
4412 2516
4413 2518
4414 2516
4415 2511
4416 2516
4417 2515
4418 2521
4419 2508
4420 2516
4421 2515
4422 2515
4423 2515
4424 2516
4425 2516
4426 2516
4427 2516
4428 2516
4429 2517
4430 2516
4431 2516
4432 2516
4433 2515
4434 2515
4435 2515
4436 2515
4437 2514
4438 2515
4439 2518
4440 2518
4441 2513
4442 2514
4443 2515
4444 2515
4445 2520
4446 2510
4447 2514
4448 2511
4449 2513
4450 9999
4451 2508
4452 2508
4453 2508
4454 2518
4455 2517
4456 2513
4457 2518
4458 2517
4459 2514
4460 2512
4461 2513
4462 2520
4463 2520
4464 2513
4465 2513
4466 2514
4467 9999
4468 2520
4469 2512
4470 9999
4471 9999
4472 2510
4473 2512
4474 2512
4475 2521
4476 9999
4477 9999
4478 9999
4479 9999
4480 2515
4481 2516
4482 2517
4483 2517
4484 9999
4485 9999
4486 2512
4487 9999
4488 9999
4489 2512
4490 2522
4491 2514
4492 2514
4493 9999
4494 2515
4495 2520
4496 2520
4497 2516
4498 2515
4499 2515
4500 9999
4501 2517
4502 2520
4503 2515
4504 9999
4505 2515
4506 2516
4507 9999
4508 9999
4509 2516
4510 9999
4511 9999
4512 9999
4513 2518
4514 2517
4515 2518
4516 2516
4517 2516
4518 2517
4519 2514
4520 2513
4521 2513
4522 2518
4523 2518
4524 2517
4525 2514
4526 2518
4527 2517
4528 2516
4529 2515
4530 2515
4531 2516
4532 9999
4533 9999
4534 9999
4535 2518
4536 9999
4537 9999
4538 2518
4539 2517
4540 9999
4541 2517
4542 2518
4543 2518
4544 2518
4545 9999
4546 2516
4547 2519
4548 2517
4549 2520
4550 2519
4551 2519
4552 2519
4553 2519
4554 2514
4555 2519
4556 2517
4557 2518
4558 2519
4559 2519
4560 2521
4561 2518
4562 2519
4563 2519
4564 2519
4565 2518
4566 9999
4567 9999
4568 2521
4569 9999
4570 9999
4571 2516
4572 2516
4573 2518
4574 2517
4575 2521
4576 2513
4577 2517
4578 2518
4579 2516
4580 2520
4581 2520
4582 9999
4583 9999
4584 2519
4585 9999
4586 9999
4587 2520
4588 9999
4589 9999
4590 9999
4591 9999
4592 9999
4593 9999
4594 9999
4595 9999
4596 9999
4597 9999
4598 9999
4599 9999
4600 9999
4601 9999
4602 9999
4603 9999
4604 9999
4605 9999
4620 9999
4621 9999
4622 9999
4623 9999
4624 9999
4625 9999
4626 9999
4627 9999
4628 9999
4629 2520
4630 9999
4631 9999
4632 9999
4633 9999
4634 2522
4635 9999
4636 9999
4637 9999
4638 9999
4639 2518
4640 2517
4641 9999
4642 2521
4643 2519
4644 2519
4645 2520
4646 9999
4647 9999
4648 9999
4649 2523
4650 9999
4651 2521
4652 2519
4653 2523
4654 2519
4655 2525
4656 2521
4657 2521
4658 9999
4659 9999
4660 9999
4661 2515
4662 2515
4663 2521
4664 2521
4665 2521
4666 2526
4667 2521
4668 2522
4669 2522
4670 2522
4671 2520
4672 2520
4673 2521
4674 2521
4675 2530
4676 2522
4677 2524
4678 2519
4679 2516
4680 2525
4681 2521
4682 2521
4683 2522
4684 2516
4685 2522
4686 2523
4687 2524
4688 2524
4689 2523
4690 2520
4691 2516
4692 2516
4693 2517
4694 2522
4695 2517
4696 9999
4697 2524
4698 2517
4699 2521
4700 9999
4701 2524
4702 2517
4703 2523
4704 2527
4705 2526
4706 9999
4707 9999
4708 9999
4709 9999
4710 2520
4711 9999
4712 2523
4713 2520
4714 2525
4715 2520
4716 9999
4717 2517
4718 9999
4719 2528
4720 9999
4721 9999
4722 2523
4723 2518
4724 9999
4725 9999
4726 9999
4727 2525
4728 2521
4729 9999
4730 2521
4731 9999
4732 9999
4733 2526
4734 2519
4735 9999
4736 2523
4737 2529
4738 9999
4739 2527
4740 9999
4741 2521
4742 2520
4743 2523
4744 2525
4745 9999
4746 9999
4747 9999
4748 9999
4749 9999
4750 9999
4751 9999
4752 9999
4753 9999
4754 9999
4755 9999
4756 9999
4757 9999
4758 9999
4759 9999
4760 9999
4761 2528
4762 9999
4763 9999
4764 9999
4765 9999
4766 9999
4767 9999
4768 9999
4769 9999
4770 9999
4771 9999
4772 9999
4773 9999
4774 2522
4775 2523
4776 2523
4777 2523
4778 2523
4779 9999
4780 9999
4781 9999
4782 2524
4783 2524
4784 2523
4785 9999
4786 2523
4787 9999
4788 9999
4789 9999
4790 2522
4791 9999
4792 9999
4793 2522
4794 9999
4795 2523
4796 2523
4797 9999
4798 2523
4799 9999
4800 9999

