6 2493
7 2493
8 2493
9 2493
10 2493
11 2493
12 2493
13 2493
14 2493
15 2492
16 2493
17 2493
18 2493
19 2492
20 2493
21 2493
22 2493
23 2493
24 2493
25 2493
26 2494
27 2493
28 2493
29 2493
30 2494
31 2493
32 2493
33 2493
34 2493
35 2493
36 2493
37 2493
38 2494
39 2493
40 2494
41 2494
42 2493
43 2494
44 2495
45 2494
46 2494
47 2494
48 2494
49 2494
50 2494
51 2494
52 2494
53 2494
54 2494
55 2495
56 2495
57 2495
58 2494
59 2494
60 2494
61 2494
62 2494
63 2494
64 2494
65 2495
66 2498
67 2494
68 2495
69 2495
70 2494
71 2494
72 2494
73 2494
74 2494
75 2494
76 2493
77 2493
78 2493
79 2493
80 2493
81 2493
82 2493
83 2493
84 2493
85 2497
86 2492
87 2492
88 2492
89 2493
90 2493
91 2492
92 2492
93 2492
94 2492
95 2492
96 2492
97 2492
98 2492
99 2492
100 2492
101 2492
102 2492
103 2492
104 2492
105 2492
106 2492
107 2492
108 2492
109 2492
110 2492
111 2492
112 2492
113 2491
114 2491
115 2491
116 2492
117 2491
118 2492
119 2492
120 2492
121 2492
122 2492
123 2492
124 2492
125 2492
126 2492
127 2492
128 2492
129 2491
130 2491
131 2491
132 2492
133 2492
134 2492
135 2491
136 2491
137 2492
138 2491
139 2491
140 2491
141 2491
142 2491
143 2491
144 2492
145 2491
146 2491
147 2491
148 2491
149 2491
150 2491
151 2491
152 2491
153 2491
154 2491
155 2491
156 2491
157 2491
158 2491
159 2494
160 2492
161 2493
162 2491
163 2491
164 2491
165 2491
166 2491
167 2491
168 2491
169 2491
170 2491
171 2491
172 2491
173 2490
174 2490
175 2490
176 2491
177 2491
178 2491
179 2491
180 2491
181 2491
182 2490
183 2491
184 2491
185 2491
186 2491
187 2491
188 2491
189 2491
190 2491
191 2490
192 2490
193 2491
194 2490
195 2490
196 2491
197 2493
198 2492
264 2489
265 2489
266 2489
267 2489
268 2489
269 2489
270 2489
271 2488
272 2487
273 2487
274 2495
275 2494
276 2490
277 2488
278 2489
279 2489
280 2489
281 2489
282 2488
283 2489
284 2489
285 2488
286 2488
287 2488
288 2489
289 2489
290 2489
291 2489
292 2489
293 2489
294 2489
295 2489
296 2489
297 2489
298 2489
299 2489
300 2489
301 2488
302 2488
303 2489
304 2489
305 2489
306 2488
307 2488
308 2488
309 2488
310 2488
311 2489
312 2488
313 2488
314 2488
315 2488
316 2488
317 2488
318 2488
319 2488
320 2488
321 2488
322 2488
323 2488
324 2488
325 2488
326 2488
327 2488
328 2488
329 2488
330 2488
331 2488
332 2488
333 2488
334 2488
335 2488
336 2488
337 2488
338 2488
339 2488
340 2487
341 2488
342 2488
343 2488
344 2487
345 2487
346 2488
347 2487
348 2487
349 2487
350 2487
351 2487
352 2487
353 2487
354 2487
355 2487
356 2487
357 2487
358 2487
359 2487
360 2487
361 2487
362 2487
363 2487
364 2487
365 2487
366 2487
367 2487
368 2487
369 2487
370 2487
371 2487
372 2487
373 2487
374 2487
375 2487
376 2487
377 2487
378 2487
379 2487
380 2487
381 2487
382 2487
383 2487
384 2487
385 2487
386 2487
387 2487
388 2487
389 2487
390 2487
391 2487
392 2487
393 2486
394 2486
395 2486
396 2486
397 2486
398 2486
399 2486
400 2486
401 2486
402 2486
403 2486
404 2486
405 2486
406 2486
407 2486
408 2486
409 2486
410 2486
411 2486
412 2486
413 2486
414 2486
415 2486
416 2486
417 2486
418 2486
419 2486
420 2486
421 2486
422 2486
423 2486
424 2486
425 2486
426 2486
427 2486
428 2486
429 2486
430 2486
431 2486
432 2486
433 2486
434 2486
435 2486
436 2486
437 2486
438 2486
439 2486
440 2486
441 2486
442 2486
443 2486
444 2486
445 2486
446 2485
447 2486
448 2485
449 2486
450 2486
451 2486
452 2485
453 2485
454 2485
455 2485
456 2485
457 2485
458 2485
459 2485
460 2485
461 2485
462 2485
463 2485
464 2485
465 2485
466 2485
467 2485
468 2485
469 2485
470 2485
471 2485
472 2485
473 2485
474 2485
475 2485
476 2485
477 2485
478 2485
479 2485
480 2485
481 2485
482 2485
483 2485
484 2485
485 2485
486 2485
487 2485
488 2485
489 2485
490 2485
491 2485
492 2485
493 2485
494 2485
495 2485
496 2485
497 2485
498 2485
499 2485
500 2485
501 2485
502 2485
503 2485
504 2485
505 2484
506 2485
507 2485
508 2485
509 2484
510 2485
511 2485
512 2485
513 2485
514 2485
515 2485
516 2485
517 2485
518 2485
519 2485
520 2485
521 2485
522 2485
523 2485
524 2485
525 2485
526 2485
527 2485
528 2485
529 2485
530 2485
531 2485
532 2485
533 2485
534 2485
535 2485
536 2485
537 2485
538 2485
539 2485
540 2485
541 2485
542 2485
543 2485
544 2485
545 2485
546 2485
547 2485
548 2485
549 2485
550 2485
551 2485
552 2485
553 2485
554 2485
555 2485
556 2485
557 2485
558 2485
559 2485
560 2485
561 2485
562 2485
563 2485
564 2485
565 2485
566 2484
567 2485
568 2485
569 2485
570 2485
571 2485
572 2485
573 2485
574 2485
575 2485
576 2485
577 2485
578 2485
579 2485
580 2485
581 2485
582 2485
583 2485
584 2485
585 2485
586 2485
587 2485
588 2485
589 2485
590 2485
591 2485
592 2485
593 2485
594 2485
595 2485
596 2485
597 2485
598 2485
599 2485
600 2485
601 2485
602 2485
603 2485
604 2485
605 2485
606 2486
607 2485
608 2485
609 2485
610 2485
611 2485
612 2485
613 2486
614 2489
615 2485
616 2485
617 2485
618 2485
619 2486
620 2486
621 2486
622 2486
623 2486
624 2486
625 2485
626 2485
627 2485
628 2486
629 2485
630 2486
631 2486
632 2487
633 2486
634 2486
635 2486
636 2486
637 2486
638 2486
639 2486
640 2486
641 2486
642 2486
643 2485
644 2486
645 2486
646 2487
647 2485
648 2485
649 2486
650 2486
651 2486
652 2486
653 2486
654 2486
655 2485
656 2486
657 2485
658 2485
659 2489
660 2490
661 2485
662 2486
663 2486
664 2486
665 2486
666 2486
667 2486
668 2487
669 2486
670 2486
671 2486
672 2486
673 2486
674 2485
675 2488
676 2486
677 2486
678 2486
679 2486
680 2486
681 2486
682 2487
683 2486
684 2487
685 2487
686 2487
687 2487
688 2487
689 2487
690 2487
691 2487
692 2487
693 2487
694 2486
695 2487
696 2486
697 2487
698 2487
699 2487
700 2487
701 2487
702 2487
703 2486
704 2487
705 2486
706 2488
707 2487
708 2487
709 2487
710 2487
711 2487
712 2487
713 2488
714 2487
715 2488
716 2487
717 2487
718 2487
719 2488
720 2488
721 2487
722 2488
723 2488
724 2488
725 2488
726 2488
727 2488
728 2488
729 2488
730 2488
731 2488
732 2488
733 2488
734 2488
735 2488
736 2488
737 2488
738 2488
739 2488
740 2488
741 2488
742 2488
743 2488
744 2488
745 2488
746 2488
747 2489
748 2488
749 2489
750 2489
751 2489
752 2489
753 2489
754 2488
755 2488
756 2488
757 2489
758 2489
759 2489
760 2489
761 2489
762 2489
763 2488
764 2489
765 2489
766 2489
767 2489
768 2489
769 2489
770 2489
771 2489
772 2489
773 2489
774 2489
775 2489
776 2489
777 2489
778 2488
779 2489
780 2489
781 2489
782 2488
783 2489
784 2488
785 2489
786 2489
787 2489
788 2489
789 2489
790 2489
791 2489
792 2489
793 2492
794 2489
795 2489
796 2489
797 2489
798 2489
799 2490
800 2488
801 2490
802 2490
803 2496
804 2489
805 2489
806 2488
807 2489
808 2489
809 2489
810 2489
811 2488
812 2489
813 2489
814 2489
815 2489
816 2490
817 2489
818 2489
819 2489
820 2489
821 2489
822 2489
823 2489
824 2489
825 2489
826 2490
827 2489
828 2488
829 2489
830 2489
831 2489
832 2489
833 2489
834 2489
835 2489
836 2489
837 2489
838 2489
839 2489
840 2489
841 2490
842 2489
843 2489
844 2489
845 2490
846 2489
847 2489
848 2489
849 2489
850 2489
851 2489
852 2489
853 2489
854 2489
855 2489
856 2489
857 2489
858 2489
859 2489
860 2489
861 2489
862 2489
863 2489
864 2489
865 2489
866 2489
867 2489
868 2489
869 2489
870 2489
871 2489
872 2489
873 2489
874 2489
875 2489
876 2489
877 2489
878 2489
879 2489
880 2489
881 2489
882 2489
883 2489
884 2489
885 2489
886 2489
887 2489
888 2489
889 2489
890 2489
891 2489
892 2489
893 2489
894 2488
895 2488
896 2489
897 2489
898 2489
899 2489
900 2489
901 2489
902 2489
903 2489
904 2489
905 2488
906 2489
907 2489
908 2489
909 2489
910 2489
911 2489
912 2489
913 2489
914 2489
915 2489
916 2489
917 2489
918 2489
919 2489
920 2489
921 2490
922 2489
923 2488
924 2490
925 2489
926 2489
927 2489
928 2489
929 2489
930 2489
931 2489
932 2489
933 2489
934 2489
935 2489
936 2489
937 2489
938 2489
939 2490
940 2489
941 2490
942 2489
943 2490
944 2489
945 2489
946 2489
947 2489
948 2489
949 2489
950 2489
951 2489
952 2489
953 2489
954 2489
955 2489
956 2489
957 2489
958 2489
959 2489
960 2489
961 2489
962 2489
963 2489
964 2488
965 2489
966 2489
967 2489
968 2489
969 2489
970 2489
971 2489
972 2489
973 2489
974 2489
975 2489
976 2489
977 2489
978 2489
979 2489
980 2489
981 2489
982 2489
983 2489
984 2489
985 2489
986 2489
987 2489
988 2489
989 2489
990 2489
991 2489
992 2489
993 2489
994 2489
995 2489
996 2489
997 2488
998 2489
999 2489
1000 2489
1001 2489
1002 2489
1003 2489
1004 2489
1005 2489
1006 2489
1007 2489
1008 2489
1009 2489
1010 2489
1011 2489
1012 2489
1013 2489
1014 2489
1015 2489
1016 2490
1017 2493
1018 2493
1019 2489
1020 2489
1021 2489
1022 2489
1023 2489
1024 2489
1025 2489
1026 2489
1027 2489
1028 2489
1029 2489
1030 2489
1031 2489
1032 2489
1033 2488
1034 2488
1035 2489
1036 2488
1037 2488
1038 2488
1039 2488
1040 2488
1041 2488
1042 2488
1043 2488
1044 2488
1045 2488
1046 2488
1047 2488
1048 2488
1049 2488
1050 2487
1051 2488
1052 2488
1053 2488
1054 2488
1055 2488
1056 2488
1057 2488
1058 2487
1059 2488
1060 2492
1061 2487
1062 2487
1063 2487
1064 2487
1065 2491
1066 2491
1067 2487
1068 2487
1069 2487
1070 2487
1071 2487
1072 2487
1073 2488
1074 2488
1075 2488
1076 2489
1077 2488
1078 2488
1079 2488
1080 2490
1081 2486
1082 2492
1083 2487
1084 2491
1085 2491
1086 2488
1087 2490
1088 2488
1089 2488
1090 2488
1091 2488
1092 2487
1093 2487
1094 2490
1095 2491
1096 2487
1097 2487
1098 2487
1099 2487
1100 2487
1101 2487
1102 2487
1103 2487
1104 2488
1105 2487
1106 2487
1107 2488
1108 2487
1109 2487
1110 2487
1111 2487
1112 2487
1113 2487
1114 2488
1115 2488
1116 2488
1117 2487
1118 2487
1119 2487
1120 2487
1121 2488
1122 2488
1123 2487
1124 2488
1125 2488
1126 2488
1127 2488
1128 2488
1129 2488
1130 2488
1131 2488
1132 2488
1133 2488
1134 2488
1135 2488
1136 2488
1137 2488
1138 2488
1139 2488
1140 2488
1141 2488
1142 2488
1143 2488
1144 2488
1145 2488
1146 2488
1147 2488
1148 2488
1149 2488
1150 2488
1151 2488
1152 2488
1153 2488
1154 2488
1155 2488
1156 2488
1157 2488
1158 2488
1159 2488
1160 2488
1161 2488
1162 2488
1163 2488
1164 2488
1165 2488
1166 2488
1167 2488
1168 2488
1169 2488
1170 2489
1171 2489
1172 2489
1173 2488
1174 2489
1175 2489
1176 2489
1177 2489
1178 2489
1179 2489
1180 2488
1181 2488
1182 2488
1183 2488
1184 2489
1185 2488
1186 2488
1187 2488
1188 2488
1189 2488
1190 2488
1191 2488
1192 2488
1193 2488
1194 2488
1195 2488
1196 2488
1197 2488
1198 2488
1199 2488
1200 2488
1201 2488
1202 2488
1203 2488
1204 2487
1205 2487
1206 2487
1207 2487
1208 2487
1209 2487
1210 2487
1211 2487
1212 2487
1213 2487
1214 2487
1215 2487
1216 2487
1217 2487
1218 2487
1219 2487
1220 2487
1221 2487
1222 2487
1223 2487
1224 2487
1225 2487
1226 2486
1227 2487
1228 2487
1229 2486
1230 2486
1231 2487
1232 2487
1233 2487
1234 2486
1235 2486
1236 2486
1237 2486
1238 2486
1239 2486
1240 2486
1241 2486
1242 2486
1243 2486
1244 2486
1245 2486
1246 2486
1247 2486
1248 2486
1249 2486
1250 2486
1251 2486
1252 2486
1253 2486
1254 2485
1255 2486
1256 2486
1257 2485
1258 2486
1259 2486
1260 2486
1261 2485
1262 2486
1263 2485
1264 2485
1265 2485
1266 2485
1267 2485
1268 2485
1269 2485
1270 2485
1271 2485
1272 2485
1273 2485
1274 2485
1275 2485
1276 2485
1277 2485
1278 2485
1279 2485
1280 2484
1281 2485
1282 2485
1283 2484
1284 2484
1285 2484
1286 2484
1287 2484
1288 2484
1289 2484
1290 2484
1291 2484
1292 2484
1293 2484
1294 2484
1295 2484
1296 2484
1297 2484
1298 2483
1299 2483
1300 2483
1301 2483
1302 2483
1303 2483
1304 2483
1305 2483
1306 2483
1307 2484
1308 2484
1309 2484
1310 2483
1311 2483
1312 2483
1313 2483
1314 2483
1315 2483
1316 2483
1317 2483
1318 2483
1319 2483
1320 2483
1321 2483
1322 2483
1323 2483
1324 2483
1325 2483
1326 2483
1327 2483
1328 2483
1329 2483
1330 2482
1331 2483
1332 2482
1333 2482
1334 2482
1335 2482
1336 2482
1337 2482
1338 2482
1339 2482
1340 2482
1341 2482
1342 2482
1343 2482
1344 2482
1345 2482
1346 2481
1347 2482
1348 2482
1349 2481
1350 2481
1351 2481
1352 2482
1353 2481
1354 2481
1355 2481
1356 2481
1357 2481
1358 2481
1359 2481
1360 2481
1361 2481
1362 2481
1363 2481
1364 2481
1365 2481
1366 2481
1367 2481
1368 2481
1369 2481
1370 2481
1371 2481
1372 2481
1373 2481
1374 2480
1375 2479
1376 2479
1377 2479
1378 2479
1379 2480
1380 2480
1381 2480
1382 2481
1383 2481
1384 2481
1385 2481
1386 2481
1387 2481
1388 2482
1389 2482
1390 2482
1391 2482
1392 2482
1393 2482
1394 2482
1395 2482
1396 2481
1397 2482
1398 2481
1399 2481
1400 2481
1401 2481
1402 2481
1403 2481
1404 2481
1405 2481
1406 2481
1407 2481
1408 2481
1409 2481
1410 2481
1411 2481
1412 2481
1413 2481
1414 2481
1415 2481
1416 2481
1417 2480
1418 2481
1419 2480
1420 2480
1421 2481
1422 2480
1423 2480
1424 2480
1425 2480
1426 2481
1427 2480
1428 2480
1429 2480
1430 2480
1431 2480
1432 2480
1433 2480
1434 2480
1435 2480
1436 2480
1437 2480
1438 2480
1439 2480
1440 2480
1441 2480
1442 2480
1443 2480
1444 2480
1445 2480
1446 2480
1447 2480
1448 2480
1449 2480
1450 2480
1451 2479
1452 2480
1453 2480
1454 2480
1455 2479
1456 2480
1457 2479
1458 2479
1459 2479
1460 2479
1461 2479
1462 2479
1463 2479
1464 2479
1465 2479
1466 2479
1467 2479
1468 2479
1469 2479
1470 2479
1471 2479
1472 2479
1473 2479
1474 2480
1475 2479
1476 2479
1477 2479
1478 2479
1479 2479
1480 2479
1481 2479
1482 2479
1483 2479
1484 2479
1485 2479
1486 2479
1487 2479
1488 2479
1489 2479
1490 2479
1491 2479
1492 2479
1493 2479
1494 2479
1495 2479
1496 2479
1497 2479
1498 2479
1499 2479
1500 2479
1501 2478
1502 2479
1503 2479
1504 2479
1505 2478
1506 2479
1507 2479
1508 2479
1509 2479
1510 2479
1511 2479
1512 2479
1513 2478
1514 2478
1515 2478
1516 2478
1517 2478
1518 2478
1519 2478
1520 2478
1521 2478
1522 2478
1523 2478
1524 2478
1525 2478
1526 2478
1527 2478
1528 2478
1529 2478
1530 2478
1531 2478
1532 2478
1533 2478
1534 2478
1535 2478
1536 2478
1537 2478
1538 2478
1539 2478
1540 2478
1541 2478
1542 2478
1543 2478
1544 2478
1545 2478
1546 2477
1547 2478
1548 2477
1549 2478
1550 2478
1551 2477
1552 2477
1553 2477
1554 2477
1555 2477
1556 2477
1557 2477
1558 2477
1559 2477
1560 2477
1561 2477
1562 2477
1563 2477
1564 2477
1565 2477
1566 2477
1567 2477
1568 2477
1569 2477
1570 2477
1571 2476
1572 2477
1573 2477
1574 2477
1575 2477
1576 2477
1577 2476
1578 2476
1579 2476
1580 2476
1581 2476
1582 2476
1583 2476
1584 2476
1585 2476
1586 2476
1587 2476
1588 2476
1589 2476
1590 2476
1591 2476
1592 2476
1593 2476
1594 2476
1595 2476
1596 2476
1597 2476
1598 2476
1599 2476
1600 2476
1601 2476
1602 2476
1603 2476
1604 2476
1605 2476
1606 2475
1607 2475
1608 2475
1609 2475
1610 2475
1611 2476
1612 2475
1613 2475
1614 2475
1615 2475
1616 2475
1617 2475
1618 2475
1619 2475
1620 2475
1621 2475
1622 2475
1623 2475
1624 2475
1625 2475
1626 2475
1627 2475
1628 2475
1629 2475
1630 2475
1631 2475
1632 2475
1633 2475
1634 2475
1635 2475
1636 2474
1637 2475
1638 2474
1639 2474
1640 2474
1641 2475
1642 2475
1643 2474
1644 2474
1645 2474
1646 2475
1647 2474
1648 2474
1649 2474
1650 2474
1651 2474
1652 2474
1653 2474
1654 2474
1655 2473
1656 2473
1657 2473
1658 2473
1659 2473
1660 2473
1661 2473
1662 2473
1663 2473
1664 2473
1665 2474
1666 2473
1667 2473
1668 2473
1669 2473
1670 2473
1671 2473
1672 2473
1673 2473
1674 2473
1675 2473
1676 2473
1677 2473
1678 2472
1679 2473
1680 2473
1681 2473
1682 2473
1683 2473
1684 2472
1685 2472
1686 2472
1687 2473
1688 2473
1689 2472
1690 2472
1691 2473
1692 2473
1693 2473
1694 2473
1695 2473
1696 2473
1697 2473
1698 2473
1699 2473
1700 2473
1701 2473
1702 2472
1703 2473
1704 2473
1705 2472
1706 2473
1707 2472
1708 2472
1709 2472
1710 2472
1711 2472
1712 2472
1713 2472
1714 2472
1715 2472
1716 2472
1717 2472
1718 2472
1719 2472
1720 2472
1721 2472
1722 2471
1723 2471
1724 2472
1725 2471
1726 2471
1727 2471
1728 2471
1729 2471
1730 2471
1731 2471
1732 2471
1733 2471
1734 2471
1735 2471
1736 2471
1737 2471
1738 2471
1739 2471
1740 2471
1741 2471
1742 2471
1743 2471
1744 2471
1745 2471
1746 2471
1747 2471
1748 2471
1749 2470
1750 2471
1751 2471
1752 2471
1753 2470
1754 2470
1755 2470
1756 2470
1757 2470
1758 2470
1759 2471
1760 2470
1761 2470
1762 2470
1763 2470
1764 2470
1765 2470
1766 2470
1767 2470
1768 2470
1769 2470
1770 2470
1771 2469
1772 2469
1773 2469
1774 2469
1775 2469
1776 2470
1777 2470
1778 2469
1779 2469
1780 2469
1781 2469
1782 2467
1783 2466
1784 2466
1785 2466
1786 2466
1787 2466
1788 2465
1789 2465
1790 2465
1791 2465
1792 2465
1793 2465
1794 2465
1795 2465
1796 2465
1797 2465
1798 2465
1799 2465
1800 2465
1801 2464
1802 2464
1803 2465
1804 2465
1805 2464
1806 2464
1807 2465
1808 2464
1809 2464
1810 2464
1811 2464
1812 2464
1813 2464
1814 2464
1815 2464
1816 2464
1817 2464
1818 2464
1819 2464
1820 2464
1821 2464
1822 2464
1823 2464
1824 2464
1825 2464
1826 2464
1827 2464
1828 2464
1829 2463
1830 2463
1831 2464
1832 2464
1833 2464
1834 2464
1835 2464
1836 2464
1837 2464
1838 2464
1839 2465
1840 2465
1841 2468
1842 2465
1843 2465
1844 2465
1845 2466
1846 2465
1847 2467
1848 2465
1849 2465
1850 2465
1851 2465
1852 2465
1853 2464
1854 2464
1855 2464
1856 2464
1857 2464
1858 2464
1859 2465
1860 2464
1861 2464
1862 2464
1863 2464
1864 2464
1865 2464
1866 2465
1867 2465
1868 2465
1869 2464
1870 2464
1871 2465
1872 2465
1873 2464
1874 2464
1875 2466
1876 2466
1877 2464
1878 2464
1879 2464
1880 2464
1881 2464
1882 2464
1883 2464
1884 2464
1885 2464
1886 2463
1887 2463
1888 2463
1889 2462
1890 2462
1891 2462
1892 2462
1893 2461
1894 2462
1895 2462
1896 2462
1897 2462
1898 2462
1899 2461
1900 2461
1901 2461
1902 2462
1903 2461
1904 2461
1905 2461
1906 2462
1907 2462
1908 2461
1909 2462
1910 2462
1911 2462
1912 2462
1913 2462
1914 2462
1915 2462
1916 2462
1917 2462
1918 2462
1919 2462
1920 2462
1921 2462
1922 2462
1923 2461
1924 2461
1925 2461
1926 2461
1927 2461
1928 2461
1929 2461
1930 2461
1931 2461
1932 2461
1933 2461
1934 2461
1935 2461
1936 2461
1937 2462
1938 2462
1939 2462
1940 2466
1941 2462
1942 2462
1943 2461
1944 2461
1945 2461
1946 2461
1947 2460
1948 2460
1949 2460
1950 2459
1951 2459
1952 2459
1953 2459
1954 2459
1955 2458
1956 2458
1957 2458
1958 2458
1959 2458
1960 2461
1961 2458
1962 2458
1963 2458
1964 2457
1965 2457
1966 2457
1967 2457
1968 2457
1969 2457
1970 2457
1971 2457
1972 2457
1973 2457
1974 2457
1975 2457
1976 2456
1977 2457
1978 2456
1979 2456
1980 2456
1981 2456
1982 2456
1983 2456
1984 2456
1985 2456
1986 2456
1987 2455
1988 2455
1989 2455
1990 2455
1991 2455
1992 2455
1993 2455
1994 2455
1995 2455
1996 2455
1997 2455
1998 2455
1999 2454
2000 2454
2001 2454
2002 2454
2003 2454
2004 2454
2005 2454
2006 2454
2007 2454
2008 2454
2009 2454
2010 2454
2011 2454
2012 2454
2013 2453
2014 2453
2015 2453
2016 2453
2017 2453
2018 2453
2019 2453
2020 2452
2021 2453
2022 2452
2023 2452
2024 2452
2025 2452
2026 2452
2027 2452
2028 2452
2029 2452
2030 2452
2031 2452
2032 2452
2033 2452
2034 2452
2035 2452
2036 2452
2037 2452
2038 2451
2039 2452
2040 2452
2041 2452
2042 2451
2043 2452
2044 2452
2045 2452
2046 2452
2047 2452
2048 2452
2049 2452
2050 2452
2051 2451
2052 2451
2053 2451
2054 2451
2055 2451
2056 2451
2057 2451
2058 2451
2059 2451
2060 2451
2061 2451
2062 2451
2063 2450
2064 2450
2065 2451
2066 2451
2067 2450
2068 2450
2069 2450
2070 2450
2071 2450
2072 2450
2073 2450
2074 2450
2075 2450
2076 2450
2077 2450
2078 2450
2079 2450
2080 2450
2081 2450
2082 2450
2083 2450
2084 2450
2085 2450
2086 2450
2087 2450
2088 2449
2089 2449
2090 2449
2091 2450
2092 2449
2093 2450
2094 2449
2095 2450
2096 2449
2097 2449
2098 2449
2099 2449
2100 2449
2101 2449
2102 2449
2103 2449
2104 2448
2105 2448
2106 2448
2107 2448
2108 2448
2109 2448
2110 2448
2111 2448
2112 2448
2113 2448
2114 2447
2115 2447
2116 2447
2117 2447
2118 2447
2119 2447
2120 2451
2121 2448
2122 2447
2123 2447
2124 2453
2125 2448
2126 2448
2127 2448
2128 2448
2129 2448
2130 2448
2131 2448
2132 2448
2133 2448
2134 2447
2135 2447
2136 2447
2137 2447
2138 2447
2139 2447
2140 2447
2141 2447
2142 2447
2143 2447
2144 2447
2145 2447
2146 2447
2147 2447
2148 2447
2149 2447
2150 2447
2151 2447
2152 2448
2153 2448
2154 2449
2155 2451
2156 2450
2157 2450
2158 2450
2159 2450
2160 2449
2161 2449
2162 2449
2163 2449
2164 2449
2165 2449
2166 2449
2167 2449
2168 2449
2169 2449
2170 2449
2171 2448
2172 2448
2173 2448
2174 2448
2175 2448
2176 2448
2177 2448
2178 2447
2179 2447
2180 2447
2181 2447
2182 2447
2183 2447
2184 2447
2185 2447
2186 2446
2187 2446
2188 2446
2189 2446
2190 2446
2191 2446
2192 2446
2193 2445
2194 2446
2195 2445
2196 2445
2197 2445
2198 2445
2199 2444
2200 2444
2201 2449
2202 2444
2203 2444
2204 2444
2205 2444
2206 2444
2207 2444
2208 2444
2209 2444
2210 2443
2211 2443
2212 2443
2213 2443
2214 2443
2215 2443
2216 2442
2217 2442
2218 2442
2219 2442
2220 2442
2221 2442
2222 2442
2223 2442
2224 2442
2225 2441
2226 2441
2227 2441
2228 2441
2229 2441
2230 2441
2231 2441
2232 2441
2233 2441
2234 2441
2235 2441
2236 2440
2237 2440
2238 2440
2239 2441
2240 2440
2241 2440
2242 2440
2243 2440
2244 2440
2245 2440
2246 2440
2247 2440
2248 2440
2249 2440
2250 2440
2251 2440
2252 2440
2253 2440
2254 2439
2255 2439
2256 2439
2257 2439
2258 2439
2259 2439
2260 2439
2261 2439
2262 2439
2263 2439
2264 2439
2265 2439
2266 2439
2267 2439
2268 2439
2269 2439
2270 2439
2271 2439
2272 2439
2273 2439
2274 2439
2275 2439
2276 2439
2277 2438
2278 2439
2279 2439
2280 2438
2281 2438
2282 2439
2283 2439
2284 2439
2285 2438
2286 2438
2287 2438
2288 2438
2289 2438
2290 2438
2291 2438
2292 2438
2293 2438
2294 2438
2295 2438
2296 2438
2297 2439
2298 2438
2299 2438
2300 2438
2301 2438
2302 2438
2303 2438
2304 2438
2305 2438
2306 2439
2307 2439
2308 2439
2309 2438
2310 2439
2311 2439
2312 2439
2313 2444
2314 2439
2315 2440
2316 2444
2317 2445
2318 2441
2319 2445
2320 2444
2321 2443
2322 2443
2323 2443
2324 2443
2325 2443
2326 2443
2327 2443
2328 2443
2329 2443
2330 2443
2331 2442
2332 2446
2333 2444
2334 2443
2335 2442
2336 2443
2337 2442
2338 2442
2339 2442
2340 2442
2341 2442
2342 2445
2343 2443
2344 2442
2345 2442
2346 2442
2347 2442
2348 2442
2349 2442
2350 2442
2351 2441
2352 2441
2353 2442
2354 2442
2355 2441
2356 2442
2357 2441
2358 2441
2359 2441
2360 2441
2361 2441
2362 2440
2363 2441
2364 2441
2365 2442
2366 2441
2367 2441
2368 2441
2369 2441
2370 2441
2371 2441
2372 2441
2373 2441
2374 2441
2375 2440
2376 2441
2377 2441
2378 2441
2379 2441
2380 2441
2381 2441
2382 2441
2383 2441
2384 2441
2385 2441
2386 2441
2387 2441
2388 2441
2389 2441
2390 2440
2391 2441
2392 2440
2393 2443
2394 2441
2395 2441
2396 2441
2397 2441
2398 2441
2399 2440
2400 2441
2401 2441
2402 2442
2403 2442
2404 2440
2405 2440
2406 2440
2407 2440
2408 2440
2409 2440
2410 2440
2411 2440
2412 2440
2413 2439
2414 2440
2415 2439
2416 2439
2417 2441
2418 2439
2419 2442
2420 2439
2421 2440
2422 2445
2423 2439
2424 2439
2425 2441
2426 2439
2427 2439
2428 2439
2429 2439
2430 2438
2431 2438
2432 2438
2433 2438
2434 2439
2435 2439
2436 2438
2437 2438
2438 2438
2439 2439
2440 2438
2441 2438
2442 2438
2443 2438
2444 2438
2445 2438
2446 2438
2447 2438
2448 2437
2449 2437
2450 2437
2451 2437
2452 2437
2453 2437
2454 2437
2455 2437
2456 2437
2457 2436
2458 2436
2459 2437
2460 2436
2461 2436
2462 2436
2463 2439
2464 2436
2465 2435
2466 2435
2467 2435
2468 2435
2469 2435
2470 2435
2471 2435
2472 2435
2473 2435
2474 2435
2475 2434
2476 2434
2477 2434
2478 2434
2479 2434
2480 2434
2481 2434
2482 2434
2483 2434
2484 2433
2485 2433
2486 2433
2487 2433
2488 2433
2489 2433
2490 2433
2491 2432
2492 2432
2493 2432
2494 2432
2495 2432
2496 2432
2497 2432
2498 2432
2499 2433
2500 2433
2501 2437
2502 2433
2503 2431
2504 2434
2505 2432
2506 2431
2507 2431
2508 2430
2509 2429
2510 2430
2511 2429
2512 2429
2513 2429
2514 2429
2515 2429
2516 2429
2517 2428
2518 2428
2519 2428
2520 2428
2521 2428
2522 2427
2523 2427
2524 2427
2525 2427
2526 2427
2527 2427
2528 2426
2529 2426
2530 2426
2531 2426
2532 2425
2533 2426
2534 2426
2535 2426
2536 2426
2537 2425
2538 2425
2539 2425
2540 2425
2541 2425

3 9999
4 9999
5 9999
6 2517
7 2516
8 2517
9 2517
10 2510
11 2516
12 2516
13 2516
14 2516
15 2521
16 2516
17 2519
18 2516
19 2516
20 2516
21 2516
22 2516
23 2516
24 2517
25 2520
26 2509
27 2509
28 2515
29 2522
30 2515
31 2517
32 2515
33 2515
34 2516
35 2516
36 2516
37 2518
38 2519
39 2517
40 2520
41 2516
42 2522
43 2514
44 2516
45 2516
46 2517
47 2516
48 2518
49 2516
50 2516
51 2516
52 2517
53 2517
54 2516
55 2516
56 2519
57 2516
58 2516
59 2515
60 2516
61 2508
62 2517
63 2521
64 2507
65 2517
66 2517
67 2517
68 2517
69 2516
70 2517
71 2516
72 2515
73 2516
74 2516
75 2509
76 2515
77 2515
78 2507
79 2507
80 2513
81 2515
82 2515
83 2515
84 2511
85 2514
86 2506
87 2506
88 2514
89 2515
90 2513
91 2515
92 2515
93 2505
94 2514
95 2505
96 2518
97 2513
98 2514
99 2515
100 2517
101 2514
102 2516
103 2514
104 2514
105 2510
106 2515
107 2508
108 2514
109 2514
110 2512
111 2515
112 2509
113 2513
114 2511
115 2504
116 2513
117 2504
118 2513
119 2513
120 2513
121 2514
122 2504
123 2512
124 2504
125 2512
126 2511
127 2518
128 2512
129 2511
130 2510
131 2512
132 2512
133 2512
134 2512
135 2512
136 2512
137 2512
138 2512
139 2511
140 2511
141 2510
142 2511
143 2511
144 2511
145 2503
146 2505
147 2503
148 2503
149 2503
150 2510
151 2503
152 2509
153 2511
154 2511
155 2511
156 2505
157 2506
158 2511
159 2510
160 2517
161 2517
162 2510
163 2511
164 2512
165 2511
166 2510
167 2510
168 2516
169 2510
170 2510
171 2510
172 2514
173 2510
174 2510
175 2505
176 2510
177 9999
178 9999
179 2510
180 2511
181 2511
182 2506
183 9999
184 2514
185 2506
276 2503
277 2506
278 2502
279 2510
280 2502
281 2509
282 2510
283 2510
284 2509
285 2510
286 2510
287 2510
288 2510
289 2510
290 2510
291 2510
292 2501
293 2509
294 2509
295 2509
296 2509
297 2509
298 2510
299 2510
300 2510
301 2510
302 2508
303 2508
304 2509
305 2510
306 2509
307 2509
308 2507
309 2508
310 2502
311 2508
312 2502
313 2509
314 2502
315 2509
316 2508
317 2508
318 2510
319 2502
320 2510
321 2503
322 2510
323 2504
324 2505
325 2509
326 2509
327 2508
328 2508
329 2502
330 2509
331 2509
332 2509
333 2507
334 2507
335 2502
336 2507
337 2509
338 2502
339 2508
340 2509
341 2510
342 2510
343 2510
344 2511
345 2502
346 2510
347 2510
348 2510
349 2509
350 2511
351 2502
352 2509
353 2509
354 2510
355 2509
356 2510
357 2511
358 2511
359 2511
360 2510
361 2512
362 2511
363 2510
364 2509
365 2511
366 2504
367 2504
368 2510
369 2510
370 2511
371 2511
372 2511
373 2511
374 2512
375 2510
376 2510
377 2510
378 2510
379 2509
380 2510
381 2511
382 2510
383 2510
384 2510
385 2511
386 2510
387 2514
388 2509
389 2510
390 2513
391 2509
392 2511
393 2512
394 2510
395 2510
396 2511
397 2512
398 2512
399 2511
400 2511
401 2510
402 2511
403 2510
404 2507
405 2510
406 2506
407 2506
408 2510
409 2510
410 2510
411 2506
412 2511
413 2510
414 2513
415 2503
416 2508
417 2511
418 2505
419 2509
420 2509
421 2507
422 2509
423 2509
424 2509
425 2510
426 2509
427 2508
428 2510
429 2510
430 2510
431 2510
432 2507
433 2509
434 2509
435 2509
436 2511
437 2513
438 2509
439 2510
440 2514
441 2510
442 2510
443 2509
444 2510
445 2506
446 2507
447 2509
448 2510
449 2513
450 2510
451 2508
452 2510
453 2508
454 2510
455 2509
456 2510
457 2508
458 2513
459 2510
460 2509
461 2504
462 2504
463 2506
464 2510
465 2511
466 2511
467 2508
468 2509
469 2512
470 2512
471 2516
829 2504
830 2507
831 2502
832 2503
833 2508
834 2507
835 2508
836 2507
837 2507
838 2502
839 2508
840 2507
841 2507
842 2511
843 2507
844 2506
845 9999
846 2507
847 2514
848 2509
849 2508
850 2508
851 2507
852 2501
853 2507
854 2501
855 2501
856 2501
857 2509
858 2501
859 2509
860 2508
861 2509
862 2508
863 2513
864 2508
865 2507
866 2506
867 2501
868 2503
869 2505
870 2501
871 2503
872 2507
873 2503
874 2501
875 2508
876 2511
877 2508
878 2510
879 2506
880 2508
881 9999
882 2506
883 2506
884 2510
885 9999
886 9999
887 2507
888 9999
889 9999
890 2506
891 2508
892 9999
893 9999
894 2500
895 2502
896 9999
897 2505
898 2506
899 2507
900 2507
901 2510
902 2507
903 2506
904 9999
905 2500
906 9999
907 2505
908 2511
909 9999
910 2502
911 9999
912 9999
913 2505
914 2504
915 2508
916 9999
917 9999
918 2504
919 9999
920 9999
921 9999
922 9999
923 2508
924 9999
1171 2514
1172 2514
1173 2514
1174 2514
1175 2513
1176 2514
1177 2514
1178 2519
1179 2514
1180 2516
1181 2514
1182 2514
1183 2515
1184 2519
1185 2514
1186 2514
1187 2518
1188 2514
1189 2518
1190 2514
1191 2515
1192 2514
1193 2514
1194 2514
1195 2515
1196 2514
1197 2514
1198 2520
1199 2513
1200 2514
1201 2514
1202 2513
1203 2514
1204 2520
1205 2515
1206 2514
1207 2513
1208 2510
1209 2512
1210 2514
1211 2513
1212 2513
1213 2519
1214 2513
1215 2513
1216 2514
1217 2506
1218 2513
1219 2514
1220 2508
1221 2511
1222 2513
1223 2514
1224 2514
1225 2513
1226 2513
1227 2513
1228 2514
1229 2514
1230 2514
1231 2513
1232 2515
1233 2513
1234 2512
1235 2512
1236 2507
1237 2507
1238 2507
1239 2513
1240 2513
1241 2507
1242 2518
1243 2519
1244 2512
1245 2507
1246 2510
1247 2513
1248 2521
1249 2519
1250 2507
1251 2513
1252 2507
1253 2507
1254 2520
1255 2521
1256 2519
1257 2518
1258 2507
1259 2507
1260 2511
1261 2511
1262 2513
1263 2513
1264 2512
1265 2507
1266 2510
1267 2507
1268 2509
1269 2510
1270 2509
1271 2512
1272 2507
1273 2506
1274 2508
1275 2510
1276 2508
1277 2506
1278 2506
1279 2512
1280 2518
1281 2515
1282 2515
1283 2511
1284 2519
1285 2512
1286 2506
1287 2506
1288 2515
1289 2518
1290 2519
1291 2510
1292 2520
1293 2514
1294 2511
1295 2511
1296 2506
1297 2506
1298 2510
1299 2508
1300 2518
1301 2509
1302 2506
1303 2514
1304 2513
1305 2512
1306 2510
1307 2514
1308 2506
1309 2514
1310 2513
1311 2513
1312 2512
1313 2514
1314 2506
1315 2508
1316 2508
1317 2509
1318 2514
1319 2506
1320 2514
1321 2513
1322 2513
1323 2514
1324 2513
1325 2515
1326 2506
1327 2514
1328 2514
1329 2513
1330 2506
1331 2507
1332 2520
1333 2511
1334 2506
1335 2514
1336 2514
1337 2508
1338 2514
1339 2509
1340 2514
1341 2513
1342 2511
1343 2508
1344 2511
1345 2515
1346 2514
1347 2514
1348 2514
1349 2514
1350 2513
1351 2509
1352 2514
1353 2514
1354 2519
1355 2514
1356 2509
1357 2515
1358 2514
1359 2519
1360 2519
1361 2518
1362 2514
1363 2513
1364 2514
1365 2514
1366 2510
1367 2514
1368 2512
1369 2514
1370 2513
1371 2517
1372 2514
1373 2514
1374 2513
1375 2511
1376 2506
1377 2511
1378 2512
1379 2512
1380 2512
1381 2512
1382 2513
1383 2513
1384 2512
1385 2514
1386 2514
1387 2514
1388 2513
1389 2513
1390 2514
1391 2514
1392 2514
1393 2514
1394 2513
1395 2514
1396 2515
1397 2513
1398 2513
1399 2515
1400 2514
1401 2514
1402 2514
1403 2514
1404 2514
1405 2514
1406 2513
1407 2509
1408 2518
1409 2514
1410 2514
1411 2513
1412 2510
1413 2514
1414 2516
1415 2514
1416 2521
1417 2518
1418 2513
1419 2514
1420 2514
1421 2514
1422 2515
1423 2514
1424 2514
1425 2513
1426 2513
1427 2514
1428 2514
1429 2514
1430 2507
1431 2514
1432 2513
1433 2519
1434 2514
1435 2518
1436 2510
1437 2513
1438 2507
1439 2521
1440 2507
1441 2516
1442 2513
1443 2514
1444 2514
1445 2516
1446 2514
1447 2514
1448 2521
1449 2514
1450 2514
1451 2514
1452 2515
1453 2517
1454 2506
1455 2514
1456 2514
1457 2520
1458 2512
1459 2514
1460 2513
1461 2513
1462 2513
1463 2513
1464 2514
1465 2513
1466 2507
1467 2511
1468 2514
1469 2512
1470 2512
1471 2512
1472 2512
1473 2513
1474 2513
1475 2513
1476 2513
1477 2513

