618 2388
619 2389
620 2390
621 2392
622 2405
623 2393
624 2393
625 2394
626 2392
627 2391
628 2386
629 2392
630 2390
631 2392
632 2392
633 2393
634 2393
635 2393
636 2391
637 2389
638 2388
639 2387
640 2388
641 2388
642 2387
643 2388
644 2388
645 2388
646 2388
647 2389
648 2388
649 2389
650 2389
651 2389
652 2389
653 2389
654 2389
655 2389
656 2389
657 2389
658 2388
659 2388
660 2388
661 2388
662 2388
663 2388
664 2387
665 2387
666 2387
667 2387
668 2391
669 2391
670 2389
671 2387
672 2386
673 2387
674 2386
675 2387
676 2386
677 2388
678 2389
679 2390
680 2386
681 2387
682 2388
683 2386
684 2387
685 2390
686 2386
687 2386
688 2386
689 2387
690 2386
691 2385
692 2385
693 2385
694 2385
695 2384
696 2383
697 2384
698 2385
699 2388
700 2383
701 2383
702 2383
703 2384
704 2383
705 2383
706 2384
707 2383
708 2383
709 2383
710 2384
711 2384
712 2384
713 2383
714 2383
715 2382
716 2383
717 2383
718 2383
719 2383
720 2382
721 2382
722 2383
723 2384
724 2382
725 2382
726 2383
727 2383
728 2383
729 2384
730 2383
731 2384
732 2384
733 2385
734 2384
735 2384
736 2385
737 2385
738 2384
739 2384
740 2384
741 2384
742 2384
743 2384
744 2384
745 2384
746 2384
747 2384
748 2384
749 2384
750 2383
751 2383
752 2384
753 2383
754 2383
755 2383
756 2384
757 2386
758 2389
759 2388
760 2391
761 2389
762 2392
763 2378
1675 2338
1676 2334
1677 2333
1678 2334
1679 2332
1680 2333
1681 2333
1682 2332
1683 2332
1684 2333
1685 2333
1686 2335
1687 2337
1688 2336
1689 2331
1690 2338
1691 2338
1692 2335
1693 2335
1694 2335
1695 2333
1696 2342
1697 2333
1698 2338
1699 2340
1700 2332
1701 2330
1702 2331
1703 2331
1704 2330
1705 2330
1706 2333
1707 2333
1708 2336
1709 2328
1710 2332
1711 2330
1712 2329
1713 2328
1714 2328
1715 2326
1716 2325
1717 2325
1718 2326
1719 2328
1720 2324
1721 2325
1722 2324
1723 2342
1724 2337
1725 2335
1726 2323
1727 2326
1728 2327
1729 2322
1730 2325
1731 2324
1732 2323
1733 2323
1734 2323
1735 2324
1736 2325
1737 2325
1738 2323
1739 2327
1740 2324
1741 2322
1742 2323
1743 2323
1744 2327
1745 2324
1746 2336
1747 2322
1748 2321
1749 2321
1750 2321
1751 2322
1752 2322
1753 2323
1754 2324
1755 2324
1756 2322
1757 2323
1758 2326
1759 2324
1760 2324
1761 2325
1762 2324
1763 2324
1764 2325
1765 2324
1766 2325
1767 2324
1768 2324
1769 2323
1770 2323
1771 2322
1772 2322
1773 2322
1774 2323
1775 2324
1776 2322
1777 2322
1778 2322
1779 2322
1780 2321
1781 2321
1782 2325
1783 2326
1784 2322
1785 2320
1786 2320
1787 2323
1788 2323
1789 2320
1790 2322
1791 2323
1792 2324
1793 2322
1794 2323
1795 2322
1796 2319
1797 2322
1798 2324
1799 2318
1800 2318
1801 2318
1802 2319
1803 2321
1804 2319
1805 2318
1806 2318
1807 2316
1808 2317
1809 2317
1810 2318
1811 2317
1812 2317
1813 2318
1814 2316
1815 2315
1816 2316
1817 2316
1818 2317
1819 2318
1820 2316
1821 2316
1822 2316
1823 2316
1824 2317
1825 2313
1826 2315
1827 2315
1828 2314
1829 2315
1830 2313
1831 2313
1832 2313
1833 2313
1834 2314
1835 2312
1836 2317
1837 2312
1838 2313
1839 2313
1840 2315
1841 2315
1842 2314
1843 2313
1844 2312
1845 2312
1846 2312
1847 2312
1848 2312
1849 2312
1850 2312
1851 2311
1852 2311
1853 2311
1854 2311
1855 2311
1856 2311
1857 2312
1858 2311
1859 2311
1860 2312
1861 2320
1862 2311
1863 2311
1864 2312
1865 2313
1866 2312
1867 2313
1868 2310
1869 2313
1870 2311
1871 2310
1872 2310
1873 2310
1874 2310
1875 2310
1876 2313
1877 2310
1878 2313
1879 2309
1880 2309
1881 2312
1882 2309
1883 2309
1884 2312
1885 2309
1886 2309
1887 2314
1888 2309
1889 2312
1890 2311
1891 2310
1892 2309
1893 2309
1894 2315
1895 2311
1896 2310
1897 2310
1898 2309
1899 2308
1900 2308
1901 2314
1902 2314
1903 2311
1904 2313
1905 2314
1906 2312
1907 2308
1908 2311
1909 2311
1910 2311
1911 2308
1912 2313
1913 2307
1914 2312
1915 2311
1916 2315
1917 2311
1918 2309
1919 2308
1920 2309
1921 2309
1922 2309
1923 2309
1924 2308
1925 2309
1926 2309
1927 2308
1928 2309
1929 2308
1930 2308
1931 2312
1932 2307
1933 2308
1934 2309
1935 2307
1936 2308
1937 2307
1938 2307
1939 2307
1940 2306
1941 2305
1942 2305
1943 2305
1944 2307
1945 2305
1946 2306
1947 2306
1948 2306
1949 2305
1950 2305
1951 2305
1952 2306
1953 2308
1954 2309
1955 2309
1956 2305
1957 2306
1958 2306
1959 2309
1960 2308
1961 2306
1962 2306
1963 2306
1964 2306
1965 2305
1966 2304
1967 2304
1968 2304
1969 2304
1970 2304
1971 2306
1972 2303
1973 2303
1974 2304
1975 2304
1976 2302
1977 2303
1978 2303
1979 2305
1980 2308
1981 2304
1982 2302
1983 2302
1984 2303
1985 2302
1986 2302
1987 2302
1988 2302
1989 2302
1990 2301
1991 2302
1992 2301
1993 2301
1994 2301
1995 2301
1996 2300
1997 2301
1998 2301
1999 2301
2000 2299
2001 2303
2002 2299
2003 2300
2004 2301
2005 2298
2006 2302
2007 2300
2008 2301
2009 2300
2010 2299
2011 2299
2012 2304
2013 2299
2014 2301
2015 2304
2016 2299
2017 2298
2018 2300
2019 2299
2020 2300
2021 2303
2022 2298
2023 2299
2024 2298
2025 2298
2026 2310
2027 2297
2028 2296
2029 2297
2030 2296
2031 2297
2032 2296
2033 2296
2034 2300
2035 2305
2036 2306
2037 2298
2038 2296
2039 2296
2040 2297
2041 2295
2042 2294
2043 2294
2044 2298
2045 2296
2046 2300
2047 2296
2048 2296
2049 2295
2050 2295
2051 2296
2052 2294
2053 2294
2054 2298
2055 2294
2056 2302
2057 2293
2058 2294
2059 2296
2060 2298
2061 2293
2062 2293
2063 2293
2064 2294
2065 2294
2066 2293
2067 2293
2068 2295
2069 2291
2070 2292
2071 2292
2072 2299
2073 2291
2074 2294
2075 2291
2076 2291
2077 2291
2078 2293
2079 2290
2080 2290
2081 2291
2082 2292
2083 2294
2084 2290
2085 2290
2086 2291
2087 2292
2088 2290
2089 2292
2090 2288
2091 2288
2092 2288
2093 2302
2094 2288
2095 2289
2096 2288
2097 2288
2098 2288
2099 2290
2100 2291
2101 2290
2102 2289
2103 2288
2104 2288
2105 2289
2106 2288
2107 2289
2108 2288
2109 2289
2110 2288
2111 2295
2112 2296
2113 2292
2114 2288
2115 2287
2116 2287
2117 2287
2118 2287
2119 2287
2120 2287
2121 2288
2122 2288
2123 2303
2124 2292
2125 2286
2126 2291
2127 2290
2128 2287
2129 2301
2130 2286
2131 2289
2132 2286
2133 2288
2134 2288
2135 2287
2136 2289
2137 2293
2138 2287
2139 2286
2140 2287
2141 2287
2142 2289
2143 2291
2144 2291
2145 2289
2146 2298
2147 2292
2148 2301
2149 2288
2150 2292
2151 2295
2152 2289
2153 2291
2154 2289
2155 2299
2156 2288
2157 2303
2158 2288
2159 2297
2160 2288
2161 2294
2162 2290
2163 2302
2164 2292
2165 2289
2166 2292
2167 2290
2168 2290
2169 2290
2170 2289
2171 2290
2172 2291
2173 2292
2174 2291
2175 2288
2176 2292
2177 2287
2178 2291
2179 2288
2180 2290
2181 2289
2182 2288
2183 2293
2184 2292
2185 2290
2186 2297
2187 2296
2188 2290
2189 2291
2190 2297
2191 2297
2192 2295
2193 2290
2194 2288
2195 2291
2196 2290
2197 2291
2198 2291
2199 2292
2200 2293
2201 2289
2202 2291
2203 2292
2204 2288
2205 2288
2206 2289
2207 2287
2208 2288
2209 2289
2210 2288
2211 2288
2212 2291
2213 2287
2214 2286
2215 2288
2216 2288
2217 2300
2218 2299
2219 2289
2220 2300
2221 2301
2222 2286
2223 2301
2224 2294
2225 2286
2226 2286
2227 2281

1688 2417
1689 2414
1690 2416
1691 2414
1692 2416
1693 2411
1694 2415
1695 2416
1696 2418
1697 2418
1698 2417
1699 2417
1700 2417
1701 2412
1702 2413
1703 2413
1704 2413
1705 2416
1706 2416
1707 2413
1708 2419
1709 2412
1710 2418
1711 2414
1712 2413
1713 2413
1714 2415
1715 2413
1716 2416
1717 2415
1718 2416
1719 2418
1720 2415
1721 2419
1722 2417
1723 2411
1724 2413
1725 2406
1726 2413
1727 2411
1728 2417
1729 2409
1730 2410
1731 2412
1732 2412
1733 2410
1734 2412
1735 2411
1736 2417
1737 2410
1738 2410
1739 2413
1740 2411
1741 2411
1742 2413
1743 2411
1744 2411
1745 2418
1746 2414
1747 2413
1748 2412
1749 2413
1750 2427
1751 2413
1752 2417
1753 2418
1754 2421
1755 2427
1756 2418
1757 2421
1758 2420
1759 2421
1760 2420
1761 2428
1762 2424
1763 2423
1764 2423
1765 2423
1766 2425
1767 2424
1768 2422
1769 2423
1770 2429
1771 2425
1772 2426
1773 2427
1774 2426
1775 2430
1776 2424
1777 2425
1778 2424
1779 2426
1780 2427
1781 2426
1782 2426
1783 2423
1784 2432
1785 2428
1786 2429
1787 2430
1788 2431
1789 2422
1790 2426
1791 2427
1792 2426
1793 2435
1794 2434
1795 2433
1796 2424
1797 2429
1798 2435
1799 2434
1800 2436
1801 2427
1802 2428
1803 2428
1804 2431
1805 2428
1806 2432
1807 2431
1808 2431
1809 2429
1810 2428
1811 2429
1812 2426
1813 2434
1814 2432
1815 2424
1816 2431
1817 2431
1818 2429
1819 2429
1820 2430
1821 2427
1822 2424
1823 2423
1824 2425
1825 2422
1826 2431
1827 2429
1828 2421
1829 2432
1830 2431
1831 2426
1832 2421
1833 2428
1834 2424
1835 2420
1836 2431
1837 2427
1838 2426
1839 2429
1840 2419
1841 2419
1842 2418
1843 2423
1844 2416
1845 2418
1846 2418
1847 2422
1848 2415
1849 2426
1850 2426
1851 2415
1852 2416
1853 2426
1854 2422
1855 2414
1856 2422
1857 2427
1858 2420
1859 2418
1860 2426
1861 2427
1862 2427
1863 2427
1864 2426
1865 2415
1866 2412
1867 2423
1868 2412
1869 2426
1870 2420
1871 2412
1872 2422
1873 2415
1874 2413
1875 2415
1876 2422
1877 2423
1878 2421
1879 2421
1880 2414
1881 2420
1882 2424
1883 2423
1884 2421
1885 2417
1886 2417
1887 2418
1888 2421
1889 2414
1890 2416
1891 2415
1892 2415
1893 2413
1894 2414
1895 2421
1896 2412
1897 2415
1898 2414
1899 2413
1900 2418
1901 2413
1902 2417
1903 2406
1904 2414
1905 2414
1906 2412
1907 2414
1908 2411
1909 2410
1910 2415
1911 2410
1912 2414
1913 2416
1914 2416
1915 2411
1916 2409
1917 2408
1918 2409
1919 2407
1920 2408
1921 2407
1922 2411
1923 2407
1924 2415
1925 2406
1926 2407
1927 2411
1928 2409
1929 2406
1930 2411
1931 2414
1932 2403
1933 2406
1934 2411
1935 2410
1936 2403
1937 2410
1938 2413
1939 2413
1940 2405
1941 2404
1942 2403
1943 2401
1944 2408
1945 2403
1946 2406
1947 2411
1948 2402
1949 2406
1950 2408
1951 2401
1952 2408
1953 2402
1954 2405
1955 2400
1956 2403
1957 2405
1958 2401
1959 2405
1960 2407
1961 2401
1962 2406
1963 2401
1964 2406
1965 2400
1966 2402
1967 2401
1968 2404
1969 2401
1970 2400
1971 2399
1972 2407
1973 2401
1974 2393
1975 2403
1976 2400
1977 2399
1978 2399
1979 2398
1980 2399
1981 2398
1982 2398
1983 2398
1984 2401
1985 2398
1986 2404
1987 2396
1988 2396
1989 2396
1990 2394
1991 2395
1992 2389
1993 2403
1994 2395
1995 2396
1996 2397
1997 2389
1998 2393
1999 2395
2000 2397
2001 2394
2002 2401
2003 2393
2004 2393
2005 2393
2006 2395
2007 2398
2008 2392
2009 2389
2010 2393
2011 2394
2012 2392
2013 2386
2014 2393
2015 2390
2016 2397
2017 2398
2018 2398
2019 2391
2020 2385
2021 2397
2022 2396
2023 2391
2024 2399
2025 2392
2026 2385
2027 2398
2028 2388
2029 2392
2030 2394
2031 2389
2032 2392
2033 2387
2034 2390
2035 2389
2036 2394
2037 2391
2038 2396
2039 2392
2040 2388
2041 2396
2042 2394
2043 2389
2044 2390
2045 2392
2046 2395
2047 2394
2048 2392
2049 2393
2050 2393
2051 2398
2052 2391
2053 2391
2054 2391
2055 2391
2056 2392
2057 2391
2058 2399
2059 2396
2060 2391
2061 2398
2062 2387
2063 2391
2064 2397
2065 2390
2066 2394
2067 2396
2068 2395
2069 2399
2070 2394
2071 2391
2072 2393
2073 2393
2074 2395
2075 2391
2076 2391
2077 2398
2078 2398
2079 2389
2080 2392
2081 2393
2082 2396
2083 2394
2084 2390
2085 2391
2086 2391
2087 2393
2088 2390
2089 2393
2090 2394
2091 2389
2092 2388
2093 2387
2094 2389
2095 2391
2096 2392
2097 2387
2098 2387
2099 2388
2100 2387
2101 2387
2102 2393
2103 2385
2104 2384
2105 2393
2106 2385
2107 2384
2108 2382
2109 2386
2110 2385
2111 2387
2112 2389
2113 2388
2114 2382
2115 2381
2116 2391
2117 2386
2118 2386
2119 2384
2120 2391
2121 2385
2122 2378
2123 2390
2124 2382
2125 2385
2126 2381
2127 2384
2128 2385
2129 2382
2130 2389
2131 2390
2132 2390
2133 2388
2134 2387
2135 2381
2136 2381
2137 2383
2138 2382
2139 2381
2140 2383
2141 2386
2142 2381
2143 2384
2144 2376
2145 2382
2146 2382
2147 2382
2148 2383
2149 2382
2150 2390
2151 2387
2152 2386
2153 2382
2154 2382
2155 2386
2156 2390
2157 2388
2158 2388
2159 2386
2160 2380
2161 2385
2162 2386
2163 2382
2164 2383
2165 2383
2166 2384
2167 2383
2168 2388
2169 2382
2170 2379
2171 2381
2172 2388
2173 2384
2174 2386
2175 2384
2176 2382
2177 2388
2178 2381
2179 2383
2180 2379
2181 2381
2182 2378
2183 2378
2184 2376
2185 2387
2186 2377
2187 2376
2188 2375
2189 2374
2190 2374
2191 2372
2192 2373
2193 2373
2194 2372
2195 2373
2196 2381
2197 2371
2198 2369
2199 2374
2200 2371
2201 2369
2202 2370
2203 2368
2204 2371
2205 2367
2206 2366
2207 2365
2208 2366
2209 2365
2210 2365
2211 2373
2212 2366
2213 2365
2214 2370
2215 2363
2216 2368
2217 2367
2218 2360

