1467 2475
1468 2476
1469 2474
1470 2474
1471 2463
1472 2473
1473 2475
1474 2462
1475 2470
1476 2466
1477 2466
1478 2465
1479 2465
1480 2465
1481 2465
1482 2464
1483 2463
1484 2463
1485 2461
1486 2463
1487 2462
1488 2461
1489 2461
1490 2461
1491 2463
1492 2461
1493 2460
1494 2461
1495 2462
1496 2462
1497 2463
1498 2463
1499 2463
1500 2462
1501 2463
1502 2463
1503 2463
1504 2463
1505 2463
1506 2463
1507 2465
1508 2464
1509 2464
1510 2466
1511 2465
1512 2462
1513 2462
1514 2460
1515 2459
1516 2459
1517 2459
1518 2459
1519 2458
1520 2459
1521 2456
1522 2457
1523 2457
1524 2456
1525 2457
1526 2457
1527 2458
1528 2459
1529 2457
1530 2457
1531 2456
1532 2456
1533 2456
1534 2456
1535 2456
1536 2456
1537 2457
1538 2456
1539 2455
1540 2456
1541 2460
1542 2458
1543 2458
1544 2458
1545 2466
1546 2459
1547 2460
1548 2459
1549 2459
1550 2460
1551 2460
1552 2459
1553 2460
1554 2460
1555 2460
1556 2460
1557 2460
1558 2461
1559 2461
1560 2461
1561 2461
1562 2461
1563 2461
1564 2461
1565 2463
1566 2463
1567 2463
1568 2463
1569 2463
1570 2464
1571 2469
1572 2465
1573 2465
1574 2465
1575 2465
1576 2465
1577 2466
1578 2472
1579 2465
1580 2464
1581 2464
1582 2465
1583 2465
1584 2465
1585 2464
1586 2464
1587 2464
1588 2464
1589 2465
1590 2466
1591 2466
1592 2466
1593 2465
1594 2466
1595 2466
1596 2466
1597 2466
1598 2467
1599 2468
1600 2468
1601 2468
1602 2468
1603 2468
1604 2481
1605 2468
1606 2468
1607 2468
1608 2468
1609 2468
1610 2468
1611 2469
1612 2468
1613 2469
1614 2469
1615 2469
1616 2468
1617 2468
1618 2469
1619 2470
1620 2470
1621 2469
1622 2471
1623 2470
1624 2470
1625 2472
1626 2471
1627 2472
1628 2473
1629 2473
1630 2468
1631 2468
1632 2470
1633 2467
1634 2467
1635 2468
1636 2467
1637 2468
1638 2468
1639 2466
1640 2466
1641 2466
1642 2465
1643 2467
1644 2466
1645 2465
1646 2466
1647 2466
1648 2465
1649 2465
1650 2464
1651 2463
1652 2464
1653 2464
1654 2464
1655 2464
1656 2463
1657 2463
1658 2464
1659 2464
1660 2463
1661 2463
1662 2464
1663 2463
1664 2463
1665 2464
1666 2467
1667 2465
1668 2465
1669 2466
1670 2467
1671 2465
1672 2465
1673 2465
1674 2465
1675 2465
1676 2465
1677 2465
1678 2466
1679 2466
1680 2466
1681 2466
1682 2465
1683 2465
1684 2465
1685 2465
1686 2464
1687 2464
1688 2463
1689 2463
1690 2463
1691 2462
1692 2462
1693 2462
1694 2462
1695 2461
1696 2462
1697 2462
1698 2461
1699 2462
1700 2461
1701 2463
1702 2463
1703 2463
1704 2463
1705 2464
1706 2463
1707 2463
1708 2463
1709 2463
1710 2465
1711 2463
1712 2462
1713 2462
1714 2462
1715 2463
1716 2462
1717 2463
1718 2463
1719 2463
1720 2467
1721 2464
1722 2464
1723 2464
1724 2464
1725 2464
1726 2465
1727 2465
1728 2464
1729 2465
1730 2467
1731 2465
1732 2466
1733 2467
1734 2465
1735 2466
1736 2466
1737 2465
1738 2465
1739 2470
1740 2465
1741 2465
1742 2468
1743 2466
1744 2466
1745 2466
1746 2465
1747 2465
1748 2465
1749 2465
1750 2463
1751 2464
1752 2464
1753 2464
1754 2467
1755 2465
1756 2462
1757 2464
1758 2463
1759 2464
1760 2463
1761 2463
1762 2462
1763 2464
1764 2463
1765 2463
1766 2463
1767 2463
1768 2463
1769 2463
1770 2463
1771 2463
1772 2463
1773 2462
1774 2461
1775 2460
1776 2460
1777 2462
1778 2459
1779 2459
1780 2458
1781 2456
1782 2457
1783 2458
1784 2457
1785 2455
1786 2454
1787 2457
1788 2455
1789 2453
1790 2453
1791 2452
1792 2453
1793 2453
1794 2455
1795 2455
1796 2457
1797 2456
1798 2455
1799 2455
1800 2454
1801 2453
1802 2454
1803 2454
1804 2455
1805 2455
1806 2457
1807 2457
1808 2456
1809 2456
1810 2455
1811 2455
1812 2455
1813 2457
1814 2456
1815 2456
1816 2460
1817 2454
1818 2454
1819 2454
1820 2454
1821 2454
1822 2453
1823 2452
1824 2451
1825 2451
1826 2450
1827 2450
1828 2451
1829 2450
1830 2450
1831 2455
1832 2450
1833 2451
1834 2455
1835 2452
1836 2450
1837 2449
1838 2450
1839 2449
1840 2449
1841 2449
1842 2448
1843 2448
1844 2446
1845 2446
1846 2446
1847 2447
1848 2447
1849 2447
1850 2447
1851 2446
1852 2446
1853 2446
1854 2446
1855 2446
1856 2446
1857 2446
1858 2446
1859 2445
1860 2445
1861 2445
1862 2445
1863 2445
1864 2445
1865 2445
1866 2445
1867 2445
1868 2445
1869 2445
1870 2445
1871 2446
1872 2450
1873 2446
1874 2446
1875 2446
1876 2445
1877 2447
1878 2447
1879 2446
1880 2447
1881 2447
1882 2447
1883 2447
1884 2446
1885 2445
1886 2445
1887 2445
1888 2444
1889 2443
1890 2443
1891 2443
1892 2443
1893 2442
1894 2443
1895 2443
1896 2442
1897 2443
1898 2443
1899 2443
1900 2443
1901 2444
1902 2444
1903 2444
1904 2445
1905 2444
1906 2444
1907 2445
1908 2445
1909 2445
1910 2445
1911 2445
1912 2444
1913 2443
1914 2444
1915 2443
1916 2443
1917 2443
1918 2443
1919 2443
1920 2443
1921 2444
1922 2445
1923 2443
1924 2442
1925 2442
1926 2442
1927 2442
1928 2442
1929 2442
1930 2442
1931 2442
1932 2442
1933 2442
1934 2442
1935 2441
1936 2441
1937 2441
1938 2441
1939 2441
1940 2441
1941 2441
1942 2441
1943 2440
1944 2441
1945 2440
1946 2440
1947 2441
1948 2440
1949 2441
1950 2441
1951 2440
1952 2439
1953 2439
1954 2439
1955 2439
1956 2439
1957 2438
1958 2439
1959 2438
1960 2438
1961 2439
1962 2439
1963 2439
1964 2445
1965 2440
1966 2438
1967 2439
1968 2437
1969 2439
1970 2437
1971 2437
1972 2440
1973 2441
1974 2439
1975 2439
1976 2439
1977 2438
1978 2437
1979 2439
1980 2438
1981 2438
1982 2438
1983 2437
1984 2437
1985 2438
1986 2437
1987 2437
1988 2437
1989 2438
1990 2438
1991 2440
1992 2435
1993 2435
1994 2439
1995 2435
1996 2435
1997 2435
1998 2436
1999 2434
2000 2436
2001 2434
2002 2433
2003 2435
2004 2433
2005 2436
2006 2431
2007 2432
2008 2431
2009 2430
2010 2429
2011 2429
2012 2430
2013 2429
2014 2430
2015 2430
2016 2430
2017 2430
2018 2428
2019 2429
2020 2428
2021 2428
2022 2430
2023 2430
2024 2430
2025 2431
2026 2432
2027 2431
2028 2430
2029 2430
2030 2430
2031 2430
2032 2429
2033 2429
2034 2430
2035 2429
2036 2428
2037 2428
2038 2428
2039 2428
2040 2428
2041 2428
2042 2428
2043 2428
2044 2427
2045 2428
2046 2428
2047 2427
2048 2427
2049 2427
2050 2427
2051 2426
2052 2426
2053 2426
2054 2426
2055 2426
2056 2426
2057 2426
2058 2427
2059 2426
2060 2425
2061 2425
2062 2426
2063 2426
2064 2425
2065 2425
2066 2425
2067 2425
2068 2424
2069 2424
2070 2424
2071 2424
2072 2424
2073 2424
2074 2424
2075 2424
2076 2424
2077 2424
2078 2424
2079 2424
2080 2424
2081 2425
2082 2425
2083 2424
2084 2424
2085 2423
2086 2422
2087 2422
2088 2422
2089 2421
2090 2421
2091 2420
2092 2421
2093 2420
2094 2420
2095 2420
2096 2419
2097 2419
2098 2419
2099 2419
2100 2419
2101 2419
2102 2419
2103 2419
2104 2419
2105 2419
2106 2419
2107 2419
2108 2419
2109 2419
2110 2419
2111 2419
2112 2419
2113 2419
2114 2420
2115 2420
2116 2420
2117 2420
2118 2420
2119 2420
2120 2420
2121 2420
2122 2420
2123 2419
2124 2419
2125 2419
2126 2420
2127 2420
2128 2419
2129 2419
2130 2419
2131 2419
2132 2419
2133 2419
2134 2419
2135 2418
2136 2419
2137 2418
2138 2419
2139 2419
2140 2419
2141 2419
2142 2419
2143 2419
2144 2419
2145 2419
2146 2420
2147 2420
2148 2419
2149 2419
2150 2419
2151 2419
2152 2420
2153 2420
2154 2420
2155 2420
2156 2420
2157 2421
2158 2421
2159 2420
2160 2420
2161 2420
2162 2420
2163 2421
2164 2420
2165 2420
2166 2420
2167 2421
2168 2421
2169 2422
2170 2422
2171 2421
2172 2422
2173 2423
2174 2422
2175 2423
2176 2423
2177 2425
2178 2422
2179 2420
2180 2423
2181 2422
2182 2423
2183 2423
2184 2422
2185 2422
2186 2421
2187 2420
2188 2424
2189 2420
2190 2420
2191 2421
2192 2421
2193 2421
2194 2420
2195 2424
2196 2420
2197 2423
2198 2421
2199 2420
2200 2419
2201 2422
2202 2420
2203 2420
2204 2421
2205 2418
2206 2419
2207 2420
2208 2419
2209 2419
2210 2419
2211 2419
2212 2419
2213 2419
2214 2420
2215 2419
2216 2419
2217 2419
2218 2419
2219 2419
2220 2418
2221 2418
2222 2417
2223 2417
2224 2416
2225 2416
2226 2416
2227 2416
2228 2416
2229 2416
2230 2415
2231 2415
2232 2415
2233 2416
2234 2416
2235 2416
2236 2416
2237 2416
2238 2416
2239 2416
2240 2417
2241 2418
2242 2416
2243 2416
2244 2415
2245 2416
2246 2417
2247 2416
2248 2416
2249 2416
2250 2416
2251 2416
2252 2416
2253 2416
2254 2415
2255 2416
2256 2414
2257 2415
2258 2415
2259 2414
2260 2414
2261 2414
2262 2415
2263 2415
2264 2413
2265 2414
2266 2415
2267 2415
2268 2414
2269 2415
2270 2415
2271 2415
2272 2415
2273 2415
2274 2414
2275 2415
2276 2415
2277 2414
2278 2414
2279 2414
2280 2415
2281 2415
2282 2417
2283 2416
2284 2416
2285 2415
2286 2416
2287 2417
2288 2416
2289 2417
2290 2417
2291 2417
2292 2416
2293 2416
2294 2417
2295 2416
2296 2417
2297 2417
2298 2416
2299 2416
2300 2417
2301 2416
2302 2417
2303 2417
2304 2417
2305 2417
2306 2417
2307 2417
2308 2417
2309 2417
2310 2418
2311 2418
2312 2418
2313 2419
2314 2419
2315 2419
2316 2419
2317 2419
2318 2419
2319 2417
2320 2417
2321 2418
2322 2417
2323 2418
2324 2416
2325 2417
2326 2418
2327 2417
2328 2418
2329 2417
2330 2417
2331 2417
2332 2418
2333 2417
2334 2418
2335 2418
2336 2418
2337 2418
2338 2418
2339 2418
2340 2417
2341 2419
2342 2418
2343 2418
2344 2418
2345 2418
2346 2421
2347 2418
2348 2418
2349 2418
2350 2418
2351 2418
2352 2418
2353 2417
2354 2417
2355 2417
2356 2417
2357 2416
2358 2417
2359 2416
2360 2416
2361 2424
2362 2418
2363 2417
2364 2416
2365 2415
2366 2414
2367 2415
2368 2415
2369 2415
2370 2414
2371 2413
2372 2414
2373 2414
2374 2413
2375 2414
2376 2413
2377 2413
2378 2414
2379 2412
2380 2412
2381 2413
2382 2412
2383 2412
2384 2412
2385 2413
2386 2412
2387 2412
2388 2412
2389 2412
2390 2412
2391 2415
2392 2411
2393 2411
2394 2412
2395 2411
2396 2411
2397 2412
2398 2412
2399 2411
2400 2411
2401 2411
2402 2411
2403 2411
2404 2411
2405 2411
2406 2411
2407 2411
2408 2411
2409 2412
2410 2412
2411 2411
2412 2411
2413 2411
2414 2411
2415 2412
2416 2412
2417 2411
2418 2411
2419 2411
2420 2411
2421 2411
2422 2411
2423 2417
2424 2411
2425 2412
2426 2411
2427 2412
2428 2411
2429 2411
2430 2411
2431 2411
2432 2411
2433 2413
2434 2415
2435 2410
2436 2411
2437 2411
2438 2411
2439 2411
2440 2411
2441 2411
2442 2410
2443 2411
2444 2411
2445 2410
2446 2411
2447 2411
2448 2414
2449 2414
2450 2411
2451 2411
2452 2411
2453 2411
2454 2415
2455 2412
2456 2411
2457 2411
2458 2411
2459 2411
2460 2412
2461 2411
2462 2411
2463 2411
2464 2411
2465 2411
2466 2412
2467 2412
2468 2411
2469 2411
2470 2412
2471 2411
2472 2410
2473 2411
2474 2411
2475 2411
2476 2411
2477 2411
2478 2413
2479 2416
2480 2411
2481 2411
2482 2411
2483 2410
2484 2410
2485 2410
2486 2411
2487 2411
2488 2410
2489 2410
2490 2410
2491 2410
2492 2410
2493 2410
2494 2410
2495 2410
2496 2410
2497 2410
2498 2410
2499 2410
2500 2410
2501 2410
2502 2409
2503 2409
2504 2410
2505 2409
2506 2409
2507 2409
2508 2409
2509 2409
2510 2409
2511 2409
2512 2409
2513 2409
2514 2409
2515 2409
2516 2409
2517 2409
2518 2409
2519 2409
2520 2409
2521 2409
2522 2409
2523 2409
2524 2408
2525 2408
2526 2408
2527 2409
2528 2409
2529 2409
2530 2409
2531 2409
2532 2409
2533 2409
2534 2409
2535 2409
2536 2409
2537 2409
2538 2409
2539 2409
2540 2409
2541 2409
2542 2409
2543 2409
2544 2409
2545 2409
2546 2408
2547 2409
2548 2409
2549 2409
2550 2409
2551 2410
2552 2409
2553 2409
2554 2409
2555 2408
2556 2408
2557 2410
2558 2408
2559 2408
2560 2408
2561 2408
2562 2408
2563 2408
2564 2408
2565 2408
2566 2408
2567 2408
2568 2408
2569 2408
2570 2408
2571 2408
2572 2408
2573 2408
2574 2408
2575 2408
2576 2408
2577 2408
2578 2408
2579 2408
2580 2409
2581 2408
2582 2408
2583 2408
2584 2408
2585 2408
2586 2408
2587 2408
2588 2408
2589 2408
2590 2407
2591 2408
2592 2408
2593 2407
2594 2407
2595 2408
2596 2408
2597 2407
2598 2407
2599 2407
2600 2407
2601 2407
2602 2407
2603 2407
2604 2407
2605 2407
2606 2407
2607 2406
2608 2406
2609 2406
2610 2406
2611 2406
2612 2406
2613 2406
2614 2406
2615 2406
2616 2405
2617 2405
2618 2406
2619 2405
2620 2405
2621 2405
2622 2406
2623 2405
2624 2405
2625 2405
2626 2405
2627 2405
2628 2405
2629 2405
2630 2405
2631 2405
2632 2404
2633 2404
2634 2404
2635 2404
2636 2405
2637 2405
2638 2404
2639 2404
2640 2404
2641 2405
2642 2404
2643 2405
2644 2405
2645 2405
2646 2404
2647 2404
2648 2407
2649 2406
2650 2407
2651 2408
2652 2406
2653 2406
2654 2408
2655 2408
2656 2407
2657 2407
2658 2407
2659 2407
2660 2406
2661 2406
2662 2407
2663 2407
2664 2408
2665 2408
2666 2408
2667 2409
2668 2408
2669 2409
2670 2408
2671 2407
2672 2408
2673 2408
2674 2407
2675 2407
2676 2407
2677 2408
2678 2407
2679 2406
2680 2406
2681 2407
2682 2407
2683 2407
2684 2406
2685 2406
2686 2407
2687 2407
2688 2407
2689 2407
2690 2408
2691 2407
2692 2407
2693 2408
2694 2409
2695 2409
2696 2409
2697 2408
2698 2411
2699 2408
2700 2408
2701 2408
2702 2408
2703 2408
2704 2409
2705 2408
2706 2409
2707 2409
2708 2409
2709 2409
2710 2409
2711 2412
2712 2409
2713 2409
2714 2409
2715 2410
2716 2409
2717 2409
2718 2408
2719 2408
2720 2408
2721 2409
2722 2409
2723 2408
2724 2408
2725 2408
2726 2409
2727 2408
2728 2408
2729 2408
2730 2408
2731 2408
2732 2408
2733 2408
2734 2407
2735 2408
2736 2408
2737 2408
2738 2408
2739 2408
2740 2408
2741 2409
2742 2409
2743 2408
2744 2409
2745 2408
2746 2408
2747 2408
2748 2408
2749 2408
2750 2408
2751 2408
2752 2408
2753 2407
2754 2408
2755 2408
2756 2408
2757 2408
2758 2408
2759 2408
2760 2409
2761 2408
2762 2409
2763 2410
2764 2408
2765 2407
2766 2407
2767 2406
2768 2406
2769 2406
2770 2406
2771 2405
2772 2406
2773 2406
2774 2406
2775 2406
2776 2406
2777 2406
2778 2406
2779 2408
2780 2405
2781 2407
2782 2405
2783 2405
2784 2405
2785 2404
2786 2404
2787 2404
2788 2404
2789 2406
2790 2405
2791 2405
2792 2405
2793 2405
2794 2405
2795 2405
2796 2404
2797 2405
2798 2404
2799 2406
2800 2405
2801 2404
2802 2404
2803 2404
2804 2405
2805 2404
2806 2406
2807 2405
2808 2406
2809 2406
2810 2407
2811 2406
2812 2406
2813 2406
2814 2406
2815 2406
2816 2406
2817 2407
2818 2406
2819 2406
2820 2406
2821 2406
2822 2406
2823 2406
2824 2406
2825 2406
2826 2406
2827 2406
2828 2406
2829 2406
2830 2406
2831 2406
2832 2405
2833 2405
2834 2406
2835 2406
2836 2406
2837 2406
2838 2406
2839 2405
2840 2406
2841 2407
2842 2407
2843 2407
2844 2407
2845 2407
2846 2407
2847 2408
2848 2413
2849 2409
2850 2413
2851 2408
2852 2409
2853 2412
2854 2407
2855 2408
2856 2408
2857 2408
2858 2408
2859 2412
2860 2408
2861 2407
2862 2407
2863 2410
2864 2407
2865 2407
2866 2408
2867 2408
2868 2411
2869 2408
2870 2408
2871 2407
2872 2407
2873 2410
2874 2409
2875 2409
2876 2408
2877 2407
2878 2407
2879 2409
2880 2407
2881 2407
2882 2411
2883 2410
2884 2407
2885 2409
2886 2410
2887 2407
2888 2412
2889 2411
2890 2410
2891 2407
2892 2407
2893 2408
2894 2408
2895 2407
2896 2407
2897 2410
2898 2411
2899 2412
2900 2408
2901 2408
2902 2410
2903 2408
2904 2409
2905 2408
2906 2408
2907 2407
2908 2408
2909 2407
2910 2407
2911 2407
2912 2407
2913 2408
2914 2407
2915 2407
2916 2407
2917 2408
2918 2408
2919 2407
2920 2407
2921 2407
2922 2408
2923 2408
2924 2408
2925 2408
2926 2408
2927 2408
2928 2409
2929 2408
2930 2408
2931 2408
2932 2408
2933 2408
2934 2408
2935 2409
2936 2409
2937 2410
2938 2410
2939 2409
2940 2410
2941 2409
2942 2409
2943 2409
2944 2410
2945 2410
2946 2411
2947 2409
2948 2410
2949 2410
2950 2409
2951 2409
2952 2409
2953 2409
2954 2409
2955 2409
2956 2410
2957 2409
2958 2410
2959 2410
2960 2409
2961 2410
2962 2408
2963 2409
2964 2409
2965 2409
2966 2409
2967 2409
2968 2409
2969 2409
2970 2409
2971 2409
2972 2409
2973 2409
2974 2408
2975 2409
2976 2409
2977 2408
2978 2408
2979 2409
2980 2408
2981 2409
2982 2409
2983 2412
2984 2410
2985 2408
2986 2408
2987 2407
2988 2405
2989 2405
2990 2404
2991 2403
2992 2403
2993 2404
2994 2402
2995 2402
2996 2402
2997 2402
2998 2402
2999 2408
3000 2402
3001 2400
3002 2401
3003 2401
3004 2400
3005 2400
3006 2401
3007 2401
3008 2402
3009 2402
3010 2402
3011 2402
3012 2402
3013 2402
3014 2403
3015 2403
3016 2403
3017 2403
3018 2402
3019 2405
3020 2403
3021 2402
3022 2402
3023 2401
3024 2401
3025 2401
3026 2405
3027 2402
3028 2401
3029 2401
3030 2401
3031 2401
3032 2401
3033 2402
3034 2400
3035 2400
3036 2400
3037 2400
3038 2399
3039 2399
3040 2399
3041 2399
3042 2399
3043 2399
3044 2400
3045 2399
3046 2398
3047 2398
3048 2398
3049 2399
3050 2398
3051 2402
3052 2398
3053 2398
3054 2398
3055 2398
3056 2398
3057 2398
3058 2398
3059 2398
3060 2398
3061 2398
3062 2399
3063 2399
3064 2398
3065 2399
3066 2399
3067 2398
3068 2398
3069 2398
3070 2398
3071 2397
3072 2398
3073 2398
3074 2397
3075 2400
3076 2397
3077 2397
3078 2397
3079 2396
3080 2396
3081 2396
3082 2395
3083 2395
3084 2396
3085 2396
3086 2400
3087 2396
3088 2396
3089 2396
3090 2395
3091 2395
3092 2396
3093 2395
3094 2396
3095 2396
3096 2395
3097 2395
3098 2395
3099 2395
3100 2394
3101 2395
3102 2394
3103 2398
3104 2393
3105 2393
3106 2393
3107 2393
3108 2393
3109 2393
3110 2391
3111 2392
3112 2400
3113 2400
3114 2401
3115 2401
3116 2394
3117 2393
3118 2394
3119 2393
3120 2399
3121 2397
3122 2393
3123 2392
3124 2391
3125 2391
3126 2392
3127 2390
3128 2390
3129 2391
3130 2391
3131 2392
3132 2392
3133 2391
3134 2391
3135 2391
3136 2391
3137 2391
3138 2390
3139 2391
3140 2391
3141 2391
3142 2391
3143 2390
3144 2390
3145 2392
3146 2390
3147 2390
3148 2390
3149 2390
3150 2389
3151 2389
3152 2390
3153 2390
3154 2389
3155 2389
3156 2389
3157 2389
3158 2389
3159 2388
3160 2388
3161 2388
3162 2388
3163 2388
3164 2388
3165 2388
3166 2388
3167 2391
3168 2388
3169 2386
3170 2387
3171 2386
3172 2387
3173 2386
3174 2387
3175 2386
3176 2387
3177 2387
3178 2387
3179 2387
3180 2387
3181 2386
3182 2385
3183 2387
3184 2386
3185 2387
3186 2386
3187 2386
3188 2386
3189 2387
3190 2387
3191 2387
3192 2386
3193 2386
3194 2385
3195 2386
3196 2386
3197 2386
3198 2387
3199 2385
3200 2386
3201 2386
3202 2386
3203 2386
3204 2385
3205 2386
3206 2386
3207 2385
3208 2386
3209 2385
3210 2385
3211 2385
3212 2383
3213 2385
3214 2385
3215 2385
3216 2385
3217 2385
3218 2385
3219 2385
3220 2385
3221 2385
3222 2385
3223 2384
3224 2385
3225 2385
3226 2385
3227 2384
3228 2385
3229 2385
3230 2384
3231 2384
3232 2384
3233 2384
3234 2384
3235 2384
3236 2384
3237 2384
3238 2384
3239 2384
3240 2385
3241 2385
3242 2384
3243 2383
3244 2383
3245 2383
3246 2383
3247 2383
3248 2383
3249 2382
3250 2383
3251 2382
3252 2382
3253 2383
3254 2383
3255 2382
3256 2382
3257 2382
3258 2382
3259 2382
3260 2382
3261 2382
3262 2382
3263 2382
3264 2381
3265 2382
3266 2381
3267 2381
3268 2381
3269 2381
3270 2381
3271 2380
3272 2381
3273 2380
3274 2379
3275 2380
3276 2380
3277 2380
3278 2380
3279 2379
3280 2380
3281 2380
3282 2380
3283 2380
3284 2379
3285 2380
3286 2380
3287 2379
3288 2380
3289 2379
3290 2379
3291 2379
3292 2378
3293 2378
3294 2378
3295 2378
3296 2377
3297 2379
3298 2379
3299 2376
3300 2376
3301 2375
3302 2375
3303 2374
3304 2374
3305 2374
3306 2376
3307 2374
3308 2378
3309 2374
3310 2373
3311 2374
3312 2374
3313 2375
3314 2375
3315 2374
3316 2373
3317 2373
3318 2373
3319 2375
3320 2375
3321 2372
3322 2372
3323 2371
3324 2374
3325 2371
3326 2371
3327 2370
3328 2371
3329 2371
3330 2370
3331 2376
3332 2370
3333 2370
3334 2370
3335 2369
3336 2369
3337 2369
3338 2370
3339 2370

2449 2438
2450 2437
2451 2441
2452 2441
2453 2442
2454 2441
2455 2442
2456 2443
2457 2445
2458 2447
2459 2446
2460 2446
2461 2446
2462 2447
2463 2447
2464 2448
2465 2445
2466 2449
2467 2448
2468 2447
2469 2446
2470 2447
2471 2451
2472 2451
2473 2446
2474 2452
2475 2449
2476 2448
2477 2448
2478 2445
2479 2445
2480 2445
2481 2445
2482 2444
2483 2445
2484 2449
2485 2445
2486 2445
2487 2445
2488 2445
2489 2449
2490 2445
2491 2445
2492 2445
2493 2444
2494 2446
2495 2445
2496 2446
2497 2445
2498 2444
2499 2446
2500 2443
2501 2445
2502 2444
2503 2444
2504 2443
2505 2444
2506 2448
2507 2442
2508 2443
2509 2445
2510 2448
2511 2446
2512 2442
2513 2444
2514 2444
2515 2443
2516 2445
2517 2445
2518 2450
2519 2444
2520 2445
2521 2445
2522 2446
2523 2448
2524 2448
2525 2444
2526 2445
2527 2444
2528 2445
2529 2449
2530 2446
2531 2452
2532 2445
2533 2445
2534 2447
2535 2445
2536 2445
2537 2443
2538 2447
2539 2445
2540 2445
2541 2446
2542 2445
2543 2445
2544 2445
2545 2447
2546 2450
2547 2444
2548 2445
2549 2451
2550 2446
2551 2445
2552 2442
2553 2442
2554 2450
2555 2441
2556 2439
2557 2446
2558 2439
2559 2449
2560 2445
2561 2442
2562 2446
2563 2436
2564 2438
2565 2437
2566 2438
2567 2437
2568 2437
2569 2437
2570 2437
2571 2436
2572 2436
2573 2435
2574 2435
2575 2435
2576 2436
2577 2439
2578 2435
2579 2436
2580 2436
2581 2437
2582 2434
2583 2434
2584 2431
2585 2429
2586 2429
2587 2430
2588 2429
2589 2431
2590 2427
2591 2433
2592 2431
2593 2431
2594 2432
2595 2432
2596 2432
2597 2433
2598 2432
2599 2430
2600 2432
2601 2432
2602 2433
2603 2430
2604 2435
2605 2428
2606 2429
2607 2429
2608 2431
2609 2428
2610 2432
2611 2429
2612 2436
2613 2429
2614 2428
2615 2428
2616 2428
2617 2423
2618 2430
2619 2433
2620 2437
2621 2432
2622 2432
2623 2429
2624 2429
2625 2428
2626 2430
2627 2430
2628 2428
2629 2427
2630 2426
2631 2428
2632 2428
2633 2428
2634 2428
2635 2427
2636 2427
2637 2428
2638 2429
2639 2426
2640 2426
2641 2427
2642 2427
2643 2426
2644 2425
2645 2427
2646 2425
2647 2420
2648 2425
2649 2426
2650 2431
2651 9999
2652 2424
2653 2424

