2145 2418
2146 2418
2147 2418
2148 2419
2149 2418
2150 2419
2151 2419
2152 2417
2153 2418
2154 2418
2155 2418
2156 2418
2157 2418
2158 2420
2159 2418
2160 2418
2161 2419
2162 2420
2163 2419
2164 2419
2165 2419
2166 2421
2167 2421
2168 2419
2169 2419
2170 2420
2171 2421
2172 2418
2173 2418
2174 2418
2175 2418
2176 2417
2177 2418
2178 2419
2179 2420
2180 2419
2181 2420
2182 2420
2183 2421
2184 2421
2185 2421
2186 2421
2187 2420
2188 2421
2189 2421
2190 2421
2191 2421
2192 2420
2193 2421
2194 2424
2195 2420
2196 2421
2197 2420
2198 2420
2199 2420
2200 2425
2201 2420
2202 2421
2203 2422
2204 2422
2205 2421
2206 2421
2207 2422
2208 2421
2209 2421
2210 2422
2211 2420
2212 2423
2213 2422
2214 2422
2215 2422
2216 2421
2217 2421
2218 2422
2219 2423
2220 2422
2221 2422
2222 2422
2223 2422
2224 2421
2225 2421
2226 2421
2227 2419
2228 2420
2229 2420
2230 2420
2231 2421
2232 2420
2233 2421
2234 2421
2235 2420
2236 2420
2237 2423
2238 2421
2239 2422
2240 2421
2241 2421
2242 2423
2243 2421
2244 2422
2245 2424
2246 2423
2247 2422
2248 2423
2249 2424
2250 2423
2251 2422
2252 2422
2253 2421
2254 2421
2255 2421
2256 2422
2257 2422
2258 2422
2259 2421
2260 2422
2261 2420
2262 2420
2263 2420
2264 2420
2265 2421
2266 2420
2267 2419
2268 2419
2269 2419
2270 2419
2271 2419
2272 2418
2273 2419
2274 2419
2275 2419
2276 2421
2277 2421
2278 2420
2279 2421
2280 2420
2281 2419
2282 2419
2283 2422
2284 2419
2285 2419
2286 2419
2287 2419
2288 2418
2289 2422
2290 2419
2291 2419
2292 2418
2293 2421
2294 2420
2295 2420
2296 2421
2297 2419
2298 2418
2299 2418
2300 2418
2301 2418
2302 2418
2303 2419
2304 2419
2305 2419
2306 2419
2307 2419
2308 2419
2309 2419
2310 2419
2311 2420
2312 2420
2313 2420
2314 2420
2315 2420
2316 2420
2317 2420
2318 2420
2319 2420
2320 2420
2321 2420
2322 2420
2323 2420
2324 2420
2325 2420
2326 2421
2327 2420
2328 2421
2329 2420
2330 2420
2331 2420
2332 2421
2333 2420
2334 2420
2335 2421
2336 2421
2337 2422
2338 2421
2339 2421
2340 2421
2341 2421
2342 2421
2343 2422
2344 2422
2345 2422
2346 2421
2347 2422
2348 2422
2349 2421
2350 2421
2351 2422
2352 2422
2353 2422
2354 2421
2355 2421
2356 2422
2357 2422
2358 2421
2359 2421
2360 2422
2361 2421
2362 2428
2363 2421
2364 2422
2365 2422
2366 2422
2367 2423
2368 2421
2369 2421
2370 2422
2371 2421
2372 2420
2373 2423
2374 2423
2375 2422
2376 2424
2377 2422
2378 2422
2379 2423
2380 2423
2381 2422
2382 2423
2383 2423
2384 2422
2385 2424
2386 2423
2387 2422
2388 2423
2389 2422
2390 2423
2391 2423
2392 2423
2393 2424
2394 2424
2395 2422
2396 2422
2397 2424
2398 2423
2399 2424
2400 2423
2401 2423
2402 2425
2403 2425
2404 2424
2405 2422
2406 2422
2407 2426
2408 2424
2409 2423
2410 2423
2411 2423
2412 2423
2413 2425
2414 2424
2415 2424
2416 2423
2417 2423
2418 2424
2419 2423
2420 2423
2421 2423
2422 2423
2423 2432
2424 2424
2425 2426
2426 2423
2427 2424
2428 2424
2429 2425
2430 2424
2431 2423
2432 2429
2433 2423
2434 2424
2435 2423
2436 2423
2437 2425
2438 2424
2439 2424
2440 2424
2441 2425
2442 2424
2443 2424
2444 2424
2445 2424
2446 2424
2447 2424
2448 2423
2449 2424
2450 2424
2451 2423
2452 2424
2453 2424
2454 2424
2455 2424
2456 2425
2457 2425
2458 2425
2459 2424
2460 2424
2461 2424
2462 2424
2463 2424
2464 2423
2465 2424
2466 2424
2467 2424
2468 2424
2469 2424
2470 2424
2471 2424
2472 2425
2473 2425
2474 2425
2475 2425
2476 2426
2477 2426
2478 2424
2479 2423
2480 2424
2481 2429
2482 2425
2483 2426
2484 2425
2485 2424
2486 2424
2487 2424
2488 2427
2489 2425
2490 2425
2491 2423
2492 2424
2493 2425
2494 2425
2495 2425
2496 2425
2497 2426
2498 2426
2499 2426
2500 2426
2501 2426
2502 2426
2503 2426
2504 2426
2505 2426
2506 2426
2507 2426
2508 2426
2509 2426
2510 2427
2511 2427
2512 2426
2513 2427
2514 2427
2515 2426
2516 2427
2517 2427
2518 2427
2519 2428
2520 2427
2521 2428
2522 2427
2523 2427
2524 2427
2525 2427
2526 2426
2527 2426
2528 2427
2529 2429
2530 2428
2531 2427
2532 2427
2533 2428
2534 2428
2535 2429
2536 2428
2537 2427
2538 2427
2539 2427
2540 2427
2541 2427
2542 2427
2543 2427
2544 2427
2545 2427
2546 2426
2547 2426
2548 2426
2549 2427
2550 2427
2551 2428
2552 2428
2553 2429
2554 2429
2555 2429
2556 2432
2557 2431
2558 2430
2559 2429
2560 2432
2561 2432
2562 2432
2563 2432
2564 2433
2565 2433
2566 2433
2567 2433
2568 2433
2569 2435
2570 2432
2571 2431
2572 2434
2573 2432
2574 2432
2575 2432
2576 2432
2577 2432
2578 2432
2579 2432
2580 2430
2581 2431
2582 2431
2583 2431
2584 2432
2585 2431
2586 2432
2587 2432
2588 2432
2589 2431
2590 2433
2591 2434
2592 2432
2593 2433
2594 2434
2595 2433
2596 2433
2597 2433
2598 2433
2599 2432
2600 2432
2601 2433
2602 2432
2603 2432
2604 2433
2605 2433
2606 2433
2607 2434
2608 2433
2609 2433
2610 2434
2611 2435
2612 2434
2613 2433
2614 2432
2615 2440
2616 2434
2617 2433
2618 2434
2619 2434
2620 2435
2621 2437
2622 2435
2623 2436
2624 2435
2625 2433
2626 2434
2627 2436
2628 2433
2629 2438
2630 2434
2631 2435
2632 2435
2633 2435
2634 2436
2635 2436
2636 2436
2637 2437
2638 2436
2639 2438
2640 2437
2641 2441
2642 2436
2643 2438
2644 2438
2645 2438
2646 2436
2647 2436
2648 2437
2649 2437
2650 2437
2651 2437
2652 2437
2653 2437
2654 2437
2655 2438
2656 2437
2657 2438
2658 2437
2659 2438
2660 2437
2661 2438
2662 2439
2663 2438
2664 2437
2665 2438
2666 2441
2667 2441
2668 2438
2669 2440
2670 2438
2671 2437
2672 2437
2673 2437
2674 2437
2675 2437
2676 2438
2677 2437
2678 2438
2679 2438
2680 2439
2681 2439
2682 2439
2683 2440
2684 2440
2685 2440
2686 2441
2687 2442
2688 2443
2689 2442
2690 2442
2691 2442
2692 2443
2693 2443
2694 2443
2695 2443
2696 2443
2697 2442
2698 2443
2699 2443
2700 2443
2701 2443
2702 2442
2703 2443
2704 2442
2705 2442
2706 2442
2707 2442
2708 2442
2709 2443
2710 2443
2711 2443
2712 2443
2713 2442
2714 2441
2715 2440
2716 2441
2717 2441
2718 2441
2719 2440
2720 2440
2721 2440
2722 2440
2723 2440
2724 2440
2725 2441
2726 2440
2727 2440
2728 2440
2729 2441
2730 2441
2731 2441
2732 2441
2733 2441
2734 2441
2735 2441
2736 2441
2737 2441
2738 2441
2739 2441
2740 2441
2741 2441
2742 2441
2743 2442
2744 2442
2745 2442
2746 2441
2747 2441
2748 2441
2749 2441
2750 2441
2751 2440
2752 2440
2753 2440
2754 2440
2755 2440
2756 2438
2757 2439
2758 2441
2759 2440
2760 2440
2761 2440
2762 2442
2763 2441
2764 2442
2765 2443
2766 2440
2767 2442
2768 2442
2769 2442
2770 2441
2771 2441
2772 2450
2773 2442
2774 2441
2775 2441
2776 2442
2777 2443
2778 2442
2779 2443
2780 2444
2781 2444
2782 2443
2783 2443
2784 2444
2785 2444
2786 2444
2787 2444
2788 2443
2789 2444
2790 2444
2791 2444
2792 2444
2793 2444
2794 2444
2795 2444
2796 2444
2797 2444
2798 2444
2799 2444
2800 2444
2801 2444
2802 2444
2803 2444
2804 2444
2805 2445
2806 2445
2807 2445
2808 2445
2809 2445
2810 2446
2811 2446
2812 2446
2813 2445
2814 2444
2815 2444
2816 2444
2817 2445
2818 2445
2819 2444
2820 2444
2821 2445
2822 2444
2823 2444
2824 2443
2825 2443
2826 2443
2827 2443
2828 2443
2829 2443
2830 2443
2831 2442
2832 2443
2833 2443
2834 2443
2835 2443
2836 2442
2837 2442
2838 2442
2839 2443
2840 2442
2841 2442
2842 2443
2843 2443
2844 2443
2845 2443
2846 2443
2847 2443
2848 2443
2849 2443
2850 2443
2851 2443
2852 2443
2853 2443
2854 2443
2855 2443
2856 2444
2857 2443
2858 2443
2859 2443
2860 2443
2861 2444
2862 2443
2863 2443
2864 2443
2865 2443
2866 2443
2867 2443
2868 2443
2869 2443
2870 2443
2871 2443
2872 2443
2873 2444
2874 2443
2875 2443
2876 2444
2877 2444
2878 2444
2879 2444
2880 2445
2881 2444
2882 2446
2883 2445
2884 2444
2885 2443
2886 2444
2887 2444
2888 2444
2889 2445
2890 2445
2891 2446
2892 2446
2893 2445
2894 2445
2895 2446
2896 2446
2897 2446
2898 2446
2899 2445
2900 2445
2901 2446
2902 2446
2903 2446
2904 2445
2905 2445
2906 2446
2907 2447
2908 2446
2909 2448
2910 2449
2911 2449
2912 2449
2913 2449
2914 2449
2915 2450
2916 2450
2917 2449
2918 2449
2919 2450
2920 2449
2921 2450
2922 2450
2923 2450
2924 2450
2925 2450
2926 2450
2927 2450
2928 2450
2929 2450
2930 2450
2931 2450
2932 2450
2933 2450
2934 2450
2935 2450
2936 2451
2937 2451
2938 2451
2939 2451
2940 2452
2941 2453
2942 2453
2943 2453
2944 2453
2945 2453
2946 2453
2947 2454
2948 2453
2949 2454
2950 2454
2951 2455
2952 2455
2953 2454
2954 2454
2955 2454
2956 2454
2957 2453
2958 2454
2959 2454
2960 2454
2961 2454
2962 2454
2963 2454
2964 2454
2965 2454
2966 2454
2967 2454
2968 2455
2969 2455
2970 2455
2971 2456
2972 2456
2973 2456
2974 2456
2975 2456
2976 2457
2977 2457
2978 2457
2979 2456
2980 2455
2981 2456
2982 2456
2983 2456
2984 2456
2985 2456
2986 2457
2987 2457
2988 2458
2989 2457
2990 2457
2991 2457
2992 2457
2993 2458
2994 2458
2995 2457
2996 2457
2997 2458
2998 2457
2999 2457
3000 2458
3001 2459
3002 2459
3003 2460
3004 2460
3005 2460
3006 2461
3007 2461
3008 2461
3009 2462
3010 2461
3011 2462
3012 2461
3013 2462
3014 2461
3015 2461
3016 2461
3017 2461
3018 2461
3019 2461
3020 2461
3021 2461
3022 2461
3023 2461
3024 2462
3025 2462
3026 2462
3027 2462
3028 2462
3029 2462
3030 2462
3031 2462
3032 2462
3033 2462
3034 2462
3035 2462
3036 2462
3037 2462
3038 2462
3039 2462
3040 2462
3041 2462
3042 2462
3043 2463
3044 2463
3045 2463
3046 2463
3047 2463
3048 2463
3049 2463
3050 2463
3051 2463
3052 2463
3053 2463
3054 2464
3055 2464
3056 2464
3057 2464
3058 2465
3059 2465
3060 2465
3061 2465
3062 2466
3063 2466
3064 2466
3065 2466
3066 2466
3067 2467
3068 2467
3069 2467
3070 2467
3071 2467
3072 2467
3073 2468
3074 2468
3075 2468
3076 2467
3077 2467
3078 2468
3079 2468
3080 2468
3081 2468
3082 2467
3083 2468
3084 2469
3085 2468
3086 2468
3087 2468
3088 2468
3089 2468
3090 2468
3091 2468
3092 2467
3093 2468
3094 2467
3095 2468
3096 2467
3097 2467
3098 2467
3099 2467
3100 2468
3101 2467
3102 2468
3103 2468
3104 2469
3105 2471
3106 2471
3107 2470
3108 2471
3109 2472
3110 2471
3111 2475
3112 2475
3113 2474
3114 2474
3115 2474
3116 2475
3117 2473
3118 2474
3119 2473
3120 2473
3121 2473
3122 2472
3123 2474
3124 2473
3125 2473
3126 2474
3127 2474
3128 2474
3129 2473
3130 2474
3131 2474
3132 2475
3133 2474
3134 2475
3135 2475
3136 2474
3137 2475
3138 2475
3139 2476
3140 2475
3141 2476
3142 2477
3143 2475
3144 2475
3145 2475
3146 2475
3147 2474
3148 2474
3149 2473
3150 2473
3151 2473
3152 2473
3153 2473
3154 2474
3155 2474
3156 2474
3157 2474
3158 2474
3159 2474
3160 2474
3161 2473
3162 2474
3163 2473
3164 2474
3165 2474
3166 2474
3167 2474
3168 2474
3169 2475
3170 2474
3171 2474
3172 2474
3173 2474
3174 2474
3175 2474
3176 2474
3177 2474
3178 2474
3179 2474
3180 2474
3181 2474
3182 2474
3183 2474
3184 2474
3185 2475
3186 2475
3187 2475
3188 2474
3189 2474
3190 2474
3191 2474
3192 2475
3193 2475
3194 2475
3195 2475
3196 2475
3197 2475
3198 2475
3199 2475
3200 2474
3201 2475
3202 2475
3203 2475
3204 2475
3205 2475
3206 2474
3207 2475
3208 2475
3209 2475
3210 2475
3211 2476
3212 2475
3213 2475
3214 2475
3215 2476
3216 2476
3217 2476
3218 2475
3219 2477
3220 2477
3221 2477
3222 2477
3223 2477
3224 2477
3225 2477
3226 2477
3227 2477
3228 2477
3229 2477
3230 2478
3231 2478
3232 2477
3233 2477
3234 2478
3235 2477
3236 2477
3237 2477
3238 2477
3239 2477
3240 2477
3241 2478
3242 2478
3243 2477
3244 2477
3245 2478
3246 2478
3247 2477
3248 2478
3249 2477
3250 2477
3251 2478
3252 2478
3253 2477
3254 2478
3255 2478
3256 2479
3257 2478
3258 2479
3259 2478
3260 2479
3261 2479
3262 2479
3263 2479
3264 2480
3265 2479
3266 2479
3267 2479
3268 2479
3269 2479
3270 2479
3271 2479
3272 2479
3273 2479
3274 2479
3275 2480
3276 2480
3277 2480
3278 2480
3279 2480
3280 2479
3281 2480
3282 2480
3283 2480
3284 2480
3285 2481
3286 2480
3287 2480
3288 2481
3289 2480
3290 2480
3291 2480
3292 2480
3293 2481
3294 2481
3295 2481
3296 2481
3297 2481
3298 2481
3299 2481
3300 2481
3301 2481
3302 2481
3303 2481
3304 2482
3305 2482
3306 2482
3307 2481
3308 2480
3309 2482
3310 2482
3311 2481
3312 2482
3313 2482
3314 2482
3315 2483
3316 2483
3317 2482
3318 2482
3319 2482
3320 2483
3321 2482
3322 2482
3323 2483
3324 2483
3325 2483
3326 2483
3327 2482
3328 2483
3329 2483
3330 2483
3331 2484
3332 2483
3333 2483
3334 2484
3335 2484
3336 2483
3337 2484
3338 2484
3339 2484
3340 2484
3341 2484
3342 2483
3343 2483
3344 2483
3345 2483
3346 2483
3347 2483
3348 2484
3349 2483
3350 2484
3351 2484
3352 2483
3353 2484
3354 2483
3355 2484
3356 2484
3357 2484
3358 2484
3359 2484
3360 2485
3361 2485
3362 2484
3363 2485
3364 2486
3365 2485
3366 2485
3367 2485
3368 2486
3369 2485
3370 2487
3371 2486
3372 2486
3373 2486
3374 2486
3375 2486
3376 2486
3377 2486
3378 2486
3379 2486
3380 2486
3381 2487
3382 2486
3383 2486
3384 2487
3385 2487
3386 2487
3387 2487
3388 2487
3389 2487
3390 2487
3391 2486
3392 2487
3393 2487
3394 2487
3395 2487
3396 2487
3397 2487
3398 2487
3399 2487
3400 2487
3401 2487
3402 2488
3403 2488
3404 2488
3405 2488
3406 2488
3407 2487
3408 2488
3409 2487
3410 2488
3411 2488
3412 2488
3413 2489
3414 2489
3415 2488
3416 2488
3417 2488
3418 2488
3419 2488
3420 2488
3421 2489
3422 2488
3423 2488
3424 2492
3425 2489
3426 2487
3427 2487
3428 2488
3429 2488
3430 2488
3431 2488
3432 2488
3433 2489
3434 2488
3435 2489
3436 2488
3437 2488
3438 2488
3439 2488
3440 2488
3441 2488
3442 2488
3443 2488
3444 2488
3445 2488
3446 2488
3447 2488
3448 2488
3449 2488
3450 2488
3451 2488
3452 2488
3453 2488
3454 2488
3455 2488
3456 2488
3457 2488
3458 2488
3459 2489
3460 2489
3461 2489
3462 2489
3463 2490
3464 2489
3465 2490
3466 2489
3467 2489
3468 2490
3469 2490
3470 2489
3471 2491
3472 2491
3473 2490
3474 2490
3475 2490
3476 2490
3477 2488
3478 2490
3479 2490
3480 2490
3481 2490
3482 2490
3483 2492
3484 2490
3485 2491
3486 2491
3487 2491
3488 2490
3489 2490
3490 2490
3491 2491
3492 2491
3493 2490
3494 2492
3495 2491
3496 2490
3497 2490
3498 2491
3499 2490
3500 2492
3501 2491
3502 2492
3503 2491
3504 2491
3505 2493
3506 2490
3507 2492
3508 2491
3509 2492
3510 2492
3511 2493
3512 2492
3513 2491
3514 2492
3515 2491
3516 2492
3517 2491
3518 2492
3519 2491
3520 2492
3521 2492
3522 2493
3523 2495
3524 2491
3525 2492
3526 2492
3527 2493
3528 2492
3529 2492
3530 2499
3531 2493
3532 2492
3533 2492
3534 2494
3535 2493
3536 2493
3537 2492
3538 2493
3539 2493
3540 2493
3541 2493
3542 2493
3543 2493
3544 2493
3545 2494
3546 2493
3547 2493
3548 2493
3549 2493
3550 2494
3551 2494
3552 2494
3553 2493
3554 2493
3555 2494
3556 2494
3557 2493
3558 2494
3559 2494
3560 2494
3561 2495
3562 2493
3563 2494
3564 2494
3565 2494
3566 2494
3567 2494
3568 2494
3569 2494
3570 2494
3571 2494
3572 2495
3573 2495
3574 2495
3575 2495
3576 2495
3577 2495
3578 2494
3579 2495
3580 2494
3581 2495
3582 2495
3583 2495
3584 2495
3585 2495
3586 2495
3587 2494
3588 2494
3589 2495
3590 2494
3591 2495
3592 2495
3593 2494
3594 2495
3595 2495
3596 2495
3597 2495
3598 2495
3599 2495
3600 2495
3601 2495
3602 2495
3603 2495
3604 2495
3605 2495
3606 2495
3607 2496
3608 2495
3609 2495
3610 2496
3611 2496
3612 2495
3613 2496
3614 2496
3615 2495
3616 2495
3617 2496
3618 2496
3619 2496
3620 2496
3621 2496
3622 2496
3623 2496
3624 2496
3625 2496
3626 2495
3627 2496
3628 2496
3629 2496
3630 2496
3631 2496
3632 2496
3633 2496
3634 2496
3635 2496
3636 2496
3637 2496
3638 2496
3639 2497
3640 2496
3641 2496
3642 2496
3643 2497
3644 2497
3645 2497
3646 2497
3647 2496
3648 2497
3649 2497
3650 2497
3651 2497
3652 2497
3653 2498
3654 2497
3655 2497
3656 2497
3657 2497
3658 2497
3659 2497
3660 2497
3661 2496
3662 2497
3663 2497
3664 2497
3665 2496
3666 2497
3667 2497
3668 2496
3669 2497
3670 2496
3671 2496
3672 2496
3673 2496
3674 2496
3675 2497
3676 2496
3677 2496
3678 2496
3679 2497
3680 2497
3681 2497
3682 2496
3683 2496
3684 2495
3685 2495
3686 2495
3687 2496
3688 2495
3689 2497
3690 2497
3691 2496
3692 2495
3693 2495
3694 2499
3695 2496
3696 2498
3697 2496
3698 2496
3699 2497
3700 2496
3701 2495
3702 2496
3703 2496
3704 2496
3705 2496
3706 2497
3707 2497
3708 2496
3709 2496
3710 2496
3711 2496
3712 2496
3713 2496
3714 2496
3715 2496
3716 2496
3717 2496
3718 2495
3719 2495
3720 2496
3721 2496
3722 2496
3723 2497
3724 2497
3725 2496
3726 2496
3727 2496
3728 2496
3729 2497
3730 2496
3731 2497
3732 2496
3733 2496
3734 2496
3735 2496
3736 2496
3737 2497
3738 2496
3739 2497
3740 2497
3741 2497
3742 2496
3743 2496
3744 2497
3745 2497
3746 2497
3747 2497
3748 2497
3749 2497
3750 2497
3751 2497
3752 2498
3753 2497
3754 2497
3755 2497
3756 2497
3757 2497
3758 2497
3759 2498
3760 2498
3761 2497
3762 2498
3763 2498
3764 2498
3765 2498
3766 2497
3767 2498
3768 2498
3769 2498
3770 2498
3771 2498
3772 2498
3773 2498
3774 2499
3775 2499
3776 2499
3777 2500
3778 2500
3779 2500
3780 2499
3781 2500
3782 2500
3783 2500
3784 2499
3785 2500
3786 2500
3787 2499
3788 2499
3789 2499
3790 2500
3791 2500
3792 2500
3793 2500
3794 2500
3795 2500
3796 2500
3797 2500
3798 2500
3799 2501
3800 2501
3801 2501
3802 2501
3803 2501
3804 2502
3805 2501
3806 2501
3807 2501
3808 2501
3809 2501
3810 2501
3811 2501
3812 2501
3813 2501
3814 2501
3815 2501
3816 2501
3817 2501
3818 2501
3819 2502
3820 2501
3821 2502
3822 2501
3823 2501
3824 2501
3825 2502
3826 2501
3827 2501
3828 2501
3829 2501
3830 2501
3831 2502
3832 2501
3833 2501
3834 2501
3835 2502
3836 2502
3837 2501
3838 2501
3839 2501
3840 2502
3841 2501
3842 2501
3843 2501
3844 2501
3845 2501
3846 2501
3847 2501
3848 2502
3849 2502
3850 2502
3851 2501
3852 2501
3853 2501
3854 2501
3855 2501
3856 2501
3857 2502
3858 2501
3859 2501
3860 2501
3861 2501
3862 2502
3863 2502
3864 2500
3865 2502
3866 2502
3867 2502
3868 2501
3869 2501
3870 2502
3871 2502
3872 2502
3873 2501
3874 2501
3875 2501
3876 2502
3877 2501
3878 2501
3879 2502
3880 2502
3881 2502
3882 2502
3883 2502
3884 2501
3885 2502
3886 2501
3887 2502
3888 2502
3889 2502
3890 2502
3891 2502
3892 2502
3893 2502
3894 2501
3895 2501
3896 2502
3897 2502
3898 2502
3899 2503
3900 2503
3901 2503
3902 2503
3903 2502
3904 2503
3905 2503
3906 2503
3907 2503
3908 2503
3909 2503
3910 2505
3911 2501
3912 2503
3913 2504
3914 2503
3915 2503
3916 2502
3917 2502
3918 2503
3919 2503
3920 2503
3921 2503
3922 2502
3923 2503
3924 2504
3925 2504
3926 2504
3927 2503
3928 2503
3929 2504
3930 2503
3931 2503
3932 2503
3933 2503
3934 2504
3935 2503
3936 2503
3937 2502
3938 2503
3939 2504
3940 2504
3941 2504
3942 2504
3943 2503
3944 2504
3945 2505
3946 2504
3947 2504
3948 2503
3949 2503
3950 2504
3951 2504
3952 2504
3953 2504
3954 2504
3955 2503
3956 2504
3957 2503
3958 2504
3959 2504
3960 2504
3961 2504
3962 2507
3963 2509
3964 2505
3965 2505
3966 2503
3967 2509
3968 2505
3969 2506
3970 2505
3971 2505
3972 2507
3973 2505
3974 2504
3975 2505
3976 2506
3977 2511
3978 2505
3979 2503
3980 2510
3981 2506
3982 2506
3983 2502
3984 2503
3985 2506
3986 2506
3987 2504
3988 2507
3989 2503
3990 2506
3991 2505
3992 2503
3993 2503
3994 2503
3995 2507
3996 2503
3997 2502
3998 2503
3999 2503
4000 2505
4001 2505
4002 2502
4003 2508
4004 2504
4005 2504
4006 2501
4007 2500
4008 2502
4009 2500
4010 2500
4011 2502
4012 2501
4013 2501
4014 2503
4015 2500
4016 2500
4017 2501
4018 2499
4019 2499
4020 2498
4021 2498
4022 2500
4023 2499
4024 2501
4025 2497
4026 2500
4027 2495
4028 2494
4029 2495
4030 2503
4031 2492
4032 2503
4033 2492
4034 2491
4035 2491
4036 2492
4037 2498
4038 2491
4039 2491
4040 2491
4041 2492
4042 2491
4043 2498
4044 2491
4045 2491
4046 2491
4047 2493
4048 2492
4049 2495
4050 2495
4051 2510
4052 2503
4053 2499
4054 2497
4055 2503
4056 2511
4057 2509
4058 2506
4059 2493
4060 2491
4061 2491
4062 2502
4063 2502
4064 2501
4065 2512
4066 2512
4067 2500
4068 2502
4069 2500
4070 2505
4071 2501
4072 2504
4073 2502
4074 2501
4075 2499
4076 2501
4077 2492
4078 2492
4079 2492
4080 2495
4081 2494
4082 2494
4083 2499
4084 2495
4085 2500
4086 2499
4087 2504
4088 2504
4089 2503
4090 2505
4091 2505
4092 2492
4093 2494
4094 2495
4095 2494
4096 2496
4097 2497
4098 2493
4099 2494
4100 2492
4101 2492
4102 2493
4103 2507
4104 2492
4105 2501
4106 2492
4107 2498
4108 2496
4109 2501
4110 2496
4111 2493
4112 2494
4113 2492
4114 2493
4115 2512
4116 2501
4117 2496
4118 2500
4119 2495
4120 2497
4121 2502
4122 2499
4123 2512
4124 2496
4125 2498
4126 2495
4127 2496
4128 2495
4129 2496
4130 2496
4131 2494
4132 2506
4133 2493
4134 2495
4135 2495
4136 2495
4137 2495
4138 2499
4139 2498
4140 2497
4141 2496
4142 2496
4143 2497
4144 2496
4145 2495
4146 2496
4147 2498
4148 2500
4149 2500
4150 2495
4151 2496
4152 2496
4153 2495
4154 2503
4155 2498
4156 2495
4157 2498
4158 2498
4159 2500
4160 2502
4161 2503
4162 2507
4163 2503
4164 2503
4165 2504
4166 2504
4167 2503
4168 2503
4169 2502
4170 2501
4171 2502
4172 2500
4173 2509
4174 2501
4175 2503
4176 2508
4177 2507
4178 2502
4179 2506
4180 2502
4181 2503
4182 2503
4183 2503
4184 2503
4185 2503
4186 2504
4187 2504
4188 2503
4189 2503
4190 2504
4191 2503
4192 2502
4193 2503
4194 2505
4195 2506
4196 2505
4197 2504
4198 2507
4199 2501
4200 2506
4201 2503
4202 2504
4203 2504
4204 2504
4205 2506
4206 2506
4207 2504
4208 2504
4209 2503
4210 2504
4211 2504
4212 2504
4213 2502
4214 2503
4215 2503
4216 2506
4217 2507
4218 2506
4219 2502
4220 2503
4221 2503
4222 2503
4223 2503
4224 2503
4225 2503
4226 2502
4227 2502
4228 2503
4229 2503
4230 2503
4231 2502
4232 2502
4233 2503
4234 2503
4235 2503
4236 2503
4237 2503
4238 2502
4239 2503
4240 2503
4241 2503
4242 2503
4243 2503
4244 2503
4245 2503
4246 2502
4247 2502
4248 2503
4249 2503
4250 2502
4251 2503
4252 2503
4253 2503
4254 2502
4255 2502
4256 2502
4257 2503
4258 2503
4259 2502
4260 2502
4261 2502
4262 2502
4263 2502
4264 2502
4265 2502
4266 2502
4267 2502
4268 2502
4269 2502
4270 2501
4271 2502
4272 2502
4273 2502
4274 2501
4275 2503
4276 2502
4277 2502
4278 2502
4279 2502
4280 2502
4281 2502
4282 2502
4283 2502
4284 2502
4285 2502
4286 2502
4287 2502
4288 2502
4289 2502
4290 2501
4291 2501
4292 2501
4293 2502
4294 2502
4295 2502
4296 2501
4297 2501
4298 2501
4299 2501
4300 2501
4301 2501
4302 2501
4303 2501
4304 2502
4305 2501
4306 2502
4307 2501
4308 2501
4309 2501
4310 2501
4311 2501
4312 2501
4313 2500
4314 2501
4315 2501
4316 2501
4317 2501
4318 2500
4319 2500
4320 2500
4321 2500
4322 2501
4323 2501
4324 2500
4325 2500
4326 2501
4327 2500
4328 2500
4329 2500
4330 2500
4331 2500
4332 2500
4333 2499
4334 2500
4335 2500
4336 2500
4337 2500
4338 2499
4339 2498
4340 2499
4341 2499
4342 2500
4343 2499
4344 2500
4345 2501
4346 2499
4347 2499
4348 2502
4349 2500
4350 2499
4351 2499
4352 2501
4353 2500
4354 2499
4355 2499
4356 2499
4357 2500
4358 2500
4359 2499
4360 2500
4361 2500
4362 2498
4363 2500
4364 2500
4365 2500
4366 2499
4367 2500
4368 2500
4369 2500
4370 2499
4371 2500
4372 2499
4373 2499
4374 2499
4375 2498
4376 2498
4377 2499
4378 2499
4379 2499
4380 2499
4381 2499
4382 2498
4383 2500
4384 2499
4385 2499
4386 2500
4387 2499
4388 2499
4389 2500
4390 2499
4391 2498
4392 2498
4393 2498
4394 2498
4395 2498
4396 2499
4397 2499
4398 2499
4399 2499
4400 2499
4401 2498
4402 2499
4403 2499
4404 2499
4405 2499
4406 2499
4407 2499
4408 2499
4409 2499
4410 2499
4411 2499
4412 2499
4413 2499
4414 2504
4415 2500
4416 2499
4417 2500
4418 2499
4419 2500
4420 2500
4421 2499
4422 2500
4423 2499
4424 2499
4425 2499
4426 2498
4427 2499
4428 2500
4429 2499
4430 2501
4431 2499
4432 2499
4433 2499
4434 2499
4435 2499
4436 2499
4437 2504
4438 2499
4439 2499
4440 2498
4441 2501
4442 2500
4443 2499
4444 2499
4445 2498
4446 2499
4447 2499
4448 2499
4449 2499
4450 2498
4451 2498
4452 2499
4453 2498
4454 2499
4455 2499
4456 2498
4457 2499
4458 2498
4459 2498
4460 2499
4461 2499
4462 2498
4463 2499
4464 2499
4465 2499
4466 2498
4467 2499
4468 2498
4469 2498
4470 2498
4471 2499
4472 2499
4473 2499
4474 2499
4475 2498
4476 2499
4477 2499
4478 2499
4479 2499
4480 2499
4481 2499
4482 2499
4483 2499
4484 2498
4485 2499
4486 2499
4487 2499
4488 2499
4489 2499
4490 2499
4491 2499
4492 2499
4493 2499
4494 2499
4495 2499
4496 2499
4497 2499
4498 2499
4499 2499
4500 2499
4501 2499
4502 2499
4503 2499
4504 2499
4505 2499
4506 2499
4507 2499
4508 2499
4509 2499
4510 2499
4511 2499
4512 2499
4513 2499
4514 2499
4515 2499
4516 2499
4517 2499
4518 2499
4519 2499
4520 2499
4521 2499
4522 2499
4523 2499
4524 2499
4525 2499
4526 2499
4527 2499
4528 2499
4529 2499
4530 2499
4531 2499
4532 2499
4533 2499
4534 2500
4535 2499
4536 2499
4537 2499
4538 2499
4539 2499
4540 2499
4541 2500
4542 2499
4543 2500
4544 2500
4545 2500
4546 2500
4547 2500
4548 2500
4549 2500
4550 2500
4551 2500
4552 2500
4553 2499
4554 2500
4555 2500
4556 2500
4557 2499
4558 2500
4559 2499
4560 2499
4561 2499
4562 2499
4563 2500
4564 2499
4565 2499
4566 2500
4567 2500
4568 2499
4569 2499
4570 2499
4571 2500
4572 2500
4573 2500
4574 2500
4575 2500
4576 2500
4577 2500
4578 2500
4579 2500
4580 2500
4581 2500
4582 2500
4583 2500
4584 2500
4585 2500
4586 2500
4587 2500
4588 2500
4589 2500
4590 2500
4591 2500
4592 2500
4593 2500
4594 2500
4595 2501
4596 2501
4597 2501
4598 2500
4599 2501
4600 2501
4601 2501
4602 2501
4603 2501
4604 2502
4605 2500
4606 2500
4607 2501
4608 2501
4609 2501
4610 2501
4611 2501
4612 2501
4613 2500
4614 2500
4615 2500
4616 2500
4617 2500
4618 2500
4619 2500
4620 2501
4621 2501
4622 2501
4623 2501
4624 2500
4625 2499
4626 2499
4627 2499
4628 2500
4629 2500
4630 2500
4631 2500
4632 2500
4633 2500
4634 2500
4635 2500
4636 2500
4637 2500
4638 2500
4639 2500
4640 2500
4641 2500
4642 2500
4643 2500
4644 2500
4645 2501
4646 2501
4647 2501
4648 2501
4649 2501
4650 2501
4651 2500
4652 2500
4653 2500
4654 2500
4655 2500
4656 2501
4657 2501
4658 2500
4659 2500
4660 2501
4661 2501
4662 2501
4663 2501
4664 2501
4665 2501
4666 2501
4667 2501
4668 2501
4669 2501
4670 2501
4671 2502
4672 2501
4673 2501
4674 2501
4675 2501
4676 2501
4677 2501
4678 2500
4679 2501
4680 2501
4681 2501
4682 2501
4683 2501
4684 2501
4685 2501
4686 2501
4687 2501
4688 2501
4689 2501
4690 2500
4691 2500
4692 2500
4693 2500
4694 2501
4695 2500
4696 2500
4697 2501
4698 2501
4699 2501
4700 2500
4701 2501
4702 2501
4703 2500
4704 2500
4705 2501
4706 2501
4707 2501
4708 2501
4709 2500
4710 2500
4711 2501
4712 2501
4713 2501
4714 2501
4715 2501
4716 2501
4717 2501
4718 2501
4719 2501
4720 2501
4721 2501
4722 2501
4723 2501
4724 2503
4725 2505
4726 2503
4727 2505
4728 2502
4729 2505
4730 2506
4731 2503
4732 2502
4733 2504

2265 2439
2266 2440
2267 2435
2268 2436
2269 2438
2270 2438
2271 2437
2272 2436
2273 2437
2274 2437
2275 2439
2276 2439
2277 2439
2278 2438
2279 2443
2280 2441
2281 2438
2282 2437
2283 2438
2284 2439
2285 2441
2286 2439
2287 2441
2288 2443
2289 2442
2290 2441
2291 2442
2292 2442
2293 2441
2294 2446
2295 2440
2296 2442
2297 2441
2298 2442
2299 2449
2300 2445
2301 2446
2302 2448
2303 2446
2304 2446
2305 2448
2306 2446
2307 2448
2308 2446
2309 2449
2310 2450
2311 2447
2312 2448
2313 2447
2314 2447
2315 2447
2316 2446
2317 2447
2318 2446
2319 2440
2320 2448
2321 2447
2322 2444
2323 2445
2324 2449
2325 2447
2326 2448
2327 2449
2328 2449
2329 2445
2330 2447
2331 2447
2332 2447
2333 2447
2334 2447
2335 2447
2336 2448
2337 2451
2338 2447
2339 2448
2340 2449
2341 2449
2342 2449
2343 2449
2344 2448
2345 2448
2346 2450
2347 2453
2348 2452
2349 2455
2350 2454
2351 2450
2352 2452
2353 2452
2354 2450
2355 2449
2356 2451
2357 2453
2358 2452
2359 2453
2360 2455
2361 2460
2362 2447
2363 2458
2364 2451
2365 2455
2366 2456
2367 2455
2368 2455
2369 2454
2370 2459
2371 2454
2372 2461
2373 2456
2374 2455
2375 2454
2376 2453
2377 2454
2378 2454
2379 2454
2380 2456
2381 2461
2382 2457
2383 2457
2384 2460
2385 2454
2386 2457
2387 2453
2388 2452
2389 2453
2390 2453
2391 2454
2392 2454
2393 2452
2394 2454
2395 2456
2396 2453
2397 2454
2398 2454
2399 2454
2400 2455
2401 2455
2402 2458
2403 2456
2404 2458
2405 2455
2406 2456
2407 2455
2408 2455
2409 2460
2410 2459
2411 2460
2412 2456
2413 2457
2414 2460
2415 2458
2416 2463
2417 2458
2418 2461
2419 2459
2420 2456
2421 2461
2422 2459
2423 2461
2424 2457
2425 2461
2426 2462
2427 2462
2428 2464
2429 2463
2430 2466
2431 2464
2432 2464
2433 2466
2434 2464
2435 2464
2436 2464
2437 2464
2438 2464
2439 2465
2440 2464
2441 2465
2442 2466
2443 2467
2444 2466
2445 2474
2446 2466
2447 2464
2448 2461
2449 2462
2450 2466
2451 2461
2452 2466
2453 2462
2454 2472
2455 2463
3431 2502
3432 2510
3433 9999
3434 9999
3435 9999
3436 2501
3437 9999
3438 2500
3439 2511
3440 2510
3441 2512
3442 2511
3443 2511
3444 2512
3445 2512
3446 2512
3447 2512
3448 2512
3449 2518
3450 2514
3451 2513
3452 2516
3453 2514
3454 2512
3455 2511
3456 2514
3457 2515
3458 2514
3459 2515
3460 2515
3461 2515
3462 2516
3463 2515
3464 2516
3465 2515
3466 2523
3467 2513
3468 2518
3469 2514
3470 2515
3471 2511
3472 2511
3473 2522
3474 2519
3475 2516
3476 2516
3477 2511
3478 2511
3479 2514
3480 2515
3481 2523
3482 2515
3483 2514
3484 2513
3485 2510
3486 2513
3487 2516
3488 2512
3489 2516
3490 2524
3491 2516
3492 2510
3493 2516
3494 2515
3495 2516
3496 2515
3497 2516
3498 2510
3499 2517
3500 2510
3501 2510
3502 2516
3503 2517
3504 2515
3505 2515
3506 2518
3507 2516
3508 2517
3509 2516
3510 2518
3511 2519
3512 2518
3513 2518
3514 2516
3515 2517
3516 2524
3517 2519
3518 2519
3519 2516
3520 2518
3521 2526
3522 2517
3523 2518
3524 2523
3525 2519
3526 2518
3527 2518
3528 2519
3529 2519
3530 2520
3531 2520
3532 2519
3533 2520
3534 2520
3535 2521
3536 2519
3537 2519
3538 2514
3539 2520
3540 2521
3541 2515
3542 2514
3543 2515
3544 2515
3545 2521
3546 2515
3547 2518
3548 2520
3549 2518
3550 2520
3551 2521
3552 2515
3553 2521
3554 2514
3555 2524
3556 2520
3557 2520
3558 2522
3559 2521
3560 2521
3561 2518
3562 2522
3563 2515
3564 2522
3565 2522
3566 2521
3567 2517
3568 2526
3569 2522
3570 2523
3571 2528
3572 2530
3573 2523
3574 2517
3575 2517
3576 2522
3577 2518
3578 2528
3579 2517
3580 2526
3581 2525
3582 2521
3583 2519
3584 2526
3585 2518
3586 2531
3587 2525
3588 2524
3589 2521
3590 2524
3591 2523
3592 2524
3593 2526
3594 2525
3595 2522
3596 2524
3597 2528
3598 2519
3599 2520
3600 2525
3601 2524
3602 2524
3603 2525
3604 2519
3605 2519
3606 2526
3607 2530
3608 2533
3609 2526
3610 2519
3611 2526
3612 2524
3613 2531
3614 2520
3615 2534
3616 2526
3617 2522
3618 2525
3619 2520
3620 2520
3621 2528
3622 2525
3623 2525
3624 2525
3625 2527
3626 2527
3627 2527
3628 2526
3629 2526
3630 2529
3631 2529
3632 2527
3633 2526
3634 2527
3635 2527
3636 2527
3637 2527
3638 2529
3639 2528
3640 2525
4572 2523
4573 2524
4574 2525
4575 2523
4576 2523
4577 2523
4578 2524
4579 2523
4580 2526
4581 2523
4582 2524
4583 2523
4584 2523
4585 2523
4586 2522
4587 2524
4588 2527
4589 2522
4590 2524
4591 2524
4592 2523
4593 2522
4594 2527
4595 2524
4596 2524
4597 2520
4598 2523
4599 2522
4600 2523
4601 2522
4602 2523
4603 2519
4604 2521
4605 2524
4606 2527
4607 2523
4608 2518
4609 2524
4610 2521
4611 2518
4612 2520
4613 2519
4614 2525
4615 2526
4616 2524
4617 2524
4618 2523
4619 2522
4620 2523
4621 2523
4622 2523
4623 2523
4624 2523
4625 2523
4626 2522
4627 2522
4628 2523
4629 2524
4630 2522
4631 2523
4632 2524
4633 2524
4634 2523
4635 2523
4636 2523
4637 2524
4638 2523
4639 2524
4640 2524
4641 2523
4642 2523
4643 2523
4644 2523
4645 2523
4646 2523
4647 2522
4648 2523
4649 2523
4650 2523
4651 2522
4652 2523
4653 2523
4654 2522
4655 2523
4656 2524
4657 2523
4658 2523
4659 2522
4660 2523
4661 2523
4662 2523
4663 2522
4664 2523
4665 2523
4666 2523
4667 2523
4668 2523
4669 2524
4670 2523
4671 2522
4672 2523
4673 2522
4674 2522
4675 2523
4676 2523
4677 2523
4678 2521
4679 2522
4680 2521
4681 2523
4682 2522
4683 2522
4684 2522
4685 2522
4686 2523
4687 2520
4688 2523
4689 2522
4690 2517
4691 2517
4692 2525
4693 2517
4694 2521
4695 2522
4696 2523
4697 2522
4698 2517
4699 2520
4700 2526
4701 2517
4702 2517
4703 2523
4704 2516
4705 2516
4706 2523
4707 2525
4708 2521
4709 2519
4710 2524
4711 2524
4712 2525
4713 2516
4714 2523
4715 2517
4716 2519
4717 2518
4718 2521
4719 2522

