2716 2414
2717 2415
2718 2417
2719 2428
2720 2426
2721 2424
2722 2425
2723 2424
2724 2425
2725 2425
2726 2425
2727 2425
2728 2425
2729 2424
2730 2426
2731 2426
2732 2423
2733 2424
2734 2422
2735 2425
2736 2423
2737 2425
2738 2425
2739 2425
2740 2425
2741 2427
2742 2426
2743 2426
2744 2426
2745 2428
2746 2427
2747 2427
2748 2427
2749 2431
2750 2428
2751 2430
2752 2429
2753 2423
2754 2425
2755 2424
2756 2425
2757 2425
2758 2424
2759 2424
2760 2424
2761 2424
2762 2424
2763 2424
2764 2424
2765 2424
2766 2424
2767 2425
2768 2424
2769 2424
2770 2423
2771 2423
2772 2425
2773 2423
2774 2422
2775 2423
2776 2423
2777 2423
2778 2423
2779 2423
2780 2420
2781 2428
2782 2414
2783 2414
2784 2416
2785 2415
2786 2414
2787 2414
2788 2413
2789 2414
2790 2413
2791 2413
2792 2415
2793 2416
2794 2413
2795 2416
2796 2414
2797 2415
2798 2414
2799 2417
2800 2414
2801 2414
2802 2415
2803 2415
2804 2416
2805 2417
2806 2417
2807 2417
2808 2417
2809 2417
2810 2416
2811 2418
2812 2418
2813 2418
2814 2417
2815 2417
2816 2417
2817 2417
2818 2417
2819 2416
2820 2416
2821 2416
2822 2417
2823 2417
2824 2416
2825 2417
2826 2417
2827 2417
2828 2416
2829 2416
2830 2416
2831 2416
2832 2416
2833 2417
2834 2417
2835 2416
2836 2416
2837 2417
2838 2417
2839 2417
2840 2417
2841 2418
2842 2417
2843 2418
2844 2418
2845 2417
2846 2418
2847 2418
2848 2418
2849 2419
2850 2419
2851 2418
2852 2419
2853 2418
2854 2418
2855 2418
2856 2416
2857 2417
2858 2416
2859 2416
2860 2416
2861 2416
2862 2416
2863 2416
2864 2418
2865 2415
2866 2416
2867 2415
2868 2416
2869 2418
2870 2417
2871 2416
2872 2416
2873 2415
2874 2415
2875 2415
2876 2416
2877 2416
2878 2416
2879 2416
2880 2416
2881 2416
2882 2416
2883 2416
2884 2416
2885 2416
2886 2416
2887 2416
2888 2416
2889 2416
2890 2416
2891 2416
2892 2416
2893 2417
2894 2417
2895 2417
2896 2417
2897 2417
2898 2417
2899 2417
2900 2417
2901 2419
2902 2418
2903 2418
2904 2418
2905 2418
2906 2419
2907 2419
2908 2419
2909 2419
2910 2420
2911 2419
2912 2420
2913 2420
2914 2420
2915 2420
2916 2420
2917 2420
2918 2420
2919 2420
2920 2420
2921 2420
2922 2421
2923 2421
2924 2421
2925 2421
2926 2421
2927 2421
2928 2420
2929 2421
2930 2420
2931 2421
2932 2420
2933 2420
2934 2420
2935 2420
2936 2419
2937 2420
2938 2420
2939 2420
2940 2420
2941 2420
2942 2420
2943 2420
2944 2421
2945 2421
2946 2420
2947 2420
2948 2420
2949 2420
2950 2420
2951 2420
2952 2420
2953 2419
2954 2419
2955 2420
2956 2420
2957 2419
2958 2419
2959 2419
2960 2419
2961 2420
2962 2420
2963 2420
2964 2420
2965 2420
2966 2420
2967 2421
2968 2421
2969 2421
2970 2420
2971 2421
2972 2421
2973 2421
2974 2421
2975 2421
2976 2421
2977 2422
2978 2422
2979 2422
2980 2422
2981 2422
2982 2422
2983 2422
2984 2422
2985 2422
2986 2422
2987 2422
2988 2422
2989 2422
2990 2422
2991 2423
2992 2422
2993 2423
2994 2423
2995 2423
2996 2423
2997 2424
2998 2424
2999 2424
3000 2425
3001 2425
3002 2423
3003 2424
3004 2424
3005 2424
3006 2424
3007 2424
3008 2424
3009 2423
3010 2424
3011 2423
3012 2424
3013 2424
3014 2426
3015 2425
3016 2424
3017 2424
3018 2424
3019 2425
3020 2426
3021 2426
3022 2427
3023 2427
3024 2427
3025 2427
3026 2429
3027 2431
3028 2429
3029 2429
3030 2428
3031 2428
3032 2427
3033 2426
3034 2427
3035 2427
3036 2428
3037 2430
3038 2426
3039 2426
3040 2427
3041 2427
3042 2428
3043 2427
3044 2427
3045 2427
3046 2428
3047 2428
3048 2428
3049 2427
3050 2427
3051 2428
3052 2427
3053 2428
3054 2426
3055 2427
3056 2427
3057 2427
3058 2428
3059 2428
3060 2428
3061 2428
3062 2428
3063 2430
3064 2429
3065 2430
3066 2430
3067 2429
3068 2430
3069 2430
3070 2437
3071 2431
3072 2431
3073 2432
3074 2431
3075 2431
3076 2431
3077 2433
3078 2431
3079 2433
3080 2434
3081 2432
3082 2432
3083 2430
3084 2432
3085 2432
3086 2432
3087 2432
3088 2432
3089 2433
3090 2433
3091 2433
3092 2432
3093 2433
3094 2432
3095 2434
3096 2433
3097 2433
3098 2434
3099 2433
3100 2433
3101 2432
3102 2433
3103 2433
3104 2433
3105 2434
3106 2434
3107 2434
3108 2435
3109 2435
3110 2435
3111 2435
3112 2436
3113 2437
3114 2438
3115 2438
3116 2437
3117 2437
3118 2438
3119 2438
3120 2437
3121 2438
3122 2439
3123 2439
3124 2439
3125 2440
3126 2439
3127 2438
3128 2439
3129 2438
3130 2439
3131 2441
3132 2441
3133 2441
3134 2441
3135 2441
3136 2442
3137 2441
3138 2442
3139 2441
3140 2441
3141 2441
3142 2440
3143 2440
3144 2441
3145 2440
3146 2439
3147 2440
3148 2440
3149 2443
3150 2441
3151 2441
3152 2441
3153 2441
3154 2442
3155 2441
3156 2441
3157 2442
3158 2441
3159 2441
3160 2441
3161 2441
3162 2441
3163 2450
3164 2441
3165 2443
3166 2443
3167 2443
3168 2443
3169 2443
3170 2444
3171 2444
3172 2444
3173 2444
3174 2442
3175 2441
3176 2442
3177 2442
3178 2442
3179 2442
3180 2442
3181 2442
3182 2442
3183 2445
3184 2444
3185 2445
3186 2445
3187 2445
3188 2445
3189 2445
3190 2446
3191 2445
3192 2445
3193 2446
3194 2446
3195 2446
3196 2446
3197 2445
3198 2445
3199 2445
3200 2444
3201 2444
3202 2443
3203 2449
3204 2449
3205 2443
3206 2443
3207 2445
3208 2444
3209 2444
3210 2445
3211 2445
3212 2445
3213 2445
3214 2446
3215 2445
3216 2445
3217 2445
3218 2447
3219 2446
3220 2447
3221 2447
3222 2447
3223 2447
3224 2448
3225 2449
3226 2449
3227 2448
3228 2448
3229 2447
3230 2448
3231 2448
3232 2447
3233 2448
3234 2448
3235 2448
3236 2449
3237 2449
3238 2449
3239 2449
3240 2450
3241 2450
3242 2450
3243 2450
3244 2450
3245 2450
3246 2450
3247 2450
3248 2447
3249 2449
3250 2449
3251 2449
3252 2448
3253 2447
3254 2448
3255 2447
3256 2447
3257 2447
3258 2448
3259 2447
3260 2447
3261 2448
3262 2449
3263 2447
3264 2448
3265 2448
3266 2450
3267 2450
3268 2463
3269 2449
3270 2450
3271 2451
3272 2451
3273 2453
3274 2453
3275 2454
3276 2454
3277 2454
3278 2455
3279 2456
3280 2457
3281 2457
3282 2458
3283 2458
3284 2458
3285 2458
3286 2457
3287 2457
3288 2458
3289 2459
3290 2458
3291 2458
3292 2462
3293 2458
3294 2459
3295 2459
3296 2459
3297 2458
3298 2459
3299 2458
3300 2458
3301 2459
3302 2458
3303 2458
3304 2459
3305 2460
3306 2458
3307 2457
3308 2457
3309 2458
3310 2457
3311 2461
3312 2461
3313 2457
3314 2460
3315 2460
3316 2465
3317 2462
3318 2463
3319 2462
3320 2463
3321 2463
3322 2464
3323 2464
3324 2464
3325 2464
3326 2465
3327 2464
3328 2464
3329 2466
3330 2468
3331 2467
3332 2467
3333 2469
3334 2470
3335 2473
3336 2470
3337 2472
3338 2471
3339 2472
3340 2471
3341 2472
3342 2471
3343 2472
3344 2471
3345 2471
3346 2471
3347 2471
3348 2471
3349 2471
3350 2470
3351 2470
3352 2470
3353 2471
3354 2471
3355 2471
3356 2472
3357 2472
3358 2472
3359 2472
3360 2472
3361 2472
3362 2472
3363 2472
3364 2472
3365 2472
3366 2473
3367 2473
3368 2472
3369 2472
3370 2473
3371 2472
3372 2473
3373 2472
3374 2472
3375 2472
3376 2472
3377 2472
3378 2471
3379 2473
3380 2473
3381 2473
3382 2473
3383 2473
3384 2473
3385 2473
3386 2473
3387 2472
3388 2472
3389 2472
3390 2472
3391 2472
3392 2471
3393 2471
3394 2470
3395 2470
3396 2470
3397 2470
3398 2470
3399 2470
3400 2470
3401 2471
3402 2471
3403 2471
3404 2471
3405 2471
3406 2472
3407 2471
3408 2470
3409 2471
3410 2471
3411 2470
3412 2470
3413 2471
3414 2470
3415 2469
3416 2469
3417 2470
3418 2471
3419 2470
3420 2470
3421 2471
3422 2471
3423 2471
3424 2471
3425 2471
3426 2473
3427 2473
3428 2472
3429 2472
3430 2473
3431 2474
3432 2475
3433 2476
3434 2480
3435 2475
3436 2474
3437 2474
3438 2475
3439 2475
3440 2475
3441 2475
3442 2475
3443 2474
3444 2474
3445 2475
3446 2475
3447 2475
3448 2476
3449 2476
3450 2475
3451 2477
3452 2477
3453 2476
3454 2476
3455 2475
3456 2476
3457 2476
3458 2476
3459 2476
3460 2476
3461 2476
3462 2475
3463 2476
3464 2476
3465 2476
3466 2476
3467 2476
3468 2477
3469 2477
3470 2477
3471 2480
3472 2479
3473 2483
3474 2481
3475 2481
3476 2480
3477 2480
3478 2480
3479 2480
3480 2480
3481 2480
3482 2480
3483 2480
3484 2480
3485 2481
3486 2480
3487 2480
3488 2479
3489 2479
3490 2479
3491 2480
3492 2479
3493 2480
3494 2480
3495 2480
3496 2480
3497 2479
3498 2479
3499 2480
3500 2480
3501 2480
3502 2480
3503 2480
3504 2480
3505 2480
3506 2481
3507 2480
3508 2481
3509 2481
3510 2480
3511 2480
3512 2480
3513 2480
3514 2481
3515 2479
3516 2481
3517 2481
3518 2481
3519 2480
3520 2479
3521 2479
3522 2478
3523 2478
3524 2478
3525 2478
3526 2478
3527 2478
3528 2478
3529 2479
3530 2479
3531 2479
3532 2479
3533 2479
3534 2479
3535 2479
3536 2479
3537 2480
3538 2481
3539 2481
3540 2482
3541 2480
3542 2481
3543 2481
3544 2479
3545 2479
3546 2479
3547 2480
3548 2480
3549 2479
3550 2479
3551 2479
3552 2479
3553 2478
3554 2478
3555 2478
3556 2478
3557 2478
3558 2478
3559 2477
3560 2477
3561 2478
3562 2478
3563 2479
3564 2480
3565 2478
3566 2478
3567 2478
3568 2478
3569 2478
3570 2478
3571 2480
3572 2479
3573 2479
3574 2481
3575 2480
3576 2481
3577 2484
3578 2481
3579 2480
3580 2480
3581 2479
3582 2479
3583 2480
3584 2479
3585 2479
3586 2479
3587 2479
3588 2479
3589 2479
3590 2480
3591 2486
3592 2484
3593 2481
3594 2483
3595 2482
3596 2483
3597 2482
3598 2483
3599 2483
3600 2483
3601 2482
3602 2482
3603 2482
3604 2483
3605 2484
3606 2484
3607 2484
3608 2484
3609 2485
3610 2485
3611 2485
3612 2485
3613 2484
3614 2485
3615 2485
3616 2485
3617 2485
3618 2485
3619 2485
3620 2485
3621 2487
3622 2495
3623 2495
3624 2488
3625 2488
3626 2488
3627 2487
3628 2487
3629 2488
3630 2487
3631 2487
3632 2487
3633 2487
3634 2486
3635 2487
3636 2487
3637 2487
3638 2487
3639 2486
3640 2486
3641 2487
3642 2487
3643 2487
3644 2488
3645 2487
3646 2487
3647 2488
3648 2487
3649 2488
3650 2488
3651 2496
3652 2497
3653 2489
3654 2489
3655 2486
3656 2489
3657 2489
3658 2488
3659 2488
3660 2488
3661 2488
3662 2488
3663 2487
3664 2487
3665 2490
3666 2490
3667 2489
3668 2490
3669 2488
3670 2489
3671 2488
3672 2488
3673 2488
3674 2488
3675 2489
3676 2489
3677 2489
3678 2489
3679 2489
3680 2489
3681 2489
3682 2489
3683 2489
3684 2489
3685 2489
3686 2489
3687 2490
3688 2490
3689 2490
3690 2490
3691 2490
3692 2490
3693 2490
3694 2490
3695 2491
3696 2490
3697 2491
3698 2491
3699 2491
3700 2491
3701 2491
3702 2492
3703 2491
3704 2493
3705 2494
3706 2492
3707 2493
3708 2492
3709 2493
3710 2493
3711 2493
3712 2493
3713 2493
3714 2493
3715 2494
3716 2494
3717 2494
3718 2494
3719 2494
3720 2494
3721 2494
3722 2493
3723 2494
3724 2495
3725 2494
3726 2493
3727 2495
3728 2496
3729 2496
3730 2495
3731 2496
3732 2496
3733 2496
3734 2498
3735 2497
3736 2497
3737 2498
3738 2497
3739 2497
3740 2498
3741 2497
3742 2498
3743 2498
3744 2497
3745 2497
3746 2497
3747 2497
3748 2497
3749 2497
3750 2497
3751 2497
3752 2497
3753 2497
3754 2498
3755 2497
3756 2497
3757 2497
3758 2497
3759 2497
3760 2498
3761 2498
3762 2498
3763 2498
3764 2496
3765 2498
3766 2498
3767 2497
3768 2497
3769 2496
3770 2497
3771 2496
3772 2496
3773 2497
3774 2497
3775 2497
3776 2497
3777 2497
3778 2497
3779 2497
3780 2496
3781 2497
3782 2497
3783 2497
3784 2497
3785 2497
3786 2495
3787 2495
3788 2495
3789 2495
3790 2496
3791 2494
3792 2498
3793 2494
3794 2495
3795 2495
3796 2496
3797 2497
3798 2496
3799 2498
3800 2498
3801 2498
3802 2498
3803 2498
3804 2498
3805 2498
3806 2498
3807 2498
3808 2498
3809 2497
3810 2498
3811 2498
3812 2498
3813 2497
3814 2497
3815 2498
3816 2497
3817 2497
3818 2497
3819 2497
3820 2496
3821 2497
3822 2497
3823 2496
3824 2497
3825 2496
3826 2495
3827 2496
3828 2496
3829 2496
3830 2495
3831 2496
3832 2496
3833 2496
3834 2496
3835 2496
3836 2496
3837 2496
3838 2496
3839 2497
3840 2496
3841 2496
3842 2497
3843 2497
3844 2497
3845 2497
3846 2497
3847 2497
3848 2498
3849 2500
3850 2496
3851 2496
3852 2496
3853 2496
3854 2496
3855 2496
3856 2496
3857 2497
3858 2498
3859 2497
3860 2498
3861 2496
3862 2498
3863 2497
3864 2496
3865 2496
3866 2498
3867 2497
3868 2497
3869 2497
3870 2496
3871 2496
3872 2497
3873 2497
3874 2496
3875 2497
3876 2496
3877 2497
3878 2497
3879 2496
3880 2497
3881 2496
3882 2496
3883 2496
3884 2496
3885 2497
3886 2496
3887 2496
3888 2496
3889 2496
3890 2496
3891 2496
3892 2496
3893 2496
3894 2497
3895 2497
3896 2497
3897 2497
3898 2496
3899 2496
3900 2496
3901 2496
3902 2495
3903 2498
3904 2499
3905 2496
3906 2496
3907 2496
3908 2496
3909 2496
3910 2496
3911 2495
3912 2495
3913 2496
3914 2496
3915 2496
3916 2496
3917 2496
3918 2496
3919 2497
3920 2497
3921 2497
3922 2497
3923 2497
3924 2496
3925 2497
3926 2497
3927 2497
3928 2497
3929 2497
3930 2497
3931 2497
3932 2497
3933 2497
3934 2499
3935 2497
3936 2497
3937 2497
3938 2496
3939 2496
3940 2496
3941 2495
3942 2498
3943 2494
3944 2495
3945 2495
3946 2495
3947 2494
3948 2494
3949 2495
3950 2494
3951 2494
3952 2493
3953 2494
3954 2494
3955 2495
3956 2493
3957 2493
3958 2497
3959 2495
3960 2494
3961 2493
3962 2492
3963 2492
3964 2492
3965 2493
3966 2494
3967 2493
3968 2492
3969 2493
3970 2493
3971 2493
3972 2493
3973 2493
3974 2493
3975 2493
3976 2493
3977 2493
3978 2500
3979 2499
3980 2494
3981 2496
3982 2496
3983 2496
3984 2496
3985 2496
3986 2498
3987 2496
3988 2497
3989 2497
3990 2497
3991 2498
3992 2498
3993 2498
3994 2498
3995 2499
3996 2500
3997 2500
3998 2499
3999 2499
4000 2499
4001 2499
4002 2499
4003 2499
4004 2499
4005 2499
4006 2499
4007 2498
4008 2500
4009 2500
4010 2501
4011 2500
4012 2500
4013 2500
4014 2500
4015 2500
4016 2500
4017 2499
4018 2500
4019 2500
4020 2498
4021 2499
4022 2498
4023 2498
4024 2498
4025 2497
4026 2495
4027 2497
4028 2497
4029 2497
4030 2497
4031 2496
4032 2496
4033 2495
4034 2496
4035 2495
4036 2495
4037 2496
4038 2496
4039 2494
4040 2494
4041 2494
4042 2497
4043 2495
4044 2494
4045 2495
4046 2495
4047 2494
4048 2494
4049 2494
4050 2494
4051 2494
4052 2494
4053 2493
4054 2495
4055 2493
4056 2493
4057 2493
4058 2496
4353 2498
4354 2499
4355 2498
4356 2499
4357 2498
4358 2498
4359 2498
4360 2498
4361 2498
4362 2498
4363 2498
4364 2499
4365 2498
4366 2498
4367 2498
4368 2498
4369 2498
4370 2498
4371 2498
4372 2497
4373 2499
4374 2498
4375 2498
4376 2498
4377 2498
4378 2498
4379 2498
4380 2498
4381 2499
4382 2498
4383 2498
4384 2498
4385 2497
4386 2498
4387 2498
4388 2498
4389 2498
4390 2498
4391 2498
4392 2498
4393 2498
4394 2498
4395 2498
4396 2498
4397 2498
4398 2498
4399 2498
4400 2497
4401 2498
4402 2498
4403 2498
4404 2498
4405 2498
4406 2497
4407 2497
4408 2498
4409 2498
4410 2497
4411 2497
4412 2497
4413 2498
4414 2498
4415 2497
4416 2497
4417 2497
4418 2497
4419 2497
4420 2498
4421 2497
4422 2497
4423 2497
4424 2496
4425 2497
4426 2497
4427 2497
4428 2496
4429 2497
4430 2497
4431 2497
4432 2497
4433 2497
4434 2497
4435 2496
4436 2497
4437 2497
4438 2496
4439 2497
4440 2497
4441 2497
4442 2496
4443 2497
4444 2497
4445 2496
4446 2497
4447 2496
4448 2497
4449 2497
4450 2497
4451 2497
4452 2497
4453 2497
4454 2497
4455 2497
4456 2497
4457 2497
4458 2496
4459 2497
4460 2497
4461 2497
4462 2497
4463 2497
4464 2497
4465 2497
4466 2498
4467 2497
4468 2497
4469 2497
4470 2497
4471 2497
4472 2498
4473 2497
4474 2496
4475 2497
4476 2498
4477 2498
4478 2497
4479 2497
4480 2498
4481 2497
4482 2497
4483 2498
4484 2497
4485 2497
4486 2497
4487 2497
4488 2497
4489 2497
4490 2497
4491 2497
4492 2498
4493 2497
4494 2497
4495 2498
4496 2498
4497 2498
4498 2497
4499 2497
4500 2498
4501 2498
4502 2498
4503 2497
4504 2497
4505 2497
4506 2497
4507 2497
4508 2498
4509 2498
4510 2498
4511 2497
4512 2497
4513 2497
4514 2498
4515 2498
4516 2498
4517 2498
4518 2498
4519 2498
4520 2498
4521 2498
4522 2498
4523 2498
4524 2498
4525 2497
4526 2498
4527 2498
4528 2498
4529 2498
4530 2498
4531 2498
4532 2498
4533 2498
4534 2498
4535 2498
4536 2498
4537 2498
4538 2498
4539 2498
4540 2498
4541 2499
4542 2498
4543 2498
4544 2498
4545 2498
4546 2498
4547 2498
4548 2498
4549 2498
4550 2498
4551 2498
4552 2497
4553 2497
4554 2498
4555 2498
4556 2498
4557 2498
4558 2498
4559 2498
4560 2498
4561 2498
4562 2498
4563 2498
4564 2498
4565 2499
4566 2498
4567 2498
4568 2498
4569 2497
4570 2497
4571 2498
4572 2497
4573 2497
4574 2497
4575 2497
4576 2497
4577 2497
4578 2497
4579 2497
4580 2497
4581 2497
4582 2497
4583 2497
4584 2497
4585 2497
4586 2497
4587 2497
4588 2497
4589 2497
4590 2497
4591 2497
4592 2497
4593 2497
4594 2497
4595 2497
4596 2496
4597 2497
4598 2496
4599 2496
4600 2496
4601 2496
4602 2496
4603 2496
4604 2496
4605 2496
4606 2496
4607 2496
4608 2496
4609 2496
4610 2496
4611 2496
4612 2497
4613 2496
4614 2497
4615 2495
4616 2496
4617 2496
4618 2497
4619 2499
4620 2496
4621 2496
4622 2497
4623 2496
4624 2496
4625 2497
4626 2497
4627 2496
4628 2496
4629 2497
4630 2496
4631 2496
4632 2496
4633 2496
4634 2497
4635 2497
4636 2496
4637 2496
4638 2496
4639 2496
4640 2496
4641 2496
4642 2496
4643 2496
4644 2496
4645 2495
4646 2495
4647 2496
4648 2497
4649 2496
4650 2498
4651 2496
4652 2496
4653 2496
4654 2496
4655 2496
4656 2496
4657 2497
4658 2496
4659 2496
4660 2496
4661 2496
4662 2496
4663 2496
4664 2496
4665 2496
4666 2496
4667 2497
4668 2496
4669 2496
4670 2497
4671 2498
4672 2496
4673 2496
4674 2498
4675 2497
4676 2496
4677 2496
4678 2496
4679 2496
4680 2497
4681 2496
4682 2496
4683 2496
4684 2497
4685 2497
4686 2496
4687 2498
4688 2498
4689 2497
4690 2496
4691 2497
4692 2496
4693 2496
4694 2496
4695 2497
4696 2497
4697 2497
4698 2497
4699 2496
4700 2496
4701 2497
4702 2496
4703 2498
4704 2497
4705 2496
4706 2496
4707 2497
4708 2496
4709 2497
4710 2497
4711 2496
4712 2496
4713 2496
4714 2496
4715 2496
4716 2496
4717 2496
4718 2496
4719 2496
4720 2496
4721 2496
4722 2496
4723 2495
4724 2496
4725 2496
4726 2496
4727 2496
4728 2496
4729 2496
4730 2496
4731 2496
4732 2496
4733 2496
4734 2496
4735 2496
4736 2496
4737 2496
4738 2496
4739 2496
4740 2496
4741 2496
4742 2496
4743 2496
4744 2496
4745 2496
4746 2496
4747 2496
4748 2496
4749 2496
4750 2496
4751 2496
4752 2496
4753 2496
4754 2496
4755 2497
4756 2496
4757 2497
4758 2497
4759 2497
4760 2497
4761 2497
4762 2497
4763 2497
4764 2497
4765 2497
4766 2497
4767 2497
4768 2497
4769 2497
4770 2497
4771 2497
4772 2497
4773 2497
4774 2497
4775 2497
4776 2497
4777 2497
4778 2496
4779 2497
4780 2497
4781 2497
4782 2496
4783 2496
4784 2496
4785 2496
4786 2496
4787 2496
4788 2496
4789 2496
4790 2496
4791 2496
4792 2496
4793 2496
4794 2496
4795 2496
4796 2496
4797 2496
4798 2496
4799 2497
4800 2496
4801 2497
4802 2496
4803 2497
4804 2497
4805 2497
4806 2497
4807 2497
4808 2497
4809 2497
4810 2496
4811 2497
4812 2497
4813 2498
4814 2497
4815 2497
4816 2496
4817 2497
4818 2498
4819 2497
4820 2497
4821 2498
4822 2498
4823 2499
4824 2498
4825 2497
4826 2499
4827 2498
4828 2498
4829 2497
4830 2499
4831 2497
4832 2497
4833 2497
4834 2498
4835 2499
4836 2500
4837 2498
4838 2497
4839 2498
4840 2498
4841 2499
4842 2498
4843 2496
4844 2499
4845 2497
4846 2497
4847 2497
4848 2498
4849 2497
4850 2497
4851 2497
4852 2497
4853 2497
4854 2498
4855 2497
4856 2498
4857 2498
4858 2498
4859 2497
4860 2498
4861 2498
4862 2498
4863 2498
4864 2498
4865 2498
4866 2498
4867 2498
4868 2498
4869 2498
4870 2499
4871 2499
4872 2499
4873 2499
4874 2499
4875 2499
4876 2499
4877 2499
4878 2499
4879 2499
4880 2499
4881 2499
4882 2500
4883 2500
4884 2500
4885 2500
4886 2500
4887 2499
4888 2501
4889 2501
4890 2501
4891 2500
4892 2500
4893 2500
4894 2500
4895 2500
4896 2500
4897 2501
4898 2500
4899 2501
4900 2501
4901 2500
4902 2501
4903 2501
4904 2500
4905 2501
4906 2501
4907 2501
4908 2501
4909 2501
4910 2501
4911 2501
4912 2501
4913 2501
4914 2501
4915 2501
4916 2501
4917 2502
4918 2501
4919 2501
4920 2502
4921 2501
4922 2503
4923 2501
4924 2501
4925 2501
4926 2501
4927 2502
4928 2501
4929 2502
4930 2501
4931 2502
4932 2501
4933 2502
4934 2502
4935 2502
4936 2502
4937 2502
4938 2502
4939 2503
4940 2501
4941 2502
4942 2502
4943 2502
4944 2502
4945 2502
4946 2502
4947 2502
4948 2502
4949 2502
4950 2502
4951 2502
4952 2502
4953 2502
4954 2502
4955 2502
4956 2502
4957 2502
4958 2502
4959 2502
4960 2502
4961 2502
4962 2502
4963 2502
4964 2502
4965 2502
4966 2502
4967 2502
4968 2502
4969 2502
4970 2502
4971 2502
4972 2502
4973 2502
4974 2502
4975 2502
4976 2502
4977 2502
4978 2502
4979 2502
4980 2502
4981 2502
4982 2502
4983 2502
4984 2502
4985 2502
4986 2502
4987 2502
4988 2502
4989 2502
4990 2502
4991 2502
4992 2503
4993 2502
4994 2502
4995 2502
4996 2502
4997 2502
4998 2502
4999 2502
5000 2502
5001 2502
5002 2503
5003 2502
5004 2503
5005 2503
5006 2503
5007 2503
5008 2503
5009 2503
5010 2503
5011 2502
5012 2503
5013 2503
5014 2503
5015 2502
5016 2504
5017 2502
5018 2503
5019 2503
5020 2503
5021 2502
5022 2503
5023 2503
5024 2502
5025 2502
5026 2502
5027 2502
5028 2502
5029 2502
5030 2502
5031 2502
5032 2502
5033 2502
5034 2502
5035 2502
5036 2502
5037 2503
5038 2502
5039 2502
5040 2502
5041 2503
5042 2503
5043 2502
5044 2502
5045 2502
5046 2502
5047 2502
5048 2503
5049 2503
5050 2503
5051 2502
5052 2503
5053 2503
5054 2503
5055 2503
5056 2503
5057 2504
5058 2504
5059 2504
5060 2503
5061 2503
5062 2504
5063 2504
5064 2504
5065 2504
5066 2503
5067 2504
5068 2504
5069 2504
5070 2504
5071 2504
5072 2504
5073 2504
5074 2504
5075 2504
5076 2504
5077 2504
5078 2504
5079 2504
5080 2504
5081 2504
5082 2504
5083 2504
5084 2504
5085 2504
5086 2504
5087 2504
5088 2504
5089 2504
5090 2504
5091 2504
5092 2504
5093 2504
5094 2504
5095 2504
5096 2504
5097 2505
5098 2504
5099 2504
5100 2505
5101 2505
5102 2505
5103 2505
5104 2505
5105 2505
5106 2504
5107 2504
5108 2505
5109 2505
5110 2505

4561 9999
4562 9999
4563 9999
4564 9999
4565 9999
4566 9999
4567 9999
4568 9999
4569 9999
4570 2509
4571 9999
4572 2512
4573 2513
4574 2513
4575 2513
4576 2512
4577 2514
4578 9999
4579 2514
4580 2511
4581 2512
4582 2513
4583 2513
4584 2512
4585 9999
4586 2510
4587 9999
4588 2515
4589 2517
4590 2509
4591 2512
4592 2510
4593 9999
4594 2512
4595 2513
4596 2508
4597 2513
4598 2513
4599 2509
4600 2515
4601 2511
4602 2511
4603 2510
4604 2511
4605 9999
4606 2509
4607 2514
4608 2511
4609 9999
4610 9999
4611 2513
4612 2512
4613 2509
4614 2512
4615 2512
4616 2513
4617 9999
4618 9999
4619 9999
4620 2513
4621 2514
4622 2514
4623 2512
4624 2514
4625 9999
4626 2512
4627 2514
4628 2512
4629 2512
4630 2512
4631 2512
4632 2512
4633 2513
4634 2513
4635 9999
4636 9999
4637 2511
4638 2513
4639 2513
4640 2511
4641 2511
4642 2512
4643 2511
4644 9999
4645 2512
4646 2511
4647 9999
4648 9999
4649 2511
4650 2512
4651 2511
4652 2511
4653 9999
4654 2514
4655 2513
4656 2513
4657 9999
4658 2515
4659 9999
4660 2513
4661 2510
4662 9999
4663 9999
4664 9999
4665 9999
4666 2509
4667 9999
4668 2511
4669 2513
4670 9999
4671 9999
4672 2513
4673 2513
4674 2512
4675 2513
4676 2513
4677 2514
4678 2522
4679 2513
4680 2519
4681 2519
4682 2522
4683 2513
4684 9999
4685 2515
4686 2513
4687 2516
4688 2517
4689 2514
4690 2512
4691 2511
4692 2513
4693 2509
4694 2509
4695 2515
4696 2509
4697 2509
4698 2509
4699 2509
4700 2510
4701 2516
4702 2514
4703 2510
4704 2521
4705 2519
4706 2510
4707 2510
4708 2514
4709 2512
4710 2518
4711 2519
4712 2511
4713 2511
4714 2513
4715 2512
4716 2511
4717 2511
4718 2516
4719 2515
4720 2516
4721 2512
4722 2515
4723 2517
4724 2514
4725 2526
4726 2516
4727 2512
4728 2521
4807 2516
4808 2516
4809 2516
4810 2516
4811 2517
4812 2516
4813 2515
4814 2511
4815 2517
4816 2516
4817 2519
4818 2518
4819 2515
4820 2521
4821 2517
4822 2511
4823 2511
4824 2516
4825 2519
4826 2519
4827 2513
4828 2516
4829 2516
4830 2517
4831 2516
4832 2513
4833 2519
4834 2517
4835 2512
4836 2523
4837 2512
4838 2523
4839 2513
4840 2512
4841 2512
4842 2512
4843 2512
4844 2520
4845 2512
4846 2526
4847 2512
4848 2515
4849 2515
4850 2512
4851 2512
4852 2513
4853 2520
4854 2520
4855 2521
4856 2521
4857 2514
4858 2517
4859 2513
4860 2515
4861 2513
4862 2513
4863 2521
4864 2520
4865 2513
4866 2523
4867 2520
4868 2527
4869 2517
4870 2518
4871 2523
4872 2520
4873 2521
4874 2514
4875 2521
4876 2522
4877 2522
4878 2522
4879 2523
4880 2518
4881 2520
4882 2518
4883 2525
4884 2526
4885 2517
4886 2519
4887 2523
4888 2522
4889 2526
4890 2517
4891 2521
4892 2517
4893 2527
4894 2523
4895 2520
4896 2529
4897 2518
4898 2528
4899 2527
4900 2527
4901 2528
4902 2527
4903 2527
4904 2525
4905 2526
4906 2527
4907 2526
4908 2528
4909 2527
4910 2527
4911 2528
4912 2529
4913 2528
4914 2526
4915 2527
4916 2521
4917 2529
4918 2536
4919 2530
4920 2528
4921 2529
4922 2526
4923 2529
4924 2525
4925 2531
4926 2530
4927 2525
4928 2533
4929 2534
4930 2533
4931 2524
4932 2524
4933 2531
4934 2539
4935 2537
4936 2531
4937 2525
4938 2528
4939 2525
4940 2535
4941 2532
4942 2534
4943 2540
4944 2530
4945 2531
4946 2529
4947 2537
4948 2539
4949 2527
4950 2532
4951 2532
4952 2532
4953 2533
4954 2532
4955 2526
4956 2524
4957 2526
4958 2537
4959 2537
4960 2533
4961 2533
4962 2531
4963 2532
4964 2531
4965 2523
4966 2532
4967 2523
4968 2525

