5926 2500
5927 2501
5928 2500
5929 2500
5930 2500
5931 2501
5932 2501
5933 2501
5934 2501
5935 2501
5936 2501
5937 2506
5938 2500
5939 2501
5940 2500
5941 2500
5942 2501
5943 2501
5944 2501
5945 2511
5946 2501
5947 2503
5948 2502
5949 2502
5950 2503
5951 2503
5952 2503
5953 2502
5954 2503
5955 2503
5956 2503
5957 2503
5958 2503
5959 2504
5960 2504
5961 2503
5962 2503
5963 2504
5964 2504
5965 2503
5966 2504
5967 2504
5968 2503
5969 2503
5970 2503
5971 2502
5972 2505
5973 2501
5974 2501
5975 2502
5976 2503
5977 2503
5978 2505
5979 2505
5980 2502
5981 2505
5982 2500
5983 2501
5984 2501
5985 2501
5986 2507
5987 2501
5988 2501
5989 2505
5990 2502
5991 2501
5992 2500
5993 2501
5994 2500
5995 2505
5996 2504
5997 2501
5998 2507
5999 2508
6000 2508
6001 2502
6002 2501
6003 2502
6004 2501
6005 2502
6006 2507
6007 2502
6008 2504
6009 2507
6010 2505
6011 2502
6012 2508
6013 2508
6014 2502
6015 2502
6016 2501
6017 2510
6018 2501
6019 2500
6020 2500
6021 2508
6022 2501
6023 2501
6024 2501
6025 2507
6026 2502
6027 2502
6028 2502
6029 2504
6030 2502
6031 2508
6032 2503
6033 2505
6034 2509
6035 2502
6036 2503
6037 2505
6038 2505
6039 2502
6040 2502
6041 2508
6042 2508
6043 2509
6044 2501
6045 2502
6046 2503
6047 2507
6048 2507
6049 2507
6050 2502
6051 2503
6052 2504
6053 2507
6054 2502
6055 2504
6056 2503
6057 2502
6058 2505
6059 2504
6060 2503
6061 2504
6062 2503
6063 2503
6064 2502
6065 2502
6066 2501
6067 2501
6068 2501
6069 2501
6070 2502
6071 2502
6072 2502
6073 2502
6074 2502
6075 2503
6076 2501
6077 2506
6078 2508
6079 2505
6080 2502
6081 2502
6082 2504
6083 2502
6084 2502
6085 2502
6086 2502
6087 2502
6088 2502
6089 2502
6090 2502
6091 2502
6092 2503
6093 2503
6094 2503
6095 2502
6096 2502
6097 2501
6098 2502
6099 2507
6100 2502
6101 2502
6102 2502
6103 2502
6104 2503
6105 2501
6106 2501
6107 2501
6108 2501
6109 2502
6110 2502
6111 2502
6112 2501
6113 2501
6114 2501
6115 2501
6116 2505
6117 2505
6118 2506
6119 2506
6120 2501
6121 2501
6122 2501
6123 2501
6124 2500
6125 2501
6126 2500
6127 2505
6128 2504
6129 2505
6130 2500
6131 2500
6132 2500
6133 2500
6134 2500
6135 2505
6136 2500
6137 2500
6138 2500
6139 2500
6140 2499
6141 2505
6142 2505
6143 2505
6144 2504
6145 2505
6146 2500
6147 2500
6148 2500
6149 2500
6150 2500
6151 2500
6152 2500
6153 2505
6154 2500
6155 2500
6156 2499
6157 2500
6158 2500
6159 2500
6160 2500
6161 2500
6162 2500
6163 2500
6164 2500
6165 2500
6166 2500
6167 2500
6168 2500
6169 2500
6170 2500
6171 2500
6172 2500
6173 2500
6174 2500
6175 2500
6176 2503
6177 2500
6178 2499
6179 2502
6180 2500
6181 2500
6182 2501
6183 2504
6184 2500
6185 2505
6186 2505
6187 2501
6188 2500
6189 2501
6190 2501
6191 2500
6192 2503
6193 2500
6194 2504
6195 2500
6196 2500
6197 2504
6198 2500
6199 2500
6200 2505
6201 2500
6202 2500
6203 2504
6204 2500
6205 2500
6206 2500
6207 2500
6208 2500
6209 2499
6210 2500
6211 2500
6212 2500
6213 2499
6214 2500
6215 2500
6216 2500
6217 2500
6218 2504
6219 2501
6220 2500
6221 2500
6222 2500
6223 2499
6224 2499
6225 2504
6226 2504
6227 2503
6228 2501
6229 2503
6230 2504
6231 2501
6232 2500
6233 2500
6234 2503
6235 2501
6236 2500
6237 2500
6238 2500
6239 2500
6240 2500
6241 2500
6242 2500
6243 2502
6244 2500
6245 2500
6246 2500
6247 2500
6248 2500
6249 2501
6250 2500
6251 2500
6252 2501
6253 2501
6254 2500
6255 2501
6256 2500
6257 2500
6258 2500
6259 2500
6260 2500
6261 2500
6262 2501
6263 2501
6264 2500
6265 2504
6266 2504
6267 2504
6268 2504
6269 2500
6270 2500
6271 2501
6272 2500
6273 2501
6274 2500
6275 2500
6276 2501
6277 2501
6278 2500
6279 2501
6280 2501
6281 2500
6282 2504
6283 2500
6284 2504
6285 2501
6286 2502
6287 2502
6288 2501
6289 2506
6290 2501
6291 2503
6292 2503
6293 2502
6294 2501
6295 2501
6296 2501
6297 2501
6298 2502
6299 2502
6300 2502
6301 2502
6302 2502
6303 2502
6304 2502
6305 2503
6306 2505
6307 2502
6308 2501
6309 2502
6310 2502
6311 2501
6312 2501
6313 2501
6314 2501
6315 2501
6316 2502
6317 2502
6318 2501
6319 2501
6320 2501
6321 2501
6322 2501
6323 2501
6324 2502
6325 2503
6326 2502
6327 2501
6328 2501
6329 2501
6330 2501
6331 2501
6332 2501
6333 2501
6334 2501
6335 2501
6336 2501
6337 2501
6338 2501
6339 2501
6340 2501
6341 2501
6342 2502
6343 2502
6344 2502
6345 2502
6346 2502
6347 2502
6348 2502
6349 2501
6350 2502
6351 2502
6352 2502
6353 2502
6354 2502
6355 2502
6356 2502
6357 2502
6358 2502
6359 2502
6360 2502
6361 2502
6362 2501
6363 2502
6364 2502
6365 2503
6366 2502
6367 2503
6368 2502
6369 2502
6370 2502
6371 2502
6372 2502
6373 2502
6374 2502
6375 2502
6376 2502
6377 2502
6378 2502
6379 2502
6380 2502
6381 2502
6382 2502
6383 2502
6384 2502
6385 2502
6386 2502
6387 2502
6388 2502
6389 2502
6390 2502
6391 2502
6392 2502
6393 2502
6394 2502
6395 2502
6396 2502
6397 2502
6398 2502
6399 2502
6400 2502
6401 2502
6402 2502
6403 2502
6404 2502
6405 2502
6406 2502
6407 2501
6408 2502
6409 2502
6410 2502
6411 2502
6412 2502
6413 2503
6414 2502
6415 2502
6416 2502
6417 2502
6418 2502
6419 2502
6420 2502
6421 2502
6422 2502
6423 2502
6424 2502
6425 2502
6426 2502
6427 2502
6428 2502
6429 2502
6430 2502
6431 2502
6432 2502
6433 2502
6434 2502
6435 2502
6436 2502
6437 2502
6438 2502
6439 2502
6440 2502
6441 2502
6442 2502
6443 2502
6444 2502
6445 2502
6446 2502
6447 2502
6448 2502
6449 2503
6450 2502
6451 2502
6452 2503
6453 2502
6454 2502
6455 2502
6456 2502
6457 2502
6458 2502
6459 2502
6460 2502
6461 2502
6462 2502
6463 2502
6464 2502
6465 2502
6466 2502
6467 2501
6468 2503
6469 2503
6470 2501
6471 2502
6472 2502
6473 2505
6474 2504
6475 2501
6476 2502
6477 2502
6478 2502
6479 2502
6480 2502
6481 2502
6482 2502
6483 2502
6484 2502
6485 2502
6486 2502
6487 2502
6488 2502
6489 2502
6490 2502
6491 2502
6492 2502
6493 2502
6494 2502
6495 2502
6496 2502
6497 2502
6498 2502
6499 2502
6500 2504
6501 2502
6502 2502
6503 2502
6504 2502
6505 2502
6506 2502
6507 2502
6508 2502
6509 2502
6510 2502
6511 2501
6512 2501
6513 2501
6514 2501
6515 2501
6516 2502
6517 2502
6518 2502
6519 2502
6520 2502
6521 2502
6522 2502
6523 2502
6524 2502
6525 2501
6526 2502
6527 2502
6528 2502
6529 2502
6530 2502
6531 2502
6532 2502
6533 2502
6534 2502
6535 2501
6536 2502
6537 2502
6538 2502
6539 2502
6540 2502
6541 2502
6542 2502
6543 2501
6544 2501
6545 2501
6546 2501
6547 2501
6548 2501
6549 2501
6550 2501
6551 2501
6552 2501
6553 2501
6554 2501
6555 2501
6556 2501
6557 2501
6558 2501
6559 2501
6560 2501
6561 2501
6562 2502
6563 2501
6564 2502
6565 2501
6566 2501
6567 2502
6568 2501
6569 2501
6570 2502
6571 2501
6572 2502
6573 2501
6574 2501
6575 2501
6576 2501
6577 2501
6578 2501
6579 2501
6580 2501
6581 2501
6582 2501
6583 2501
6584 2501
6585 2501
6586 2501
6587 2501
6588 2501
6589 2501
6590 2501
6591 2501
6592 2501
6593 2501
6594 2501
6595 2501
6596 2501
6597 2501
6598 2501
6599 2501
6600 2501
6601 2501
6602 2501
6603 2500
6604 2500
6605 2501
6606 2501
6607 2501
6608 2501
6609 2502
6610 2501
6611 2501
6612 2501
6613 2501
6614 2501
6615 2501
6616 2501
6617 2500
6618 2500
6619 2500
6620 2501
6621 2501
6622 2501
6623 2500
6624 2501
6625 2501
6626 2500
6627 2500
6628 2501
6629 2501
6630 2500
6631 2505
6632 2500
6633 2499
6634 2499
6635 2499
6636 2500
6637 2500
6638 2499
6639 2499
6640 2499
6641 2499
6642 2499
6643 2499
6644 2499
6645 2499
6646 2499
6647 2499
6648 2502
6649 2500
6650 2500
6651 2501
6652 2500
6653 2501
6654 2500
6655 2501
6656 2502
6657 2499
6658 2503
6659 2504
6660 2506
6661 2501

6523 2542
6524 2543
6525 2545
6526 2545
6527 2542
6528 2543
6529 2548
6530 2541
6531 2541
6532 2539
6533 2541
6534 2540
6535 2541
6536 2540
6537 2538
6538 2539
6539 2540
6540 2540
6541 2540
6542 2541
6543 2543
6544 2543
6545 2543
6546 2542

