5496 2490
5497 2490
5498 2503
5499 2491
5500 2492
5501 2492
5502 2490
5503 2490
5504 2492
5505 2493
5506 2493
5507 2494
5508 2494
5509 2494
5510 2494
5511 2494
5512 2495
5513 2495
5514 2495
5515 2499
5516 2499
5517 2499
5518 2496
5519 2498
5520 2498
5521 2498
5522 2498
5523 2506
5524 2490
5525 2494
5526 2492
5527 2490
5528 2493
5529 2492
5530 2493
5531 2493
5532 2492
5533 2493
5534 2494
5535 2493
5536 2493
5537 2492
5538 2493
5539 2492
5540 2492
5541 2492
5542 2491
5543 2493
5544 2494
5545 2494
5546 2493
5547 2492
5548 2503
5549 2491
5550 2492
5551 2494
5552 2492
5553 2494
5554 2492
5555 2492
5556 2493
5557 2493
5558 2493
5559 2493
5560 2493
5561 2493
5562 2493
5563 2493
5564 2493
5565 2493
5566 2493
5567 2492
5568 2492
5569 2492
5570 2492
5571 2492
5572 2492
5573 2492
5574 2492
5575 2492
5576 2492
5577 2492
5578 2492
5579 2492
5580 2492
5581 2491
5582 2492
5583 2492
5584 2492
5585 2492
5586 2492
5587 2492
5588 2492
5589 2492
5590 2492
5591 2492
5592 2492
5593 2492
5594 2492
5595 2492
5596 2492
5597 2492
5598 2492
5599 2492
5600 2492
5601 2491
5602 2492
5603 2493
5604 2492
5605 2492
5606 2492
5607 2492
5608 2492
5609 2492
5610 2492
5611 2492
5612 2492
5613 2492
5614 2492
5615 2492
5616 2490
5617 2492
5618 2492
5619 2492
5620 2492
5621 2492
5622 2492
5623 2492
5624 2491
5625 2492
5626 2492
5627 2492
5628 2491
5629 2490
5630 2491
5631 2496
5632 2491
5633 2492
5634 2492
5635 2491
5636 2492
5637 2492
5638 2491
5639 2494
5640 2492
5641 2491
5642 2492
5643 2492
5644 2492
5645 2495
5646 2493
5647 2493
5648 2493
5649 2493
5650 2493
5651 2493
5652 2493
5653 2493
5654 2492
5655 2493
5656 2493
5657 2493
5658 2493
5659 2493
5660 2493
5661 2493
5662 2493
5663 2493
5664 2493
5665 2493
5666 2492
5667 2493
5668 2493
5669 2493
5670 2492
5671 2491
5672 2492
5673 2491
5674 2492
5675 2492
5676 2492
5677 2492
5678 2493
5679 2493
5680 2493
5681 2492
5682 2496
5683 2493
5684 2493
5685 2498
5686 2492
5687 2492
5688 2492
5689 2492
5690 2492
5691 2492
5692 2492
5693 2492
5694 2491
5695 2490
5696 2493
5697 2492
5698 2492
5699 2493
5700 2493
5701 2493
5702 2492
5703 2492
5704 2493
5705 2492
5706 2492
5707 2493
5708 2492
5709 2492
5710 2492
5711 2492
5712 2492
5713 2492
5714 2493
5715 2493
5716 2493
5717 2493
5718 2493
5719 2493
5720 2492
5721 2492
5722 2492
5723 2493
5724 2493
5725 2492
5726 2492
5727 2492
5728 2492
5729 2492
5730 2492
5731 2492
5732 2492
5733 2492
5734 2492
5735 2492
5736 2492
5737 2492
5738 2493
5739 2492
5740 2492
5741 2492
5742 2493
5743 2492
5744 2492
5745 2492
5746 2492
5747 2492
5748 2492
5749 2492
5750 2492
5751 2492
5752 2492
5753 2493
5754 2492
5755 2493
5756 2492
5757 2492
5758 2492
5759 2492
5760 2493
5761 2493
5762 2493
5763 2492
5764 2493
5765 2492
5766 2492
5767 2492
5768 2492
5769 2493
5770 2493
5771 2492
5772 2492
5773 2492
5774 2493
5775 2492
5776 2493
5777 2493
5778 2492
5779 2493
5780 2493
5781 2493
5782 2492
5783 2493
5784 2493
5785 2493
5786 2493
5787 2492
5788 2493
5789 2493
5790 2493
5791 2493
5792 2493
5793 2493
5794 2493
5795 2493
5796 2493
5797 2493
5798 2493
5799 2493
5800 2493
5801 2493
5802 2493
5803 2493
5804 2493
5805 2497
5806 2494
5807 2493
5808 2493
5809 2493
5810 2493
5811 2493
5812 2493
5813 2493
5814 2493
5815 2493
5816 2492
5817 2493
5818 2492
5819 2493
5820 2493
5821 2493
5822 2493
5823 2493

5566 2522
5567 2520
5568 2520
5569 2522
5570 2522
5571 2517
5572 2521
5573 2521
5574 2522
5575 2517
5576 2525
5577 2515
5578 2520
5579 2521
5580 2520
5581 2521
5582 2521
5583 2520
5584 2520
5585 2521
5586 2520
5587 2520
5588 2520
5589 2522
5590 2521
5591 2515
5592 2519
5593 2515
5594 2518
5595 2524
5596 2525
5597 2521
5598 2516
5599 2523
5600 2520
5601 2516
5602 2516
5603 2524
5604 2524
5605 2527
5606 2517
5607 2520
5608 2520
5609 2520
5610 2523
5611 2513
5612 2513
5613 2517
5614 2527
5615 2515
5616 2521
5617 2514
5618 2515
5619 2516
5620 2518
5621 2515
5622 2520
5623 2523
5624 2523
5625 2518
5626 2525
5627 2525
5628 2516
5629 2527
5630 2523
5631 2526
5632 2526
5633 2516
5634 2518
5635 2528
5636 2517
5637 2522
5638 2521
5639 2516
5640 2517
5641 2517
5642 2522
5643 2524
5644 2519
5645 2527
5646 2521
5647 2515
5648 2514
5649 2521
5650 2521
5651 2523
5652 2525
5653 2519
5654 2526
5655 2518
5656 2519
5657 2521
5658 2521
5659 2521
5660 2520
5661 2521
5662 2525
5663 2519
5664 2521
5665 2521
5666 2521
5667 2521
5668 2520
5669 2521
5670 2523
5671 2524
5672 2524
5673 2522
5674 2522
5675 2517
5676 2521
5677 2521
5678 2521
5679 2515
5680 2520
5681 2521
5682 2521
5683 2522
5684 2523
5685 2523
5686 2523
5687 2522
5688 2516
5689 2527
5690 2522
5691 2523
5692 2525
5693 2522
5694 2519
5695 2525
5696 2521
5697 2521
5698 2522
5699 2526
5700 2526
5701 2522
5702 2521
5703 2521
5704 2520
5705 2521
5706 2521
5707 2520
5708 2520
5709 2520
5710 2520
5711 2521
5712 2521
5713 2521
5714 2518
5715 2519
5716 2520
5717 2520
5718 2520
5719 2520
5720 2518
5721 2519
5722 2524
5723 2520
5724 2526

