124 2491
125 2490
126 2489
127 2489
128 2496
129 2495
130 2494
131 2490
132 2491
133 2493
134 2490
135 2490
136 2491
137 2491
138 2491
139 2492
140 2492
141 2491
142 2492
143 2490
144 2490
145 2490
146 2490
147 2490
148 2490
149 2490
150 2493
151 2493
152 2490
153 2490
154 2491
155 2491
156 2490
157 2490
158 2491
159 2491
160 2491
161 2491
162 2491
163 2490
164 2491
165 2491
166 2490
167 2496
168 2496
169 2493
170 2493
171 2492
172 2490
173 2492
174 2492
175 2492
176 2492
177 2491
178 2492
179 2492
180 2492
181 2492
182 2492
183 2492
184 2492
185 2492
186 2492
187 2492
188 2491
189 2491
190 2492
191 2491
192 2503
193 2491
194 2491
195 2491
196 2491
197 2491
198 2490
199 2490
200 2492
201 2491
202 2493
203 2491
204 2492
205 2493
206 2493
207 2493
208 2495
209 2493
210 2492
211 2494
212 2493
213 2492
214 2493
215 2492
216 2492
217 2493
218 2492
219 2493
220 2493
221 2493
222 2493
223 2493
224 2493
225 2493
226 2493
227 2493
228 2493
229 2493
230 2493
231 2493
232 2493
233 2493
234 2493
235 2493
236 2493
237 2494
238 2493
239 2493
240 2494
241 2494
242 2494
243 2493
244 2493
245 2493
246 2493
247 2493
248 2493
249 2493
250 2493
251 2493
252 2493
253 2493
254 2493
255 2493
256 2493
257 2493
258 2493
259 2493
260 2493
261 2493
262 2493
263 2493
264 2493
265 2493
266 2493
267 2493
268 2493
269 2493
270 2493
271 2493
272 2493
273 2493
274 2493
275 2493
276 2493
277 2493
278 2493
279 2493
280 2493
281 2493
282 2493
283 2493
284 2493
285 2493
286 2493
287 2492
288 2492
289 2492
290 2493
291 2493
292 2493
293 2493
294 2493
295 2493
296 2493
297 2492
298 2493
299 2493
300 2493
301 2493
302 2493
303 2493
304 2493
305 2492
306 2493
307 2493
308 2493
309 2492
310 2493
311 2493
312 2492
313 2492
314 2492
315 2493
316 2492
317 2492
318 2492
319 2492
320 2492
321 2492
322 2492
323 2493
324 2492
325 2492
326 2492
327 2492
328 2492
329 2492
330 2491
331 2492
332 2492
333 2492
334 2492
335 2492
336 2492
337 2492
338 2492
339 2492
340 2492
341 2492
342 2492
343 2492
344 2492
345 2492
346 2492
347 2492
348 2492
349 2492
350 2491
351 2492
352 2492
353 2492
354 2491
355 2492
356 2491
357 2492
358 2491
359 2491
360 2491
361 2491
362 2491
363 2491
364 2491
365 2491
366 2491
367 2491
368 2491
369 2491
370 2491
371 2491
372 2492
373 2491
374 2491
375 2491
376 2491
377 2491
378 2491
379 2491
380 2491
381 2491
382 2491
383 2491
384 2491
385 2491
386 2491
387 2491
388 2491
389 2491
390 2491
391 2491
392 2491
393 2491
394 2491
395 2491
396 2491
397 2491
398 2491
399 2491
400 2491
401 2491
402 2491
403 2491
404 2491
405 2491
406 2491
407 2491
408 2491
409 2491
410 2491
411 2491
412 2491
413 2491
414 2491
415 2491
416 2491
417 2491
418 2491
419 2491
420 2491
421 2491
422 2491
423 2491
424 2491
425 2491
426 2491
427 2491
428 2491
429 2491
430 2491
431 2491
432 2491
433 2491
434 2491
435 2491
436 2491
437 2491
438 2491
439 2491
440 2491
441 2490
442 2490
443 2491
444 2491
445 2491
446 2491
447 2491
448 2491
449 2491
450 2491
451 2491
452 2491
453 2491
454 2491
455 2491
456 2491
457 2491
458 2491
459 2491
460 2491
461 2491
462 2491
463 2491
464 2491
465 2491
466 2491
467 2490
468 2491
469 2492
470 2491
471 2491
472 2491
473 2491
474 2491
475 2491
476 2491
477 2491
478 2491
479 2491
480 2491
481 2491
482 2491
483 2491
484 2491
485 2490
486 2491
487 2490
488 2490
489 2490
490 2490
491 2490
492 2491
493 2490
494 2490
495 2490
496 2490
497 2490
498 2490
499 2491
500 2490
501 2490
502 2490
503 2490
504 2490
505 2490
506 2490
507 2490
508 2490
509 2490
510 2490
511 2490
512 2491
513 2490
514 2490
515 2491
516 2491
517 2491
518 2490
519 2490
520 2490
521 2490
522 2490
523 2490
524 2491
525 2490
526 2491
527 2491
528 2490
529 2490
530 2490
531 2490
532 2491
533 2490
534 2490
535 2488
536 2489
537 2489
538 2492
539 2488
540 2489
541 2488
542 2491
543 2490
544 2494
545 2489
546 2487
547 2488
548 2489
549 2489
550 2489
551 2489
552 2489
553 2489
1793 2474
1794 2475
1795 2471
1796 2472
1797 2472
1798 2481
1799 2475
1800 2467
1801 2481
1802 2482
1803 2478
1804 2476
1805 2475
1806 2477
1807 2473
1808 2473
1809 2470
1810 2471
1811 2471
1812 2470
1813 2470
1814 2469
1815 2468
1816 2469
1817 2470
1818 2468
1819 2470
1820 2468
1821 2468
1822 2469
1823 2470
1824 2470
1825 2470
1826 2471
1827 2472
1828 2473
1829 2474
1830 2475
1831 2475
1832 2476
1833 2476
1834 2476
1835 2477
1836 2477
1837 2477
1838 2477
1839 2482
1840 2478
1841 2478
1842 2478
1843 2479
1844 2480
1845 2479
1846 2479
1847 2479
1848 2479
1849 2479
1850 2479
1851 2479
1852 2479
1853 2480
1854 2480
1855 2480
1856 2481
1857 2481
1858 2481
1859 2481
1860 2480
1861 2480
1862 2481
1863 2480
1864 2480
1865 2479
1866 2479
1867 2479
1868 2479
1869 2479
1870 2479
1871 2478
1872 2478
1873 2481
1874 2477
1875 2478
1876 2477
1877 2478
1878 2475
1879 2476
1880 2476
1881 2476
1882 2476
1883 2476
1884 2476
1885 2475
1886 2475
1887 2475
1888 2475
1889 2475
1890 2475
1891 2476
1892 2476
1893 2480
1894 2476
1895 2475
1896 2474
1897 2476
1898 2474
1899 2484
1900 2473
1901 2473
1902 2473
1903 2473
1904 2473
1905 2475
1906 2475
1907 2474
1908 2474
1909 2474
1910 2474
1911 2475
1912 2474
1913 2475
1914 2475
1915 2476
1916 2476
1917 2476
1918 2476
1919 2476
1920 2476
1921 2475
1922 2475
1923 2474
1924 2474
1925 2475
1926 2475
1927 2475
1928 2474
1929 2474
1930 2474
1931 2474
1932 2473
1933 2473
1934 2473
1935 2472
1936 2476
1937 2473
1938 2472
1939 2472
1940 2473
1941 2473
1942 2473
1943 2473
1944 2473
1945 2473
1946 2472
1947 2473
1948 2472
1949 2472
1950 2470
1951 2469
1952 2469
1953 2469
1954 2470
1955 2469
1956 2470
1957 2471
1958 2471
1959 2471
1960 2471
1961 2472
1962 2473
1963 2473
1964 2472
1965 2471
1966 2470
1967 2469
1968 2470
1969 2470
1970 2470
1971 2470
1972 2470
1973 2470
1974 2470
1975 2472
1976 2469
1977 2469
1978 2469
1979 2469
1980 2469
1981 2470
1982 2469
1983 2469
1984 2470
1985 2470
1986 2470
1987 2469
1988 2470
1989 2470
1990 2470
1991 2471
1992 2471
1993 2472
1994 2474
1995 2473
1996 2473
1997 2472
1998 2473
1999 2473
2000 2473
2001 2473
2002 2473
2003 2471
2004 2472
2005 2472
2006 2472
2007 2470
2008 2471
2009 2471
2010 2470
2011 2470
2012 2470
2013 2470
2014 2471
2015 2471
2016 2469
2017 2469
2018 2469
2019 2469
2020 2469
2021 2469
2022 2470
2023 2481
2024 2480
2025 2470
2026 2477
2027 2472
2028 2472
2029 2472
2030 2472
2031 2472
2032 2473
2033 2473
2034 2473
2035 2473
2036 2472
2037 2472

211 2518
212 2520
213 2522
214 2516
215 2516
216 2517
217 2519
218 2518
219 2519
220 2515
221 2521
222 2520
223 2520
224 2516
225 2518
226 2518
227 2519
228 2519
229 2520
230 2520
231 2519
232 2519
233 2519
234 2513
235 2519
236 2520
237 2520
238 2513
239 2519
240 2518
394 2506
395 2515
396 2514
397 2515
398 2511
399 2512
400 2515
401 2507
402 2510
403 2507
404 2510
405 2510
406 2510
407 2510
408 2510
409 2512
410 2506
411 2511
412 2506
413 2517
414 2510
415 2507
416 2509
417 2508
418 2516
419 2512
420 2510
421 2511
422 2514
423 2513
424 2507
425 2506
426 2511
427 2511
428 2512
429 2513
430 2511
431 2514
432 2513
433 2511
434 2511
435 2506
436 2515
437 2508
438 2506
439 2505
440 2505
441 2512
442 2512
443 2513
444 2517
445 2511
446 2505
447 2513
448 2516
449 2516
450 2511
451 2511
452 2512
453 2514
454 2509
455 2518

