3003 2484
3004 2484
3005 2484
3006 2484
3007 2484
3008 2483
3009 2483
3010 2483
3011 2484
3012 2484
3013 2484
3014 2484
3015 2484
3016 2484
3017 2484
3018 2484
3019 2485
3020 2485
3021 2485
3022 2485
3023 2485
3024 2485
3025 2486
3026 2486
3027 2486
3028 2486
3029 2486
3030 2487
3031 2487
3032 2487
3033 2486
3034 2486
3035 2487
3036 2488
3037 2488
3038 2488
3039 2488
3040 2488
3041 2489
3042 2489
3043 2489
3044 2488
3045 2488
3046 2489
3047 2489
3048 2488
3049 2489
3050 2489
3051 2489
3052 2488
3053 2489
3054 2489
3055 2489
3056 2489
3057 2489
3058 2489
3059 2489
3060 2489
3061 2489
3062 2489
3063 2489
3064 2489
3065 2489
3066 2489
3067 2491
3068 2489
3069 2489
3070 2489
3071 2490
3072 2489
3073 2488
3074 2489
3075 2488
3076 2488
3077 2489
3078 2488
3079 2488
3080 2489
3081 2490
3082 2491
3083 2489
3084 2488
3085 2492
3086 2488
3087 2488
3088 2488
3089 2489
3090 2489
3091 2489
3092 2489
3093 2489
3094 2488
3095 2489
3096 2488
3097 2488
3098 2489
3099 2489
3100 2488
3101 2488
3102 2488
3103 2487
3104 2489
3105 2489
3106 2488
3107 2488
3108 2489
3109 2489
3110 2488
3111 2489
3112 2489
3113 2489
3114 2489
3115 2490
3116 2489
3117 2491
3118 2491
3119 2489
3120 2492
3121 2491
3122 2490
3123 2490
3124 2490
3125 2490
3126 2490
3127 2490
3128 2490
3129 2490
3130 2491
3131 2490
3132 2491
3133 2490
3134 2490
3135 2490
3136 2490
3137 2490
3138 2490
3139 2491
3140 2491
3141 2490
3142 2491
3143 2491
3144 2491
3145 2491
3146 2491
3147 2491
3148 2490
3149 2490
3150 2490
3151 2490
3152 2491
3153 2490
3154 2491
3155 2491
3156 2490
3157 2490
3158 2492
3159 2490
3160 2490
3161 2490
3162 2490
3163 2491
3164 2491
3165 2491
3166 2492
3167 2492
3168 2490
3169 2491
3170 2491
3171 2492
3172 2491
3173 2491
3174 2492
3175 2492
3176 2492
3177 2492
3178 2492
3179 2491
3180 2492
3181 2492
3182 2493
3183 2492
3184 2492
3185 2495
3186 2493
3187 2492
3188 2499
3189 2492
3190 2491
3191 2494
3192 2493
3193 2493
3194 2491
3195 2493
3196 2492
3197 2493
3198 2493
3199 2493
3200 2492
3201 2492
3202 2492
3203 2493
3204 2493
3205 2493
3206 2492
3207 2492
3208 2492
3209 2492
3210 2491
3211 2490
3212 2491
3213 2492
3214 2491
3215 2491
3216 2492
3217 2492
3218 2492
3219 2492
3220 2492
3221 2492
3222 2490
3223 2492
3224 2491
3225 2492
3226 2492
3227 2491
3228 2493
3229 2492
3230 2492
3231 2492
3232 2491
3233 2492
3234 2492
3235 2492
3236 2491
3237 2492
3238 2492
3239 2491
3240 2492
3241 2492
3242 2492
3243 2492
3244 2491
3245 2492
3246 2491
3247 2493
3248 2492
3249 2491
3250 2492
3251 2492
3252 2492
3253 2492
3254 2492
3255 2492
3256 2493
3257 2492
3258 2492
3259 2493
3260 2493
3261 2493
3262 2493
3263 2492
3264 2493
3265 2493
3266 2493
3267 2493
3268 2492
3269 2492
3270 2492
3271 2493
3272 2493
3273 2493
3274 2493
3275 2492
3276 2493
3277 2492
3278 2492
3279 2492
3280 2493
3281 2493
3282 2493
3283 2492
3284 2492
3285 2493
3286 2493
3287 2493
3288 2493
3289 2493
3290 2493
3291 2493
3292 2493
3293 2493
3294 2493
3295 2493
3296 2494
3297 2493
3298 2493
3299 2493
3300 2493
3301 2494
3302 2493
3303 2494
3304 2494
3305 2494
3306 2494
3307 2494
3308 2494
3309 2494
3310 2494
3311 2494
3312 2494
3313 2494
3314 2495
3315 2495
3316 2495
3317 2495
3318 2494
3319 2495
3320 2495
3321 2495
3322 2495
3323 2495
3324 2495
3325 2495
3326 2495
3327 2495
3328 2495
3329 2495
3330 2495
3331 2494
3332 2495
3333 2494
3334 2494
3335 2495
3336 2495
3337 2494
3338 2495
3339 2496
3340 2497
3341 2496
3342 2495
3343 2494
3344 2494
3345 2495
3346 2495
3347 2495
3348 2495
3349 2495
3350 2495
3351 2496
3352 2495
3353 2495
3354 2495
3355 2495
3356 2496
3357 2496
3358 2496
3359 2496
3360 2495
3361 2496
3362 2496
3363 2496
3364 2496
3365 2496
3366 2496
3367 2495
3368 2495
3369 2495
3370 2496
3371 2496
3372 2497
3373 2496
3374 2496
3375 2496
3376 2495
3377 2496
3378 2496
3379 2497
3380 2497
3381 2497
3382 2496
3383 2496
3384 2496
3385 2497
3386 2497
3387 2496
3388 2496
3389 2496
3390 2496
3391 2497
3392 2497
3393 2497
3394 2496
3395 2496
3396 2497
3397 2497
3398 2497
3399 2497
3400 2497
3401 2497
3402 2497
3403 2497
3404 2497
3405 2497
3406 2497
3407 2497
3408 2498
3409 2498
3410 2498
3411 2498
3412 2498
3413 2498
3414 2498
3415 2497
3416 2498
3417 2498
3418 2498
3419 2497
3420 2497
3421 2497
3422 2498
3423 2497
3424 2498
3425 2498
3426 2498
3427 2497
3428 2498
3429 2498
3430 2498
3431 2498
3432 2498
3433 2498
3434 2498
3435 2498
3436 2498
3437 2499
3438 2498
3439 2498
3440 2499
3441 2498
3442 2498
3443 2499
3444 2499
3445 2499
3446 2499
3447 2498
3448 2499
3449 2499
3450 2498
3451 2498
3452 2498
3453 2498
3454 2498
3455 2498
3456 2498
3457 2499
3458 2497
3459 2498
3460 2498
3461 2498
3462 2498
3463 2497
3464 2497
3465 2498
3466 2498
3467 2498
3468 2498
3469 2498
3470 2499
3471 2499
3472 2499
3473 2499
3474 2498
3475 2498
3476 2498
3477 2498
3478 2498
3479 2498
3480 2498
3481 2498
3482 2497
3483 2497
3484 2497
3485 2497
3486 2497
3487 2498
3488 2498
3489 2497
3490 2498
3491 2499
3492 2498
3493 2497
3494 2498
3495 2498
3496 2499
3497 2499
3498 2499
3499 2499
3500 2499
3501 2499
3502 2500
3503 2500
3504 2499
3505 2499
3506 2500
3507 2500
3508 2500
3509 2500
3510 2500
3511 2500
3512 2500
3513 2501
3514 2501
3515 2500
3516 2500
3517 2501
3518 2501
3519 2501
3520 2501
3521 2500
3522 2501
3523 2501
3524 2501
3525 2501
3526 2501
3527 2501
3528 2501
3529 2501
3530 2502
3531 2501
3532 2502
3533 2502
3534 2502
3535 2502
3536 2502
3537 2502
3538 2502
3539 2502
3540 2502
3541 2502
3542 2503
3543 2502
3544 2503
3545 2503
3546 2503
3547 2503
3548 2502
3549 2503
3550 2502
3551 2502
3552 2503
3553 2503
3554 2503
3555 2503
3556 2503
3557 2503
3558 2504
3559 2504
3560 2503
3561 2503
3562 2503
3563 2503
3564 2504
3565 2504
3566 2504
3567 2504
3568 2504
3569 2505
3570 2504
3571 2504
3572 2504
3573 2504
3574 2504
3575 2504
3576 2504
3577 2503
3578 2504
3579 2503
3580 2504
3581 2505
3582 2505
3583 2504
3584 2504
3585 2505
3586 2505
3587 2505
3588 2505
3589 2505
3590 2505
3591 2503
3592 2504
3593 2505
3594 2505
3595 2505
3596 2504
3597 2504
3598 2504
3599 2505
3600 2505
3601 2505
3602 2505
3603 2505
3604 2506
3605 2505
3606 2505
3607 2505
3608 2505
3609 2505
3610 2505
3611 2505
3612 2505
3613 2505
3614 2504
3615 2505
3616 2505
3617 2505
3618 2505
3619 2505
3620 2505
3621 2505
3622 2505
3623 2505
3624 2505
3625 2505
3626 2505
3627 2505
3628 2505
3629 2505
3630 2505
3631 2506
3632 2506
3633 2505
3634 2506
3635 2506
3636 2506
3637 2505
3638 2505
3639 2506
3640 2504
3641 2504
3642 2505
3643 2505
3644 2505
3645 2505
3646 2505
3647 2505
3648 2506
3649 2506
3650 2506
3651 2506
3652 2505
3653 2506
3654 2506
3655 2506
3656 2505
3657 2506
3658 2505
3659 2507
3660 2505
3661 2506
3662 2506
3663 2506
3664 2506
3665 2506
3666 2506
3667 2506
3668 2506
3669 2506
3670 2506
3671 2506
3672 2507
3673 2505
3674 2506
3675 2505
3676 2505
3677 2505
3678 2506
3679 2506
3680 2506
3681 2506
3682 2506
3683 2505
3684 2506
3685 2507
3686 2507
3687 2506
3688 2507
3689 2507
3690 2508
3691 2507
3692 2508
3693 2507
3694 2507
3695 2507
3696 2508
3697 2508
3698 2508
3699 2508
3700 2508
3701 2508
3702 2508
3703 2508
3704 2507
3705 2508
3706 2507
3707 2507
3708 2507
3709 2507
3710 2506
3711 2506
3712 2507
3713 2507
3714 2507
3715 2507
3716 2507
3717 2505
3718 2508
3719 2507
3720 2506
3721 2505
3722 2507
3723 2507
3724 2507
3725 2506
3726 2507
3727 2505
3728 2505
3729 2504
3730 2505
3731 2505
3732 2505
3733 2505
3734 2504
3735 2504
3736 2505
3737 2505
3738 2505
3739 2505
3740 2505
3741 2505
3742 2505
3743 2505
3744 2506
3745 2505
3746 2505
3747 2505
3748 2505
3749 2505
3750 2505
3751 2505
3752 2506
3753 2505
3754 2506
3755 2505
3756 2505
3757 2505
3758 2505
3759 2505
3760 2506
3761 2506
3762 2506
3763 2506
3764 2505
3765 2503
3766 2506
3767 2505
3768 2506
3769 2506
3770 2505
3771 2506
3772 2508
3773 2506
3774 2506
3775 2507
3776 2507
3777 2506
3778 2507
3779 2507
3780 2507
3781 2508
3782 2508
3783 2508
3784 2508
3785 2508
3786 2507
3787 2508
3788 2509
3789 2508
3790 2508
3791 2509
3792 2508
3793 2508
3794 2509
3795 2508
3796 2509
3797 2509
3798 2509
3799 2509
3800 2509
3801 2509
3802 2509
3803 2509
3804 2509
3805 2509
3806 2509
3807 2509
3808 2509
3809 2509
3810 2509
3811 2509
3812 2509
3813 2509
3814 2509
3815 2509
3816 2509
3817 2509
3818 2510
3819 2510
3820 2510
3821 2510
3822 2510
3823 2510
3824 2510
3825 2509
3826 2509
3827 2510
3828 2510
3829 2509
3830 2510
3831 2510
3832 2509

