4571 2516
4572 2515
4573 2515
4574 2515
4575 2515
4576 2515
4577 2515
4578 2515
4579 2515
4580 2514
4581 2515
4582 2523
4583 2513
4584 2515
4585 2517
4586 2514
4587 2521
4588 2518
4589 2515
4590 2514
4591 2514
4592 2515
4593 2515
4594 2516
4595 2515
4596 2516
4597 2516
4598 2517
4599 2518
4600 2518
4601 2518
4602 2517
4603 2516
4604 2514
4605 2512
4606 2512
4607 2513
4608 2513
4609 2519
4610 2519
4611 2515
4612 2514
4613 2513
4614 2513
4615 2515
4616 2514
4617 2515
4618 2515
4619 2516
4620 2516
4621 2516
4622 2515
4623 2518
4624 2517
4625 2516
4626 2516
4627 2517
4628 2515
4629 2515
4630 2515
4631 2514
4632 2516
4633 2515
4634 2515
4635 2515
4636 2515
4637 2516
4638 2518
4639 2516
4640 2516
4641 2516
4642 2516
4643 2515
4644 2515
4645 2515
4646 2515
4647 2516
4648 2522
4649 2516
4650 2516
4651 2516
4652 2515
4653 2519
4654 2516
4655 2517
4656 2516
4657 2516
4658 2516
4659 2518
4660 2516
4661 2515
4662 2514
4663 2515
4664 2515
4665 2514
4666 2514
4667 2514
4668 2514
4669 2514
4670 2514
4671 2513
4672 2513
4673 2514
4674 2514
4675 2514
4676 2514
4677 2515
4678 2516
4679 2516
4680 2516
4681 2517
4682 2522
4683 2517
4684 2521
4685 2526
4686 2516
4687 2522
4688 2520
4689 2522
4690 2515
4691 2524
4692 2518
4693 2516
4694 2523
4695 2517
4696 2517
4697 2516
4698 2517
4699 2516
4700 2515
4701 2516
4702 2516
4703 2524
4704 2523
4705 2522
4706 2523
4707 2523
4708 2522
4709 2520
4710 2518
4711 2519
4712 2518
4713 2519
4714 2518
4715 2520
4716 2517
4717 2516
4718 2516
4719 2515
4720 2516
4721 2516
4722 2516
4723 2515
4724 2516
4725 2520
4726 2518
4727 2516
4728 2517
4729 2517
4730 2517
4731 2517
4732 2517
4733 2516
4734 2517
4735 2517
4736 2517
4737 2517
4738 2516
4739 2516
4740 2517
4741 2517
4742 2517
4743 2517
4744 2516
4745 2519
4746 2516
4747 2516
4748 2515
4749 2516
4750 2516
4751 2516
4752 2516
4753 2516
4754 2517
4755 2516
4756 2518
4757 2516
4758 2516
4759 2516
4760 2516
4761 2516
4762 2520
4763 2517
4764 2515
4765 2515
4766 2515
4767 2520
4768 2516
4769 2516
4770 2516
4771 2517
4772 2516
4773 2516
4774 2515
4775 2519
4776 2519
4777 2515
4778 2517
4779 2515
4780 2514
4781 2516
4782 2515
4783 2515
4784 2515
4785 2516
4786 2516
4787 2516
4788 2516
4789 2515
4790 2515
4791 2514
4792 2515
4793 2515
4794 2514
4795 2514
4796 2514
4797 2515
4798 2514
4799 2514
4800 2514
4801 2514
4802 2513
4803 2513
4804 2513
4805 2513
4806 2513
4807 2513
4808 2513
4809 2514
4810 2514
4811 2514
4812 2523
4813 2514
4814 2514
4815 2514
4816 2514
4817 2514
4818 2513
4819 2513
4820 2513
4821 2513
4822 2519
4823 2514
4824 2514
4825 2515
4826 2513
4827 2513
4828 2514
4829 2513
4830 2523
4831 2513
4832 2513
4833 2512
4834 2512
4835 2516
4836 2514
4837 2514
4838 2513
4839 2513
4840 2513
4841 2512
4842 2513
4843 2515
4844 2513
4845 2513
4846 2513
4847 2513
4848 2513
4849 2513
4850 2512
4851 2516
4852 2513
4853 2513
4854 2513
4855 2513
4856 2513
4857 2513
4858 2512
4859 2513
4860 2513
4861 2513
4862 2512
4863 2512
4864 2513
4865 2513
4866 2512
4867 2512
4868 2512
4869 2513
4870 2512
4871 2513
4872 2513
4873 2513
4874 2512
4875 2515
4876 2514
4877 2513
4878 2518
4879 2512
4880 2513
4881 2512
4882 2512
4883 2512
4884 2513
4885 2512
4886 2513
4887 2513
4888 2516
4889 2514
4890 2516
4891 2516
4892 2511
4893 2511
4894 2510
4895 2512
4896 2510
4897 2512
4898 2512
4899 2510
4900 2510
4901 2510
4902 2511
4903 2511
4904 2511
4905 2511
4906 2514
4907 2511
4908 2511
4909 2511
4910 2511
4911 2511
4912 2515
4913 2512
4914 2511
4915 2516
4916 2511
4917 2511
4918 2514
4919 2511
4920 2510
4921 2511
4922 2510
4923 2510
4924 2510
4925 2510
4926 2510
4927 2511
4928 2511
4929 2511
4930 2511
4931 2511
4932 2514
4933 2510
4934 2510
4935 2511
4936 2509
4937 2515
4938 2514
4939 2509
4940 2516
4941 2511
4942 2517
4943 2510
4944 2511
4945 2511
4946 2511
4947 2510
4948 2510
4949 2509
4950 2508
4951 2512
4952 2507
4953 2506
4954 2505
4955 2508
4956 2502
4957 2503
4958 2503
4959 2503
4960 2503
4961 2502
4962 2503
4963 2503
4964 2502
4965 2503
4966 2503
4967 2502
4968 2502
4969 2502
4970 2502
4971 2502
4972 2502
4973 2502
4974 2508
4975 2508
4976 2503
4977 2508
4978 2509
4979 2503
4980 2504
4981 2507
4982 2508
4983 2504
4984 2505
4985 2505
4986 2508
4987 2508
4988 2509
4989 2508
4990 2502
4991 2502
4992 2502
4993 2502
4994 2502
4995 2503
4996 2503
4997 2504
4998 2504
4999 2503
5000 2504
5001 2504
5002 2503
5003 2502
5004 2503
5005 2502
5006 2502
5007 2502
5008 2502
5009 2503
5010 2504
5011 2509
5012 2508
5013 2503
5014 2505
5015 2503
5016 2503
5017 2503
5018 2503
5019 2503
5020 2503
5021 2504
5022 2504
5023 2504
5024 2504
5025 2504
5026 2504
5027 2504
5028 2504
5029 2504
5030 2504
5031 2504
5032 2503
5033 2504
5034 2503
5035 2504
5036 2503
5037 2503
5038 2503
5039 2503
5040 2503
5041 2503
5042 2503
5043 2503
5044 2503
5045 2504
5046 2504
5047 2503
5048 2504
5049 2503
5050 2503
5051 2503
5052 2504
5053 2504
5054 2508
5055 2503
5056 2503
5057 2503
5058 2503
5059 2503
5060 2503
5061 2508
5062 2508
5063 2504
5064 2508
5065 2504
5066 2504
5067 2509
5068 2503
5069 2504
5070 2503
5071 2504
5072 2506
5073 2505
5074 2503
5075 2504
5076 2503
5077 2502
5078 2503
5079 2502
5080 2503
5081 2503
5082 2506
5083 2502
5084 2504
5085 2503
5086 2504
5087 2507
5088 2504
5089 2509
5090 2505
5091 2504
5092 2504
5093 2504
5094 2503
5095 2503
5096 2504
5097 2504
5098 2507
5099 2504
5100 2503
5101 2504
5102 2504
5103 2504
5104 2505
5105 2504
5106 2506
5107 2506
5108 2506
5109 2505
5110 2505
5111 2503
5112 2506
5113 2504
5114 2504
5115 2502
5116 2502
5117 2503
5118 2503
5119 2506
5120 2504
5121 2507
5122 2504
5123 2507
5124 2508
5125 2503
5126 2502
5127 2501
5128 2502
5129 2502
5130 2503
5131 2503
5132 2502
5133 2506
5134 2505
5135 2505
5136 2505
5137 2502
5138 2501
5139 2506
5140 2502
5141 2503
5142 2504
5143 2504
5144 2504
5145 2506
5146 2502
5147 2505
5148 2502
5149 2502
5150 2501
5151 2507
5152 2501
5153 2504
5154 2506
5155 2511
5156 2501
5157 2505
5158 2507
5159 2501
5160 2502
5161 2502
5162 2501
5163 2501
5164 2500
5165 2501
5166 2500
5167 2500
5168 2503
5169 2503
5170 2504
5171 2505
5172 2501
5173 2501
5174 2501
5175 2501
5176 2501
5177 2501
5178 2507
5179 2508
5180 2504
5181 2502
5182 2502
5183 2503
5184 2501
5185 2501
5186 2501
5187 2501
5188 2500
5189 2501
5190 2500
5191 2501
5192 2501
5193 2500
5194 2501
5195 2502
5196 2500
5197 2502
5198 2501
5199 2500
5200 2501
5201 2500
5202 2500
5203 2499
5204 2503
5205 2500
5206 2499
5207 2499
5208 2499
5209 2500
5210 2501
5211 2499
5212 2499
5213 2499
5214 2499
5215 2499
5216 2499
5217 2499
5218 2500
5219 2499
5220 2499
5221 2499
5222 2499
5223 2500
5224 2499
5225 2499
5226 2499
5227 2499
5228 2500
5229 2499
5230 2499
5231 2499
5232 2499
5233 2499
5234 2499
5235 2499
5236 2499
5237 2499
5238 2499
5239 2499
5240 2499
5241 2499
5242 2499
5243 2499
5244 2499
5245 2499
5246 2499
5247 2499
5248 2499
5249 2499
5250 2499
5251 2499
5252 2499
5253 2499
5254 2500
5255 2500
5256 2500
5257 2502
5258 2500
5259 2499
5260 2500
5261 2499
5262 2499
5263 2499
5264 2499
5265 2499
5266 2499
5267 2499
5268 2499
5269 2500
5270 2499
5271 2499
5272 2499
5273 2499
5274 2499
5275 2500
5276 2500
5277 2500
5278 2500
5279 2500
5280 2501
5281 2500
5282 2500
5283 2500
5284 2501
5285 2500
5286 2500
5287 2500
5288 2500
5289 2501
5290 2500
5291 2500
5292 2500
5293 2500
5294 2500
5295 2500
5296 2500
5297 2501
5298 2501
5299 2500
5300 2500
5301 2500
5302 2500
5303 2500
5304 2501
5305 2500
5306 2500
5307 2500
5308 2500
5309 2501
5310 2503
5311 2503
5312 2500
5313 2500
5314 2500
5315 2500
5316 2503
5317 2503
5318 2500
5319 2501
5320 2501
5321 2501
5322 2500
5323 2500
5324 2500
5325 2504
5326 2502
5327 2500
5328 2500
5329 2501
5330 2501
5331 2505
5332 2501
5333 2501
5334 2505
5335 2499
5336 2500
5337 2500
5338 2499
5339 2500
5340 2500
5341 2500
5342 2500
5343 2500
5344 2500
5345 2501
5346 2501
5347 2501
5348 2501
5349 2501
5350 2501
5351 2501
5352 2504
5353 2501
5354 2500
5355 2500
5356 2500
5357 2501
5358 2500
5359 2500
5360 2501
5361 2504
5362 2502
5363 2501
5364 2500
5365 2501
5366 2501
5367 2501
5368 2501
5369 2500
5370 2501
5371 2501
5372 2501
5373 2501
5374 2501
5375 2501
5376 2501
5377 2501
5378 2501
5379 2501
5380 2501
5381 2500
5382 2500
5383 2500
5384 2501
5385 2501
5386 2504
5387 2500
5388 2504
5389 2502
5390 2501
5391 2502
5392 2501
5393 2501
5394 2501
5395 2500
5396 2501
5397 2500
5398 2500
5399 2500
5400 2500
5401 2501
5402 2501
5403 2501
5404 2501
5405 2501
5406 2501
5407 2501
5408 2500
5409 2501
5410 2500
5411 2501
5412 2501
5413 2501
5414 2501
5415 2500
5416 2501
5417 2501
5418 2501
5419 2501
5420 2500
5421 2500
5422 2500
5423 2500
5424 2500
5425 2500
5426 2500
5427 2500
5428 2500
5429 2500
5430 2500
5431 2500
5432 2500
5433 2500
5434 2500
5435 2500
5436 2500
5437 2500
5438 2500
5439 2501
5440 2500
5441 2500
5442 2500
5443 2500
5444 2500
5445 2500
5446 2500
5447 2500
5448 2500
5449 2500
5450 2500
5451 2499
5452 2506
5453 2502
5454 2507
5455 2504
5456 2507
5457 2510
5458 2500
5459 2500
5460 2499
5461 2499
5462 2499
5463 2499
5464 2499
5465 2499
5466 2499
5467 2499
5468 2499
5469 2499
5470 2499
5471 2498
5472 2499
5473 2499
5474 2498
5475 2498
5476 2502
5477 2502
5478 2498
5479 2499
5480 2498
5481 2498
5482 2498
5483 2499
5484 2499
5485 2499
5486 2498
5487 2499
5488 2499
5489 2498
5490 2498
5491 2498
5492 2498
5493 2498
5494 2498
5495 2498
5496 2498
5497 2498
5498 2498
5499 2498
5500 2498
5501 2498
5502 2498
5503 2498
5504 2498
5505 2498
5506 2498
5507 2497
5508 2498
5509 2497
5510 2497
5511 2497
5512 2498
5513 2498
5514 2497
5515 2497
5516 2497
5517 2497
5518 2497
5519 2497
5520 2496
5521 2497
5522 2497
5523 2497
5524 2497
5525 2497
5526 2496
5527 2497
5528 2497
5529 2497
5530 2497
5531 2497
5532 2497
5533 2497
5534 2499
5535 2496
5536 2496
5537 2496
5538 2496
5539 2496
5540 2496
5541 2496
5542 2496
5543 2496
5544 2496
5545 2496
5546 2496
5547 2496
5548 2496
5549 2496
5550 2496
5551 2496
5552 2496
5553 2496
5554 2496
5555 2496
5556 2496
5557 2496
5558 2496
5559 2496
5560 2496
5561 2495
5562 2495
5563 2495
5564 2498
5565 2496
5566 2496
5567 2501
5568 2498
5569 2497
5570 2495
5571 2495
5572 2495
5573 2499
5574 2499
5575 2496
5576 2496
5577 2496
5578 2496
5579 2497
5580 2499
5581 2497
5582 2497
5583 2496
5584 2496
5585 2496
5586 2497
5587 2497
5588 2497
5589 2497
5590 2496
5591 2496
5592 2497
5593 2496
5594 2497
5595 2495
5596 2495
5597 2500
5598 2496
5599 2495
5600 2495
5601 2495
5602 2495
5603 2495
5604 2496
5605 2495
5606 2496
5607 2496
5608 2495
5609 2495
5610 2495
5611 2496
5612 2496
5613 2495
5614 2495
5615 2495
5616 2496
5617 2496
5618 2495
5619 2496
5620 2496
5621 2498
5622 2502
5623 2496
5624 2495
5625 2496
5626 2496
5627 2495
5628 2496
5629 2495
5630 2495
5631 2495
5632 2494
5633 2495
5634 2495
5635 2495
5636 2496
5637 2496
5638 2501
5639 2496
5640 2496
5641 2495
5642 2495
5643 2495
5644 2495
5645 2495
5646 2496
5647 2495
5648 2495
5649 2495
5650 2495
5651 2496
5652 2495
5653 2494
5654 2494
5655 2494
5656 2495
5657 2494
5658 2494
5659 2494
5660 2494
5661 2494
5662 2494
5663 2494
5664 2494
5665 2494
5666 2494
5667 2494
5668 2494
5669 2494
5670 2494
5671 2494
5672 2494
5673 2494
5674 2494
5675 2494
5676 2494
5677 2493
5678 2493
5679 2494
5680 2494
5681 2493
5682 2494
5683 2493
5684 2493
5685 2493
5686 2493
5687 2493
5688 2493
5689 2493
5690 2493
5691 2493
5692 2493
5693 2493
5694 2493
5695 2493
5696 2493
5697 2493
5698 2493
5699 2493
5700 2493
5701 2493
5702 2493
5703 2493
5704 2493
5705 2493
5706 2493
5707 2493
5708 2493
5709 2493
5710 2493
5711 2493
5712 2493
5713 2493
5714 2493
5715 2493
5716 2493
5717 2493
5718 2493
5719 2493
5720 2493
5721 2493
5722 2493
5723 2493
5724 2493
5725 2493
5726 2493
5727 2493
5728 2493
5729 2493
5730 2493
5731 2493
5732 2493
5733 2493
5734 2492
5735 2492
5736 2492
5737 2492
5738 2492
5739 2492
5740 2492
5741 2493
5742 2493
5743 2492
5744 2492
5745 2492
5746 2492
5747 2492
5748 2492
5749 2492
5750 2492
5751 2492
5752 2492
5753 2492
5754 2492
5755 2492
5756 2491
5757 2492
5758 2491
5759 2492
5760 2491
5761 2491
5762 2491
5763 2491
5764 2491
5765 2491
5766 2491
5767 2491
5768 2491
5769 2491
5770 2491
5771 2491
5772 2491
5773 2491
5774 2491
5775 2491
5776 2491
5777 2491
5778 2490
5779 2491
5780 2491
5781 2491
5782 2491
5783 2490
5784 2490
5785 2490
5786 2491
5787 2491
5788 2490
5789 2490
5790 2490
5791 2491
5792 2490
5793 2490
5794 2491
5795 2491
5796 2491
5797 2491
5798 2491
5799 2491
5800 2491
5801 2491
5802 2491
5803 2491
5804 2491
5805 2491
5806 2491
5807 2491
5808 2491
5809 2491
5810 2491
5811 2491
5812 2491
5813 2491
5814 2491
5815 2491
5816 2491
5817 2491
5818 2491
5819 2491
5820 2491
5821 2491
5822 2491
5823 2491
5824 2491
5825 2491
5826 2491
5827 2491
5828 2492
5829 2492
5830 2492
5831 2491
5832 2492

5409 2517
5410 2523
5411 2521
5412 2523
5413 2530
5414 2523
5415 2524
5416 2529
5417 2529
5418 2529
5419 2515
5420 2525
5421 2526
5422 2521
5423 2523
5424 2523
5425 2521
5426 2515
5427 2522
5428 2522
5429 2515
5430 2523
5431 2521
5432 2520
5433 2521
5434 2519
5435 2524
5436 2519
5437 2520
5438 2520
5439 2520
5440 2519
5441 2513
5442 2518
5443 2520
5444 2521
5445 2521
5446 2520
5447 2520
5448 2520
5449 2521
5450 2522
5451 2513
5452 9999
5453 9999
5454 2522
5455 9999
5456 2523
5457 2523
5458 2522
5459 2521
5460 2513
5461 2527
5462 2520
5463 2523
5464 2521
5465 2518
5466 2520
5467 2520
5468 2520
5469 2519
5470 2513
5471 2513
5472 2517
5473 2525
5474 2521
5475 2519
5476 2522
5477 2518
5478 2522
5479 2521
5480 2521
5481 2521
5482 2520
5483 2522
5484 2524
5485 2521
5486 2526
5487 2527
5488 2522
5489 2521
5490 2521
5491 2521
5492 2520
5493 2524
5494 2514
5495 2521
5496 2523
5497 2529
5498 2522
5499 2529
5500 2515
5501 2523
5502 2529
5503 2523
5504 2516
5505 2515
5506 2518
5507 2523
5508 2523
5509 2524
5510 2524
5511 2526
5512 2529
5513 2524
5514 2523
5515 2524
5516 2530
5517 2523
5518 2525
5519 2524
5520 2515
5521 2527
5522 2523
5523 2528
5524 2515
5525 2516
5526 2518
5527 2523
5528 2522
5529 2523
5530 2525
5531 2522
5532 2526
5533 2520
5534 2527
5535 2522
5536 2520
5595 2525
5596 2522
5597 2526
5598 2520
5599 2518
5600 2524
5601 2526
5602 2528
5603 2517
5604 2523
5605 2524
5606 2524
5607 2523
5608 2518
5609 2528
5610 2523
5611 2523
5612 2523
5613 2522
5614 2522
5615 2522
5616 2521
5617 2522
5618 2516
5619 2523
5620 2522
5621 2525
5622 2522
5623 2520
5624 2528
5625 2523
5626 2523
5627 2522
5628 2524
5629 2527
5630 2514
5631 2524
5632 2528
5633 2523
5634 2516
5635 2518
5636 2528
5637 2521
5638 2522
5639 2516
5640 2524
5641 2529
5642 2523
5643 2515
5644 2521
5645 2527
5646 2517
5647 2517
5648 2529
5649 2529
5650 2526
5651 2525
5652 2527
5653 2516
5654 2523
5655 2523
5656 2523
5657 2525
5658 2522
5659 2523
5660 2523
5661 2523
5662 2523
5663 2524
5664 2528
5665 2523
5666 2524
5667 2524
5668 2524
5669 2525
5670 2524
5671 2523
5672 2524
5673 2523
5674 2523
5675 2526
5676 2524
5677 2524
5678 2523
5679 2523
5680 2523
5681 2522
5682 2520
5683 2528
5684 2529
5685 2524
5686 2523
5687 2524
5688 2524
5689 2523
5690 2522
5780 2514
5781 2514
5782 2518
5783 2521
5784 2518
5785 2520
5786 2525
5787 2524
5788 2519
5789 2525
5790 2520
5791 2520
5792 2519
5793 2519
5794 2519
5795 2518
5796 2520
5797 2520
5798 2521
5799 2522
5800 2521
5801 2526
5802 2520
5803 2522
5804 2522
5805 2514
5806 2514
5807 2521
5808 2524
5809 2526
5810 2517
5811 2521
5812 2526
5813 2519
5814 2520
5815 2521
5816 2521
5817 2519
5818 2525
5819 2519
5820 2512
5821 2512
5822 2512
5823 2512
5824 2519
5825 2519
5826 2519
5827 2519
5828 2516
5829 2519
5830 2519

