5 2523
6 2522
7 2521
8 2521
9 2521
10 2521
11 2521
12 2521
13 2521
14 2522
15 2529
16 2528
17 2521
18 2521
19 2528
20 2521
21 2521
22 2520
23 2520
24 2521
25 2521
26 2521
27 2521
28 2521
29 2521
30 2526
31 2526
32 2521
33 2521
34 2521
35 2521
36 2522
37 2522
38 2522
39 2522
40 2522
41 2522
42 2523
43 2522
44 2521
45 2523
46 2523
47 2524
48 2524
49 2524
50 2523
51 2523
52 2523
53 2523
54 2523
55 2526
56 2522
57 2522
58 2526
59 2528
60 2530
61 2524
62 2524
63 2523
64 2522
65 2525
66 2525
67 2525
68 2525
69 2524
70 2523
71 2524
72 2524
73 2525
74 2524
75 2524
76 2524
77 2524
78 2528
79 2525
80 2528
81 2528
82 2528
83 2524
84 2524
85 2529
86 2525
87 2524
88 2524
89 2525
90 2525
91 2525
92 2524
93 2524
94 2524
95 2524
96 2524
97 2524
98 2524
99 2524
100 2524
101 2524
102 2524
103 2524
104 2524
105 2524
106 2522
107 2522
108 2524
109 2525
110 2524
111 2524
112 2524
113 2528
114 2524
115 2524
116 2525
117 2524
118 2524
119 2524
120 2525
121 2524
122 2525
123 2525
124 2524
125 2524
126 2524
127 2523
128 2524
129 2524
130 2524
131 2524
132 2525
133 2525
134 2523
135 2521
136 2522
137 2521
138 2524
139 2522
140 2523
141 2523
142 2526
143 2524
144 2523
145 2524
146 2524
147 2524
148 2523
149 2522
150 2525
151 2524
152 2524
153 2524
154 2527
155 2529
156 2530
157 2525
158 2524
159 2525
160 2524
161 2524
162 2524
163 2524
164 2524
165 2524
166 2524
167 2525
168 2525
169 2524
170 2524
171 2524
172 2524
173 2524
174 2524
175 2524
176 2524
177 2523
178 2523
179 2524
180 2524
181 2524
182 2524
183 2524
184 2525
185 2525
186 2525
187 2525
188 2525
189 2525
190 2525
191 2524
192 2524
193 2523
194 2522
195 2533
196 2522
197 2522
198 2523
199 2523
200 2524
201 2524
202 2523
203 2524
204 2524
205 2525
206 2524
207 2524
208 2524
209 2525
210 2523
211 2523
212 2526
213 2523
214 2524
215 2525
216 2525
217 2525
218 2525
219 2526
220 2526
221 2529
222 2528
223 2524
224 2525
225 2524
226 2523
227 2523
228 2525
229 2525
230 2525
231 2524
232 2525
233 2525
234 2526
235 2528
236 2524
237 2524
238 2526
239 2525
240 2524
241 2526
242 2525
243 2525
244 2524
245 2524
246 2524
247 2524
248 2524
249 2523
250 2523
251 2523
252 2524
253 2522
254 2522
255 2522
256 2524
257 2524
258 2523
259 2523
260 2523
261 2524
262 2525
263 2525
264 2525
265 2524
266 2524
267 2524
268 2524
269 2523
270 2523
271 2523
272 2523
273 2522
274 2522
275 2520
276 2521
277 2521
278 2526
279 2520
280 2525
281 2520
282 2522
283 2522
284 2530
285 2520
286 2520
287 2525
288 2520
289 2521
290 2525
291 2523
292 2527
293 2520
294 2520
295 2524
296 2525
297 2528
298 2528
299 2524
300 2523
301 2522
302 2520
303 2520
304 2520
305 2520
306 2521
307 2521
308 2521
309 2522
310 2521
311 2522
312 2522
313 2521
314 2523
315 2522
316 2521
317 2530
318 2521
319 2522
320 2521
321 2520
322 2520
323 2521
324 2520
325 2523
326 2522
327 2522
328 2521
329 2521
330 2521
331 2519
332 2521
333 2519
334 2517
335 2518
336 2521
337 2520
338 2520
339 2519
340 2522
341 2523
342 2521
343 2524
344 2519
345 2519
346 2520
347 2520
348 2520
349 2519
350 2518
351 2522
352 2530
353 2517
354 2517
355 2517
356 2517
357 2517
358 2518
359 2517
360 2519
361 2524
362 2518
363 2519
364 2516
365 2529
366 2517
367 2516
368 2515
369 2516
370 2516
371 2519
372 2527
373 2520
374 2520
375 2521
376 2520
377 2522
378 2522
379 2522
380 2521
381 2521
382 2520
383 2520
384 2521
385 2526
386 2520
387 2523
388 2523
389 2520
390 2519
391 2520
392 2519
393 2519
394 2519
395 2520
396 2520
397 2520
398 2520
399 2520
400 2520
401 2520
402 2521
403 2519
404 2519
405 2519
406 2519
407 2519
408 2519
409 2519
410 2518
411 2518
412 2519
413 2519
414 2518
415 2519
416 2519
417 2519
418 2519
419 2518
420 2518
421 2516
422 2519
423 2520
424 2520
425 2514
426 2515
427 2515
428 2515
429 2515
430 2515
431 2514
432 2514
433 2514
434 2514
435 2514
436 2515
437 2515
438 2516
439 2517
440 2518
441 2518
442 2518
443 2521
444 2520
445 2520
446 2520
447 2519
448 2519
449 2520
450 2519
451 2517
452 2519
453 2516
454 2516
455 2520
456 2518
457 2516
458 2519
459 2521
460 2518
461 2518
462 2518
463 2518
464 2518
465 2521
466 2519
467 2518
468 2518
469 2518
470 2518
471 2520
472 2520
473 2520
474 2520
475 2520
476 2520
477 2521
478 2519
479 2518
480 2518
481 2518
482 2520
483 2520
484 2516
485 2512
486 2513
487 2512
488 2512
489 2514
490 2519
491 2519
492 2519
493 2516
494 2515
495 2517
496 2516
497 2516
498 2518
499 2516
500 2517
501 2516
502 2517
503 2517
504 2518
505 2517
506 2517
507 2518
508 2518
509 2519
510 2521
511 2521
512 2523
513 2520
514 2518
515 2516
516 2524
517 2524
518 2525
519 2515
520 2525
521 2527
522 2514
523 2527
524 2525
525 2526
526 2519
527 2524
528 2524
529 2517
530 2523
531 2523
532 2518
533 2521
534 2520
535 2520
536 2522
537 2520
538 2520
539 2520
540 2520
541 2520
542 2522
543 2520
544 2519
545 2520
546 2519
547 2520
548 2519
549 2519
550 2520
551 2519
552 2520
553 2520
554 2520
555 2519
556 2518
557 2518
558 2518
559 2518
560 2519
561 2519
562 2524
563 2518
564 2518
565 2518
566 2518
567 2517
568 2516
569 2517
570 2517
571 2517
572 2517
573 2517
574 2517
575 2527
576 2519
577 2529
578 2520
579 2520
580 2530
581 2520
582 2526
583 2531
584 2531
585 2531
586 2518
587 2519
588 2519
589 2523
590 2520
591 2521
592 2521
593 2521
594 2521
595 2521
596 2521
597 2522
598 2522
599 2521
600 2521
601 2521
602 2520
603 2520
604 2520
605 2528
606 2521
607 2522
608 2522
609 2521
610 2520
611 2518
612 2521
613 2521
614 2522
615 2523
616 2522
617 2521
618 2522
619 2522
620 2521
621 2519
622 2520
623 2520
624 2521
625 2522
626 2524
627 2520
628 2520
629 2520
630 2520
631 2522
632 2522
633 2526
634 2526
635 2524
636 2523
637 2524
638 2520
639 2520
640 2519
641 2518
642 2518
643 2518
644 2522
645 2522
646 2521
647 2521
648 2520
649 2520
650 2520
651 2519
652 2520
653 2520
654 2528
655 2520
656 2521
657 2521
658 2520
659 2520
660 2521
661 2522
662 2522
663 2522
664 2522
665 2521
666 2522
667 2522
668 2520
669 2521
670 2521
671 2521
672 2520
673 2521
674 2521
675 2522
676 2522
677 2523
678 2522
679 2521
680 2521
681 2525
682 2524
683 2521
684 2522
685 2518
686 2519
687 2519
688 2519
689 2520
690 2519
691 2519
692 2520
693 2520
694 2520
695 2520
696 2520
697 2519
698 2519
699 2521
700 2521
701 2521
702 2520
703 2528
704 2521
705 2525
706 2521
707 2521
708 2521
709 2520
710 2523
711 2522
712 2520
713 2523
714 2526
715 2521
716 2521
717 2520
718 2520
719 2521
720 2519
721 2520
722 2519
723 2520
724 2520
725 2520
726 2521
727 2520
728 2520
729 2520
730 2520
731 2520
732 2518
733 2529
734 2519
735 2525
736 2524
737 2519
738 2523
739 2525
740 2518
741 2518
742 2522
743 2518
744 2518
745 2518
746 2521
747 2522
748 2520
749 2519
750 2521
751 2521
752 2520
753 2525
754 2521
755 2521
756 2521
757 2521
758 2520
759 2522
760 2524
761 2524
762 2523
763 2524
764 2521
765 2521
766 2520
767 2520
768 2520
769 2522
770 2521
771 2520
772 2521
773 2520
774 2522
775 2523
776 2521
777 2521
778 2523
779 2521
780 2521
781 2521
782 2522
783 2522
784 2520
785 2527
786 2524
787 2521
788 2521
789 2520
790 2520
791 2520
792 2521
793 2521
794 2522
795 2521
796 2521
797 2520
798 2519
799 2519
800 2521
801 2520
802 2520
803 2519
804 2520
805 2520
806 2519
807 2519
808 2521
809 2520
810 2529
811 2519
812 2519
813 2519
814 2518
815 2518
816 2519
817 2518
818 2518
819 2518
820 2518
821 2516
822 2517
823 2517
824 2521
825 2518
826 2517
827 2518
828 2518
829 2516
830 2514
831 2514
832 2514
833 2515
834 2516
835 2517
836 2519
837 2518
838 2517
839 2517
840 2516
841 2516
842 2515
843 2517
844 2518
845 2517
846 2517
847 2517
848 2516
849 2517
850 2518
851 2518
852 2517
853 2517
854 2518
855 2518
856 2517
857 2518
858 2518
859 2517
860 2516
861 2517
862 2517
863 2517
864 2517
865 2517
866 2517
867 2517
868 2516
869 2517
870 2518
871 2518
872 2517
873 2517
874 2517
875 2518
876 2519
877 2518
878 2517
879 2519
880 2525
881 2519
882 2519
883 2519
884 2519
885 2520
886 2519
887 2518
888 2523
889 2519
890 2519
891 2519
892 2521
893 2520
894 2518
895 2521
896 2520
897 2526
898 2526
899 2520
900 2524
901 2522
902 2521
903 2523
904 2523
905 2522
906 2522
907 2521
908 2520
909 2523
910 2525
911 2523
912 2523
913 2522
914 2520
915 2526
916 2521
917 2523
918 2522
919 2521
920 2519
921 2518
922 2522
923 2519
924 2518
925 2518
926 2518
927 2519
928 2520
929 2519
930 2518
931 2517
932 2517
933 2517
934 2528
935 2516
936 2517
937 2517
938 2517
939 2517
940 2518
941 2519
942 2518
943 2519
944 2519
945 2519
946 2518
947 2520
948 2522
949 2528
950 2518
951 2519
952 2519
953 2522
954 2518
955 2521
956 2518
957 2518
958 2528
959 2519
960 2521
961 2523
962 2519
963 2519
964 2520
965 2520
966 2518
967 2523
968 2518
969 2519
970 2519
971 2518
972 2518
973 2518
974 2518
975 2519
976 2516
977 2517
978 2520
979 2519
980 2516
981 2518
982 2516
983 2516
984 2517
985 2517
986 2518
987 2516
988 2515
989 2515
990 2515
991 2516
992 2516
993 2516
994 2516
995 2520
996 2520
997 2515
998 2516
999 2512
1000 2516
1001 2512
1002 2513
1003 2514
1004 2513
1005 2513
1006 2513
1007 2513
1008 2512
1009 2513
1010 2512
1011 2512
1012 2513
1013 2515
1014 2514
1015 2510
1016 2511
1017 2512
1018 2512
1019 2513
1020 2514
1021 2515
1022 2516
1023 2516
1024 2517
1025 2518
1026 2516
1027 2516
1028 2518
1029 2520
1030 2518
1031 2518
1032 2518
1033 2519
1034 2518
1035 2518
1036 2518
1037 2521
1038 2518
1039 2517
1040 2516
1041 2515
1042 2515
1043 2515
1044 2515
1045 2516
1046 2516
1047 2518
1048 2520
1049 2518
1050 2517
1051 2517
1052 2516
1053 2514
1054 2516
1055 2514
1056 2517
1057 2517
1058 2517
1059 2516
1060 2517
1061 2516
1062 2523
1063 2513
1064 2513
1065 2513
1066 2514
1067 2513
1068 2514
1069 2517
1070 2513
1071 2514
1072 2513
1073 2513
1074 2513
1075 2513
1076 2514
1077 2515
1078 2517
1079 2517
1080 2519
1081 2515
1082 2517
1083 2517
1084 2518
1085 2518
1086 2517
1087 2517
1088 2517
1089 2518
1090 2518
1091 2518
1092 2518
1093 2515
1094 2514
1095 2513
1096 2513
1097 2513
1098 2515
1099 2513
1100 2514
1101 2515
1102 2519
1103 2515
1104 2516
1105 2515
1106 2516
1107 2516
1108 2516
1109 2515
1110 2514
1111 2514
1112 2515
1113 2515
1114 2515
1115 2521
1116 2517
1117 2516
1118 2520
1119 2516
1120 2516
1121 2516
1122 2516
1123 2516
1124 2517
1125 2515
1126 2516
1127 2516
1128 2516
1129 2516
1130 2517
1131 2516
1132 2515
1133 2515
1134 2515
1135 2515
1136 2514
1137 2514
1138 2515
1139 2515
1140 2514
1141 2522
1142 2514
1143 2514
1144 2514
1145 2515
1146 2515
1147 2516
1148 2516
1149 2516
1150 2516
1151 2515
1152 2515
1153 2518
1154 2518
1155 2514
1156 2515
1157 2515
1158 2515
1159 2515
1160 2515
1161 2515
1162 2515
1163 2514
1164 2514
1165 2514
1166 2514
1167 2514
1168 2515
1169 2515
1170 2515
1171 2515
1172 2515
1173 2517
1174 2515
1175 2519
1176 2519
1177 2522
1178 2524
1179 2516
1180 2517
1181 2516
1182 2516
1183 2515
1184 2515
1185 2516
1186 2516
1187 2516
1188 2515
1189 2518
1190 2517
1191 2519
1192 2519
1193 2519
1194 2518
1195 2517
1196 2516
1197 2517
1198 2517
1199 2517

