1737 2384
1738 2391
1739 2391
1740 2392
1741 2391
1742 2391
1743 2392
1744 2392
1745 2387
1746 2396
1747 2389
1748 2389
1749 2389
1750 2388
1751 2389
1752 2390
1753 2387
1754 2392
1755 2392
1756 2395
1757 2393
1758 2394
1759 2393
1760 2387
1761 2397
1762 2387
1763 2396
1764 2387
1765 2389
1766 2398
1767 2391
1768 2400
1769 2397
1770 2401
1771 2400
1772 2392
1773 2392
1774 2391
1775 2392
1776 2392
1777 2392
1778 2392
1779 2394
1780 2393
1781 2396
1782 2394
1783 2396
1784 2402
1785 2402
1786 2407
1787 2403
1788 2406
1789 2408
1790 2398
1791 2399
1792 2399
1793 2400
1794 2406
1795 2406
1796 2405
1797 2405
1798 2402
1799 2402
1800 2403
1801 2402
1802 2406
1803 2404
1804 2399
1805 2413
1806 2411
1807 2408
1808 2406
1809 2408
1810 2405
1811 2405
1812 2404
1813 2405
1814 2405
1815 2404
1816 2404
1817 2403
1818 2402
1819 2403
1820 2402
1821 2402
1822 2401
1823 2402
1824 2402
1825 2401
1826 2401
1827 2401
1828 2401
1829 2401
1830 2401
1831 2400
1832 2399
1833 2400
1834 2401
1835 2399
1836 2400
1837 2400
1838 2400
1839 2400
1840 2400
1841 2400
1842 2400
1843 2401
1844 2401
1845 2401
1846 2402
1847 2401
1848 2401
1849 2400
1850 2400
1851 2400
1852 2400
1853 2400
1854 2400
1855 2400
1856 2399
1857 2399
1858 2399
1859 2399
1860 2400
1861 2399
1862 2400
1863 2399
1864 2401
1865 2399
1866 2398
1867 2397
1868 2396
1869 2395
1870 2394
1871 2393
1872 2393
1873 2392
1874 2392
1875 2390
1876 2390
1877 2390
1878 2389
1879 2389
1880 2393
1881 2388
1882 2389
1883 2387
1884 2388
1885 2386
1886 2386
1887 2387
1888 2388
1889 2389
1890 2391
1891 2391
1892 2390
1893 2392
1894 2393
1895 2394
1896 2394
1897 2395
1898 2396
1899 2396
1900 2398
1901 2399
1902 2398
1903 2398
1904 2398
1905 2399
1906 2400
1907 2400
1908 2400
1909 2401
1910 2407
1911 2403
1912 2405
1913 2403
1914 2403
1915 2406
1916 2406
1917 2401
1918 2401
1919 2401
1920 2401
1921 2400
1922 2400
1923 2401
1924 2402
1925 2401
1926 2401
1927 2402
1928 2401
1929 2401
1930 2401
1931 2402
1932 2402
1933 2402
1934 2402
1935 2401
1936 2402
1937 2402
1938 2402
1939 2402
1940 2402
1941 2401
1942 2401
1943 2401
1944 2401
1945 2401
1946 2402
1947 2403
1948 2400
1949 2396
1950 2397
1951 2397
1952 2397
1953 2397
1954 2396
1955 2397
1956 2397
1957 2405
1958 2396
1959 2398
1960 2397
1961 2397
1962 2397
1963 2397
1964 2397
1965 2397
1966 2397
1967 2397
1968 2397
1969 2397
1970 2397
1971 2398
1972 2398
1973 2397
1974 2397
1975 2397
1976 2397
1977 2397
1978 2400
1979 2398
1980 2397
1981 2396
1982 2397
1983 2397
1984 2401
1985 2397
1986 2401
1987 2402
1988 2398
1989 2400
1990 2400
1991 2400
1992 2400
1993 2405
1994 2401
1995 2402
1996 2401
1997 2401
1998 2401
1999 2400
2000 2401
2001 2401
2002 2401
2003 2401
2004 2401
2005 2401
2006 2401
2007 2401
2008 2401
2009 2402
2010 2402
2011 2403
2012 2407
2013 2408
2014 2403
2015 2403
2016 2402
2017 2407

