2 2527
3 2525
4 2525
5 2524
6 2524
7 2526
8 2527
9 2527
10 2525
11 2524
12 2525
13 2525
14 2523
15 2524
16 2529
17 2524
18 2525
19 2526
20 2528
21 2523
22 2524
23 2524
24 2523
25 2523
26 2525
27 2525
28 2523
29 2523
30 2523
31 2522
32 2522
33 2522
34 2522
35 2523
36 2522
37 2523
38 2522
39 2522
40 2523
41 2523
42 2523
43 2522
44 2523
45 2523
46 2523
47 2523
48 2523
49 2524
50 2523
51 2523
52 2524
53 2524
54 2524
55 2524
56 2525
57 2525
58 2525
59 2525
60 2524
61 2524
62 2524
63 2524
64 2523
65 2523
66 2523
67 2523
68 2523
69 2523
70 2524
71 2522
72 2522
73 2521
74 2522
75 2522
76 2522
77 2520
78 2520
79 2521
80 2521
81 2520
82 2521
83 2521
84 2522
85 2525
86 2526
87 2522
88 2522
89 2522
90 2528
91 2525
92 2531
93 2523
94 2523
95 2523
96 2522
97 2522
98 2529
99 2525
100 2523
101 2521
102 2523
103 2525
104 2525
105 2526
106 2526
107 2522
108 2523
109 2523
110 2524
111 2523
112 2523
113 2524
114 2523
115 2523
116 2524
117 2522
118 2523
119 2523
120 2522
121 2523
122 2523
123 2523
124 2523
125 2523
126 2522
127 2523
128 2522
129 2522
130 2522
131 2522
132 2523
133 2523
134 2523
135 2523
136 2524
137 2523
138 2527
139 2522
140 2523
141 2524
142 2524
143 2522
144 2522
145 2524
146 2525
147 2522
148 2522
149 2522
150 2521
151 2522
152 2522
153 2523
154 2522
155 2522
156 2523
157 2527
158 2519
159 2519
160 2519
161 2520
162 2520
163 2520
164 2519
165 2518
166 2518
167 2516
168 2517
169 2527
170 2517
171 2517
172 2517
173 2520
174 2518
175 2517
176 2515
177 2521
178 2516
179 2516
180 2524
181 2523
182 2517
183 2516
184 2516
185 2520
186 2517
187 2518
188 2517
189 2517
190 2518
191 2517
192 2520
193 2520
194 2521
195 2517
196 2519
197 2524
198 2520
199 2519
200 2517
201 2518
202 2520
203 2517
204 2515
205 2515
206 2516
207 2517
208 2525
209 2516
210 2517
211 2517
212 2517
213 2517
214 2516
215 2517
216 2517
217 2516
218 2517
219 2517
220 2516
221 2516
222 2515
223 2515
224 2515
225 2514
226 2515
227 2514
228 2515
229 2518
230 2515
231 2516
232 2516
233 2516
234 2516
235 2516
236 2515
237 2514
238 2514
239 2513
240 2515
241 2515
242 2518
243 2517
244 2518
245 2517
246 2516
247 2520
248 2520
249 2516
250 2518
251 2519
252 2517
253 2517
254 2517
255 2517
256 2517
257 2517
258 2517
259 2517
260 2518
261 2517
262 2517
263 2517
264 2518
265 2516
266 2515
267 2518
268 2516
269 2516
270 2515
271 2515
272 2515
273 2515
274 2515
275 2514
276 2518
277 2515
278 2515
279 2515
280 2515
281 2515
282 2515
283 2514
284 2514
285 2516
286 2520
287 2515
288 2513
289 2512
290 2512
291 2512
292 2512
293 2512
294 2512
295 2512
296 2511
297 2511
298 2511
299 2512
300 2514
301 2511
302 2509
303 2509
304 2513
305 2508
306 2510
307 2510
308 2513
309 2512
310 2514
311 2512
312 2514
313 2516
314 2517
315 2525
316 2520
317 2516
318 2519
319 2518
320 2516
321 2519
322 2518
323 2521
324 2514
325 2515
326 2521
327 2522
328 2522
329 2523
330 2517
331 2517
332 2517
333 2521
334 2518
335 2517
336 2517
337 2519
338 2517
339 2517
340 2516
341 2517
342 2518
343 2518
344 2526
345 2515
346 2516
347 2518
348 2516
349 2515
350 2514
351 2514
352 2514
353 2511
354 2512
355 2512
356 2512
357 2513
358 2513
359 2514
360 2514
361 2515
362 2514
363 2513
364 2514
365 2514
366 2516
367 2514
368 2514
369 2514
370 2513
371 2521
372 2522
373 2517
374 2522
375 2516
376 2514
377 2519
378 2518
379 2514
380 2514
381 2515
382 2515
383 2518
384 2516
385 2515
386 2518
387 2517
388 2516
389 2517
390 2518
391 2516
392 2517
393 2517
394 2517
395 2516
396 2516
397 2516
398 2516
399 2517
400 2518
401 2517
402 2518
403 2519
404 2517
405 2517
406 2517
407 2518
408 2518
409 2520
410 2519
411 2518
412 2518
413 2518
414 2518
415 2519
416 2519
417 2518
418 2517
419 2517
420 2516
421 2516
422 2522
423 2529
424 2527
425 2522
426 2517
427 2521
428 2516
429 2516
430 2516
431 2516
432 2516
433 2519
434 2517
435 2517
436 2517
437 2518
438 2518
439 2520
440 2520
441 2516
442 2518
443 2518
444 2518
445 2519
446 2520
447 2521
448 2522
449 2521
450 2524
451 2520
452 2521
453 2521
454 2521
455 2522
456 2521
457 2519
458 2524
459 2518
460 2518
461 2519
462 2529
463 2529
464 2520
465 2520
466 2521
467 2520
468 2521
469 2521
470 2523
471 2519
472 2520
473 2520
474 2520
475 2520
476 2521
477 2520
478 2519
479 2519
480 2519
481 2520
482 2519
483 2520
484 2520
485 2519
486 2520
487 2526
488 2520
489 2519
490 2518
491 2517
492 2519
493 2519
494 2525
495 2518
496 2519
497 2524
498 2520
499 2520
500 2521
501 2522
502 2523
503 2518
504 2519
505 2520
506 2523
507 2521
508 2520
509 2522
510 2521
511 2523
512 2522
513 2521
514 2522
515 2521
516 2521
517 2521
518 2522
519 2522
520 2526
521 2524
522 2525
523 2522
524 2521
525 2522
526 2522
527 2521
528 2520
529 2525
530 2525
531 2518
532 2520
533 2520
534 2529
535 2521
536 2521
537 2524
538 2526
539 2520
540 2520
541 2522
542 2522
543 2523
544 2524
545 2527
546 2528
547 2522
548 2523
549 2523
550 2521
551 2519
552 2520
553 2520
554 2521
555 2520
556 2519
557 2520
558 2520
559 2520
560 2520
561 2519
562 2520
563 2520
564 2520
565 2521
566 2522
567 2526
568 2523
569 2521
570 2520
571 2519
572 2519
573 2521
574 2518
575 2517
576 2517
577 2519
578 2521
579 2518
580 2518
581 2519
582 2519
583 2518
584 2518
585 2518
586 2519
587 2518
588 2519
589 2519
590 2518
591 2518
592 2518
593 2524
594 2520
595 2520
596 2519
597 2524
598 2519
599 2519
600 2519
601 2519
602 2519
603 2521
604 2520
605 2518
606 2517
607 2515
608 2517
609 2518
610 2519
611 2518
612 2518
613 2521
614 2517
615 2518
616 2515
617 2515
618 2515
619 2516
620 2517
621 2518
622 2517
623 2517
624 2518
625 2518
626 2518
627 2518
628 2518
629 2517
630 2518
631 2528
632 2520
633 2525
634 2528
635 2519
636 2519
637 2520
638 2520
639 2520
640 2519
641 2519
642 2519
643 2519
644 2518
645 2518
646 2519
647 2519
648 2520
649 2519
650 2519
651 2520
652 2523
653 2519
654 2520
655 2518
656 2518
657 2517
658 2517
659 2517
660 2518
661 2523
662 2516
663 2521
664 2520
665 2516
666 2521
667 2516
668 2517
669 2517
670 2520
671 2518
672 2517
673 2527
674 2516
675 2518
676 2517
677 2518
678 2517
679 2517
680 2520
681 2520
682 2519
683 2518
684 2518
685 2519
686 2518
687 2517
688 2518
689 2519
690 2519
691 2518
692 2521
693 2519
694 2520
695 2517
696 2517
697 2518
698 2518
699 2521
700 2514
701 2514
702 2517
703 2519
704 2515
705 2518
706 2519
707 2519
708 2519
709 2517
710 2522
711 2518
712 2516
713 2518
714 2515
715 2514
716 2519
717 2513
718 2513
719 2528
720 2512
721 2513
722 2513
723 2514
724 2521
725 2514
726 2513
727 2513
728 2514
729 2514
730 2513
731 2512
732 2517
733 2519
734 2520
735 2517
736 2520
737 2517
738 2517
739 2517
740 2517
741 2516
742 2517
743 2516
744 2516
745 2515
746 2515
747 2515
748 2514
749 2515
750 2525
751 2525
752 2514
753 2514
754 2519
755 2516
756 2516
757 2516
758 2518
759 2518
760 2518
761 2526
762 2515
763 2515
764 2527
765 2526
766 2515
767 2515
768 2515
769 2516
770 2516
771 2516
772 2516
773 2518
774 2519
775 2515
776 2528
777 2515
778 2527
779 2526
780 2515
781 2516
782 2516
783 2515
784 2516
785 2527
786 2516
787 2516
788 2514
789 2514
790 2514
791 2513
792 2517
793 2514
794 2513
795 2513
796 2513
797 2513
798 2515
799 2515
800 2529
801 2516
802 2515
803 2515
804 2518
805 2527
806 2526
807 2524
808 2515
809 2515
810 2514
811 2515
812 2515
813 2516
814 2526
815 2515
816 2515
817 2516
818 2515
819 2516
820 2516
821 2516
822 2516
823 2515
824 2517
825 2517
826 2527
827 2518
828 2524
829 2517
830 2518
831 2517
832 2527
833 2516
834 2517
835 2515
836 2516
837 2517
838 2518
839 2517
840 2516
841 2518
842 2516
843 2518
844 2528
845 2517
846 2517
847 2518
848 2517
849 2520
850 2528
851 2518
852 2517
853 2517
854 2518
855 2517
856 2517
857 2518
858 2526
859 2528
860 2521
861 2527
862 2529
863 2516
864 2517
865 2528
866 2517
867 2517
868 2517
869 2517
870 2517
871 2516
872 2517
873 2517
874 2517
875 2515
876 2515
877 2518
878 2518
879 2517
880 2518
881 2518
882 2519
883 2519
884 2519
885 2518
886 2517
887 2522
888 2521
889 2517
890 2517
891 2520
892 2520
893 2522
894 2522
895 2523
896 2525
897 2524
898 2523
899 2523
900 2522
901 2521
902 2528
903 2522
904 2521
905 2520
906 2520
907 2520
908 2521
909 2520
910 2520
911 2520
912 2520
913 2520
914 2524
915 2520
916 2520
917 2519
918 2519
919 2530
920 2519
921 2518
922 2518
923 2518
924 2518
925 2519
926 2518
927 2525
928 2518
929 2518
930 2525
931 2519
932 2518
933 2519
934 2518
935 2519
936 2518
937 2519
938 2519
939 2518
940 2517
941 2517
942 2518
943 2518
944 2517
945 2518
946 2521
947 2518
948 2521
949 2518
950 2517
951 2517
952 2517
953 2517
954 2517
955 2517
956 2517
957 2518
958 2519
959 2518
960 2518
961 2519
962 2519
963 2517
964 2516
965 2516
966 2516
967 2516
968 2517
969 2519
970 2517
971 2519
972 2518
973 2519
974 2520
975 2521
976 2519
977 2519
978 2518
979 2520
980 2518
981 2517
982 2518
983 2518
984 2517
985 2518
986 2518
987 2516
988 2517
989 2517
990 2517
991 2516
992 2517
993 2517
994 2517
995 2516
996 2516
997 2520
998 2515
999 2519
1000 2518
1001 2517
1002 2515
1003 2519
1004 2519
1005 2516
1006 2516
1007 2520
1008 2519
1009 2517
1010 2518
1011 2518
1012 2519
1013 2519
1014 2518
1015 2518
1016 2517
1017 2518
1018 2524
1019 2522
1020 2522
1021 2522
1022 2521
1023 2517
1024 2516
1025 2520
1026 2520
1027 2519
1028 2521
1029 2520
1030 2521
1031 2521
1032 2521
1033 2520
1034 2518
1035 2518
1036 2518
1037 2518
1038 2528
1039 2518
1040 2519
1041 2519
1042 2518
1043 2518
1044 2516
1045 2516
1046 2516
1047 2517
1048 2522
1049 2517
1050 2517
1051 2517
1052 2519
1053 2519
1054 2518
1055 2521
1056 2517
1057 2515
1058 2515
1059 2515
1060 2515
1061 2516
1062 2517
1063 2517
1064 2518
1065 2515
1066 2517
1067 2515
1068 2518
1069 2517
1070 2513
1071 2513
1072 2513
1073 2513
1074 2513
1075 2513
1076 2517
1077 2514
1078 2515
1079 2518
1080 2519
1081 2517
1082 2518
1083 2525
1084 2517
1085 2514
1086 2518
1087 2526
1088 2524
1089 2515
1090 2516
1091 2516
1092 2517
1093 2516
1094 2514
1095 2515
1096 2514
1097 2515
1098 2515
1099 2515
1100 2515
1101 2515
1102 2513
1103 2514
1104 2514
1105 2514
1106 2514
1107 2514
1108 2514
1109 2514
1110 2514
1111 2515
1112 2514
1113 2515
1114 2515
1115 2516
1116 2515
1117 2516
1118 2516
1119 2520
1120 2517
1121 2518
1122 2516
1123 2515
1124 2515
1125 2516
1126 2515
1127 2516
1128 2516
1129 2516
1130 2515
1131 2516
1132 2518
1133 2518
1134 2519
1135 2520
1136 2518
1137 2522
1138 2518
1139 2517
1140 2517
1141 2517
1142 2517
1143 2517
1144 2517
1145 2518
1146 2518
1147 2517
1148 2518
1149 2518
1150 2517
1151 2519
1152 2519
1153 2518
1154 2518
1155 2518
1156 2518
1157 2518
1158 2517
1159 2521
1160 2521
1161 2517
1162 2517
1163 2518
1164 2517
1165 2519
1166 2518
1167 2518
1168 2518
1169 2518
1170 2518
1171 2518
1172 2518
1173 2518
1174 2518
1175 2518
1176 2519
1177 2518
1178 2518
1179 2517
1180 2517
1181 2518
1182 2518
1183 2518
1184 2517
1185 2519
1186 2519
1187 2527
1188 2527
1189 2519
1190 2519
1191 2520
1192 2521
1193 2518
1194 2523
1195 2525
1196 2520
1197 2520
1198 2520
1199 2520
1200 2520
1201 2524
1202 2519
1203 2520
1204 2520
1205 2520
1206 2520
1207 2520
1208 2520
1209 2519
1210 2520
1211 2521
1212 2521
1213 2520
1214 2520
1215 2524
1216 2520
1217 2520
1218 2520
1219 2520
1220 2519
1221 2522

