4185 2516
4186 2513
4187 2513
4188 2512
4189 2512
4190 2511
4191 2512
4192 2510
4193 2514
4194 2511
4195 2510
4196 2510
4197 2510
4198 2510
4199 2523
4200 2509
4201 2515
4202 2515
4203 2517
4204 2507
4205 2509
4206 2511
4207 2512
4208 2517
4209 2517
4210 2513
4211 2513
4212 2513
4213 2513
4214 2513
4215 2512
4216 2512
4217 2515
4218 2512
4219 2514
4220 2513
4221 2510
4222 2512
4223 2516
4224 2508
4225 2508
4226 2508
4227 2508
4228 2509
4229 2511
4230 2516
4231 2513
4232 2511
4233 2511
4234 2511
4235 2511
4236 2510
4237 2514
4238 2511
4239 2512
4240 2513
4241 2513
4242 2513
4243 2518
4244 2513
4245 2513
4246 2513
4247 2513
4248 2518
4249 2513
4250 2517
4251 2513
4252 2513
4253 2515
4254 2513
4255 2514
4256 2511
4257 2511
4258 2512
4259 2523
4260 2510
4261 2509
4262 2508
4263 2519
4264 2507
4265 2519
4266 2509
4267 2512
4268 2508
4269 2507
4270 2508
4271 2507
4272 2507
4273 2507
4274 2506
4275 2507
4276 2508
4277 2508
4278 2508
4279 2509
4280 2509
4281 2508
4282 2509
4283 2508
4284 2508
4285 2509
4286 2511
4287 2511
4288 2511
4289 2511
4290 2512
4291 2512
4292 2512
4293 2510
4294 2510
4295 2511
4296 2510
4297 2510
4298 2515
4299 2509
4300 2509
4301 2508
4302 2509
4303 2507
4304 2511
4305 2510
4306 2511
4307 2510
4308 2507
4309 2512
4310 2507
4311 2507
4312 2506
4313 2510
4314 2509
4315 2514
4316 2514
4317 2512
4318 2505
4319 2506
4320 2510
4321 2505
4322 2507
4323 2506
4324 2505
4325 2509
4326 2505
4327 2505
4328 2505
4329 2506
4330 2505
4331 2503
4332 2504
4333 2510
4334 2500
4335 2507
4336 2519
4337 2508
4338 2511
4339 2512
4340 2504
4341 2503
4342 2516
4343 2506
4344 2509
4345 2507
4346 2507
4347 2511
4348 2512
4349 2509
4350 2509
4351 2508
4352 2509
4353 2506
4354 2506
4355 2506
4356 2507
4357 2509
4358 2507
4359 2507
4360 2507
4361 2507
4362 2508
4363 2507
4364 2509
4365 2511
4366 2509
4367 2510
4368 2508
4369 2509
4370 2509
4371 2509
4372 2510
4373 2509
4374 2509
4375 2508
4376 2509
4377 2510
4378 2512
4379 2512
4380 2512
4381 2512
4382 2512
4383 2513
4384 2513
4385 2511
4386 2512
4387 2512
4388 2513
4389 2512
4390 2513
4391 2512
4392 2511
4393 2512
4394 2509
4395 2509
4396 2510
4397 2509
4398 2509
4399 2512
4400 2512
4401 2510
4402 2514
4403 2512
4404 2513
4405 2513
4406 2509
4407 2510
4408 2510
4409 2511
4410 2510
4411 2510
4412 2510
4413 2511
4414 2511
4415 2510
4416 2510
4417 2509
4418 2510
4419 2510
4420 2511
4421 2509
4422 2508
4423 2508
4424 2510
4425 2514
4426 2508
4427 2508
4428 2508
4429 2509
4430 2507
4431 2508
4432 2508
4433 2508
4434 2508
4435 2508
4436 2508
4437 2509
4438 2507
4439 2507
4440 2506
4441 2506
4442 2505
4443 2505
4444 2505
4445 2505
4446 2507
4447 2512
4448 2503
4449 2507
4450 2507
4451 2506
4452 2504
4453 2504
4454 2504
4455 2504
4456 2503
4457 2504
4458 2508
4459 2506
4460 2503
4461 2503
4462 2508
4463 2507
4464 2505
4465 2506
4466 2506
4467 2504
4468 2504
4469 2505
4470 2505
4471 2506
4472 2508
4473 2507
4474 2506
4475 2510
4476 2506
4477 2502
4478 2501
4479 2503
4480 2503
4481 2504
4482 2504
4483 2504
4484 2503
4485 2503
4486 2509
4487 2504
4488 2504
4489 2504
4490 2505
4491 2508
4492 2505
4493 2505
4494 2506
4495 2510
4496 2506
4497 2507
4498 2507
4499 2508
4500 2508
4501 2508
4502 2507
4503 2507
4504 2508
4505 2507
4506 2505
4507 2505
4508 2505
4509 2504
4510 2503
4511 2503
4512 2504
4513 2504
4514 2504
4515 2504
4516 2506
4517 2507
4518 2506
4519 2506
4520 2507
4521 2505
4522 2504
4523 2505
4524 2505
4525 2504
4526 2506
4527 2505
4528 2505
4529 2505
4530 2505
4531 2505
4532 2511
4533 2506
4534 2506
4535 2506
4536 2505
4537 2506
4538 2505
4539 2506
4540 2505
4541 2505
4542 2509
4543 2506
4544 2506
4545 2506
4546 2506
4547 2506
4548 2507
4549 2506
4550 2505
4551 2504
4552 2505
4553 2505
4554 2505
4555 2505
4556 2505
4557 2507
4558 2508
4559 2503
4560 2507
4561 2503
4562 2504
4563 2513
4564 2513
4565 2503
4566 2502
4567 2502
4568 2506
4569 2501
4570 2502
4571 2502
4572 2502
4573 2502
4574 2503
4575 2503
4576 2503
4577 2503
4578 2505
4579 2501
4580 2500
4581 2507
4582 2509
4583 2508
4584 2502
4585 2500
4586 2501
4587 2500
4588 2503
4589 2501
4590 2502
4591 2503
4592 2501
4593 2500
4594 2501
4595 2501
4596 2501
4597 2501
4598 2501
4599 2504
4600 2501
4601 2501
4602 2502
4603 2499
4604 2500
4605 2502
4606 2500
4607 2501
4608 2499
4609 2507
4610 2497
4611 2497
4612 2495
4613 2503
4614 2495
4615 2496
4616 2497
4617 2497
4618 2498
4619 2498
4620 2502
4621 2497
4622 2497
4623 2498
4624 2497
4625 2497
4626 2498
4627 2497
4628 2498
4629 2498
4630 2498
4631 2497
4632 2499
4633 2499
4634 2500
4635 2499
4636 2500
4637 2498
4638 2499
4639 2498
4640 2500
4641 2501
4642 2501
4643 2501
4644 2498
4645 2497
4646 2501
4647 2501
4648 2500
4649 2499
4650 2499
4651 2498
4652 2499
4653 2501
4654 2501
4655 2495
4656 2497
4657 2496
4658 2496
4659 2497
4660 2496
4661 2500
4662 2502
4663 2497
4664 2502
4665 2502
4666 2498
4667 2496
4668 2496
4669 2496
4670 2496
4671 2496
4672 2495
4673 2495
4674 2495
4675 2495
4676 2496
4677 2497
4678 2497
4679 2498
4680 2498
4681 2498
4682 2499
4683 2499
4684 2496
4685 2496
4686 2496
4687 2497
4688 2496
4689 2495
4690 2496
4691 2495
4692 2495
4693 2495
4694 2495
4695 2496
4696 2496
4697 2496
4698 2496
4699 2496
4700 2499
4701 2496
4702 2497
4703 2498
4704 2499
4705 2500
4706 2498
4707 2499
4708 2497
4709 2496
4710 2495
4711 2500
4712 2496
4713 2496
4714 2497
4715 2497
4716 2496
4717 2496
4718 2497
4719 2496
4720 2497
4721 2496
4722 2497
4723 2496
4724 2498
4725 2497
4726 2499
4727 2498
4728 2498
4729 2498
4730 2498
4731 2495

