2 2493
3 2493
4 2493
5 2493
6 2492
7 2497
8 2493
9 2493
10 2493
11 2493
12 2493
13 2492
14 2492
15 2493
16 2492
17 2492
18 2492
19 2493
20 2493
21 2492
22 2493
23 2492
24 2493
25 2493
26 2492
27 2492
28 2492
29 2492
30 2492
31 2492
32 2492
33 2492
34 2492
35 2492
36 2492
37 2492
38 2492
39 2492
40 2492
41 2492
42 2492
43 2491
44 2492
45 2492
46 2492
47 2492
48 2492
49 2492
50 2492
51 2492
52 2492
53 2492
54 2492
55 2492
56 2492
57 2492
58 2492
59 2492
60 2492
61 2492
62 2492
63 2492
64 2492
65 2492
66 2492
67 2492
68 2491
69 2491
70 2491
71 2491
72 2491
73 2491
74 2491
75 2491
76 2491
77 2491
78 2491
79 2491
80 2491
81 2491
82 2491
83 2491
84 2491
85 2491
86 2491
87 2491
88 2491
89 2491
90 2491
91 2491
92 2491
93 2491
94 2491
95 2491
96 2491
97 2491
98 2491
99 2491
100 2491
101 2491
102 2491
103 2491
104 2491
105 2491
106 2491
107 2491
108 2491
109 2491
110 2491
111 2491
112 2491
113 2491
114 2491
115 2491
116 2491
117 2490
118 2490
119 2490
120 2490
121 2490
122 2490
123 2490
124 2490
125 2491
126 2490
127 2490
128 2490
129 2490
130 2490
131 2490
132 2490
133 2490
134 2490
135 2490
136 2490
137 2490
138 2490
139 2490
140 2490
141 2490
142 2490
143 2490
144 2490
145 2490
146 2491
147 2490
148 2490
149 2490
150 2490
151 2491
152 2490
153 2489
154 2490
155 2490
156 2490
157 2490
158 2490
159 2490
160 2491
161 2489
162 2489
163 2489
164 2490
165 2490
166 2489
167 2489
168 2490
169 2490
170 2490
171 2490
172 2490
173 2490
174 2490
175 2490
176 2489
177 2490
178 2490
179 2490
180 2490
181 2489
182 2490
183 2490
184 2489
185 2489
186 2489
187 2489
188 2488
189 2489
190 2489
191 2489
192 2489
193 2489
194 2489
195 2488
196 2489
197 2489
198 2489
199 2489
200 2489
201 2489
202 2488
203 2489
204 2488
205 2489
206 2488
207 2489
208 2489
209 2488
210 2488
211 2488
212 2489
213 2488
214 2489
215 2489
216 2488
217 2489
218 2488
219 2488
220 2493
221 2489
222 2489
223 2489
224 2490
225 2489
226 2488
227 2488
228 2488
229 2487
230 2490
231 2488
232 2488
233 2488
234 2488
235 2488
236 2488
237 2488
238 2488
239 2487
240 2488
241 2487
242 2488
243 2488
244 2488
245 2488
246 2488
247 2488
248 2488
249 2488
250 2488
251 2488
252 2488
253 2488
254 2488
255 2488
256 2488
257 2488
258 2487
259 2487
260 2487
261 2487
262 2488
263 2488
264 2487
265 2487
266 2487
267 2487
268 2487
269 2487
270 2488
271 2487
272 2487
273 2487
274 2488
275 2488
276 2487
277 2487
278 2487
279 2487
280 2487
281 2487
282 2487
283 2487
284 2487
285 2487
286 2487
287 2487
288 2487
289 2487
290 2487
291 2487
292 2487
293 2487
294 2487
295 2487
296 2486
297 2487
298 2487
299 2487
300 2487
301 2487
302 2486
303 2487
304 2487
305 2486
306 2487
307 2487
308 2487
309 2487
310 2487
311 2486
312 2486
313 2486
314 2487
315 2486
316 2487
317 2487
318 2487
319 2486
320 2487
321 2486
322 2487
323 2487
324 2486
325 2487
326 2486
327 2487
328 2487
329 2486
330 2486
331 2487
332 2487
333 2487
334 2487
335 2486
336 2487
337 2487
338 2487
339 2487
340 2487
341 2487
342 2487
343 2486
344 2487
345 2487
346 2487
347 2487
348 2487
349 2487
350 2487
351 2486
352 2486
353 2486
354 2486
355 2486
356 2486
357 2486
358 2486
359 2486
360 2486
361 2486
362 2486
363 2486
364 2486
365 2486
366 2486
367 2486
368 2486
369 2486
370 2487
371 2487
372 2487
373 2486
374 2486
375 2486
376 2487
377 2487
378 2486
379 2487
380 2487
381 2486
382 2487
383 2486
384 2487
385 2487
386 2486
387 2487
388 2487
389 2486
390 2487
391 2487
392 2487
393 2487
394 2487
395 2486
396 2487
397 2487
398 2487
399 2487
400 2487
401 2487
402 2487
403 2487
404 2487
405 2487
406 2487
407 2487
408 2486
409 2487
410 2487
411 2487
412 2488
413 2487
414 2486
415 2486
416 2487
417 2486
418 2487
419 2490
420 2487
421 2487
422 2487
423 2487
424 2486
425 2487
426 2487
427 2487
428 2487
429 2487
430 2487
431 2487
432 2487
433 2487
434 2487
435 2486
436 2487
437 2487
438 2487
439 2487
440 2487
441 2487
442 2487
443 2487
444 2487
445 2487
446 2487
447 2487
448 2486
449 2487
450 2487
451 2487
452 2487
453 2487
454 2487
455 2487
456 2488
457 2487
458 2487
459 2487
460 2487
461 2487
462 2487
463 2488
464 2488
465 2487
466 2487
467 2487
468 2487
469 2487
470 2487
471 2487
472 2487
473 2487
474 2487
475 2487
476 2488
477 2487
478 2487
479 2487
480 2487
481 2487
482 2488
483 2488
484 2488
485 2488
486 2487
487 2488
488 2487
489 2487
490 2487
491 2488
492 2488
493 2488
494 2488
495 2488
496 2488
497 2488
498 2488
499 2488
500 2488
501 2488
502 2488
503 2488
504 2488
505 2488
506 2488
507 2488
508 2488
509 2488
510 2488
511 2489
512 2488
513 2488
514 2488
515 2488
516 2489
517 2488
518 2488
519 2488
520 2488
521 2489
522 2488
523 2488
524 2489
525 2489
526 2488
527 2488
528 2488
529 2489
530 2488
531 2488
532 2489
533 2489
534 2489
535 2488
536 2489
537 2489
538 2489
539 2489
540 2489
541 2489
542 2489
543 2489
544 2489
545 2489
546 2489
547 2489
548 2489
549 2489
550 2489
551 2489
552 2489
553 2489
554 2489
555 2489
556 2489
557 2489
558 2489
559 2489
560 2489
561 2489
562 2489
563 2490
564 2489
565 2489
566 2490
567 2489
568 2490
569 2489
570 2489
571 2489
572 2489
573 2489
574 2490
575 2489
576 2489
577 2490
578 2489
579 2490
580 2489
581 2489
582 2490
583 2490
584 2490
585 2490
586 2490
587 2490
588 2490
589 2490
590 2490
591 2490
592 2490
593 2490
594 2490
595 2490
596 2490
597 2490
598 2490
599 2490
600 2490
601 2490
602 2490
603 2490
604 2490
605 2490
606 2490
607 2490
608 2490
609 2490
610 2490
611 2490
612 2490
613 2490
614 2490
615 2490
616 2491
617 2492
618 2491
619 2490
620 2491
621 2490
622 2490
623 2490
624 2489
625 2491
626 2490
627 2491
628 2489
629 2492
630 2491
631 2492
632 2491
633 2491
634 2494
635 2489
636 2491
637 2495
638 2493
639 2492
640 2492
641 2490
642 2491
643 2492
644 2491
645 2490
646 2493
647 2493
648 2492
649 2491
650 2490
651 2491
652 2492
653 2490
654 2490
655 2492
656 2490
657 2492
658 2491
659 2491
660 2491
661 2491
662 2491
663 2491
664 2491
665 2490
666 2490
667 2490
668 2491
669 2491
670 2491
671 2491
672 2491
673 2491
674 2491
675 2491
676 2491
677 2491
678 2491
679 2491
680 2491
681 2491
682 2491
683 2491
684 2491
685 2492
686 2492
687 2491
688 2490
689 2491
690 2491
691 2491
692 2490
693 2491
694 2491
695 2491
696 2491
697 2491
698 2491
699 2490
700 2491
701 2491
702 2491
703 2491
704 2490
705 2491
706 2491
707 2490
708 2490
709 2491
710 2490
711 2491
712 2491
713 2491
714 2491
715 2491
716 2491
717 2491
718 2491
719 2491
720 2491
721 2491
722 2491
723 2491
724 2491
725 2491
726 2491
727 2491
728 2491
729 2491
730 2490
731 2491
732 2490
733 2491
734 2491
735 2491
736 2490
737 2490
738 2490
739 2490
740 2490
741 2490
742 2491
743 2491
744 2491
745 2490
746 2490
747 2491
748 2490
749 2490
750 2490
751 2490
752 2490
753 2490
754 2490
755 2490
756 2490
757 2490
758 2490
759 2490
760 2490
761 2490
762 2490
763 2490
764 2490
765 2490
766 2490
767 2490
768 2490
769 2490
770 2490
771 2490
772 2490
773 2490
774 2490
775 2489
776 2490
777 2490
778 2490
779 2490
780 2490
781 2490
782 2490
783 2490
784 2490
785 2490
786 2489
787 2490
788 2490
789 2490
790 2490
791 2490
792 2490
793 2490
794 2490
795 2490
796 2490
797 2490
798 2489
799 2490
800 2489
801 2490
802 2489
803 2489
804 2489
805 2489
806 2490
807 2490
808 2489
809 2489
810 2489
811 2489
812 2490
813 2489
814 2489
815 2490
816 2490
817 2493
818 2489
819 2490
820 2491
821 2490
822 2490
823 2490
824 2489
825 2489
826 2489
827 2489
828 2490
829 2492
830 2490
831 2489
832 2490
833 2491
834 2488
835 2491
836 2492
837 2488
838 2489
839 2489
840 2489
841 2489
842 2490
843 2490
844 2490
845 2489
846 2489
847 2489
848 2490
849 2489
850 2490
851 2490
852 2490
853 2490
854 2490
855 2490
856 2490
857 2490
858 2490
859 2490
860 2490
861 2490
862 2489
863 2490
864 2490
865 2490
866 2490
867 2490
868 2490
869 2490
870 2489
871 2489
872 2489
873 2489
874 2489
875 2489
876 2489
877 2489
878 2489
879 2489
880 2489
881 2489
882 2489
883 2489
884 2489
885 2489
886 2489
887 2489
888 2489
889 2489
890 2490
891 2490
892 2490
893 2490
894 2490
895 2490
896 2490
897 2490
898 2489
899 2490
900 2490
901 2490
902 2490
903 2490
904 2490
905 2490
906 2490
907 2490
908 2490
909 2490
910 2490
911 2490
912 2490
913 2490
914 2490
915 2490
916 2490
917 2490
918 2490
919 2489
920 2490
921 2490
922 2490
923 2489
924 2490
925 2490
926 2490
927 2490
928 2490
929 2490
930 2489
931 2489
932 2489
933 2489
934 2489
935 2489
936 2489
937 2489
938 2489
939 2489
940 2489
941 2489
942 2489
943 2489
944 2489
945 2489
946 2489
947 2488
948 2489
949 2489
950 2489
951 2489
952 2488
953 2489
954 2488
955 2488
956 2488
957 2489
958 2489
959 2488
960 2489
961 2488
962 2488
963 2489
964 2489
965 2489
966 2489
967 2488
968 2488
969 2488
970 2488
971 2487
972 2487
973 2487
974 2487
975 2487
976 2487
977 2487
978 2487
979 2487
980 2487
981 2487
982 2487
983 2487
984 2487
985 2487
986 2487
987 2487
988 2487
989 2487
990 2486
991 2486
992 2486
993 2487
994 2487
995 2486
996 2487
997 2487
998 2487
999 2486
1000 2487
1001 2486
1002 2487
1003 2487
1004 2487
1005 2488
1006 2486
1007 2486
1008 2486
1009 2486
1010 2486
1011 2486
1012 2486
1013 2486
1014 2486
1015 2486
1016 2486
1017 2486
1018 2486
1019 2486
1020 2486
1021 2486
1022 2486
1023 2485
1024 2486
1025 2486
1026 2486
1027 2486
1028 2486
1029 2486
1030 2486
1031 2486
1032 2486
1033 2486
1034 2486
1035 2486
1036 2486
1037 2485
1038 2485
1039 2485
1040 2485
1041 2485
1042 2486
1043 2485
1044 2485
1045 2485
1046 2485
1047 2485
1048 2485
1049 2485
1050 2485
1051 2485
1052 2485
1053 2485
1054 2485
1055 2485
1056 2485
1057 2485
1058 2485
1059 2485
1060 2485
1061 2485
1062 2485
1063 2485
1064 2484
1065 2484
1066 2484
1067 2484
1068 2484
1069 2485
1070 2485
1071 2485
1072 2484
1073 2485
1074 2484
1075 2485
1076 2485
1077 2485
1078 2485
1079 2485
1080 2485
1081 2484
1082 2485
1083 2485
1084 2484
1085 2484
1086 2484
1087 2484
1088 2484
1089 2484
1090 2484
1091 2484
1092 2484
1093 2484
1094 2484
1095 2484
1096 2484
1097 2484
1098 2483
1099 2484
1100 2484
1101 2483
1102 2483
1103 2483
1104 2483
1105 2483
1106 2483
1107 2483
1108 2483
1109 2483
1110 2483
1111 2483
1112 2483
1113 2483
1114 2483
1115 2483
1116 2483
1117 2483
1118 2483
1119 2483
1120 2483
1121 2483
1122 2483
1123 2483
1124 2483
1125 2483
1126 2483
1127 2483
1128 2483
1129 2483
1130 2483
1131 2483
1132 2482
1133 2483
1134 2483
1135 2483
1136 2482
1137 2482
1138 2482
1139 2482
1140 2482
1141 2482
1142 2482
1143 2482
1144 2482
1145 2482
1146 2482
1147 2482
1148 2482
1149 2482
1150 2482
1151 2482
1152 2482
1153 2482
1154 2482
1155 2482
1156 2482
1157 2482
1158 2482
1159 2481
1160 2482
1161 2482
1162 2482
1163 2482
1164 2481
1165 2481
1166 2481
1167 2482
1168 2481
1169 2481
1170 2481
1171 2481
1172 2481
1173 2481
1174 2481
1175 2481
1176 2481
1177 2481
1178 2481
1179 2481
1180 2481
1181 2481
1182 2481
1183 2481
1184 2481
1185 2481
1186 2481
1187 2481
1188 2481
1189 2481
1190 2481
1191 2481
1192 2481
1193 2481
1194 2481
1195 2480
1196 2480
1197 2480
1198 2481
1199 2481
1200 2481
1201 2481
1202 2481
1203 2480
1204 2480
1205 2480
1206 2480
1207 2480
1208 2480
1209 2480
1210 2480
1211 2480
1212 2480
1213 2480
1214 2480
1215 2480
1216 2480
1217 2480
1218 2480
1219 2480
1220 2480
1221 2480
1222 2480
1223 2480
1224 2480
1225 2480
1226 2480
1227 2480
1228 2480
1229 2480
1230 2480
1231 2480
1232 2480
1233 2480
1234 2480
1235 2479
1236 2480
1237 2479
1238 2479
1239 2479
1240 2479
1241 2479
1242 2479
1243 2479
1244 2479
1245 2479
1246 2479
1247 2479
1248 2479
1249 2479
1250 2479
1251 2479
1252 2479
1253 2478
1254 2478
1255 2478
1256 2478
1257 2478
1258 2478
1259 2478
1260 2478
1261 2478
1262 2478
1263 2478
1264 2478
1265 2478
1266 2478
1267 2478
1268 2478
1269 2478
1270 2478
1271 2478
1272 2478
1273 2478
1274 2478
1275 2478
1276 2478
1277 2478
1278 2478
1279 2478
1280 2478
1281 2478
1282 2478
1283 2478
1284 2478
1285 2478
1286 2478
1287 2477
1288 2478
1289 2478
1290 2478
1291 2478
1292 2477
1293 2477
1294 2477
1295 2477
1296 2477
1297 2477
1298 2477
1299 2477
1300 2477
1301 2477
1302 2477
1303 2477
1304 2477
1305 2477
1306 2477
1307 2477
1308 2477
1309 2477
1310 2477
1311 2477
1312 2477
1313 2477
1314 2477
1315 2476
1316 2476
1317 2476
1318 2476
1319 2476
1320 2476
1321 2476
1322 2476
1323 2476
1324 2476
1325 2476
1326 2476
1327 2476
1328 2475
1329 2475
1330 2475
1331 2475
1332 2475
1333 2475
1334 2475
1335 2475
1336 2475
1337 2475
1338 2474
1339 2474
1340 2474
1341 2474
1342 2474
1343 2474
1344 2474
1345 2474
1346 2474
1347 2474
1348 2474
1349 2474
1350 2474
1351 2474
1352 2474
1353 2474
1354 2474
1355 2474
1356 2474
1357 2474
1358 2474
1359 2474
1360 2474
1361 2474
1362 2474
1363 2474
1364 2474
1365 2474
1366 2474
1367 2474
1368 2474
1369 2474
1370 2474
1371 2474
1372 2474
1373 2473
1374 2474
1375 2474
1376 2473
1377 2473
1378 2473
1379 2473
1380 2473
1381 2473
1382 2473
1383 2473
1384 2473
1385 2473
1386 2473
1387 2473
1388 2473
1389 2472
1390 2472
1391 2472
1392 2472
1393 2472
1394 2472
1395 2472
1396 2472
1397 2472
1398 2472
1399 2472
1400 2472
1401 2472
1402 2472
1403 2472
1404 2472
1405 2471
1406 2472
1407 2471
1408 2472
1409 2472
1410 2471
1411 2471
1412 2471
1413 2471
1414 2471
1415 2471
1416 2471
1417 2471
1418 2471
1419 2471
1420 2471
1421 2471
1422 2471
1423 2471
1424 2471
1425 2471
1426 2471
1427 2471
1428 2471
1429 2471
1430 2470
1431 2471
1432 2471
1433 2470
1434 2470
1435 2470
1436 2470
1437 2470
1438 2470
1439 2470
1440 2470
1441 2470
1442 2470
1443 2470
1444 2470
1445 2470
1446 2470
1447 2470
1448 2470
1449 2470
1450 2470
1451 2470
1452 2470
1453 2470
1454 2470
1455 2470
1456 2470
1457 2470
1458 2470
1459 2470
1460 2470
1461 2470
1462 2470
1463 2471
1464 2471
1465 2471
1466 2471
1467 2470
1468 2470
1469 2470
1470 2470
1471 2470
1472 2470
1473 2470
1474 2470
1475 2470
1476 2470
1477 2470
1478 2469
1479 2470
1480 2469
1481 2470
1482 2470
1483 2469
1484 2470
1485 2470
1486 2469
1487 2469
1488 2469
1489 2470
1490 2469
1491 2470
1492 2469
1493 2469
1494 2469
1495 2469
1496 2469
1497 2469
1498 2469
1499 2469
1500 2469
1501 2468
1502 2469
1503 2470
1504 2470
1505 2472
1506 2469
1507 2469
1508 2469
1509 2468
1510 2468
1511 2468
1512 2469
1513 2468
1514 2468
1515 2471
1516 2470
1517 2468
1518 2468
1519 2468
1520 2468
1521 2469
1522 2468
1523 2469
1524 2468
1525 2468
1526 2469
1527 2469
1528 2468
1529 2468
1530 2469
1531 2468
1532 2469
1533 2469
1534 2468
1535 2468
1536 2468
1537 2468
1538 2468
1539 2468
1540 2468
1541 2469
1542 2469
1543 2468
1544 2471
1545 2469
1546 2469
1547 2469
1548 2468
1549 2469
1550 2469
1551 2473
1552 2468
1553 2468
1554 2468
1555 2467
1556 2468
1557 2468
1558 2468
1559 2468
1560 2467
1561 2467
1562 2467
1563 2467
1564 2467
1565 2467
1566 2468
1567 2468
1568 2467
1569 2467
1570 2468
1571 2468
1572 2468
1573 2467
1574 2467
1575 2467
1576 2467
1577 2468
1578 2468
1579 2469
1580 2469
1581 2469
1582 2468
1583 2468
1584 2468
1585 2468
1586 2468
1587 2468
1588 2467
1589 2468
1590 2469
1591 2468
1592 2468
1593 2468
1594 2468
1595 2468
1596 2468
1597 2467
1598 2468
1599 2467
1600 2467

525 2511
526 2505
527 2510
528 2503
529 2510
530 2511
531 2512
532 2508
533 2507
534 2505
535 2511
536 2507
537 2508
538 2508
539 2510
540 2511
541 2510
542 2512
543 2512
544 2509
545 2516
546 2511
547 2503
548 2511
549 2511
550 2511
551 2510
552 2508
553 2509
554 2510
555 2503
556 2502
557 2502
558 2514
559 2502
560 2514
561 2509
562 2509
563 2510
564 2509
565 2509
566 2511
567 2510
568 2510
569 2510
570 2510
571 2506
572 2504
573 2510
574 2502
575 2510
576 2508
577 2510
578 2511
579 2510
580 2509
581 2505
582 2510
583 2510
584 2509
585 2509
586 2509
587 2508
588 2508
589 2502
590 2510
591 2510
592 2510
593 2510
594 2509
595 2510
596 2502
597 2507
598 2509
599 2504
600 2505
601 2504
602 2506
603 9999
604 2502
605 2506
606 9999
607 9999
608 9999
609 9999
610 2509
611 2510
612 2508
613 2503
614 2502
615 9999
616 9999
617 9999
618 9999
619 9999
620 9999
663 9999
664 9999
665 9999
666 2508
667 2508
668 2508
669 2515
670 2513
671 2512
672 2516
673 2511
674 2510
675 2510
676 2507
677 2510
678 2509
679 2512
680 2511
681 2511
682 2510
683 2509
684 2510
685 2509
686 2514
687 2518
688 2509
689 2512
690 2505
691 2510
692 2518
693 2512
694 2510
695 2513
696 2505
1276 2508
1277 2508
1278 2506
1279 2508
1280 2508
1281 2505
1282 2505
1283 2504
1284 2509
1285 2511
1286 2512
1287 2508
1288 2506
1289 2506
1290 2499
1291 2496
1292 2496
1293 2496
1294 2496
1295 2495
1296 2502
1297 2495
1298 2503
1299 2503
1300 2502
1301 2494
1302 2493
1303 2506
1304 2502
1305 2492
1306 2497
1307 2503
1308 2501
1309 2499
1310 2499
1311 2493
1312 2502
1313 2499
1314 2498
1315 2499
1316 2500
1317 2494
1318 2502
1319 2498
1320 2495
1321 2502
1322 2493
1323 2497
1324 2499
1325 2497
1326 2498
1327 2492
1328 2500
1329 2491
1330 2491
1331 2502
1332 2504
1333 2497
1334 2492
1335 2499
1336 2498
1337 2503
1338 2495
1339 2503
1340 2495
1341 2493
1342 2500
1343 2499
1344 2507
1345 2500
1346 2500
1347 2501
1348 2496
1349 2503
1350 2500
1351 2503
1352 2504
1353 2505
1354 2505
1355 2505
1356 2505
1357 2500
1358 2505
1359 2507
1360 2508
1361 2510
1362 2513

