2 2488
3 2488
4 2488
5 2488
6 2488
7 2488
8 2488
9 2489
10 2491
11 2488
12 2488
13 2488
14 2488
15 2488
16 2488
17 2488
18 2488
19 2488
20 2488
21 2488
22 2488
23 2488
24 2488
25 2491
26 2488
27 2492
28 2489
29 2490
30 2488
31 2488
32 2488
33 2488
34 2488
35 2488
36 2488
37 2488
38 2488
39 2487
40 2488
41 2488
42 2488
43 2488
44 2488
45 2488
46 2488
47 2488
48 2488
49 2488
50 2488
51 2488
52 2488
53 2488
54 2488
55 2488
56 2488
57 2488
58 2488
59 2488
60 2488
61 2488
62 2488
63 2489
64 2488
65 2488
66 2490
67 2491
68 2487
69 2488
70 2488
71 2488
72 2488
73 2488
74 2490
75 2488
76 2488
77 2488
78 2488
79 2489
80 2488
81 2489
82 2489
83 2488
84 2488
85 2488
86 2488
87 2488
88 2488
89 2488
90 2488
91 2488
92 2488
93 2488
94 2488
95 2488
96 2488
97 2488
98 2488
99 2488
100 2488
101 2488
102 2488
103 2489
104 2488
105 2488
106 2488
107 2488
108 2489
109 2488
110 2489
111 2488
112 2488
113 2488
114 2489
115 2489
116 2489
117 2488
118 2489
119 2489
120 2489
121 2489
122 2489
123 2489
124 2489
125 2489
126 2489
127 2489
128 2489
129 2489
130 2489
131 2489
132 2488
133 2489
134 2489
135 2489
136 2489
137 2489
138 2489
139 2492
140 2491
141 2488
142 2489
143 2489
144 2489
145 2489
146 2489
147 2488
148 2489
149 2489
150 2489
151 2489
152 2489
153 2489
154 2489
155 2489
156 2489
157 2489
158 2489
159 2489
160 2489
161 2489
162 2489
163 2489
164 2489
165 2489
166 2489
167 2489
168 2489
169 2489
170 2489
171 2489
172 2489
173 2489
174 2489
175 2489
176 2489
177 2489
178 2489
179 2489
180 2489
181 2490
182 2491
183 2489
184 2489
185 2489
186 2489
187 2489
188 2489
189 2489
190 2489
191 2489
192 2490
193 2490
194 2490
195 2490
196 2490
197 2490
198 2489
199 2490
200 2489
201 2489
202 2493
203 2489
204 2490
205 2489
206 2489
207 2489
208 2489
209 2489
210 2489
211 2489
212 2489
213 2489
214 2489
215 2489
216 2489
217 2489
218 2489
219 2489
220 2489
221 2489
222 2489
223 2490
224 2489
225 2489
226 2489
227 2489
228 2489
229 2490
230 2489
231 2489
232 2489
233 2489
234 2490
235 2490
236 2490
237 2490
238 2490
239 2490
240 2490
241 2490
242 2490
243 2490
244 2490
245 2490
246 2490
247 2489
248 2489
249 2489
250 2489
251 2489
252 2489
253 2489
254 2489
255 2489
256 2489
257 2489
258 2490
259 2489
260 2489
261 2489
262 2490
263 2489
264 2489
265 2489
266 2489
267 2489
268 2489
269 2489
270 2489
271 2489
272 2489
273 2489
274 2489
275 2490
276 2489
277 2489
278 2490
279 2489
280 2489
281 2489
282 2489
283 2489
284 2490
285 2490
286 2490
287 2489
288 2489
289 2490
290 2490
291 2489
292 2490
293 2490
294 2489
295 2489
296 2489
297 2490
298 2490
299 2489
300 2490
301 2490
302 2490
303 2490
304 2490
305 2490
306 2490
307 2490
308 2490
309 2490
310 2490
311 2490
312 2489
313 2488
314 2489
315 2490
316 2490
317 2490
318 2490
319 2489
320 2489
321 2489
322 2489
323 2489
324 2489
325 2489
326 2489
327 2489
328 2489
329 2489
330 2489
331 2489
332 2489
333 2489
334 2489
335 2489
336 2489
337 2489
338 2489
339 2489
340 2489
341 2489
342 2489
343 2489
344 2489
345 2489
346 2489
347 2489
348 2489
349 2489
350 2489
351 2489
352 2489
353 2489
354 2488
355 2488
356 2488
357 2488
358 2488
359 2489
360 2489
361 2488
362 2488
363 2488
364 2488
365 2488
366 2488
367 2488
368 2488
369 2488
370 2488
371 2488
372 2488
373 2488
374 2488
375 2488
376 2488
377 2488
378 2488
379 2488
380 2488
381 2488
382 2488
383 2488
384 2488
385 2488
386 2488
387 2488
388 2488
389 2488
390 2489
391 2489
392 2489
393 2489
394 2489
395 2489
396 2488
397 2488
398 2488
399 2489
400 2488
401 2488
402 2489
403 2489
404 2489
405 2489
406 2488
407 2489
408 2489
409 2488
410 2488
411 2488
412 2488
413 2488
414 2488
415 2488
416 2488
417 2488
418 2488
419 2488
420 2488
421 2488
422 2488
423 2488
424 2488
425 2489
426 2491
427 2489
428 2489
429 2490
430 2490
431 2490
432 2490
433 2490
434 2490
435 2490
436 2490
437 2490
438 2490
439 2491
440 2490
441 2491
442 2490
443 2489
444 2489
445 2489
446 2490
447 2490
448 2490
449 2490
450 2490
451 2491
452 2490
453 2490
454 2490
455 2490
456 2490
457 2490
458 2490
459 2490
460 2490
461 2490
462 2490
463 2490
464 2490
465 2490
466 2490
467 2490
468 2490
469 2490
470 2490
471 2490
472 2490
473 2490
474 2490
475 2490
476 2490
477 2489
478 2490
479 2490
480 2490
481 2490
482 2490
483 2490
484 2490
485 2490
486 2490
487 2490
488 2490
489 2490
490 2490
491 2490
492 2490
493 2490
494 2489
495 2489
496 2489
497 2489
498 2489
499 2489
500 2489
501 2489
502 2489
503 2489
504 2489
505 2489
506 2489
507 2489
508 2488
509 2489
510 2489
511 2489
512 2489
513 2489
514 2488
515 2489
516 2488
517 2488
518 2488
519 2488
520 2488
521 2488
522 2488
523 2488
524 2488
525 2488
526 2495
527 2488
528 2488
529 2488
530 2488
531 2488
532 2488
533 2487
534 2488
535 2496
536 2488
537 2489
538 2488
539 2489
540 2489
541 2495
542 2489
543 2490
544 2490
545 2490
546 2489
547 2490
548 2490
549 2490
550 2490
551 2490
552 2490
553 2489
554 2489
555 2489
556 2489
557 2489
558 2489
559 2489
560 2489
561 2489
562 2488
563 2489
564 2489
565 2488
566 2488
567 2488
568 2488
569 2488
570 2488
571 2488
572 2488
573 2488
574 2488
575 2488
576 2488
577 2487
578 2487
579 2487
580 2487
581 2488
582 2488
583 2487
584 2487
585 2487
586 2488
587 2487
588 2487
589 2487
590 2488
591 2488
592 2488
593 2488
594 2488
595 2487
596 2488
597 2488
598 2488
599 2488
600 2488
601 2488
602 2488
603 2488
604 2488
605 2487
606 2488
607 2488
608 2488
609 2489
610 2488
611 2488
612 2487
613 2487
614 2488
615 2488
616 2488
617 2487
618 2488
619 2488
620 2488
621 2487
622 2488
623 2488
624 2488
625 2487
626 2488
627 2488
628 2488
629 2488
630 2487
631 2487
632 2487
633 2487
634 2487
635 2487
636 2486
637 2486
638 2486
639 2486
640 2487
641 2487
642 2487
643 2487
644 2487
645 2487
646 2487
647 2487
648 2487
649 2487
650 2487
651 2487
652 2487
653 2487
654 2487
655 2486
656 2486
657 2486
658 2487
659 2487
660 2486
661 2486
662 2486
663 2486
664 2486
665 2486
666 2486
667 2486
668 2486
669 2486
670 2487
671 2487
672 2487
673 2487
674 2487
675 2487
676 2486
677 2486
678 2486
679 2486
680 2486
681 2486
682 2486
683 2487
684 2487
685 2487
686 2486
687 2487
688 2487
689 2487
690 2486
691 2486
692 2485
693 2486
694 2486
695 2486
696 2486
697 2486
698 2486
699 2486
700 2486
701 2486
702 2486
703 2485
704 2485
705 2485
706 2485
707 2485
708 2484
709 2488
710 2485
711 2485
712 2485

270 2510
271 2509
272 2506
273 2508
274 2503
275 2505
276 2510
277 2503
278 2503
279 2509
280 2509
281 2509
282 2509
283 2509
284 2509
285 2510
286 2509
287 2510
288 2503
289 2509
290 2510
291 2509
292 2508
293 2509
294 2508
295 2509
296 2509
297 2509
298 2508
299 2508
300 2509
301 2508
302 2508
303 2514
304 2517
305 2503
306 2516
338 2518
339 2522
340 2518
341 2517
342 2517
343 2515
344 2514
345 2522
346 2511
347 2513
348 2511
349 2511
350 2512
351 2514
352 2514
353 2521
354 2513
355 2513
356 2514
357 2514
358 2514
359 2514
360 2514
361 2514
362 2514
363 2514
364 2514
365 2513
366 2514
367 2513
368 2513
369 2513
370 2513
371 2514
372 2514
373 2512
374 2511
375 2512
376 2511
377 2513
378 2514
379 2512
380 2512
381 2512
382 2511
383 2511
384 2511
385 2512
386 2512
387 2512
388 2514
389 2510
390 2510
391 2509
392 2509
393 2509
394 2509
395 2512
396 2513
397 2512
398 2509
399 2508
400 2512
401 2512
402 9999
403 2508
404 2506
405 2508
406 2500
407 2507
408 2507
409 2507

