1778 2449
1779 2441
1780 2449
1781 2444
1782 2445
1783 2446
1784 2444
1785 2445
1786 2442
1787 2441
1788 2441
1789 2440
1790 2441
1791 2441
1792 2441
1793 2441
1794 2440
1795 2440
1796 2440
1797 2439
1798 2438
1799 2438
1800 2438
1801 2439
1802 2438
1803 2438
1804 2437
1805 2437
1806 2438
1807 2438
1808 2438
1809 2436
1810 2436
1811 2437
1812 2437
1813 2433
1814 2432
1815 2432
1816 2431
1817 2430
1818 2430
1819 2430
1820 2431
1821 2430
1822 2430
1823 2428
1824 2427
1825 2429
1826 2428
1827 2427
1828 2425
1829 2433
1830 2428
1831 2422
1832 2423
1833 2424
1834 2422
1835 2425
1836 2422
1837 2425
1838 2420
1839 2422
1840 2421
1841 2421
1842 2421
1843 2420
1844 2419
1845 2419
1846 2418
1847 2418
1848 2418
1849 2418
1850 2423
1851 2419
1852 2420
1853 2420
1854 2419
1855 2421
1856 2420
1857 2420
1858 2424
1859 2422
1860 2424
1861 2426
1862 2423
1863 2424
1864 2424
1865 2424
1866 2425
1867 2426
1868 2426
1869 2426
1870 2425
1871 2426
1872 2426
1873 2425
1874 2425
1875 2426
1876 2429
1877 2426
1878 2425
1879 2425
1880 2425
1881 2425
1882 2425
1883 2425
1884 2425
1885 2425
1886 2425
1887 2424
1888 2424
1889 2424
1890 2424
1891 2424
1892 2424
1893 2424
1894 2424
1895 2423
1896 2423
1897 2423
1898 2423
1899 2423
1900 2424
1901 2423
1902 2424
1903 2424
1904 2423
1905 2423
1906 2424
1907 2424
1908 2423
1909 2424
1910 2425
1911 2426
1912 2426
1913 2426
1914 2426
1915 2427
1916 2426
1917 2426
1918 2426
1919 2426
1920 2426
1921 2426
1922 2427
1923 2427
1924 2427
1925 2427
1926 2427
1927 2427
1928 2427
1929 2427
1930 2428
1931 2427
1932 2428
1933 2427
1934 2427
1935 2428
1936 2428
1937 2427
1938 2426
1939 2426
1940 2425
1941 2425
1942 2426
1943 2427
1944 2428
1945 2426
1946 2425
1947 2426
1948 2425
1949 2426
1950 2426
1951 2426
1952 2426
1953 2426
1954 2426
1955 2426
1956 2426
1957 2426
1958 2428
1959 2427
1960 2426
1961 2426
1962 2425
1963 2425
1964 2425
1965 2424
1966 2424
1967 2425
1968 2425
1969 2425
1970 2426
1971 2425
1972 2425
1973 2424
1974 2424
1975 2425
1976 2425
1977 2425
1978 2425
1979 2425
1980 2426
1981 2426
1982 2426
1983 2425
1984 2426
1985 2426
1986 2426
1987 2426
1988 2426
1989 2424
1990 2425
1991 2424
1992 2431
1993 2426
1994 2425
1995 2425
1996 2423
1997 2424
1998 2424
1999 2424
2000 2423
2001 2423
2002 2423
2003 2422
2004 2423
2005 2425
2006 2423
2007 2423
2008 2423
2009 2424
2010 2425
2011 2426
2012 2422
2013 2423
2014 2422
2015 2423
2016 2422
2017 2423
2018 2422
2019 2425
2020 2422
2021 2422
2022 2422
2023 2422
2024 2422
2025 2421
2026 2421
2027 2421
2028 2420
2029 2421
2030 2422
2031 2420
2032 2422
2033 2421
2034 2420
2035 2421
2036 2420
2037 2420
2038 2421
2039 2421
2040 2424
2041 2421
2042 2435
2043 2421
2044 2421
2045 2420
2046 2419
2047 2419
2048 2420
2049 2419
2050 2419
2051 2419
2052 2419
2053 2419
2054 2418
2055 2419
2056 2419
2057 2418
2058 2417
2059 2417
2060 2421
2061 2417
2062 2417
2063 2419
2064 2418
2065 2419
2066 2419
2067 2419
2068 2419
2069 2418
2070 2418
2071 2417
2072 2420
2073 2419
2074 2418
2075 2418
2076 2416
2077 2417
2078 2417
2079 2416
2080 2415
2081 2415
2082 2415
2083 2415
2084 2415
2085 2415
2086 2415
2087 2415
2088 2415
2089 2415
2090 2415
2091 2415
2092 2415
2093 2416
2094 2415
2095 2415
2096 2415
2097 2415
2098 2414
2099 2414
2100 2415
2101 2414
2102 2415
2103 2415
2104 2414
2105 2418
2106 2414
2107 2414
2108 2414
2109 2413
2110 2413
2111 2413
2112 2413
2113 2413
2114 2412
2115 2412
2116 2412
2117 2412
2118 2412
2119 2412
2120 2412
2121 2412
2122 2412
2123 2412
2124 2412
2125 2412
2126 2411
2127 2411
2128 2411
2129 2411
2130 2411
2131 2411
2132 2411
2133 2411
2134 2411
2135 2411
2136 2411
2137 2411
2138 2411
2139 2411
2140 2412
2141 2412
2142 2411
2143 2411
2144 2411
2145 2411
2146 2411
2147 2412
2148 2412
2149 2411
2150 2411
2151 2411
2152 2412
2153 2412
2154 2411
2155 2412
2156 2415
2157 2413
2158 2412
2159 2415
2160 2413
2161 2414
2162 2414
2163 2414
2164 2414
2165 2414
2166 2414
2167 2414
2168 2413
2169 2413
2170 2412
2171 2413
2172 2413
2173 2412
2174 2413
2175 2413
2176 2413
2177 2412
2178 2412
2179 2412
2180 2412
2181 2412
2182 2412
2183 2412
2184 2412
2185 2412
2186 2412
2187 2412
2188 2412
2189 2411
2190 2411
2191 2411
2192 2411
2193 2411
2194 2411
2195 2411
2196 2411
2197 2411
2198 2411
2199 2411
2200 2411
2201 2411
2202 2411
2203 2411
2204 2411
2205 2410
2206 2410
2207 2410
2208 2410
2209 2410
2210 2411
2211 2411
2212 2411
2213 2412
2214 2412
2215 2411
2216 2410
2217 2410
2218 2410
2219 2410
2220 2411
2221 2411
2222 2411
2223 2411
2224 2412
2225 2411
2226 2410
2227 2409
2228 2409
2229 2409
2230 2410
2231 2409
2232 2409
2233 2410
2234 2410
2235 2409
2236 2410
2237 2411
2238 2411
2239 2413
2240 2411
2241 2410
2242 2410
2243 2409
2244 2410
2245 2412
2246 2410
2247 2410
2248 2409
2249 2409
2250 2409
2251 2409
2252 2409
2253 2410
2254 2411
2255 2409
2256 2410
2257 2410
2258 2411
2259 2410
2260 2410
2261 2411
2262 2411
2263 2412
2264 2412
2265 2411
2266 2411
2267 2412
2268 2411
2269 2410
2270 2410
2271 2410
2272 2411
2273 2410
2274 2411
2275 2411
2276 2411
2277 2411
2278 2410
2279 2410
2280 2410
2281 2415
2282 2411
2283 2411
2284 2411
2285 2411
2286 2411
2287 2414
2288 2411
2289 2411
2290 2410
2291 2413
2292 2410
2293 2411
2294 2415
2295 2414
2296 2410
2297 2410
2298 2412
2299 2410
2300 2411
2301 2411
2302 2410
2303 2410
2304 2410
2305 2410
2306 2410
2307 2410
2308 2410
2309 2410
2310 2410
2311 2410
2312 2410
2313 2410
2314 2410
2315 2410
2316 2410
2317 2409
2318 2409
2319 2409
2320 2409
2321 2410
2322 2410
2323 2409
2324 2409
2325 2409
2326 2408
2327 2408
2328 2408
2329 2408
2330 2408
2331 2409
2332 2408
2333 2408
2334 2407
2335 2407
2336 2408
2337 2407
2338 2407
2339 2407
2340 2407
2341 2408
2342 2407
2343 2408
2344 2407
2345 2407
2346 2408
2347 2407
2348 2408
2349 2408
2350 2410
2351 2410
2352 2410
2353 2411
2354 2411
2355 2412
2356 2413
2357 2410
2358 2411
2359 2410
2360 2411
2361 2411
2362 2411
2363 2411
2364 2411
2365 2411
2366 2412
2367 2410
2368 2412
2369 2411
2370 2411
2371 2411
2372 2417
2373 2412
2374 2412
2375 2412
2376 2411
2377 2410
2378 2412
2379 2411
2380 2412
2381 2412
2382 2411
2383 2412
2384 2413
2385 2411
2386 2412
2387 2422
2388 2415
2389 2420
2390 2412
2391 2414
2392 2413
2393 2417
2394 2411
2395 2413
2396 2418
2397 2417
2398 2415
2399 2415
2400 2424
2401 2410
2402 2410
2403 2409
2404 2409
2405 2409
2406 2410
2407 2410
2408 2411
2409 2414
2410 2415
2411 2412
2412 2412
2413 2411
2414 2413
2415 2417
2416 2417
2417 2414
2418 2416
2419 2417
2420 2414
2421 2414
2422 2414
2423 2415
2424 2414
2425 2413
2426 2414
2427 2423
2428 2425
2429 2426
2430 2417
2431 2417
2432 2417
2433 2417
2434 2417
2435 2417
2436 2417
2437 2415
2438 2417
2439 2418
2440 2418
2441 2418
2442 2413
2443 2412
2444 2412
2445 2413
2446 2410
2447 2410
2448 2417
2449 2422
2450 2422
2451 2422
2452 2422
2453 2423
2454 2418
2455 2417
2456 2417
2457 2418
2458 2417
2459 2417
2460 2417
2461 2418
2462 2417
2463 2419
2464 2416
2465 2416
2466 2417
2467 2417
2468 2417
2469 2417
2470 2420
2471 2417
2472 2422
2473 2417
2474 2417
2475 2417
2476 2418
2489 2396
2490 2396
2491 2396
2492 2395
2493 2409
2494 2409
2495 2409
2496 2390
2497 2391
2498 2389
2499 2393
2500 2389
2501 2390
2502 2389
2503 2390
2504 2390
2505 2390
2506 2390
2507 2390
2508 2392
2509 2389
2510 2389
2511 2389
2512 2390
2513 2389
2514 2388
2515 2390
2516 2391
2517 2391
2518 2386
2519 2387
2520 2389
2521 2386
2522 2387
2523 2406
2524 2390
2525 2405
2526 2405
2527 2405
2528 2405
2529 2405
2530 2405
2531 2404
2532 2385
2533 2385
2534 2385
2535 2385
2536 2386
2537 2393
2538 2388
2539 2388
2540 2390
2541 2389
2542 2388
2543 2389
2544 2389
2545 2389
2546 2390
2547 2390
2548 2389
2549 2394
2550 2386
2551 2387
2552 2387
2553 2388
2554 2404
2555 2404
2556 2404
2557 2404
2558 2405
2559 2405
2560 2405
2561 2404
2562 2404
2563 2404
2564 2405
2565 2405
2566 2395
2567 2392
2568 2393
2569 2391
2570 2391
2571 2390
2572 2390
2573 2390
2574 2390
2575 2390
2576 2389
2577 2389
2578 2401
2579 2401
2580 2401
2581 2400
2582 2397
2583 2400
2584 2400
2585 2400
2586 2400
2587 2400
2588 2400
2589 2400
2590 2401
2591 2400
2592 2401
2593 2402
2594 2401
2595 2400
2596 2400
2597 2400
2598 2400
2599 2400
2600 2401
2601 2401
2602 2403
2603 2401
2604 2406
2605 2406
2606 2393
2607 2393
2608 2394
2609 2394
2610 2394
2611 2396
2612 2395
2613 2405
2614 2405
2615 2404
2616 2405
2617 2405
2618 2404
2619 2404
2620 2404
2621 2401
2622 2402
2623 2401
2624 2402
2625 2401
2626 2401
2627 2402
2628 2401
2629 2401
2630 2402
2631 2402
2632 2402
2633 2401
2634 2402
2635 2402
2636 2401
2637 2400
2638 2398
2639 2398
2640 2399
2641 2405
2642 2407
2643 2399
2644 2400
2645 2400
2646 2400
2647 2400
2648 2400
2649 2399
2650 2399
2651 2398
2652 2404
2653 2399
2654 2399
2655 2401
2656 2397
2657 2396
2658 2396
2659 2397
2660 2396
2661 2396
2662 2396
2663 2396
2664 2396
2665 2397
2666 2396
2667 2396
2668 2396
2669 2396
2670 2396
2671 2396
2672 2396
2673 2396
2674 2396
2675 2396
2676 2396
2677 2395
2678 2396
2679 2405
2680 2396
2681 2398
2682 2396
2683 2396
2684 2396
2685 2396
2686 2396
2687 2396
2688 2395
2689 2395
2690 2396
2691 2396
2692 2396
2693 2396
2694 2396
2695 2396
2696 2396
2697 2398
2698 2397
2699 2396
2700 2396
2701 2396
2702 2397
2703 2396
2704 2396
2705 2397
2706 2397
2707 2396
2708 2397
2709 2397
2710 2400
2711 2402
2712 2395
2713 2398
2714 2396
2715 2397
2716 2398
2717 2397
2718 2396
2719 2396
2720 2395
2721 2395
2722 2398
2723 2397
2724 2397
2725 2395
2726 2396
2727 2397
2728 2409
2729 2396
2730 2402
2731 2399
2732 2399
2733 2398
2734 2397
2735 2398
2736 2398
2737 2398
2738 2398
2739 2398
2740 2398
2741 2398
2742 2398
2743 2397
2744 2397
2745 2399
2746 2399
2747 2398
2748 2399
2749 2407
2750 2398
2751 2398
2752 2398
2753 2400
2754 2400
2755 2401
2756 2399
2757 2398
2758 2399
2759 2398
2760 2399
2761 2399
2762 2399
2763 2399
2764 2400
2765 2404
2766 2398
2767 2405
2768 2406
2769 2401
2770 2397
2771 2401
2772 2397
2773 2397
2774 2397
2775 2398
2776 2398
2777 2398
2778 2397
2779 2398
2780 2396
2781 2398
2782 2399
2783 2399
2784 2399
2785 2399
2786 2398
2787 2399
2788 2400
2789 2399
2790 2399
2791 2399
2792 2399
2793 2398
2794 2399
2795 2397
2796 2398
2797 2399
2798 2411
2799 2410
2800 2403
2801 2400
2802 2400
2803 2400
2804 2400
2805 2399
2806 2400
2807 2400
2808 2400
2809 2401
2810 2400
2811 2400
2812 2400
2813 2400
2814 2400
2815 2400
2816 2401
2817 2400
2818 2401
2819 2401
2820 2401
2821 2401
2822 2401
2823 2402
2824 2407
2825 2402
2826 2407
2827 2407
2828 2408
2829 2401
2830 2403
2831 2406
2832 2407
2833 2402
2834 2401
2835 2402
2836 2406
2837 2406
2838 2404
2839 2404
2840 2403
2841 2403
2842 2402
2843 2402
2844 2403
2845 2404
2846 2404
2847 2403
2848 2403
2849 2405
2850 2406
2851 2403
2852 2404
2853 2407
2854 2408
2855 2410
2856 2406
2857 2412
2858 2406
2859 2405
2860 2408
2861 2407
2862 2404
2863 2408
2864 2410
2865 2404
2866 2404
2867 2404
2868 2406
2869 2406
2870 2406
2871 2406
2872 2405
2873 2406
2874 2406
2875 2405
2876 2405
2877 2405
2878 2408
2879 2406
2880 2406
2881 2406
2882 2406
2883 2406
2884 2406
2885 2406
2886 2405
2887 2406
2888 2406
2889 2406
2890 2406
2891 2408
2892 2408
2893 2408
2894 2409
2895 2408
2896 2408
2897 2410
2898 2408
2899 2408
2900 2409
2901 2408
2902 2408
2903 2408
2904 2408
2905 2409
2906 2409
2907 2409
2908 2410
2909 2409
2910 2408
2911 2408
2912 2407
2913 2408
2914 2408
2915 2408
2916 2407
2917 2409
2918 2407
2919 2407
2920 2407
2921 2405
2922 2407
2923 2407
2924 2407
2925 2406
2926 2407
2927 2405
2928 2406
2929 2406
2930 2407
2931 2407
2932 2407
2933 2407

