2296 2422
2297 2425
2298 2419
2299 2426
2300 2421
2301 2417
2302 2418
2303 2418
2304 2429
2305 2419
2306 2423
2307 2431
2308 2420
2309 2419
2310 2420
2311 2420
2312 2421
2313 2422
2314 2421
2315 2422
2316 2421
2317 2421
2318 2421
2319 2422
2320 2421
2321 2422
2322 2423
2323 2425
2324 2422
2325 2423
2326 2421
2327 2422
2328 2422
2329 2423
2330 2423
2331 2423
2332 2422
2333 2422
2334 2422
2335 2421
2336 2421
2337 2422
2338 2423
2339 2423
2340 2423
2341 2423
2342 2423
2343 2423
2344 2423
2345 2423
2346 2423
2347 2422
2348 2422
2349 2422
2350 2422
2351 2422
2352 2422
2353 2422
2354 2422
2355 2421
2356 2421
2357 2421
2358 2422
2359 2421
2360 2421
2361 2421
2362 2421
2363 2421
2364 2421
2365 2421
2366 2421
2367 2421
2368 2422
2369 2421
2370 2421
2371 2421
2372 2421
2373 2421
2374 2421
2375 2422
2376 2421
2377 2421
2378 2420
2379 2420
2380 2421
2381 2421
2382 2421
2383 2421
2384 2421
2385 2421
2386 2421
2387 2421
2388 2421
2389 2421
2390 2421
2391 2421
2392 2421
2393 2421
2394 2421
2395 2421
2396 2421
2397 2420
2398 2420
2399 2421
2400 2421
2401 2421
2402 2421
2403 2421
2404 2421
2405 2421
2406 2422
2407 2421
2408 2421
2409 2421
2410 2422
2411 2422
2412 2421
2413 2422
2414 2422
2415 2424
2416 2423
2417 2424
2418 2422
2419 2422
2420 2422
2421 2422
2422 2422
2423 2422
2424 2422
2425 2422
2426 2422
2427 2422
2428 2423
2429 2423
2430 2423
2431 2423
2432 2423
2433 2423
2434 2423
2435 2423
2436 2423
2437 2424
2438 2423
2439 2423
2440 2424
2441 2424
2442 2424
2443 2424
2444 2424
2445 2424
2446 2424
2447 2424
2448 2424
2449 2424
2450 2424
2451 2424
2452 2424
2453 2424
2454 2424
2455 2424
2456 2425
2457 2425
2458 2424
2459 2424
2460 2425
2461 2425
2462 2425
2463 2425
2464 2425
2465 2425
2466 2425
2467 2425
2468 2425
2469 2425
2470 2425
2471 2425
2472 2425
2473 2425
2474 2425
2475 2424
2476 2423
2477 2423
2478 2423
2479 2422
2480 2422
2481 2422
2482 2422
2483 2421
2484 2422
2485 2422
2486 2422
2487 2422
2488 2421
2489 2421
2490 2421
2491 2421
2492 2421
2493 2421
2494 2421
2495 2421
2496 2421
2497 2421
2498 2421
2499 2420
2500 2420
2501 2420
2502 2420
2503 2421
2504 2421
2505 2420
2506 2420
2507 2420
2508 2420
2509 2420
2510 2420
2511 2420
2512 2420
2513 2420
2514 2420
2515 2420
2516 2421
2517 2421
2518 2421
2519 2421
2520 2421
2521 2421
2522 2421
2523 2421
2524 2421
2525 2421
2526 2421
2527 2421
2528 2421
2529 2421
2530 2421
2531 2421
2532 2421
2533 2421
2534 2421
2535 2421
2536 2421
2537 2421
2538 2421
2539 2421
2540 2422
2541 2422
2542 2421
2543 2421
2544 2421
2545 2421
2546 2421
2547 2421
2548 2422
2549 2421
2550 2421
2551 2421
2552 2421
2553 2421
2554 2421
2555 2420
2556 2421
2557 2421
2558 2421
2559 2421
2560 2421
2561 2421
2562 2422
2563 2421
2564 2421
2565 2420
2566 2422
2567 2421
2568 2421
2569 2421
2570 2420
2571 2419
2572 2420
2573 2421
2574 2420
2575 2419
2576 2419
2577 2420
2578 2423
2579 2420
2580 2420
2581 2421
2582 2421
2583 2421
2584 2423
2585 2420
2586 2422
2587 2421
2588 2420
2589 2423
2590 2421
2591 2422
2592 2421
2593 2420
2594 2422
2595 2421
2596 2420
2597 2420
2598 2420
2599 2420
2600 2420
2601 2420
2602 2420
2603 2421
2604 2420
2605 2420
2606 2420
2607 2421
2608 2421
2609 2420
2610 2421
2611 2420
2612 2421
2613 2421
2614 2421
2615 2421
2616 2421
2617 2422
2618 2421
2619 2421
2620 2421
2621 2422
2622 2422
2623 2422
2624 2423
2625 2423
2626 2422
2627 2422
2628 2422
2629 2422
2630 2422
2631 2422
2632 2422
2633 2422
2634 2423
2635 2422
2636 2424
2637 2423
2638 2423
2639 2423
2640 2423
2641 2423
2642 2423
2643 2423
2644 2423
2645 2423
2646 2423
2647 2423
2648 2423
2649 2424
2650 2424
2651 2424
2652 2423
2653 2423
2654 2424
2655 2424
2656 2425
2657 2424
2658 2424
2659 2424
2660 2424
2661 2425
2662 2425
2663 2424
2664 2424
2665 2424
2666 2423
2667 2424
2668 2424
2669 2424
2670 2424
2671 2426
2672 2425
2673 2425
2674 2425
2675 2426
2676 2424
2677 2424
2678 2425
2679 2425
2680 2425
2681 2425
2682 2425
2683 2425
2684 2426
2685 2426
2686 2426
2687 2426
2688 2425
2689 2426
2690 2427
2691 2427
2692 2427
2693 2427
2694 2428
2695 2428
2696 2428
2697 2429
2698 2428
2699 2427
2700 2427
2701 2428
2702 2428
2703 2428
2704 2428
2705 2427
2706 2428
2707 2429
2708 2429
2709 2429
2710 2430
2711 2430
2712 2431
2713 2431
2714 2431
2715 2432
2716 2432
2717 2432
2718 2432
2719 2433
2720 2433
2721 2434
2722 2434
2723 2434
2724 2433
2725 2433
2726 2433
2727 2434
2728 2432
2729 2432
2730 2432
2731 2430
2732 2432
2733 2431
2734 2430
2735 2430
2736 2430
2737 2430
2738 2428
2739 2429
2740 2428
2741 2428
2742 2428
2743 2428
2744 2427
2745 2426
2746 2426
2747 2427
2748 2427
2749 2430
2750 2425
2751 2425
2752 2425
2753 2425
2754 2425
2755 2425
2756 2425
2757 2425
2758 2424
2759 2425
2760 2424
2761 2424
2762 2424
2763 2424
2764 2425
2765 2425
2766 2425
2767 2425
2768 2424
2769 2425
2770 2425
2771 2424
2772 2424
2773 2424
2774 2424
2775 2424
2776 2424
2777 2424
2778 2426
2779 2427
2780 2425
2781 2424
2782 2425
2783 2425
2784 2425
2785 2426
2786 2425
2787 2426
2788 2426
2789 2426
2790 2426
2791 2427
2792 2426
2793 2426
2794 2427
2795 2427
2796 2427
2797 2427
2798 2427
2799 2426
2800 2427
2801 2427
2802 2427
2803 2426
2804 2426
2805 2426
2806 2427
2807 2427
2808 2427
2809 2427
2810 2427
2811 2429
2812 2429
2813 2428
2814 2428
2815 2428
2816 2428
2817 2429
2818 2429
2819 2429
2820 2429
2821 2429
2822 2429
2823 2429
2824 2429
2825 2430
2826 2428
2827 2428
2828 2430
2829 2430
2830 2430
2831 2430
2832 2430
2833 2431
2834 2431
2835 2431
2836 2433
2837 2432
2838 2432
2839 2433
2840 2435
2841 2433
2842 2433
2843 2434
2844 2434
2845 2432
2846 2433
2847 2433
2848 2433
2849 2433
2850 2434
2851 2433
2852 2432
2853 2433
2854 2433
2855 2433
2856 2432
2857 2435
2858 2432
2859 2448
2860 2432
2861 2432
2862 2432
2863 2432
2864 2432
2865 2432
2866 2431
2867 2432
2868 2435
2869 2432
2870 2431
2871 2431
2872 2432
2873 2432
2874 2432
2875 2433
2876 2433
2877 2433
2878 2432
2879 2433
2880 2434
2881 2434
2882 2434
2883 2435
2884 2435
2885 2436
2886 2434
2887 2437
2888 2435
2889 2435
2890 2435
2891 2434
2892 2435
2893 2436
2894 2436
2895 2436
2896 2435
2897 2435
2898 2436
2899 2435
2900 2435
2901 2434
2902 2442
2903 2435
2904 2435
2905 2436
2906 2436
2907 2435
2908 2435
2909 2434
2910 2434
2911 2434
2912 2434
2913 2434
2914 2434
2915 2434
2916 2434
2917 2434
2918 2434
2919 2434
2920 2434
2921 2433
2922 2435
2923 2435
2924 2435
2925 2434
2926 2435
2927 2434
2928 2435
2929 2436
2930 2435
2931 2436
2932 2436
2933 2436
2934 2436
2935 2436
2936 2437
2937 2437
2938 2437
2939 2438
2940 2438
2941 2438
2942 2437
2943 2439
2944 2438
2945 2438
2946 2439
2947 2438
2948 2439
2949 2439
2950 2438
2951 2440
2952 2441
2953 2441
2954 2442
2955 2444
2956 2443
2957 2443
2958 2443
2959 2443
2960 2443
2961 2443
2962 2443
2963 2443
2964 2443
2965 2443
2966 2443
2967 2443
2968 2442
2969 2442
2970 2442
2971 2442
2972 2442
2973 2441
2974 2441
2975 2440
2976 2440
2977 2441
2978 2441
2979 2441
2980 2440
2981 2439
2982 2443
2983 2441
2984 2447
2985 2442
2986 2442
2987 2441
2988 2439
2989 2438
2990 2439
2991 2438
2992 2438
2993 2439
2994 2438
2995 2438
2996 2440
2997 2442
2998 2437
2999 2438
3000 2439
3001 2439
3002 2437
3003 2437
3004 2437
3005 2444
3006 2443
3007 2437
3008 2439
3009 2440
3010 2441
3011 2440
3012 2439
3013 2439
3014 2441
3015 2443
3016 2439
3017 2439
3018 2440
3019 2443
3020 2442
3021 2441
3022 2442
3023 2442
3024 2443
3025 2445
3026 2445
3027 2447
3028 2447
3029 2444
3030 2447
3031 2447
3032 2448
3033 2448
3034 2448
3035 2447
3036 2447
3037 2448
3038 2448
3039 2448
3040 2451
3041 2451
3042 2451
3043 2449
3044 2448
3045 2449
3046 2451
3047 2448
3048 2449
3049 2450
3050 2449
3051 2449
3052 2449
3053 2449
3054 2449
3055 2449
3056 2449
3057 2447
3058 2447
3059 2447
3060 2448
3061 2448
3062 2448
3063 2448
3064 2447
3065 2448
3066 2451
3067 2447
3068 2454
3069 2447
3070 2447
3071 2447
3072 2447
3073 2447
3074 2448
3075 2448
3076 2447
3077 2447
3078 2449
3079 2449
3080 2449
3081 2449
3082 2450
3083 2450
3084 2450
3085 2451
3086 2450
3087 2450
3088 2450
3089 2450
3090 2450
3091 2450
3092 2450
3093 2450
3094 2449
3095 2449
3096 2449
3097 2450
3098 2449
3099 2449
3100 2449
3101 2448
3102 2449
3103 2449
3104 2449
3105 2448
3106 2449
3107 2450
3108 2449
3109 2450
3110 2451
3111 2453
3112 2454
3113 2454
3114 2454
3115 2455
3116 2454
3117 2455
3118 2454
3119 2455
3120 2455
3121 2455
3122 2456
3123 2456
3124 2456
3125 2457
3126 2456
3127 2456
3128 2456
3129 2456
3130 2456
3131 2456
3132 2456
3133 2457
3134 2457
3135 2456
3136 2455
3137 2455
3138 2455
3139 2455
3140 2455
3141 2455
3142 2455
3143 2455
3144 2455
3145 2455
3146 2455
3147 2456
3148 2456
3149 2457
3150 2457
3151 2456
3152 2456
3153 2456
3154 2457
3155 2458
3156 2457
3157 2456
3158 2456
3159 2456
3160 2457
3161 2457
3162 2456
3163 2456
3164 2456
3165 2457
3166 2457
3167 2457
3168 2457
3169 2457
3170 2457
3171 2457
3172 2458
3173 2457
3174 2457
3175 2458
3176 2457
3177 2459
3178 2459
3179 2459
3180 2459
3181 2460
3182 2459
3183 2460
3184 2459
3185 2459
3186 2458
3187 2458
3188 2458
3189 2457
3190 2457
3191 2458
3192 2457
3193 2457
3194 2457
3195 2457
3196 2457
3197 2458
3198 2457
3199 2457
3200 2457
3201 2458
3202 2457
3203 2457
3204 2457
3205 2458
3206 2458
3207 2458
3208 2458
3209 2458
3210 2458
3211 2459
3212 2459
3213 2459
3214 2459
3215 2460
3216 2460
3217 2460
3218 2460
3219 2461
3220 2462
3221 2462
3222 2462
3223 2463
3224 2463
3225 2464
3226 2465
3227 2465
3228 2466
3229 2467
3230 2468
3231 2468
3232 2466
3233 2467
3234 2467
3235 2463
3236 2462
3237 2462
3238 2461
3239 2461
3240 2461
3241 2461
3242 2461
3243 2460
3244 2461
3245 2461
3246 2461
3247 2460
3248 2460
3249 2461
3250 2462
3251 2461
3252 2461
3253 2461
3254 2461
3255 2462
3256 2462
3257 2462
3258 2463
3259 2463
3260 2465
3261 2466
3262 2463
3263 2463
3264 2463
3265 2464
3266 2464
3267 2464
3268 2464
3269 2464
3270 2463
3271 2464
3272 2464
3273 2464
3274 2464
3275 2464
3276 2464
3277 2464
3278 2464
3279 2465
3280 2465
3281 2465
3282 2466
3283 2466
3284 2466
3285 2467
3286 2467
3287 2467
3288 2467
3289 2468
3290 2468
3291 2468
3292 2468
3293 2468
3294 2468
3295 2467
3296 2467
3297 2467
3298 2466
3299 2466
3300 2466
3301 2466
3302 2466
3303 2465
3304 2465
3305 2465
3306 2466
3307 2466
3308 2466
3309 2466
3310 2466
3311 2466
3312 2466
3313 2467
3314 2467
3315 2466
3316 2467
3317 2467
3318 2468
3319 2468
3320 2468
3321 2469
3322 2469
3323 2469
3324 2470
3325 2470
3326 2470
3327 2470
3328 2470
3329 2470
3330 2471
3331 2470
3332 2470
3333 2469
3334 2468
3335 2469
3336 2470
3337 2468
3338 2468
3339 2468
3340 2468
3341 2468
3342 2469
3343 2468
3344 2467
3345 2467
3346 2467
3347 2467
3348 2467
3349 2467
3350 2466
3351 2467
3352 2467
3353 2466
3354 2465
3355 2465
3356 2465
3357 2465
3358 2465
3359 2466
3360 2465
3361 2465
3362 2465
3363 2465
3364 2467
3365 2464
3366 2464
3367 2464
3368 2465
3369 2465
3370 2464
3371 2464
3372 2465
3373 2464
3374 2464
3375 2465
3376 2465
3377 2464
3378 2465
3379 2465
3380 2465
3381 2466
3382 2466
3383 2466
3384 2466
3385 2467
3386 2466
3387 2466
3388 2466
3389 2467
3390 2467
3391 2467
3392 2467
3393 2467
3394 2467
3395 2467
3396 2467
3397 2467
3398 2468
3399 2468
3400 2468
3401 2468
3402 2468
3403 2468
3404 2468
3405 2469
3406 2469
3407 2469
3408 2469
3409 2469
3410 2469
3411 2470
3412 2469
3413 2469
3414 2469
3415 2470
3416 2469
3417 2469
3418 2469
3419 2469
3420 2470
3421 2470
3422 2470
3423 2469
3424 2470
3425 2470
3426 2470
3427 2470
3428 2471
3429 2471
3430 2471
3431 2471
3432 2471
3433 2472
3434 2471
3435 2471
3436 2471
3437 2472
3438 2472
3439 2472
3440 2472
3441 2472
3442 2473
3443 2473
3444 2473
3445 2473
3446 2473
3447 2473
3448 2473
3449 2474
3450 2474
3451 2474
3452 2474
3453 2474
3454 2474
3455 2474
3456 2474
3457 2474
3458 2474
3459 2474
3460 2474
3461 2474
3462 2474
3463 2474
3464 2474
3465 2474
3466 2474
3467 2474
3468 2474
3469 2475
3470 2474
3471 2474
3472 2474
3473 2474
3474 2474
3475 2474
3476 2475
3477 2475
3478 2475
3479 2474
3480 2475
3481 2475
3482 2474
3483 2475
3484 2475
3485 2475
3486 2475
3487 2475
3488 2475
3489 2475
3490 2475
3491 2475
3492 2476
3493 2476
3494 2476
3495 2476
3496 2476
3497 2476
3498 2476
3499 2476
3500 2476
3501 2476
3502 2476
3503 2476
3504 2476
3505 2476
3506 2476
3507 2477
3508 2476
3509 2477
3510 2476
3511 2477
3512 2477
3513 2476
3514 2476
3515 2477
3516 2477
3517 2477
3518 2477
3519 2477
3520 2477
3521 2477
3522 2477
3523 2477
3524 2477
3525 2477
3526 2477
3527 2477
3528 2477
3529 2477
3530 2477
3531 2477
3532 2477
3533 2476
3534 2477
3535 2477
3536 2477
3537 2477
3538 2476
3539 2477
3540 2477
3541 2477
3542 2477
3543 2478
3544 2478
3545 2478
3546 2477
3547 2478
3548 2478
3549 2477
3550 2477
3551 2477
3552 2477
3553 2478
3554 2477
3555 2477
3556 2478
3557 2477
3558 2477
3559 2477
3560 2477
3561 2477
3562 2478
3563 2477
3564 2478
3565 2478
3566 2477
3567 2477
3568 2478
3569 2478
3570 2477
3571 2477
3572 2478
3573 2478
3574 2478
3575 2478
3576 2478
3577 2478
3578 2478
3579 2477
3580 2477
3581 2478
3582 2478
3583 2478
3584 2478
3585 2478
3586 2478
3587 2478
3588 2477
3589 2478
3590 2479
3591 2480
3592 2479
3593 2479
3594 2478
3595 2479
3596 2478
3597 2479
3598 2479
3599 2479
3600 2479
3601 2479
3602 2478
3603 2479
3604 2478
3605 2478
3606 2478
3607 2478
3608 2479
3609 2478
3610 2478
3611 2478
3612 2479
3613 2479
3614 2478
3615 2479
3616 2478
3617 2479
3618 2479
3619 2479
3620 2479
3621 2479
3622 2480
3623 2480
3624 2480
3625 2480
3626 2480
3627 2480
3628 2480
3629 2480
3630 2480
3631 2480
3632 2480
3633 2481
3634 2481
3635 2481
3636 2481
3637 2481
3638 2481
3639 2481
3640 2480
3641 2481
3642 2481
3643 2481
3644 2480
3645 2480
3646 2480
3647 2480
3648 2480
3649 2480
3650 2480
3651 2480
3652 2480
3653 2481
3654 2481
3655 2480
3656 2481
3657 2480
3658 2480
3659 2481
3660 2480
3661 2481
3662 2482
3663 2481
3664 2481
3665 2481
3666 2481
3667 2481
3668 2481
3669 2482
3670 2481
3671 2482
3672 2481
3673 2481
3674 2481
3675 2481
3676 2481
3677 2481
3678 2481
3679 2481
3680 2480
3681 2481
3682 2480
3683 2481
3684 2481
3685 2481
3686 2480
3687 2480
3688 2480
3689 2480
3690 2480
3691 2481
3692 2480
3693 2480
3694 2480
3695 2480
3696 2480
3697 2480
3698 2480
3699 2480
3700 2480
3701 2480
3702 2481
3703 2481
3704 2480
3705 2481
3706 2481
3707 2481
3708 2481
3709 2481
3710 2481
3711 2481
3712 2481
3713 2481
3714 2481
3715 2481
3716 2482
3717 2481
3718 2481
3719 2483
3720 2481
3721 2481
3722 2482
3723 2482
3724 2482
3725 2482
3726 2482
3727 2482
3728 2482
3729 2483
3730 2483
3731 2483
3732 2482
3733 2483
3734 2484
3735 2483
3736 2489
3737 2483
3738 2483
3739 2484
3740 2490
3741 2488
3742 2484
3743 2486
3744 2485
3745 2485
3746 2486
3747 2487
3748 2487
3749 2487
3750 2487
3751 2487
3752 2487
3753 2487
3754 2487
3755 2487
3756 2487
3757 2488
3758 2488
3759 2488
3760 2487
3761 2487
3762 2487
3763 2488
3764 2488
3765 2488
3766 2488
3767 2488
3768 2489
3769 2488
3770 2488
3771 2488
3772 2489
3773 2488
3774 2489
3775 2489
3776 2488
3777 2489
3778 2488
3779 2489
3780 2489
3781 2489
3782 2489
3783 2488
3784 2491
3785 2487
3786 2488
3787 2488
3788 2489
3789 2489
3790 2489
3791 2489
3792 2490
3793 2490
3794 2490
3795 2490
3796 2491
3797 2489
3798 2490
3799 2490
3800 2489
3801 2489
3802 2489
3803 2490
3804 2489
3805 2489
3806 2490
3807 2490
3808 2489
3809 2489
3810 2489
3811 2490
3812 2492
3813 2490
3814 2490
3815 2490
3816 2490
3817 2490
3818 2490
3819 2490
3820 2490
3821 2490
3822 2490
3823 2490
3824 2490
3825 2490
3826 2489
3827 2490
3828 2490
3829 2490
3830 2490
3831 2490
3832 2490
3833 2489
3834 2489
3835 2489
3836 2490
3837 2490
3838 2490
3839 2490
3840 2490
3841 2490
3842 2490
3843 2490
3844 2490
3845 2491
3846 2491
3847 2491
3848 2490
3849 2490
3850 2491
3851 2491
3852 2491
3853 2491
3854 2491
3855 2491
3856 2491
3857 2491
3858 2491
3859 2491
3860 2491
3861 2491
3862 2491
3863 2491
3864 2492
3865 2492
3866 2492
3867 2492
3868 2492
3869 2493
3870 2493
3871 2493
3872 2493
3873 2493
3874 2493
3875 2493
3876 2493
3877 2495
3878 2494
3879 2496
3880 2494
3881 2494
3882 2494
3883 2494
3884 2494
3885 2494
3886 2495
3887 2494
3888 2495
3889 2495
3890 2495
3891 2496
3892 2496
3893 2496
3894 2496
3895 2496
3896 2496
3897 2496
3898 2496
3899 2495
3900 2496
3901 2496
3902 2496
3903 2495
3904 2495
3905 2496
3906 2495
3907 2495
3908 2495
3909 2496
3910 2496
3911 2496
3912 2496
3913 2496
3914 2496
3915 2496
3916 2496
3917 2496
3918 2496
3919 2497
3920 2497
3921 2496
3922 2497
3923 2497
3924 2497
3925 2498
3926 2498
3927 2498
3928 2498
3929 2498
3930 2498
3931 2498
3932 2498
3933 2498
3934 2498
3935 2497
3936 2498
3937 2498
3938 2497
3939 2498
3940 2497
3941 2498
3942 2497
3943 2496
3944 2497
3945 2497
3946 2496
3947 2497
3948 2496
3949 2496
3950 2496
3951 2496
3952 2496
3953 2496
3954 2495
3955 2496
3956 2496
3957 2496
3958 2496
3959 2496
3960 2496
3961 2496
3962 2496
3963 2496
3964 2496
3965 2496
3966 2497
3967 2497
3968 2497
3969 2497
3970 2497
3971 2497
3972 2497
3973 2497
3974 2497
3975 2497
3976 2497
3977 2497
3978 2496
3979 2497
3980 2497
3981 2497
3982 2496
3983 2496
3984 2496
3985 2496
3986 2496
3987 2496
3988 2496
3989 2496
3990 2496
3991 2497
3992 2496
3993 2496
3994 2496
3995 2497
3996 2496
3997 2497
3998 2497
3999 2497
4000 2497
4001 2497
4002 2497
4003 2497
4004 2497
4005 2498
4006 2498
4007 2495
4008 2495
4009 2496
4010 2496
4011 2495
4012 2496
4013 2496
4014 2496
4015 2496
4016 2496
4017 2496
4018 2496
4019 2495
4020 2495
4021 2495
4022 2495
4023 2496
4024 2495
4025 2495
4026 2495
4027 2495
4028 2495
4029 2495
4030 2495
4031 2495
4032 2495
4033 2495
4034 2495
4035 2495
4036 2495
4037 2495
4038 2495
4039 2495
4040 2495
4041 2495
4042 2495
4043 2495
4044 2495
4045 2495
4046 2495
4047 2495
4048 2495
4049 2495
4050 2495
4051 2495
4052 2495
4053 2495
4054 2495
4055 2495
4056 2495
4057 2495
4058 2495
4059 2495
4060 2495
4061 2495
4062 2495
4063 2495
4064 2495
4065 2495
4066 2495
4067 2495
4068 2495
4069 2495
4070 2495
4071 2495
4072 2495
4073 2495
4074 2495
4075 2495
4076 2495
4077 2495
4078 2495
4079 2495
4080 2495
4081 2495
4082 2495
4083 2495
4084 2494
4085 2494
4086 2494
4087 2494
4088 2494
4089 2495
4090 2494
4091 2495
4092 2495
4093 2495
4094 2495
4095 2495
4096 2495
4097 2494
4098 2495
4099 2495
4100 2495
4101 2494
4102 2495
4103 2495
4104 2495
4105 2495
4106 2495
4107 2495
4108 2495
4109 2495
4110 2495
4111 2495
4112 2495
4113 2495
4114 2495
4115 2495
4116 2495
4117 2495
4118 2495
4119 2495
4120 2495
4121 2495
4122 2495
4123 2495
4124 2495
4125 2495
4126 2495
4127 2496
4128 2496
4129 2497
4130 2494
4131 2495
4132 2495
4133 2495
4134 2495
4135 2495
4136 2495
4137 2495
4138 2495
4139 2495
4140 2495
4141 2494
4142 2494
4143 2494
4144 2494
4145 2494
4146 2493
4147 2494
4148 2494
4149 2493
4150 2493
4151 2493
4152 2495
4153 2496
4154 2494
4155 2494
4156 2494
4157 2494
4158 2494
4159 2493
4160 2494
4161 2494
4162 2494
4163 2494
4164 2493
4165 2495
4166 2494
4167 2494
4168 2493
4169 2494
4170 2493
4171 2494
4172 2493
4173 2493
4174 2494
4175 2494
4176 2493
4177 2494
4178 2493
4179 2494
4180 2494
4181 2495
4182 2495
4183 2495
4184 2496
4185 2495
4186 2495
4187 2495
4188 2494
4189 2494
4190 2495
4191 2495
4192 2495
4193 2495
4194 2495
4195 2495
4196 2495
4197 2495
4198 2495
4199 2495
4200 2495
4201 2496
4202 2495
4203 2496
4204 2496
4205 2496
4206 2496
4207 2496
4208 2496
4209 2496
4210 2496
4211 2496
4212 2496
4213 2496
4214 2496
4215 2496
4216 2496
4217 2496
4218 2496
4219 2496
4220 2496
4221 2496
4222 2496
4223 2496
4224 2496
4225 2496
4226 2496
4227 2496
4228 2496
4229 2496
4230 2496
4231 2496
4232 2496
4233 2496
4234 2496
4235 2496
4236 2497
4237 2497
4238 2497
4239 2497
4240 2497
4241 2497
4242 2497
4243 2497
4244 2497
4245 2497
4246 2497
4247 2497
4248 2497
4249 2497
4250 2497
4251 2498
4252 2498
4253 2498
4254 2498
4255 2498
4256 2498
4257 2498
4258 2498
4259 2497
4260 2498
4261 2497
4262 2497
4263 2497
4264 2497
4265 2497
4266 2496
4267 2496
4268 2497
4269 2497
4270 2497
4271 2496
4272 2497
4273 2496
4274 2496
4275 2496
4276 2497
4277 2496
4278 2496
4279 2496
4280 2496
4281 2496
4282 2496
4283 2496
4284 2496
4285 2496
4286 2496
4287 2497
4288 2497
4289 2497
4290 2497
4291 2497
4292 2496
4293 2497
4294 2497
4295 2496
4296 2497
4297 2497
4298 2497
4299 2497
4300 2497
4301 2497
4302 2497
4303 2496
4304 2496
4305 2496
4306 2496
4307 2496
4308 2496
4309 2496
4310 2496
4311 2496
4312 2496
4313 2496
4314 2497
4315 2497
4316 2496
4317 2497
4318 2496
4319 2496
4320 2497
4321 2497
4322 2497
4323 2497
4324 2497
4325 2496
4326 2497
4327 2496
4328 2496
4329 2496
4330 2497
4331 2497
4332 2497
4333 2497
4334 2496
4335 2497
4336 2497
4337 2497
4338 2497
4339 2497
4340 2496
4341 2496
4342 2496
4343 2497
4344 2497
4345 2497
4346 2496
4347 2496
4348 2497
4349 2497
4350 2497
4351 2497
4352 2497
4353 2497
4354 2496
4355 2496
4356 2497
4357 2497
4358 2496
4359 2497
4360 2496
4361 2497
4362 2497
4363 2497
4364 2497
4365 2497
4366 2497
4367 2497
4368 2497
4369 2497
4370 2497
4371 2497
4372 2497
4373 2497
4374 2497
4375 2497
4376 2497
4377 2497
4378 2497
4379 2498
4380 2497
4381 2497
4382 2497
4383 2497
4384 2497
4385 2497
4386 2497
4387 2497
4388 2497
4389 2497
4390 2497
4391 2497
4392 2497
4393 2497
4394 2497
4395 2498
4396 2498
4397 2498
4398 2497
4399 2497
4400 2498
4401 2498
4402 2497
4403 2497
4404 2497
4405 2497
4406 2497
4407 2498
4408 2498
4409 2497
4410 2498
4411 2498
4412 2498
4413 2498
4414 2498
4415 2498
4416 2498
4417 2497
4418 2498
4419 2498
4420 2498
4421 2497
4422 2497
4423 2499
4424 2498
4425 2498
4426 2497
4427 2498
4428 2498
4429 2497
4430 2497
4431 2497
4432 2498
4433 2498
4434 2498
4435 2497
4436 2498
4437 2497
4438 2498
4439 2497
4440 2497
4441 2497
4442 2498
4443 2498
4444 2497
4445 2498
4446 2497
4447 2498
4448 2498
4449 2498
4450 2498
4451 2498
4452 2498
4453 2498
4454 2498
4455 2498
4456 2497
4457 2497
4458 2497
4459 2497
4460 2497
4461 2498
4462 2498
4463 2497
4464 2497
4465 2497
4466 2497
4467 2497
4468 2497
4469 2497
4470 2497
4471 2498
4472 2498
4473 2497
4474 2497
4475 2497
4476 2497
4477 2497
4478 2497
4479 2497
4480 2497
4481 2497
4482 2497
4483 2497
4484 2496
4485 2496
4486 2497
4487 2497
4488 2496
4489 2497
4490 2497
4491 2496
4492 2496
4493 2497
4494 2496
4495 2496
4496 2496
4497 2496
4498 2496
4499 2497
4500 2496
4501 2496
4502 2497
4503 2501
4504 2496
4505 2496
4506 2497
4507 2496
4508 2496
4509 2496
4510 2496
4511 2496
4512 2497
4513 2496
4514 2496
4515 2496
4516 2496
4517 2496
4518 2496
4519 2496
4520 2496
4521 2496
4522 2496
4523 2497
4524 2497
4525 2496
4526 2496
4527 2496
4528 2496
4529 2496
4530 2497
4531 2496
4532 2496
4533 2496
4534 2496
4535 2496
4536 2496
4537 2496
4538 2496
4539 2496
4540 2496
4541 2496
4542 2496
4543 2496
4544 2496
4545 2496
4546 2497
4547 2495
4548 2501
4549 2496
4550 2495
4551 2496
4552 2496
4553 2496
4554 2496
4555 2496
4556 2496
4557 2496
4558 2495
4559 2495
4560 2496
4561 2497
4562 2496
4563 2496
4564 2496
4565 2496
4566 2496
4567 2496
4568 2496
4569 2496
4570 2496
4571 2496
4572 2496
4573 2496
4574 2496
4575 2496
4576 2496
4577 2496
4578 2495
4579 2496
4580 2496
4581 2496
4582 2496
4583 2496
4584 2496
4585 2496
4586 2496
4587 2496
4588 2496
4589 2496
4590 2495
4591 2496
4592 2496
4593 2496
4594 2495
4595 2496
4596 2496
4597 2496
4598 2496
4599 2496
4600 2496
4601 2496
4602 2496
4603 2495
4604 2495
4605 2496
4606 2495
4607 2496
4608 2496
4609 2496
4610 2496
4611 2496
4612 2496
4613 2496
4614 2496
4615 2496
4616 2496
4617 2496
4618 2495
4619 2496
4620 2496
4621 2495
4622 2496
4623 2496
4624 2496
4625 2496
4626 2496
4627 2496
4628 2496
4629 2496
4630 2495
4631 2495
4632 2495
4633 2495
4634 2495
4635 2495
4636 2495
4637 2495
4638 2495
4639 2495
4640 2495
4641 2496
4642 2495
4643 2495
4644 2495
4645 2496
4646 2496
4647 2495
4648 2495
4649 2495
4650 2495
4651 2496
4652 2495
4653 2495
4654 2495
4655 2495
4656 2495
4657 2495
4658 2496
4659 2495
4660 2495
4661 2496
4662 2496
4663 2495
4664 2495
4665 2496
4666 2496
4667 2495
4668 2496
4669 2495
4670 2495
4671 2495
4672 2495
4673 2496
4674 2496
4675 2495
4676 2495
4677 2495
4678 2495
4679 2495
4680 2496
4681 2495
4682 2495
4683 2495
4684 2495
4685 2495
4686 2495
4687 2495
4688 2495
4689 2496
4690 2495
4691 2495
4692 2495
4693 2495
4694 2495
4695 2495
4696 2495
4697 2496
4698 2495
4699 2495
4700 2495
4701 2495
4702 2495
4703 2495
4704 2495
4705 2494
4706 2495
4707 2495
4708 2495
4709 2495
4710 2495
4711 2495
4712 2495
4713 2495
4714 2495
4715 2495
4716 2495
4717 2495
4718 2495
4719 2495
4720 2495
4721 2495
4722 2495
4723 2495
4724 2495
4725 2495
4726 2495
4727 2495
4728 2495
4729 2495
4730 2495
4731 2495
4732 2495
4733 2495
4734 2496
4735 2496
4736 2496
4737 2495
4738 2495
4739 2496
4740 2495
4741 2495
4742 2495
4743 2496
4744 2496
4745 2495
4746 2496
4747 2496
4748 2496
4749 2496
4750 2495
4751 2496
4752 2495
4753 2496
4754 2496
4755 2496
4756 2495
4757 2496
4758 2496
4759 2496
4760 2496
4761 2496
4762 2495
4763 2496
4764 2496
4765 2496
4766 2496
4767 2496
4768 2496
4769 2496
4770 2495
4771 2495
4772 2496
4773 2496
4774 2495
4775 2496
4776 2496
4777 2496
4778 2496
4779 2496
4780 2497
4781 2496
4782 2497
4783 2497
4784 2498
4785 2503
4786 2503
4787 2501
4788 2497
4789 2499
4790 2496
4791 2503
4792 2504
4793 2506
4794 2506
4795 2502
4796 2502
4797 2502
4798 2506
4799 2502
4800 2507
4801 2507
4802 2507
4803 2507
4804 2501
4805 2507
4806 2506
4807 2506
4808 2504
4809 2494
4810 2494
4811 2506
4812 2501
4813 2500
4814 2496
4815 2498
4816 2498
4817 2497
4818 2498
4819 2497
4820 2497
4821 2497
4822 2497
4823 2497
4824 2497
4825 2497
4826 2497
4827 2497
4828 2497
4829 2498
4830 2498
4831 2497
4832 2498
4833 2498
4834 2498
4835 2498
4836 2498
4837 2498
4838 2498
4839 2497
4840 2497
4841 2497
4842 2498
4843 2498
4844 2498
4845 2497
4846 2497
4847 2498
4848 2498
4849 2498
4850 2499
4851 2498
4852 2498
4853 2498
4854 2498
4855 2498
4856 2498
4857 2498
4858 2499
4859 2498
4860 2498
4861 2498
4862 2498
4863 2497
4864 2498
4865 2498
4866 2498
4867 2498
4868 2498
4869 2498
4870 2498
4871 2498
4872 2498
4873 2498
4874 2499
4875 2498
4876 2498
4877 2498
4878 2499
4879 2498
4880 2498
4881 2498
4882 2498
4883 2498
4884 2498
4885 2499
4886 2498
4887 2499
4888 2499
4889 2499
4890 2498
4891 2498
4892 2498
4893 2499
4894 2499
4895 2499
4896 2499
4897 2499
4898 2499
4899 2499
4900 2499
4901 2498
4902 2498
4903 2498
4904 2499
4905 2499
4906 2499
4907 2498
4908 2498
4909 2500
4910 2499
4911 2498
4912 2499
4913 2499
4914 2498
4915 2499
4916 2499
4917 2499
4918 2499
4919 2499
4920 2499
4921 2499
4922 2499
4923 2499
4924 2499
4925 2500
4926 2499
4927 2499
4928 2499
4929 2500
4930 2500
4931 2500
4932 2500
4933 2500
4934 2500
4935 2500
4936 2500
4937 2500
4938 2500
4939 2500
4940 2499
4941 2500
4942 2499
4943 2501
4944 2500
4945 2500
4946 2500
4947 2500
4948 2500
4949 2500
4950 2500
4951 2500
4952 2500
4953 2500
4954 2500
4955 2500
4956 2500
4957 2500
4958 2500
4959 2501
4960 2500
4961 2500
4962 2500
4963 2500
4964 2501
4965 2500
4966 2499
4967 2499
4968 2499
4969 2499
4970 2499
4971 2499
4972 2500
4973 2500
4974 2500
4975 2501
4976 2501
4977 2500
4978 2501
4979 2501
4980 2500
4981 2501
4982 2501
4983 2501
4984 2500
4985 2501
4986 2501
4987 2501
4988 2501
4989 2501
4990 2501
4991 2501
4992 2501
4993 2501
4994 2501
4995 2501
4996 2501
4997 2501
4998 2501
4999 2502
5000 2501
5001 2501
5002 2501
5003 2501
5004 2502
5005 2502
5006 2502
5007 2502
5008 2502
5009 2502
5010 2502
5011 2502
5012 2502
5013 2502
5014 2501
5015 2501
5016 2501
5017 2501
5018 2501
5019 2501
5020 2500
5021 2500
5022 2500
5023 2499
5024 2500
5025 2500
5026 2501
5027 2499
5028 2501
5029 2501
5030 2501
5031 2500
5032 2500
5033 2500
5034 2500
5035 2500
5036 2500
5037 2501
5038 2501
5039 2501
5040 2500
5041 2500
5042 2499
5043 2500
5044 2500
5045 2500
5046 2500
5047 2500
5048 2500
5049 2500
5050 2500
5051 2501
5052 2500
5053 2500
5054 2501
5055 2501
5056 2501
5057 2501
5058 2501
5059 2501
5060 2501
5061 2502
5062 2502
5063 2502
5064 2502
5065 2502
5066 2502
5067 2502
5068 2503
5069 2502
5070 2502
5071 2502
5072 2502
5073 2502
5074 2502
5075 2502
5076 2503
5077 2502
5078 2503
5079 2503
5080 2502
5081 2502
5082 2503
5083 2502
5084 2502
5085 2503
5086 2502
5087 2502
5088 2503
5089 2502
5090 2502
5091 2502
5092 2502
5093 2502
5094 2502
5095 2502
5096 2503
5097 2503
5098 2502
5099 2503
5100 2502
5101 2503
5102 2502
5103 2502
5104 2503
5105 2502
5106 2503
5107 2503
5108 2505
5109 2504

2481 9999
2482 9999
2483 9999
2484 9999
2485 9999
2486 9999
2487 9999
2488 2435
2489 2434
2490 2435
2491 9999
2492 2434
2493 2436
2494 2435
2495 2435
2496 2436
2497 2437
2498 2438
2499 2437
2500 2438
2501 2438
2502 2441
2503 2438
2504 2438
2505 2438
2506 2438
2507 2438
2508 2439
2509 2439
2510 2439
2511 2442
2512 2440
2513 2440
2514 2441
2515 2436
2516 2444
2517 2444
2518 2441
2519 2441
2520 2445
2521 2442
2522 2442
2523 2442
2524 2441
2525 2436
2526 2442
2527 2442
2528 2444
2529 2448
2530 2440
2531 2441
2532 2441
2533 2444
2534 2446
2535 2442
2536 2442
2537 2440
2538 2442
2539 2441
2540 2441
2541 2442
2542 2441
2543 2446
2544 2442
2545 2442
2546 2442
2547 2445
2548 2442
2549 2442
2550 2441
2551 2442
2552 2444
2553 2445
2554 2446
2555 2441
2556 2442
2557 2442
2558 2442
2559 2442
2560 2443
2561 2447
2562 2445
2563 2446
2564 2450
2565 2450
2566 2445
2567 2446
2568 2447
2569 2445
2570 2446
2571 2440
2572 2445
2573 2446
2574 2445
2575 2446
2576 2447
2577 2445
2578 2445
2579 2445
2580 2446
2581 2446
2582 2447
2583 2446
2584 2446
2585 2444
2586 2445
2587 2445
2588 2446
2589 2450
2590 2444
2591 2444
2592 2448
2593 2446
2594 2455
2595 2445
2596 2445
2597 2444
2598 2445
2599 2445
2600 2445
2601 2445
2602 2445
2603 2446
2604 2447
2605 2447
2606 2447
2607 2446
2608 2446
2609 2447
2610 2445
2611 2447
2612 2448
2613 2447
2614 2447
2615 2447
2616 2448
2617 2451
2618 2448
2619 2446
2620 2454
2621 2457
2622 2452
2623 2449
2624 2448
2625 2450
2626 2450
2627 2449
2628 2450
2629 2451
2630 2449
2631 2452
2632 2450
2633 2450
2634 2449
2635 2446
2636 2454
2637 2455
2638 2445
2639 2453
2640 2454
2641 2454
2642 2456
2643 2454
2644 2455
2645 2450
2646 2457
2647 2457
2648 2457
2649 2457
2650 2453
2651 2457
2652 2459
2653 2459
2654 2458
2655 2456
2656 2457
2657 2456
2658 2456
2659 2456
2660 2458
2661 2458
2662 2457
2663 2461
2664 2459
2665 2459
2666 2459
2667 2458
2668 2459
2669 2459
2670 2458
2671 2459
2672 2460
2673 2459
2674 2460
2675 2462
2676 2461
2677 2462
2678 2461
2679 2461
2680 2461
2681 2457
2682 2462
2683 2464
2684 2463
2685 2464
2686 2464
2687 2471
2688 2462
2689 2465
2690 2465
2691 2471
2692 2461
2693 2461
2694 2465
2695 2467
2696 2472
2697 2473
2698 2461
2699 2465
2700 2466
2701 2467
2702 2466
2703 2467
2704 2470
2705 2470
2706 2476
3911 2522
3912 2525
3913 2524
3914 2523
3915 2525
3916 2526
3917 2524
3918 2524
3919 2519
3920 2525
3921 2524
3922 2534
3923 2534
3924 2528
3925 2521
3926 2526
3927 2534
3928 2526
3929 2528
3930 2528
3931 2526
3932 2525
3933 2527
3934 2524
3935 2527
3936 2525
3937 2526
3938 2525
3939 2525
3940 2525
3941 2526
3942 2524
3943 2524
3944 2530
3945 2530
3946 2524
3947 2523
3948 2524
3949 2523
3950 2524
3951 2524
3952 2524
3953 2525
3954 2531
3955 2524
3956 2524
3957 2525
3958 2524
3959 2524
3960 2524
3961 2524
3962 2525
3963 2529
3964 2526
3965 2525
3966 2525
3967 2525
3968 2526
3969 2526
3970 2527
4835 2522
4836 2526
4837 2521
4838 2522
4839 2523
4840 2521
4841 2521
4842 2521
4843 2523
4844 2520
4845 2520
4846 2521
4847 2520
4848 2521
4849 2520
4850 2520
4851 2520
4852 2522
4853 2522
4854 2525
4855 2522
4856 2522
4857 2521
4858 2519
4859 2522
4860 2516
4861 2528
4862 2516
4863 2521
4864 2516
4865 2527
4866 2520
4867 2516
4868 2519
4869 2517
4870 2517
4871 2521
4872 2521
4873 2521
4874 2521
4875 2527
4876 2521
4877 2521
4878 2523
4879 2520
4880 2521
4881 2521
4882 2522
4883 2522
4884 2521
4885 2521
4886 2522
4887 2521
4888 2522
4889 2522
4890 2522
4891 2527
4892 2522
4893 2522
4894 2521
4895 2521
4896 2520
4897 2522
4898 2522
4899 2522
4900 2521
4901 2521
4902 2521
4903 2521
4904 2520
4905 2521
4906 2520
4907 2520
4908 2522
4909 2521
4910 2522
4911 2521
4912 2520
4913 2519
4914 2522
4915 2523
4916 2520
4917 2517
4918 2522
4919 2521
4920 2528
4921 2521
4922 2519
4923 2518
4924 2526
4925 2523
4926 2522
4927 2516
4928 2521
4929 2516
4930 2516
4931 2520
4932 2520
4933 2521
4934 2521
4935 2524
4936 2517
4937 2524
4938 2521
4939 2523
4940 2523
4941 2523
4942 2516
4943 2516
4944 2523
4945 2522
4946 2521
4947 2525
4948 2519
4949 2520
4950 2518
4951 2530
4952 2522
4953 2521
4954 2523
4955 2524
4956 2516
4957 2518
4958 2516
4959 2517
4960 2521
4961 2521
4962 2524
4963 2524
4964 2522
4965 2523
4966 2523
4967 2516
4968 2523
4969 2516
4970 2522
4971 2523
4972 2517
4973 2524
4974 2530
4975 2517
4976 2522
4977 2524
4978 2522
4979 2525
4980 2523
4981 2522
4982 2523
4983 2523
4984 2523
4985 2518
4986 2524
4987 2524
4988 2529
4989 2522
4990 2528
4991 2523
4992 2524
4993 2524
4994 2525
4995 2524
4996 2523
4997 2517
4998 2518
4999 2522
5000 2523
5001 2523
5002 2527
5003 2525
5004 2523
5005 2523
5006 2526
5007 2531
5008 2525
5009 2524
5010 2524
5011 2524
5012 2524
5013 2524
5014 2527
5015 2518
5016 2523
5017 2519
5018 2523
5019 2524
5020 2526
5021 2523
5022 2517
5023 2530
5024 2529
5025 2522
5026 2523
5027 2525
5028 2517
5029 2528
5030 2520
5031 2524
5032 2518
5033 2523
5034 2524
5035 2523
5036 2523
5037 2523
5038 2522
5039 2524
5040 2523
5041 2526
5042 2524
5043 2518
5044 2523
5045 2519
5046 2519
5047 2524
5048 2525
5049 2518
5050 2523
5051 2526
5052 2524
5053 2527
5054 2518
5055 2524
5056 2523
5057 2520
5058 2523
5059 2522
5060 2524
5061 2527
5062 2522
5063 2528
5064 2523
5065 2524
5066 2527
5067 2528
5068 2526
5069 2531
5070 2524
5071 2526
5072 2521
5073 2525

3911 2538
3912 2528
3913 2535
3914 2535
3915 2535
3916 2535
3917 2535
3918 2528
3919 2531
3920 2534
3921 2537
3922 2535
3923 2536
3924 2537
3925 2536
3926 2537
3927 2536
3928 2536

