5371 2506
5372 2506
5373 2506
5374 2505
5375 2505
5376 2505
5377 2505
5378 2505
5379 2505
5380 2505
5381 2505
5382 2511
5383 2505
5384 2505
5385 2505
5386 2505
5387 2506
5388 2505
5389 2505
5390 2504
5391 2504
5392 2505
5393 2505
5394 2505
5395 2505
5396 2504
5397 2506
5398 2505
5399 2504
5400 2504
5401 2504
5402 2505
5403 2504
5404 2505
5405 2504
5406 2504
5407 2504
5408 2505
5409 2504
5410 2504
5411 2504
5412 2504
5413 2504
5414 2504
5415 2507
5416 2508
5417 2505
5418 2504
5419 2504
5420 2504
5421 2504
5422 2507
5423 2505
5424 2504
5425 2504
5426 2505
5427 2505
5428 2504
5429 2504
5430 2505
5431 2504
5432 2503
5433 2503
5434 2504
5435 2504
5436 2504
5437 2504
5438 2504
5439 2504
5440 2503
5441 2503
5442 2504
5443 2503
5444 2504
5445 2504
5446 2504
5447 2504
5448 2504
5449 2504
5450 2503
5451 2503
5452 2504
5453 2505
5454 2504
5455 2504
5456 2504
5457 2504
5458 2503
5459 2503
5460 2503
5461 2504
5462 2503
5463 2503
5464 2503
5465 2504
5466 2503
5467 2503
5468 2503
5469 2502
5470 2503
5471 2503
5472 2503
5473 2502
5474 2503
5475 2503
5476 2504
5477 2504
5478 2507
5479 2502
5480 2519
5481 2507
5482 2506
5483 2504
5484 2503
5485 2503
5486 2507
5487 2503
5488 2503
5489 2503
5490 2504
5491 2504
5492 2504
5493 2502
5494 2502
5495 2507
5496 2509
5497 2501
5498 2501
5499 2498
5500 2498
5501 2502
5502 2501
5503 2497
5504 2497
5505 2496
5506 2497
5507 2497
5508 2497
5509 2496
5510 2497
5511 2497
5512 2497
5513 2494
5514 2494
5515 2495
5516 2495
5517 2495
5518 2497
5519 2495
5520 2496
5521 2493
5522 2493
5523 2493
5524 2493
5525 2493
5526 2493
5527 2494
5528 2497
5529 2493
5530 2493
5531 2494
5532 2494
5533 2492
5534 2493
5535 2494
5536 2493
5537 2492
5538 2494
5539 2494
5540 2492
5541 2498
5542 2493
5543 2500
5544 2491
5545 2491
5546 2492
5547 2494
5548 2498
5549 2497
5550 2493
5551 2493
5552 2493
5553 2493
5554 2493
5555 2493
5556 2493
5557 2493
5558 2493
5559 2494
5560 2493
5561 2493
5562 2493
5563 2493
5564 2493
5565 2493
5566 2493
5567 2494
5568 2496
5569 2493
5570 2493
5571 2490
5572 2491
5573 2493
5574 2493
5575 2494
5576 2492
5577 2496
5578 2496
5579 2494
5580 2494
5581 2495
5582 2494
5583 2495
5584 2494
5585 2494
5586 2494
5587 2494
5588 2494
5589 2494
5590 2494
5591 2494
5592 2494
5593 2494
5594 2494
5595 2494
5596 2494
5597 2495
5598 2494
5599 2494
5600 2494
5601 2494
5602 2494
5603 2494
5604 2492
5605 2493
5606 2493
5607 2493
5608 2494
5609 2495
5610 2498
5611 2495
5612 2494
5613 2495
5614 2495
5615 2495
5616 2495
5617 2495
5618 2494
5619 2495
5620 2495
5621 2495
5622 2495
5623 2495
5624 2494
5625 2494
5626 2495
5627 2495
5628 2495
5629 2494
5630 2495
5631 2495
5632 2495
5633 2495
5634 2495
5635 2495
5636 2495
5637 2495
5638 2495
5639 2495
5640 2495
5641 2495
5642 2495
5643 2495
5644 2494
5645 2495
5646 2494
5647 2498
5648 2495
5649 2495
5650 2495
5651 2495
5652 2495
5653 2495
5654 2495
5655 2495
5656 2495
5657 2495
5658 2495
5659 2495
5660 2495
5661 2495
5662 2495
5663 2495
5664 2495
5665 2495
5666 2495
5667 2495
5668 2495
5669 2495
5670 2495
5671 2495
5672 2495
5673 2495
5674 2495
5675 2495
5676 2495
5677 2495
5678 2495
5679 2495
5680 2495
5681 2495
5682 2495
5683 2495
5684 2495
5685 2495
5686 2495
5687 2495
5688 2495
5689 2495
5690 2495
5691 2495
5692 2495
5693 2495
5694 2495
5695 2495
5696 2495
5697 2495
5698 2495
5699 2495
5700 2495
5701 2495
5702 2495
5703 2495
5704 2495
5705 2495
5706 2495
5707 2495
5708 2494
5709 2495
5710 2495
5711 2495
5712 2495
5713 2495
5714 2495
5715 2495
5716 2495
5717 2495
5718 2495
5719 2495
5720 2495
5721 2495
5722 2495
5723 2495
5724 2495
5725 2495
5726 2495
5727 2495
5728 2494
5729 2494
5730 2495
5731 2495
5732 2494
5733 2494
5734 2495
5735 2495
5736 2495
5737 2494
5738 2495
5739 2495
5740 2495
5741 2494
5742 2495
5743 2494
5744 2494
5745 2495
5746 2495
5747 2495
5748 2495
5749 2495
5750 2495
5751 2495
5752 2494
5753 2495
5754 2495
5755 2495
5756 2494
5757 2494
5758 2494
5759 2495
5760 2494
5761 2494
5762 2494
5763 2494
5764 2495
5765 2495
5766 2494
5767 2494
5768 2494
5769 2494
5770 2494
5771 2495
5772 2494
5773 2495
5774 2494
5775 2495
5776 2495
5777 2495
5778 2494
5779 2494
5780 2494
5781 2494
5782 2495
5783 2495
5784 2494
5785 2494
5786 2495
5787 2495
5788 2495
5789 2494
5790 2494
5791 2495
5792 2495
5793 2495
5794 2495
5795 2495
5796 2495
5797 2495
5798 2495
5799 2495
5800 2495
5801 2495
5802 2495
5803 2495
5804 2494
5805 2495
5806 2495
5807 2495
5808 2495
5809 2495
5810 2495
5811 2495
5812 2495
5813 2495
5814 2495
5815 2495
5816 2495
5817 2495
5818 2495
5819 2495
5820 2495
5821 2495
5822 2495
5823 2495
5824 2495
5825 2495
5826 2495

5624 2529
5625 2523
5626 2525
5627 2527
5628 2520
5629 2525
5630 2514
5631 2523
5632 2523
5633 2522
5634 2522
5635 2521
5636 2521
5637 2521
5638 2514
5639 2522
5640 2516
5641 2521
5642 2518
5643 2521
5644 2516
5645 2521
5646 2527
5647 2527
5648 2516
5649 2517
5650 2512
5651 2516
5652 2519
5653 2520
5654 2520
5655 2521
5656 2521
5657 2519
5658 2518
5659 2520
5660 2520
5661 2521
5662 2520
5663 2519
5664 2520
5665 2512
5666 2511
5667 2511
5668 2511
5669 2511
5670 2513
5671 2521
5672 2519
5673 2510
5674 2518
5675 2519
5676 2520
5677 2511
5678 2520
5679 2518
5680 2517
5681 2509
5682 2517
5683 2513
5684 2512

