8 2491
9 2490
10 2491
11 2490
12 2490
13 2490
14 2491
15 2491
16 2491
17 2491
18 2491
19 2491
20 2491
21 2491
22 2491
23 2490
24 2491
25 2491
26 2491
27 2491
28 2491
29 2491
30 2491
31 2491
32 2491
33 2491
34 2492
35 2491
36 2491
37 2491
38 2491
39 2491
40 2491
41 2491
42 2491
43 2491
44 2491
45 2492
46 2492
47 2492
48 2491
49 2492
50 2492
51 2491
52 2491
53 2492
54 2492
55 2492
56 2492
57 2492
58 2493
59 2492
60 2493
61 2493
62 2492
63 2494
64 2492
65 2492
66 2493
67 2493
68 2493
69 2494
70 2494
71 2493
72 2493
73 2495
74 2494
75 2493
76 2493
77 2493
78 2493
79 2493
80 2494
81 2494
82 2494
83 2494
84 2493
85 2494
86 2494
87 2494
88 2494
89 2494
90 2494
91 2494
92 2495
93 2495
94 2494
95 2494
96 2494
97 2495
98 2494
99 2495
100 2495
101 2495
102 2494
103 2494
104 2494
105 2495
106 2495
107 2494
108 2494
109 2494
110 2494
111 2494
112 2498
113 2494
114 2495
115 2495
116 2496
117 2495
118 2495
119 2494
120 2494
121 2494
122 2499
123 2493
124 2495
125 2495
126 2494
127 2494
128 2494
129 2494
130 2493
131 2494
132 2494
133 2494
134 2494
135 2494
136 2494
137 2494
138 2495
139 2494
140 2495
141 2495
142 2494
143 2494
144 2494
145 2502
146 2494
147 2494
148 2494
149 2495
150 2495
151 2494
152 2494
153 2495
154 2495
155 2495
156 2496
157 2495
158 2495
159 2495
160 2495
161 2495
162 2495
163 2495
164 2494
165 2494
166 2495
167 2494
168 2495
169 2494
170 2494
171 2495
172 2495
173 2494
174 2494
175 2494
176 2495
177 2494
178 2495
179 2494
180 2494
181 2494
182 2493
183 2494
184 2494
185 2494
186 2494
187 2494
188 2494
189 2494
190 2494
191 2494
192 2494
193 2494
194 2494
195 2494
196 2494
197 2493
198 2496
199 2494
200 2494
201 2494
202 2495
203 2494
204 2495
205 2494
206 2494
207 2494
208 2494
209 2493
210 2494
211 2494
212 2494
213 2494
214 2494
215 2494
216 2494
217 2495
218 2495
219 2494
220 2494
221 2495
222 2495
223 2495
224 2495
225 2495
226 2495
227 2495
228 2495
229 2495
230 2495
231 2495
232 2494
233 2494
234 2497
235 2494
236 2494
237 2494
238 2494
239 2494
240 2495
241 2495
242 2494
243 2494
244 2494
245 2494
246 2494
247 2494
248 2495
249 2494
250 2495
251 2495
252 2494
253 2495
254 2495
255 2495
256 2495
257 2495
258 2495
259 2495
260 2495
261 2495
262 2496
263 2495
264 2495
265 2495
266 2495
267 2496
268 2495
269 2495
270 2495
271 2495
272 2495
273 2495
274 2495
275 2496
276 2496
277 2496
278 2496
279 2496
280 2496
281 2496
282 2495
283 2496
284 2496
285 2496
286 2496
287 2496
288 2496
289 2497
290 2497
291 2496
292 2496
293 2496
294 2496
295 2496
296 2497
297 2496
298 2496
299 2496
300 2496
301 2496
302 2497
303 2497
304 2497
305 2496
306 2497
307 2496
308 2497
309 2496
310 2497
311 2496
312 2496
313 2496
314 2496
315 2496
316 2497
317 2495
318 2496
319 2500
320 2496
321 2502
322 2497
323 2497
324 2496
325 2497
326 2497
327 2496
328 2497
329 2497
330 2497
331 2497
332 2497
333 2496
334 2496
335 2496
336 2496
337 2496
338 2496
339 2496
340 2496
341 2496
342 2496
343 2496
344 2496
345 2497
346 2496
347 2496
348 2496
349 2497
350 2496
351 2496
352 2496
353 2497
354 2497
355 2496
356 2497
357 2497
358 2497
359 2498
360 2498
361 2498
362 2497
363 2497
364 2498
365 2498
366 2498
367 2498
368 2498
369 2498
370 2498
371 2498
372 2497
373 2497
374 2497
375 2497
376 2497
377 2497
378 2497
379 2497
380 2497
381 2497
382 2497
383 2497
384 2497
385 2497
386 2498
387 2497
388 2497
389 2497
390 2498
391 2498
392 2498
393 2498
394 2498
395 2498
396 2498
397 2499
398 2499
399 2499
400 2499
401 2499
402 2499
403 2499
404 2499
405 2499
406 2499
407 2500
408 2500
409 2500
410 2500
411 2500
412 2500
413 2500
414 2500
415 2500
416 2500
417 2500
418 2500
419 2500
420 2500
421 2500
422 2500
423 2500
424 2500
425 2500
426 2500
427 2501
428 2501
429 2500
430 2501
431 2501
432 2501
433 2501
434 2501
435 2500
436 2500
437 2501
438 2500
439 2500
440 2500
441 2500
442 2500
443 2500
444 2500
445 2500
446 2500
447 2501
448 2500
449 2500
450 2501
451 2501
452 2501
453 2500
454 2501
455 2501
456 2501
457 2500
458 2501
459 2501
460 2501
461 2500
462 2501
463 2501
464 2500
465 2500
466 2501
467 2501
468 2501
469 2501
470 2500
471 2500
472 2501
473 2501
474 2501
475 2500
476 2501
477 2501
478 2501
479 2501
480 2501
481 2501
482 2501
483 2501
484 2501
485 2501
486 2501
487 2501
488 2501
489 2501
490 2501
491 2501
492 2501
493 2501
494 2501
495 2501
496 2501
497 2501
498 2502
499 2501
500 2501
501 2501
502 2501
503 2501
504 2502
505 2501
506 2501
507 2502
508 2502
509 2502
510 2502
511 2501
512 2502
513 2501
514 2501
515 2501
516 2501
517 2501
518 2501
519 2502
520 2501
521 2501
522 2501
523 2500
524 2501
525 2501
526 2501
527 2501
528 2501
529 2501
530 2501
531 2501
532 2501
533 2501
534 2501
535 2501
536 2501
537 2501
538 2501
539 2501
540 2501
541 2501
542 2501
543 2501
544 2502
545 2502
546 2501
547 2501
548 2502
549 2502
550 2502
551 2502
552 2502
553 2502
554 2502
555 2502
556 2502
557 2502
558 2502
559 2502
560 2502
561 2502
562 2503
563 2503
564 2503
565 2503
566 2502
567 2502
568 2502
569 2502
570 2502
571 2502
572 2503
573 2503
574 2503
575 2503
576 2503
577 2503
578 2503
579 2503
580 2503
581 2504
582 2503
583 2504
584 2503
585 2503
586 2504
587 2504
588 2504
589 2504
590 2503
591 2503
592 2503
593 2504
594 2504
595 2503
596 2503
597 2503
598 2503
599 2503
600 2503
601 2503
602 2503
603 2503
604 2504
605 2503
606 2503
607 2503
608 2503
609 2503
610 2503
611 2503
612 2504
613 2503
614 2503
615 2504
616 2503
617 2503
618 2503
619 2504
620 2504
621 2503
622 2503
623 2504
624 2504
625 2504
626 2504
627 2504
628 2504
629 2504
630 2504
631 2505
632 2505
633 2505
634 2505
635 2505
636 2504
637 2505
638 2505
639 2505
640 2504
641 2505
642 2505
643 2507
644 2505
645 2505
646 2505
647 2505
648 2506
649 2504
650 2504
651 2504
652 2504
653 2504
654 2504
655 2503
656 2505
657 2508
658 2504
659 2503
660 2502
661 2502
662 2503
663 2502
664 2503
665 2503
666 2502
667 2502
668 2502
669 2502
670 2503
671 2503
672 2503
673 2503
674 2503
675 2503
676 2503
677 2503
678 2503
679 2505
680 2503
681 2503
682 2503
683 2503
684 2503
685 2503
686 2503
687 2502
688 2502
689 2503
690 2503
691 2503
692 2503
693 2503
694 2503
695 2503
696 2503
697 2503
698 2504
699 2504
700 2504
701 2505
702 2505
703 2505
704 2505
705 2506
706 2506
707 2506
708 2507
709 2506
710 2507
711 2507
712 2507
713 2507
714 2508
715 2508
716 2508
717 2508
718 2508
719 2508
720 2508
721 2507
722 2508
723 2508
724 2508
725 2508
726 2508
727 2508
728 2508
729 2508
730 2508
731 2508
732 2509
733 2509
734 2508
735 2508
736 2508
737 2508
738 2508
739 2508
740 2508
741 2508
742 2508
743 2508
744 2508
745 2507
746 2508
747 2508
748 2508
749 2507
750 2507
751 2507
752 2507
753 2507
754 2508
755 2506
756 2507
757 2508
758 2505
759 2505
760 2505
761 2505
762 2505
763 2504
764 2504
765 2505
766 2506
767 2503
768 2504
769 2504
770 2504
771 2503
772 2503
773 2503
774 2503
775 2503
776 2503
777 2503
778 2503
779 2503
780 2503
781 2503
782 2504
783 2504
784 2504
785 2504
786 2504
787 2505
788 2505
789 2505
790 2505
791 2505
792 2505
793 2506
794 2505
795 2506
796 2506
797 2507
798 2507
799 2507
800 2507
801 2507
802 2507
803 2507
804 2507
805 2507
806 2507
807 2507
808 2507
809 2507
810 2507
811 2507
812 2507
813 2507
814 2507
815 2507
816 2507
817 2507
818 2507
819 2507
820 2507
821 2507
822 2507
823 2507
824 2507
825 2506
826 2507
827 2507
828 2506
829 2506
830 2507
831 2506
832 2506
833 2506
834 2506
835 2506
836 2507
837 2505
838 2507
839 2508
840 2505
841 2506
842 2506
843 2506
844 2506
845 2506
846 2506
847 2506
848 2506
849 2506
850 2506
851 2506
852 2506
853 2506
854 2506
855 2506
856 2506
857 2506
858 2507
859 2506
860 2506
861 2506
862 2506
863 2506
864 2507
865 2507
866 2507
867 2507
868 2507
869 2506
870 2506
871 2507
872 2507
873 2507
874 2507
875 2507
876 2507
877 2507
878 2506
879 2507
880 2506
881 2506
882 2507
883 2507
884 2507
885 2507
886 2506
887 2506
888 2507
889 2506
890 2506
891 2505
892 2506
893 2505
894 2505
895 2505
896 2505
897 2505
898 2505
899 2505
900 2505
901 2505
902 2505
903 2505
904 2505
905 2505
906 2505
907 2505
908 2505
909 2505
910 2505
911 2505
912 2506
913 2505
914 2505
915 2505
916 2505
917 2507
918 2505
919 2504
920 2504
921 2503
922 2504
923 2504
924 2505
925 2505
926 2504
927 2505
928 2505
929 2505
930 2505
931 2504
932 2507
933 2504
934 2506
935 2503
936 2503
937 2503
938 2508
939 2509
940 2507
941 2506
942 2502
943 2507
944 2504
945 2501
946 2504
947 2503
948 2505
949 2505
950 2508
951 2504
952 2500
953 2504
954 2504
955 2501
956 2503
957 2505
958 2505
959 2500
960 2502
961 2501
962 2501
963 2501
964 2502
965 2501
966 2502
967 2502
968 2502
969 2509
970 2510
971 2510
972 2512
973 2504
974 2504
975 2505
976 2504
977 2504
978 2509
979 2505
980 2505
981 2505
982 2505
983 2506
984 2504
985 2504
986 2505
987 2513
988 2509
989 2508
990 2509
991 2506
992 2506
993 2509
994 2511
995 2506
996 2506
997 2510
998 2511
999 2511
1000 2510
1001 2512
1002 2513
1003 2515
1004 2508
1005 2509
1006 2510
1007 2508
1008 2509
1009 2510
1010 2510
1011 2510
1012 2509
1013 2510
1014 2509
1015 2509
1016 2509
1017 2509
1018 2509
1019 2508
1020 2509
1021 2508
1022 2509
1023 2509
1024 2509
1025 2508
1026 2508
1027 2509
1028 2508
1029 2508
1030 2508
1031 2508
1032 2508
1033 2509
1034 2509
1035 2509
1036 2508
1037 2508
1038 2508
1039 2508
1040 2508
1041 2508
1042 2508
1043 2509
1044 2509
1045 2509
1046 2508
1047 2508
1048 2508
1049 2508
1050 2508
1051 2508
1052 2508
1053 2508
1054 2508
1055 2508
1056 2508
1057 2508
1058 2508
1059 2507
1060 2507
1061 2508
1062 2508
1063 2508
1064 2508
1065 2507
1066 2508
1067 2509
1068 2508
1069 2508
1070 2508
1071 2508
1072 2508
1073 2515
1074 2509
1075 2509
1076 2508
1077 2508
1078 2510
1079 2509
1080 2509
1081 2509
1082 2509
1083 2508
1084 2508
1085 2508
1086 2508
1087 2509
1088 2509
1089 2508
1090 2509
1091 2509
1092 2509
1093 2509
1094 2509
1095 2508
1096 2509
1097 2509
1098 2508
1099 2509
1100 2509
1101 2508
1102 2508
1103 2508
1104 2508
1105 2509
1106 2509
1107 2509
1108 2508
1109 2509
1110 2509
1111 2509
1112 2509
1113 2508
1114 2509
1115 2511
1116 2509
1117 2509
1118 2508
1119 2508
1120 2508
1121 2508
1122 2511
1123 2508
1124 2508
1125 2508
1126 2508
1127 2509
1128 2509
1129 2508
1130 2509
1131 2508
1132 2508
1133 2508
1134 2508
1135 2511
1136 2508
1137 2508
1138 2508
1139 2508
1140 2508
1141 2508
1142 2508
1143 2511
1144 2508
1145 2514
1146 2513
1147 2510
1148 2513
1149 2509
1150 2516
1151 2509
1152 2508
1153 2506
1154 2505
1155 2506
1156 2507
1157 2507
1158 2507
1159 2509
1160 2511
1161 2510
1162 2510
1163 2508
1164 2512
1165 2511
1166 2512
1167 2510
1168 2504
1169 2504
1170 2505
1171 2504
1172 2502
1173 2503
1174 2503
1175 2502
1176 2504
1177 2500
1178 2500
1179 2500
1180 2501
1181 2502
1182 2514
1183 2498
1184 2500
1185 2511
1186 2515
1187 2503
1188 2503
1189 2504
1190 2505
1191 2505
1192 2504
1193 2504
1194 2504
1195 2503
1196 2503
1197 2507
1198 2507
1199 2504
1200 2507
1201 2508
1202 2501
1203 2505
1204 2504
1205 2515
1206 2508
1207 2503
1208 2511
1209 2510
1210 2508
1211 2511
1212 2518
1213 2500
1214 2517
1215 2516
1216 2506
1217 2502
1218 2501
1219 2503
1220 2503
1221 2510
1222 2506
1223 2503
1224 2504
1225 2510
1226 2509
1227 2503
1228 2504
1229 2508
1230 2508
1231 2504
1232 2503
1233 2511
1234 2503
1235 2504
1236 2508
1237 2506
1238 2507
1239 2508
1240 2508
1241 2505
1242 2511
1243 2505
1244 2505
1245 2505
1246 2513
1247 2514
1248 2509
1249 2509
1250 2509
1251 2510
1252 2515
1253 2507
1254 2514
1255 2515
1256 2515
1257 2510
1258 2512
1259 2508
1260 2507
1261 2511
1262 2510
1263 2509
1264 2513
1265 2510
1266 2512
1267 2512
1268 2509
1269 2509
1270 2509
1271 2509
1272 2508
1273 2508
1274 2509
1275 2508
1276 2509
1277 2508
1278 2509
1279 2516
1280 2516
1281 2509
1282 2509
1283 2515
1284 2512
1285 2508
1286 2509
1287 2509
1288 2510
1289 2510
1290 2510
1291 2512
1292 2511
1293 2510
1294 2510
1295 2512
1296 2514
1297 2512
1298 2513
1299 2512
1300 2513
1301 2510
1302 2511
1303 2518
1304 2512

