3 2506
4 2507
5 2507
6 2507
7 2507
8 2507
9 2507
10 2507
11 2507
12 2507
13 2507
14 2507
15 2507
16 2506
17 2508
18 2509
19 2507
20 2507
21 2508
22 2509
23 2509
24 2508
25 2508
26 2507
27 2507
28 2506
29 2508
30 2508
31 2514
32 2507
33 2508
34 2507
35 2508
36 2507
37 2507
38 2507
39 2507
40 2506
41 2506
42 2507
43 2507
44 2507
45 2506
46 2506
47 2507
48 2507
49 2506
50 2507
51 2507
52 2507
53 2507
54 2507
55 2508
56 2506
57 2507
58 2506
59 2506
60 2506
61 2506
62 2506
63 2507
64 2506
65 2506
66 2506
67 2506
68 2506
69 2506
70 2506
71 2506
72 2506
73 2506
74 2505
75 2506
76 2505
77 2506
78 2506
79 2506
80 2506
81 2507
82 2507
83 2505
84 2506
85 2506
86 2506
87 2505
88 2504
89 2505
90 2506
91 2506
92 2505
93 2505
94 2505
95 2505
96 2505
97 2505
98 2505
99 2506
100 2506
101 2506
102 2507
103 2506
104 2505
105 2505
106 2506
107 2506
108 2505
109 2505
110 2505
111 2505
112 2506
113 2506
114 2506
115 2505
116 2506
117 2505
118 2505
119 2505
120 2505
121 2506
122 2505
123 2505
124 2506
125 2505
126 2506
127 2506
128 2506
129 2505
130 2506
131 2506
132 2505
133 2506
134 2505
135 2506
136 2506
137 2506
138 2506
139 2506
140 2505
141 2506
142 2506
143 2506
144 2505
145 2510
146 2510
147 2510
148 2505
149 2505
150 2505
151 2513
152 2507
153 2506
154 2506
155 2506
156 2506
157 2506
158 2506
159 2506
160 2506
161 2506
162 2506
163 2506
164 2506
165 2506
166 2519
167 2506
168 2506
169 2507
170 2507
171 2507
172 2507
173 2507
174 2507
175 2507
176 2507
177 2507
178 2508
179 2506
180 2507
181 2508
182 2508
183 2508
184 2506
185 2511
186 2507
187 2506
188 2506
189 2507
190 2507
191 2508
192 2508
193 2507
194 2507
195 2507
196 2508
197 2509
198 2507
199 2507
200 2507
201 2508
202 2507
203 2507
204 2507
205 2507
206 2508
207 2512
208 2507
209 2507
210 2513
211 2507
212 2507
213 2507
214 2507
215 2507
216 2507
217 2507
218 2507
219 2507
220 2507
221 2507
222 2507
223 2512
224 2507
225 2507
226 2511
227 2510
228 2508
229 2507
230 2509
231 2507
232 2507
233 2507
234 2507
235 2507
236 2508
237 2507
238 2508
239 2512
240 2508
241 2514
242 2512
243 2509
244 2509
245 2509
246 2509
247 2509
248 2509
249 2514
250 2509
251 2510
252 2510
253 2509
254 2509
255 2509
256 2510
257 2511
258 2510
259 2510
260 2510
261 2513
262 2510
263 2510
264 2510
265 2511
266 2510
267 2512
268 2512
269 2515
270 2511
271 2510
272 2510
273 2510
274 2510
275 2510
276 2511
277 2514
278 2509
279 2510
280 2513
281 2510
282 2510
283 2510
284 2510
285 2510
286 2514
287 2511
288 2510
289 2510
290 2510
291 2509
292 2511
293 2510
294 2510
295 2511
296 2510
297 2510
298 2516
299 2515
300 2509
301 2509
302 2509
303 2509
304 2510
305 2509
306 2509
307 2510
308 2511
309 2510
310 2508
311 2508
312 2508
313 2508
314 2508
315 2508
316 2508
317 2509
318 2509
319 2509
320 2509
321 2508
322 2507
323 2507
324 2508
325 2507
326 2508
327 2508
328 2508
329 2507
330 2507
331 2507
332 2507
333 2506
334 2507
335 2506
336 2507
337 2507
338 2507
339 2508
340 2508
341 2507
342 2507
343 2507
344 2507
345 2516
346 2512
347 2509
348 2510
349 2508
350 2508
351 2508
352 2508
353 2508
354 2508
355 2509
356 2509
357 2509
358 2508
359 2509
360 2509
361 2509
362 2509
363 2509
364 2509
365 2508
366 2508
367 2508
368 2508
369 2508
370 2509
371 2508
372 2508
373 2509
374 2511
375 2508
376 2508
377 2508
378 2508
379 2509
380 2508
381 2509
382 2509
383 2509
384 2509
385 2509
386 2508
387 2509
388 2509
389 2509
390 2507
391 2508
392 2508
393 2508
394 2508
395 2508
396 2507
397 2507
398 2508
399 2508
400 2507
401 2507
402 2507
403 2507
404 2507
405 2508
406 2507
407 2507
408 2508
409 2507
410 2508
411 2508
412 2508
413 2508
414 2507
415 2508
416 2508
417 2508
418 2508
419 2509
420 2508
421 2509
422 2507
423 2508
424 2509
425 2516
426 2508
427 2508
428 2509
429 2508
430 2507
431 2507
432 2506
433 2506
434 2508
435 2506
436 2507
437 2507
438 2507
439 2507
440 2507
441 2507
442 2507
443 2508
444 2507
445 2508
446 2510
447 2506
448 2507
449 2506
450 2507
451 2508
452 2518
453 2508
454 2507
455 2507
456 2507
457 2507
458 2507
459 2507
460 2505
461 2504
462 2505
463 2506
464 2505
465 2505
466 2505
467 2505
468 2504
469 2504
470 2505
471 2505
472 2505
473 2505
474 2505
475 2505
476 2505
477 2511
478 2520
479 2512
480 2508
481 2509
482 2509
483 2520
484 2512
485 2506
486 2505
487 2506
488 2506
489 2507
490 2507
491 2507
492 2513
493 2519
494 2507
495 2508
496 2507
497 2506
498 2506
499 2506
500 2511
501 2510
502 2509
503 2506
504 2506
505 2508
506 2509
507 2507
508 2507
509 2509
510 2509
511 2506
512 2506
513 2506
514 2506
515 2506
516 2506
517 2507
518 2507
519 2507
520 2507
521 2509
522 2506
523 2506
524 2505
525 2505
526 2505
527 2505
528 2506
529 2506
530 2505
531 2504
532 2505
533 2505
534 2505
535 2505
536 2505
537 2505
538 2505
539 2504
540 2504
541 2505
542 2505
543 2505
544 2505
545 2505
546 2505
547 2505
548 2506
549 2506
550 2506
551 2506
552 2506
553 2506
554 2506
555 2506
556 2505
557 2506
558 2505
559 2506
560 2505
561 2506
562 2507
563 2506
564 2505
565 2505
566 2506
567 2507
568 2507
569 2505
570 2505
571 2508
572 2509
573 2515
574 2515
575 2504
576 2505
577 2504
578 2503
579 2512
580 2503
581 2506
582 2508
583 2507
584 2507
585 2506
586 2506
587 2506
588 2504
589 2506
590 2506
591 2506
592 2507
593 2505
594 2517
595 2513
596 2511
597 2504
598 2504
599 2504
600 2503
601 2504
602 2503
603 2507
604 2506
605 2505
606 2505
607 2506
608 2503
609 2502
610 2501
611 2500
612 2501
613 2499
614 2499
615 2500
616 2501
617 2500
618 2501
619 2501
620 2502
621 2507
622 2506
623 2502
624 2501
625 2501
626 2501
627 2499
628 2499
629 2499
630 2511
631 2508
632 2504
633 2503
634 2499
635 2498
636 2499
637 2499
638 2500
639 2500
640 2499
641 2499
642 2500
643 2497
644 2498
645 2497
646 2496
647 2498
648 2499
649 2500
650 2496
651 2499
652 2498
653 2497
654 2495
655 2495
656 2495
657 2495
658 2495
659 2495
660 2495
661 2495
662 2495
663 2495
664 2497
665 2494
666 2494
667 2494
668 2494
669 2494
670 2494
671 2494
672 2498
673 2493
674 2493
675 2492
676 2494
677 2493
678 2492
679 2491
680 2491
681 2490
682 2491
683 2491
684 2490
685 2493
686 2489
687 2490
688 2488
689 2488
690 2488
691 2488
692 2488
693 2488
694 2488
695 2488
696 2488
697 2488
698 2489
699 2489
700 2490
701 2488
702 2488
703 2488
704 2488
705 2488
706 2487
707 2488
708 2489
709 2490
710 2489
711 2489
712 2489
713 2490
714 2490
715 2490
716 2492
717 2494
718 2495
719 2495
720 2493
721 2492
722 2493
723 2493
724 2491
725 2495
726 2489
727 2490
728 2490
729 2489
730 2488
731 2488
732 2489
733 2489
734 2488
735 2490
736 2490
737 2489
738 2493
739 2494
740 2495
741 2494
742 2495
743 2494
744 2495
745 2493
746 2493
747 2494
748 2490
749 2494
750 2487
751 2487
752 2486
753 2487
754 2487
755 2488
756 2489
757 2489
758 2489
759 2489
760 2489
761 2488
762 2488
763 2488
764 2486
765 2486
766 2486
767 2495
768 2485
769 2485
770 2484
771 2484
772 2484
773 2484
774 2484
775 2489
776 2487
777 2483
778 2484
779 2486
780 2484
781 2485
782 2486
783 2483
784 2485
785 2492
786 2497
787 2485
788 2485
789 2484
790 2488
791 2489
792 2490
793 2487
794 2485
795 2486
796 2488
797 2488
798 2489
799 2489
800 2489
801 2490
802 2492
803 2490
804 2497
805 2493
806 2493
807 2493
808 2493
809 2495
810 2494
811 2493
812 2493
813 2495
814 2495
815 2498
816 2494
817 2495
818 2494
819 2493
820 2495
821 2497
822 2494
823 2495
824 2498
825 2496
826 2497
827 2498
828 2493
829 2507
830 2498
831 2497
832 2495
833 2495
834 2496
835 2496
836 2494
837 2495
838 2495
839 2495
840 2497
841 2501
842 2497
843 2497
844 2496
845 2495
846 2494
847 2494
848 2493
849 2492
850 2491
851 2491
852 2490
853 2489
854 2490
855 2489
856 2490
857 2490
858 2490
859 2489
860 2490
861 2491
862 2490
863 2491
864 2493
865 2494
866 2498
867 2494
868 2500
869 2495
870 2494
871 2494
872 2497
873 2496
874 2496
875 2496
876 2497
877 2498
878 2495
879 2495
880 2495
881 2495
882 2495
883 2496
884 2494
885 2504
886 2495
887 2507
888 2496
889 2497
890 2498
891 2500
892 2497
893 2498
894 2497
895 2498
896 2501
897 2506
898 2498
899 2498
900 2498
901 2498
902 2500
903 2508
904 2501
905 2500
906 2499
907 2499
908 2500
909 2500
910 2500
911 2501
912 2500
913 2500
914 2500
915 2500
916 2501
917 2501
918 2499
919 2501
920 2500
921 2500
922 2501
923 2501
924 2501
925 2501
926 2501
927 2501
928 2502
929 2503
930 2502
931 2501
932 2502
933 2502
934 2502
935 2501
936 2501
937 2500
938 2501
939 2505
940 2503
941 2502
942 2501
943 2502
944 2502
945 2500
946 2499
947 2498
948 2498
949 2499
950 2500
951 2502
952 2500
953 2499
954 2498
955 2502
956 2502
957 2498
958 2499
959 2500
960 2500
961 2499
962 2499
963 2499
964 2499
965 2498
966 2499
967 2499
968 2500
969 2501
970 2502
971 2501
972 2500
973 2502
974 2501
975 2501
976 2502
977 2500
978 2499
979 2499
980 2501
981 2498
982 2498
983 2499
984 2498
985 2497
986 2498
987 2498
988 2498
989 2498
990 2498
991 2498
992 2497
993 2497
994 2497
995 2497
996 2498
997 2497
998 2497
999 2497
1000 2497
1001 2498
1002 2500
1003 2497
1004 2497
1005 2499
1006 2498
1007 2497
1008 2498
1009 2498
1010 2497
1011 2498
1012 2498
1013 2498
1014 2497
1015 2497
1016 2498
1017 2496
1018 2496
1019 2497
1020 2497
1021 2498
1022 2498
1023 2498
1024 2497
1025 2498
1026 2498
1027 2498
1028 2497
1029 2496
1030 2502
1031 2498
1032 2497
1033 2496
1034 2498
1035 2498
1036 2497
1037 2497
1038 2498
1039 2498
1040 2498
1041 2497
1042 2496
1043 2501
1044 2496
1045 2500
1046 2498
1047 2498
1048 2497
1049 2496
1050 2496
1051 2498
1052 2496
1053 2496
1054 2497
1055 2497
1056 2496
1057 2495
1058 2496
1059 2497
1060 2496
1061 2499
1062 2498
1063 2499
1064 2495
1065 2495
1066 2496
1067 2496
1068 2497
1069 2497
1070 2496
1071 2496
1072 2496
1073 2497
1074 2496
1075 2495
1076 2496
1077 2494
1078 2494
1079 2494
1080 2496
1081 2499
1082 2498
1083 2495
1084 2496
1085 2496
1086 2495
1087 2496
1088 2497
1089 2497
1090 2497
1091 2501
1092 2500
1093 2494
1094 2498
1095 2496
1096 2495
1097 2499
1098 2498
1099 2496
1100 2497
1101 2497
1102 2495
1103 2494

31 2548
32 2549
33 2551
34 2551
35 2551
36 2550
37 2552
38 2551
39 2552
40 2553
41 2552
42 2544
43 2554
44 2555
45 2552
46 2552
47 2552
48 2551
49 2547
50 2553
51 2556
52 2554
53 2552
54 2552
55 2553
56 2554
57 2554
58 2559
59 2552
60 2545
61 2552
62 2550
63 2550
64 2549
65 2552
66 2553
67 2551
68 2550
69 2549
70 2549
71 2549
72 2556
73 2546
74 2552
75 2552
76 2550
77 2551
78 2553
79 2549
80 2544
81 2554
82 2545
83 2553
84 2548
85 2544
86 2547
87 2551
88 2552
89 2552
90 2552
91 2551
92 2558
93 2547
94 2551
95 2555
96 2557
97 2558
98 2544
99 2552
100 2551

