2 2493
3 2493
4 2494
5 2493
6 2493
7 2493
8 2493
9 2493
10 2493
11 2493
12 2493
13 2493
14 2493
15 2493
16 2493
17 2494
18 2493
19 2493
20 2493
21 2493
22 2493
23 2492
24 2496
25 2493
26 2494
27 2494
28 2493
29 2493
30 2493
31 2493
32 2494
33 2493
34 2494
35 2493
36 2493
37 2494
38 2494
39 2494
40 2494
41 2494
42 2494
43 2494
44 2494
45 2494
46 2494
47 2494
48 2494
49 2494
50 2494
51 2494
52 2495
53 2493
54 2494
55 2494
56 2494
57 2494
58 2494
59 2494
60 2494
61 2494
62 2494
63 2494
64 2495
65 2494
66 2494
67 2494
68 2495
69 2494
70 2494
71 2495
72 2494
73 2495
74 2495
75 2495
76 2494
77 2494
78 2494
79 2495
80 2495
81 2495
82 2494
83 2495
84 2496
85 2494
86 2495
87 2494
88 2495
89 2495
90 2494
91 2495
92 2495
93 2495
94 2495
95 2495
96 2495
97 2495
98 2495
99 2494
100 2495
101 2495
102 2495
103 2495
104 2495
105 2495
106 2495
107 2495
108 2495
109 2495
110 2495
111 2495
112 2495
113 2495
114 2495
115 2496
116 2495
117 2496
118 2496
119 2496
120 2496
121 2496
122 2496
123 2496
124 2496
125 2496
126 2496
127 2496
128 2496
129 2496
130 2496
131 2496
132 2496
133 2496
134 2496
135 2497
136 2496
137 2496
138 2497
139 2496
140 2498
141 2497
142 2496
143 2496
144 2496
145 2496
146 2496
147 2497
148 2497
149 2496
150 2496
151 2496
152 2496
153 2496
154 2497
155 2497
156 2497
157 2496
158 2501
159 2496
160 2496
161 2496
162 2496
163 2496
164 2496
165 2496
166 2496
167 2497
168 2497
169 2496
170 2496
171 2497
172 2497
173 2497
174 2497
175 2497
176 2496
177 2496
178 2496
179 2496
180 2496
181 2496
182 2496
183 2496
184 2496
185 2496
186 2497
187 2496
188 2496
189 2496
190 2496
191 2496
192 2496
193 2496
194 2496
195 2496
196 2497
197 2496
198 2496
199 2496
200 2496
201 2496
202 2496
203 2496
204 2496
205 2496
206 2496
207 2496
208 2496
209 2496
210 2496
211 2496
212 2496
213 2496
214 2496
215 2496
216 2496
217 2496
218 2496
219 2496
220 2496
221 2496
222 2496
223 2496
224 2496
225 2496
226 2496
227 2496
228 2496
229 2496
230 2496
231 2496
232 2496
233 2496
234 2496
235 2496
236 2496
237 2496
238 2496
239 2496
240 2497
241 2496
242 2496
243 2496
244 2497
245 2497
246 2496
247 2496
248 2496
249 2497
250 2497
251 2497
252 2496
253 2497
254 2497
255 2497
256 2497
257 2497
258 2497
259 2497
260 2497
261 2497
262 2497
263 2497
264 2497
265 2497
266 2498
267 2497
268 2497
269 2497
270 2497
271 2497
272 2497
273 2498
274 2497
275 2497
276 2498
277 2498
278 2498
279 2498
280 2498
281 2498
282 2498
283 2498
284 2498
285 2498
286 2498
287 2498
288 2498
289 2498
290 2498
291 2498
292 2498
293 2498
294 2498
295 2499
296 2498
297 2498
298 2498
299 2498
300 2498
301 2498
302 2498
303 2498
304 2498
305 2498
306 2498
307 2498
308 2498
309 2498
310 2498
311 2498
312 2498
313 2498
314 2498
315 2498
316 2498
317 2498
318 2498
319 2498
320 2498
321 2498
322 2498
323 2498
324 2498
325 2498
326 2498
327 2499
328 2499
329 2498
330 2499
331 2499
332 2499
333 2499
334 2499
335 2499
336 2499
337 2499
338 2499
339 2499
340 2499
341 2499
342 2500
343 2500
344 2500
345 2499
346 2499
347 2499
348 2499
349 2500
350 2499
351 2499
352 2499
353 2499
354 2499
355 2499
356 2499
357 2499
358 2499
359 2500
360 2499
361 2500
362 2500
363 2500
364 2499
365 2499
366 2499
367 2499
368 2499
369 2499
370 2499
371 2499
372 2499
373 2499
374 2499
375 2499
376 2499
377 2499
378 2499
379 2499
380 2499
381 2499
382 2499
383 2499
384 2499
385 2500
386 2500
387 2500
388 2500
389 2500
390 2500
391 2500
392 2500
393 2500
394 2500
395 2501
396 2500
397 2500
398 2501
399 2500
400 2500
401 2501
402 2501
403 2501
404 2500
405 2501
406 2501
407 2501
408 2501
409 2501
410 2501
411 2501
412 2501
413 2501
414 2501
415 2501
416 2501
417 2501
418 2501
419 2502
420 2501
421 2501
422 2500
423 2500
424 2501
425 2501
426 2501
427 2501
428 2500
429 2501
430 2501
431 2501
432 2501
433 2501
434 2501
435 2501
436 2501
437 2501
438 2500
439 2501
440 2501
441 2500
442 2500
443 2500
444 2500
445 2500
446 2500
447 2500
448 2500
449 2501
450 2500
451 2500
452 2500
453 2501
454 2501
455 2501
456 2501
457 2501
458 2501
459 2501
460 2501
461 2501
462 2501
463 2501
464 2501
465 2502
466 2502
467 2501
468 2502
469 2502
470 2502
471 2503
472 2502
473 2502
474 2502
475 2502
476 2503
477 2503
478 2502
479 2502
480 2503
481 2503
482 2503
483 2503
484 2503
485 2503
486 2502
487 2502
488 2502
489 2503
490 2503
491 2503
492 2503
493 2503
494 2503
495 2503
496 2503
497 2503
498 2503
499 2503
500 2503
501 2503
502 2503
503 2503
504 2503
505 2503
506 2504
507 2504
508 2504
509 2504
510 2503
511 2504
512 2504
513 2504
514 2504
515 2504
516 2504
517 2503
518 2504
519 2504
520 2504
521 2504
522 2503
523 2504
524 2504
525 2504
526 2504
527 2504
528 2504
529 2504
530 2504
531 2504
532 2504
533 2503
534 2504
535 2504
536 2505
537 2510
538 2505
539 2506
540 2503
541 2504
542 2504
543 2504
544 2504
545 2504
546 2504
547 2505
548 2504
549 2504
550 2503
551 2504
552 2503
553 2504
554 2504
555 2504
556 2504
557 2503
558 2503
559 2503
560 2504
561 2504
562 2504
563 2503
564 2504
565 2503
566 2503
567 2503
568 2503
569 2503
570 2503
571 2503
572 2503
573 2503
574 2503
575 2503
576 2505
577 2504
578 2503
579 2503
580 2503
581 2503
582 2503
583 2503
584 2503
585 2503
586 2503
587 2503
588 2502
589 2503
590 2502
591 2502
592 2502
593 2503
594 2503
595 2503
596 2503
597 2503
598 2503
599 2503
600 2503
601 2504
602 2504
603 2503
604 2503
605 2503
606 2504
607 2504
608 2504
609 2504
610 2504
611 2504
612 2504
613 2504
614 2504
615 2504
616 2504
617 2504
618 2504
619 2504
620 2504
621 2504
622 2504
623 2504
624 2504
625 2504
626 2504
627 2504
628 2504
629 2504
630 2504
631 2504
632 2505
633 2504
634 2505
635 2505
636 2505
637 2505
638 2505
639 2505
640 2505
641 2505
642 2506
643 2506
644 2505
645 2505
646 2506
647 2506
648 2506
649 2506
650 2506
651 2506
652 2506
653 2507
654 2507
655 2507
656 2507
657 2507
658 2508
659 2508
660 2508
661 2508
662 2508
663 2508
664 2508
665 2508
666 2508
667 2508
668 2508
669 2508
670 2508
671 2508
672 2508
673 2509
674 2508
675 2508
676 2508
677 2508
678 2509
679 2508
680 2508
681 2508
682 2508
683 2508
684 2508
685 2508
686 2508
687 2508
688 2507
689 2507
690 2507
691 2508
692 2508
693 2506
694 2507
695 2506
696 2506
697 2507
698 2507
699 2507
700 2506
701 2506
702 2506
703 2506
704 2506
705 2506
706 2506
707 2506
708 2506
709 2506
710 2506
711 2506
712 2506
713 2506
714 2506
715 2505
716 2506
717 2506
718 2506
719 2506
720 2507
721 2506
722 2507
723 2507
724 2508
725 2508
726 2508
727 2508
728 2508
729 2508
730 2508
731 2508
732 2510
733 2506
734 2507
735 2510
736 2508
737 2507
738 2507
739 2508
740 2507
741 2507
742 2508
743 2507
744 2508
745 2513
746 2510
747 2506
748 2507
749 2507
750 2508
751 2507
752 2507
753 2507
754 2506
755 2508
756 2506
757 2506
758 2506
759 2506
760 2506
761 2508
762 2506
763 2505
764 2506
765 2506
766 2505
767 2505
768 2506
769 2506
770 2506
771 2506
772 2506
773 2506
774 2506
775 2506
776 2506
777 2506
778 2507
779 2507
780 2506
781 2507
782 2507
783 2507
784 2508
785 2508
786 2506
787 2507
788 2506
789 2507
790 2506
791 2507
792 2506
793 2506
794 2506
795 2506
796 2506
797 2507
798 2507
799 2507
800 2508
801 2508
802 2508
803 2507
804 2508
805 2509
806 2509
807 2508
808 2508
809 2509
810 2509
811 2509
812 2509
813 2509
814 2509
815 2509
816 2509
817 2509
818 2510
819 2513
820 2508
821 2506
822 2508
823 2518
824 2518
825 2509
826 2507
827 2506
828 2509
829 2510
830 2507
831 2509
832 2505
833 2505
834 2508
835 2507
836 2510
837 2504
838 2512
839 2506
840 2505
841 2502
842 2509
843 2513
844 2510
845 2502
846 2506
847 2508
848 2507
849 2507
850 2515
851 2506
852 2507
853 2507
854 2509
855 2510
856 2506
857 2510
858 2515
859 2502
860 2502
861 2507
862 2515
863 2507
864 2504
865 2516
866 2517
867 2508
868 2503
869 2507
870 2503
871 2503
872 2513
873 2515
874 2505
875 2506
876 2506
877 2505
878 2506
879 2504
880 2508
881 2507
882 2509
883 2508
884 2510
885 2509
886 2507
887 2507
888 2508
889 2509
890 2509
891 2508
892 2510
893 2506
894 2506
895 2506
896 2506
897 2508
898 2508
899 2508
900 2507
901 2507
902 2508
903 2508
904 2508
905 2508
906 2509
907 2509
908 2508
909 2508
910 2508
911 2508
912 2508
913 2508
914 2508
915 2509
916 2509
917 2509
918 2509
919 2509
920 2509
921 2509
922 2508
923 2508
924 2509
925 2509
926 2509
927 2509
928 2508
929 2508
930 2508
931 2508
932 2508
933 2509
934 2508
935 2508
936 2508
937 2508
938 2508
939 2508
940 2508
941 2508
942 2508
943 2508
944 2509
945 2508
946 2508
947 2507
948 2507
949 2508
950 2507
951 2507
952 2507
953 2507
954 2508
955 2509
956 2508
957 2508
958 2508
959 2508
960 2508
961 2508
962 2508
963 2510
964 2510
965 2509
966 2511
967 2508
968 2514
969 2513
970 2509
971 2509
972 2509
973 2512
974 2512
975 2511
976 2509
977 2509
978 2513
979 2510
980 2511
981 2508
982 2509
983 2510
984 2509
985 2510
986 2510
987 2509
988 2510
989 2510
990 2511
991 2510
992 2510
993 2510
994 2510
995 2510
996 2510
997 2510
998 2510
999 2511
1000 2511
1001 2511
1002 2511
1003 2512
1004 2511
1005 2511
1006 2513
1007 2512
1008 2511
1009 2511
1010 2512
1011 2514
1012 2511
1013 2514
1014 2511
1015 2509
1016 2511
1017 2510
1018 2509
1019 2522
1020 2515
1021 2510
1022 2509
1023 2509
1024 2509
1025 2509
1026 2510
1027 2510
1028 2513
1029 2510
1030 2512
1031 2512
1032 2511
1033 2508
1034 2511
1035 2508
1036 2521
1037 2508
1038 2509
1039 2509
1040 2510
1041 2509
1042 2509
1043 2508
1044 2510
1045 2509
1046 2509
1047 2508
1048 2507
1049 2509
1050 2508
1051 2508
1052 2508
1053 2509
1054 2510
1055 2512
1056 2508
1057 2509
1058 2509
1059 2507
1060 2509
1061 2509
1062 2502
1063 2519
1064 2505
1065 2506
1066 2517
1067 2506
1068 2510
1069 2518
1070 2517
1071 2510
1072 2505
1073 2506
1074 2505
1075 2503
1076 2508
1077 2513
1078 2502
1079 2503
1080 2504
1081 2503
1082 2504
1083 2503
1084 2509
1085 2502
1086 2502
1087 2503
1088 2502
1089 2502
1090 2513
1091 2503
1092 2509
1093 2512
1094 2512
1095 2505
1096 2504
1097 2509
1098 2510
1099 2510
1100 2506
1101 2503
1102 2511
1103 2506
1104 2506
1105 2505
1106 2505
1107 2511
1108 2507
1109 2507
1110 2510
1111 2506
1112 2512
1113 2512
1114 2506
1115 2505
1116 2506
1117 2507
1118 2507
1119 2507
1120 2507
1121 2512
1122 2512
1123 2507
1124 2507
1125 2507
1126 2507
1127 2507
1128 2507
1129 2508
1130 2507
1131 2507
1132 2507
1133 2506
1134 2506
1135 2507
1136 2509
1137 2508
1138 2508
1139 2507
1140 2508
1141 2507
1142 2507
1143 2508
1144 2507
1145 2507
1146 2507
1147 2507
1148 2508
1149 2507
1150 2507
1151 2506
1152 2513
1153 2508
1154 2507
1155 2509
1156 2508
1157 2507
1158 2508
1159 2507
1160 2508
1161 2508
1162 2508
1163 2509
1164 2509
1165 2509
1166 2508
1167 2509
1168 2510
1169 2509
1170 2511
1171 2509
1172 2508
1173 2507
1174 2507
1175 2507
1176 2508
1177 2508
1178 2508
1179 2508
1180 2509
1181 2508
1182 2511
1183 2508
1184 2508
1185 2508
1186 2509
1187 2509
1188 2510
1189 2509
1190 2511
1191 2510
1192 2510
1193 2511
1194 2512
1195 2509
1196 2510
1197 2509
1198 2509
1199 2518
1200 2509
1201 2509
1202 2509
1203 2508
1204 2508
1205 2507
1206 2508
1207 2509
1208 2509
1209 2508
1210 2509
1211 2510
1212 2509
1213 2509
1214 2508
1215 2509
1216 2509
1217 2508
1218 2508
1219 2508
1220 2508
1221 2509
1222 2513
1223 2509
1224 2510
1225 2509
1226 2511
1227 2508
1228 2508
1229 2508
1230 2509
1231 2508
1232 2508
1233 2508
1234 2510
1235 2508
1236 2509
1237 2509
1238 2509
1239 2509
1240 2509
1241 2509
1242 2510
1243 2510
1244 2509
1245 2509
1246 2509
1247 2509
1248 2509
1249 2508
1250 2509
1251 2509
1252 2508
1253 2511
1254 2511
1255 2508
1256 2508
1257 2508
1258 2509
1259 2509
1260 2509
1261 2511
1262 2510
1263 2509
1264 2510
1265 2515
1266 2508
1267 2516
1268 2510
1269 2510
1270 2509
1271 2510
1272 2510
1273 2512
1274 2512
1275 2513
1276 2511
1277 2510
1278 2511
1279 2511
1280 2510
1281 2510
1282 2510
1283 2509
1284 2510
1285 2510
1286 2510
1287 2510
1288 2511
1289 2509
1290 2510
1291 2512
1292 2509
1293 2513
1294 2511
1295 2511
1296 2512
1297 2512
1298 2512
1299 2511
1300 2511
1301 2511
1302 2511
1303 2509
1304 2509
1305 2509
1306 2509
1307 2509
1308 2509
1309 2508
1310 2508
1311 2507
1312 2507
1313 2507
1314 2506
1315 2505
1316 2506
1317 2505
1318 2506
1319 2506
1320 2506
1321 2506
1322 2506
1323 2505
1324 2506
1325 2506
1326 2505
1327 2507
1328 2506
1329 2506
1330 2506
1331 2505
1332 2505
1333 2505
1334 2505
1335 2505
1336 2505
1337 2505
1338 2509
1339 2504
1340 2518
1341 2504
1342 2508
1343 2507
1344 2509
1345 2505
1346 2506
1347 2507
1348 2506
1349 2506
1350 2507
1351 2508
1352 2506
1353 2506
1354 2507
1355 2506
1356 2508
1357 2508
1358 2507
1359 2506
1360 2506
1361 2506
1362 2506
1363 2506
1364 2506
1365 2506
1366 2506
1367 2507
1368 2507
1369 2509
1370 2509
1371 2508
1372 2510
1373 2515
1374 2507
1375 2506
1376 2506
1377 2505
1378 2506
1379 2505
1380 2505
1381 2506
1382 2506
1383 2507
1384 2507
1385 2507
1386 2507
1387 2508
1388 2507
1389 2508
1390 2508
1391 2509
1392 2508
1393 2507
1394 2507
1395 2507
1396 2507
1397 2508
1398 2509
1399 2509
1400 2510
1401 2510
1402 2509
1403 2508
1404 2509
1405 2510
1406 2508
1407 2508
1408 2509
1409 2509
1410 2508
1411 2508
1412 2508
1413 2508
1414 2508
1415 2509
1416 2509
1417 2509
1418 2509
1419 2507
1420 2507
1421 2507
1422 2507
1423 2508
1424 2508
1425 2507
1426 2508
1427 2507
1428 2508
1429 2508
1430 2509
1431 2507
1432 2507
1433 2508
1434 2508
1435 2508
1436 2507
1437 2509
1438 2506
1439 2508
1440 2508
1441 2508
1442 2507
1443 2508
1444 2508
1445 2507
1446 2506
1447 2506
1448 2507
1449 2507
1450 2506
1451 2506
1452 2505
1453 2505
1454 2509
1455 2510
1456 2505
1457 2505
1458 2505
1459 2506
1460 2505
1461 2506
1462 2506
1463 2507
1464 2506
1465 2506
1466 2508
1467 2508
1468 2505
1469 2506
1470 2505
1471 2505
1472 2505
1473 2505
1474 2505
1475 2505
1476 2505
1477 2505
1478 2505
1479 2505
1480 2505
1481 2505
1482 2505
1483 2505
1484 2505
1485 2504
1486 2504
1487 2504
1488 2505
1489 2505
1490 2504
1491 2504
1492 2504
1493 2504
1494 2504
1495 2504
1496 2504
1497 2506
1498 2505
1499 2504
1500 2504
1501 2504
1502 2504
1503 2505
1504 2505
1505 2503
1506 2506
1507 2505
1508 2504
1509 2504
1510 2504
1511 2504
1512 2504
1513 2504
1514 2504
1515 2504
1516 2504
1517 2504
1518 2504
1519 2504
1520 2504
1521 2504
1522 2503
1523 2503
1524 2503
1525 2503
1526 2507
1527 2504
1528 2505
1529 2506
1530 2509
1531 2508
1532 2508
1533 2508
1534 2509
1535 2508
1536 2508
1537 2506
1538 2511
1539 2506
1540 2511
1541 2509
1542 2506
1543 2507
1544 2505
1545 2505
1546 2504
1547 2504
1548 2504
1549 2504
1550 2504
1551 2505
1552 2504
1553 2503
1554 2503
1555 2503
1556 2503
1557 2504
1558 2504
1559 2503
1560 2503
1561 2503
1562 2503
1563 2503
1564 2503
1565 2503
1566 2503
1567 2502
1568 2502
1569 2503
1570 2503
1571 2502
1572 2502
1573 2501
1574 2502
1575 2502
1576 2502
1577 2502
1578 2502
1579 2502

402 9999
403 9999
404 9999
405 9999
406 9999
407 9999
408 9999
409 9999
410 9999
411 9999
412 9999
413 9999
414 9999
415 2519
416 9999
417 2513
418 9999
419 9999
420 9999
421 2517
422 2519
423 2524
424 2517
425 2519
426 2520
427 2519
428 2517
429 9999
430 2519
431 2519
432 2518
433 2519
434 2518
435 9999
436 9999
437 2515
438 2512
439 9999
440 2519
441 2512
442 2520
443 2514
444 2519
445 2517
446 2519
447 2520
448 2521
449 2520
450 2520
451 2520
452 2514
453 2520
454 2521
455 2521
456 2522
457 2522
458 2521
459 2521
460 2522
461 2521
462 2521
463 2522
464 2518
465 2516
466 2515
467 2522
468 2522
469 2517
470 2517
471 2521
472 2530
473 2516
474 2520
475 2517
476 2529
477 2516
478 2523
479 2521
480 2528
481 2523
482 2516
483 2516
484 2525
485 2521
486 2517
487 2518
488 2520
489 2520
490 2519
491 2521
492 2518
493 2519
494 2516
495 2517
496 2520
497 2520
498 2519
499 2517
500 2531
501 2528
502 2520
503 2526
504 2526
505 2517
506 2521
507 2521
508 2519
509 2517
510 2517
511 2522
512 2517
513 2523
514 2517
515 2525
516 2518
517 2521
518 2521
519 2522
520 2529
521 2526
522 2517
523 2517
524 2519
525 2518
526 2526
527 2522
528 2521
529 2522
530 2530
531 2518
532 2523
533 2519
534 2519
535 2518
536 2520
537 2530
538 2523
539 2531
540 2524
541 2524
542 2529
543 2526
544 2518
545 2524
546 2518
547 2524
548 2524
549 2522
550 2530
551 2522
552 2532
553 2532
554 2530
555 2528
556 2533
557 2528
558 2531
559 2527
560 2526
561 2525
562 2525
563 2525
564 2526
565 2524
566 2521
567 2524
568 2521
569 2534
570 2530
571 2534
572 2522
573 2531
574 2532
575 2533
576 2531
577 2525
578 2534
579 2523
580 2534
581 2534
582 2528
583 2532
584 2538
585 2538
586 2527
587 2535
588 2533
589 2533
590 2534
591 2534
592 2529
593 2534
594 2533
595 2532
596 2540
597 2536
598 2534
599 2535
600 2537
601 2533
602 2534
603 2529
604 2533
605 2542
606 2530
607 2537
608 2533
609 2539
610 2531
611 2536
612 2535
613 2534
614 2534
615 2536
616 2535
617 2536
618 2537
619 2536
620 2537
621 2538
622 2538
623 2543
624 2536
625 2541
626 2537
627 2539
628 2542
629 2542
630 2542
631 2544
632 2544
633 2540
634 2536
635 2540
636 2548
637 2541
638 2539
639 2541
640 2541
641 2538
642 2538
643 2545
644 2539
645 2550

