5 2507
6 2507
7 2507
8 2507
9 2507
10 2507
11 2506
12 2506
13 2506
14 2506
15 2506
16 2506
17 2505
18 2506
19 2505
20 2505
21 2505
22 2505
23 2505
24 2505
25 2505
26 2505
27 2505
28 2505
29 2505
30 2505
31 2505
32 2505
33 2505
34 2504
35 2505
36 2504
37 2504
38 2504
39 2504
40 2504
41 2504
42 2503
43 2503
44 2504
45 2503
46 2503
47 2503
48 2503
49 2503
50 2503
51 2503
52 2503
53 2502
54 2503
55 2502
56 2502
57 2502
58 2502
59 2502
60 2502
61 2502
62 2502
63 2502
64 2502
65 2502
66 2502
67 2502
68 2502
69 2502
70 2502
71 2502
72 2502
73 2502
74 2502
75 2502
76 2502
77 2502
78 2502
79 2502
80 2502
81 2502
82 2502
83 2503
84 2502
85 2502
86 2503
87 2503
88 2503
89 2503
90 2503
91 2503
92 2503
93 2503
94 2503
95 2503
96 2504
97 2504
98 2504
99 2504
100 2504
101 2504
102 2504
103 2504
104 2504
105 2504
106 2504
107 2504
108 2504
109 2504
110 2504
111 2505
112 2505
113 2505
114 2504
115 2505
116 2504
117 2505
118 2504
119 2505
120 2504
121 2504
122 2504
123 2504
124 2505
125 2505
126 2504
127 2505
128 2505
129 2505
130 2505
131 2504
132 2505
133 2505
134 2505
135 2504
136 2504
137 2504
138 2504
139 2503
140 2503
141 2503
142 2502
143 2502
144 2502
145 2502
146 2502
147 2502
148 2501
149 2501
150 2501
151 2501
152 2501
153 2501
154 2501
155 2500
156 2500
157 2500
158 2500
159 2500
160 2500
161 2500
162 2500
163 2500
164 2500
165 2500
166 2500
167 2500
168 2500
169 2500
170 2500
171 2500
172 2500
173 2500
174 2500
175 2500
176 2500
177 2501
178 2501
179 2501
180 2501
181 2501
182 2501
183 2501
184 2501
185 2502
186 2502
187 2502
188 2502
189 2501
190 2501
191 2501
192 2501
193 2501
194 2501
195 2501
196 2501
197 2501
198 2501
199 2501
200 2501
201 2502
202 2502
203 2502
204 2502
205 2502
206 2502
207 2502
208 2502
209 2502
210 2501
211 2503
212 2502
213 2502
214 2502
215 2502
216 2502
217 2502
218 2503
219 2503
220 2503
221 2503
222 2503
223 2503
224 2503
225 2503
226 2503
227 2503
228 2503
229 2504
230 2504
231 2504
232 2503
233 2503
234 2503
235 2503
236 2504
237 2504
238 2504
239 2504
240 2503
241 2504
242 2504
243 2504
244 2503
245 2503
246 2503
247 2504
248 2504
249 2504
250 2504
251 2505
252 2504
253 2504
254 2504
255 2504
256 2504
257 2503
258 2503
259 2503
260 2504
261 2504
262 2504
263 2504
264 2504
265 2503
266 2503
267 2504
268 2502
269 2503
270 2503
271 2503
272 2503
273 2503
274 2503
275 2503
276 2503
277 2503
278 2503
279 2503
280 2503
281 2503
282 2503
283 2503
284 2503
285 2503
286 2503
287 2503
288 2503
289 2503
290 2503
291 2503
292 2503
293 2505
294 2504
295 2504
296 2503
297 2503
298 2504
299 2503
300 2503
301 2502
302 2502
303 2503
304 2503
305 2503
306 2502
307 2502
308 2502
309 2502
310 2503
311 2503
312 2502
313 2503
314 2502
315 2502
316 2502
317 2502
318 2502
319 2502
320 2502
321 2502
322 2502
323 2502
324 2502
325 2502
326 2502
327 2501
328 2502
329 2501
330 2502
331 2502
332 2501
333 2501
334 2501
335 2501
336 2501
337 2501
338 2501
339 2501
340 2501
341 2501
342 2501
343 2501
344 2501
345 2501
346 2501
347 2501
348 2501
349 2501
350 2501
351 2501
352 2501
353 2501
354 2501
355 2501
356 2501
357 2501
358 2501
359 2501
360 2501
361 2501
362 2501
363 2501
364 2501
365 2501
366 2501
367 2501
368 2501
369 2501
370 2501
371 2502
372 2502
373 2501
374 2502
375 2502
376 2501
377 2501
378 2502
379 2501
380 2502
381 2502
382 2501
383 2501
384 2502
385 2502
386 2502
387 2502
388 2501
389 2501
390 2501
391 2501
392 2501
393 2501
394 2501
395 2501
396 2500
397 2500
398 2500
399 2500
400 2500
401 2500
402 2500
403 2500
404 2500
405 2500
406 2500
407 2500
408 2500
409 2500
410 2500
411 2499
412 2500
413 2500
414 2499
415 2499
416 2499
417 2499
418 2499
419 2499
420 2499
421 2498
422 2498
423 2498
424 2497
425 2497
426 2497
427 2497
428 2496
429 2497
430 2496
431 2496
432 2495
433 2496
434 2495
435 2495
436 2495
437 2494
438 2494
439 2494
440 2494
441 2494
442 2494
443 2494
444 2494
445 2494
446 2494
447 2494
448 2494
449 2494
450 2494
451 2494
452 2494
453 2494
454 2494
455 2494
456 2494
457 2494
458 2494
459 2494
460 2494
461 2495
462 2495
463 2495
464 2495
465 2496
466 2496
467 2497
468 2497
469 2497
470 2497
471 2497
472 2498
473 2498
474 2498
475 2499
476 2499
477 2499
478 2499
479 2500
480 2500
481 2499
482 2500
483 2500
484 2500
485 2500
486 2500
487 2501
488 2500
489 2501
490 2501
491 2501
492 2501
493 2501
494 2501
495 2501
496 2501
497 2501
498 2501
499 2501
500 2501
501 2501
502 2502
503 2502
504 2501
505 2501
506 2501
507 2501
508 2501
509 2501
510 2501
511 2501
512 2501
513 2501
514 2502
515 2502
516 2502
517 2501
518 2501
519 2501
520 2501
521 2501
522 2501
523 2501
524 2501
525 2501
526 2501
527 2501
528 2501
529 2501
530 2501
531 2501
532 2501
533 2501
534 2501
535 2501
536 2501
537 2501
538 2501
539 2502
540 2501
541 2501
542 2502
543 2502
544 2502
545 2501
546 2502
547 2501
548 2501
549 2501
550 2501
551 2501
552 2501
553 2501
554 2501
555 2501
556 2500
557 2501
558 2501
559 2501
560 2502
561 2501
562 2501
563 2501
564 2501
565 2500
566 2501
567 2501
568 2501
569 2500
570 2501
571 2504
572 2500
573 2501
574 2501
575 2500
576 2503
577 2501
578 2501
579 2499
580 2500
581 2500
582 2500
583 2500
584 2499
585 2501
586 2499
587 2499
588 2500
589 2499
590 2508
591 2503
592 2501
593 2499
594 2499
595 2500
596 2500
597 2500
598 2500
599 2501
600 2501
601 2499
602 2501
603 2501
604 2501
605 2501
606 2501
607 2501
608 2500
609 2503
610 2503
611 2501
612 2502
613 2501
614 2502
615 2503
616 2503
617 2503
618 2501
619 2502
620 2502
621 2501
622 2502
623 2502
624 2501
625 2501
626 2502
627 2502
628 2502
629 2502
630 2502
631 2502
632 2502
633 2502
634 2504
635 2501
636 2503
637 2503
638 2501
639 2502
640 2501
641 2503
642 2502
643 2502
644 2502
645 2502
646 2502
647 2503
648 2503
649 2502
650 2503
651 2503
652 2502
653 2502
654 2503
655 2502
656 2502
657 2503
658 2502
659 2502
660 2502
661 2502
662 2502
663 2503
664 2503
665 2503
666 2503
667 2502
668 2503
669 2503
670 2503
671 2503
672 2502
673 2502
674 2502
675 2502
676 2502
677 2502
678 2502
679 2502
680 2502
681 2502
682 2501
683 2502
684 2502
685 2502
686 2502
687 2502
688 2501
689 2502
690 2502
691 2502
692 2502
693 2501
694 2501
695 2502
696 2502
697 2502
698 2502
699 2502
700 2503
701 2503
702 2504
703 2503
704 2507
705 2503
706 2503
707 2502
708 2505
709 2506
710 2501
711 2502
712 2502
713 2502
714 2503
715 2504
716 2503
717 2504
718 2503
719 2504
720 2503
721 2503
722 2503
723 2503
724 2503
725 2503
726 2503
727 2503
728 2502
729 2502
730 2502
731 2509
732 2502
733 2504
734 2504
735 2502
736 2506
737 2504
738 2505
739 2508
740 2516
741 2503
742 2503
743 2504
744 2503
745 2504
746 2505
747 2505
748 2507
749 2513
750 2507
751 2506
752 2504
753 2504
754 2504
755 2504
756 2510
757 2505
758 2506
759 2504
760 2506
761 2505
762 2505
763 2504
764 2506
765 2505
766 2505
767 2505
768 2504
769 2505
770 2505
771 2506
772 2505
773 2507
774 2506
775 2506
776 2506
777 2506
778 2506
779 2506
780 2506
781 2506
782 2506
783 2506
784 2506
785 2511
786 2507
787 2508
788 2510
789 2508
790 2506
791 2507
792 2507
793 2508
794 2506
795 2506
796 2509
797 2510
798 2507
799 2514
800 2518
801 2510
802 2511
803 2512
804 2511
805 2514
806 2513
807 2510
808 2510
809 2514
810 2517
811 2515
812 2515
813 2516
814 2515
815 2514
816 2513
817 2517
818 2515
819 2512
820 2512
821 2515
822 2519
823 2511
824 2515
825 2515
826 2521
827 2512
828 2515
829 2512
830 2512
831 2513
832 2512
833 2513
834 2514
835 2514
836 2514
837 2510
838 2515
839 2511
840 2509
841 2510
842 2509
843 2510
844 2513
845 2510
846 2512
847 2512
848 2512
849 2510
850 2511
851 2510
852 2511
853 2511
854 2511
855 2511
856 2511
857 2511
858 2509
859 2509
860 2514
861 2509
862 2510
863 2507
864 2508
865 2512
866 2509
867 2509
868 2509
869 2510
870 2509
871 2510
872 2511
873 2511
874 2512
875 2512
876 2512
877 2512
878 2513
879 2513
880 2514
881 2512
882 2513
883 2513
884 2515
885 2514
886 2513
887 2518
888 2509
889 2514
890 2510
891 2511
892 2512
893 2511
894 2511
895 2511
896 2511
897 2511
898 2512
899 2513
900 2512
901 2514
902 2516
903 2517
904 2515
905 2512
906 2513
907 2512
908 2512
909 2511
910 2511
911 2512
912 2512
913 2512
914 2513
915 2513
916 2513
917 2512
918 2513
919 2513
920 2513
921 2513
922 2513
923 2513
924 2517
925 2518
926 2516
927 2513
928 2512
929 2518
930 2511
931 2513
932 2518
933 2513
934 2518
935 2518
936 2519
937 2518
938 2514
939 2520
940 2514
941 2513
942 2513
943 2512
944 2516
945 2514
946 2514
947 2517
948 2513
949 2518
950 2516
951 2516
952 2511
953 2513
954 2518
955 2512
956 2512
957 2518
958 2513
959 2513
960 2512
961 2512
962 2513
963 2513
964 2513
965 2511
966 2513
967 2515
968 2514
969 2516
970 2511
971 2510
972 2515
973 2514
974 2511
975 2513
976 2511
977 2513
978 2513
979 2513
980 2516
981 2513
982 2512
983 2515
984 2516
985 2512
986 2513
987 2511
988 2513
989 2512
990 2514
991 2514
992 2520
993 2513
994 2513
995 2511
996 2511
997 2511
998 2512
999 2513
1000 2519
1001 2513
1002 2512
1003 2512
1004 2512
1005 2513
1006 2514
1007 2512
1008 2513
1009 2513
1010 2513
1011 2515
1012 2516
1013 2516
1014 2512
1015 2513
1016 2515
1017 2516
1018 2516
1019 2516
1020 2514
1021 2514
1022 2517
1023 2514
1024 2515
1025 2514
1026 2516
1027 2513
1028 2515
1029 2514
1030 2515
1031 2514
1032 2513
1033 2514
1034 2515
1035 2517
1036 2519
1037 2515
1038 2515
1039 2521
1040 2514
1041 2516
1042 2517
1043 2516
1044 2518
1045 2522
1046 2517
1047 2516
1048 2518
1049 2517
1050 2519
1051 2518
1052 2518
1053 2518
1054 2521
1055 2520
1056 2520
1057 2519
1058 2520
1059 2520
1060 2521
1061 2519
1062 2520
1063 2518
1064 2523
1065 2522
1066 2518
1067 2522
1068 2517
1069 2518
1070 2518
1071 2518
1072 2522
1073 2521
1074 2519
1075 2521
1076 2521
1077 2520
1078 2519
1079 2519
1080 2520
1081 2518
1082 2517
1083 2517
1084 2517
1085 2517
1086 2516
1087 2514
1088 2530
1089 2514
1090 2525
1091 2521
1092 2516
1093 2523
1094 2515
1095 2515
1096 2516
1097 2516
1098 2516
1099 2516
1100 2517
1101 2517
1102 2515
1103 2514
1104 2513
1105 2522
1106 2522
1107 2521
1108 2512
1109 2515
1110 2517
1111 2519
1112 2516
1113 2515
1114 2514
1115 2513
1116 2521
1117 2520
1118 2518
1119 2512
1120 2512
1121 2511
1122 2511
1123 2511
1124 2510
1125 2511
1126 2509
1127 2509
1128 2510
1129 2509
1130 2524
1131 2521
1132 2509
1133 2521
1134 2521
1135 2520
1136 2511
1137 2518
1138 2513
1139 2513
1140 2513
1141 2513
1142 2513
1143 2513
1144 2511
1145 2511
1146 2511
1147 2511
1148 2510
1149 2509
1150 2509
1151 2509
1152 2509
1153 2508
1154 2509
1155 2509
1156 2509
1157 2508
1158 2506
1159 2508
1160 2509
1161 2509
1162 2507
1163 2508
1164 2507
1165 2507
1166 2507
1167 2507
1168 2508
1169 2509
1170 2509
1171 2508
1172 2507
1173 2507
1174 2507
1175 2508
1176 2508
1177 2520
1178 2511
1179 2513
1180 2507
1181 2519
1182 2513
1183 2512
1184 2511
1185 2511
1186 2515
1187 2510
1188 2510
1189 2512
1190 2512
1191 2513
1192 2514
1193 2512
1194 2512
1195 2521
1196 2513
1197 2514
1198 2517
1199 2514
1200 2515
1201 2515
1202 2521
1203 2516
1204 2515
1205 2516
1206 2516
1207 2517
1208 2519
1209 2520
1210 2518
1211 2518
1212 2516
1213 2517
1214 2525
1215 2521
1216 2516
1217 2525
1218 2525
1219 2518
1220 2519
1221 2519
1222 2518
1223 2518
1224 2518
1225 2526
1226 2519
1227 2519
1228 2525
1229 2519
1230 2519
1231 2519
1232 2518
1233 2518
1234 2518
1235 2518
1236 2528
1237 2516
1238 2516
1239 2516
1240 2517
1241 2518
1242 2518
1243 2519
1244 2518
1245 2519
1246 2518
1247 2518
1248 2525
1249 2520
1250 2517
1251 2518
1252 2523
1253 2518
1254 2518
1255 2518
1256 2521
1257 2527
1258 2527
1259 2519
1260 2520
1261 2519
1262 2519
1263 2520
1264 2517
1265 2517
1266 2517
1267 2518
1268 2517
1269 2516
1270 2518
1271 2517
1272 2517
1273 2517
1274 2519
1275 2519
1276 2518
1277 2516
1278 2518
1279 2517
1280 2517
1281 2517
1282 2517
1283 2518
1284 2517
1285 2517
1286 2517
1287 2516
1288 2517
1289 2517
1290 2517
1291 2516
1292 2515
1293 2515
1294 2515
1295 2515
1296 2514
1297 2514
1298 2513
1299 2513
1300 2531
1301 2525
1302 2532

1 9999
2 9999
3 9999
4 9999
5 2525
6 2525
7 2526
8 2525
9 2526
10 2525
11 2525
12 2525
13 2524
14 2524
15 2520
16 2519
17 2533
18 2519
19 2520
20 2523
21 2523
22 2523
23 2523
24 2523
25 2524
26 2523
27 2524
28 2525
29 2524
30 2525
31 2524
32 2524
33 2524
34 2524
35 2519
36 2519
37 2523
38 2528
39 2524
40 2521
41 2526
42 2526
43 2524
44 2524
45 2519
46 2521
47 2518
48 2519
49 2528
50 2529
51 2524
52 2518
53 2520
54 2524
55 2523
56 2522
57 2518
58 2523
59 2532
60 2532
61 2518
62 2523
63 2523
64 2524
65 2523
66 2524
67 2518
68 2521
69 2524
70 2523
71 2522
72 2522
73 2528
74 2523
75 2523
76 2522
77 2524
78 2524
79 2524
80 2523
81 2523
82 2524
83 2526
84 2524
85 2523
86 2523
87 2524
88 2523
89 2523
90 2522
91 2521
92 2518
93 2523
94 2523
95 2523
96 2526
97 2522
98 2521
99 2526
100 2523
101 2523
102 2523
103 2523
104 2523
105 2523
106 2521
107 2529
108 2530
109 2522
110 2524
111 2527
112 2523
113 2524
114 2524
115 2524
116 2525
117 2526
118 2525
119 2521
120 2526
121 2525
122 2523
123 2524
124 2517
125 2520
126 2520
127 2525
128 2525
129 2525
130 2526
131 2526
132 2522
133 2520
134 2517
135 2525
136 2525
137 2525
138 2525
139 2524
140 2525
141 2522
142 2524
143 2524
144 2523
145 2524
146 2523
147 2523
148 2524
149 2523
150 2523
151 2526
152 2530
153 2526
154 2520
155 2531
156 2524
157 2519
158 2524
159 2526
160 2525
161 2519
162 2527
163 2525
164 2526
165 2518
166 2531
167 2518
168 2519
169 2517
170 2524
171 2527
172 2525
173 2526
174 2528
175 2527
176 2528
177 2520
178 2527
179 2527
180 2526
181 2527
182 2527
183 2526
184 2518
185 2528
186 2531
187 2527
188 2523
189 2521
190 2526
191 2531
192 2530
193 2522
194 2527
195 2518
196 2527
197 2527
198 2526
199 2526
200 2526
201 2526
202 2528
203 2532
204 2526
205 2532
206 2529
207 2530
208 2533
209 2527
210 2522
211 2526
212 2526
213 2525
214 2524
215 2525
216 2526
217 2526
218 2526
219 2527
220 2527
221 2527
222 2526
223 2526
224 2526
225 2527
226 2527
227 2526
228 2527
229 2528
230 2528
231 2527
232 2527
233 2527
234 2528
235 2527
236 2525
237 2528
238 2526
239 2527
240 2526
241 2526
242 2527
243 2526
244 2527
245 2529
246 2526
247 2528
248 2527
249 2526
250 2526
251 2526
252 2521
253 2527
254 2527
255 2525
256 2532
257 2530
258 2532
259 2525
260 2530
261 2519
262 2522
263 2525
264 2528
265 2526
266 2526
267 2525
268 2524
269 2524
270 2525
271 2532
272 2528
273 2525
274 2525
275 2525
276 2525
277 2524
278 2524
279 2524
280 2533
281 2526
282 2525
283 2526
284 2522
285 2528
286 2527
287 2527
288 2524
289 2527
290 2531
291 2530
292 2525
293 2527
294 2526
295 2526
296 2526
297 2526
298 2526
299 2526
300 2527
301 2527
302 2535
303 2526
304 2528
305 2527
306 2528
307 2530
308 2530
309 2528
310 2528
311 2528
312 2527
313 2529
314 2529
315 2529
316 2529
317 2529
318 2529
319 2527
320 2529
321 2524
322 2529
323 2529
324 2529
325 2534
326 2530
327 2530
328 2529
329 2532
330 2530
331 2530
332 2530
333 2537
334 2531
335 2531
336 2531
337 2531
338 2539
339 2530
340 2530
341 2531
342 2529
343 2532
344 2533
345 2530
346 2531
347 2537
348 2534
349 2536
350 2532
351 2535
352 2528
353 2531
354 2532
355 2533
356 2530
357 2530
358 2528
359 2531
360 2532
361 2533
362 2533
363 2535
364 2530
365 2527
366 2537
367 2531
368 2530
369 2532
370 2529
371 2532
372 2532
373 2533
374 2531
375 2529
376 2533
377 2534
378 2533
379 2528
380 2529
381 2536
382 2534
383 2529
384 2537
385 2528
386 2530
387 2535
388 2531
389 2526
390 2530
391 2537
392 2535
393 2534
394 2525
395 2532
396 2528
397 2526
398 2527
399 2529
400 2524
401 2530
402 2524
403 2528
404 2524
405 2529
406 2529
407 2529
408 2529
409 2533
410 2533
411 2528
412 2529
413 2530
414 2530
415 2523
416 2522
417 2536
418 2526
419 2525
420 2529
421 2528
422 2528
423 2524
424 2528
425 2527
426 2527
427 2527
428 2526
429 2526
430 2520
431 2524
432 2521
433 2523
434 2532
435 2524
436 2525
437 2526
438 2526
439 2525
440 2528
441 2528
442 2527
443 2528
444 2527
445 2527
446 2517
447 2517
448 2517
449 2521
450 2527
451 2518
452 2524
453 2524
454 2524
455 2523
456 2524
457 2527
458 2523
459 2521
460 2524
461 2523
462 2525
463 2524
464 2526
465 2526
466 2529
467 2519
468 2523
469 2533
470 2531
471 2529
472 2528
473 2527
474 2528
475 2530
476 2532
477 2529
478 2529
479 2527
480 2531
481 2527
482 2529
483 2530
484 2531
485 2531
486 2536
487 2531
488 2529
489 2530
490 2530
491 2532
492 2531
493 2530
494 2531
495 2530
496 2530
497 2531
498 2537
499 2531
500 2529
501 2535
502 2532
503 2524
504 2536
505 2530
506 2529
507 2524
508 2531
509 2529
510 2537
511 2531
512 2528
513 2532
514 2532
515 2532
516 2531
517 2534
518 2534
519 2531
520 2527
521 2531
522 2531
523 2531
524 2536
525 2531
526 2531
527 2532
528 2530
529 2532
530 2531
531 2531
532 2531
533 2530
534 2531
535 2537
536 2532
537 2534
538 2533
539 2532
540 2528
541 2531
542 2538
543 2527
544 2530
545 2533
546 2525
547 2526
548 2531
549 2530
550 2533
551 2530
552 2533
553 2530
554 2537
555 2532
556 2533
557 2531
558 2532
559 2537
560 2532
561 2530
562 2535
563 2530
564 2531
565 2528
566 2535
567 2533
568 2531
569 2538
570 2540
571 2536
572 2537
573 2535
574 2528
575 2531
576 2526
577 2526
578 2531
579 2538
580 2539
581 2526
582 2529
583 2537
584 2526
585 2526
586 2528
587 2526
588 2526
589 2535
590 2527
591 2526
592 2526
593 2540
594 2538
595 2539
596 2540
597 2534
598 2528
599 2527
600 2537
601 2533
602 2531
603 2531
604 2532
605 2540
606 2539
607 2531
608 2528
609 2530
610 2540
611 2531
612 2534
613 2532
614 2532
615 2531
616 2530
617 2529
618 2527
619 2534
620 2530
621 2531
622 2527
623 2534
624 2530
625 2540
626 2535
627 2527
628 2534
629 2533
630 2533
631 2533
632 2540
633 2537
634 2535
635 2527
636 2541
637 2528
638 2533
639 2533
640 2528
641 2533
642 2533
643 2540
644 2529
645 2540
646 2533
647 2528
648 2536
649 2537
650 2527
651 2528
652 2533
653 2536
654 2540
655 2528

