5246 2509
5247 2509
5248 2509
5249 2512
5250 2509
5251 2510
5252 2510
5253 2510
5254 2509
5255 2510
5256 2512
5257 2511
5258 2509
5259 2509
5260 2509
5261 2509
5262 2518
5263 2508
5264 2509
5265 2508
5266 2508
5267 2511
5268 2513
5269 2509
5270 2508
5271 2512
5272 2510
5273 2509
5274 2510
5275 2512
5276 2510
5277 2509
5278 2512
5279 2512
5280 2512
5281 2512
5282 2510
5283 2511
5284 2508
5285 2508
5286 2507
5287 2508
5288 2517
5289 2509
5290 2510
5291 2508
5292 2514
5293 2515
5294 2518
5295 2518
5296 2511
5297 2512
5298 2517
5299 2520
5300 2508
5301 2507
5302 2516
5303 2506
5304 2507
5305 2507
5306 2508
5307 2506
5308 2507
5309 2507
5310 2509
5311 2510
5312 2508
5313 2509
5314 2506
5315 2509
5316 2508
5317 2508
5318 2509
5319 2513
5320 2509
5321 2510
5322 2510
5323 2510
5324 2510
5325 2510
5326 2510
5327 2510
5328 2509
5329 2509
5330 2509
5331 2511
5332 2510
5333 2510
5334 2511
5335 2511
5336 2509
5337 2509
5338 2510
5339 2510
5340 2509
5341 2509
5342 2513
5343 2509
5344 2510
5345 2510
5346 2509
5347 2509
5348 2509
5349 2509
5350 2509
5351 2509
5352 2510
5353 2509
5354 2509
5355 2509
5356 2509
5357 2509
5358 2509
5359 2509
5360 2509
5361 2509
5362 2509
5363 2509
5364 2509
5365 2509
5366 2511
5367 2508
5368 2509
5369 2508
5370 2512
5371 2509
5372 2512
5373 2509
5374 2509
5375 2509
5376 2508
5377 2509
5378 2508
5379 2508
5380 2508
5381 2508
5382 2508
5383 2508
5384 2510
5385 2510
5386 2510
5387 2509
5388 2509
5389 2508
5390 2508
5391 2507
5392 2507
5393 2507
5394 2506
5395 2506
5396 2506
5397 2507
5398 2506
5399 2506
5400 2507
5401 2506
5402 2506
5403 2507
5404 2507
5405 2506
5406 2506
5407 2506
5408 2506
5409 2506
5410 2506
5411 2506
5412 2506
5413 2506
5414 2506
5415 2506
5416 2506
5417 2506
5418 2506
5419 2505
5420 2506
5421 2506
5422 2506
5423 2506
5424 2506
5425 2506
5426 2505
5427 2506
5428 2505
5429 2506
5430 2506
5431 2506
5432 2506
5433 2506
5434 2505
5435 2506
5436 2505
5437 2506
5438 2506
5439 2506
5440 2506
5441 2506
5442 2506
5443 2505
5444 2506
5445 2506
5446 2506
5447 2506
5448 2506
5449 2506
5450 2506
5451 2506
5452 2506
5453 2506
5454 2506
5455 2506
5456 2506
5457 2506
5458 2506
5459 2506
5460 2506
5461 2506
5462 2506
5463 2505
5464 2505
5465 2506
5466 2505
5467 2505
5468 2505
5469 2505
5470 2505
5471 2505
5472 2505
5473 2505
5474 2505
5475 2504
5476 2505
5477 2504
5478 2505
5479 2505
5480 2504
5481 2504
5482 2504
5483 2504
5484 2504
5485 2504
5486 2504
5487 2504
5488 2504
5489 2504
5490 2504
5491 2504
5492 2504
5493 2504
5494 2504
5495 2504
5496 2504
5497 2504
5498 2504
5499 2504
5500 2504
5501 2504
5502 2504
5503 2504
5504 2504
5505 2504
5506 2504
5507 2504
5508 2504
5509 2504
5510 2504
5511 2504
5512 2504
5513 2504
5514 2504
5515 2505
5516 2504
5517 2504
5518 2504
5519 2504
5520 2504
5521 2504
5522 2504
5523 2504
5524 2504
5525 2505
5526 2504
5527 2504
5528 2505
5529 2504
5530 2505
5531 2504
5532 2505
5533 2504
5534 2504
5535 2504
5536 2504
5537 2504
5538 2504
5539 2504
5540 2504
5541 2504
5542 2504
5543 2504
5544 2504
5545 2504
5546 2503
5547 2503
5548 2504
5549 2503
5550 2503
5551 2503
5552 2503
5553 2503
5554 2503
5555 2503
5556 2503
5557 2502
5558 2502
5559 2502
5560 2502
5561 2502
5562 2502
5563 2502
5564 2502
5565 2502
5566 2502
5567 2502
5568 2502
5569 2502
5570 2502
5571 2502
5572 2502
5573 2502
5574 2502
5575 2502
5576 2502
5577 2502
5578 2502
5579 2503
5580 2502
5581 2502
5582 2502
5583 2502
5584 2502
5585 2503
5586 2502
5587 2503
5588 2502
5589 2502
5590 2502
5591 2502
5592 2502
5593 2502
5594 2502
5595 2502
5596 2502
5597 2502
5598 2502
5599 2502
5600 2502
5601 2502
5602 2502
5603 2502
5604 2502
5605 2502
5606 2502
5607 2502
5608 2501
5609 2502
5610 2502
5611 2502
5612 2502
5613 2501
5614 2502
5615 2502
5616 2501
5617 2502
5618 2501
5619 2501
5620 2501
5621 2501
5622 2501
5623 2501
5624 2501
5625 2501
5626 2501
5627 2501
5628 2501
5629 2501
5630 2501
5631 2501
5632 2501
5633 2503
5634 2502
5635 2500
5636 2501
5637 2501
5638 2501
5639 2501
5640 2501
5641 2501
5642 2501
5643 2501
5644 2501
5645 2501
5646 2501
5647 2501
5648 2501
5649 2501
5650 2501
5651 2501
5652 2501
5653 2501
5654 2501
5655 2501
5656 2501
5657 2501
5658 2501
5659 2501
5660 2500
5661 2500
5662 2501
5663 2500
5664 2501
5665 2501
5666 2500
5667 2500
5668 2500
5669 2500
5670 2500
5671 2500
5672 2500
5673 2501
5674 2501
5675 2501
5676 2501
5677 2501
5678 2500
5679 2501
5680 2501
5681 2500
5682 2500
5683 2500
5684 2500
5685 2500
5686 2499
5687 2500
5688 2500
5689 2500
5690 2500
5691 2500
5692 2501
5693 2500
5694 2500
5695 2500
5696 2500
5697 2500
5698 2500
5699 2500
5700 2500
5701 2500
5702 2500
5703 2500
5704 2499
5705 2500
5706 2500
5707 2500
5708 2500
5709 2500
5710 2500
5711 2500
5712 2500
5713 2500
5714 2500
5715 2500
5716 2500
5717 2500
5718 2500
5719 2500
5720 2500
5721 2500
5722 2500
5723 2500
5724 2500
5725 2500
5726 2500
5727 2500
5728 2500
5729 2500
5730 2500
5731 2500
5732 2500
5733 2501
5734 2500
5735 2500
5736 2500
5737 2500
5738 2500
5739 2500
5740 2500
5741 2500
5742 2500
5743 2500
5744 2499
5745 2500
5746 2500
5747 2499
5748 2500
5749 2500
5750 2500
5751 2500
5752 2500
5753 2500
5754 2505
5755 2501
5756 2501
5757 2498
5758 2500
5759 2500
5760 2500
5761 2500
5762 2500
5763 2501
5764 2501
5765 2501
5766 2501
5767 2499
5768 2500
5769 2499
5770 2504
5771 2500
5772 2499
5773 2500
5774 2500
5775 2499
5776 2499
5777 2499
5778 2500
5779 2500
5780 2499
5781 2500
5782 2499
5783 2499
5784 2499
5785 2499
5786 2499
5787 2499
5788 2500
5789 2499
5790 2499
5791 2499
5792 2499
5793 2499
5794 2499
5795 2499
5796 2499
5797 2499
5798 2499
5799 2499
5800 2499
5801 2499
5802 2499
5803 2499
5804 2499
5805 2499
5806 2498
5807 2499
5808 2499
5809 2499
5810 2500
5811 2500
5812 2499
5813 2499
5814 2499
5815 2498
5816 2499
5817 2500
5818 2500
5819 2500
5820 2499
5821 2499
5822 2499
5823 2499
5824 2499
5825 2499
5826 2499
5827 2499
5828 2499
5829 2500
5830 2499
5831 2499
5832 2499
5833 2499
5834 2500
5835 2499
5836 2499
5837 2499
5838 2499
5839 2499
5840 2499
5841 2499
5842 2499
5843 2499
5844 2499
5845 2499
5846 2499
5847 2499
5848 2499
5849 2499
5850 2499
5851 2499
5852 2499
5853 2499
5854 2499
5855 2498
5856 2499
5857 2499
5858 2499
5859 2499
5860 2499
5861 2499
5862 2499
5863 2498
5864 2499
5865 2499
5866 2498
5867 2499
5868 2499
5869 2499
5870 2499
5871 2499
5872 2499
5873 2499
5874 2499
5875 2499
5876 2498
5877 2499
5878 2499
5879 2499
5880 2499
5881 2499
5882 2499
5883 2499
5884 2499
5885 2499
5886 2499
5887 2499
5888 2499
5889 2499
5890 2499
5891 2499
5892 2499
5893 2499
5894 2499
5895 2499
5896 2499
5897 2499
5898 2499
5899 2499
5900 2499
5901 2499
5902 2499
5903 2499
5904 2499
5905 2499
5906 2499
5907 2499
5908 2499
5909 2499
5910 2499
5911 2499
5912 2504
5913 2498
5914 2499
5915 2499
5916 2499
5917 2499
5918 2499
5919 2499
5920 2499
5921 2498
5922 2498
5923 2499
5924 2498
5925 2498
5926 2499
5927 2499
5928 2498
5929 2498
5930 2499
5931 2499
5932 2498
5933 2499
5934 2498
5935 2500
5936 2499
5937 2498
5938 2499
5939 2499
5940 2499
5941 2500
5942 2498
5943 2499
5944 2499
5945 2497
5946 2499
5947 2499
5948 2499
5949 2499
5950 2499
5951 2499
5952 2499
5953 2499
5954 2501
5955 2499
5956 2499
5957 2499
5958 2498
5959 2499
5960 2499
5961 2498
5962 2499
5963 2501
5964 2499
5965 2498
5966 2499
5967 2499
5968 2499
5969 2498
5970 2499
5971 2497
5972 2497
5973 2497
5974 2501
5975 2499
5976 2500
5977 2499
5978 2499
5979 2499
5980 2498
5981 2498
5982 2498
5983 2498
5984 2506
5985 2499
5986 2496
5987 2501
5988 2500
5989 2498
5990 2498
5991 2498
5992 2498
5993 2499
5994 2498
5995 2499
5996 2498
5997 2498
5998 2498
5999 2498
6000 2498
6001 2499
6002 2498
6003 2498
6004 2498
6005 2498
6006 2498
6007 2500
6008 2498
6009 2497
6010 2498
6011 2498
6012 2497
6013 2498
6014 2498
6015 2498
6016 2498
6017 2498
6018 2498
6019 2498
6020 2497
6021 2498
6022 2498
6023 2498
6024 2498
6025 2498
6026 2498
6027 2497
6028 2497
6029 2497
6030 2497
6031 2497
6032 2497
6033 2497
6034 2497
6035 2497
6036 2497
6037 2497
6038 2497
6039 2497
6040 2497
6041 2497
6042 2497
6043 2497
6044 2496
6045 2497
6046 2497
6047 2497
6048 2497
6049 2497
6050 2497
6051 2497
6052 2497
6053 2497
6054 2497
6055 2497
6056 2496
6057 2497
6058 2497
6059 2497
6060 2497
6061 2497
6062 2497
6063 2497
6064 2497
6065 2496
6066 2497
6067 2496
6068 2497
6069 2497
6070 2497
6071 2496
6072 2497
6073 2497
6074 2497
6075 2497
6076 2497
6077 2497
6078 2497
6079 2497
6080 2497
6081 2497
6082 2497
6083 2497
6084 2497
6085 2496
6086 2497
6087 2497
6088 2496
6089 2497
6090 2496
6091 2496
6092 2496
6093 2496
6094 2496
6095 2496
6096 2496
6097 2496
6098 2496
6099 2496
6100 2497
6101 2497
6102 2496
6103 2496
6104 2496
6105 2496
6106 2497
6107 2496
6108 2496
6109 2496
6110 2496
6111 2496
6112 2496
6113 2497
6114 2496
6115 2496
6116 2496
6117 2496
6118 2496
6119 2496
6120 2496
6121 2496
6122 2496
6123 2496
6124 2495
6125 2496
6126 2496
6127 2495
6128 2495
6129 2495
6130 2496
6131 2496
6132 2496
6133 2496
6134 2495
6135 2496
6136 2496
6137 2495
6138 2496
6139 2495
6140 2496
6141 2495
6142 2496
6143 2496
6144 2496
6145 2495
6146 2495
6147 2496
6148 2496
6149 2496
6150 2496
6151 2496
6152 2495
6153 2495
6154 2496
6155 2495
6156 2496
6157 2495
6158 2495
6159 2495
6160 2496
6161 2495
6162 2495
6163 2495
6164 2495
6165 2495
6166 2495
6167 2495
6168 2495
6169 2495
6170 2495
6171 2495
6172 2495
6173 2495
6174 2495
6175 2495
6176 2495
6177 2495
6178 2495
6179 2495
6180 2495
6181 2495
6182 2494
6183 2494
6184 2494
6185 2495
6186 2494
6187 2494
6188 2494
6189 2493
6190 2494
6191 2493
6192 2493
6193 2494
6194 2493
6195 2494
6196 2493
6197 2493
6198 2494
6199 2494
6200 2493
6201 2493
6202 2493
6203 2493
6204 2493
6205 2493
6206 2493
6207 2493
6208 2493
6209 2494
6210 2493
6211 2493
6212 2493
6213 2493
6214 2493
6215 2493
6216 2493
6217 2494
6218 2494
6219 2494
6220 2494
6221 2494
6222 2494
6223 2493
6224 2494
6225 2493
6226 2494
6227 2494
6228 2494
6229 2494
6230 2494
6231 2494
6232 2493
6233 2494
6234 2494
6235 2493
6236 2493
6237 2495
6238 2493
6239 2494
6240 2493
6241 2494
6242 2494
6243 2494
6244 2494
6245 2494
6246 2494
6247 2494
6248 2494
6249 2494
6250 2494
6251 2494
6252 2494
6253 2494
6254 2494
6255 2494
6256 2494
6257 2494
6258 2494
6259 2494
6260 2494
6261 2494
6262 2494
6263 2494
6264 2494
6265 2494
6266 2494
6267 2494
6268 2494
6269 2494
6270 2494
6271 2493
6272 2494
6273 2494
6274 2493
6275 2494
6276 2493
6277 2494
6278 2494
6279 2494
6280 2494
6281 2493
6282 2493
6283 2494
6284 2494
6285 2494
6286 2494
6287 2494
6288 2494
6289 2494
6290 2494
6291 2494
6292 2494
6293 2494
6294 2493
6295 2494
6296 2493
6297 2494
6298 2494
6299 2494
6300 2494
6301 2494
6302 2494
6303 2494
6304 2494
6305 2494
6306 2494
6307 2494
6308 2494
6309 2494
6310 2494
6311 2494
6312 2494
6313 2494
6314 2494
6315 2494
6316 2494
6317 2494
6318 2494
6319 2494
6320 2494
6321 2494
6322 2495
6323 2494
6324 2494
6325 2495
6326 2494
6327 2495
6328 2495
6329 2495
6330 2495
6331 2495
6332 2495
6333 2495
6334 2495
6335 2495
6336 2494
6337 2495
6338 2495
6339 2495
6340 2495
6341 2495
6342 2495
6343 2495
6344 2495
6345 2495
6346 2495
6347 2495
6348 2495
6349 2495
6350 2495
6351 2495
6352 2495
6353 2496
6354 2495
6355 2495
6356 2495
6357 2495
6358 2496
6359 2495
6360 2495
6361 2496
6362 2495
6363 2495
6364 2495
6365 2495
6366 2495
6367 2495
6368 2495
6369 2495
6370 2495
6371 2495
6372 2495
6373 2495
6374 2495
6375 2496
6376 2495
6377 2496
6378 2495
6379 2495
6380 2495
6381 2495
6382 2495
6383 2495
6384 2495
6385 2496
6386 2496
6387 2496
6388 2496
6389 2496
6390 2495
6391 2496
6392 2495
6393 2495
6394 2496
6395 2495
6396 2496
6397 2495
6398 2496
6399 2496
6400 2496
6401 2496
6402 2496
6403 2496
6404 2496
6405 2496
6406 2496
6407 2496
6408 2496
6409 2496
6410 2496
6411 2496
6412 2496
6413 2496
6414 2496
6415 2496
6416 2496
6417 2496
6418 2496
6419 2496
6420 2496
6421 2496
6422 2496
6423 2496
6424 2496
6425 2497
6426 2497
6427 2496
6428 2497
6429 2497
6430 2497
6431 2497
6432 2497
6433 2497
6434 2497
6435 2497
6436 2497
6437 2497
6438 2497
6439 2497
6440 2497
6441 2496
6442 2497
6443 2496
6444 2497
6445 2496
6446 2497
6447 2501
6448 2498
6449 2501
6450 2497
6451 2497
6452 2497
6453 2497
6454 2497
6455 2497
6456 2497
6457 2498
6458 2497
6459 2497
6460 2497
6461 2498
6462 2497
6463 2497
6464 2497
6465 2498
6466 2497
6467 2497
6468 2497
6469 2497
6470 2502
6471 2499
6472 2497
6473 2498
6474 2498
6475 2498
6476 2498
6477 2498
6478 2500
6479 2501
6480 2497
6481 2498
6482 2498
6483 2498
6484 2498
6485 2498
6486 2498
6487 2498
6488 2498
6489 2498
6490 2497
6491 2498
6492 2498
6493 2498
6494 2498
6495 2498
6496 2498
6497 2498
6498 2498
6499 2498
6500 2498
6501 2498
6502 2497
6503 2498
6504 2498
6505 2498
6506 2498
6507 2498
6508 2498
6509 2498
6510 2498
6511 2498
6512 2498
6513 2498
6514 2499
6515 2498
6516 2499
6517 2498
6518 2498
6519 2499
6520 2498
6521 2498
6522 2499
6523 2498
6524 2499
6525 2499
6526 2499
6527 2499
6528 2498
6529 2498
6530 2499
6531 2499
6532 2499
6533 2499
6534 2499
6535 2499
6536 2499
6537 2499
6538 2499
6539 2499
6540 2499
6541 2499
6542 2499
6543 2497
6544 2499
6545 2499
6546 2497
6547 2498
6548 2499
6549 2498
6550 2498
6551 2498
6552 2498
6553 2498
6554 2498
6555 2498
6556 2498
6557 2498
6558 2498
6559 2498
6560 2498
6561 2498
6562 2498
6563 2498
6564 2498
6565 2498
6566 2498
6567 2498
6568 2498
6569 2498
6570 2497
6571 2497
6572 2497
6573 2498
6574 2497
6575 2496
6576 2497
6577 2496
6578 2497
6579 2497
6580 2496
6581 2492
6582 2499
6583 2496
6584 2497
6585 2495
6586 2497
6587 2498
6588 2497
6589 2498
6590 2498
6591 2498
6592 2498
6593 2498
6594 2498
6595 2498
6596 2498
6597 2498
6598 2498
6599 2498
6600 2498
6601 2498
6602 2497
6603 2498
6604 2498
6605 2498
6606 2498
6607 2498
6608 2498
6609 2497
6610 2498
6611 2498
6612 2498
6613 2498
6614 2497
6615 2498
6616 2498
6617 2498
6618 2498
6619 2498
6620 2498
6621 2498
6622 2498
6623 2498
6624 2498
6625 2498
6626 2498
6627 2498
6628 2498
6629 2498
6630 2498
6631 2498
6632 2498
6633 2498
6634 2498
6635 2498
6636 2498
6637 2498
6638 2498
6639 2498
6640 2498
6641 2498
6642 2498
6643 2497
6644 2498
6645 2498
6646 2498
6647 2498
6648 2498
6649 2498
6650 2498
6651 2498
6652 2498
6653 2498
6654 2498
6655 2498
6656 2498
6657 2498
6658 2498
6659 2498
6660 2498
6661 2498
6662 2499
6663 2499
6664 2498
6665 2499
6666 2498
6667 2498
6668 2499
6669 2498
6670 2499
6671 2499
6672 2499
6673 2499
6674 2499
6675 2499
6676 2499
6677 2499
6678 2499
6679 2499
6680 2499
6681 2499
6682 2499
6683 2499
6684 2499
6685 2499
6686 2499
6687 2499
6688 2499
6689 2499
6690 2499
6691 2499
6692 2500
6693 2500
6694 2500
6695 2500
6696 2500
6697 2500
6698 2500
6699 2499
6700 2500
6701 2500
6702 2500
6703 2500
6704 2500
6705 2500
6706 2500
6707 2500
6708 2500
6709 2499
6710 2500
6711 2499
6712 2499
6713 2500
6714 2499
6715 2499
6716 2499
6717 2499
6718 2499
6719 2499
6720 2499
6721 2499
6722 2499
6723 2499
6724 2499
6725 2499
6726 2499
6727 2499
6728 2499
6729 2499
6730 2499
6731 2499
6732 2499
6733 2499
6734 2499
6735 2499
6736 2499
6737 2499
6738 2500
6739 2500
6740 2500
6741 2500
6742 2500
6743 2500
6744 2500
6745 2500
6746 2500
6747 2500
6748 2500
6749 2500
6750 2500
6751 2500
6752 2500
6753 2500
6754 2500
6755 2500
6756 2500
6757 2500
6758 2500
6759 2500
6760 2500
6761 2500
6762 2500
6763 2500
6764 2500
6765 2500
6766 2499
6767 2500
6768 2500
6769 2499
6770 2500
6771 2499
6772 2500
6773 2500
6774 2500
6775 2499
6776 2500
6777 2499
6778 2499
6779 2499
6780 2499
6781 2498
6782 2499
6783 2499
6784 2498
6785 2498
6786 2499
6787 2500
6788 2501
6789 2498
6790 2498
6791 2498
6792 2498
6793 2498
6794 2500
6795 2504
6796 2503
6797 2498
6798 2498
6799 2499
6800 2499
6801 2499
6802 2499
6803 2499
6804 2499
6805 2499
6806 2499
6807 2499
6808 2499
6809 2499
6810 2499
6811 2499
6812 2499
6813 2498
6814 2498
6815 2498
6816 2498
6817 2498
6818 2498
6819 2498
6820 2498
6821 2498
6822 2499
6823 2498
6824 2498
6825 2498
6826 2498
6827 2498
6828 2498

5447 2546
5448 2550
5449 2548
5450 2549
5451 2556
5452 2547
5453 2554
5454 2549
5455 2542
5456 2549
5457 2555
5458 2547
5459 2553
5460 2548
5461 2549
5462 2549
5463 2549
5464 2548
5465 2554
5466 2547
5467 2546
5468 2549
5469 2548
5470 2548
5471 2551
5472 2546
5473 2552
5474 2553
5475 2548
5476 2549
5477 2554
5478 2550
5479 2546
5480 2547
5481 2554
5482 2551
5483 2552
5484 2552
5485 2556
5486 2556
5487 2553
5488 2551
5489 2549
5490 2549
5491 2549
5492 2548
5493 2550
5494 2550
5495 2547
5496 2545
5497 2545
5498 2548
5499 2548
5500 2547
5501 2556
5502 2542
5503 2553
5504 2545
5505 2545
5506 2545
5507 2545
5508 2544
5509 2544
5510 2546
5511 2553
5512 2547
5513 2546
5514 2546
5515 2540
5516 2551
5517 2551
5518 2549
5519 2545
5520 2551
5521 2542
5522 2543
5523 2550
5524 2547
5525 2547
5526 2543
5961 2512
5962 9999
5963 2513
5964 9999
5965 2515
5966 2521
5967 2513
5968 2518
5969 2512
5970 2512
5971 2522
5972 2521
5973 2514
5974 2523
5975 2523
5976 2524
5977 2523
5978 2526
5979 2528
5980 2523
5981 2523
5982 2526
5983 2526
5984 2527
5985 2527
5986 2527
5987 2529
5988 2530
5989 2532
5990 2531
6369 2513
6370 2513
6371 2517
6372 2518
6373 2519
6374 2513
6375 2517
6376 2517
6377 2521
6378 2518
6379 2517
6380 2522
6381 2517
6382 2513
6383 2514
6384 2522
6385 2520
6386 2520
6387 2519
6388 2519
6389 2520
6390 2520
6391 2520
6392 2520
6393 2522
6394 2522
6395 2527
6396 2522
6397 2521
6398 2526
6399 2522
6400 2519
6401 2524
6402 2520
6403 2521
6404 2520
6405 2519
6406 2520
6407 2526
6408 2519
6409 2520
6410 2519
6411 2520
6412 2524
6413 2524
6414 2521
6415 2521
6416 2521
6417 2520
6418 2520
6419 2520
6420 2520
6421 2521
6422 2516
6423 2515
6424 2520
6425 2521
6426 2520
6427 2519
6428 2520
6429 2520
6430 2520
6431 2520
6432 2517
6433 2517
6434 2520
6435 2519
6436 2520
6437 2521
6438 2524
6439 2523
6440 2518
6441 2519
6442 2528
6443 2524
6444 2523
6445 2522
6446 2527
6447 2526
6448 2523
6449 2519
6450 2522
6451 2528
6452 2527
6453 2519
6454 2517
6455 2521
6456 2520
6457 2520
6458 2523
6459 2518
6460 2521
6461 2520
6462 2525
6463 2522
6464 2521
6465 2521
6466 2517
6467 2531
6468 2522
6469 2517
6470 2531
6471 2524
6472 2525
6473 2525
6474 2521
6475 2530
6476 2523
6477 2523
6478 2527
6479 2528
6480 2523
6481 2519
6482 2524
6483 2522
6484 2526
6485 2525
6486 2525
6487 2525
6488 2525
6489 2522
6490 2524
6491 2528
6492 2524
6493 2522
6494 2523
6495 2526
6496 2524
6497 2530
6498 2526
6499 2527
6500 2522
6501 2524
6502 2525
6503 2524
6504 2525
6505 2519
6506 2524
6507 2524
6508 2524
6509 2525
6510 2526
6511 2518
6512 2525
6513 2525
6514 2525
6515 2523
6516 2524
6517 2522
6518 2522
6519 2521
6520 2523
6521 2528
6522 2522
6523 2523
6524 2521
6525 2524
6526 2527
6527 2521
6528 2521
6529 2520
6530 2521
6531 2522
6532 2520
6533 2515
6534 2520
6535 2521
6536 2521
6537 2519
6538 2520
6539 2519
6540 2520
6541 2518
6542 2523
6543 2520
6544 2523
6545 2521
6546 2519
6547 2520
6548 2519
6549 2519
6550 2519
6551 2519
6552 2518
6553 2519
6554 2518
6555 2517
6556 2517
6557 2518
6558 2517
6559 2518
6560 2517
6561 2517
6562 2517
6563 2518
6564 2518
6565 2518
6566 2514
6567 2517
6568 2521
6569 2517
6570 2517
6571 2517
6572 2521
6573 2516
6574 2510
6575 2512
6576 2521
6577 2510
6578 2510
6579 2510
6580 2511
6581 2509
6582 2519
6583 2521
6584 2515
6585 2514
6586 2515
6587 9999
6588 2515
6589 2513
6590 2514
6591 2513
6592 2513
6593 2510
6594 2514
6595 2514
6596 2514
6597 2514
6598 2513
6599 2513
6600 2512
6601 2513
6602 2512
6603 2513
6604 2512
6605 2512
6606 2513
6607 2512
6608 9999
6609 9999
6610 2512
6611 9999
6612 2511
6613 2511
6614 2512
6615 2512
6616 2510
6617 2511
6618 2511
6619 2511
6620 9999
6621 9999
6622 9999
6623 9999
6624 9999
6625 9999
6626 9999

