4731 2515
4732 2516
4733 2515
4734 2515
4735 2515
4736 2515
4737 2515
4738 2517
4739 2517
4740 2516
4741 2516
4742 2515
4743 2516
4744 2514
4745 2514
4746 2513
4747 2521
4748 2515
4749 2516
4750 2517
4751 2517
4752 2521
4753 2521
4754 2516
4755 2523
4756 2522
4757 2518
4758 2521
4759 2513
4760 2514
4761 2522
4762 2521
4763 2517
4764 2514
4765 2515
4766 2515
4767 2514
4768 2520
4769 2518
4770 2514
4771 2513
4772 2513
4773 2514
4774 2513
4775 2514
4776 2514
4777 2514
4778 2514
4779 2520
4780 2514
4781 2513
4782 2513
4783 2513
4784 2514
4785 2516
4786 2513
4787 2515
4788 2513
4789 2518
4790 2513
4791 2514
4792 2513
4793 2514
4794 2513
4795 2513
4796 2513
4797 2512
4798 2513
4799 2514
4800 2521
4801 2515
4802 2513
4803 2514
4804 2512
4805 2513
4806 2524
4807 2520
4808 2516
4809 2516
4810 2511
4811 2511
4812 2514
4813 2515
4814 2512
4815 2514
4816 2512
4817 2511
4818 2510
4819 2512
4820 2520
4821 2512
4822 2520
4823 2514
4824 2514
4825 2513
4826 2514
4827 2514
4828 2515
4829 2515
4830 2516
4831 2519
4832 2523
4833 2513
4834 2514
4835 2514
4836 2514
4837 2514
4838 2516
4839 2516
4840 2519
4841 2514
4842 2517
4843 2514
4844 2514
4845 2521
4846 2517
4847 2517
4848 2517
4849 2519
4850 2518
4851 2511
4852 2515
4853 2511
4854 2511
4855 2513
4856 2513
4857 2513
4858 2513
4859 2513
4860 2512
4861 2512
4862 2513
4863 2515
4864 2512
4865 2518
4866 2513
4867 2511
4868 2511
4869 2511
4870 2513
4871 2512
4872 2511
4873 2512
4874 2512
4875 2514
4876 2511
4877 2511
4878 2511
4879 2512
4880 2511
4881 2512
4882 2512
4883 2511
4884 2510
4885 2512
4886 2511
4887 2510
4888 2516
4889 2510
4890 2509
4891 2509
4892 2509
4893 2510
4894 2509
4895 2509
4896 2509
4897 2514
4898 2510
4899 2509
4900 2509
4901 2509
4902 2510
4903 2509
4904 2511
4905 2511
4906 2511
4907 2511
4908 2511
4909 2511
4910 2511
4911 2511
4912 2511
4913 2511
4914 2511
4915 2510
4916 2510
4917 2510
4918 2509
4919 2510
4920 2515
4921 2509
4922 2510
4923 2510
4924 2510
4925 2509
4926 2515
4927 2509
4928 2510
4929 2511
4930 2512
4931 2513
4932 2511
4933 2511
4934 2509
4935 2508
4936 2509
4937 2509
4938 2509
4939 2510
4940 2509
4941 2509
4942 2509
4943 2509
4944 2515
4945 2509
4946 2510
4947 2509
4948 2510
4949 2510
4950 2511
4951 2510
4952 2509
4953 2514
4954 2509
4955 2510
4956 2511
4957 2510
4958 2510
4959 2512
4960 2510
4961 2510
4962 2509
4963 2510
4964 2513
4965 2514
4966 2510
4967 2513
4968 2508
4969 2508
4970 2509
4971 2509
4972 2509
4973 2509
4974 2509
4975 2509
4976 2509
4977 2508
4978 2508
4979 2508
4980 2508
4981 2507
4982 2508
4983 2508
4984 2508
4985 2508
4986 2511
4987 2509
4988 2510
4989 2509
4990 2509
4991 2510
4992 2509
4993 2511
4994 2507
4995 2508
4996 2512
4997 2508
4998 2508
4999 2508
5000 2508
5001 2512
5002 2514
5003 2508
5004 2508
5005 2508
5006 2508
5007 2508
5008 2508
5009 2508
5010 2512
5011 2508
5012 2508
5013 2508
5014 2513
5015 2507
5016 2507
5017 2507
5018 2507
5019 2507
5020 2507
5021 2507
5022 2507
5023 2507
5024 2507
5025 2507
5026 2507
5027 2506
5028 2507
5029 2507
5030 2513
5031 2508
5032 2507
5033 2507
5034 2507
5035 2512
5036 2512
5037 2507
5038 2508
5039 2507
5040 2508
5041 2508
5042 2507
5043 2507
5044 2507
5045 2507
5046 2507
5047 2507
5048 2507
5049 2507
5050 2507
5051 2507
5052 2508
5053 2509
5054 2507
5055 2507
5056 2507
5057 2507
5058 2507
5059 2508
5060 2507
5061 2508
5062 2507
5063 2506
5064 2506
5065 2506
5066 2506
5067 2506
5068 2506
5069 2506
5070 2506
5071 2506
5072 2506
5073 2506
5074 2506
5075 2507
5076 2507
5077 2507
5078 2506
5079 2506
5080 2506
5081 2506
5082 2506
5083 2506
5084 2506
5085 2506
5086 2506
5087 2506
5088 2505
5089 2506
5090 2506
5091 2506
5092 2505
5093 2504
5094 2505
5095 2505
5096 2504
5097 2504
5098 2504
5099 2514
5100 2505
5101 2505
5102 2506
5103 2506
5104 2505
5105 2506
5106 2506
5107 2505
5108 2505
5109 2506
5110 2506
5111 2506
5112 2506
5113 2505
5114 2506
5115 2506
5116 2506
5117 2506
5118 2506
5119 2507
5120 2506
5121 2507
5122 2506
5123 2506
5124 2506
5125 2506
5126 2506
5127 2506
5128 2506
5129 2506
5130 2506
5131 2505
5132 2505
5133 2506
5134 2509
5135 2505
5136 2505
5137 2505
5138 2506
5139 2506
5140 2506
5141 2505
5142 2506
5143 2505
5144 2508
5145 2505
5146 2506
5147 2505
5148 2507
5149 2505
5150 2505
5151 2506
5152 2506
5153 2505
5154 2505
5155 2505
5156 2505
5157 2505
5158 2505
5159 2505
5160 2505
5161 2505
5162 2505
5163 2505
5164 2505
5165 2505
5166 2505
5167 2505
5168 2505
5169 2505
5170 2505
5171 2505
5172 2505
5173 2504
5174 2505
5175 2504
5176 2504
5177 2505
5178 2505
5179 2505
5180 2505
5181 2504
5182 2505
5183 2504
5184 2504
5185 2504
5186 2504
5187 2504
5188 2504
5189 2504
5190 2504
5191 2504
5192 2505
5193 2504
5194 2506
5195 2504
5196 2503
5197 2503
5198 2504
5199 2503
5200 2503
5201 2503
5202 2503
5203 2503
5204 2505
5205 2503
5206 2503
5207 2503
5208 2504
5209 2504
5210 2504
5211 2504
5212 2504
5213 2504
5214 2504
5215 2504
5216 2504
5217 2503
5218 2503
5219 2503
5220 2504
5221 2504
5222 2504
5223 2504
5224 2504
5225 2504
5226 2503
5227 2503
5228 2503
5229 2503
5230 2503
5231 2503
5232 2503
5233 2503
5234 2503
5235 2503
5236 2504
5237 2503
5238 2503
5239 2504
5240 2504
5241 2504
5242 2504
5243 2504
5244 2503
5245 2504
5246 2504
5247 2504
5248 2504
5249 2504
5250 2504
5251 2504
5252 2504
5253 2504
5254 2504
5255 2504
5256 2504
5257 2504
5258 2504
5259 2504
5260 2504
5261 2504
5262 2504
5263 2504
5264 2504
5265 2504
5266 2504
5267 2504
5268 2504
5269 2504
5270 2503
5271 2504
5272 2504
5273 2503
5274 2504
5275 2504
5276 2504
5277 2504
5278 2504
5279 2504
5280 2504
5281 2504
5282 2504
5283 2504
5284 2504
5285 2504
5286 2504
5287 2504
5288 2504
5289 2504
5290 2504
5291 2504
5292 2504
5293 2504
5294 2504
5295 2503
5296 2503
5297 2503
5298 2505
5299 2503
5300 2507
5301 2504
5302 2504
5303 2503
5304 2503
5305 2503
5306 2503
5307 2503
5308 2504
5309 2503
5310 2504
5311 2503
5312 2503
5313 2503
5314 2503
5315 2503
5316 2503
5317 2504
5318 2504
5319 2504
5320 2504
5321 2504
5322 2504
5323 2504
5324 2504
5325 2504
5326 2504
5327 2504
5328 2504
5329 2504
5330 2504
5331 2504
5332 2504
5333 2504
5334 2504
5335 2504
5336 2504
5337 2504
5338 2504
5339 2504
5340 2504
5341 2504
5342 2504
5343 2504
5344 2504
5345 2504
5346 2504
5347 2504
5348 2504
5349 2504
5350 2504
5351 2504
5352 2508
5353 2504
5354 2504
5355 2503
5356 2504
5357 2504
5358 2504
5359 2504
5360 2504
5361 2504
5362 2504
5363 2504
5364 2504
5365 2504
5366 2504
5367 2504
5368 2504
5369 2504
5370 2504
5371 2504
5372 2504
5373 2504
5374 2504
5375 2504
5376 2503
5377 2503
5378 2503
5379 2503
5380 2503
5381 2504
5382 2504
5383 2504
5384 2504
5385 2504
5386 2504
5387 2504
5388 2504
5389 2504
5390 2504
5391 2504
5392 2504
5393 2504
5394 2504
5395 2504
5396 2504
5397 2504
5398 2504
5399 2504
5400 2504
5401 2504
5402 2504
5403 2504
5404 2504
5405 2504
5406 2504
5407 2504
5408 2504
5409 2504
5410 2504
5411 2504
5412 2504
5413 2503
5414 2503
5415 2503
5416 2503
5417 2504
5418 2503
5419 2504
5420 2503
5421 2503
5422 2503
5423 2503
5424 2503
5425 2503
5426 2503
5427 2503
5428 2503
5429 2503
5430 2503
5431 2503
5432 2503
5433 2503
5434 2503
5435 2503
5436 2503
5437 2503
5438 2503
5439 2503
5440 2504
5441 2504
5442 2503
5443 2504
5444 2504
5445 2504
5446 2504
5447 2504
5448 2504
5449 2504
5450 2504
5451 2504
5452 2504
5453 2506
5454 2504
5455 2504
5456 2504
5457 2504
5458 2505
5459 2504
5460 2505
5461 2504
5462 2504
5463 2504
5464 2504
5465 2504
5466 2504
5467 2504
5468 2504
5469 2511
5470 2504
5471 2504
5472 2507
5473 2504
5474 2504
5475 2504
5476 2504
5477 2504
5478 2504
5479 2504
5480 2504
5481 2504
5482 2505
5483 2504
5484 2504
5485 2504
5486 2504
5487 2504
5488 2504
5489 2504
5490 2504
5491 2504
5492 2504
5493 2504
5494 2503
5495 2503
5496 2507
5497 2507
5498 2503
5499 2507
5500 2503
5501 2504
5502 2504
5503 2504
5504 2504
5505 2504
5506 2504
5507 2504
5508 2504
5509 2504
5510 2504
5511 2504
5512 2504
5513 2504
5514 2503
5515 2503
5516 2504
5517 2503
5518 2503
5519 2503
5520 2503
5521 2504
5522 2503
5523 2503
5524 2503
5525 2503
5526 2503
5527 2503
5528 2503
5529 2503
5530 2503
5531 2503
5532 2503
5533 2504
5534 2504
5535 2504
5536 2503
5537 2503
5538 2504
5539 2503
5540 2503
5541 2503
5542 2503
5543 2503
5544 2503
5545 2503
5546 2502
5547 2502
5548 2502
5549 2503
5550 2502
5551 2502
5552 2503
5553 2503
5554 2503
5555 2503
5556 2503
5557 2502
5558 2502
5559 2503
5560 2502
5561 2503
5562 2502
5563 2502
5564 2502
5565 2503
5566 2502
5567 2503
5568 2502
5569 2502
5570 2502
5571 2502
5572 2502
5573 2502
5574 2502
5575 2502
5576 2502
5577 2502
5578 2502
5579 2502
5580 2502
5581 2503
5582 2502
5583 2502
5584 2502
5585 2502
5586 2503
5587 2503
5588 2503
5589 2503
5590 2503
5591 2503
5592 2503
5593 2503
5594 2503
5595 2503
5596 2503
5597 2503
5598 2503
5599 2503
5600 2503
5601 2503
5602 2503
5603 2503
5604 2503
5605 2502
5606 2503
5607 2503
5608 2503
5609 2503
5610 2502
5611 2503
5612 2502
5613 2503
5614 2503
5615 2503
5616 2503
5617 2503
5618 2503
5619 2503
5620 2503
5621 2503
5622 2503
5623 2502
5624 2503
5625 2503
5626 2503
5627 2503
5628 2503
5629 2503
5630 2503
5631 2503
5632 2503
5633 2503
5634 2503
5635 2503
5636 2503
5637 2503
5638 2503
5639 2503
5640 2503
5641 2503
5642 2503
5643 2503
5644 2503
5645 2503
5646 2504
5647 2503
5648 2503
5649 2503
5650 2503
5651 2503
5652 2503
5653 2503
5654 2503
5655 2503
5656 2503
5657 2503
5658 2503
5659 2503
5660 2503
5661 2503
5662 2503
5663 2503
5664 2503
5665 2503
5666 2503
5667 2503
5668 2503
5669 2503
5670 2503
5671 2503
5672 2503
5673 2503
5674 2503
5675 2503
5676 2503
5677 2503
5678 2502
5679 2503
5680 2503
5681 2503
5682 2503
5683 2503
5684 2503
5685 2502
5686 2502
5687 2502
5688 2502
5689 2503
5690 2503
5691 2502
5692 2502
5693 2502
5694 2502
5695 2502
5696 2503
5697 2502
5698 2502
5699 2502
5700 2502
5701 2503
5702 2502
5703 2502
5704 2502
5705 2503
5706 2502
5707 2502
5708 2502
5709 2503
5710 2503
5711 2502
5712 2502
5713 2503
5714 2502
5715 2503
5716 2503
5717 2503
5718 2503
5719 2502
5720 2503
5721 2503
5722 2502
5723 2503
5724 2502
5725 2503
5726 2502
5727 2502
5728 2503
5729 2502
5730 2502
5731 2502
5732 2502
5733 2502
5734 2502
5735 2502
5736 2502
5737 2502
5738 2502
5739 2502
5740 2502
5741 2502
5742 2502
5743 2502
5744 2502
5745 2502
5746 2502
5747 2502
5748 2502
5749 2502
5750 2502
5751 2502
5752 2502
5753 2503
5754 2503
5755 2502
5756 2502
5757 2502
5758 2502
5759 2502
5760 2502
5761 2503
5762 2502
5763 2502
5764 2502
5765 2502
5766 2502
5767 2502
5768 2502
5769 2502
5770 2502
5771 2502
5772 2502
5773 2502
5774 2502
5775 2502
5776 2503
5777 2503
5778 2502
5779 2505
5780 2503
5781 2502
5782 2502
5783 2504
5784 2502
5785 2502
5786 2502
5787 2502
5788 2502
5789 2502
5790 2502
5791 2502
5792 2502
5793 2502
5794 2502
5795 2502
5796 2502
5797 2502
5798 2502
5799 2502
5800 2502
5801 2502
5802 2502
5803 2502
5804 2502
5805 2501
5806 2502
5807 2502
5808 2501
5809 2502
5810 2501
5811 2501
5812 2502
5813 2502
5814 2502
5815 2502
5816 2502
5817 2502
5818 2502
5819 2501
5820 2502
5821 2502
5822 2502
5823 2502
5824 2501
5825 2501
5826 2501
5827 2501

5069 2543
5070 2540
5071 2540
5072 2538
5073 2552
5074 2542
5075 2543
5076 2540
5077 2541
5078 2551
5079 2552
5080 2543
5081 2544
5082 2544
5083 2546
5084 2541
5085 2542
5086 2549
5087 2544
5088 2550
5089 2543
5090 2544
5091 2538
5092 2539
5093 2538
5094 2545
5095 2538
5096 2546
5097 2538
5098 2546
5099 2545
5100 2538
5101 2540
5102 2544
5103 2538
5104 2540
5105 2538
5106 2551
5107 2539
5108 2538
5109 2538
5110 2539
5111 2539
5112 2542
5113 2541
5114 2542
5115 2538
5116 2540
5117 2541
5118 2542
5119 2542
5120 2547
5121 2541
5122 2545
5123 2541
5124 2540
5125 2539
5126 2540
5127 2539
5128 2551
5129 2551
5130 2540
5131 2545
5132 2541
5133 2545
5134 2542
5135 2537
5136 2551
5137 2551
5138 2544
5139 2542
5140 2542
5141 2543
5142 2551
5143 2544
5144 2543
5145 2544
5146 2542
5147 2546
5148 2541
5149 2540
5150 2540
5151 2542
5152 2543
5153 2539
5154 2540
5155 2540
5156 2539
5157 2540
5158 2537
5159 2543
5160 2544
5161 2541
5162 2543
5163 2541
5164 2540
5165 2540
5166 2542
5167 2540
5168 2545
5169 2540
5170 2540
5171 2547
5172 2539
5173 2545
5174 2539
5175 2540
5176 2541
5177 2540
5178 2540
5179 2542
5180 2541
5181 2540
5182 2542
5183 2540
5184 2540
5185 2539
5186 2540
5187 2539
5188 2540
5189 2540
5190 2540
5191 2540
5192 2540
5193 2537
5194 2540
5195 2539
5196 2539
5197 2539
5198 2540
5199 2540
5200 2542
5201 2542
5202 2540
5203 2541
5204 2544
5205 2539
5206 2539
5207 2539
5208 2540
5209 2538
5210 2539
5211 2538
5212 2539
5213 2540
5214 2538
5215 2538
5216 2538
5217 2538
5218 2538
5219 2538
5220 2539
5221 2539
5222 2539
5223 2539
5224 2538
5225 2538
5226 2545
5227 2540
5228 2539
5229 2539
5230 2542
5231 2538
5232 2539
5233 2538
5234 2539
5235 2538
5236 2539
5237 2539
5238 2539
5239 2539
5240 2539
5241 2540
5242 2539
5243 2539
5244 2540
5245 2534
5246 2548
5247 2539
5248 2539
5249 2538
5250 2540
5251 2540
5252 2539
5253 2538
5254 2538
5255 2542
5256 2542
5257 2548
5258 2539
5259 2538
5260 2538
5261 2538
5262 2539
5263 2538
5264 2535
5265 2540
5266 2539
5267 2540
5268 2538
5269 2543
5270 2542
5271 2539
5272 2545
5273 2541
5274 2539
5275 2538
5276 2542
5277 2538
5278 2538
5279 2538
5280 2537
5281 2537
5282 2539
5283 2538
5284 2538
5285 2537
5286 2538
5287 2542
5288 2540
5289 2536
5290 2539
5291 2537
5292 2546
5293 2539
5294 2539
5295 2538
5296 2538
5297 2540
5298 2538
5299 2539
5300 2539
5301 2544
5302 2540
5303 2538
5304 2538
5305 2542
5306 2541
5307 2543
5308 2535
5309 2537
5310 2537
5311 2539
5312 2540
5313 2531
5314 2538
5315 2539
5316 2538
5317 2531
5318 2537
5319 2539
5320 2536
5321 2537
5322 2537
5323 2537
5324 2538
5325 2545
5326 2537
5327 2540
5328 2536
5329 2536
5330 2540
5331 2538
5332 2536
5333 2536
5334 2539
5335 2537
5336 2536
5337 2536
5338 2540
5339 2536
5340 2534
5341 2537
5342 2536
5343 2536
5344 2536
5345 2536
5346 2537
5347 2536
5348 2535
5349 2536
5350 2536
5351 2536
5352 2536
5353 2535
5354 2535
5355 2535
5356 2536
5357 2538
5358 2539
5359 2539
5360 2535
5361 2535
5362 2536
5363 2529
5364 2529
5365 2535
5366 2536
5367 2536
5368 2535
5369 2531
5370 2536
5371 2534
5372 2534
5373 2534
5374 2537
5375 2538
5376 2536
5377 2535
5378 2535
5379 2537
5380 2535
5381 2536
5382 2535
5383 2534
5384 2535
5385 2539
5386 2535
5387 2538
5388 2534
5389 2534
5390 2535
5391 2535
5392 2535
5393 2536
5394 2535
5395 2540
5396 2534
5397 2535
5398 2538
5399 2536
5400 2534
5401 2533
5402 2533
5403 2534
5404 2533
5405 2534
5406 2533
5407 2534
5408 2534
5409 2534
5410 2534
5411 2538
5412 2536
5413 2535
5414 2539
5415 2534
5416 2537
5417 2530
5418 2535
5419 2535
5420 2535
5421 2535
5422 2535
5423 2535
5424 2535
5425 2535
5426 2535
5427 2535
5428 2539
5429 2538
5430 2528
5431 2535
5432 2535
5433 2535
5434 2535
5435 2534
5436 2534
5437 2535
5438 2534
5439 2533
5440 2534
5441 2534
5442 2534
5443 2533
5444 2533
5445 2536
5446 2533
5447 2533
5448 2532
5449 2532
5450 2531
5451 2531
5452 2535
5453 2533
5454 2532
5455 2532
5456 2532
5457 2528
5458 2528
5459 2531
5460 2532
5461 2532
5462 2530
5463 2534
5464 2532
5465 2532
5466 2531
5467 2536
5468 2531
5469 2531
5470 2525
5471 2530
5472 2532
5473 2531
5474 2532
5475 2532
5476 2531
5477 2532
5478 2530
5479 2531
5480 2531
5481 2532
5482 2533
5483 2531
5484 2532
5485 2530
5486 2529
5487 2532
5488 2529
5489 2531
5490 2532
5491 2532
5492 2532
5493 2523
5494 2531
5495 2530
5496 2530
5497 2529
5498 2530
5499 2530
5500 2532
5501 2532
5502 2528
5503 2533
5504 2533
5505 2533
5506 2529
5507 2531
5508 2528
5509 2527
5510 2527
5511 2533
5512 2529
5513 2529
5514 2534
5515 2528
5516 2528
5517 2529
5518 2529
5519 2530
5520 2534
5521 2531
5522 2527
5523 2526
5524 2528
5525 2529
5526 2529
5527 2527
5528 2527
5529 2526
5530 2527
5531 2526
5532 2526
5533 2525
5534 2527
5535 2526
5536 2526
5537 2531
5538 2531
5539 2527
5540 2528
5541 2527
5542 2526
5543 2528
5544 2531
5545 2533
5546 2531
5547 2531
5548 2529
5549 2528
5550 2532
5551 2530
5552 2529
5553 2527
5554 2532
5555 2530
5556 2528
5557 2528
5558 2528
5559 2529
5560 2530
5561 2528
5562 2529
5563 2527
5564 2527
5565 2528
5566 2528
5567 2533
5568 2532
5569 2527
5570 2518
5571 2526
5572 2526
5573 2526
5574 2527
5575 2526
5576 2526
5577 2526
5578 2526
5579 2526
5580 2525
5581 2525
5582 2525
5583 2526
5584 2529
5585 2524
5586 2524
5587 2524
5588 2524
5589 2524
5590 2523
5591 2524
5592 2523
5593 2524
5594 2524
5595 2523
5596 2523
5597 2523
5598 2527
5599 2522
5600 2524
5601 2523
5602 2522
5603 2521
5604 2522
5605 2522
5606 2522
5607 2522
5608 2521
5609 2523
5610 2522
5611 2522
5612 2522
5613 2522
5614 2521
5615 2522
5616 2522
5617 2523
5618 2521
5619 2521
5620 2522
5621 2527
5622 2522
5623 2516
5624 2522
5625 2522
5626 2526
5627 2521
5628 2523
5629 2520
5630 2521
5631 2521
5632 2521
5633 2521
5634 2520
5635 2524
5636 2521
5637 2520
5638 2520
5639 2520
5640 2519
5641 2520
5642 2521
5643 2519
5644 2520
5645 2519
5646 2519
5647 2525
5648 2515
5649 2522
5650 2515
5651 9999
5652 2519
5653 9999
5654 9999
5655 2518
5656 2518
5657 9999
5658 2518
5659 9999
5660 2520
5661 2519
5662 9999
5663 2519
5664 2519
5665 2522
5666 2524
5667 2523
5668 2521
5669 2520
5670 2520
5671 2520
5672 2519
5673 9999
5674 9999
5675 2517
5676 2520
5677 2519
5678 2519
5679 2519
5680 2520
5681 9999
5682 2519
5683 2520
5684 2519
5685 2519
5686 2520
5687 2519
5688 2520
5689 2521
5690 2519
5691 2519
5692 2519
5693 2520
5694 2521
5695 2521
5696 2519
5697 2519
5698 9999
5699 2523
5700 2522
5701 2519
5702 2518
5703 2518
5704 2519
5705 2519
5706 2521
5707 2518
5708 2523
5709 2524
5710 2520
5711 2520
5712 2525
5713 2520
5714 2520
5715 2520
5716 2520
5717 2519
5718 2519
5719 2520
5720 9999
5721 2519
5722 2519
5723 2518
5724 2518
5725 2517
5726 2517
5727 2517
5728 2516
5729 2519
5730 2518
5731 9999
5732 2520
5733 2517
5734 2518
5735 2517
5736 2517
5737 2517
5738 2517
5739 2520
5740 2520
5741 2514
5742 2518
5743 2518
5744 2518
5745 2517
5746 2517
5747 2517
5748 2517
5749 2521
5750 2517
5751 2517
5752 2519
5753 2515
5754 9999
5755 2515
5756 2515
5757 2515
5758 2515
5759 2515
5760 2515
5761 2516
5762 2518
5763 2517
5764 2517
5765 2516
5766 2517
5767 2516
5768 2519
5769 2520
5770 2520
5771 9999
5772 2516
5773 2516
5774 2520
5775 2516
5776 2517
5777 2518
5778 9999
5779 9999
5780 2515
5781 2518
5782 2519
5783 2517
5784 2517
5785 2517
5786 2516
5787 2517
5788 2517
5789 9999
5790 2521
5791 2517
5792 2517
5793 2517
5794 2517
5795 2517
5796 2518
5797 2515
5798 2514
5799 2515
5800 2516
5801 9999
5802 2517
5803 9999
5804 9999
5805 2516
5806 2515
5807 2515
5808 2515
5809 2516
5810 9999
5811 2516
5812 2517
5813 9999
5814 2517
5815 2516
5816 2516
5817 2515
5818 2516
5819 9999
5820 9999
5821 2516

