1 2502
2 2502
3 2502
4 2502
5 2502
6 2502
7 2502
8 2502
9 2502
10 2502
11 2502
12 2502
13 2502
14 2503
15 2502
16 2502
17 2502
18 2502
19 2502
20 2503
21 2502
22 2502
23 2502
24 2503
25 2502
26 2502
27 2502
28 2502
29 2502
30 2502
31 2503
32 2503
33 2503
34 2502
35 2503
36 2503
37 2503
38 2503
39 2503
40 2503
41 2503
42 2503
43 2503
44 2503
45 2503
46 2503
47 2503
48 2503
49 2503
50 2504
51 2504
52 2504
53 2504
54 2504
55 2504
56 2504
57 2504
58 2504
59 2503
60 2504
61 2504
62 2504
63 2504
64 2504
65 2504
66 2504
67 2504
68 2504
69 2504
70 2504
71 2504
72 2504
73 2504
74 2504
75 2504
76 2504
77 2504
78 2504
79 2504
80 2504
81 2504
82 2504
83 2504
84 2504
85 2504
86 2504
87 2505
88 2505
89 2505
90 2505
91 2505
92 2505
93 2506
94 2506
95 2506
96 2506
97 2506
98 2506
99 2506
100 2506
101 2506
102 2506
103 2506
104 2506
105 2506
106 2507
107 2507
108 2507
109 2507
110 2507
111 2508
112 2507
113 2507
114 2507
115 2507
116 2507
117 2507
118 2507
119 2507
120 2507
121 2507
122 2507
123 2507
124 2507
125 2507
126 2507
127 2507
128 2507
129 2507
130 2507
131 2507
132 2507
133 2507
134 2507
135 2507
136 2507
137 2507
138 2507
139 2507
140 2507
141 2507
142 2507
143 2507
144 2507
145 2508
146 2507
147 2507
148 2507
149 2507
150 2507
151 2507
152 2507
153 2506
154 2507
155 2507
156 2507
157 2507
158 2507
159 2506
160 2506
161 2507
162 2507
163 2507
164 2506
165 2507
166 2507
167 2507
168 2507
169 2507
170 2507
171 2507
172 2507
173 2507
174 2507
175 2507
176 2509
177 2506
178 2507
179 2506
180 2505
181 2506
182 2506
183 2506
184 2506
185 2507
186 2506
187 2505
188 2505
189 2506
190 2506
191 2505
192 2505
193 2506
194 2506
195 2506
196 2506
197 2506
198 2506
199 2505
200 2506
201 2505
202 2506
203 2506
204 2506
205 2506
206 2506
207 2505
208 2506
209 2506
210 2505
211 2505
212 2505
213 2506
214 2504
215 2505
216 2505
217 2505
218 2505
219 2504
220 2504
221 2504
222 2504
223 2504
224 2504
225 2504
226 2504
227 2504
228 2504
229 2504
230 2504
231 2504
232 2503
233 2503
234 2503
235 2504
236 2503
237 2504
238 2504
239 2504
240 2504
241 2504
242 2504
243 2504
244 2504
245 2503
246 2503
247 2503
248 2503
249 2503
250 2503
251 2503
252 2503
253 2503
254 2503
255 2503
256 2503
257 2502
258 2502
259 2502
260 2503
261 2502
262 2502
263 2502
264 2502
265 2502
266 2502
267 2502
268 2502
269 2502
270 2501
271 2501
272 2501
273 2501
274 2501
275 2500
276 2501
277 2501
278 2501
279 2501
280 2501
281 2501
282 2501
283 2501
284 2501
285 2501
286 2501
287 2501
288 2501
289 2500
290 2501
291 2501
292 2501
293 2501
294 2501
295 2501
296 2501
297 2501
298 2501
299 2502
300 2501
301 2502
302 2502
303 2502
304 2502
305 2502
306 2502
307 2502
308 2502
309 2502
310 2502
311 2502
312 2502
313 2502
314 2502
315 2503
316 2503
317 2502
318 2503
319 2502
320 2503
321 2502
322 2503
323 2503
324 2503
325 2504
326 2503
327 2503
328 2504
329 2503
330 2504
331 2504
332 2505
333 2505
334 2506
335 2505
336 2505
337 2505
338 2505
339 2506
340 2506
341 2506
342 2506
343 2506
344 2506
345 2506
346 2507
347 2507
348 2507
349 2507
350 2507
351 2506
352 2507
353 2507
354 2507
355 2507
356 2507
357 2506
358 2506
359 2505
360 2505
361 2505
362 2505
363 2506
364 2505
365 2505
366 2506
367 2505
368 2505
369 2506
370 2504
371 2505
372 2505
373 2505
374 2505
375 2504
376 2505
377 2504
378 2504
379 2504
380 2504
381 2504
382 2505
383 2505
384 2504
385 2504
386 2504
387 2505
388 2505
389 2506
390 2505
391 2505
392 2505
393 2506
394 2506
395 2506
396 2506
397 2505
398 2506
399 2505
400 2505
401 2505
402 2505
403 2505
404 2505
405 2505
406 2504
407 2504
408 2504
409 2504
410 2504
411 2504
412 2504
413 2504
414 2504
415 2504
416 2503
417 2503
418 2503
419 2502
420 2503
421 2503
422 2502
423 2503
424 2503
425 2503
426 2503
427 2503
428 2503
429 2503
430 2503
431 2503
432 2503
433 2503
434 2503
435 2502
436 2503
437 2503
438 2502
439 2503
440 2503
441 2503
442 2503
443 2503
444 2503
445 2503
446 2502
447 2503
448 2503
449 2503
450 2503
451 2503
452 2503
453 2504
454 2503
455 2503
456 2503
457 2503
458 2503
459 2503
460 2503
461 2503
462 2503
463 2503
464 2503
465 2503
466 2503
467 2503
468 2503
469 2503
470 2503
471 2503
472 2503
473 2503
474 2503
475 2503
476 2503
477 2503
478 2503
479 2503
480 2503
481 2503
482 2503
483 2503
484 2503
485 2503
486 2503
487 2503
488 2503
489 2503
490 2503
491 2502
492 2503
493 2503
494 2503
495 2503
496 2503
497 2503
498 2503
499 2503
500 2503
501 2503
502 2503
503 2503
504 2503
505 2502
506 2502
507 2502
508 2502
509 2502
510 2502
511 2502
512 2502
513 2502
514 2502
515 2502
516 2502
517 2502
518 2502
519 2502
520 2502
521 2502
522 2502
523 2502
524 2502
525 2502
526 2502
527 2502
528 2502
529 2502
530 2502
531 2502
532 2502
533 2502
534 2502
535 2502
536 2502
537 2502
538 2502
539 2502
540 2501
541 2502
542 2502
543 2501
544 2502
545 2502
546 2502
547 2501
548 2502
549 2501
550 2501
551 2502
552 2501
553 2501
554 2501
555 2502
556 2502
557 2502
558 2502
559 2502
560 2501
561 2502
562 2502
563 2502
564 2502
565 2502
566 2501
567 2501
568 2501
569 2501
570 2501
571 2501
572 2501
573 2501
574 2501
575 2500
576 2501
577 2500
578 2500
579 2500
580 2500
581 2500
582 2500
583 2500
584 2500
585 2501
586 2500
587 2500
588 2500
589 2501
590 2500
591 2499
592 2500
593 2500
594 2500
595 2502
596 2501
597 2501
598 2500
599 2500
600 2500
601 2500
602 2500
603 2500
604 2501
605 2502
606 2502
607 2500
608 2500
609 2501
610 2499
611 2503
612 2502
613 2499
614 2499
615 2499
616 2500
617 2499
618 2500
619 2500
620 2501
621 2501
622 2500
623 2500
624 2500
625 2500
626 2500
627 2500
628 2500
629 2500
630 2501
631 2501
632 2500
633 2500
634 2501
635 2501
636 2501
637 2501
638 2501
639 2501
640 2501
641 2501
642 2501
643 2501
644 2501
645 2501
646 2501
647 2501
648 2501
649 2504
650 2502
651 2501
652 2501
653 2501
654 2501
655 2501
656 2502
657 2502
658 2502
659 2502
660 2502
661 2502
662 2502
663 2502
664 2502
665 2502
666 2501
667 2501
668 2501
669 2502
670 2501
671 2502
672 2502
673 2501
674 2501
675 2502
676 2502
677 2502
678 2502
679 2502
680 2502
681 2503
682 2503
683 2503
684 2502
685 2502
686 2502
687 2502
688 2503
689 2503
690 2503
691 2503
692 2503
693 2503
694 2503
695 2503
696 2503
697 2503
698 2503
699 2503
700 2504
701 2504
702 2503
703 2503
704 2504
705 2505
706 2504
707 2504
708 2504
709 2504
710 2504
711 2504
712 2504
713 2505
714 2505
715 2505
716 2505
717 2504
718 2504
719 2505
720 2505
721 2505
722 2505
723 2506
724 2506
725 2506
726 2506
727 2507
728 2506
729 2506
730 2507
731 2506
732 2506
733 2506
734 2506
735 2506
736 2506
737 2507
738 2506
739 2506
740 2506
741 2507
742 2507
743 2506
744 2507
745 2507
746 2506
747 2506
748 2505
749 2506
750 2507
751 2505
752 2506
753 2507
754 2506
755 2506
756 2507
757 2506
758 2506
759 2506
760 2507
761 2507
762 2506
763 2506
764 2507
765 2507
766 2506
767 2508
768 2507
769 2507
770 2507
771 2507
772 2507
773 2507
774 2507
775 2508
776 2506
777 2507
778 2506
779 2506
780 2506
781 2506
782 2505
783 2506
784 2506
785 2506
786 2505
787 2506
788 2506
789 2506
790 2506
791 2506
792 2506
793 2505
794 2505
795 2505
796 2506
797 2504
798 2509
799 2505
800 2504
801 2504
802 2505
803 2505
804 2506
805 2505
806 2505
807 2506
808 2504
809 2504
810 2505
811 2506
812 2505
813 2505
814 2505
815 2504
816 2504
817 2505
818 2505
819 2504
820 2505
821 2507
822 2505
823 2505
824 2505
825 2505
826 2505
827 2505
828 2505
829 2506
830 2506
831 2506
832 2506
833 2507
834 2507
835 2507
836 2507
837 2507
838 2507
839 2508
840 2507
841 2506
842 2505
843 2505
844 2505
845 2505
846 2506
847 2506
848 2506
849 2506
850 2507
851 2507
852 2508
853 2508
854 2508
855 2507
856 2507
857 2507
858 2507
859 2511
860 2511
861 2508
862 2512
863 2512
864 2513
865 2511
866 2508
867 2507
868 2507
869 2511
870 2507
871 2507
872 2511
873 2508
874 2508
875 2509
876 2509
877 2511
878 2507
879 2508
880 2510
881 2509
882 2509
883 2509
884 2509
885 2512
886 2508
887 2512
888 2507
889 2507
890 2508
891 2509
892 2509
893 2509
894 2509
895 2508
896 2508
897 2508
898 2509
899 2508
900 2508
901 2508
902 2508
903 2509
904 2509
905 2509
906 2515
907 2515
908 2513
909 2508
910 2508
911 2508
912 2507
913 2507
914 2508
915 2513
916 2509
917 2508
918 2508
919 2507
920 2511
921 2510
922 2512
923 2511
924 2511
925 2511
926 2509
927 2509
928 2510
929 2509
930 2508
931 2509
932 2508
933 2506
934 2507
935 2507
936 2508
937 2510
938 2509
939 2509
940 2509
941 2508
942 2508
943 2507
944 2509
945 2510
946 2509
947 2514
948 2508
949 2508
950 2508
951 2508
952 2510
953 2508
954 2514
955 2509
956 2510
957 2510
958 2510
959 2508
960 2511
961 2509
962 2509
963 2509
964 2509
965 2510
966 2517
967 2516
968 2509
969 2509
970 2509
971 2509
972 2509
973 2508
974 2509
975 2516
976 2514
977 2512
978 2510
979 2514
980 2513
981 2518
982 2510
983 2521
984 2510
985 2517
986 2511
987 2511
988 2512
989 2512
990 2512
991 2512
992 2511
993 2511
994 2511
995 2511
996 2512
997 2512
998 2511
999 2511
1000 2511
1001 2510
1002 2509
1003 2508
1004 2509
1005 2509
1006 2509
1007 2508
1008 2510
1009 2510
1010 2511
1011 2513
1012 2511
1013 2511
1014 2512
1015 2511
1016 2511
1017 2512
1018 2513
1019 2512
1020 2512
1021 2513
1022 2512
1023 2517
1024 2512
1025 2512
1026 2512
1027 2517
1028 2514
1029 2513
1030 2516
1031 2512
1032 2517
1033 2513
1034 2513
1035 2513
1036 2514
1037 2513
1038 2513
1039 2515
1040 2513
1041 2514
1042 2517
1043 2516
1044 2515
1045 2515
1046 2515
1047 2514
1048 2515
1049 2519
1050 2515
1051 2514
1052 2517
1053 2514
1054 2515
1055 2514
1056 2516
1057 2514
1058 2515
1059 2515
1060 2515
1061 2514
1062 2515
1063 2516
1064 2514
1065 2514
1066 2515
1067 2515
1068 2515
1069 2520
1070 2513
1071 2513
1072 2513
1073 2517
1074 2523
1075 2523
1076 2517
1077 2516
1078 2518
1079 2516
1080 2515
1081 2515
1082 2518
1083 2515
1084 2519
1085 2514
1086 2514
1087 2518
1088 2514
1089 2513
1090 2513
1091 2512
1092 2520
1093 2516
1094 2514
1095 2513
1096 2516
1097 2512
1098 2515
1099 2514
1100 2514
1101 2513
1102 2519
1103 2516
1104 2513
1105 2515
1106 2513
1107 2513
1108 2519
1109 2511
1110 2512

50 9999
51 9999
52 9999
53 9999
54 9999
55 9999
56 9999
57 9999
58 9999
59 2515
60 9999
61 9999
62 9999
63 9999
64 9999
65 9999
66 9999
67 9999
68 9999
69 9999
70 9999
71 9999
72 9999
73 9999
74 9999
75 9999
76 9999
77 9999
78 9999
79 9999
80 9999
81 2519
82 9999
83 2517
84 2517
85 9999
86 9999
87 9999
88 9999
89 2517
90 9999
91 2517
92 2517
93 9999
94 9999
95 9999
96 9999
97 9999
98 9999
99 9999
100 9999
101 2518
102 9999
103 9999
104 9999
105 2521
106 9999
107 9999
108 9999
109 9999
110 9999
111 2520
112 2520
113 9999
114 9999
115 2520
116 2521
117 2521
118 9999
119 9999
120 9999
121 9999
122 9999
123 9999
124 9999
125 9999
126 9999
127 9999
128 2522
129 2521
130 2522
131 2521
132 2526
133 2522
134 2522
135 2522
136 9999
137 9999
138 2522
139 9999
140 2523
141 2524
142 9999
143 9999
144 2525
145 9999
146 2529
147 2523
148 2523
149 2524
150 9999
151 9999
152 9999
153 2521
154 9999
155 2527
156 2526
157 2525
158 2524
159 9999
160 2528
161 2523
162 2526
163 2523
164 2520
165 2524
166 2525
167 2525
168 2525
169 2526
170 2526
171 2526
172 2526
173 2525
174 2525
175 2525
176 2526
177 2526
178 2525
179 2527
180 2526
181 2526
182 2526
183 2525
184 2522
185 2527
186 2521
187 2525
188 2525
189 2526
190 2522
191 2528
192 2529
193 2530
194 2535
195 2536
196 2522
197 2523
198 2533
199 2531
200 2526
201 2524
202 2531
203 2531
204 2528
205 2531
206 2531
207 2530
208 2523
209 2521
210 2528
211 2527
212 2521
213 2528
214 2521
215 2529
216 2529
217 2531
218 2522
219 2526
220 2526
221 2532
222 2526
223 2527
224 2528
225 2529
226 2533
227 2528
228 2534
229 2527
230 2528
231 2530
232 2522
233 2526
234 2527
235 2528
236 2526
237 2529
238 2527
239 2528
240 2528
241 2520
242 2530
243 2530
244 2531
245 2527
246 2527
247 2530
248 2526
249 2528
250 2529
251 2527
252 2528
253 2523
254 2526
255 2525
256 2525
257 2526
258 2529
259 2530
260 2529
261 2527
262 2527
263 2526
264 2522
265 2529
266 2526
267 2526
268 2526
269 2526
270 2526
271 2526
272 2526
273 2526
274 2526
275 2526
276 2527
277 2526
278 2526
279 2526
280 2527
281 2528
282 2527
283 2527
284 2527
285 2528
286 2521
287 2529
288 2525
289 2528
290 2531
291 2530
292 2528
293 2528
294 2528
295 2520
379 2537
380 2538
381 2538
382 2539
383 2538
384 2540
385 2539
386 2539
387 2538
388 2539
389 2539
390 2540
391 2542
392 2540
393 2540
394 2541
395 2541
396 2541
397 2541
398 2541
399 2541
400 2541
401 2541
402 2541
403 2541
404 2541
405 2538
406 2540
407 2539
408 2540
409 2544
410 2540
411 2542
412 2545
413 2541
414 2545
415 2542
416 2539
417 2539
418 2538
419 2540
420 2539
421 2547
422 2540
423 2539
424 2539
425 2542
426 2546
427 2546
428 2540
429 2545
430 2542
431 2541
432 2543
433 2548
434 2541
435 2541
436 2541
437 2542
438 2541
439 2542
440 2541
441 2542
442 2542
443 2542
444 2542
445 2541
446 2541
447 2542
448 2543
449 2543
450 2542
451 2542
452 2546
453 2545
454 2543
455 2543
456 2547
457 2543
458 2543
459 2542
460 2541
461 2542
462 2543
463 2543
464 2542
465 2542
466 2542
467 2542
468 2542
469 2541
470 2542
471 2541
472 2541
473 2541
474 2542
475 2542
476 2541
477 2542
478 2542
479 2542
480 2547
481 2544
482 2540
483 2540
484 2542
485 2542
486 2541
487 2543
488 2541
489 2542
490 2543
491 2542
492 2542
493 2541
494 2541
495 2542
496 2541
497 2541
498 2541
499 2542
500 2541
501 2540
502 2541
503 2542
504 2542
505 2542
506 2540
507 2543
508 2540
509 2540
510 2540
511 2540
512 2538
513 2541
514 2541
515 2540
516 2541
517 2542
518 2540
519 2541
520 2540
521 2540
522 2540
523 2541
524 2541
525 2541
526 2539
527 2539
528 2533
529 2541
530 2540
531 2541
532 2541
533 2543
534 2539
535 2532
536 2543
537 2539
538 2540
539 2545
540 2539
541 2534
542 2539
543 2539
544 2543
545 2532
546 2542
547 2540
548 2542
549 2539
550 2543
551 2540
552 2540
553 2541
554 2541
555 2540
556 2540
557 2532
558 2543
559 2545
560 2543
561 2542
562 2531
563 2544
564 2540
565 2540
566 2537
567 2541
568 2539
569 2539
570 2539
571 2539
572 2539
573 2539
574 2539
575 2539
576 2533
577 2531
578 2532
579 2537
580 2538
581 2540
582 2537
583 2536
584 2538
585 2532
586 2537
587 2538
588 2538
589 2531
590 2539
591 2535
592 2538
593 2543
594 2544
595 2540
596 2533
597 2540
598 2543
599 2544
600 2541
601 2540
602 2539
603 2537
604 2543
605 2545
606 2536
607 2541
608 2540
609 2540
610 2531
611 2531
612 2535
613 2539
614 2539
615 2537
616 2538
617 2539
618 2538
619 2539
620 2539
621 2538
622 2536
623 2535
624 2538
625 2537
626 2540
627 2539
628 2539
629 2545
630 2544
631 2535
632 2541
633 2538
634 2538
635 2539
636 2538
637 2545
638 2539
639 2540
640 2539
641 2539
642 2539
643 2543
644 2539
645 2540
646 2539
647 2543
648 2546
649 2545
650 2538
651 2545
652 2532
653 2541
654 2540
655 2539
656 2545
657 2540
658 2539
659 2538
660 2543
661 2541
662 2533
663 2537
664 2541
665 2541
666 2542
667 2542
668 2541
669 2543
670 2541
671 2547
672 2540
673 2540
674 2540
675 2542
676 2540
677 2541
678 2541
679 2542
680 2541
681 2547
682 2541
683 2540
684 2540
685 2542
686 2541
687 2540
688 2541
689 2541
690 2541
691 2542
692 2542
693 2541
694 2546
695 2542
696 2542
697 2540
698 2545
699 2541
700 2546

