410 2501
411 2501
412 2501
413 2499
414 2498
415 2498
416 2500
417 2500
418 2500
419 2500
420 2500
421 2504
422 2504
423 2504
424 2503
425 2503
426 2502
427 2503
428 2500
429 2500
430 2501
431 2501
432 2501
433 2503
434 2501
435 2501
436 2505
437 2501
438 2502
439 2502
440 2502
441 2502
442 2503
443 2501
444 2502
445 2502
446 2500
447 2500
448 2501
449 2505
450 2502
451 2505
452 2504
453 2502
454 2503
455 2503
456 2503
457 2503
458 2504
459 2502
460 2503
461 2503
462 2503
463 2503
464 2504
465 2503
466 2503
467 2503
468 2504
469 2504
470 2503
471 2503
472 2503
473 2503
474 2504
475 2503
476 2504
477 2504
478 2504
479 2504
480 2504
481 2508
482 2508
483 2503
484 2505
485 2503
486 2504
487 2503
488 2505
489 2504
490 2509
491 2504
492 2504
493 2503
494 2504
495 2504
496 2503
497 2504
498 2503
499 2502
500 2503
501 2503
502 2504
503 2503
504 2503
505 2505
506 2504
507 2504
508 2504
509 2504
510 2504
511 2504
512 2504
513 2504
514 2504
515 2505
516 2505
517 2505
518 2505
519 2505
520 2505
521 2505
522 2505
523 2505
524 2505
525 2506
526 2505
527 2505
528 2505
529 2505
530 2505
531 2505
532 2505
533 2505
534 2506
535 2505
536 2505
537 2504
538 2504
539 2505
540 2505
541 2504
542 2505
543 2505
544 2507
545 2506
546 2505
547 2505
548 2505
549 2505
550 2506
551 2505
552 2506
553 2506
554 2506
555 2505
556 2506
557 2506
558 2505
559 2505
560 2505
561 2505
562 2505
563 2507
564 2507
565 2505
566 2507
567 2506
568 2507
569 2506
570 2506
571 2507
572 2506
573 2505
574 2505
575 2506
576 2506
577 2506
578 2509
579 2505
580 2506
581 2510
582 2511
583 2507
584 2506
585 2506
586 2511
587 2507
588 2508
589 2507
590 2506
591 2508
592 2507
593 2512
594 2510
595 2507
596 2512
597 2505
598 2505
599 2506
600 2507
601 2506
602 2511
603 2507
604 2507
605 2507
606 2513
607 2507
608 2507
609 2507
610 2507
611 2507
612 2507
613 2508
614 2508
615 2507
616 2508
617 2507
618 2507
619 2507
620 2507
621 2508
622 2508
623 2509
624 2508
625 2508
626 2508
627 2508
628 2507
629 2507
630 2507
631 2508
632 2508
633 2507
634 2507
635 2507
636 2507
637 2508
638 2507
639 2507
640 2507
641 2507
642 2507
643 2508
644 2507
645 2507
646 2507
647 2507
648 2507
649 2506
650 2506
651 2506
652 2506
653 2506
654 2506
655 2506
656 2506
657 2506
658 2506
659 2506
660 2506
661 2506
662 2506
663 2506
664 2506
665 2506
666 2506
667 2506
668 2506
669 2506
670 2506
671 2511
672 2506
673 2506
674 2506
675 2506
676 2506
677 2505
678 2506
679 2506
680 2506
681 2506
682 2506
683 2506
684 2506
685 2506
686 2508
687 2506
688 2505
689 2505
690 2506
691 2505
692 2505
693 2506
694 2505
695 2506
696 2505
697 2505
698 2505
699 2508
700 2505
701 2505
702 2505
703 2505
704 2505
705 2505
706 2505
707 2506
708 2505
709 2505
710 2505
711 2505
712 2506
713 2505
714 2505
715 2505
716 2505
717 2505
718 2505
719 2506
720 2506
721 2506
722 2504
723 2507
724 2507
725 2506
726 2503
727 2504
728 2505
729 2505
730 2507
731 2508
732 2504
733 2504
734 2509
735 2505
736 2506
737 2506
738 2506
739 2506
740 2513
741 2508
742 2507
743 2509
744 2508
745 2507
746 2513
747 2517
748 2502
749 2502
750 2505
751 2517
752 2504
753 2511
754 2505
755 2505
756 2506
757 2506
758 2506
759 2507
760 2506
761 2507
762 2508
763 2515
764 2515
765 2515
766 2515
767 2515
768 2510
769 2515
770 2515
771 2506
772 2506
773 2508
774 2511
775 2513
776 2506
777 2506
778 2506
779 2507
780 2513
781 2505
782 2506
783 2505
784 2505
785 2510
786 2506
787 2510
788 2510
789 2509
790 2507
791 2507
792 2507
793 2507
794 2516
795 2507
796 2507
797 2507
798 2509
799 2506
800 2506
801 2507
802 2506
803 2506
804 2506
805 2507
806 2510
807 2510
808 2506
809 2507
810 2511
811 2508
812 2507
813 2507
814 2508
815 2507
816 2507
817 2507
818 2507
819 2508
820 2507
821 2507
822 2507
823 2516
824 2507
825 2508
826 2508
827 2507
828 2507
829 2507
830 2507
831 2507
832 2507
833 2507
834 2507
835 2506
836 2507
837 2506
838 2507
839 2506
840 2507
841 2506
842 2507
843 2506
844 2507
845 2507
846 2507
847 2507
848 2508
849 2506
850 2507
851 2511
852 2507
853 2506
854 2506
855 2507
856 2507
857 2507
858 2507
859 2506
860 2506
861 2505
862 2505
863 2505
864 2505
865 2503
866 2505
867 2505
868 2515
869 2507
870 2506
871 2507
872 2506
873 2509
874 2507
875 2505
876 2508
877 2507
878 2511
879 2506
880 2514
881 2510
882 2519
883 2513
884 2508
885 2510
886 2507
887 2507
888 2508
889 2508
890 2510
891 2507
892 2507
893 2507
894 2507
895 2508
896 2507
897 2507
898 2507
899 2508
900 2508
901 2508
902 2509
903 2508
904 2507
905 2507
906 2508
907 2508
908 2510
909 2509
910 2508
911 2510
912 2508
913 2508
914 2509
915 2508
916 2510
917 2508
918 2508
919 2509
920 2509
921 2508
922 2508
923 2509
924 2509
925 2508
926 2508
927 2508
928 2509
929 2508
930 2513
931 2510
932 2511
933 2510
934 2510
935 2511
936 2510
937 2510
938 2509
939 2509
940 2509
941 2509
942 2509
943 2509
944 2508
945 2508
946 2508
947 2509
948 2509
949 2509
950 2509
951 2509
952 2509
953 2509
954 2508
955 2508
956 2508
957 2507
958 2508
959 2516
960 2508
961 2508
962 2508
963 2509
964 2508
965 2508
966 2510
967 2509
968 2509
969 2507
970 2508
971 2508
972 2507
973 2507
974 2507
975 2507
976 2507
977 2506
978 2506
979 2507
980 2507
981 2506
982 2506
983 2508
984 2507
985 2507
986 2506
987 2507
988 2507
989 2506
990 2506
991 2506
992 2506
993 2506
994 2507
995 2507
996 2507
997 2507
998 2507
999 2507
1000 2507
1001 2508
1002 2508
1003 2507
1004 2508
1005 2508
1006 2508
1007 2507
1008 2508
1009 2508
1010 2507
1011 2508
1012 2507
1013 2508
1014 2507
1015 2513
1016 2512
1017 2508
1018 2508
1019 2508
1020 2508
1021 2508
1022 2507
1023 2508
1024 2507
1025 2507
1026 2507
1027 2506
1028 2506
1029 2506
1030 2506
1031 2506
1032 2506
1033 2506
1034 2506
1035 2506
1036 2506
1037 2505
1038 2505
1039 2506
1040 2505
1041 2505
1042 2505
1043 2505
1044 2505
1045 2506
1046 2508
1047 2507
1048 2509
1049 2509
1050 2510
1051 2513
1052 2511
1053 2510
1054 2509
1055 2508
1056 2508
1057 2510
1058 2509
1059 2510
1060 2509
1061 2510
1062 2509
1063 2509
1064 2510
1065 2508
1066 2508
1067 2508
1068 2509
1069 2508
1070 2508
1071 2508
1072 2507
1073 2507
1074 2508
1075 2507
1076 2508
1077 2508
1078 2508
1079 2508
1080 2508
1081 2508
1082 2508
1083 2509
1084 2514
1085 2509
1086 2509
1087 2509
1088 2515
1089 2508
1090 2508
1091 2509
1092 2507
1093 2509
1094 2511
1095 2510
1096 2514
1097 2509
1098 2509
1099 2509
1100 2511
1101 2513
1102 2518
1103 2513
1104 2513
1105 2511
1106 2514
1107 2512
1108 2512
1109 2511
1110 2512
1111 2511
1112 2509
1113 2509
1114 2521
1115 2514
1116 2507
1117 2507
1118 2507
1119 2511
1120 2507
1121 2514
1122 2508
1123 2511
1124 2509
1125 2508
1126 2508
1127 2508
1128 2507
1129 2507
1130 2507
1131 2506
1132 2507
1133 2507
1134 2507
1135 2506
1136 2507
1137 2507
1138 2507
1139 2507
1140 2507
1141 2508
1142 2507
1143 2515
1144 2509
1145 2510
1146 2509
1147 2509
1148 2509
1149 2509
1150 2509
1151 2509
1152 2507
1153 2507
1154 2507
1155 2508
1156 2508
1157 2508
1158 2507
1159 2506
1160 2508
1161 2506
1162 2504
1163 2505
1164 2506
1165 2507
1166 2505
1167 2505
1168 2503
1169 2506
1170 2506
1171 2506
1172 2506
1173 2505
1174 2504
1175 2504
1176 2504
1177 2504
1178 2504
1179 2504
1180 2510
1181 2508
1182 2505
1183 2506
1184 2506
1185 2512
1186 2506
1187 2505
1188 2505
1189 2506
1190 2508
1191 2509
1192 2510
1193 2509
1194 2509
1195 2509
1196 2509
1197 2509
1198 2508
1199 2509
1200 2507
1201 2512
1202 2511
1203 2510
1204 2519
1205 2507
1206 2508
1207 2507
1208 2508
1209 2508
1210 2510
1211 2509
1212 2507
1213 2508
1214 2507
1215 2508
1216 2508
1217 2507
1218 2517
1219 2507
1220 2506
1221 2506
1222 2517
1223 2516
1224 2505
1225 2505
1226 2505
1227 2506
1228 2504
1229 2505
1230 2505
1231 2506
1232 2504
1233 2504
1234 2505
1235 2507
1236 2504
1237 2504
1238 2504
1239 2506
1240 2505
1241 2505
1242 2505
1243 2504
1244 2504
1245 2504
1246 2503
1247 2504
1248 2504
1249 2504
1250 2504
1251 2506
1252 2505
1253 2505
1254 2504
1255 2505
1256 2503
1257 2503
1258 2502
1259 2505
1260 2503
1261 2503
1262 2503
1263 2503
1264 2502
1265 2501
1266 2502
1267 2502
1268 2502
1269 2503
1270 2502
1271 2502
1272 2501
1273 2501
1274 2501
1275 2500
1276 2500
1277 2500
1278 2501
1279 2501
1280 2501
1281 2502
1282 2507
1283 2501
1284 2501
1285 2506
1286 2510
1287 2499
1288 2503
1289 2500
1290 2499
1291 2499
1292 2498
1293 2498
1294 2510
1295 2501
1296 2500
1297 2499
1298 2499
1299 2499
1300 2503
1301 2502
1302 2501
1303 2502
1304 2501
1305 2502
1306 2502
1307 2502
1308 2504
1309 2501
1310 2502
1311 2502
1312 2502
1313 2501
1314 2508
1315 2502
1316 2504
1317 2502
1318 2502
1319 2503
1320 2502
1321 2502
1322 2502
1323 2502
1324 2502
1325 2502
1326 2502
1327 2503
1328 2502
1329 2504
1330 2502
1331 2503
1332 2503
1333 2504
1334 2502
1335 2501
1336 2502
1337 2505
1338 2502
1339 2501
1340 2502
1341 2502
1342 2502
1343 2501
1344 2501
1345 2501
1346 2500
1347 2502
1348 2500
1349 2501
1350 2502
1351 2512
1352 2503
1353 2501
1354 2503
1355 2502
1356 2502
1357 2502
1358 2503
1359 2504
1360 2502
1361 2502
1362 2502
1363 2501
1364 2502
1365 2502
1366 2502
1367 2503
1368 2501
1369 2501
1370 2502
1371 2500
1372 2504
1373 2505
1374 2505
1375 2505
1376 2504
1377 2504
1378 2501
1379 2502
1380 2506
1381 2505
1382 2504
1383 2504
1384 2505
1385 2500
1386 2502
1387 2502
1388 2502
1389 2503
1390 2502
1391 2502
1392 2500
1393 2505
1394 2502
1395 2502
1396 2502
1397 2503
1398 2506
1399 2503
1400 2504
1401 2503
1402 2503
1403 2501
1404 2501
1405 2506
1406 2504
1407 2503
1408 2503
1409 2502
1410 2503
1411 2503
1412 2502
1413 2502
1414 2503
1415 2502
1416 2502
1417 2502
1418 2502
1419 2502
1420 2501
1421 2503
1422 2501
1423 2502
1424 2502
1425 2503
1426 2500
1427 2499
1428 2498
1429 2499
1430 2501
1431 2501
1432 2502
1433 2502
1434 2505
1435 2506
1436 2512
1437 2502
1438 2500
1439 2500
1440 2500
1441 2500
1442 2501
1443 2500
1444 2500
1445 2501
1446 2501
1447 2500
1448 2500
1449 2500
1450 2500
1451 2501
1452 2500
1453 2500
1454 2500
1455 2500
1456 2502
1457 2500
1458 2500
1459 2500
1460 2500
1461 2500
1462 2500
1463 2513
1464 2514
1465 2502
1466 2499
1467 2500
1468 2501
1469 2499
1470 2501
1471 2497
1472 2497
1473 2497
1474 2504
1475 2498
1476 2504
1477 2497
1478 2497
1479 2500
1480 2500
1481 2499
1482 2499
1483 2499
1484 2506
1485 2499
1486 2500
1487 2500
1488 2499
1489 2499
1490 2500
1491 2500
1492 2499
1493 2499
1494 2500
1495 2499
1496 2499
1497 2499
1498 2500
1499 2502
1500 2499
1501 2499
1502 2499
1503 2499
1504 2499
1505 2499
1506 2501
1507 2499
1508 2498
1509 2499
1510 2500
1511 2499
1512 2499
1513 2499
1514 2500
1515 2499
1516 2499
1517 2498
1518 2499
1519 2499
1520 2499
1521 2500
1522 2500
1523 2500
1524 2500
1525 2500
1526 2499
1527 2499
1528 2499
1529 2500
1530 2500
1531 2499
1532 2503
1533 2501
1534 2499
1535 2499
1536 2502
1537 2503
1538 2500
1539 2503
1540 2502
1541 2500
1542 2499
1543 2499
1544 2501
1545 2501
1546 2501
1547 2502
1548 2505
1549 2498
1550 2498
1551 2498
1552 2499
1553 2500
1554 2500
1555 2498
1556 2499
1557 2499
1558 2500
1559 2502
1560 2499
1561 2499
1562 2499
1563 2499
1564 2499
1565 2501
1566 2500
1567 2503
1568 2502
1569 2501
1570 2501
1571 2502
1572 2502
1573 2501
1574 2501
1575 2501
1576 2501
1577 2505
1578 2500
1579 2501
1580 2501
1581 2503
1582 2500
1583 2499
1584 2497
1585 2496
1586 2497
1587 2497
1588 2499
1589 2512
1590 2500
1591 2500
1592 2503
1593 2502
1594 2500
1595 2499
1596 2500
1597 2499
1598 2499
1599 2500
1600 2500
1601 2501
1602 2500
1603 2500
1604 2500
1605 2500
1606 2500
1607 2499
1608 2499
1609 2499
1610 2500
1611 2500
1612 2497
1613 2498
1614 2499
1615 2498
1616 2498
1617 2502
1618 2499
1619 2502
1620 2504
1621 2500
1622 2500
1623 2500
1624 2500
1625 2500
1626 2499
1627 2499
1628 2500
1629 2500
1630 2500
1631 2499
1632 2499
1633 2499
1634 2501
1635 2499
1636 2499
1637 2499
1638 2498
1639 2499
1640 2499
1641 2503
1642 2500
1643 2501
1644 2502
1645 2501
1646 2501
1647 2501
1648 2501
1649 2501
1650 2502
1651 2501
1652 2501
1653 2501
1654 2501
1655 2501
1656 2500
1657 2500
1658 2501
1659 2499
1660 2499
1661 2500
1662 2500
1663 2500
1664 2500
1665 2501
1666 2502
1667 2501
1668 2503
1669 2503
1670 2500
1671 2500
1672 2501
1673 2498
1674 2498
1675 2498
1676 2497
1677 2495
1678 2496
1679 2497
1680 2499
1681 2496
1682 2497
1683 2498
1684 2498
1685 2498
1686 2498
1687 2496
1688 2496
1689 2496
1690 2502
1691 2499
1692 2498
1693 2499
1694 2500
1695 2500
1696 2500
1697 2500
1698 2501
1699 2500
1700 2501
1701 2500
1702 2499
1703 2499
1704 2502
1705 2499
1706 2498
1707 2498
1708 2498
1709 2499
1710 2499
1711 2499
1712 2502
1713 2499
1714 2499
1715 2503
1716 2504
1717 2503
1718 2502
1719 2501
1720 2502
1721 2503
1722 2502
1723 2501
1724 2500
1725 2502
1726 2503
1727 2504
1728 2503
1729 2503
1730 2502
1731 2502
1732 2503
1733 2506
1734 2503
1735 2504
1736 2503
1737 2503
1738 2502
1739 2503
1740 2503
1741 2502
1742 2502
1743 2500
1744 2500
1745 2499
1746 2500
1747 2499
1748 2500
1749 2500
1750 2500
1751 2500
1752 2500
1753 2501
1754 2502
1755 2503
1756 2501
1757 2502
1758 2503
1759 2504
1760 2503
1761 2504
1762 2502
1763 2503
1764 2504
1765 2503
1766 2503
1767 2503
1768 2502
1769 2505
1770 2503
1771 2503
1772 2504
1773 2502
1774 2504
1775 2502
1776 2501
1777 2502
1778 2502
1779 2502
1780 2503
1781 2502
1782 2502
1783 2501
1784 2502
1785 2500
1786 2501
1787 2501
1788 2501
1789 2499
1790 2501
1791 2500
1792 2503
1793 2500
1794 2501
1795 2500
1796 2500
1797 2501
1798 2500
1799 2501
1800 2500
1801 2500
1802 2499
1803 2500
1804 2501
1805 2501
1806 2501
1807 2500
1808 2501
1809 2500
1810 2501
1811 2500
1812 2501
1813 2502
1814 2502
1815 2501
1816 2501
1817 2500
1818 2500
1819 2499
1820 2499
1821 2502
1822 2501
1823 2499
1824 2499
1825 2499
1826 2499
1827 2505
1828 2499
1829 2499
1830 2507
1831 2499
1832 2501
1833 2500
1834 2499
1835 2499
1836 2500
1837 2499
1838 2500
1839 2499
1840 2503
1841 2499
1842 2500
1843 2502
1844 2501
1845 2499
1846 2506
1847 2498
1848 2499
1849 2499
1850 2499
1851 2500
1852 2499
1853 2499
1854 2499
1855 2501
1856 2499
1857 2498
1858 2499
1859 2500
1860 2502
1861 2500
1862 2502
1863 2500
1864 2500
1865 2500
1866 2507
1867 2500
1868 2500
1869 2501
1870 2500
1871 2500
1872 2500
1873 2501
1874 2501
1875 2501
1876 2501
1877 2500
1878 2501
1879 2502
1880 2502
1881 2503
1882 2503
1883 2501
1884 2500
1885 2500
1886 2500
1887 2500
1888 2499
1889 2504
1890 2499
1891 2499
1892 2498
1893 2498
1894 2498
1895 2498
1896 2498
1897 2498
1898 2498
1899 2498
1900 2498
1901 2498
1902 2498
1903 2499
1904 2498
1905 2499
1906 2499
1907 2499
1908 2499
1909 2499
1910 2499
1911 2500
1912 2502
1913 2501
1914 2499
1915 2503
1916 2501
1917 2501
1918 2501
1919 2502
1920 2501
1921 2502
1922 2501
1923 2502
1924 2502
1925 2501
1926 2501
1927 2502
1928 2501
1929 2501
1930 2501
1931 2501
1932 2501
1933 2501
1934 2500
1935 2500
1936 2500
1937 2500
1938 2500
1939 2500
1940 2500
1941 2501
1942 2501
1943 2501
1944 2501
1945 2501
1946 2501
1947 2501
1948 2501
1949 2501
1950 2501
1951 2502
1952 2502
1953 2502
1954 2502
1955 2502
1956 2502
1957 2502
1958 2502
1959 2502
1960 2503
1961 2503
1962 2502
1963 2504
1964 2504
1965 2503
1966 2503
1967 2501
1968 2501
1969 2501
1970 2501
1971 2501
1972 2501
1973 2502
1974 2502
1975 2501
1976 2501
1977 2501
1978 2501
1979 2501
1980 2502
1981 2502
1982 2502
1983 2502
1984 2502
1985 2502
1986 2502
1987 2502
1988 2502
1989 2502
1990 2503
1991 2503
1992 2503
1993 2504
1994 2503
1995 2503
1996 2503
1997 2504
1998 2504
1999 2503
2000 2504
2001 2504
2002 2504
2003 2503
2004 2503
2005 2505
2006 2504
2007 2505
2008 2509
2009 2505
2010 2505
2011 2509
2012 2505
2013 2508
2014 2508
2015 2512
2016 2511
2017 2511
2018 2507
2019 2510
2020 2508
2021 2508
2022 2508
2023 2508
2024 2509
2025 2508
2026 2512
2027 2508
2028 2511
2029 2506
2030 2509
2031 2506
2032 2506
2033 2507
2034 2504
2035 2503
2036 2503
2037 2503
2038 2503
2039 2507
2040 2504
2041 2504
2042 2509
2043 2506
2044 2505
2045 2507
2046 2507
2047 2503
2048 2505
2049 2506
2050 2505
2051 2518
2052 2504
2053 2505
2054 2508
2055 2509
2056 2508
2057 2506
2058 2505
2059 2505
2060 2504
2061 2504
2062 2505
2063 2505
2064 2505
2065 2505
2066 2505
2067 2506
2068 2507
2069 2508
2070 2507
2071 2506
2072 2506
2073 2505
2074 2506
2075 2507
2076 2507
2077 2506
2078 2508
2079 2507
2080 2506
2081 2506
2082 2507
2083 2507
2084 2510
2085 2509
2086 2506
2087 2513
2088 2517
2089 2508
2090 2507
2091 2506
2092 2504
2093 2504
2094 2503
2095 2504
2096 2510
2097 2504
2098 2505
2099 2506
2100 2506
2101 2507
2102 2506
2103 2505
2104 2504
2105 2503
2106 2506
2107 2506
2108 2505
2109 2504
2110 2502
2111 2502
2112 2512
2113 2506
2114 2505
2115 2507
2116 2507
2117 2507
2118 2507
2119 2508
2120 2508
2121 2507
2122 2506
2123 2505
2124 2505
2125 2505
2126 2504
2127 2503
2128 2503
2129 2503
2130 2503
2131 2503
2132 2504
2133 2504
2134 2505
2135 2504
2136 2507
2137 2506
2138 2502
2139 2502
2140 2501
2141 2500
2142 2499
2143 2499
2144 2497
2145 2498
2146 2496
2147 2500
2148 2499
2149 2500
2150 2500
2151 2498
2152 2497
2153 2496
2154 2497
2155 2496
2156 2496
2157 2496
2158 2495
2159 2495
2160 2494
2161 2494
2162 2494
2163 2494
2164 2493
2165 2494
2166 2500
2167 2492

579 2544
580 2542
581 2546
582 2537
583 2543
584 2544
585 2544
586 2544
587 2538
588 2544
589 2545
590 2544
591 2544
592 2545
593 2545
594 2542
595 2547
596 2545
597 2547
598 2547
599 2546
600 2547
601 2539
602 2543
603 2540
604 2547
605 2548
606 2546
607 2551
608 2546
609 2544
610 2546
611 2544
612 2543
613 2544
614 2545
615 2546
616 2546
617 2546
618 2544
619 2544
620 2544
621 2545
622 2546
623 2544
624 2544
625 2547
626 2547
627 2547
628 2544
629 2550
630 2548
631 2546
632 2545
633 2546
634 2544
635 2544
636 2545
637 2548
638 2549
639 2545
640 2546
641 2546
642 2545
643 2546
644 2545
645 2547
646 2546
647 2545
648 2537
649 2548
650 2545
651 2543
652 2545
653 2551
654 2547
655 2547
656 2546
657 2543
658 2544
659 2537
660 2549
661 2543
662 2543
663 2549
664 2545
665 2548
666 2551
667 2544
668 2544
669 2540
670 2543
671 2545
672 2544
673 2543
674 2542
675 2545
676 2537
677 2542
678 2543
679 2545
680 2545
681 2548
682 2545
683 2544
684 2545
685 2544
686 2545
687 2546
688 2548
689 2544
690 2543
691 2547
692 2541
693 2545
694 2542
695 2546
696 2544
697 2546
698 2545
699 2545
700 2546
701 2544
702 2544
703 2549
704 2549
705 2544
706 2542
707 2540
708 2545
709 2541
710 2543
711 2541
712 2541
713 2547
714 2551
715 2539
716 2538
717 2538
718 2545
719 2543
720 2543
721 2543
722 2541
723 2541
724 2545
725 2548
726 2546
727 2543
728 2538
729 2552
730 2545
731 2552
732 2541
733 2538
734 2550
735 2551
736 2544
737 2545
738 2540
739 2540
740 2543
741 2542
742 2541
743 2539
744 2547
745 2546
746 2546
747 2542
748 2543
749 2541
750 2550
751 2539
752 2551
753 2541
754 2539
755 2551
756 2549
757 2547
758 2551
759 2544
760 2544
761 2549
762 2547
763 2547
764 2553
765 2542
766 2541
767 2548
768 2541
769 2548
770 2548
771 2543
772 2549
773 2551
774 2549
775 2542
776 2550
777 2541
778 2548
779 2543
780 2549
781 2546
782 2555
783 2549
784 2547
785 2547
786 2549
787 2541
788 2552
789 2555
790 2552
791 2543
792 2547
793 2556
794 2547
795 2546
796 2548
797 2549
798 2550
799 2542
800 2547
801 2548
802 2548
803 2544
804 2544
805 2550
806 2551
807 2544
808 2550
809 2552
810 2552
811 2549
812 2549
813 2547
814 2550
815 2553
816 2545
817 2549
818 2551
819 2550
820 2550
821 2548
822 2548
823 2551
883 2550
884 2550
885 2549
886 2551
887 2548
888 2542
889 2548
890 2551
891 2550
892 2551
893 2551
894 2552
895 2545
896 2556
897 2553
898 2550
899 2550
900 2552
901 2549
902 2549
903 2553
904 2545
905 2552
906 2544
907 2548
908 2557
909 2555
910 2545
911 2545
912 2551
913 2556
914 2545
915 2550
916 2546
917 2545
918 2551
919 2549
920 2549
921 2551
922 2550
923 2551
924 2553
925 2551
926 2550
927 2547
928 2544
929 2551
930 2549
931 2548
932 2558
933 2558
934 2546

