2874 2495
2875 2496
2876 2496
2877 2495
2878 2495
2879 2495
2880 2496
2881 2496
2882 2496
2883 2496
2884 2496
2885 2496
2886 2496
2887 2495
2888 2495
2889 2495
2890 2496
2891 2495
2892 2494
2893 2495
2894 2495
2895 2495
2896 2495
2897 2495
2898 2495
2899 2495
2900 2496
2901 2495
2902 2495
2903 2495
2904 2496
2905 2495
2906 2498
2907 2495
2908 2495
2909 2495
2910 2495
2911 2497
2912 2498
2913 2495
2914 2495
2915 2495
2916 2495
2917 2495
2918 2495
2919 2495
2920 2495
2921 2495
2922 2495
2923 2495
2924 2495
2925 2495
2926 2495
2927 2495
2928 2495
2929 2495
2930 2495
2931 2495
2932 2494
2933 2496
2934 2496
2935 2496
2936 2496
2937 2496
2938 2498
2939 2496
2940 2497
2941 2497
2942 2497
2943 2498
2944 2498
2945 2498
2946 2498
2947 2499
2948 2499
2949 2499
2950 2499
2951 2500
2952 2500
2953 2501
2954 2500
2955 2500
2956 2501
2957 2501
2958 2501
2959 2501
2960 2501
2961 2500
2962 2501
2963 2501
2964 2501
2965 2501
2966 2500
2967 2501
2968 2501
2969 2500
2970 2500
2971 2500
2972 2500
2973 2500
2974 2500
2975 2500
2976 2500
2977 2499
2978 2499
2979 2499
2980 2499
2981 2499
2982 2499
2983 2498
2984 2497
2985 2497
2986 2497
2987 2497
2988 2497
2989 2497
2990 2496
2991 2496
2992 2496
2993 2496
2994 2496
2995 2496
2996 2496
2997 2496
2998 2496
2999 2496
3000 2496
3001 2496
3002 2495
3003 2495
3004 2495
3005 2495
3006 2495
3007 2495
3008 2495
3009 2495
3010 2495
3011 2495
3012 2495
3013 2496
3014 2496
3015 2496
3016 2496
3017 2496
3018 2495
3019 2496
3020 2496
3021 2496
3022 2496
3023 2496
3024 2496
3025 2496
3026 2496
3027 2497
3028 2497
3029 2497
3030 2497
3031 2496
3032 2496
3033 2496
3034 2496
3035 2496
3036 2496
3037 2496
3038 2496
3039 2496
3040 2496
3041 2496
3042 2497
3043 2496
3044 2497
3045 2496
3046 2496
3047 2496
3048 2496
3049 2496
3050 2496
3051 2496
3052 2496
3053 2496
3054 2496
3055 2496
3056 2496
3057 2496
3058 2496
3059 2496
3060 2497
3061 2497
3062 2497
3063 2498
3064 2497
3065 2497
3066 2497
3067 2498
3068 2498
3069 2498
3070 2498
3071 2498
3072 2498
3073 2498
3074 2499
3075 2499
3076 2499
3077 2499
3078 2499
3079 2499
3080 2499
3081 2499
3082 2499
3083 2499
3084 2498
3085 2499
3086 2498
3087 2499
3088 2499
3089 2499
3090 2498
3091 2498
3092 2498
3093 2497
3094 2498
3095 2498
3096 2498
3097 2498
3098 2498
3099 2498
3100 2498
3101 2499
3102 2498
3103 2499
3104 2499
3105 2498
3106 2498
3107 2499
3108 2499
3109 2499
3110 2499
3111 2499
3112 2499
3113 2499
3114 2499
3115 2499
3116 2499
3117 2499
3118 2499
3119 2499
3120 2499
3121 2499
3122 2499
3123 2499
3124 2499
3125 2499
3126 2499
3127 2499
3128 2499
3129 2499
3130 2498
3131 2498
3132 2498
3133 2498
3134 2499
3135 2498
3136 2498
3137 2499
3138 2498
3139 2499
3140 2499
3141 2499
3142 2499
3143 2498
3144 2499
3145 2499
3146 2499
3147 2499
3148 2499
3149 2499
3150 2499
3151 2499
3152 2499
3153 2499
3154 2499
3155 2499
3156 2499
3157 2499
3158 2499
3159 2499
3160 2500
3161 2500
3162 2500
3163 2500
3164 2500
3165 2500
3166 2500
3167 2500
3168 2500
3169 2500
3170 2500
3171 2499
3172 2499
3173 2499
3174 2499
3175 2499
3176 2499
3177 2500
3178 2499
3179 2499
3180 2499
3181 2500
3182 2499
3183 2499
3184 2499
3185 2499
3186 2500
3187 2500
3188 2499
3189 2500
3190 2499
3191 2499
3192 2499
3193 2499
3194 2499
3195 2499
3196 2499
3197 2499
3198 2499
3199 2499
3200 2499
3201 2499
3202 2500
3203 2499
3204 2499
3205 2499
3206 2499
3207 2499
3208 2499
3209 2499
3210 2498
3211 2497
3212 2497
3213 2498
3214 2497
3215 2497
3216 2497
3217 2497
3218 2497
3219 2497
3220 2497
3221 2497
3222 2497
3223 2497
3224 2497
3225 2497
3226 2496
3227 2496
3228 2496
3229 2496
3230 2497
3231 2497
3232 2497
3233 2496
3234 2496
3235 2495
3236 2495
3237 2496
3238 2496
3239 2496
3240 2496
3241 2496
3242 2496
3243 2496
3244 2496
3245 2496
3246 2496
3247 2496
3248 2496
3249 2495
3250 2496
3251 2496
3252 2496
3253 2496
3254 2497
3255 2497
3256 2497
3257 2497
3258 2497
3259 2497
3260 2497
3261 2497
3262 2497
3263 2496
3264 2497
3265 2497
3266 2497
3267 2496
3268 2497
3269 2497
3270 2497
3271 2497
3272 2497
3273 2497
3274 2496
3275 2496
3276 2496
3277 2496
3278 2496
3279 2496
3280 2496
3281 2496
3282 2496
3283 2496
3284 2496
3285 2496
3286 2496
3287 2496
3288 2496
3289 2496
3290 2496
3291 2496
3292 2496
3293 2496
3294 2496
3295 2496
3296 2496
3297 2495
3298 2495
3299 2495
3300 2495
3301 2495
3302 2495
3303 2495
3304 2495
3305 2495
3306 2495
3307 2495
3308 2495
3309 2495
3310 2495
3311 2495
3312 2495
3313 2495
3314 2495
3315 2495
3316 2494
3317 2495
3318 2494
3319 2494
3320 2495
3321 2495
3322 2494
3323 2494
3324 2494
3325 2494
3326 2494
3327 2494
3328 2494
3329 2494
3330 2494
3331 2494
3332 2494
3333 2495
3334 2494
3335 2494
3336 2494
3337 2494
3338 2494
3339 2494
3340 2494
3341 2494
3342 2494
3343 2494
3344 2494
3345 2495
3346 2494
3347 2495
3348 2494
3349 2494
3350 2494
3351 2494
3352 2495
3353 2494
3354 2494
3355 2494
3356 2494
3357 2494
3358 2494
3359 2494
3360 2494
3361 2494
3362 2493
3363 2493
3364 2493
3365 2493
3366 2493
3367 2494
3368 2493
3369 2493
3370 2493
3371 2493
3372 2493
3373 2492
3374 2493
3375 2493
3376 2493
3377 2493
3378 2493
3379 2494
3380 2493
3381 2493
3382 2493
3383 2494
3384 2494
3385 2494
3386 2494
3387 2494
3388 2495
3389 2495
3390 2495
3391 2495
3392 2495
3393 2495
3394 2495
3395 2495
3396 2495
3397 2495
3398 2496
3399 2495
3400 2495
3401 2495
3402 2495
3403 2495
3404 2496
3405 2495
3406 2496
3407 2496
3408 2495
3409 2495
3410 2495
3411 2495
3412 2495
3413 2496
3414 2495
3415 2496
3416 2495
3417 2495
3418 2495
3419 2496
3420 2495
3421 2495
3422 2495
3423 2495
3424 2495
3425 2496
3426 2496
3427 2496
3428 2496
3429 2495
3430 2495
3431 2495
3432 2495
3433 2495
3434 2495
3435 2495
3436 2495
3437 2495
3438 2495
3439 2495
3440 2495
3441 2495
3442 2495
3443 2495
3444 2495
3445 2496
3446 2495
3447 2495
3448 2495
3449 2494
3450 2494
3451 2495
3452 2495
3453 2495
3454 2495
3455 2495
3456 2494
3457 2494
3458 2494
3459 2495
3460 2494
3461 2494
3462 2494
3463 2494
3464 2494
3465 2493
3466 2494
3467 2493
3468 2493
3469 2493
3470 2493
3471 2493
3472 2493
3473 2493
3474 2492
3475 2492
3476 2492
3477 2492
3478 2493
3479 2493
3480 2492
3481 2492
3482 2492
3483 2492
3484 2493
3485 2492
3486 2492
3487 2492
3488 2492
3489 2492
3490 2492
3491 2492
3492 2492
3493 2492
3494 2492
3495 2492
3496 2492
3497 2493
3498 2493
3499 2493
3500 2493
3501 2492
3502 2492
3503 2492
3504 2492
3505 2492
3506 2492
3507 2492
3508 2493
3509 2492
3510 2492
3511 2492
3512 2491
3513 2492
3514 2492
3515 2492
3516 2492
3517 2492
3518 2492
3519 2492
3520 2492
3521 2492
3522 2492
3523 2492
3524 2492
3525 2492
3526 2492
3527 2492
3528 2492
3529 2492
3530 2493
3531 2493
3532 2493
3533 2493
3534 2493
3535 2493
3536 2493
3537 2493
3538 2493
3539 2493
3540 2492
3541 2492
3542 2492
3543 2492
3544 2493
3545 2493
3546 2492
3547 2492
3548 2493
3549 2493
3550 2493
3551 2493
3552 2493
3553 2493
3554 2493
3555 2493
3556 2492
3557 2493
3558 2492
3559 2493
3560 2492
3561 2492
3562 2492
3563 2492
3564 2492
3565 2492
3566 2492
3567 2493
3568 2493
3569 2493
3570 2493
3571 2493
3572 2493
3573 2493
3574 2493
3575 2493
3576 2494
3577 2494
3578 2494
3579 2494
3580 2494
3581 2494
3582 2494
3583 2494
3584 2494
3585 2494
3586 2494
3587 2494
3588 2494
3589 2494
3590 2494
3591 2494
3592 2494
3593 2494
3594 2494
3595 2494
3596 2494
3597 2493
3598 2494
3599 2495
3600 2495
3601 2496
3602 2495
3603 2495
3604 2494
3605 2493
3606 2493
3607 2494
3608 2494
3609 2496
3610 2493
3611 2493
3612 2493
3613 2493
3614 2493
3615 2493
3616 2493
3617 2492
3618 2493
3619 2493
3620 2493
3621 2493
3622 2492
3623 2493
3624 2493
3625 2493
3626 2493
3627 2493
3628 2494
3629 2494
3630 2493
3631 2493
3632 2494
3633 2494
3634 2494
3635 2494
3636 2494
3637 2494
3638 2494
3639 2493
3640 2494
3641 2493
3642 2494
3643 2493
3644 2493
3645 2493
3646 2494
3647 2493
3648 2493
3649 2493
3650 2493
3651 2493
3652 2493
3653 2494
3654 2494
3655 2493
3656 2493
3657 2492
3658 2500
3659 2493
3660 2493
3661 2493
3662 2493
3663 2493
3664 2493
3665 2493
3666 2493
3667 2493
3668 2493
3669 2493
3670 2493
3671 2493
3672 2493
3673 2493
3674 2493
3675 2493
3676 2493
3677 2492
3678 2492
3679 2492
3680 2492
3681 2492
3682 2492
3683 2492
3684 2492
3685 2492
3686 2491
3687 2491
3688 2492
3689 2492
3690 2492
3691 2493
3692 2493
3693 2493
3694 2493
3695 2493
3696 2493
3697 2493
3698 2492
3699 2492
3700 2492
3701 2492
3702 2492
3703 2492
3704 2492
3705 2492
3706 2492
3707 2492
3708 2491
3709 2491
3710 2491
3711 2491
3712 2491
3713 2491
3714 2491
3715 2492
3716 2493
3717 2494
3718 2493
3719 2491
3720 2491
3721 2490
3722 2490
3723 2490
3724 2490
3725 2490
3726 2490
3727 2490
3728 2490
3729 2490
3730 2490
3731 2490
3732 2490
3733 2490
3734 2490
3735 2490
3736 2489
3737 2489
3738 2489
3739 2489
3740 2489
3741 2489
3742 2489
3743 2487
3744 2488
3745 2487
3746 2488
3747 2488
3748 2487
3749 2488
3750 2487
3751 2487
3752 2487
3753 2487
3754 2487
3755 2487
3756 2487
3757 2487
3758 2487
3759 2487
3760 2487
3761 2487
3762 2487
3763 2487
3764 2486
3765 2487
3766 2487
3767 2487
3768 2487
3769 2487
3770 2488
3771 2488
3772 2488
3773 2489
3774 2489
3775 2489
3776 2489
3777 2489
3778 2489
3779 2489
3780 2489
3781 2489
3782 2489
3783 2489
3784 2490
3785 2490
3786 2490
3787 2490
3788 2490
3789 2490
3790 2490
3791 2491
3792 2491
3793 2491
3794 2491
3795 2491
3796 2492
3797 2492
3798 2492
3799 2493
3800 2493
3801 2493
3802 2494
3803 2494
3804 2494
3805 2495
3806 2495
3807 2495
3808 2495
3809 2495
3810 2496
3811 2496
3812 2496
3813 2495
3814 2495
3815 2496
3816 2496
3817 2495
3818 2499
3819 2495
3820 2496
3821 2497
3822 2497
3823 2497
3824 2498
3825 2498
3826 2498
3827 2499
3828 2498
3829 2498
3830 2498
3831 2498
3832 2498
3833 2498
3834 2498
3835 2498
3836 2499
3837 2499
3838 2499
3839 2499
3840 2499
3841 2499
3842 2500
3843 2499
3844 2500
3845 2500
3846 2501
3847 2501
3848 2502
3849 2502
3850 2501
3851 2501
3852 2500
3853 2500
3854 2502
3855 2502
3856 2502
3857 2502
3858 2502
3859 2502
3860 2502
3861 2503
3862 2503
3863 2502
3864 2503
3865 2503
3866 2503
3867 2503
3868 2503
3869 2503
3870 2503
3871 2503
3872 2502
3873 2502
3874 2502
3875 2502
3876 2502
3877 2502
3878 2502
3879 2502
3880 2502
3881 2501
3882 2501
3883 2501
3884 2501
3885 2501
3886 2501
3887 2500
3888 2503
3889 2501
3890 2500
3891 2500
3892 2500
3893 2499
3894 2500
3895 2499
3896 2499
3897 2499
3898 2498
3899 2498
3900 2498
3901 2499
3902 2498
3903 2500
3904 2499
3905 2497
3906 2498
3907 2498
3908 2497
3909 2497
3910 2496
3911 2496
3912 2496
3913 2496
3914 2496
3915 2496
3916 2496
3917 2496
3918 2495
3919 2496
3920 2495
3921 2495
3922 2495
3923 2495
3924 2495
3925 2494
3926 2496
3927 2495
3928 2495
3929 2495
3930 2495
3931 2495
3932 2495
3933 2495
3934 2495
3935 2495
3936 2495
3937 2495
3938 2495
3939 2495
3940 2495
3941 2495
3942 2495
3943 2495
3944 2495
3945 2494
3946 2495
3947 2495
3948 2494
3949 2495
3950 2495
3951 2495
3952 2495
3953 2496
3954 2495
3955 2495
3956 2495
3957 2495
3958 2496
3959 2495
3960 2496
3961 2495
3962 2495
3963 2495
3964 2496
3965 2496
3966 2495
3967 2496
3968 2496
3969 2497
3970 2497
3971 2496
3972 2496
3973 2497
3974 2496
3975 2496
3976 2496
3977 2496
3978 2496
3979 2496
3980 2496
3981 2496
3982 2495
3983 2495
3984 2495
3985 2495
3986 2495
3987 2495
3988 2495
3989 2495
3990 2495
3991 2495
3992 2495
3993 2495
3994 2495
3995 2495
3996 2495
3997 2496
3998 2496
3999 2496
4000 2496
4001 2496
4002 2497
4003 2497
4004 2497
4005 2498
4006 2498
4007 2499
4008 2499
4009 2499
4010 2499
4011 2500
4012 2500
4013 2500
4014 2500
4015 2500
4016 2499
4017 2499
4018 2500
4019 2500
4020 2500
4021 2500
4022 2499
4023 2499
4024 2499
4025 2499
4026 2499
4027 2499
4028 2499
4029 2499
4030 2499
4031 2498
4032 2499
4033 2499
4034 2499
4035 2499
4036 2499
4037 2499
4038 2498
4039 2499
4040 2500
4041 2499
4042 2499
4043 2499
4044 2499
4045 2500
4046 2499
4047 2499
4048 2499
4049 2498
4050 2499
4051 2499
4052 2499
4053 2498
4054 2499
4055 2499
4056 2499
4057 2499
4058 2499
4059 2499
4060 2499
4061 2499
4062 2499
4063 2499
4064 2499
4065 2498
4066 2499
4067 2498
4068 2499
4069 2499
4070 2499
4071 2499
4072 2499
4073 2499
4074 2499
4075 2499
4076 2500
4077 2500
4078 2499
4079 2499
4080 2499
4081 2499
4082 2499
4083 2499
4084 2499
4085 2499
4086 2499
4087 2500
4088 2500
4089 2500
4090 2500
4091 2500
4092 2500
4093 2500
4094 2500
4095 2500
4096 2501
4097 2501
4098 2501
4099 2501
4100 2500
4101 2500
4102 2500
4103 2500
4104 2500
4105 2500
4106 2500
4107 2500
4108 2500
4109 2500
4110 2500
4111 2499
4112 2499
4113 2499
4114 2500
4115 2499
4116 2500
4117 2500
4118 2500
4119 2500
4120 2500
4121 2500
4122 2500
4123 2500
4124 2499
4125 2499
4126 2500
4127 2500
4128 2500
4129 2500
4130 2500
4131 2500
4132 2500
4133 2500
4134 2500
4135 2500
4136 2501
4137 2501
4138 2501
4139 2501
4140 2501
4141 2501
4142 2501
4143 2501
4144 2501
4145 2502
4146 2502
4147 2502
4148 2502
4149 2502
4150 2503
4151 2503
4152 2503
4153 2503
4154 2503
4155 2504
4156 2504
4157 2504
4158 2503
4159 2503
4160 2503
4161 2503
4162 2502
4163 2502
4164 2502
4165 2502
4166 2502
4167 2502
4168 2502
4169 2502
4170 2502
4171 2502
4172 2502
4173 2502
4174 2502
4175 2502
4176 2502
4177 2502
4178 2502
4179 2502
4180 2502
4181 2503
4182 2503
4183 2502
4184 2502
4185 2503
4186 2502
4187 2502
4188 2502
4189 2502
4190 2502
4191 2502
4192 2503
4193 2502
4194 2502
4195 2502
4196 2502
4197 2502
4198 2502
4199 2502
4200 2502
4201 2502
4202 2502
4203 2502
4204 2502
4205 2502
4206 2502
4207 2502
4208 2501
4209 2501
4210 2502
4211 2502
4212 2502
4213 2502
4214 2501
4215 2501
4216 2501
4217 2501
4218 2501
4219 2502
4220 2501
4221 2501
4222 2501
4223 2501
4224 2501
4225 2500
4226 2500
4227 2500
4228 2500
4229 2500
4230 2500
4231 2499
4232 2499
4233 2500
4234 2500
4235 2499
4236 2499
4237 2499
4238 2498
4239 2498
4240 2499
4241 2498
4242 2498
4243 2498
4244 2498
4245 2497
4246 2499
4247 2498
4248 2498
4249 2498
4250 2499
4251 2499
4252 2500
4253 2499
4254 2500
4255 2500
4256 2500
4257 2500
4258 2500
4259 2500
4260 2501
4261 2501
4262 2501
4263 2500
4264 2500
4265 2500
4266 2500
4267 2500
4268 2500
4269 2499
4270 2499
4271 2499
4272 2499
4273 2499
4274 2499
4275 2499
4276 2498
4277 2498
4278 2498
4279 2498
4280 2499
4281 2499
4282 2498
4283 2499
4284 2499
4285 2499
4286 2498
4287 2499
4288 2499
4289 2500
4290 2500
4291 2501
4292 2501
4293 2501
4294 2501
4295 2501
4296 2501
4297 2501
4298 2501
4299 2501
4300 2501
4301 2502
4302 2502
4303 2502
4304 2502
4305 2502
4306 2502
4307 2502
4308 2502
4309 2502
4310 2502
4311 2502
4312 2502
4313 2503
4314 2502
4315 2502
4316 2502
4317 2502
4318 2503
4319 2503
4320 2503
4321 2503
4322 2503
4323 2503
4324 2503
4325 2502
4326 2502
4327 2502
4328 2502
4329 2502
4330 2502
4331 2502
4332 2502
4333 2503
4334 2502
4335 2502
4336 2502
4337 2503
4338 2503
4339 2503
4340 2503
4341 2503
4342 2503
4343 2503
4344 2503
4345 2503
4346 2503
4347 2503
4348 2503
4349 2503
4350 2503
4351 2503
4352 2504
4353 2502
4354 2503
4355 2503
4356 2503
4357 2504
4358 2504
4359 2504
4360 2504
4361 2504
4362 2504
4363 2504
4364 2504
4365 2503
4366 2504
4367 2504
4368 2504
4369 2504
4370 2504
4371 2504
4372 2504
4373 2505
4374 2505
4375 2505
4376 2504
4377 2504
4378 2504
4379 2503
4380 2503
4381 2503
4382 2503
4383 2503
4384 2503
4385 2503
4386 2503
4387 2503
4388 2504
4389 2504
4390 2503
4391 2502
4392 2502
4393 2502
4394 2502
4395 2502
4396 2504
4397 2504
4398 2504
4399 2503
4400 2503
4401 2504
4402 2501
4403 2501
4404 2501
4405 2501
4406 2502
4407 2502
4408 2502
4409 2502
4410 2502
4411 2504
4412 2504
4413 2505
4414 2503
4415 2504
4416 2503
4417 2503
4418 2503
4419 2502
4420 2503
4421 2503
4422 2504
4423 2502
4424 2503
4425 2501
4426 2501
4427 2501
4428 2501
4429 2502
4430 2503
4431 2503
4432 2505
4433 2505
4434 2503
4435 2505
4436 2502
4437 2502
4438 2502
4439 2501
4440 2501
4441 2501
4442 2501
4443 2502
4444 2502
4445 2502
4446 2502
4447 2502
4448 2502
4449 2503
4450 2504
4451 2504
4452 2502
4453 2502
4454 2502
4455 2502
4456 2503
4457 2504
4458 2505
4459 2504
4460 2504
4461 2504
4462 2503
4463 2503
4464 2502
4465 2502
4466 2502
4467 2504
4468 2504
4469 2504
4470 2504
4471 2504
4472 2504
4473 2503
4474 2503
4475 2504
4476 2504
4477 2507
4478 2508
4479 2504
4480 2503
4481 2504
4482 2506
4483 2505
4484 2505
4485 2505
4486 2503
4487 2504
4488 2504
4489 2503
4490 2504
4491 2503
4492 2508
4493 2506
4494 2507
4495 2504
4496 2504
4497 2504
4498 2504
4499 2504
4500 2505
4501 2505
4502 2505
4503 2505
4504 2505
4505 2505
4506 2505
4507 2505
4508 2504
4509 2505
4510 2506
4511 2506
4512 2506
4513 2505
4514 2506
4515 2506
4516 2505
4517 2506
4518 2506
4519 2506
4520 2506
4521 2505
4522 2505
4523 2505
4524 2505
4525 2505
4526 2505
4527 2505
4528 2504
4529 2503
4530 2503
4531 2503
4532 2504
4533 2504
4534 2504
4535 2504
4536 2503
4537 2504
4538 2503
4539 2502
4540 2503
4541 2503
4542 2503
4543 2504
4544 2504
4545 2503
4546 2503
4547 2503
4548 2503
4549 2503
4550 2504
4551 2504
4552 2504
4553 2503
4554 2503
4555 2503
4556 2503
4557 2504
4558 2503
4559 2503
4560 2504
4561 2504
4562 2504
4563 2504
4564 2504
4565 2504
4566 2505
4567 2505
4568 2505
4569 2504
4570 2504
4571 2504
4572 2504
4573 2504
4574 2506
4575 2504
4576 2504
4577 2503
4578 2504
4579 2502
4580 2503
4581 2503
4582 2500
4583 2500
4584 2501
4585 2500
4586 2505
4587 2500
4588 2500
4589 2505
4590 2504
4591 2500
4592 2500
4593 2502
4594 2500
4595 2499
4596 2499
4597 2499
4598 2501
4599 2499
4600 2499
4601 2500
4602 2500
4603 2500
4604 2498
4605 2499
4606 2502
4607 2503
4608 2499
4609 2498
4610 2498
4611 2499
4612 2499
4613 2504
4614 2499
4615 2499
4616 2500
4617 2501
4618 2499
4619 2499
4620 2500
4621 2501
4622 2500
4623 2500
4624 2500
4625 2500
4626 2501
4627 2500
4628 2500
4629 2500
4630 2500
4631 2500
4632 2501
4633 2501
4634 2501
4635 2500
4636 2501
4637 2501
4638 2500
4639 2501
4640 2501
4641 2501
4642 2501
4643 2501
4644 2501
4645 2501
4646 2501
4647 2501
4648 2501
4649 2501
4650 2502
4651 2503
4652 2502
4653 2502
4654 2502
4655 2503
4656 2505
4657 2503
4658 2504
4659 2502
4660 2502
4661 2502
4662 2502
4663 2502
4664 2501
4665 2501
4666 2502
4667 2501
4668 2501
4669 2500
4670 2501
4671 2501
4672 2501
4673 2501
4674 2500
4675 2500
4676 2500
4677 2500
4678 2501
4679 2500
4680 2500
4681 2500
4682 2500
4683 2501
4684 2505
4685 2500
4686 2499
4687 2499
4688 2499
4689 2498
4690 2499
4691 2499
4692 2500
4693 2500
4694 2499
4695 2509
4696 2500
4697 2500
4698 2506
4699 2501
4700 2500
4701 2500
4702 2499
4703 2504
4704 2504
4705 2500
4706 2501
4707 2502
4708 2501
4709 2499
4710 2500
4711 2501
4712 2500
4713 2504
4714 2500
4715 2503
4716 2501
4717 2500
4718 2500
4719 2501
4720 2500
4721 2502
4722 2501
4723 2501
4724 2501
4725 2502
4726 2502
4727 2502
4728 2503
4729 2502
4730 2503
4731 2506
4732 2504
4733 2504
4734 2503
4735 2502
4736 2502
4737 2503
4738 2503
4739 2503
4740 2502
4741 2504
4742 2504
4743 2504
4744 2503
4745 2508
4746 2503
4747 2502
4748 2502
4749 2502
4750 2502
4751 2503
4752 2502
4753 2501
4754 2501
4755 2501
4756 2501
4757 2501
4758 2502
4759 2501
4760 2500
4761 2501
4762 2499
4763 2500
4764 2500
4765 2501
4766 2502
4767 2502
4768 2501
4769 2501
4770 2500
4771 2501
4772 2501
4773 2500
4774 2500
4775 2501
4776 2501
4777 2501
4778 2501
4779 2501
4780 2502
4781 2501
4782 2502
4783 2502
4784 2502
4785 2502
4786 2502
4787 2502
4788 2503
4789 2504
4790 2503
4791 2503
4792 2504
4793 2505
4794 2504
4795 2505
4796 2504
4797 2503
4798 2505
4799 2505
4800 2506
4801 2506
4802 2506
4803 2505
4804 2506
4805 2507
4806 2507
4807 2507
4808 2507
4809 2507
4810 2507
4811 2507
4812 2508
4813 2508
4814 2508
4815 2508
4816 2508
4817 2509
4818 2508
4819 2510
4820 2508
4821 2511
4822 2510
4823 2510
4824 2511
4825 2510
4826 2511
4827 2510
4828 2511
4829 2512
4830 2510
4831 2511
4832 2510
4833 2510
4834 2510
4835 2510
4836 2510
4837 2509
4838 2509
4839 2509
4840 2512
4841 2510
4842 2509
4843 2509
4844 2509
4845 2509
4846 2508
4847 2508
4848 2508
4849 2508
4850 2508
4851 2508
4852 2507
4853 2507
4854 2507
4855 2507
4856 2507
4857 2506
4858 2509
4859 2508
4860 2506
4861 2515
4862 2510
4863 2504
4864 2505
4865 2504
4866 2505
4867 2513
4868 2506
4869 2504
4870 2504
4871 2504
4872 2504
4873 2504
4874 2503
4875 2503
4876 2507
4877 2503
4878 2503
4879 2503
4880 2502
4881 2502
4882 2502
4883 2503
4884 2502
4885 2502
4886 2503
4887 2503
4888 2503
4889 2502
4890 2502
4891 2503
4892 2504
4893 2505
4894 2501
4895 2502
4896 2502
4897 2501
4898 2500
4899 2502
4900 2502
4901 2504
4902 2500
4903 2502
4904 2500
4905 2499
4906 2499
4907 2499
4908 2500
4909 2499
4910 2499
4911 2498
4912 2498
4913 2498
4914 2498
4915 2497
4916 2497
4917 2496
4918 2496
4919 2496
4920 2495
4921 2495
4922 2495
4923 2496
4924 2496
4925 2499
4926 2497
4927 2499
4928 2496
4929 2496
4930 2496
4931 2504
4932 2495
4933 2496
4934 2506
4935 2495
4936 2495
4937 2496
4938 2496
4939 2496
4940 2496
4941 2497
4942 2496
4943 2496
4944 2496
4945 2496
4946 2496
4947 2496
4948 2496
4949 2496
4950 2496
4951 2497
4952 2497
4953 2497
4954 2499
4955 2503
4956 2500
4957 2500
4958 2500
4959 2501
4960 2501
4961 2502
4962 2502
4963 2504
4964 2504
4965 2504
4966 2504
4967 2505
4968 2506
4969 2505
4970 2507
4971 2510
4972 2505
4973 2505
4974 2506
4975 2507
4976 2505
4977 2507
4978 2509
4979 2508
4980 2505
4981 2506
4982 2509
4983 2506
4984 2508
4985 2507
4986 2506
4987 2516
4988 2507
4989 2516
4990 2509
4991 2505
4992 2506
4993 2507
4994 2505
4995 2504
4996 2504
4997 2503
4998 2508
4999 2508
5000 2503
5001 2503
5002 2502
5003 2503
5004 2505
5005 2503
5006 2504
5007 2502
5008 2503
5009 2504
5010 2503
5011 2504
5012 2515
5013 2502
5014 2503
5015 2504

3117 2517
3118 2518
3119 9999
3120 2517
3121 2517
3122 2518
3123 2513
3124 2513
3125 2516
3126 9999
3127 2519
3128 2518
3129 2516
3130 2517
3131 2517
3132 2510
3133 2517
3134 2517
3135 2519
3136 2524
3137 2517
3138 2513
3139 2519
3140 2511
3141 2511
3142 2518
3143 2512
3144 2512
3145 2511
3146 2520
3147 2521
3148 2522
3149 2521
3150 2520
3151 2519
3152 2520
3153 2520
3154 2521
3155 2521
3156 2521
3157 2514
3158 2521
3159 2521
3160 2521
3161 2522
3162 2522
3163 2522
3164 2522
3165 2521
3166 2521
3167 2522
3168 2514
3169 2522
3170 2522
3171 2523
3172 2523
3173 2523
3174 2524
3175 2522
3176 2523
3177 2523
3178 2523
3179 2523
3180 2526
3181 2523
3182 2523
3183 2525
3184 2524
3185 2524
3186 2523
3187 2523
3214 2514
3215 2513
3216 2513
3217 9999
3218 9999
3219 9999
3220 9999
3221 2514
3222 9999
3223 9999
3224 2516
3225 9999
3226 2508
3227 2512
3228 2512
3229 2508
3230 2512
3231 2513
3232 2513
3233 2512
3234 2513
3235 2513
3236 2512
3237 2512
3238 2512
3239 2513
3240 2513
3241 2513
3242 2509
3243 2508
3244 2513
3245 2514
3246 2509
3247 2514
3248 2513
3249 2513
3250 2514
3251 2514
3252 2512
3253 2510
3254 2518
3255 2517
3256 2519
3257 2513
3258 2512
3259 2509
3260 2511
3261 2514
3262 2514
3263 2509
3264 2517
3265 2519
3266 2509
3267 2516
3268 2515
3269 2517
3270 2520
3271 2516
3272 2517
3273 2522
3274 2514
3275 2508
3276 2517
3277 2516
3278 2515
3279 2511
3280 2512
3281 2508
3282 2516
3283 2515
3284 2511
3285 2511
3286 2509
3287 2513
3288 2516
3289 2517
3290 2508
3291 2513
3292 2518
3293 2508
3294 2514
3295 2513
3296 2511
3297 2514
3298 2508
3299 2516
3300 2515
3301 2514
3302 2516
3303 2514
3304 2513
3305 2515
3306 2514
3307 2519
3308 2515
3309 2515
3310 2515
3311 2514
3312 2514
3313 2514
3314 2514
3315 2514
3316 2514
3317 2515
3318 2515
3319 2515
3320 2513
3321 2510
3322 2510
3323 2515
3324 2514
3325 2522
3326 2515
3327 2515
3328 2515
3329 2521
3330 2508
3331 2515
3332 2514
3333 2515
3334 2516
3335 2515
3336 2516
3337 2516
3338 2515
3339 2516
3340 2515
3341 2519
3342 2515
3343 2518
3344 2517
3345 2509
3346 2515
3347 2515
3348 2516
3349 2516
3350 2512
3351 2514
3352 2516
3353 2519
3354 2516
3355 2515
3356 2517
3357 2510
3358 2517
3359 2524
3360 2518
3361 2524
3362 2511
3363 2510
3364 2514
3365 2510
3366 2515
3367 2517
3368 2517
3369 2520
3370 2516
3371 2517
3372 2517
3373 2517
3374 2510
3375 2516
3376 2515
3377 2516
3378 2517
3611 2508
3612 2514
3613 2513
3614 2513
3615 2513
3616 2518
3617 2519
3618 2513
3619 2513
3620 2513
3621 2513
3622 2513
3623 2514
3624 2512
3625 2512
3626 2515
3627 2516
3628 2506
3629 2514
3630 2509
3631 2515
3632 2517
3633 2508
3634 2517
3635 2513
3636 2506
3637 2507
3638 2515
3639 2514
3640 2514
3641 2509
3642 2519
3643 2508
3644 2513
3645 2505
3646 2512
3647 2515
3648 2514
3649 2505
3650 2516
3651 2515
3652 2514
3653 2509
3654 2513
3655 2512
3656 2512
3657 2512
3658 9999
3659 2514
3660 2512
3661 2513
3662 2513
3663 2507
3664 2513
3665 2507
3666 2513
3667 2506
3668 2514
3669 2513
3670 2513
3671 2511
3672 2512
3673 2506
3674 2513
3675 2514
3676 2514
3677 2516
3678 2513
3679 2505
3680 2511
3681 2505
3682 2505
3683 2506
3684 2514
3685 2511
3686 2506
3687 2505
3688 2505
3689 2510
3690 2504
3691 9999
3692 2513
3693 2516
3694 9999
3695 9999
3696 9999
3697 2516
3698 2517
3699 2510
3700 2512
3701 2504
3702 2513
3703 2507
3704 2510
3705 9999
3706 2504
3707 9999
3708 2509
3709 2517
3710 2509
3711 2509
3712 2512
3713 2512
3714 2511
3715 2511
3716 9999
3717 9999
3718 9999
3719 2511
3720 2511
3721 2510
3722 2511
3723 2505
3724 9999
3725 2508
3726 2515
3727 9999
3728 2508
3729 2510
3730 2510
3731 2511
3732 9999
3733 9999
3734 9999
3735 2511
3736 9999
3737 2505
3738 2506
3739 9999
3740 9999
3741 9999
3742 9999
3743 2506
3744 2507
3745 2507
3746 2506
3747 2503
3748 2503
3749 9999
3750 9999
3751 9999
3752 2499
3753 2501
3754 9999
3755 9999
3756 9999
3757 9999
3758 2503
3759 2501
3760 2504
3761 2504
3762 2504
3763 9999
3764 2498
3765 2499
3766 9999
3767 2502
3768 2504
3769 2505
3770 2506
3771 2505
3772 2506
3773 2506
3774 2505
3775 9999
3776 2505
3777 2501
3778 9999
3779 2506
3780 2510
3781 2506
3782 9999
3783 2507
3784 9999
3785 2505
3786 2506
3787 2505
3788 2506
3789 2506
3790 2507
3791 2505
3792 2504
3793 2506
3794 2509
3795 2510
3796 2511
3797 2506
3798 2508
3799 2508
3800 2510
3801 2509
3802 2509
3803 2510
3804 9999
3805 9999
3806 9999
3807 9999
3808 9999
3809 2511
3810 9999
3811 9999
3812 2514
3813 9999
3814 9999
3815 2512
3816 2512
3817 2513
3818 2513
3819 2510
3820 2512
3821 2514
3822 2516
3823 2515
3824 2513
3825 2515
3826 9999
3827 9999
3828 9999
3829 2514
3830 2515
3831 2515
3832 2515
3833 2515
3834 2515
3835 2516
3836 2514
3837 2518
3838 2516
3839 2517
3840 2516
3841 2516
3842 2521
3843 2517
3844 2519
3845 2519
3846 2517
3847 2514
3848 2518
3849 9999
3850 2514
3851 2522
3852 2520
3853 2513
3854 2520
3855 2521
3856 2514
3857 2517
3858 2515
3859 2517
3860 2518
3861 2525
3862 2515
3863 2518
3864 2519
3865 2522
3866 2516
3867 2516
3868 2515
3869 2523
3870 2523
3871 2522
3872 2518
3873 2520
3874 2523
3875 2520
3876 9999
3877 2521
3878 2522
3879 9999
3880 9999
3881 9999
3882 2520
3883 9999
3884 2520
3885 2519
3886 9999
3887 2512
3888 9999
3889 9999
3890 2515
3891 9999
3892 9999
3893 9999
3894 9999
3895 9999
3896 9999
3897 9999
3898 9999
3899 9999
3900 9999
3901 9999
3902 9999
3903 9999
4075 2531
4076 2531
4077 2530
4078 2533
4079 2533
4080 2532
4081 2532
4082 2530
4083 2530
4084 2530
4085 2529
4086 2534
4087 2530
4088 2533
4089 2533
4090 2530
4091 2530
4092 2530
4093 2531
4094 2530
4095 2530
4096 2530
4097 2531
4098 2531
4099 2528
4100 2538
4101 2525
4102 2530
4103 2536
4104 2531
4105 2530
4106 2530
4107 2530
4108 2531
4109 2531
4110 2532
4111 2538
4112 2534
4113 2537
4114 2530
4115 2530
4116 2531
4117 2536
4118 2533
4119 2532
4120 2531
4121 2527
4122 2536
4123 2531
4124 2530
4125 2539
4126 2539
4127 2539
4128 2540
4129 2535
4130 2528
4131 2540
4132 2533
4133 2533
4134 2533
4135 2533
4136 2533
4137 2533
4138 2533
4139 2533
4140 2537
4141 2537
4142 2536
4143 2535
4144 2536
4145 2536
4146 2537
4147 2541
4148 2542
4149 2540
4150 2540
4237 2536
4238 2535
4239 2536
4240 2539
4241 2535
4242 2536
4243 2534
4244 2537
4245 2535
4246 2537
4247 2536
4248 2536
4249 2536
4250 2536
4251 2536
4252 2536
4253 2537
4254 2538
4255 2537
4256 2536
4257 2543
4258 2534
4259 2537
4260 2540
4261 2542
4262 2537
4263 2529
4264 2538
4265 2538
4266 2537
4267 2537
4268 2538
4269 2539
4270 2538
4271 2542
4272 2535
4273 2537
4274 2536
4275 2537
4276 2536
4277 2536
4278 2539
4279 2538
4280 2535
4281 2538
4282 2536
4283 2536
4284 2535
4285 2536
4286 2545
4287 2535
4288 2542
4289 2534
4290 2533
4291 2535
4292 2537
4293 2532
4294 2539
4295 2544
4296 2537
4297 2535
4298 2535
4299 2537
4300 2537
4301 2534
4302 2539
4303 2531
4304 2532
4305 2531
4306 2536
4307 2531
4308 2541
4309 2541
4310 2533
4311 2534
4312 2538
4313 2537
4314 2535
4315 2541
4316 2539
4317 2541
4318 2540
4319 2540
4320 2540
4321 2540
4322 2539
4323 2540
4324 2541
4325 2538
4326 2540
4327 2541
4328 2540
4329 2539
4330 2541
4331 2543
4332 2532
4333 2540
4334 2539
4335 2540
4336 2540
4337 2539
4338 2539
4339 2536
4340 2538
4341 2533
4342 2536
4343 2536
4344 2534
4345 2532
4346 2532
4347 2544
4348 2536
4349 2534
4350 2538
4351 2543
4352 2544
4353 2542
4354 2542
4355 2541
4356 2538
4357 2537
4358 2542
4359 2533
4360 2543
4361 2542
4362 2537
4363 2540
4364 2541
4365 2542
4366 2544
4367 2534
4368 2546
4369 2542
4370 2538
4371 2547
4372 2541
4373 2533
4374 2533
4375 2543
4376 2543
4377 2545
4378 2547
4379 2533
4380 2534
4381 2542
4382 2541
4383 2546
4384 2541
4385 2537
4386 2543
4387 2533
4388 2533
4389 2533
4390 2543
4391 2534
4392 2542
4393 2533
4394 2543
4395 2533
4396 2533
4397 2540
4398 2541
4399 2539
4400 2543
4401 2538
4402 2534
4403 2540
4404 2539
4405 2540
4406 2540
4407 2546
4408 2540
4409 2541
4410 2542
4411 2541
4412 2544
4413 2542
4414 2543
4415 2546
4416 2545
4417 2534
4418 2547
4419 2542
4420 2541
4421 2548
4422 2545
4423 2539
4424 2539
4425 2540
4426 2535
4427 2540
4428 2537
4429 2537
4430 2541
4431 2542
4432 2534
4433 2543
4434 2539
4435 2539
4436 2534
4437 2538
4438 2538
4439 2539
4440 2547
4441 2547
4442 2537
4443 2540
4444 2535
4445 2538
4446 2539
4447 2542
4448 2535
4449 2544
4450 2543
4451 2536
4452 2539
4453 2545
4454 2542
4455 2542
4456 2548
4457 2540
4458 2540
4459 2543
4460 2549
4461 2542
4462 2542
4463 2541
4464 2542
4465 2541
4466 2542
4467 2547
4468 2542
4469 2541
4470 2545
4471 2535
4472 2548
4473 2542
4474 2545
4475 2540
4476 2544
4477 2542
4478 2535
4479 2549
4480 2542
4481 2543
4482 2542
4483 2536
4484 2543
4485 2542
4486 2543
4487 2542
4488 2542
4489 2542
4490 2543
4491 2543
4492 2543
4493 2543
4494 2543
4495 2541
4496 2544
4497 2544
4498 2544
4499 2544
4500 2545
4501 2543
4502 2545
4503 2546
4504 2540
4505 2544
4506 2543
4507 2546
4508 2544
4509 2541
4510 2548
4511 2549
4512 2546
4513 2545
4514 2546
4515 2545
4516 2540
4517 2543
4518 2540
4519 2544
4520 2544
4521 2545
4522 2537
4523 2536
4524 2536
4525 2542
4526 2540
4527 2545
4528 2543
4529 2545
4530 2550
4531 2543
4532 2543
4533 2536
4534 2544
4535 2541
4536 2541
4537 2536
4538 2548
4539 2547
4540 2542
4541 2544
4542 2545
4543 2544
4544 2544
4545 2548
4546 2536
4547 2550
4548 2550
4549 2546
4550 2547
4551 2548
4552 2537
4553 2542
4554 2544
4555 2545
4556 2539
4557 2550
4558 2536
4559 2540
4560 2546
4561 2544
4562 2548
4563 2537
4564 2549
4565 2538
4566 2549
4567 2541
4568 2546
4569 2537
4570 2535
4571 2538
4572 2545
4573 2548
4574 2546
4575 2546
4576 2548
4577 2539
4578 2540
4579 2547
4580 2536
4581 2545
4582 2544
4583 2544
4584 2545
4585 2540
4586 2546
4587 2539
4588 2542
4589 2541
4590 2545
4591 2543
4592 2544
4593 2540
4594 2542
4595 2545
4596 2544
4597 2548
4598 2549
4599 2540
4600 2549
4601 2541
4602 2536
4603 2547
4604 2538
4605 2535
4606 2549
4607 2543
4608 2535
4609 2541
4610 2541
4611 2542
4612 2536
4613 2545
4614 2539
4615 2543
4616 2544
4617 2542
4618 2540
4619 2535
4620 2543
4621 2541
4622 2535
4623 2543
4624 2543
4625 2547
4626 2548
4627 2545
4628 2543
4629 2543
4630 2543
4631 2546
4632 2543
4633 2544
4634 2545
4635 2547
4636 2535
4637 2545
4638 2545
4639 2544
4640 2546
4641 2535
4642 2535
4643 2541
4644 2537
4645 2538
4646 2540
4647 2547
4648 2541
4649 2539
4650 2535
4651 2537
4652 2539
4653 2549
4654 2549
4655 2542
4656 2549
4657 2550
4658 2545
4659 2547
4660 2543
4661 2545
4662 2543
4663 2543
4664 2550
4665 2541
4666 2547
4667 2547
4668 2541
4669 2550
4670 2550
4671 2537
4672 2538
4673 2539
4674 2545
4675 2538
4676 2536
4677 2539
4678 2536
4679 2549
4680 2536
4681 2548
4682 2545
4683 2541
4684 2550
4685 2544
4686 2538
4687 2538
4688 2540
4689 2540
4690 2545
4691 2545
4692 2536
4693 2536
4694 2541
4695 2542
4696 2546
4697 2546
4698 2545
4699 2539
4700 2541
4701 2536
4702 2536
4703 2550
4704 2540
4705 2544
4706 2536
4707 2538
4708 2547
4709 2544
4710 2543
4711 2542
4712 2541
4713 2536
4714 2544
4715 2536
4716 2536
4717 2545
4718 2543
4719 2545
4720 2542
4721 2545
4722 2544
4723 2544
4724 2537
4725 2549
4726 2547
4727 2546
4728 2538
4729 2546
4730 2547
4731 2540
4732 2540
4733 2548
4734 2536
4735 2548
4736 2536
4737 2550
4738 2546
4739 2548
4740 2548
4741 2549
4742 2550
4743 2548
4744 2546
4745 2538
4746 2538
4747 2538
4748 2543
4749 2546
4750 2544
4751 2544
4752 2551
4753 2538
4754 2540
4755 2543
4756 2548
4757 2544
4758 2546
4759 2544
4760 2541
4761 2545
4762 2538
4763 2545
4764 2544
4765 2545
4766 2545
4767 2544
4768 2544
4769 2545
4770 2553
4771 2540
4772 2541
4773 2547
4774 2549
4916 2550
4917 2547
4918 2547
4919 2545
4920 2552
4921 2553
4922 2541
4923 2546
4924 2547
4925 2550
4926 2546
4927 2547
4928 2548
4929 2548
4930 2547
4931 2546
4932 2542
4933 2547
4934 2547
4935 2549
4936 2546
4937 2547
4938 2546
4939 2545
4940 2551
4941 2547
4942 2546

