2833 2505
2834 2506
2835 2506
2836 2506
2837 2506
2838 2507
2839 2507
2840 2506
2841 2508
2842 2506
2843 2507
2844 2507
2845 2506
2846 2506
2847 2507
2848 2507
2849 2506
2850 2507
2851 2506
2852 2509
2853 2508
2854 2507
2855 2508
2856 2508
2857 2507
2858 2507
2859 2507
2860 2507
2861 2507
2862 2507
2863 2507
2864 2507
2865 2507
2866 2507
2867 2507
2868 2507
2869 2507
2870 2507
2871 2506
2872 2507
2873 2507
2874 2507
2875 2507
2876 2507
2877 2507
2878 2507
2879 2507
2880 2507
2881 2506
2882 2508
2883 2509
2884 2507
2885 2506
2886 2514
2887 2517
2888 2508
2889 2506
2890 2505
2891 2506
2892 2507
2893 2507
2894 2506
2895 2506
2896 2505
2897 2506
2898 2507
2899 2507
2900 2509
2901 2507
2902 2507
2903 2507
2904 2507
2905 2507
2906 2508
2907 2508
2908 2515
2909 2508
2910 2509
2911 2513
2912 2516
2913 2512
2914 2507
2915 2507
2916 2508
2917 2510
2918 2509
2919 2517
2920 2507
2921 2507
2922 2507
2923 2507
2924 2506
2925 2509
2926 2508
2927 2507
2928 2510
2929 2508
2930 2508
2931 2508
2932 2508
2933 2509
2934 2510
2935 2508
2936 2508
2937 2508
2938 2509
2939 2509
2940 2508
2941 2509
2942 2509
2943 2509
2944 2510
2945 2510
2946 2509
2947 2509
2948 2509
2949 2509
2950 2509
2951 2510
2952 2510
2953 2510
2954 2509
2955 2515
2956 2515
2957 2510
2958 2511
2959 2510
2960 2509
2961 2509
2962 2509
2963 2508
2964 2509
2965 2509
2966 2510
2967 2510
2968 2509
2969 2513
2970 2512
2971 2509
2972 2509
2973 2509
2974 2510
2975 2510
2976 2510
2977 2511
2978 2511
2979 2516
2980 2515
2981 2512
2982 2511
2983 2513
2984 2511
2985 2511
2986 2510
2987 2510
2988 2509
2989 2510
2990 2511
2991 2510
2992 2512
2993 2510
2994 2509
2995 2511
2996 2514
2997 2508
2998 2507
2999 2507
3000 2513
3001 2513
3002 2504
3003 2505
3004 2505
3005 2507
3006 2507
3007 2508
3008 2509
3009 2509
3010 2510
3011 2508
3012 2512
3013 2513
3014 2516
3015 2514
3016 2516
3017 2518
3018 2515
3019 2514
3020 2514
3021 2510
3022 2509
3023 2509
3024 2508
3025 2508
3026 2508
3027 2511
3028 2506
3029 2506
3030 2505
3031 2505
3032 2510
3033 2508
3034 2508
3035 2509
3036 2509
3037 2509
3038 2509
3039 2509
3040 2511
3041 2516
3042 2514
3043 2509
3044 2510
3045 2514
3046 2509
3047 2509
3048 2509
3049 2510
3050 2509
3051 2514
3052 2509
3053 2509
3054 2509
3055 2509
3056 2513
3057 2509
3058 2514
3059 2509
3060 2509
3061 2508
3062 2509
3063 2509
3064 2518
3065 2509
3066 2509
3067 2509
3068 2508
3069 2509
3070 2509
3071 2509
3072 2509
3073 2509
3074 2508
3075 2508
3076 2509
3077 2508
3078 2508
3079 2513
3080 2507
3081 2510
3082 2510
3083 2511
3084 2508
3085 2508
3086 2508
3087 2508
3088 2507
3089 2507
3090 2507
3091 2507
3092 2507
3093 2508
3094 2507
3095 2508
3096 2508
3097 2508
3098 2514
3099 2509
3100 2509
3101 2508
3102 2507
3103 2508
3104 2507
3105 2507
3106 2507
3107 2508
3108 2508
3109 2507
3110 2512
3111 2507
3112 2507
3113 2507
3114 2507
3115 2507
3116 2507
3117 2507
3118 2507
3119 2507
3120 2512
3121 2507
3122 2511
3123 2508
3124 2508
3125 2507
3126 2507
3127 2508
3128 2507
3129 2507
3130 2507
3131 2507
3132 2507
3133 2507
3134 2507
3135 2507
3136 2508
3137 2513
3138 2507
3139 2507
3140 2507
3141 2507
3142 2507
3143 2507
3144 2507
3145 2507
3146 2508
3147 2508
3148 2508
3149 2508
3150 2511
3151 2511
3152 2507
3153 2507
3154 2507
3155 2507
3156 2507
3157 2506
3158 2506
3159 2507
3160 2507
3161 2507
3162 2507
3163 2507
3164 2506
3165 2507
3166 2506
3167 2506
3168 2506
3169 2507
3170 2509
3171 2507
3172 2507
3173 2509
3174 2507
3175 2506
3176 2506
3177 2507
3178 2508
3179 2507
3180 2506
3181 2506
3182 2506
3183 2506
3184 2506
3185 2510
3186 2506
3187 2506
3188 2510
3189 2506
3190 2506
3191 2506
3192 2506
3193 2507
3194 2506
3195 2506
3196 2506
3197 2506
3198 2508
3199 2506
3200 2506
3201 2507
3202 2507
3203 2506
3204 2507
3205 2507
3206 2506
3207 2506
3208 2513
3209 2506
3210 2505
3211 2506
3212 2506
3213 2506
3214 2505
3215 2506
3216 2509
3217 2509
3218 2507
3219 2507
3220 2507
3221 2508
3222 2507
3223 2505
3224 2510
3225 2506
3226 2506
3227 2507
3228 2507
3229 2506
3230 2506
3231 2506
3232 2505
3233 2506
3234 2507
3235 2508
3236 2507
3237 2505
3238 2506
3239 2506
3240 2506
3241 2506
3242 2505
3243 2505
3244 2505
3245 2509
3246 2508
3247 2509
3248 2506
3249 2506
3250 2505
3251 2505
3252 2505
3253 2505
3254 2505
3255 2505
3256 2506
3257 2505
3258 2505
3259 2505
3260 2504
3261 2506
3262 2505
3263 2506
3264 2506
3265 2505
3266 2504
3267 2504
3268 2504
3269 2507
3270 2505
3271 2505
3272 2505
3273 2504
3274 2504
3275 2505
3276 2505
3277 2505
3278 2505
3279 2505
3280 2505
3281 2508
3282 2506
3283 2504
3284 2505
3285 2506
3286 2507
3287 2508
3288 2504
3289 2508
3290 2508
3291 2508
3292 2504
3293 2504
3294 2504
3295 2504
3296 2504
3297 2504
3298 2504
3299 2504
3300 2504
3301 2504
3302 2504
3303 2504
3304 2505
3305 2508
3306 2504
3307 2505
3308 2505
3309 2508
3310 2508
3311 2504
3312 2504
3313 2505
3314 2504
3315 2505
3316 2504
3317 2508
3318 2504
3319 2505
3320 2504
3321 2504
3322 2504
3323 2504
3324 2504
3325 2506
3326 2504
3327 2503
3328 2507
3329 2507
3330 2506
3331 2504
3332 2504
3333 2504
3334 2504
3335 2504
3336 2504
3337 2504
3338 2504
3339 2504
3340 2503
3341 2503
3342 2503
3343 2503
3344 2503
3345 2504
3346 2504
3347 2503
3348 2504
3349 2504
3350 2503
3351 2504
3352 2504
3353 2503
3354 2503
3355 2503
3356 2503
3357 2504
3358 2503
3359 2503
3360 2504
3361 2503
3362 2503
3363 2503
3364 2503
3365 2503
3366 2503
3367 2505
3368 2503
3369 2503
3370 2503
3371 2502
3372 2507
3373 2503
3374 2503
3375 2502
3376 2502
3377 2503
3378 2502
3379 2502
3380 2507
3381 2503
3382 2503
3383 2503
3384 2503
3385 2502
3386 2506
3387 2506
3388 2502
3389 2502
3390 2507
3391 2503
3392 2503
3393 2502
3394 2503
3395 2502
3396 2502
3397 2502
3398 2502
3399 2502
3400 2501
3401 2502
3402 2504
3403 2504
3404 2503
3405 2506
3406 2503
3407 2502
3408 2502
3409 2502
3410 2502
3411 2501
3412 2502
3413 2502
3414 2502
3415 2502
3416 2502
3417 2502
3418 2502
3419 2503
3420 2502
3421 2502
3422 2502
3423 2507
3424 2500
3425 2503
3426 2502
3427 2502
3428 2502
3429 2502
3430 2502
3431 2502
3432 2502
3433 2502
3434 2502
3435 2501
3436 2503
3437 2501
3438 2508
3439 2503
3440 2503
3441 2502
3442 2502
3443 2502
3444 2502
3445 2502
3446 2502
3447 2502
3448 2502
3449 2502
3450 2502
3451 2502
3452 2501
3453 2502
3454 2505
3455 2501
3456 2503
3457 2501
3458 2501
3459 2501
3460 2501
3461 2507
3462 2501
3463 2501
3464 2501
3465 2501
3466 2501
3467 2501
3468 2501
3469 2501
3470 2501
3471 2501
3472 2502
3473 2501
3474 2502
3475 2501
3476 2501
3477 2501
3478 2501
3479 2501
3480 2501
3481 2501
3482 2501
3483 2501
3484 2501
3485 2501
3486 2501
3487 2501
3488 2501
3489 2501
3490 2501
3491 2501
3492 2501
3493 2501
3494 2505
3495 2501
3496 2501
3497 2500
3498 2500
3499 2500
3500 2500
3501 2500
3502 2500
3503 2500
3504 2501
3505 2500
3506 2501
3507 2500
3508 2501
3509 2500
3510 2500
3511 2500
3512 2500
3513 2500
3514 2500
3515 2500
3516 2500
3517 2501
3518 2500
3519 2500
3520 2500
3521 2500
3522 2500
3523 2500
3524 2500
3525 2500
3526 2500
3527 2500
3528 2500
3529 2500
3530 2500
3531 2500
3532 2500
3533 2500
3534 2500
3535 2500
3536 2500
3537 2500
3538 2500
3539 2500
3540 2500
3541 2500
3542 2500
3543 2500
3544 2500
3545 2500
3546 2500
3547 2500
3548 2500
3549 2500
3550 2500
3551 2500
3552 2500
3553 2500
3554 2500
3555 2500
3556 2500
3557 2500
3558 2500
3559 2500
3560 2499
3561 2500
3562 2500
3563 2500
3564 2500
3565 2500
3566 2499
3567 2500
3568 2500
3569 2500
3570 2500
3571 2500
3572 2500
3573 2500
3574 2500
3575 2500
3576 2500
3577 2500
3578 2500
3579 2500
3580 2500
3581 2499
3582 2500
3583 2500
3584 2500
3585 2500
3586 2499
3587 2500
3588 2503
3589 2499
3590 2499
3591 2499
3592 2500
3593 2500
3594 2500
3595 2499
3596 2500
3597 2502
3598 2499
3599 2499
3600 2499
3601 2500
3602 2500
3603 2500
3604 2500
3605 2499
3606 2500
3607 2500
3608 2499
3609 2499
3610 2500
3611 2500
3612 2499
3613 2499
3614 2499
3615 2499
3616 2499
3617 2499
3618 2500
3619 2500
3620 2499
3621 2499
3622 2500
3623 2499
3624 2499
3625 2499
3626 2499
3627 2499
3628 2499
3629 2499
3630 2499
3631 2499
3632 2499
3633 2499
3634 2499
3635 2499
3636 2499
3637 2499
3638 2499
3639 2499
3640 2499
3641 2499
3642 2499
3643 2499
3644 2499
3645 2499
3646 2499
3647 2499
3648 2499
3649 2498
3650 2498
3651 2498
3652 2498
3653 2498
3654 2498
3655 2498
3656 2498
3657 2498
3658 2498
3659 2498
3660 2498
3661 2498
3662 2498
3663 2498
3664 2498
3665 2498
3666 2498
3667 2498
3668 2498
3669 2498
3670 2498
3671 2498
3672 2498
3673 2498
3674 2498
3675 2498
3676 2498
3677 2498
3678 2498
3679 2498
3680 2498
3681 2498
3682 2498
3683 2498
3684 2498
3685 2498
3686 2498
3687 2498
3688 2498
3689 2498
3690 2498
3691 2498
3692 2498
3693 2498
3694 2498
3695 2498
3696 2497
3697 2497
3698 2498
3699 2498
3700 2498
3701 2498
3702 2498
3703 2498
3704 2498
3705 2498
3706 2497
3707 2497
3708 2497
3709 2497
3710 2497
3711 2497
3712 2497
3713 2497
3714 2497
3715 2497
3716 2497
3717 2497
3718 2497
3719 2497
3720 2497
3721 2497
3722 2497
3723 2497
3724 2497
3725 2497
3726 2497
3727 2497
3728 2497
3729 2497
3730 2497
3731 2497
3732 2497
3733 2497
3734 2496
3735 2496
3736 2496
3737 2496
3738 2496
3739 2496
3740 2499
3741 2496
3742 2496
3743 2496
3744 2496
3745 2496
3746 2496
3747 2496
3748 2496
3749 2496
3750 2496
3751 2496
3752 2496
3753 2496
3754 2496
3755 2496
3756 2496
3757 2496
3758 2496
3759 2495
3760 2496
3761 2495
3762 2496
3763 2496
3764 2495
3765 2495
3766 2495
3767 2495
3768 2495
3769 2495
3770 2495
3771 2495
3772 2495
3773 2495
3774 2495
3775 2495
3776 2495
3777 2495
3778 2495
3779 2495
3780 2495
3781 2495
3782 2495
3783 2495
3784 2495
3785 2495
3786 2495
3787 2495
3788 2495
3789 2495
3790 2495
3791 2495
3792 2495
3793 2495
3794 2495
3795 2495
3796 2495
3797 2495
3798 2495
3799 2495
3800 2495
3801 2495
3802 2495
3803 2496
3804 2495
3805 2494
3806 2499
3807 2495
3808 2495
3809 2495
3810 2495
3811 2494
3812 2495
3813 2494
3814 2494
3815 2494
3816 2494
3817 2494
3818 2494
3819 2494
3820 2494
3821 2494
3822 2494
3823 2494
3824 2494
3825 2494
3826 2494
3827 2494
3828 2494
3829 2494
3830 2494
3831 2494
3832 2494
3833 2494
3834 2494
3835 2494
3836 2493
3837 2494
3838 2494
3839 2494
3840 2494
3841 2494
3842 2494
3843 2493
3844 2493
3845 2493
3846 2493
3847 2493
3848 2493
3849 2493
3850 2493
3851 2493
3852 2493
3853 2494
3854 2493
3855 2493
3856 2493
3857 2493
3858 2493
3859 2493
3860 2493
3861 2493
3862 2493
3863 2493
3864 2493
3865 2493
3866 2493
3867 2493
3868 2493
3869 2493
3870 2493
3871 2493
3872 2493
3873 2493
3874 2493
3875 2493
3876 2493
3877 2493
3878 2493
3879 2493
3880 2493
3881 2493
3882 2493
3883 2493
3884 2493
3885 2493
3886 2493
3887 2493
3888 2493
3889 2493
3890 2493
3891 2493
3892 2493
3893 2493
3894 2493
3895 2493
3896 2493
3897 2493
3898 2493
3899 2493
3900 2493
3901 2493
3902 2493
3903 2492
3904 2492
3905 2492
3906 2492
3907 2493
3908 2493
3909 2492
3910 2492
3911 2493
3912 2493
3913 2493
3914 2492
3915 2492
3916 2492
3917 2493
3918 2493
3919 2493
3920 2493
3921 2492
3922 2492
3923 2493
3924 2492
3925 2492
3926 2492
3927 2492
3928 2492
3929 2493
3930 2492
3931 2492
3932 2492
3933 2492
3934 2492
3935 2493
3936 2492
3937 2493
3938 2492
3939 2492
3940 2493
3941 2492
3942 2493
3943 2493
3944 2492
3945 2492
3946 2492
3947 2492
3948 2493
3949 2492
3950 2493
3951 2493
3952 2493
3953 2493
3954 2493
3955 2493
3956 2492
3957 2493
3958 2492
3959 2492
3960 2492
3961 2492
3962 2492
3963 2492
3964 2492
3965 2492
3966 2492
3967 2492
3968 2492
3969 2492
3970 2492
3971 2492
3972 2492
3973 2492
3974 2492
3975 2492
3976 2492
3977 2492
3978 2492
3979 2492
3980 2492
3981 2492
3982 2492
3983 2492
3984 2492
3985 2492
3986 2492
3987 2492
3988 2492
3989 2492
3990 2492
3991 2492
3992 2492
3993 2492
3994 2491
3995 2491
3996 2491
3997 2491
3998 2492
3999 2492
4000 2492
4001 2492
4002 2492
4003 2492
4004 2492
4005 2492
4006 2492
4007 2492
4008 2492
4009 2491
4010 2491
4011 2491
4012 2492
4013 2492
4014 2492
4015 2491
4016 2492
4017 2492
4018 2492
4019 2491
4020 2492
4021 2491
4022 2491
4023 2492
4024 2492
4025 2492
4026 2491
4027 2491
4028 2492
4029 2492
4030 2492
4031 2491
4032 2491
4033 2491
4034 2491
4035 2491
4036 2491
4037 2491
4038 2491
4039 2491
4040 2491
4041 2491
4042 2491
4043 2491
4044 2492
4045 2491
4046 2492
4047 2492
4048 2492
4049 2492
4050 2491
4051 2492
4052 2492
4053 2492
4054 2492
4055 2491
4056 2491
4057 2492
4058 2492
4059 2492
4060 2491
4061 2491
4062 2491
4063 2491
4064 2491
4065 2491
4066 2491
4067 2491
4068 2491
4069 2491
4070 2491
4071 2491
4072 2491
4073 2491
4074 2491
4075 2491
4076 2491
4077 2491
4078 2491
4079 2492
4080 2491
4081 2491
4082 2491
4083 2491
4084 2491
4085 2491
4086 2491
4087 2491
4088 2491
4089 2491
4090 2491
4091 2491
4092 2491
4093 2491
4094 2491
4095 2491
4096 2491
4097 2491
4098 2491
4099 2491
4100 2491
4101 2491
4102 2491
4103 2491
4104 2491
4105 2492
4106 2492
4107 2492
4108 2491
4109 2491
4110 2491
4111 2491
4112 2491
4113 2491
4114 2491
4115 2491
4116 2491
4117 2491
4118 2491
4119 2491
4120 2491
4121 2491
4122 2491
4123 2491
4124 2491
4125 2491
4126 2491
4127 2491
4128 2491
4129 2491
4130 2491
4131 2491
4132 2491
4133 2491
4134 2491
4135 2491
4136 2491
4137 2491
4138 2491
4139 2491
4140 2491
4141 2491
4142 2492
4143 2492
4144 2492
4145 2491
4146 2491
4147 2491
4148 2490
4149 2491
4150 2491
4151 2491
4152 2491
4153 2491
4154 2491
4155 2491
4156 2491
4157 2491
4158 2491
4159 2491
4160 2491
4161 2491
4162 2491
4163 2492
4164 2491
4165 2491
4166 2491
4167 2491
4168 2491
4169 2491
4170 2491
4171 2491
4172 2492
4173 2491
4174 2491
4175 2491
4176 2491
4177 2491
4178 2491
4179 2491
4180 2491
4181 2491
4182 2491
4183 2490
4184 2491
4185 2491
4186 2491
4187 2491
4188 2491
4189 2491
4190 2491
4191 2491
4192 2491
4193 2491
4194 2491
4195 2491
4196 2491
4197 2491
4198 2491
4199 2491
4200 2491
4201 2491
4202 2491
4203 2491
4204 2491
4205 2491
4206 2491
4207 2491
4208 2491
4209 2491
4210 2491
4211 2491
4212 2491
4213 2491
4214 2491
4215 2491
4216 2491
4217 2491
4218 2491
4219 2491
4220 2491
4221 2491
4222 2491
4223 2491
4224 2491
4225 2491
4226 2491
4227 2491
4228 2491
4229 2491
4230 2491
4231 2491
4232 2491
4233 2491
4234 2491
4235 2491
4236 2491
4237 2491
4238 2491
4239 2491
4240 2491
4241 2491
4242 2491
4243 2491
4244 2491
4245 2491
4246 2491
4247 2491
4248 2491
4249 2490
4250 2491
4251 2491
4252 2491
4253 2491
4254 2491
4255 2491
4256 2490
4257 2490
4258 2491
4259 2491
4260 2491
4261 2490
4262 2491
4263 2490
4264 2490
4265 2490
4266 2490
4267 2490
4268 2490
4269 2490
4270 2490
4271 2490
4272 2490
4273 2491
4274 2490
4275 2490
4276 2490
4277 2490
4278 2490
4279 2490
4280 2490
4281 2490
4282 2490
4283 2490
4284 2490
4285 2490
4286 2490
4287 2491
4288 2490
4289 2490
4290 2490
4291 2490
4292 2490
4293 2490
4294 2490
4295 2490
4296 2490
4297 2490
4298 2490
4299 2490
4300 2490
4301 2489
4302 2490
4303 2489
4304 2489
4305 2489
4306 2490
4307 2490
4308 2490
4309 2490
4310 2490
4311 2489
4312 2490
4313 2489
4314 2489
4315 2490
4316 2489
4317 2490
4318 2489
4319 2489
4320 2490
4321 2490
4322 2489
4323 2490
4324 2489
4325 2490
4326 2489
4327 2490
4328 2489
4329 2490
4330 2490
4331 2490
4332 2490
4333 2489
4334 2489
4335 2489
4336 2489
4337 2489
4338 2489
4339 2489
4340 2489
4341 2489
4342 2489
4343 2489
4344 2489
4345 2489
4346 2488
4347 2489
4348 2488
4349 2489
4350 2489
4351 2489
4352 2488
4353 2489
4354 2489
4355 2489
4356 2489
4357 2490
4358 2489
4359 2489
4360 2489
4361 2489
4362 2489
4363 2489
4364 2489
4365 2488
4366 2489
4367 2489
4368 2489
4369 2489
4370 2489
4371 2489
4372 2489
4373 2489
4374 2488
4375 2489
4376 2488
4377 2488
4378 2488
4379 2489
4380 2488
4381 2488
4382 2489
4383 2488
4384 2488
4385 2488
4386 2488
4387 2488
4388 2488
4389 2488
4390 2488
4391 2488
4392 2487
4393 2488
4394 2487
4395 2487
4396 2487
4397 2488
4398 2487
4399 2488
4400 2488
4401 2488
4402 2488
4403 2487
4404 2487
4405 2487
4406 2488
4407 2487
4408 2487
4409 2487
4410 2488
4411 2487
4412 2487
4413 2487
4414 2487
4415 2487
4416 2487
4417 2487
4418 2487
4419 2487
4420 2487
4421 2487
4422 2487
4423 2487
4424 2487
4425 2488
4426 2487
4427 2487
4428 2487
4429 2488
4430 2488
4431 2488
4432 2488
4433 2488
4434 2487
4435 2488
4436 2488
4437 2488
4438 2488
4439 2488
4440 2488
4441 2488
4442 2488
4443 2488
4444 2487
4445 2488
4446 2488
4447 2487
4448 2488
4449 2487
4450 2487
4451 2488
4452 2488
4453 2488
4454 2488
4455 2488
4456 2488
4457 2487
4458 2488
4459 2487
4460 2487
4461 2487
4462 2487
4463 2487
4464 2487
4465 2487
4466 2487
4467 2487
4468 2487
4469 2487
4470 2487
4471 2487
4472 2486
4473 2487
4474 2486
4475 2487
4476 2487
4477 2486
4478 2486
4479 2486
4480 2485
4481 2486
4482 2486
4483 2486
4484 2486
4485 2486
4486 2486
4487 2486
4488 2486
4489 2486
4490 2486
4491 2486
4492 2486
4493 2485
4494 2486
4495 2486
4496 2486
4497 2486
4498 2486
4499 2488
4500 2487
4501 2487
4502 2487
4503 2487
4504 2487
4505 2488
4506 2487
4507 2487
4508 2487
4509 2487
4510 2487
4511 2487
4512 2487
4513 2487
4514 2487
4515 2487
4516 2487
4517 2487
4518 2487
4519 2487
4520 2487
4521 2487
4522 2487
4523 2487
4524 2487
4525 2487
4526 2487
4527 2487
4528 2487
4529 2486
4530 2487
4531 2486
4532 2487
4533 2487
4534 2487
4535 2487
4536 2487
4537 2486
4538 2486
4539 2487
4540 2487
4541 2487
4542 2487
4543 2486
4544 2487
4545 2487
4546 2487
4547 2486
4548 2486
4549 2486
4550 2487
4551 2487
4552 2487
4553 2487
4554 2487
4555 2487
4556 2487
4557 2486
4558 2487
4559 2487
4560 2487
4561 2487
4562 2487
4563 2486
4564 2487
4565 2486
4566 2486
4567 2486
4568 2486
4569 2487
4570 2487
4571 2486
4572 2487

3135 2551
3136 2547
3137 2548
3138 2543
3139 2541
3140 2542
3141 2542
3142 2555
3143 2548
3144 2555
3145 2554
3146 2546
3147 2551
3148 2545
3149 2545
3150 2547
3151 2554
3152 2548
3153 2547
3154 2553
3155 2547
3156 2554
3157 2542
3158 2553
3159 2547
3160 2545
3161 2546
3162 2549
3163 2549
3164 2540
3165 2552
3166 2547
3167 2546
3168 2554
3169 2544
3170 2546
3171 2545
3172 2544
3173 2542
3174 2553
3175 2547
3176 2546
3177 2547
3178 2541
3179 2540
3180 2542
3181 2546
3182 2546
3183 2542
3184 2547
3185 2546
3186 2539
3187 2544
3188 2545
3189 2546
3190 2539
3191 2544
3192 2545
3193 2550
3194 2541
3195 2544
3196 2538
3197 2542
3198 2546
3199 2538
3200 2546
3201 2545
3202 2544
3203 2538
3204 2547
3205 2545
3206 2549
3207 2549
3208 2538
3209 2543
3210 2542
3211 2549
3212 2544
3213 2544
3214 2544
3215 2542
3216 2543
3217 2543
3218 2543
3219 2543
3220 2543
3221 2544
3222 2544
3223 2544
3224 2543
3225 2544
3226 2542
3227 2544
3228 2544
3229 2543
3230 2543
3231 2542
3232 2550
3233 2541
3234 2551
3235 2545
3236 2548
3237 2549
3238 2543
3239 2550
3240 2544
3241 2544
3242 2545
3243 2544
3244 2542
3245 2544
3246 2543
3247 2536
3248 2546
3249 2542
3250 2543
3251 2544
3252 2541
3253 2542
3254 2542
3255 2543
3256 2543
3257 2543
3258 2543
3259 2535
3260 2535
3261 2542
3262 2536
3263 2538
3264 2539
3265 2535
3266 2535
3267 2541
3268 2544
3269 2547
3270 2540
3271 2537
3272 2549
3273 2549
3274 2543
3275 2537
3276 2549
3277 2537
3278 2535
3279 2542
3280 2542
3281 2543
3282 2535
3283 2546
3284 2540
3285 2540
3286 2545
3287 2535
3288 2548
3289 2542
3290 2542
3291 2534
3292 2541
3293 2539
3294 2538
3295 2542
3296 2542
3297 2542
3298 2544
3299 2536
3300 2541
3301 2542
3302 2543
3303 2543
3304 2544
3305 2542
3306 2533
3307 2545
3308 2547
3309 2542
3310 2538
3311 2536
3312 2544
3313 2533
3314 2533
3315 2541
3316 2543
3317 2546
3318 2544
3319 2540
3320 2547
3321 2541
3322 2542
3323 2538
3324 2537
3325 2539
3326 2542
3327 2541
3328 2534
3329 2537
3330 2532
3331 2545
3332 2540
3333 2544
3334 2541
3335 2536
3336 2534
3337 2532
3338 2541
3339 2542
3340 2542
3341 2542
3342 2542
3343 2544
3344 2546
3345 2541
3346 2541
3347 2541
3348 2545
3349 2544
3350 2540
3351 2540
3352 2540
3353 2543
3354 2540
3355 2535
3522 2535
3523 2535
3524 2537
3525 2536
3526 2535
3527 2537
3528 2537
3529 2535
3530 2535
3531 2536
3532 2535
3533 2535
3534 2535
3535 2535
3536 2536
3537 2535
3538 2534
3539 2532
3540 2532
3541 2532
3542 2533
3543 2533
3544 2533
3545 2533
3546 2534
3547 2533
3548 2534
3549 2525
3550 2534
3551 2534
3552 2534
3553 2535
3554 2534
3555 2534
3556 2534
3557 2535
3558 2536
3559 2534
3560 2534
3561 2533
3562 2533
3563 2532
3564 2537
3565 2532
3566 2532
3567 2532
3568 2533
3569 2532
3692 2525
3693 2514
3694 2524
3695 2514
3696 2525
3697 2514
3698 2515
3699 2524
3700 2513
3701 2524
3702 2523
3703 2513
3704 2513
3705 2518
3706 2521
3707 2524
3708 2518
3709 2525
3710 2513
3711 2513
3712 2518
3713 2522
3714 2512
3715 2513
3716 2513
3717 2524
3718 2512
3719 2522
3720 2519
3721 2512
3722 2513
3723 2516
3724 2524
3725 2523
3726 2518
3727 2511
3728 2511
3729 2511
3730 2511
3731 2519
3732 2519
3733 2511
3734 2512
3735 2514
3736 2510
3737 2510
3738 2517
3739 2514
3740 2513
3741 2510
3742 2511
3743 2511
3744 2513
3745 2517
3746 2513
3747 2518
3748 2509
3749 2518
3750 2516
3751 2511
3752 2514
3753 2516
3754 2510
3755 2513
3756 2515
3757 2515
3758 2515
3759 2516
3760 2508
3761 2518
3762 2508
3763 2508
3764 2508
3765 2509
3766 2510
3767 2515
3768 2515
3769 2514
3770 2510
3771 2514
3772 2514
3773 2515
3774 2514
3775 2515
3776 2507
3777 2507
3778 2516
3779 2514
3780 2514
3781 2507
3782 2507
3783 2514
3784 2508
3785 9999
3786 9999
3787 2508
3788 2515
3789 2508
3790 9999
3791 9999
3792 2518
3793 2515
3794 9999
3795 9999
3796 9999
3797 9999
3798 2514
3799 2515
3800 9999
3801 2513
3802 2512
3803 2514
3804 2509
3805 2506
3806 9999
3807 9999
3808 9999
3809 2508
3810 2507
3811 2509
3812 2513
3813 2513
3814 2512
3815 2513
3816 2512
3817 2513
3818 2513
3819 2506
3820 2506
3821 2514
3822 9999
3823 2512
3824 2512
3825 2511
3826 2517
3827 9999
3828 2516
3829 2512
3830 2512
3831 2512
3832 2512
3833 2512
3834 2511
3835 2512
3836 2515
3837 2512
3838 2512
3839 2512
3840 2512
3841 2511
3842 2511
3843 9999
3844 2511
3845 2511
3846 2511
3847 2511
3848 2511
3849 2511
3850 2511
3851 2511
3852 2511
3853 2511
3854 2511
3855 2511
3856 2511
3857 2511
3858 2511
3859 2512
3860 2505
3861 2511
3862 2511
3863 2511
3864 2513
3865 2511
3866 2511
3867 2511
3868 2510
3869 2510
3870 2511
3871 9999
3872 2511
3873 9999
3874 2510
3875 2510
3876 2505
3877 2514
3878 2510
3879 2510
3880 2510
3881 2509
3882 2509
3883 2510
3884 2510
3885 2510
3886 2510
3887 2510
3888 2510
3889 2510
3890 2510
3891 9999
3892 2510
3893 2510
3894 2513
3895 2513
3896 2513
3897 2508
3898 2510
3944 2509
3945 9999
3946 9999
3947 9999
3948 2507
3949 2508
3950 9999
3951 9999
3952 9999
3953 9999
3954 9999
3955 9999
3956 9999
3957 9999
3958 9999
3959 9999
3960 9999
3961 9999
3962 9999
3963 9999
3964 9999
3965 2504
3966 2508
3967 9999
3968 9999
3969 9999
3970 9999
3971 9999
3972 9999
3973 9999
3974 9999
3975 9999
3976 2508
3977 2508
3978 9999
3979 2508
3980 2507
3981 2507
3982 2507
3983 2507
3984 2508
3985 2507
3986 2507
3987 9999
3988 9999
3989 2507
3990 9999
3991 2508
3992 2508
3993 2509
3994 9999
3995 9999
3996 2503
3997 9999
3998 9999
3999 9999
4000 9999
4001 2508
4002 9999
4003 9999
4004 2508
4005 2511
4006 2510
4007 2509
4008 2508
4009 2509
4010 9999
4011 2503
4012 9999
4013 9999
4014 9999
4015 2508
4016 9999
4017 2509
4018 2508
4019 2509
4020 2509
4021 2509
4022 9999
4023 2509
4024 2509
4025 2510
4026 9999
4027 9999
4137 2505
4138 2506
4139 2518
4140 2514
4141 2505
4142 2513
4143 2514
4144 2512
4145 2507
4146 2513
4147 2513
4148 2506
4149 2506
4150 2513
4151 2514
4152 2513
4153 2513
4154 2513
4155 2514
4156 2514
4157 2507
4158 2520
4159 2517
4160 2514
4161 2515
4162 2508
4352 2514
4353 2515
4354 2516
4355 2515
4356 2515
4357 2514
4358 2514
4359 2515
4360 2514
4361 2508
4362 2520
4363 2520
4364 2510
4365 2515
4366 2514
4367 2514
4368 2515
4369 2517
4370 2513
4371 2515
4372 2508
4373 2508
4374 2513
4375 2509
4376 2510
4377 2518
4378 2515
4379 2506
4380 2511
4381 2518
4382 2519
4383 2520
4384 2506
4385 2506
4386 2507
4387 2516
4388 2516
4389 2516
4390 2515
4391 2515
4392 2516
4393 2506
4394 2506
4395 2514
4396 2513
4397 2515
4398 2514
4399 2515
4400 2515
4401 2516
4402 2515
4403 2514
4404 2514
4405 2511
4406 2507
4407 2514
4408 2513
4409 2513
4410 2513
4411 2514
4412 2507
4413 2514
4414 2516
4415 2516
4416 2515
4417 2514
4418 2515
4419 2515
4420 2515
4421 2520
4422 2515
4423 2513
4424 2514
4425 2515
4426 2519
4427 2514
4428 2513
4429 2514
4430 2513
4431 2512
4432 2521
4433 2508
4434 2514
4435 2514
4436 2510
4437 2515
4438 2513
4439 2507
4440 2513
4441 2515
4442 2513
4443 2513
4444 2513
4445 2512
4446 2513
4447 2512
4448 2512
4449 2511
4450 2512
4451 2512
4452 2511
4453 2514
4454 2514
4455 2515
4456 2506
4457 2512
4458 2514
4459 2508
4460 2509
4461 2512
4462 2513
4463 2511
4464 2512
4465 2512
4466 2512
4467 2513
4468 2515
4469 2513
4470 2517
4471 2505
4472 2505
4473 2505
4474 2505
4475 2510

