2 2467
3 2467
4 2467
5 2466
6 2466
7 2467
8 2467
9 2467
10 2467
11 2466
12 2466
13 2466
14 2466
15 2466
16 2466
17 2466
18 2466
19 2466
20 2467
21 2467
22 2466
23 2467
24 2466
25 2465
26 2466
27 2466
28 2466
29 2466
30 2466
31 2466
32 2466
33 2466
34 2466
35 2466
36 2466
37 2466
38 2466
39 2466
40 2466
41 2466
42 2466
43 2466
44 2466
45 2466
46 2466
47 2466
48 2466
49 2466
50 2466
51 2466
52 2466
53 2466
54 2465
55 2465
56 2466
57 2465
58 2465
59 2465
60 2465
61 2466
62 2465
63 2466
64 2465
65 2465
66 2465
67 2465
68 2465
69 2465
70 2465
71 2465
72 2465
73 2465
74 2465
75 2465
76 2465
77 2464
78 2465
79 2464
80 2465
81 2464
82 2465
83 2464
84 2464
85 2465
86 2464
87 2464
88 2464
89 2464
90 2464
91 2464
92 2464
93 2464
94 2465
95 2465
96 2464
97 2464
98 2464
99 2464
100 2464
101 2464
102 2464
103 2464
104 2464
105 2464
106 2464
107 2464
108 2464
109 2464
110 2464
111 2464
112 2464
113 2464
114 2464
115 2463
116 2464
117 2463
118 2464
119 2463
120 2463
121 2463
122 2464
123 2464
124 2464
125 2464
126 2463
127 2463
128 2464
129 2463
130 2463
131 2463
132 2464
133 2464
134 2463
135 2463
136 2463
137 2463
138 2463
139 2463
140 2463
141 2463
142 2463
143 2463
144 2463
145 2464
146 2464
147 2463
148 2463
149 2464
150 2464
151 2464
152 2464
153 2464
154 2464
155 2464
156 2464
157 2463
158 2463
159 2463
160 2463
161 2463
162 2463
163 2462
164 2463
165 2463
166 2463
167 2463
168 2463
169 2463
170 2463
171 2463
172 2463
173 2463
174 2463
175 2463
176 2463
177 2462
178 2463
179 2463
180 2462
181 2463
182 2463
183 2463
184 2462
185 2462
186 2462
187 2462
188 2462
189 2462
190 2462
191 2462
192 2462
193 2462
194 2462
195 2461
196 2461
197 2461
198 2461
199 2461
200 2461
201 2461
202 2461
203 2461
204 2461
205 2461
206 2461
207 2461
208 2460
209 2460
210 2460
211 2460
212 2461
213 2460
214 2460
215 2460
216 2460
217 2460
218 2460
219 2460
220 2459
221 2459
222 2459
223 2459
224 2459
225 2460
226 2459
227 2459
228 2459
229 2459
230 2459
231 2459
232 2459
233 2459
234 2459
235 2459
236 2459
237 2459
238 2459
239 2459
240 2459
241 2459
242 2459
243 2458
244 2458
245 2458
246 2458
247 2458
248 2458
249 2458
250 2458
251 2457
252 2457
253 2457
254 2457
255 2457
256 2457
257 2457
258 2457
259 2456
260 2457
261 2457
262 2457
263 2457
264 2456
265 2456
266 2456
267 2456
268 2456
269 2456
270 2456
271 2456
272 2456
273 2456
274 2456
275 2456
276 2455
277 2455
278 2455
279 2455
280 2455
281 2455
282 2455
283 2454
284 2455
285 2455
286 2454
287 2455
288 2455
289 2455
290 2455
291 2454
292 2454
293 2454
294 2454
295 2454
296 2454
297 2454
298 2454
299 2454
300 2454
301 2454
302 2454
303 2454
304 2454
305 2454
306 2454
307 2454
308 2454
309 2454
310 2454
311 2454
312 2454
313 2454
314 2454
315 2454
316 2454
317 2454
318 2454
319 2454
320 2454
321 2454
322 2454
323 2454
324 2454
325 2455
326 2455
327 2455
328 2456
329 2457
330 2458
331 2458
332 2458
333 2458
334 2457
335 2457
336 2457
337 2457
338 2457
339 2457
340 2457
341 2457
342 2457
343 2456
344 2456
345 2456
346 2456
347 2456
348 2456
349 2456
350 2455
351 2456
352 2456
353 2455
354 2455
355 2455
356 2454
357 2454
358 2454
359 2453
360 2453
361 2454
362 2454
363 2454
364 2454
365 2453
366 2453
367 2454
368 2453
369 2453
370 2452
371 2452
372 2452
373 2452
374 2451
375 2451
376 2451
377 2451
378 2451
379 2451
380 2451
381 2451
382 2451
383 2450
384 2450
385 2450
386 2450
387 2450
388 2449
389 2449
390 2449
391 2449
392 2449
393 2449
394 2448
395 2448
396 2449
397 2449
398 2448
399 2449
400 2448
401 2448
402 2448
403 2448
404 2448
405 2448
406 2448
407 2448
408 2448
409 2448
410 2448
411 2447
412 2447
413 2448
414 2448
415 2448
416 2447
417 2447
418 2449
419 2449
420 2447
421 2447
422 2447
423 2447
424 2447
425 2447
426 2447
427 2447
428 2447
429 2447
430 2447
431 2447
432 2446
433 2449
434 2447
435 2446
436 2446
437 2446
438 2447
439 2446
440 2446
441 2446
442 2447
443 2446
444 2446
445 2447
446 2447
447 2447
448 2447
449 2447
450 2447
451 2447
452 2446
453 2446
454 2446
455 2446
456 2447
457 2446
458 2447
459 2447
460 2447
461 2447
462 2447
463 2447
464 2447
465 2447
466 2447
467 2447
468 2447
469 2447
470 2447
471 2447
472 2447
473 2447
474 2447
475 2447
476 2447
477 2448
478 2448
479 2447
480 2448
481 2448
482 2448
483 2449
484 2448
485 2450
486 2448
487 2448
488 2448
489 2448
490 2447
491 2448
492 2447
493 2447
494 2447
495 2447
496 2447
497 2447
498 2448
499 2451
500 2447
501 2447
502 2447
503 2446
504 2446
505 2446
506 2446
507 2446
508 2446
509 2446
510 2449
511 2447
512 2447
513 2447
514 2446
515 2446
516 2447
517 2447
518 2446
519 2446
520 2446
521 2446
522 2446
523 2446
524 2446
525 2445
526 2446
527 2445
528 2445
529 2445
530 2445
531 2445
532 2445
533 2447
534 2445
535 2446
536 2446
537 2445
538 2450
539 2445
540 2446
541 2445
542 2445
543 2445
544 2445
545 2447
546 2445
547 2445
548 2446
549 2445
550 2446
551 2445
552 2445
553 2445
554 2445
555 2445
556 2445
557 2445
558 2445
559 2445
560 2445
561 2445
562 2445
563 2445
564 2444
565 2447
566 2445
567 2446
568 2446
569 2445
570 2445
571 2444
572 2445
573 2445
574 2444
575 2444
576 2445
577 2444
578 2444
579 2444
580 2444
581 2444
582 2444
583 2443
584 2443
585 2443
586 2443
587 2443
588 2443
589 2443
590 2442
591 2443
592 2443
593 2442
594 2442
595 2442
596 2443
597 2442
598 2444
599 2441
600 2447
601 2442
602 2442
603 2442
604 2441
605 2441
606 2441
607 2440
608 2440
609 2440
610 2439
611 2439
612 2439
613 2438
614 2438
615 2438
616 2440
617 2438
618 2438
619 2438
620 2438
621 2441
622 2438
623 2442
624 2438
625 2437
626 2437
627 2439
628 2439
629 2439
630 2438
631 2438
632 2438
633 2439
634 2438
635 2439
636 2438
637 2439
638 2439
639 2438
640 2438
641 2438
642 2438
643 2438
644 2437
645 2437
646 2437
647 2437
648 2437
649 2437
650 2437
651 2437
652 2437
653 2436
654 2436
655 2436
656 2436
657 2436
658 2437
659 2436
660 2436
661 2436
662 2436
663 2436
664 2436
665 2436
666 2436
667 2436
668 2436
669 2436
670 2436
671 2436
672 2436
673 2436
674 2436
675 2436
676 2436
677 2436
678 2436
679 2436
680 2436
681 2436
682 2436
683 2436
684 2435
685 2437
686 2436
687 2436
688 2436
689 2436
690 2436
691 2435
692 2435
693 2435
694 2435
695 2435
696 2435
697 2437
698 2435
699 2435
700 2434
701 2434
702 2434
703 2434
704 2435
705 2434
706 2434
707 2436
708 2434
709 2433
710 2433
711 2433
712 2432
713 2433
714 2433
715 2432
716 2432
717 2432
718 2432
719 2432
720 2432
721 2432
722 2433
723 2433
724 2434
725 2433
726 2433
727 2433
728 2437
729 2437
730 2437
731 2437
732 2439
733 2438
734 2433
735 2434
736 2434
737 2435
738 2435
739 2434
740 2434
741 2434
742 2439
743 2434
744 2434
745 2434
746 2433
747 2433
748 2433
749 2433
750 2433
751 2433
752 2433
753 2433
754 2433
755 2432
756 2432
757 2432
758 2432
759 2432
760 2432
761 2432
762 2432
763 2431
764 2431
765 2432
766 2431
767 2431
768 2431
769 2431
770 2431
771 2431
772 2431
773 2431
774 2431
775 2430
776 2430
777 2430
778 2430
779 2429
780 2429
781 2435
782 2429
783 2429
784 2429
785 2428
786 2428
787 2428
788 2428
789 2428
790 2428
791 2427
792 2427
793 2427
794 2427
795 2430
796 2428
797 2427
798 2427
799 2429
800 2428
801 2428
802 2428
803 2428
804 2428
805 2428
806 2428
807 2428
808 2428
809 2427
810 2427
811 2427
812 2427
813 2426
814 2426
815 2428
816 2427
817 2427
818 2427
819 2427
820 2429
821 2427
822 2426
823 2427
824 2426
825 2426
826 2427
827 2426
828 2426
829 2430
830 2431
831 2426
832 2426
833 2426
834 2426
835 2425
836 2426
837 2425
838 2425
839 2426
840 2426
841 2426
842 2425
843 2425
844 2424
845 2424
846 2423
847 2423
848 2424
849 2424
850 2424
851 2424
852 2424
853 2424
854 2426
855 2428
856 2427
857 2423
858 2423
859 2423
860 2423
861 2422
862 2423
863 2422
864 2422
865 2421
866 2422
867 2421
868 2423
869 2423
870 2420
871 2421
872 2420
873 2421
874 2420
875 2421
876 2434
877 2422
878 2430
879 2427
880 2421
881 2423
882 2423
883 2423
884 2432
885 2420
886 2421
887 2420
888 2425
889 2426
890 2425
891 2425
892 2423
893 2425
894 2420
895 2421
896 2420
897 2421
898 2421
899 2419
900 2419
901 2419
902 2418
903 2418
904 2418
905 2417
906 2418
907 2418
908 2418
909 2416
910 2416
911 2417
912 2417
913 2417
914 2416
915 2416
916 2416
917 2416
918 2415
919 2414
920 2414
921 2414
922 2414
923 2413
924 2414
925 2414
926 2417
927 2414
928 2414
929 2413
930 2413
931 2413
932 2413
933 2413
934 2413
935 2412
936 2411
937 2411
938 2412
939 2411
940 2412
941 2412
942 2412
943 2412
944 2415
945 2412
946 2412
947 2413
948 2412
949 2412
950 2412
951 2417
952 2412
953 2412
954 2412
955 2413
956 2415
957 2412
958 2412
959 2411
960 2412
961 2411
962 2412
963 2412
964 2412
965 2411
966 2411
967 2412
968 2412
969 2412
970 2410
971 2410
972 2411
973 2410
974 2409
975 2411
976 2409
977 2410
978 2413
979 2413
980 2409
981 2409
982 2412
983 2409
984 2409
985 2409
986 2408
987 2407
988 2406
989 2408
990 2398
991 2398
992 2403
993 2398
994 2411
995 2412
996 2408
997 2400
998 2411
999 2402
1000 2411
1001 2411
1002 2414
1003 2403
1004 2396
1005 2415
1006 2399
1007 2394
1008 2412
1009 2405
1010 2411
1011 2405
1012 2398
1013 2401
1014 2399
1015 2401
1016 2406
1017 2393
1018 2392
1019 2392
1020 2393
1021 2396

177 2494
178 2499
179 2490
180 2498
181 2488
182 2500
183 2491
184 2502
185 2489
186 2490
187 2489
188 2495
189 2493
190 2494
191 2493
192 2495
193 2499
194 2491
195 2498
196 2498
197 2491
198 2493
199 2496
200 2491
201 2491
202 2492
203 2491
204 2491
205 2490
206 2490
207 2491
208 2490
209 2490
210 2494
211 2492
212 2484
213 2486
214 2486
215 2489
216 2492
217 2489
218 2483
219 2492
220 2492
221 2490
222 2491
223 2491
224 2490
225 2490
226 2489
227 2491
228 2493
229 2496
230 2490
231 2490
232 2490
233 2488
234 2488
235 2487
236 2487
237 2488
238 2486
239 2486
240 2485
241 2486
242 2485
243 2481
244 2482
245 2491
246 2493
247 2487
248 2487
249 2480
250 2485
251 2481
252 2489
253 2485
254 2478

