2 2492
3 2492
4 2492
5 2492
6 2493
7 2492
8 2493
9 2492
10 2492
11 2493
12 2493
13 2493
14 2493
15 2492
16 2493
17 2493
18 2492
19 2492
20 2492
21 2493
22 2493
23 2493
24 2493
25 2493
26 2493
27 2493
28 2493
29 2493
30 2493
31 2493
32 2493
33 2493
34 2493
35 2493
36 2494
37 2494
38 2493
39 2493
40 2493
41 2493
42 2494
43 2493
44 2493
45 2493
46 2493
47 2493
48 2493
49 2493
50 2493
51 2493
52 2493
53 2493
54 2493
55 2493
56 2493
57 2493
58 2493
59 2493
60 2493
61 2493
62 2493
63 2493
64 2493
65 2494
66 2494
67 2494
68 2493
69 2493
70 2493
71 2493
72 2493
73 2493
74 2493
75 2493
76 2493
77 2493
78 2493
79 2493
80 2493
81 2493
82 2493
83 2493
84 2493
85 2493
86 2493
87 2492
88 2493
89 2493
90 2493
91 2492
92 2493
93 2493
94 2492
95 2492
96 2493
97 2492
98 2493
99 2492
100 2492
101 2492
102 2492
103 2492
104 2492
105 2491
106 2492
107 2491
108 2491
109 2491
110 2491
111 2491
112 2491
113 2491
114 2490
115 2490
116 2490
117 2490
118 2491
119 2491
120 2491
121 2491
122 2491
123 2491
124 2491
125 2491
126 2491
127 2491
128 2491
129 2491
130 2491
131 2491
132 2491
133 2491
134 2491
135 2491
136 2491
137 2491
138 2490
139 2491
140 2491
141 2491
142 2491
143 2491
144 2491
145 2491
146 2491
147 2491
148 2491
149 2492
150 2491
151 2491
152 2492
153 2491
154 2491
155 2491
156 2491
157 2491
158 2491
159 2491
160 2491
161 2491
162 2491
163 2491
164 2491
165 2491
166 2491
167 2491
168 2491
169 2491
170 2491
171 2491
172 2491
173 2491
174 2492
175 2492
176 2492
177 2492
178 2492
179 2492
180 2492
181 2492
182 2492
183 2493
184 2492
185 2492
186 2492
187 2493
188 2493
189 2493
190 2493
191 2493
192 2494
193 2493
194 2493
195 2494
196 2493
197 2493
198 2493
199 2494
200 2493
201 2493
202 2493
203 2493
204 2493
205 2494
206 2494
207 2494
208 2494
209 2494
210 2494
211 2494
212 2493
213 2494
214 2494
215 2493
216 2494
217 2493
218 2494
219 2494
220 2494
221 2494
222 2494
223 2494
224 2494
225 2494
226 2494
227 2494
228 2494
229 2494
230 2494
231 2494
232 2494
233 2494
234 2494
235 2494
236 2494
237 2494
238 2494
239 2493
240 2494
241 2494
242 2494
243 2494
244 2494
245 2494
246 2494
247 2495
248 2494
249 2494
250 2493
251 2494
252 2494
253 2494
254 2493
255 2494
256 2494
257 2494
258 2494
259 2493
260 2493
261 2493
262 2494
263 2494
264 2495
265 2493
266 2493
267 2493
268 2494
269 2493
270 2493
271 2493
272 2493
273 2493
274 2493
275 2493
276 2493
277 2493
278 2493
279 2493
280 2494
281 2493
282 2493
283 2494
284 2494
285 2493
286 2493
287 2493
288 2493
289 2494
290 2494
291 2494
292 2494
293 2494
294 2494
295 2494
296 2494
297 2493
298 2494
299 2494
300 2494
301 2494
302 2495
303 2495
304 2495
305 2494
306 2494
307 2494
308 2494
309 2494
310 2495
311 2494
312 2495
313 2495
314 2494
315 2495
316 2495
317 2495
318 2495
319 2495
320 2495
321 2495
322 2495
323 2495
324 2495
325 2495
326 2495
327 2495
328 2496
329 2497
330 2495
331 2495
332 2495
333 2494
334 2495
335 2495
336 2495
337 2495
338 2495
339 2494
340 2495
341 2495
342 2495
343 2495
344 2495
345 2495
346 2495
347 2495
348 2495
349 2495
350 2495
351 2495
352 2495
353 2495
354 2495
355 2495
356 2495
357 2495
358 2496
359 2496
360 2495
361 2495
362 2495
363 2495
364 2495
365 2495
366 2495
367 2495
368 2496
369 2496
370 2496
371 2496
372 2496
373 2496
374 2497
375 2496
376 2496
377 2496
378 2496
379 2496
380 2496
381 2496
382 2496
383 2496
384 2496
385 2496
386 2497
387 2496
388 2496
389 2496
390 2497
391 2497
392 2497
393 2497
394 2497
395 2497
396 2497
397 2497
398 2497
399 2498
400 2498
401 2497
402 2498
403 2497
404 2498
405 2497
406 2497
407 2497
408 2497
409 2497
410 2497
411 2497
412 2497
413 2498
414 2497
415 2497
416 2497
417 2497
418 2497
419 2497
420 2497
421 2497
422 2497
423 2497
424 2497
425 2497
426 2497
427 2497
428 2497
429 2497
430 2497
431 2496
432 2496
433 2496
434 2495
435 2499
436 2495
437 2496
438 2496
439 2496
440 2496
441 2495
442 2495
443 2495
444 2495
445 2495
446 2495
447 2495
448 2495
449 2495
450 2495
451 2495
452 2495
453 2495
454 2495
455 2495
456 2495
457 2495
458 2495
459 2495
460 2495
461 2495
462 2495
463 2495
464 2495
465 2495
466 2495
467 2495
468 2495
469 2495
470 2495
471 2495
472 2495
473 2495
474 2495
475 2495
476 2495
477 2495
478 2496
479 2497
480 2497
481 2496
482 2497
483 2496
484 2497
485 2497
486 2497
487 2497
488 2497
489 2497
490 2497
491 2497
492 2497
493 2497
494 2497
495 2497
496 2497
497 2498
498 2498
499 2498
500 2498
501 2498
502 2498
503 2498
504 2498
505 2498
506 2498
507 2498
508 2498
509 2498
510 2498
511 2498
512 2498
513 2498
514 2499
515 2498
516 2498
517 2499
518 2498
519 2498
520 2498
521 2498
522 2498
523 2498
524 2498
525 2498
526 2498
527 2498
528 2498
529 2499
530 2500
531 2500
532 2500
533 2500
534 2500
535 2500
536 2501
537 2501
538 2501
539 2501
540 2501
541 2500
542 2501
543 2501
544 2501
545 2501
546 2502
547 2502
548 2501
549 2501
550 2501
551 2501
552 2502
553 2503
554 2502
555 2501
556 2501
557 2501
558 2501
559 2501
560 2501
561 2500
562 2500
563 2501
564 2500
565 2501
566 2501
567 2501
568 2501
569 2501
570 2501
571 2501
572 2501
573 2501
574 2501
575 2501
576 2501
577 2502
578 2502
579 2502
580 2502
581 2503
582 2504
583 2503
584 2503
585 2504
586 2504
587 2504
588 2504
589 2505
590 2505
591 2505
592 2505
593 2505
594 2504
595 2504
596 2504
597 2503
598 2503
599 2503
600 2503
601 2502
602 2502
603 2501
604 2506
605 2501
606 2502
607 2502
608 2501
609 2501
610 2501
611 2501
612 2500
613 2501
614 2500
615 2500
616 2500
617 2500
618 2500
619 2500
620 2500
621 2500
622 2500
623 2500
624 2499
625 2499
626 2499
627 2499
628 2499
629 2499
630 2499
631 2500
632 2499
633 2499
634 2500
635 2500
636 2500
637 2499
638 2499
639 2500
640 2500
641 2500
642 2500
643 2500
644 2500
645 2500
646 2500
647 2501
648 2501
649 2501
650 2501
651 2500
652 2501
653 2501
654 2501
655 2501
656 2501
657 2501
658 2501
659 2501
660 2501
661 2501
662 2502
663 2502
664 2502
665 2502
666 2502
667 2502
668 2501
669 2502
670 2502
671 2502
672 2502
673 2502
674 2502
675 2502
676 2502
677 2502
678 2502
679 2503
680 2502
681 2503
682 2502
683 2502
684 2504
685 2505
686 2502
687 2501
688 2501
689 2501
690 2501
691 2501
692 2501
693 2501
694 2501
695 2501
696 2501
697 2501
698 2501
699 2501
700 2501
701 2500
702 2501
703 2501
704 2502
705 2500
706 2500
707 2500
708 2500
709 2500
710 2499
711 2500
712 2500
713 2500
714 2500
715 2499
716 2500
717 2500
718 2500
719 2500
720 2501
721 2501
722 2501
723 2501
724 2501
725 2501
726 2501
727 2501
728 2501
729 2501
730 2501
731 2501
732 2501
733 2503
734 2502
735 2501
736 2502
737 2502
738 2502
739 2501
740 2501
741 2502
742 2502
743 2501
744 2502
745 2502
746 2502
747 2502
748 2502
749 2502
750 2503
751 2503
752 2503
753 2502
754 2503
755 2510
756 2503
757 2503
758 2503
759 2503
760 2503
761 2503
762 2505
763 2505
764 2504
765 2503
766 2504
767 2505
768 2504
769 2504
770 2505
771 2505
772 2505
773 2505
774 2506
775 2505
776 2505
777 2505
778 2504
779 2505
780 2505
781 2505
782 2505
783 2505
784 2505
785 2505
786 2505
787 2505
788 2505
789 2505
790 2505
791 2505
792 2506
793 2505
794 2505
795 2505
796 2505
797 2505
798 2505
799 2504
800 2504
801 2504
802 2504
803 2507
804 2504
805 2504
806 2504
807 2504
808 2504
809 2504
810 2504
811 2504
812 2504
813 2504
814 2505
815 2504
816 2505
817 2505
818 2505
819 2505
820 2505
821 2505
822 2505
823 2505
824 2505
825 2505
826 2505
827 2505
828 2504
829 2504
830 2504
831 2504
832 2504
833 2504
834 2504
835 2504
836 2504
837 2504
838 2504
839 2505
840 2504
841 2504
842 2504
843 2504
844 2504
845 2504
846 2503
847 2504
848 2504
849 2504
850 2503
851 2504
852 2504
853 2503
854 2505
855 2503
856 2503
857 2503
858 2503
859 2504
860 2503
861 2503
862 2503
863 2503
864 2503
865 2503
866 2503
867 2503
868 2503
869 2502
870 2502
871 2502
872 2502
873 2503
874 2503
875 2502
876 2502
877 2502
878 2502
879 2502
880 2502
881 2502
882 2502
883 2502
884 2502
885 2502
886 2502
887 2502
888 2503
889 2502
890 2503
891 2502
892 2503
893 2503
894 2502
895 2502
896 2503
897 2503
898 2503
899 2503
900 2503
901 2503
902 2503
903 2503
904 2503
905 2503
906 2504
907 2504
908 2504
909 2504
910 2504
911 2504
912 2504
913 2504
914 2504
915 2505
916 2504
917 2505
918 2505
919 2505
920 2505
921 2505
922 2505
923 2506
924 2506
925 2506
926 2506
927 2506
928 2506
929 2507
930 2506
931 2507
932 2507
933 2507
934 2507
935 2507
936 2507
937 2507
938 2507
939 2507
940 2506
941 2507
942 2507
943 2507
944 2507
945 2506
946 2507
947 2506
948 2506
949 2506
950 2506
951 2507
952 2506
953 2506
954 2506
955 2506
956 2506
957 2506
958 2506
959 2506
960 2505
961 2505
962 2506
963 2505
964 2505
965 2505
966 2505
967 2505
968 2505
969 2505
970 2505
971 2505
972 2505
973 2505
974 2505
975 2505
976 2505
977 2505
978 2505
979 2505
980 2505
981 2505
982 2505
983 2505
984 2505
985 2505
986 2505
987 2505
988 2505
989 2505
990 2505
991 2505
992 2505
993 2505
994 2505
995 2505
996 2505
997 2505
998 2505
999 2505
1000 2505
1001 2505
1002 2504
1003 2505
1004 2505
1005 2505
1006 2505
1007 2505
1008 2505
1009 2505
1010 2505
1011 2505
1012 2505
1013 2505
1014 2505
1015 2505
1016 2505
1017 2505
1018 2505
1019 2505
1020 2505
1021 2505
1022 2506
1023 2505
1024 2505
1025 2505
1026 2506
1027 2506
1028 2505
1029 2506
1030 2505
1031 2505
1032 2505
1033 2506
1034 2506
1035 2506
1036 2505
1037 2505
1038 2506
1039 2507
1040 2507
1041 2507
1042 2507
1043 2506
1044 2507
1045 2506
1046 2507
1047 2506
1048 2506
1049 2506
1050 2505
1051 2507
1052 2506
1053 2506
1054 2505
1055 2505
1056 2505
1057 2505
1058 2506
1059 2505
1060 2506
1061 2505
1062 2505
1063 2509
1064 2506
1065 2507
1066 2505
1067 2505
1068 2505
1069 2506
1070 2506
1071 2505
1072 2506
1073 2506
1074 2506
1075 2506
1076 2506
1077 2506
1078 2505
1079 2507
1080 2507
1081 2505
1082 2506
1083 2505
1084 2507
1085 2508
1086 2508
1087 2508
1088 2510
1089 2508
1090 2507
1091 2508
1092 2506
1093 2506
1094 2507
1095 2507
1096 2508
1097 2507
1098 2508
1099 2507
1100 2507
1101 2507
1102 2507
1103 2507
1104 2507
1105 2507
1106 2507
1107 2508
1108 2508
1109 2508
1110 2508
1111 2508
1112 2508
1113 2508
1114 2508
1115 2507
1116 2507
1117 2507
1118 2507
1119 2507
1120 2507
1121 2507
1122 2507
1123 2507
1124 2507
1125 2507
1126 2507
1127 2508
1128 2508
1129 2508
1130 2508
1131 2509
1132 2509
1133 2508
1134 2510
1135 2509
1136 2509
1137 2508
1138 2508
1139 2508
1140 2508
1141 2507
1142 2508
1143 2508
1144 2507
1145 2507
1146 2508
1147 2507
1148 2508
1149 2508
1150 2506
1151 2507
1152 2507
1153 2507
1154 2512
1155 2506
1156 2511
1157 2508
1158 2509
1159 2510
1160 2512
1161 2511
1162 2508
1163 2507
1164 2508
1165 2509
1166 2508
1167 2508
1168 2507
1169 2509
1170 2509
1171 2509
1172 2508
1173 2509
1174 2510
1175 2507
1176 2508
1177 2507
1178 2510
1179 2508
1180 2513
1181 2507
1182 2507
1183 2508
1184 2508
1185 2509
1186 2507
1187 2507
1188 2507
1189 2508
1190 2508
1191 2508
1192 2508
1193 2509
1194 2509
1195 2513
1196 2508
1197 2508
1198 2508
1199 2508
1200 2511
1201 2508
1202 2508
1203 2508
1204 2507
1205 2508
1206 2507
1207 2507
1208 2508
1209 2508
1210 2507
1211 2507
1212 2507
1213 2508
1214 2508
1215 2510
1216 2508
1217 2508
1218 2510
1219 2508
1220 2508
1221 2508
1222 2508
1223 2507
1224 2506
1225 2507
1226 2507
1227 2507
1228 2506
1229 2506
1230 2507
1231 2507
1232 2508
1233 2505
1234 2508
1235 2507
1236 2507
1237 2508
1238 2508
1239 2506
1240 2507
1241 2508
1242 2515
1243 2509
1244 2509
1245 2509
1246 2509
1247 2507
1248 2508
1249 2511
1250 2509
1251 2509
1252 2508
1253 2508
1254 2509
1255 2509
1256 2509
1257 2509
1258 2508
1259 2511
1260 2512
1261 2511
1262 2509
1263 2510
1264 2510
1265 2509
1266 2509
1267 2509
1268 2509
1269 2509
1270 2510
1271 2508
1272 2511
1273 2510
1274 2510
1275 2509
1276 2511
1277 2511
1278 2508
1279 2512
1280 2509
1281 2509
1282 2509
1283 2509
1284 2509
1285 2509
1286 2512
1287 2507
1288 2508
1289 2511
1290 2507
1291 2508
1292 2509
1293 2506
1294 2511
1295 2513
1296 2507
1297 2513
1298 2506
1299 2507
1300 2514
1301 2512
1302 2506
1303 2512
1304 2507
1305 2509
1306 2506
1307 2514
1308 2508
1309 2512
1310 2508
1311 2504
1312 2513
1313 2502
1314 2502
1315 2512
1316 2519
1317 2512
1318 2518
1319 2505
1320 2517
1321 2512
1322 2516
1323 2514
1324 2514
1325 2513
1326 2513
1327 2508
1328 2513
1329 2513
1330 2511
1331 2512
1332 2506
1333 2505
1334 2505
1335 2505
1336 2510
1337 2510
1338 2511
1339 2510
1340 2503
1341 2503
1342 2502
1343 2502
1344 2506
1345 2504
1346 2504
1347 2502
1348 2503
1349 2506
1350 2508
1351 2509
1352 2501
1353 2506
1354 2508
1355 2505
1356 2506
1357 2506
1358 2518
1359 2507
1360 2509
1361 2515
1362 2500
1363 2502
1364 2507
1365 2515
1366 2506
1367 2506
1368 2507
1369 2515
1370 2507
1371 2512
1372 2515
1373 2507
1374 2515
1375 2514
1376 2510
1377 2512
1378 2508
1379 2515
1380 2509
1381 2508
1382 2508
1383 2508
1384 2509
1385 2508
1386 2508
1387 2508
1388 2520
1389 2509
1390 2511
1391 2512
1392 2511
1393 2508
1394 2509
1395 2508
1396 2509
1397 2508
1398 2509
1399 2511
1400 2510
1401 2512
1402 2510
1403 2509
1404 2514
1405 2510
1406 2510
1407 2509
1408 2510
1409 2510
1410 2511
1411 2510
1412 2509
1413 2510
1414 2508
1415 2509
1416 2509
1417 2508
1418 2507
1419 2508
1420 2510
1421 2509
1422 2509
1423 2509
1424 2507
1425 2508
1426 2508
1427 2508
1428 2509
1429 2508
1430 2509
1431 2508
1432 2509
1433 2510
1434 2511
1435 2511
1436 2510
1437 2510
1438 2511
1439 2517
1440 2511
1441 2513
1442 2512
1443 2511
1444 2511
1445 2510
1446 2509
1447 2509
1448 2509
1449 2509
1450 2514
1451 2510
1452 2510
1453 2510
1454 2510
1455 2510
1456 2509
1457 2509
1458 2510
1459 2509
1460 2509
1461 2509
1462 2509
1463 2509
1464 2509
1465 2509
1466 2509
1467 2509
1468 2508
1469 2508
1470 2508
1471 2508
1472 2508
1473 2508
1474 2508
1475 2508
1476 2508
1477 2508
1478 2508
1479 2506
1480 2507
1481 2508
1482 2507
1483 2507
1484 2508
1485 2508
1486 2508
1487 2508
1488 2507
1489 2508
1490 2508
1491 2508
1492 2508
1493 2508
1494 2515
1495 2510
1496 2508
1497 2509
1498 2508
1499 2509
1500 2510
1501 2510
1502 2520
1503 2511
1504 2510
1505 2509
1506 2509
1507 2509
1508 2511
1509 2511
1510 2510
1511 2511
1512 2511
1513 2509
1514 2509
1515 2510
1516 2509
1517 2508
1518 2509
1519 2509
1520 2509
1521 2509
1522 2508
1523 2510
1524 2509
1525 2509
1526 2508
1527 2508
1528 2508
1529 2508
1530 2508
1531 2508
1532 2519
1533 2509
1534 2509
1535 2510
1536 2509
1537 2509
1538 2510
1539 2510
1540 2509
1541 2511
1542 2510
1543 2508
1544 2509
1545 2509
1546 2509
1547 2509
1548 2509
1549 2509
1550 2510
1551 2509
1552 2510
1553 2509
1554 2509
1555 2509
1556 2508
1557 2509
1558 2509
1559 2508
1560 2509
1561 2508
1562 2508
1563 2508
1564 2508
1565 2508
1566 2508
1567 2508
1568 2508
1569 2509
1570 2507
1571 2507
1572 2507
1573 2508
1574 2507
1575 2507
1576 2507
1577 2506
1578 2507
1579 2507
1580 2509
1581 2507
1582 2507
1583 2507
1584 2506
1585 2506
1586 2506
1587 2507
1588 2507

806 2538
807 2533
808 2530
809 2538
810 2530
811 2540
812 2533
813 2544
814 2534
815 2544
816 2540
817 2534
818 2541
819 2538
820 2536
821 2536
822 2531
823 2544
824 2536
825 2538
826 2537
827 2531
828 2538
829 2536
830 2538
831 2536
832 2531
833 2545
834 2531
835 2538
836 2537
837 2537
838 2537
839 2538
840 2537
841 2542
842 2543
843 2537
844 2537
845 2537
846 2536
847 2537
848 2538
849 2539
850 2535
851 2541
852 2541
853 2539
854 2538
855 2538
856 2539
857 2533
858 2542
859 2542
860 2541
861 2544
862 2541
863 2531
864 2537
865 2538
866 2545
867 2533
868 2535
869 2535
870 2544
871 2539
872 2538
873 2537
874 2537
875 2543
876 2539
877 2532
878 2535
879 2545
880 2543
881 2541
882 2535
883 2545
884 2540
885 2546
886 2540
887 2538
888 2546
889 2539
890 2537
891 2545
892 2536
893 2538
894 2537
895 2539
896 2546
897 2545
898 2541
899 2536
900 2541
901 2546
902 2542
903 2547
904 2543
905 2541
906 2541
907 2541
908 2542
909 2544
910 2547
911 2541
912 2543
913 2544
914 2542
915 2541
916 2542
917 2542
918 2544
919 2545
920 2547
921 2546
922 2544
923 2546
924 2546
925 2538
926 2538
927 2543
928 2541
929 2545
930 2546
931 2545
932 2545
933 2546
934 2546
935 2546
936 2544
937 2548
938 2546
939 2545
940 2544
941 2544
942 2554
943 2554
944 2551
945 2553
946 2549
947 2549
948 2552
949 2553
950 2552
951 2555
952 2554
953 2546
954 2553
955 2548
956 2547
957 2547
958 2554
959 2542
960 2543
961 2546
962 2545
963 2548
964 2546
965 2543
966 2552
967 2547
968 2553
969 2545
970 2549
971 2547
972 2548
973 2551
974 2551
975 2546
976 2548
977 2546
978 2548
979 2546
980 2545
981 2548
982 2548
983 2548
984 2557
985 2550
986 2545
987 2552
988 2554
989 2551
990 2551
991 2558
992 2554
993 2553
994 2551
995 2557

