2768 2515
2769 2516
2770 2515
2771 2516
2772 2517
2773 2522
2774 2516
2775 2515
2776 2514
2777 2515
2778 2520
2779 2515
2780 2518
2781 2516
2782 2519
2783 2518
2784 2519
2785 2518
2786 2518
2787 2517
2788 2518
2789 2517
2790 2517
2791 2516
2792 2525
2793 2515
2794 2518
2795 2514
2796 2517
2797 2516
2798 2515
2799 2514
2800 2514
2801 2518
2802 2518
2803 2515
2804 2517
2805 2520
2806 2519
2807 2516
2808 2517
2809 2516
2810 2515
2811 2519
2812 2516
2813 2520
2814 2515
2815 2517
2816 2518
2817 2522
2818 2515
2819 2516
2820 2515
2821 2520
2822 2521
2823 2518
2824 2518
2825 2516
2826 2516
2827 2520
2828 2515
2829 2514
2830 2517
2831 2522
2832 2515
2833 2519
2834 2515
2835 2515
2836 2515
2837 2515
2838 2515
2839 2515
2840 2515
2841 2515
2842 2515
2843 2516
2844 2515
2845 2518
2846 2514
2847 2514
2848 2515
2849 2514
2850 2515
2851 2514
2852 2515
2853 2515
2854 2516
2855 2515
2856 2515
2857 2515
2858 2515
2859 2520
2860 2519
2861 2520
2862 2515
2863 2520
2864 2516
2865 2514
2866 2518
2867 2520
2868 2514
2869 2517
2870 2512
2871 2513
2872 2513
2873 2513
2874 2513
2875 2521
2876 2515
2877 2512
2878 2514
2879 2515
2880 2515
2881 2513
2882 2513
2883 2513
2884 2513
2885 2511
2886 2521
2887 2516
2888 2511
2889 2514
2890 2511
2891 2511
2892 2512
2893 2513
2894 2512
2895 2512
2896 2511
2897 2511
2898 2511
2899 2512
2900 2512
2901 2514
2902 2512
2903 2513
2904 2514
2905 2513
2906 2514
2907 2519
2908 2513
2909 2515
2910 2516
2911 2513
2912 2515
2913 2516
2914 2519
2915 2513
2916 2512
2917 2518
2918 2511
2919 2511
2920 2511
2921 2511
2922 2517
2923 2513
2924 2514
2925 2514
2926 2512
2927 2519
2928 2515
2929 2515
2930 2516
2931 2511
2932 2511
2933 2511
2934 2511
2935 2512
2936 2512
2937 2513
2938 2512
2939 2518
2940 2514
2941 2512
2942 2512
2943 2512
2944 2511
2945 2511
2946 2510
2947 2520
2948 2514
2949 2510
2950 2514
2951 2512
2952 2511
2953 2510
2954 2511
2955 2510
2956 2511
2957 2511
2958 2509
2959 2509
2960 2509
2961 2509
2962 2519
2963 2509
2964 2508
2965 2509
2966 2509
2967 2510
2968 2509
2969 2509
2970 2510
2971 2509
2972 2510
2973 2508
2974 2509
2975 2509
2976 2508
2977 2508
2978 2509
2979 2509
2980 2510
2981 2511
2982 2511
2983 2508
2984 2514
2985 2514
2986 2510
2987 2514
2988 2512
2989 2511
2990 2509
2991 2509
2992 2510
2993 2510
2994 2513
2995 2513
2996 2509
2997 2510
2998 2510
2999 2510
3000 2510
3001 2510
3002 2510
3003 2511
3004 2511
3005 2513
3006 2511
3007 2516
3008 2513
3009 2513
3010 2513
3011 2507
3012 2509
3013 2509
3014 2513
3015 2507
3016 2507
3017 2507
3018 2508
3019 2510
3020 2510
3021 2508
3022 2510
3023 2508
3024 2508
3025 2508
3026 2508
3027 2509
3028 2513
3029 2512
3030 2508
3031 2508
3032 2508
3033 2509
3034 2510
3035 2510
3036 2511
3037 2512
3038 2511
3039 2507
3040 2509
3041 2509
3042 2508
3043 2507
3044 2507
3045 2512
3046 2507
3047 2507
3048 2508
3049 2510
3050 2507
3051 2506
3052 2507
3053 2510
3054 2508
3055 2509
3056 2508
3057 2507
3058 2508
3059 2508
3060 2507
3061 2506
3062 2510
3063 2508
3064 2507
3065 2507
3066 2506
3067 2506
3068 2506
3069 2506
3070 2506
3071 2506
3072 2506
3073 2507
3074 2507
3075 2508
3076 2507
3077 2507
3078 2507
3079 2507
3080 2507
3081 2508
3082 2508
3083 2507
3084 2506
3085 2505
3086 2505
3087 2506
3088 2505
3089 2505
3090 2505
3091 2510
3092 2505
3093 2505
3094 2505
3095 2506
3096 2505
3097 2507
3098 2506
3099 2506
3100 2504
3101 2505
3102 2505
3103 2505
3104 2505
3105 2505
3106 2507
3107 2505
3108 2505
3109 2504
3110 2505
3111 2505
3112 2505
3113 2506
3114 2505
3115 2505
3116 2505
3117 2505
3118 2505
3119 2505
3120 2505
3121 2505
3122 2505
3123 2505
3124 2504
3125 2504
3126 2505
3127 2505
3128 2505
3129 2504
3130 2505
3131 2505
3132 2505
3133 2503
3134 2503
3135 2504
3136 2509
3137 2505
3138 2503
3139 2503
3140 2508
3141 2509
3142 2509
3143 2504
3144 2507
3145 2505
3146 2505
3147 2505
3148 2505
3149 2506
3150 2503
3151 2504
3152 2504
3153 2504
3154 2504
3155 2504
3156 2504
3157 2504
3158 2505
3159 2505
3160 2504
3161 2504
3162 2504
3163 2504
3164 2504
3165 2504
3166 2504
3167 2504
3168 2504
3169 2503
3170 2503
3171 2504
3172 2503
3173 2503
3174 2503
3175 2503
3176 2503
3177 2503
3178 2503
3179 2503
3180 2503
3181 2503
3182 2503
3183 2503
3184 2503
3185 2502
3186 2503
3187 2503
3188 2503
3189 2503
3190 2503
3191 2503
3192 2503
3193 2503
3194 2503
3195 2504
3196 2503
3197 2503
3198 2503
3199 2503
3200 2503
3201 2503
3202 2503
3203 2503
3204 2503
3205 2503
3206 2502
3207 2503
3208 2503
3209 2503
3210 2503
3211 2503
3212 2503
3213 2503
3214 2503
3215 2503
3216 2504
3217 2503
3218 2503
3219 2510
3220 2503
3221 2503
3222 2503
3223 2503
3224 2502
3225 2502
3226 2503
3227 2503
3228 2503
3229 2503
3230 2503
3231 2503
3232 2503
3233 2503
3234 2503
3235 2503
3236 2503
3237 2503
3238 2503
3239 2503
3240 2503
3241 2503
3242 2503
3243 2503
3244 2503
3245 2503
3246 2503
3247 2503
3248 2503
3249 2503
3250 2503
3251 2503
3252 2503
3253 2503
3254 2503
3255 2503
3256 2503
3257 2503
3258 2503
3259 2503
3260 2503
3261 2503
3262 2503
3263 2503
3264 2503
3265 2503
3266 2503
3267 2502
3268 2503
3269 2503
3270 2503
3271 2503
3272 2503
3273 2503
3274 2503
3275 2503
3276 2503
3277 2503
3278 2503
3279 2503
3280 2503
3281 2503
3282 2503
3283 2503
3284 2503
3285 2503
3286 2503
3287 2503
3288 2503
3289 2503
3290 2503
3291 2503
3292 2503
3293 2503
3294 2503
3295 2503
3296 2503
3297 2503
3298 2503
3299 2503
3300 2503
3301 2503
3302 2503
3303 2503
3304 2503
3305 2503
3306 2503
3307 2503
3308 2503
3309 2503
3310 2503
3311 2502
3312 2503
3313 2503
3314 2503
3315 2503
3316 2503
3317 2503
3318 2503
3319 2503
3320 2503
3321 2503
3322 2503
3323 2503
3324 2503
3325 2502
3326 2503
3327 2502
3328 2502
3329 2502
3330 2502
3331 2502
3332 2502
3333 2504
3334 2502
3335 2502
3336 2502
3337 2502
3338 2502
3339 2502
3340 2502
3341 2502
3342 2502
3343 2502
3344 2502
3345 2502
3346 2502
3347 2502
3348 2502
3349 2502
3350 2502
3351 2502
3352 2502
3353 2502
3354 2502
3355 2502
3356 2502
3357 2502
3358 2502
3359 2502
3360 2502
3361 2502
3362 2502
3363 2502
3364 2502
3365 2502
3366 2502
3367 2502
3368 2502
3369 2502
3370 2502
3371 2502
3372 2502
3373 2502
3374 2502
3375 2502
3376 2502
3377 2502
3378 2502
3379 2502
3380 2501
3381 2501
3382 2501
3383 2501
3384 2501
3385 2501
3386 2501
3387 2500
3388 2501
3389 2501
3390 2501
3391 2501
3392 2501
3393 2500
3394 2500
3395 2500
3396 2501
3397 2500
3398 2501
3399 2504
3400 2501
3401 2500
3402 2501
3403 2501
3404 2501
3405 2500
3406 2500
3407 2501
3408 2500
3409 2501
3410 2501
3411 2501
3412 2501
3413 2501
3414 2501
3415 2501
3416 2501
3417 2501
3418 2501
3419 2501
3420 2501
3421 2501
3422 2501
3423 2501
3424 2502
3425 2501
3426 2501
3427 2502
3428 2501
3429 2501
3430 2502
3431 2501
3432 2501
3433 2501
3434 2501
3435 2501
3436 2501
3437 2501
3438 2501
3439 2501
3440 2501
3441 2501
3442 2501
3443 2501
3444 2501
3445 2501
3446 2501
3447 2501
3448 2501
3449 2501
3450 2501
3451 2501
3452 2501
3453 2501
3454 2501
3455 2501
3456 2501
3457 2501
3458 2501
3459 2501
3460 2501
3461 2501
3462 2501
3463 2501
3464 2501
3465 2501
3466 2501
3467 2501
3468 2501
3469 2501
3470 2501
3471 2501
3472 2501
3473 2501
3474 2500
3475 2501
3476 2500
3477 2501
3478 2500
3479 2500
3480 2501
3481 2500
3482 2500
3483 2501
3484 2501
3485 2501
3486 2501
3487 2501
3488 2501
3489 2501
3490 2501
3491 2501
3492 2501
3493 2501
3494 2501
3495 2501
3496 2501
3497 2501
3498 2501
3499 2501
3500 2501
3501 2501
3502 2501
3503 2501
3504 2501
3505 2501
3506 2502
3507 2501
3508 2501
3509 2503
3510 2503
3511 2502
3512 2502
3513 2501
3514 2501
3515 2501
3516 2501
3517 2503
3518 2503
3519 2503
3520 2503
3521 2502
3522 2504
3523 2502
3524 2502
3525 2502
3526 2502
3527 2502
3528 2502
3529 2502
3530 2502
3531 2502
3532 2502
3533 2502
3534 2501
3535 2501
3536 2501
3537 2501
3538 2504
3539 2501
3540 2501
3541 2501
3542 2501
3543 2502
3544 2501
3545 2501
3546 2502
3547 2501
3548 2501
3549 2501
3550 2508
3551 2504
3552 2502
3553 2506
3554 2501
3555 2502
3556 2503
3557 2504
3558 2504
3559 2501
3560 2503
3561 2505
3562 2501
3563 2501
3564 2502
3565 2502
3566 2502
3567 2502
3568 2502
3569 2501
3570 2501
3571 2501
3572 2502
3573 2502
3574 2502
3575 2502
3576 2502
3577 2502
3578 2501
3579 2501
3580 2501
3581 2501
3582 2501
3583 2501
3584 2501
3585 2501
3586 2501
3587 2501
3588 2501
3589 2501
3590 2501
3591 2501
3592 2501
3593 2501
3594 2501
3595 2501
3596 2501
3597 2501
3598 2500
3599 2501
3600 2501
3601 2501
3602 2501
3603 2501
3604 2501
3605 2501
3606 2501
3607 2501
3608 2501
3609 2501
3610 2500
3611 2501
3612 2500
3613 2501
3614 2500
3615 2500
3616 2500
3617 2500
3618 2500
3619 2500
3620 2500
3621 2500
3622 2500
3623 2500
3624 2500
3625 2499
3626 2500
3627 2499
3628 2500
3629 2499
3630 2499
3631 2499
3632 2499
3633 2499
3634 2500
3635 2500
3636 2500
3637 2500
3638 2500
3639 2500
3640 2500
3641 2500
3642 2500
3643 2500
3644 2500
3645 2500
3646 2500
3647 2500
3648 2500
3649 2500
3650 2500
3651 2500
3652 2500
3653 2500
3654 2500
3655 2500
3656 2500
3657 2500
3658 2500
3659 2500
3660 2500
3661 2500
3662 2500
3663 2500
3664 2500
3665 2500
3666 2500
3667 2500
3668 2500
3669 2500
3670 2500
3671 2500
3672 2500
3673 2500
3674 2500
3675 2500
3676 2500
3677 2500
3678 2500
3679 2500
3680 2500
3681 2500
3682 2500
3683 2500
3684 2500
3685 2500
3686 2500
3687 2500
3688 2501
3689 2501
3690 2500
3691 2500
3692 2500
3693 2500
3694 2500
3695 2500
3696 2500
3697 2500
3698 2500
3699 2501
3700 2500
3701 2500
3702 2500
3703 2500
3704 2501
3705 2501
3706 2501
3707 2501
3708 2501
3709 2501
3710 2501
3711 2501
3712 2500
3713 2500
3714 2500
3715 2500
3716 2500
3717 2500
3718 2500
3719 2500
3720 2500
3721 2500
3722 2500
3723 2501
3724 2501
3725 2501
3726 2501
3727 2501
3728 2501
3729 2501
3730 2501
3731 2501
3732 2501
3733 2501
3734 2501
3735 2500
3736 2500
3737 2500
3738 2501
3739 2501
3740 2501
3741 2500
3742 2500
3743 2500
3744 2500
3745 2500
3746 2500
3747 2500
3748 2500
3749 2499
3750 2500
3751 2500
3752 2499
3753 2500
3754 2500
3755 2500
3756 2500
3757 2500
3758 2500
3759 2500
3760 2500
3761 2500
3762 2500
3763 2500
3764 2500
3765 2500
3766 2500
3767 2500
3768 2500
3769 2499
3770 2500
3771 2500
3772 2500
3773 2500
3774 2500
3775 2499
3776 2500
3777 2500
3778 2500
3779 2500
3780 2500
3781 2501
3782 2500
3783 2500
3784 2500
3785 2500
3786 2500
3787 2500
3788 2500
3789 2500
3790 2500
3791 2500
3792 2500
3793 2500
3794 2500
3795 2500
3796 2500
3797 2500
3798 2500
3799 2500
3800 2500
3801 2500
3802 2500
3803 2500
3804 2500
3805 2500
3806 2500
3807 2500
3808 2500
3809 2500
3810 2500
3811 2500
3812 2500
3813 2500
3814 2500
3815 2499
3816 2499
3817 2499
3818 2499
3819 2499
3820 2501
3821 2501
3822 2501
3823 2500
3824 2500
3825 2500
3826 2500
3827 2500
3828 2500
3829 2500
3830 2502
3831 2499
3832 2500
3833 2500
3834 2499
3835 2499
3836 2499
3837 2499
3838 2499
3839 2500
3840 2499
3841 2499
3842 2500
3843 2500
3844 2500
3845 2499
3846 2499
3847 2499
3848 2500
3849 2499
3850 2499
3851 2499
3852 2499
3853 2499
3854 2500
3855 2500
3856 2500
3857 2500
3858 2499
3859 2499
3860 2499
3861 2499
3862 2499
3863 2499
3864 2499
3865 2499
3866 2500
3867 2500
3868 2499
3869 2499
3870 2499
3871 2499
3872 2499
3873 2499
3874 2499
3875 2499
3876 2499
3877 2499
3878 2499
3879 2499
3880 2499
3881 2499
3882 2499
3883 2499
3884 2499
3885 2499
3886 2499
3887 2499
3888 2499
3889 2499
3890 2499
3891 2499
3892 2499
3893 2499
3894 2499
3895 2499
3896 2499
3897 2499
3898 2500
3899 2499
3900 2499
3901 2499
3902 2499
3903 2499
3904 2499
3905 2500
3906 2499
3907 2499
3908 2499
3909 2499
3910 2499
3911 2499
3912 2500
3913 2499
3914 2499
3915 2499
3916 2499
3917 2499
3918 2499
3919 2499
3920 2499
3921 2499
3922 2499
3923 2499
3924 2499
3925 2499
3926 2499
3927 2499
3928 2499
3929 2499
3930 2499
3931 2499
3932 2499
3933 2499
3934 2499
3935 2499
3936 2499
3937 2499
3938 2499
3939 2499
3940 2499
3941 2499
3942 2499
3943 2499
3944 2499
3945 2499
3946 2499
3947 2498
3948 2498
3949 2498
3950 2498
3951 2498
3952 2498
3953 2498
3954 2498
3955 2499
3956 2499
3957 2499
3958 2499
3959 2499
3960 2499
3961 2499
3962 2499
3963 2499
3964 2499
3965 2499
3966 2499
3967 2499
3968 2499
3969 2499
3970 2499
3971 2499
3972 2499
3973 2499
3974 2498
3975 2498
3976 2498
3977 2498
3978 2498
3979 2498
3980 2498
3981 2498
3982 2498
3983 2498
3984 2498
3985 2498
3986 2498
3987 2498
3988 2497
3989 2497
3990 2501
3991 2497
3992 2497
3993 2498
3994 2498
3995 2497
3996 2498
3997 2498
3998 2498
3999 2498
4000 2497
4001 2498
4002 2497
4003 2497
4004 2497
4005 2497
4006 2497
4007 2498
4008 2498
4009 2498
4010 2497
4011 2497
4012 2497
4013 2497
4014 2497
4015 2497
4016 2498
4017 2497
4018 2497
4019 2497
4020 2497
4021 2497
4022 2497
4023 2497
4024 2497
4025 2497
4026 2497
4027 2496
4028 2496
4029 2496
4030 2496
4031 2496
4032 2496
4033 2496
4034 2497
4035 2496
4036 2496
4037 2496
4038 2497
4039 2497
4040 2497
4041 2497
4042 2497
4043 2496
4044 2497
4045 2497
4046 2497
4047 2496
4048 2496
4049 2496
4050 2496
4051 2496
4052 2496
4053 2496
4054 2496
4055 2496
4056 2496
4057 2496
4058 2496
4059 2496
4060 2496
4061 2496
4062 2496
4063 2496
4064 2496
4065 2496
4066 2496
4067 2496
4068 2496
4069 2496
4070 2496
4071 2496
4072 2496
4073 2495
4074 2496
4075 2496
4076 2496
4077 2495
4078 2495
4079 2495
4080 2496
4081 2496
4082 2496
4083 2496
4084 2496
4085 2496
4086 2496
4087 2495
4088 2495
4089 2495
4090 2495
4091 2495
4092 2495
4093 2495
4094 2495
4095 2495
4096 2495
4097 2495
4098 2496
4099 2496
4100 2495
4101 2495
4102 2496
4103 2495
4104 2495
4105 2495
4106 2495
4107 2495
4108 2495
4109 2495
4110 2495
4111 2495
4112 2495
4113 2495
4114 2495
4115 2495
4116 2495
4117 2495
4118 2495
4119 2495
4120 2495
4121 2495
4122 2495
4123 2495
4124 2495
4125 2495
4126 2495
4127 2495
4128 2495
4129 2495
4130 2495
4131 2495
4132 2495
4133 2494
4134 2495
4135 2495
4136 2495
4137 2495
4138 2495
4139 2495
4140 2495
4141 2494
4142 2494
4143 2494
4144 2494
4145 2494
4146 2494
4147 2494
4148 2494
4149 2494
4150 2494
4151 2494
4152 2494
4153 2494
4154 2494
4155 2494
4156 2494
4157 2494
4158 2494
4159 2494
4160 2496
4161 2494
4162 2494
4163 2494
4164 2494
4165 2494
4166 2494
4167 2494
4168 2494
4169 2494
4170 2493
4171 2493
4172 2493
4173 2493
4174 2493
4175 2493
4176 2493
4177 2493
4178 2493
4179 2493
4180 2493
4181 2493
4182 2493
4183 2493
4184 2493
4185 2493
4186 2493
4187 2493
4188 2493
4189 2493
4190 2493
4191 2493
4192 2493
4193 2493
4194 2493
4195 2493
4196 2493
4197 2493
4198 2493
4199 2493
4200 2493
4201 2493
4202 2493
4203 2493
4204 2493
4205 2492
4206 2493
4207 2493
4208 2493
4209 2492
4210 2493
4211 2493
4212 2493
4213 2493
4214 2493
4215 2492
4216 2492
4217 2492
4218 2492
4219 2492
4220 2492
4221 2492
4222 2492
4223 2492
4224 2492
4225 2492
4226 2492
4227 2492
4228 2492
4229 2493
4230 2492
4231 2492
4232 2493
4233 2492
4234 2492
4235 2492
4236 2492
4237 2492
4238 2492
4239 2492
4240 2492
4241 2492
4242 2493
4243 2492
4244 2492
4245 2492
4246 2492
4247 2496
4248 2492
4249 2492
4250 2492
4251 2492
4252 2491
4253 2491
4254 2491
4255 2491
4256 2492
4257 2493
4258 2491
4259 2491
4260 2491
4261 2492
4262 2491
4263 2491
4264 2491
4265 2491
4266 2491
4267 2492
4268 2492
4269 2492
4270 2492
4271 2492
4272 2492
4273 2492
4274 2492
4275 2491
4276 2491
4277 2491
4278 2491
4279 2492
4280 2492
4281 2492
4282 2492
4283 2492
4284 2492
4285 2492
4286 2492
4287 2492
4288 2492
4289 2492
4290 2492
4291 2492
4292 2492
4293 2494
4294 2491
4295 2491
4296 2491
4297 2492
4298 2492
4299 2492
4300 2491
4301 2491
4302 2491
4303 2491
4304 2491
4305 2491
4306 2491
4307 2491
4308 2491
4309 2491
4310 2491
4311 2491
4312 2490
4313 2490
4314 2490
4315 2490
4316 2490
4317 2490
4318 2490
4319 2490
4320 2490
4321 2490
4322 2490
4323 2490
4324 2490
4325 2490
4326 2490
4327 2490
4328 2490
4329 2490
4330 2489
4331 2489
4332 2489
4333 2489
4334 2489
4335 2489
4336 2489
4337 2489
4338 2489
4339 2489
4340 2489
4341 2490
4342 2490
4343 2490
4344 2489
4345 2489
4346 2490
4347 2490
4348 2490
4349 2489

3174 2538
3175 2537
3176 2544
3177 2539
3178 2538
3179 2534
3180 2540
3181 2539
3182 2539
3183 2538
3184 2538
3185 2535
3186 2537
3187 2533
3188 2532
3189 2543
3190 2537
3191 2538
3192 2531
3193 2538
3194 2531
3195 2532
3196 2538
3197 2540
3198 2539
3199 2540
3200 2539
3201 2542
3202 2534
3203 2536
3204 2539
3205 2538
3206 2543
3207 2538
3208 2538
3209 2538
3210 2543
3211 2538
3212 2540
3213 2538
3214 2539
3215 2543
3216 2540
3217 2544
3218 2534
3219 2539
3220 2540
3221 2539
3222 2538
3223 2538
3224 2542
3225 2539
3226 2538
3227 2539
3228 2536
3229 2539
3230 2530
3231 2537
3232 2537
3233 2537
3234 2537
3235 2537
3236 2537
3237 2538
3238 2543
3239 2537
3240 2536
3241 2531
3242 2537
3243 2537
3244 2534
3245 2535
3246 2531
3247 2539
3248 2538
3249 2537
3250 2537
3251 2537
3252 2537
3253 2537
3254 2538
3255 2538
3256 2536
3257 2542
3258 2538
3259 2539
3260 2537
3261 2537
3262 2541
3263 2538
3264 2537
3265 2537
3266 2537
3267 2537
3268 2537
3269 2537
3270 2538
3271 2537
3272 2538
3273 2537
3274 2537
3275 2536
3276 2537
3277 2537
3278 2537
3279 2537
3280 2537
3281 2536
3282 2539
3283 2538
3284 2537
3285 2537
3286 2537
3287 2537
3288 2537
3289 2536
3290 2536
3291 2537
3292 2537
3293 2536
3294 2537
3295 2536
3296 2537
3297 2538
3298 2537
3299 2537
3300 2537
3301 2538
3302 2535
3303 2536
3304 2536
3305 2537
3306 2537
3307 2536
3308 2536
3309 2537
3310 2536
3311 2536
3312 2536
3313 2536
3314 2536
3315 2536
3316 2541
3317 2536
3318 2536
3319 2527
3320 2537
3321 2536
3322 2536
3323 2537
3324 2533
3325 2529
3326 2535
3327 2535
3328 2537
3329 2537
3330 2536
3331 2536
3332 2537
3333 2539
3334 2531
3335 2529
3336 2535
3337 2535
3338 2536
3339 2536
3340 2536
3341 2535
3342 2536
3343 2535
3344 2535
3345 2534
3346 2534
3347 2534
3348 2534
3349 2535
3350 2534
3351 2534
3352 2537
3353 2528
3354 2539
3355 2537
3356 2535
3357 2535
3358 2533
3359 2534
3360 2534
3361 2534
3362 2534
3363 2534
3364 2533
3365 2534
3366 2534
3367 2534
3368 2534
3369 2536
3370 2535
3371 2533
3372 2533
3373 2533
3374 2533
3375 2533
3376 2533
3377 2533
3378 2533
3379 2533
3380 2537
3381 2533
3382 2533
3383 2534
3384 2534
3385 2536
3386 2536
3387 2534
3388 2535
3389 2534
3390 2534
3391 2535
3392 2533
3393 2534
3394 2534
3395 2536
3396 2535
3397 2536
3398 2535
3399 2533
3400 2532
3401 2538
3402 2536
3403 2533
3404 2537
3405 2526
3406 2532
3407 2533
3408 2534
3409 2533
3410 2533
3411 2533
3412 2533
3413 2532
3414 2533
3415 2533
3416 2533
3417 2534
3418 2532
3419 2532
3420 2531
3421 2535
3422 2531
3423 2531
3424 2532
3425 2533
3426 2538
3427 2537
3428 2533
3429 2532
3430 2532
3431 2532
3432 2531
3433 2531
3434 2530
3435 2535
3436 2531
3437 2530
3438 2531
3439 2534
3440 2533
3441 2532
3442 2531
3443 2532
3444 2531
3445 2531
3446 2531
3447 2532
3448 2531
3449 2531
3450 2532
3451 2532
3452 2531
3453 2532
3454 2532
3455 2531
3456 2531
3457 2536
3458 2531
3459 2531
3460 2531
3461 2531
3462 2531
3463 2532
3464 2530
3465 2530
3466 2531
3467 2531
3468 2535
3469 2533
3470 2530
3471 2531
3472 2529
3473 2535
3474 2531
3475 2524
3476 2527
3477 2530
3478 2530
3479 2530
3480 2530
3481 2530
3482 2530
3483 2530
3484 2530
3485 2530
3486 2529
3487 2528
3488 2528
3489 2530
3490 2530
3491 2530
3492 2528
3493 2528
3494 2529
3495 2528
3496 2529
3497 2532
3498 2529
3499 2528
3500 2530
3501 2528
3502 2532
3503 2528
3504 2528
3505 2526
3506 2530
3507 2522
3508 2530
3509 2529
3510 2529
3511 2529
3512 2536
3513 2528
3514 2522
3515 2528
3516 2529
3517 2527
3518 2525
3519 2526
3520 2528
3521 2526
3522 2527
3523 2527
3524 2527
3525 2524
3526 2528
3527 2526
3528 2527
3529 2527
3530 2527
3531 2527
3532 2527
3533 2527
3534 2527
3535 2528
3536 2527
3537 2527
3538 2527
3539 2527
3540 2527
3541 2528
3542 2528
3543 2529
3544 2528
3545 2528
3546 2528
3547 2527
3548 2527
3549 2528
3550 2527
3551 2527
3552 2527
3553 2526
3554 2526
3555 2527
3556 2526
3557 2526
3558 2529
3559 2526
3560 2527
3561 2529
3562 2529
3563 2525
3564 2526
3565 2524
3566 2527
3567 2526
3568 2526
3569 2525
3570 2526
3571 2525
3572 2526
3573 2526
3574 2525
3575 2525
3576 2531
3577 2528
3578 2525
3579 2525
3580 2525
3581 2525
3582 2525
3583 2525
3584 2525
3585 2524
3586 2525
3587 2528
3588 2524
3589 2524
3590 2523
3591 2522
3592 2526
3593 2522
3594 2522
3595 2522
3596 2522
3597 2522
3598 2522
3599 2522
3600 2522
3601 2522
3602 2522
3603 2522
3604 2522
3605 2525
3606 2524
3607 2523
3608 2523
3609 2522
3610 2522
3611 2522
3612 2522
3613 2522
3614 2522
3615 2523
3616 2522
3617 2524
3618 2522
3619 2522
3620 2522
3621 2522
3622 2522
3623 2522
3624 2526
3625 2523
3626 2527
3627 2522
3628 2522
3629 2522
3630 2523
3631 2522
3632 2522
3633 2522
3634 2521
3635 2526
3636 2524
3637 2523
3638 2523
3639 2522
3640 2521
3641 2521
3642 2521
3643 2520
3644 2520
3645 2520
3646 2520
3647 2523
3648 2520
3649 2520
3650 2520
3651 2519
3652 2523
3653 2522
3654 2518
3655 2519
3656 2518
3657 2522
3658 2519
3659 2519
3660 2520
3661 2519
3662 2519
3663 2519
3664 2519
3665 2520
3666 2520
3667 2518
3668 2519
3669 2518
3670 2518
3671 2518
3672 2518
3673 2518
3674 2518
3675 2518
3676 2517
3677 2518
3678 2518
3679 2518
3680 2519
3681 2517
3682 2518
3683 2518
3684 2522
3685 2518
3686 2518
3687 2519
3688 2519
3689 2519
3690 2518
3691 2517
3692 2524
3693 2516
3694 2519
3695 2512
3696 2521
3697 2519
3698 2515
3699 2519
3700 2518
3701 2513
3702 2514
3703 2516
3704 2519
3705 2517
3706 2517
3707 2519
3708 2517
3709 2517
3710 2517
3711 2517
3712 2513
3713 2516
3714 2521
3715 2519
3716 2521
3717 2516
3718 2522
3719 2518
3720 2522
3721 2517
3722 2518
3723 2518
3724 2517
3725 2517
3726 2518
3727 2516
3728 2517
3729 2517
3730 2518
3731 2517
3732 2518
3733 2518
3734 2516
3735 2517
3736 2516
3737 2518
3738 2518
3739 9999
3740 2518
3741 2518
3742 2518
3743 2512
3744 2518
3745 2512
3746 2512
3747 2517
3748 2519
3749 2519
3750 2519
3751 2518
3752 2512
3753 2521
3754 2519
3755 2518
3756 2520
3757 2519
3758 2523
3759 2524
3760 2521
3761 2512
3762 2513
3763 2517
3764 2518
3765 2516
3766 2518
3767 2518
3768 2518
3769 2518
3770 2517
3771 2519
3772 2518
3773 2518
3774 2518
3775 2518
3776 9999
3777 2519
3778 9999
3779 2517
3780 2518
3781 2519
3782 2518
3783 2519
3784 2524
3785 2525
3786 2520
3787 2516
3788 2512
3789 2516
3790 2516
3791 2516
3792 2515
3793 2515
3794 2515
3795 2515
3796 9999
3797 9999
3798 2514
3799 2521
3800 9999
3801 2514
3802 2514
3803 2515
3804 2514
3805 9999
3806 2515
3807 9999
3808 9999
3809 9999
3810 9999
3811 9999
3812 9999
3813 2515
3814 2515
3815 2515
3816 2516
3817 9999
3818 2515
3819 2513
3820 9999
3821 2518
3822 9999
3823 2516
3824 2516
3825 2515
3826 9999
3827 9999
3828 9999
3829 2516
3830 2514
3831 2514
3832 2519
3833 2516
3834 2515
3835 2515
3836 2515
3837 9999
3838 2518
3839 2517
3840 9999
3841 2518
3842 2519
3843 2519
3844 2515
3845 2516
3846 2516
3847 2516
3848 2517
3849 2518
3850 2511
3851 9999
3852 2515
3853 2515
3854 2515
3855 2517
3856 9999
3857 2514
3858 2518
3859 9999
3860 2519
3861 2516
3862 9999
3863 2515
3864 9999
3865 2516
3866 2520
3867 2514
3868 2514
3869 2513
3870 2514
3871 2514
3872 2514
3873 2516
3874 2516
3875 2515
3876 2514
3877 2513
3878 2512
3879 2514
3880 2514
3881 2513
3882 2517
3883 2515
3884 2513
3885 2515
3886 2516
3887 2515
3888 2514
3889 2517
3890 2514
3891 2514
3892 2514
3893 2514
3894 2515
3895 2514
3896 2513
3897 2514
3898 2516
3899 2515
3900 9999
3901 2516
3902 9999
3903 2516
3904 9999
3905 9999
3906 2514
3907 2513
3908 2514
3909 2514
3910 2516
3911 2511
3912 9999
3913 2512
3914 2512
3915 2519
3916 2519
3917 9999
3918 9999
3919 9999
3920 2517
3921 2519
3922 2522
3923 2516
3924 2514
3925 9999
3926 2516
3927 2516
3928 2516
3929 2517
3930 2512
3931 2512
3932 2512
3933 9999
3934 9999
3935 2513
3936 2517
3937 9999
3938 9999
3939 2511
3940 2515
3941 9999
3942 9999
3943 2515
3944 9999
3945 9999
3946 9999
3947 2516
3948 2514
3949 9999
3950 9999
3951 2510
3952 9999
3953 2516
3954 2516
3955 2515
3956 9999
3957 2518
3958 2515
3959 2518
3960 9999
3961 9999
3962 9999
3963 2516
3964 2518
3965 9999
3966 2515
3967 2515
3968 2514
3969 2515
3970 2515
3971 2515
3972 9999
3973 2519
3974 2515
3975 9999
3976 9999
3977 2513
3978 9999
3979 2515
3980 2515
3981 2515
3982 2515
3983 2515
3984 2516
3985 2516
3986 2515
3987 2515
3988 2515
3989 2515
3990 2515
3991 2514
3992 2515
3993 2514
3994 2513
3995 2514
3996 2512
3997 2514
3998 2514
3999 2514
4000 2515
4001 2515
4002 2515
4003 2514
4004 2518
4005 2514
4006 2514
4007 2517
4008 2515
4009 2521
4010 2516
4011 2513
4012 2515
4013 2515
4014 2514
4015 2514
4016 2514
4017 2514
4018 2519
4019 2514
4020 2514
4021 2514
4022 2514
4023 2514
4024 2523
4025 2515
4026 2513
4027 2511
4028 2522
4029 2513
4030 2512
4031 2511
4032 2514
4033 2514
4034 2513
4035 2513
4036 2515
4037 2516
4038 2509
4039 2514
4040 2514
4041 2514
4042 2515
4097 2507
4098 9999
4099 2513
4100 9999
4101 9999
4102 2512
4103 9999
4104 9999
4105 2507
4106 2507
4107 9999
4108 9999
4109 2513
4110 9999
4111 2513
4112 2514
4113 2514
4114 2510
4115 2513
4116 2514
4117 2514
4118 2514
4119 9999
4120 9999
4121 9999
4122 9999
4123 9999
4124 9999
4125 9999
4126 9999
4127 2514
4128 2514
4129 2514
4130 9999
4131 9999
4132 9999
4133 9999
4134 9999
4135 9999
4136 9999
4137 2507
4138 2511
4139 9999
4140 2514
4141 9999
4142 2508
4143 9999
4144 2506
4145 2519
4146 9999
4147 2513
4148 2513
4149 2513
4150 2514
4151 9999
4152 9999
4153 9999
4154 9999
4155 2514
4156 9999
4157 9999
4158 2512
4159 2506
4160 2513
4161 2518
4162 2508
4163 2508
4164 9999
4165 9999
4166 9999
4167 9999
4168 9999
4169 9999
4170 9999
4171 2505
4172 9999
4173 9999
4174 9999
4175 2514
4176 9999
4177 2512
4178 9999
4179 2513
4180 2513
4181 9999
4182 2512
4183 2513
4184 9999
4185 9999
4186 9999
4187 9999
4188 9999
4189 2511
4190 9999
4191 2512
4192 9999
4193 9999
4194 9999
4195 9999
4196 2505
4197 9999
4198 9999
4199 9999
4200 9999
4201 2510
4202 9999
4203 2511
4204 9999
4205 2514
4206 9999
4207 9999
4208 9999
4209 2504
4210 2510
4211 9999
4212 2512
4213 2512
4214 9999
4215 2506
4216 2509
4217 2510
4218 2506
4219 9999
4220 9999
4221 9999
4222 2510
4223 2511
4224 2510
4225 2510
4226 2511
4227 2510
4228 2510
4229 2509
4230 9999
4231 2510
4232 9999
4233 9999
4234 9999
4235 2509
4236 9999
4237 2509
4238 9999
4239 2509
4240 9999
4241 2515
4242 9999
4243 9999
4244 2507
4245 9999
4246 9999
4247 9999
4248 2515
4249 9999
4250 2504
4251 9999
4252 9999
4253 9999
4254 9999
4255 9999
4256 9999
4257 9999
4258 9999
4259 9999
4260 9999
4261 9999
4262 9999
4263 9999
4264 9999
4265 9999
4266 9999
4267 9999
4268 9999
4269 9999
4270 9999
4271 9999
4272 9999
4273 9999
4274 9999
4275 9999
4276 9999
4277 9999
4278 9999
4279 9999
4280 9999
4281 9999
4282 9999
4283 9999
4284 9999
4285 9999
4286 9999

