2673 2486
2674 2486
2675 2486
2676 2487
2677 2488
2678 2486
2679 2487
2680 2486
2681 2486
2682 2486
2683 2486
2684 2486
2685 2487
2686 2487
2687 2487
2688 2486
2689 2486
2690 2487
2691 2487
2692 2487
2693 2486
2694 2487
2695 2487
2696 2487
2697 2486
2698 2487
2699 2487
2700 2487
2701 2487
2702 2488
2703 2487
2704 2487
2705 2487
2706 2487
2707 2487
2708 2487
2709 2487
2710 2487
2711 2488
2712 2487
2713 2487
2714 2488
2715 2487
2716 2487
2717 2488
2718 2488
2719 2488
2720 2488
2721 2487
2722 2488
2723 2487
2724 2488
2725 2488
2726 2488
2727 2488
2728 2487
2729 2488
2730 2488
2731 2488
2732 2487
2733 2489
2734 2488
2735 2488
2736 2488
2737 2488
2738 2488
2739 2488
2740 2488
2741 2488
2742 2488
2743 2489
2744 2489
2745 2488
2746 2489
2747 2489
2748 2488
2749 2488
2750 2488
2751 2489
2752 2488
2753 2488
2754 2489
2755 2489
2756 2489
2757 2488
2758 2488
2759 2488
2760 2489
2761 2489
2762 2488
2763 2489
2764 2490
2765 2489
2766 2491
2767 2490
2768 2490
2769 2490
2770 2490
2771 2490
2772 2490
2773 2490
2774 2490
2775 2490
2776 2492
2777 2490
2778 2490
2779 2490
2780 2491
2781 2490
2782 2490
2783 2491
2784 2491
2785 2490
2786 2491
2787 2491
2788 2490
2789 2490
2790 2491
2791 2490
2792 2490
2793 2491
2794 2491
2795 2491
2796 2491
2797 2491
2798 2491
2799 2491
2800 2491
2801 2491
2802 2491
2803 2491
2804 2491
2805 2492
2806 2492
2807 2492
2808 2492
2809 2493
2810 2491
2811 2491
2812 2496
2813 2491
2814 2491
2815 2492
2816 2490
2817 2491
2818 2491
2819 2492
2820 2492
2821 2491
2822 2492
2823 2492
2824 2492
2825 2492
2826 2492
2827 2493
2828 2492
2829 2493
2830 2492
2831 2492
2832 2492
2833 2492
2834 2493
2835 2492
2836 2493
2837 2493
2838 2492
2839 2492
2840 2493
2841 2493
2842 2493
2843 2492
2844 2492
2845 2493
2846 2492
2847 2492
2848 2492
2849 2492
2850 2493
2851 2493
2852 2493
2853 2492
2854 2493
2855 2492
2856 2493
2857 2493
2858 2492
2859 2492
2860 2492
2861 2496
2862 2492
2863 2492
2864 2493
2865 2493
2866 2493
2867 2493
2868 2493
2869 2493
2870 2493
2871 2493
2872 2493
2873 2493
2874 2493
2875 2493
2876 2493
2877 2493
2878 2493
2879 2493
2880 2493
2881 2493
2882 2492
2883 2493
2884 2493
2885 2492
2886 2493
2887 2493
2888 2493
2889 2492
2890 2493
2891 2493
2892 2493
2893 2492
2894 2493
2895 2493
2896 2493
2897 2493
2898 2493
2899 2493
2900 2493
2901 2494
2902 2493
2903 2493
2904 2493
2905 2493
2906 2493
2907 2493
2908 2493
2909 2493
2910 2493
2911 2493
2912 2493
2913 2492
2914 2492
2915 2492
2916 2493
2917 2493
2918 2493
2919 2493
2920 2493
2921 2493
2922 2493
2923 2493
2924 2493
2925 2493
2926 2493
2927 2494
2928 2494
2929 2494
2930 2494
2931 2495
2932 2494
2933 2495
2934 2495
2935 2495
2936 2495
2937 2495
2938 2496
2939 2496
2940 2496
2941 2496
2942 2497
2943 2497
2944 2497
2945 2497
2946 2497
2947 2497
2948 2497
2949 2497
2950 2497
2951 2497
2952 2497
2953 2498
2954 2498
2955 2497
2956 2497
2957 2497
2958 2497
2959 2497
2960 2497
2961 2497
2962 2497
2963 2497
2964 2497
2965 2497
2966 2497
2967 2497
2968 2497
2969 2497
2970 2497
2971 2497
2972 2497
2973 2497
2974 2497
2975 2497
2976 2497
2977 2497
2978 2497
2979 2497
2980 2497
2981 2497
2982 2498
2983 2497
2984 2497
2985 2497
2986 2497
2987 2497
2988 2498
2989 2498
2990 2498
2991 2498
2992 2498
2993 2497
2994 2497
2995 2497
2996 2497
2997 2497
2998 2497
2999 2497
3000 2498
3001 2498
3002 2498
3003 2498
3004 2498
3005 2498
3006 2498
3007 2498
3008 2498
3009 2498
3010 2498
3011 2498
3012 2498
3013 2498
3014 2498
3015 2498
3016 2498
3017 2498
3018 2498
3019 2498
3020 2498
3021 2498
3022 2498
3023 2498
3024 2498
3025 2498
3026 2498
3027 2498
3028 2498
3029 2499
3030 2498
3031 2498
3032 2498
3033 2497
3034 2498
3035 2497
3036 2497
3037 2497
3038 2497
3039 2497
3040 2497
3041 2497
3042 2497
3043 2497
3044 2497
3045 2497
3046 2497
3047 2496
3048 2496
3049 2496
3050 2496
3051 2496
3052 2496
3053 2496
3054 2496
3055 2496
3056 2496
3057 2496
3058 2496
3059 2496
3060 2496
3061 2496
3062 2496
3063 2496
3064 2496
3065 2496
3066 2496
3067 2496
3068 2496
3069 2496
3070 2496
3071 2496
3072 2497
3073 2497
3074 2496
3075 2498
3076 2497
3077 2496
3078 2497
3079 2497
3080 2496
3081 2497
3082 2496
3083 2496
3084 2496
3085 2497
3086 2497
3087 2497
3088 2497
3089 2497
3090 2497
3091 2497
3092 2497
3093 2497
3094 2497
3095 2497
3096 2497
3097 2497
3098 2497
3099 2496
3100 2497
3101 2497
3102 2497
3103 2497
3104 2497
3105 2497
3106 2496
3107 2497
3108 2497
3109 2497
3110 2497
3111 2497
3112 2498
3113 2497
3114 2497
3115 2497
3116 2497
3117 2497
3118 2498
3119 2498
3120 2497
3121 2498
3122 2498
3123 2498
3124 2498
3125 2498
3126 2498
3127 2498
3128 2498
3129 2498
3130 2498
3131 2498
3132 2498
3133 2497
3134 2498
3135 2497
3136 2497
3137 2497
3138 2497
3139 2497
3140 2497
3141 2497
3142 2497
3143 2497
3144 2497
3145 2497
3146 2497
3147 2496
3148 2497
3149 2497
3150 2497
3151 2497
3152 2497
3153 2497
3154 2497
3155 2497
3156 2497
3157 2497
3158 2497
3159 2497
3160 2497
3161 2496
3162 2496
3163 2497
3164 2497
3165 2496
3166 2496
3167 2497
3168 2496
3169 2496
3170 2496
3171 2496
3172 2496
3173 2496
3174 2496
3175 2496
3176 2496
3177 2497
3178 2496
3179 2498
3180 2498
3181 2496
3182 2496
3183 2496
3184 2496
3185 2496
3186 2496
3187 2496
3188 2496
3189 2496
3190 2496
3191 2496
3192 2496
3193 2496
3194 2496
3195 2496
3196 2496
3197 2496
3198 2496
3199 2496
3200 2496
3201 2496
3202 2496
3203 2496
3204 2496
3205 2496
3206 2496
3207 2496
3208 2496
3209 2496
3210 2496
3211 2496
3212 2496
3213 2496
3214 2496
3215 2496
3216 2496
3217 2496
3218 2496
3219 2496
3220 2496
3221 2496
3222 2496
3223 2496
3224 2496
3225 2496
3226 2496
3227 2496
3228 2496
3229 2496
3230 2496
3231 2496
3232 2496
3233 2496
3234 2496
3235 2496
3236 2496
3237 2496
3238 2496
3239 2496
3240 2496
3241 2496
3242 2496
3243 2496
3244 2496
3245 2496
3246 2495
3247 2496
3248 2496
3249 2496
3250 2496
3251 2496
3252 2496
3253 2496
3254 2496
3255 2496
3256 2495
3257 2495
3258 2495
3259 2496
3260 2495
3261 2496
3262 2496
3263 2496
3264 2496
3265 2495
3266 2496
3267 2496
3268 2495
3269 2495
3270 2495
3271 2495
3272 2496
3273 2495
3274 2495
3275 2496
3276 2495
3277 2495
3278 2495
3279 2495
3280 2495
3281 2495
3282 2495
3283 2496
3284 2495
3285 2495
3286 2495
3287 2495
3288 2495
3289 2495
3290 2496
3291 2496
3292 2495
3293 2495
3294 2496
3295 2495
3296 2495
3297 2495
3298 2495
3299 2495
3300 2495
3301 2495
3302 2495
3303 2495
3304 2495
3305 2495
3306 2495
3307 2495
3308 2495
3309 2495
3310 2495
3311 2494
3312 2494
3313 2494
3314 2495
3315 2494
3316 2494
3317 2494
3318 2494
3319 2494
3320 2494
3321 2494
3322 2494
3323 2494
3324 2494
3325 2494
3326 2494
3327 2494
3328 2493
3329 2493
3330 2493
3331 2493
3332 2493
3333 2493
3334 2493
3335 2493
3336 2492
3337 2493
3338 2492
3339 2492
3340 2492
3341 2492
3342 2492
3343 2492
3344 2493
3345 2492
3346 2492
3347 2493
3348 2492
3349 2492
3350 2492
3351 2492
3352 2492
3353 2492
3354 2492
3355 2492
3356 2492
3357 2492
3358 2492
3359 2492
3360 2491
3361 2492
3362 2492
3363 2492
3364 2491
3365 2491
3366 2491
3367 2491
3368 2491
3369 2492
3370 2492
3371 2492
3372 2492
3373 2492
3374 2492
3375 2492
3376 2492
3377 2492
3378 2492
3379 2492
3380 2492
3381 2492
3382 2492
3383 2492
3384 2492
3385 2492
3386 2492
3387 2492
3388 2493
3389 2492
3390 2492
3391 2492
3392 2492
3393 2492
3394 2492
3395 2493
3396 2493
3397 2492
3398 2493
3399 2493
3400 2492
3401 2493
3402 2493
3403 2493
3404 2493
3405 2493
3406 2493
3407 2492
3408 2492
3409 2492
3410 2492
3411 2492
3412 2493
3413 2492
3414 2492
3415 2492
3416 2492
3417 2492
3418 2492
3419 2492
3420 2493
3421 2492
3422 2492
3423 2492
3424 2492
3425 2492
3426 2493
3427 2493
3428 2492
3429 2492
3430 2493
3431 2493
3432 2492
3433 2493
3434 2493
3435 2493
3436 2493
3437 2493
3438 2492
3439 2493
3440 2493
3441 2493
3442 2493
3443 2493
3444 2494
3445 2494
3446 2493
3447 2492
3448 2493
3449 2493
3450 2493
3451 2493
3452 2494
3453 2493
3454 2493
3455 2494
3456 2494
3457 2494
3458 2493
3459 2494
3460 2494
3461 2493
3462 2494
3463 2494
3464 2494
3465 2494
3466 2494
3467 2494
3468 2494
3469 2494
3470 2494
3471 2494
3472 2494
3473 2494
3474 2494
3475 2494
3476 2494
3477 2494
3478 2494
3479 2494
3480 2494
3481 2494
3482 2494
3483 2494
3484 2494
3485 2494
3486 2495
3487 2495
3488 2494
3489 2494
3490 2494
3491 2494
3492 2494
3493 2495
3494 2494
3495 2494
3496 2495
3497 2495
3498 2495
3499 2494
3500 2495
3501 2494
3502 2494
3503 2494
3504 2495
3505 2494
3506 2495
3507 2494
3508 2495
3509 2494
3510 2494
3511 2494
3512 2495
3513 2494
3514 2494
3515 2494
3516 2495
3517 2494
3518 2495
3519 2495
3520 2494
3521 2495
3522 2495
3523 2494
3524 2495
3525 2494
3526 2494
3527 2494
3528 2494
3529 2494
3530 2494
3531 2494
3532 2494
3533 2494
3534 2494
3535 2494
3536 2494
3537 2495
3538 2494
3539 2494
3540 2494
3541 2494
3542 2494
3543 2494
3544 2495
3545 2494
3546 2494
3547 2494
3548 2494
3549 2494
3550 2494
3551 2494
3552 2494
3553 2494
3554 2494
3555 2494
3556 2494
3557 2494
3558 2494
3559 2494
3560 2494
3561 2494
3562 2494
3563 2494
3564 2494
3565 2494
3566 2494
3567 2494
3568 2494
3569 2494
3570 2494
3571 2494
3572 2494
3573 2494
3574 2494
3575 2494
3576 2494
3577 2494
3578 2494
3579 2494
3580 2494
3581 2494
3582 2494
3583 2494
3584 2494
3585 2494
3586 2493
3587 2494
3588 2494
3589 2494
3590 2494
3591 2493
3592 2494
3593 2494
3594 2494
3595 2494
3596 2494
3597 2494
3598 2494
3599 2494
3600 2493
3601 2494
3602 2494
3603 2494
3604 2493
3605 2493
3606 2494
3607 2493
3608 2493
3609 2494
3610 2492
3611 2493
3612 2493
3613 2493
3614 2493
3615 2493
3616 2493
3617 2493
3618 2493
3619 2493
3620 2493
3621 2493
3622 2493
3623 2493
3624 2493
3625 2492
3626 2492
3627 2492
3628 2492
3629 2493
3630 2493
3631 2492
3632 2493
3633 2492
3634 2492
3635 2493
3636 2493
3637 2493
3638 2493
3639 2493
3640 2493
3641 2493
3642 2492
3643 2493
3644 2493
3645 2492
3646 2493
3647 2493
3648 2493
3649 2493
3650 2493
3651 2493
3652 2494
3653 2492
3654 2495
3655 2494
3656 2492
3657 2492
3658 2493
3659 2493
3660 2493
3661 2493
3662 2493
3663 2493
3664 2493
3665 2493
3666 2493
3667 2493
3668 2493
3669 2493
3670 2493
3671 2493
3672 2493
3673 2492
3674 2493
3675 2493
3676 2493
3677 2493
3678 2493
3679 2493
3680 2493
3681 2493
3682 2493
3683 2493
3684 2493
3685 2493
3686 2493
3687 2493
3688 2493
3689 2493
3690 2493
3691 2493
3692 2493
3693 2493
3694 2493
3695 2493
3696 2493
3697 2493
3698 2493
3699 2493
3700 2493
3701 2493
3702 2493
3703 2493
3704 2493
3705 2493
3706 2493
3707 2493
3708 2493
3709 2493
3710 2493
3711 2493
3712 2494
3713 2494
3714 2493
3715 2493
3716 2494
3717 2493
3718 2493
3719 2494
3720 2494
3721 2494
3722 2494
3723 2494
3724 2494
3725 2494
3726 2494
3727 2494
3728 2494
3729 2494
3730 2494
3731 2494
3732 2494
3733 2494
3734 2494
3735 2494
3736 2494
3737 2495
3738 2494
3739 2494
3740 2494
3741 2495
3742 2494
3743 2494
3744 2494
3745 2494
3746 2494
3747 2495
3748 2495
3749 2495
3750 2495
3751 2495
3752 2495
3753 2495
3754 2495
3755 2495
3756 2495
3757 2495
3758 2495
3759 2496
3760 2496
3761 2496
3762 2496
3763 2496
3764 2495
3765 2495
3766 2495
3767 2496
3768 2495
3769 2495
3770 2495
3771 2495
3772 2495
3773 2496
3774 2496
3775 2496
3776 2496
3777 2496
3778 2496
3779 2496
3780 2496
3781 2496
3782 2496
3783 2496
3784 2496
3785 2496
3786 2496
3787 2496
3788 2496
3789 2496
3790 2496
3791 2496
3792 2496
3793 2496
3794 2496
3795 2496
3796 2495
3797 2495
3798 2496
3799 2496
3800 2496
3801 2496
3802 2496
3803 2496
3804 2496
3805 2496
3806 2496
3807 2496
3808 2496
3809 2496
3810 2496
3811 2496
3812 2496
3813 2496
3814 2496
3815 2496
3816 2497
3817 2496
3818 2496
3819 2496
3820 2496
3821 2496
3822 2496
3823 2496
3824 2496
3825 2496
3826 2496
3827 2496
3828 2496
3829 2496
3830 2496
3831 2496
3832 2496
3833 2496
3834 2496
3835 2496
3836 2496
3837 2496
3838 2496
3839 2496
3840 2496
3841 2496
3842 2496
3843 2496
3844 2496
3845 2496
3846 2497
3847 2497
3848 2497
3849 2497
3850 2497
3851 2497
3852 2497
3853 2497
3854 2497
3855 2497
3856 2496
3857 2497
3858 2496
3859 2496
3860 2496
3861 2496
3862 2497
3863 2496
3864 2497
3865 2496
3866 2496
3867 2496
3868 2496
3869 2496
3870 2496
3871 2496
3872 2496
3873 2496
3874 2497
3875 2496
3876 2496
3877 2497
3878 2497
3879 2497
3880 2496
3881 2497
3882 2497
3883 2497
3884 2496
3885 2497
3886 2497
3887 2497
3888 2497
3889 2497
3890 2497
3891 2497
3892 2497
3893 2497
3894 2497
3895 2497
3896 2497
3897 2497
3898 2497
3899 2497
3900 2497
3901 2497
3902 2497
3903 2497
3904 2497
3905 2497
3906 2497
3907 2497
3908 2497
3909 2497
3910 2497
3911 2498
3912 2497
3913 2497
3914 2497
3915 2497
3916 2497
3917 2497
3918 2497
3919 2497
3920 2497
3921 2497
3922 2497
3923 2497
3924 2497
3925 2497
3926 2497
3927 2497
3928 2497
3929 2497
3930 2497
3931 2497
3932 2497
3933 2497
3934 2497
3935 2497
3936 2497
3937 2497
3938 2497
3939 2497
3940 2497
3941 2497
3942 2497
3943 2497
3944 2497
3945 2498
3946 2498
3947 2498
3948 2498
3949 2498
3950 2498
3951 2498
3952 2498
3953 2497
3954 2498
3955 2498
3956 2498
3957 2498
3958 2498
3959 2498
3960 2498
3961 2498
3962 2498
3963 2499
3964 2498
3965 2498
3966 2499
3967 2499
3968 2499
3969 2499
3970 2499
3971 2499
3972 2499
3973 2499
3974 2499
3975 2499
3976 2499
3977 2499
3978 2500
3979 2499
3980 2500
3981 2500
3982 2500
3983 2500
3984 2500
3985 2500
3986 2500
3987 2500
3988 2500
3989 2500
3990 2500
3991 2500
3992 2500
3993 2500
3994 2500
3995 2501
3996 2501
3997 2501
3998 2501
3999 2501
4000 2500
4001 2501
4002 2501
4003 2501
4004 2501
4005 2501
4006 2501
4007 2501
4008 2501
4009 2501
4010 2500
4011 2500
4012 2500
4013 2501
4014 2501
4015 2501
4016 2501
4017 2501
4018 2500
4019 2500
4020 2500
4021 2500
4022 2500
4023 2500
4024 2501
4025 2501
4026 2500
4027 2500
4028 2501
4029 2501
4030 2500
4031 2501
4032 2501
4033 2500
4034 2500
4035 2500
4036 2500
4037 2500
4038 2501
4039 2500
4040 2500
4041 2500
4042 2500
4043 2500
4044 2500
4045 2500
4046 2499
4047 2499
4048 2499
4049 2499
4050 2499
4051 2499
4052 2499
4053 2500
4054 2499
4055 2499
4056 2500
4057 2499
4058 2499
4059 2500
4060 2499
4061 2499
4062 2500
4063 2500
4064 2501
4065 2500
4066 2500
4067 2500
4068 2500
4069 2500
4070 2500
4071 2500
4072 2500
4073 2501
4074 2501
4075 2501
4076 2501
4077 2501
4078 2501
4079 2501
4080 2501
4081 2501
4082 2501
4083 2501
4084 2501
4085 2501
4086 2501
4087 2501
4088 2501
4089 2501
4090 2501
4091 2501
4092 2501
4093 2501
4094 2501
4095 2501
4096 2501
4097 2501
4098 2501
4099 2501
4100 2501
4101 2501
4102 2502
4103 2502
4104 2502
4105 2502
4106 2502
4107 2502
4108 2502
4109 2502
4110 2502
4111 2502
4112 2502
4113 2502
4114 2502
4115 2502
4116 2501
4117 2502
4118 2502
4119 2502
4120 2502
4121 2502
4122 2502
4123 2502
4124 2502
4125 2502
4126 2502
4127 2502
4128 2502
4129 2502
4130 2501
4131 2501
4132 2501
4133 2501
4134 2501
4135 2501
4136 2501
4137 2501
4138 2501
4139 2501
4140 2502
4141 2501
4142 2501
4143 2501
4144 2501
4145 2502
4146 2501
4147 2502
4148 2501
4149 2502
4150 2501
4151 2501
4152 2501
4153 2502
4154 2502
4155 2502
4156 2502
4157 2502
4158 2502
4159 2502
4160 2502
4161 2502
4162 2502
4163 2501
4164 2501
4165 2501
4166 2501
4167 2501
4168 2501
4169 2501
4170 2501
4171 2501
4172 2501
4173 2501
4174 2501
4175 2502
4176 2501
4177 2501
4178 2501
4179 2501
4180 2501
4181 2501
4182 2501
4183 2502
4184 2502
4185 2502
4186 2501
4187 2502
4188 2502
4189 2502
4190 2502
4191 2502
4192 2502
4193 2502
4194 2501
4195 2501
4196 2502
4197 2501
4198 2502
4199 2501
4200 2502
4201 2501
4202 2501
4203 2501
4204 2503
4205 2502
4206 2502
4207 2503
4208 2503
4209 2502
4210 2502
4211 2501
4212 2501
4213 2501
4214 2502
4215 2502
4216 2501
4217 2502
4218 2502
4219 2502
4220 2502
4221 2501
4222 2501
4223 2502
4224 2502
4225 2501
4226 2501
4227 2501
4228 2502
4229 2502
4230 2502
4231 2502
4232 2502
4233 2502
4234 2501
4235 2502
4236 2502
4237 2502
4238 2501
4239 2502
4240 2501
4241 2501
4242 2502
4243 2501
4244 2502
4245 2502
4246 2502
4247 2503
4248 2502
4249 2502
4250 2502
4251 2502
4252 2502
4253 2502
4254 2502
4255 2502
4256 2502
4257 2502
4258 2502
4259 2502
4260 2503
4261 2503
4262 2502
4263 2503
4264 2502
4265 2502
4266 2503
4267 2503
4268 2502
4269 2502
4270 2503
4271 2503
4272 2503
4273 2503
4274 2503
4275 2502
4276 2502
4277 2502
4278 2503
4279 2503
4280 2503
4281 2503
4282 2503
4283 2503
4284 2503
4285 2503
4286 2503
4287 2503
4288 2503
4289 2503
4290 2503
4291 2503
4292 2503
4293 2503
4294 2503
4295 2503
4296 2503
4297 2504
4298 2504
4299 2504
4300 2504
4301 2504
4302 2504
4303 2504
4304 2504
4305 2504
4306 2504
4307 2504
4308 2504
4309 2504
4310 2504
4311 2504
4312 2504
4313 2505
4314 2504
4315 2504
4316 2504
4317 2505
4318 2504
4319 2504
4320 2505
4321 2505
4322 2504
4323 2504
4324 2504
4325 2504
4326 2504
4327 2503
4328 2504
4329 2503
4330 2503
4331 2503
4332 2503
4333 2503
4334 2503
4335 2503
4336 2503
4337 2503
4338 2504
4339 2503
4340 2503
4341 2504
4342 2504
4343 2504
4344 2503
4345 2503
4346 2503
4347 2503
4348 2504
4349 2504
4350 2505
4351 2503
4352 2503
4353 2503
4354 2503
4355 2503
4356 2503
4357 2503
4358 2503
4359 2505
4360 2503
4361 2503
4362 2503
4363 2503
4364 2503
4365 2503
4366 2503
4367 2503
4368 2503
4369 2503
4370 2504
4371 2503
4372 2503
4373 2505
4374 2505
4375 2505
4376 2505
4377 2506
4378 2504
4379 2504
4380 2504
4381 2507
4382 2504
4383 2504
4384 2504
4385 2503
4386 2508
4387 2503
4388 2503
4389 2507
4390 2504
4391 2504
4392 2504
4393 2504
4394 2504
4395 2503
4396 2503
4397 2504
4398 2504
4399 2504
4400 2504
4401 2504
4402 2504
4403 2504
4404 2504
4405 2504
4406 2503
4407 2504
4408 2505
4409 2505
4410 2506
4411 2506
4412 2507
4413 2504
4414 2505
4415 2505
4416 2505
4417 2504
4418 2506
4419 2505
4420 2505
4421 2506
4422 2505
4423 2505
4424 2504
4425 2504
4426 2504
4427 2504
4428 2505
4429 2504
4430 2505
4431 2505
4432 2506
4433 2506
4434 2506
4435 2505
4436 2507
4437 2505
4438 2505
4439 2504
4440 2505
4441 2507
4442 2504
4443 2504
4444 2504
4445 2504
4446 2505
4447 2505
4448 2505
4449 2505
4450 2505
4451 2505
4452 2505
4453 2505
4454 2505
4455 2505
4456 2505
4457 2505
4458 2506
4459 2507
4460 2506
4461 2505
4462 2505
4463 2505
4464 2505
4465 2506
4466 2506
4467 2506
4468 2507
4469 2508
4470 2507
4471 2509
4472 2505
4473 2506
4474 2510
4475 2507
4476 2506
4477 2505
4478 2505
4479 2506
4480 2506
4481 2505
4482 2506
4483 2506
4484 2505
4485 2505
4486 2506
4487 2505
4488 2506
4489 2506
4490 2509
4491 2505
4492 2505
4493 2510
4494 2505
4495 2505
4496 2505
4497 2505
4498 2505
4499 2505
4500 2505
4501 2505
4502 2505
4503 2505
4504 2505
4505 2505
4506 2505
4507 2505
4508 2505
4509 2505
4510 2505
4511 2505
4512 2505
4513 2506
4514 2506
4515 2506
4516 2507
4517 2506
4518 2507
4519 2508
4520 2509
4521 2507
4522 2506
4523 2505
4524 2506
4525 2505
4526 2506
4527 2506
4528 2506
4529 2505
4530 2505
4531 2505
4532 2505
4533 2505
4534 2505
4535 2505
4536 2506
4537 2506
4538 2506
4539 2506
4540 2506
4541 2505
4542 2508
4543 2507
4544 2506
4545 2505
4546 2506
4547 2506
4548 2506
4549 2506
4550 2506
4551 2506
4552 2506
4553 2506
4554 2507
4555 2506
4556 2506
4557 2507
4558 2507
4559 2507
4560 2507
4561 2507
4562 2507
4563 2507
4564 2507
4565 2507
4566 2507
4567 2506
4568 2506
4569 2507
4570 2505
4571 2506
4572 2508
4573 2506
4574 2503
4575 2510
4576 2501
4577 2500
4578 2501
4579 2499
4580 2499
4581 2498
4582 2499
4583 2500
4584 2500
4585 2500
4586 2499
4587 2500
4588 2499
4589 2499
4590 2499
4591 2498
4592 2498
4593 2499
4594 2499
4595 2498
4596 2500
4597 2500
4598 2499
4599 2498
4600 2498
4601 2500
4602 2498
4603 2498
4604 2498
4605 2498
4606 2500
4607 2499
4608 2499
4609 2506
4610 2499
4611 2499
4612 2499
4613 2499
4614 2499
4615 2498
4616 2501
4617 2498
4618 2499
4619 2499
4620 2499
4621 2500
4622 2509
4623 2500
4624 2503
4625 2501
4626 2500
4627 2502
4628 2502
4629 2500
4630 2501
4631 2500
4632 2501
4633 2501
4634 2501
4635 2501
4636 2501
4637 2504
4638 2503
4639 2501
4640 2501
4641 2501
4642 2501
4643 2501
4644 2501
4645 2501
4646 2504
4647 2500
4648 2501
4649 2501
4650 2505
4651 2500
4652 2502
4653 2502
4654 2501
4655 2501
4656 2502
4657 2501
4658 2501
4659 2501
4660 2501
4661 2501
4662 2501
4663 2501
4664 2501
4665 2502
4666 2502
4667 2502
4668 2502
4669 2502
4670 2502
4671 2503
4672 2502
4673 2502
4674 2503
4675 2502
4676 2503
4677 2502
4678 2502
4679 2502
4680 2502
4681 2503
4682 2503
4683 2504
4684 2503
4685 2503
4686 2503
4687 2504
4688 2503
4689 2504
4690 2504
4691 2503
4692 2503
4693 2503
4694 2503
4695 2502
4696 2503
4697 2503
4698 2503
4699 2503
4700 2503
4701 2503
4702 2502
4703 2503
4704 2503
4705 2502
4706 2502
4707 2502
4708 2504
4709 2508
4710 2503
4711 2503
4712 2504
4713 2503
4714 2506
4715 2503
4716 2503
4717 2503
4718 2504
4719 2504
4720 2505
4721 2504
4722 2504
4723 2504
4724 2504
4725 2505
4726 2505
4727 2504
4728 2507
4729 2505
4730 2505
4731 2505
4732 2505
4733 2506
4734 2505
4735 2505
4736 2506
4737 2506
4738 2505
4739 2505
4740 2506
4741 2506
4742 2505
4743 2508
4744 2506
4745 2510
4746 2511
4747 2505
4748 2507
4749 2507
4750 2506
4751 2506
4752 2506
4753 2506
4754 2506
4755 2506
4756 2506
4757 2506
4758 2505
4759 2507
4760 2508
4761 2506
4762 2505
4763 2506
4764 2506
4765 2506
4766 2506
4767 2506
4768 2506
4769 2507
4770 2507
4771 2507
4772 2507
4773 2506
4774 2507
4775 2507
4776 2506
4777 2507
4778 2507
4779 2507
4780 2507
4781 2507
4782 2507
4783 2507
4784 2507
4785 2507
4786 2507
4787 2507
4788 2508
4789 2508
4790 2508
4791 2507
4792 2508
4793 2508
4794 2508
4795 2507
4796 2507
4797 2507
4798 2508
4799 2508
4800 2508
4801 2508
4802 2509
4803 2508
4804 2508
4805 2508
4806 2509
4807 2508
4808 2508
4809 2509
4810 2508
4811 2513
4812 2508
4813 2508
4814 2508
4815 2508
4816 2508
4817 2508
4818 2508
4819 2509
4820 2508
4821 2508
4822 2508
4823 2507
4824 2512
4825 2508
4826 2508
4827 2508
4828 2508
4829 2508
4830 2507
4831 2508
4832 2508
4833 2507
4834 2509
4835 2507
4836 2506
4837 2508
4838 2507
4839 2507
4840 2511
4841 2507
4842 2507
4843 2507
4844 2507
4845 2507
4846 2506
4847 2506
4848 2506
4849 2506
4850 2506
4851 2506
4852 2505
4853 2506
4854 2505
4855 2505
4856 2505
4857 2505
4858 2506
4859 2506
4860 2506
4861 2505
4862 2505
4863 2505
4864 2505
4865 2504
4866 2505
4867 2505
4868 2505
4869 2505
4870 2505
4871 2506
4872 2508
4873 2505
4874 2505
4875 2504
4876 2503
4877 2504
4878 2505
4879 2505
4880 2505
4881 2504
4882 2504
4883 2504
4884 2504
4885 2504
4886 2504
4887 2504
4888 2503
4889 2504
4890 2503
4891 2502
4892 2502
4893 2503
4894 2503
4895 2503
4896 2502
4897 2503
4898 2503
4899 2502
4900 2502
4901 2504
4902 2504
4903 2504
4904 2504
4905 2504
4906 2504
4907 2504
4908 2505
4909 2504
4910 2504
4911 2505
4912 2504
4913 2504
4914 2505
4915 2505
4916 2505
4917 2505
4918 2505
4919 2505
4920 2504
4921 2505
4922 2505
4923 2504
4924 2504
4925 2504
4926 2504
4927 2504
4928 2504
4929 2504
4930 2504
4931 2505
4932 2504
4933 2504
4934 2504
4935 2503
4936 2504
4937 2503
4938 2503
4939 2503
4940 2502
4941 2503
4942 2503
4943 2502
4944 2502
4945 2502
4946 2501
4947 2502
4948 2502
4949 2502
4950 2501
4951 2504
4952 2505
4953 2504
4954 2503
4955 2504
4956 2504
4957 2503
4958 2503
4959 2504
4960 2503
4961 2504
4962 2503
4963 2504
4964 2504
4965 2506
4966 2505
4967 2504
4968 2506
4969 2505
4970 2506
4971 2507
4972 2506
4973 2506
4974 2506
4975 2506
4976 2505
4977 2505
4978 2505
4979 2506
4980 2508
4981 2507
4982 2509
4983 2508
4984 2509
4985 2509
4986 2513
4987 2508
4988 2511
4989 2508
4990 2509
4991 2509
4992 2515
4993 2509
4994 2509
4995 2513
4996 2510
4997 2507
4998 2508
4999 2508
5000 2508
5001 2510
5002 2507
5003 2507
5004 2507
5005 2506
5006 2510
5007 2504
5008 2504
5009 2504
5010 2505
5011 2504
5012 2506
5013 2510
5014 2504
5015 2505
5016 2509
5017 2511
5018 2510
5019 2507
5020 2516
5021 2517
5022 2510
5023 2509
5024 2508
5025 2510
5026 2511
5027 2509
5028 2510
5029 2510
5030 2510
5031 2510
5032 2510
5033 2510
5034 2510
5035 2512
5036 2511
5037 2512
5038 2514
5039 2514
5040 2517
5041 2520
5042 2510
5043 2510
5044 2515
5045 2523
5046 2522
5047 2511
5048 2509
5049 2510
5050 2509
5051 2509
5052 2509
5053 2510
5054 2510
5055 2509
5056 2513
5057 2511
5058 2509
5059 2511
5060 2511
5061 2511
5062 2512
5063 2512
5064 2512
5065 2512
5066 2513
5067 2516
5068 2514
5069 2514
5070 2513
5071 2512
5072 2512
5073 2513
5074 2512
5075 2512
5076 2513
5077 2511
5078 2512
5079 2511
5080 2516
5081 2517
5082 2520
5083 2512
5084 2527
5085 2513
5086 2519
5087 2519
5088 2517
5089 2517
5090 2516
5091 2516
5092 2514
5093 2515
5094 2516
5095 2515
5096 2514
5097 2515
5098 2516

3131 9999
3132 9999
3133 2517
3134 2515
3135 2517
3136 2517
3137 2517
3138 2517
3139 9999
3140 2522
3141 2517
3142 2516
3143 2516
3144 2517
3145 2522
3146 9999
3147 2519
3148 2518
3149 2518
3150 2518
3151 2517
3152 2518
3153 2518
3154 2519
3155 2517
3156 2519
3157 2518
3158 2518
3159 2519
3160 2519
3161 2519
3162 2510
3163 2518
3164 2519
3165 2518
3166 2519
3167 2517
3168 2517
3169 2518
3170 2518
3171 2518
3172 2518
3173 2519
3174 2518
3175 2518
3176 2519
3177 2520
3178 2520
3179 2521
3180 2522
3181 2522
3182 2521
3183 2525
3184 2520
3185 2514
3186 2513
3187 2521
3188 2522
3189 2521
3190 2520
3191 2521
3192 2521
3193 2512
3194 2515
3195 2520
3196 2520
3197 2511
3198 2514
3199 2513
3200 2509
3201 2511
3202 2512
3203 2513
3204 2508
3205 2508
3206 2508
3207 2514
3208 2514
3209 2514
3210 2513
3211 2514
3212 9999
3213 2514
3214 9999
3215 2515
3216 9999
3217 2513
3218 2512
3219 2513
3220 2513
3221 2508
3222 2519
3223 2511
3224 2513
3225 2512
3226 2512
3227 2511
3228 9999
3229 2512
3230 2512
3231 2512
3232 2511
3233 9999
3234 2512
3235 2512
3236 2510
3237 2508
3238 9999
3239 9999
3240 9999
3241 2513
3242 9999
3243 2513
3244 9999
3245 2513
3246 2513
3247 2514
3248 9999
3249 2514
3250 2515
3251 9999
3252 2515
3253 9999
3254 9999
3255 9999
3256 2510
3257 2508
3258 9999
3259 9999
3260 9999
3261 9999
3262 9999
3263 9999
3264 2510
3265 2509
3266 9999
3267 9999
3268 2517
3269 2517
3270 2513
3271 2514
3272 9999
3273 2516
3274 9999
3275 2515
3276 9999
3277 9999
3278 2512
3279 2515
3280 2516
3281 2514
3282 2507
3283 2512
3284 2512
3285 2515
3286 2516
3287 2517
3288 2512
3289 2514
3290 9999
3291 9999
3292 9999
3293 2516
3294 2515
3295 2515
3296 2510
3297 2515
3298 2514
3299 2514
3300 2514
3301 2516
3302 2514
3303 2514
3304 2510
3305 2513
3306 2513
3307 2513
3308 2513
3309 2514
3310 2514
3311 2513
3312 2515
3313 2514
3314 2509
3315 2514
3316 2514
3317 2513
3318 2514
3319 2509
3320 2513
3321 2516
3322 2508
3323 2507
3324 2513
3325 2513
3326 2521
3327 2514
3328 2513
3329 2507
3330 2514
3331 2508
3332 2514
3333 2513
3334 2513
3335 2509
3336 2513
3337 2513
3338 2513
3339 2514
3340 2516
3341 2513
3342 2514
3343 2519
3344 2513
3345 2513
3346 2508
3347 2512
3348 2511
3349 2514
3350 2514
3351 2513
3352 2512
3353 2513
3354 2515
3355 2512
3356 2514
3357 2516
3358 2509
3359 2515
3360 2513
3361 2515
3362 2515
3363 2515
3364 2510
3365 2516
3366 2513
3367 2515
3368 2515
3369 2509
3370 2510
3371 2515
3372 2511
3373 2507
3374 2516
3610 2513
3611 9999
3612 2508
3613 2507
3614 2514
3615 2515
3616 9999
3617 9999
3618 2513
3619 2512
3620 2514
3621 2515
3622 2514
3623 2513
3624 2513
3625 2507
3626 2504
3627 2506
3628 2514
3629 2509
3630 2511
3631 2507
3632 9999
3633 9999
3634 2515
3635 9999
3636 2511
3637 2506
3638 2507
3639 2514
3640 9999
3641 2513
3642 2513
3643 9999
3644 2512
3645 9999
3646 2511
3647 2512
3648 2512
3649 2514
3650 9999
3651 2514
3652 2512
3653 2510
3654 9999
3655 2515
3656 2510
3657 2511
3658 2512
3659 2512
3660 2517
3661 2510
3662 2512
3663 2513
3664 2512
3665 9999
3666 2512
3667 2511
3668 2513
3669 2512
3670 2514
3671 2516
3672 2514
3673 2507
3674 2507
3675 2514
3717 9999
3718 9999
3719 9999
3720 9999
3721 9999
3722 9999
3723 9999
3724 9999
3725 9999
3726 9999
3727 9999
3728 9999
3729 9999
3730 9999
3731 9999
3732 9999
3733 9999
3734 9999
3735 9999
3736 9999
3737 9999
3738 9999
3739 9999
3740 2507
3741 9999
3742 9999
3743 2512
3744 9999
3745 9999
3746 9999
3747 9999
3748 9999
3749 9999
3750 9999
3751 9999
3752 9999
3753 9999
3754 2512
3755 9999
3756 9999
3757 9999
3758 9999
3759 9999
3760 2512
3761 2512
3762 9999
3763 9999
3764 2513
3765 2507
3766 2513
3767 2513
3768 9999
3769 9999
3770 9999
3771 9999
3772 2512
3773 2513
3774 2513
3775 2511
3776 9999
3777 9999
3778 9999
3779 9999
3780 9999
3781 9999
3782 9999
3783 9999
3784 9999
3785 9999
3786 9999
3787 9999
3788 2512
3789 9999
3790 9999
3791 9999
3792 9999
3793 9999
3794 9999
3795 9999
3796 2513
3797 2514
3798 9999
3799 9999
3800 9999
3801 9999
3802 9999
3803 9999
3804 9999
3805 9999
3806 9999
3807 9999
3808 9999
3809 9999
3810 9999
3811 9999
3812 9999
3813 9999
3814 9999
3815 9999
3816 9999
3817 9999
3818 2512
3819 2511
3820 9999
3821 2512
3822 2516
3823 9999
3824 2512
3825 2511
3826 2512
3827 2512
3828 2512
3829 2512
3830 2517
3831 2512
3832 2512
3833 2513
3834 2512
3835 2511
3836 2512
3837 2513
3838 2515
3839 2514
3840 2513
3841 9999
3842 2508
3843 2519
3844 2512
3845 2514
3846 2514
3847 2514
3848 2513
3849 2515
3850 2513
3851 2511
3852 2510
3853 2516
3854 2511
3855 2510
3856 2509
3857 2515
3858 2509
3859 2509
3860 9999
3861 2514
3862 2514
3863 9999
3864 9999
3865 2510
3866 9999
3867 2520
3868 9999
3869 2515
3870 2515
3871 2516
3872 9999
3873 2510
3874 2514
3875 2516
3876 2516
3877 9999
3878 9999
3879 9999
3880 2517
3881 2509
3882 2517
3883 9999
3884 9999
3885 9999
3886 2516
3887 2517
3888 2510
3889 2518
3890 9999
3891 9999
3892 9999
3893 2517
3894 2516
3895 2514
3896 2515
3897 2515
3898 9999
3899 2511
3900 2515
3901 9999
3902 9999
3903 9999
3904 2509
3905 2515
3906 2509
3907 2516
3908 2509
3909 2509
3910 2512
3911 2510
3912 2510
3913 2511
3914 2510
3915 2510
3916 2510
3917 2524
3918 2525
3919 2515
3920 2517
3921 2517
3922 2524
3923 2516
3924 2524
3925 2524
3926 2511
3927 2516
3928 2519
3929 2520
3930 2515
3931 2517
3932 2516
3933 2523
3934 2517
3935 2520
3936 2521
3937 2509
3938 2517
3939 2509
3940 9999
3941 9999
3942 2516
3943 2516
3944 2516
3945 2516
3946 2517
3947 2517
3948 2517
3949 2518
3950 2518
3951 2518
3952 2520
3953 2522
3954 2511
3955 2510
3956 2510
3957 2511
3958 2521
3959 2520
3960 2511
3961 2513
3962 2514
3963 2512
3964 2512
3965 2515
3966 2523
3967 2512
3968 2513
3969 2513
3970 2522
3971 2516
3972 2523
3973 2516
3974 2517
3975 2518
3976 2523
3977 2525
3978 2526
3979 2517
3980 2525
3981 2528
3982 2515
3983 2528
3984 2523
3985 2524
3986 2521
3987 2528
3988 2524
3989 2526
3990 2519
3991 2528
3992 2531
3993 2522
3994 2531
3995 2518
3996 2527
3997 2528
3998 2523
3999 2518
4000 2531
4001 2517
4002 2527
4003 2528
4004 2522
4005 2522
4006 2518
4007 2531
4008 2532
4009 2520
4010 2525
4011 2522
4012 2519
4013 2519
4014 2531
4015 2518
4016 2531
4017 2528
4018 2528
4019 2518
4020 2526
4021 2526
4022 2531
4023 2530
4024 2532
4025 2524
4026 2523
4027 2522
4028 2521
4029 2533
4030 2519
4031 2528
4032 2519
4033 2519
4034 2528
4035 2528
4036 2529
4037 2531
4038 2524
4039 2520
4040 2529
4041 2526
4042 2529
4043 2527
4044 2532
4045 2519
4046 2522
4047 2528
4048 2530
4049 2528
4050 2529
4051 2532
4052 2526
4053 2520
4054 2528
4055 2527
4056 2527
4057 2520
4058 2529
4059 2528
4060 2528
4061 2520
4062 2528
4063 2526
4064 2526
4065 2520
4066 2520
4067 2520
4068 2530
4069 2534
4070 2531
4071 2534
4072 2524
4073 2531
4074 2532
4075 2531
4076 2522
4077 2533
4078 2533
4079 2532
4080 2530
4081 2531
4082 2532
4083 2533
4084 2534
4085 2533
4086 2533
4087 2532
4088 2531
4089 2536
4090 2534
4091 2532
4092 2532
4093 2532
4094 2529
4095 2528
4096 2533
4097 2536
4098 2536
4099 2531
4100 2531
4101 2531
4102 2532
4103 2532
4104 2523
4105 2532
4106 2531
4107 2531
4108 2535
4109 2533
4110 2523
4111 2533
4112 2533
4113 2534
4114 2533
4115 2536
4116 2532
4117 2532
4118 2532
4119 2534
4120 2532
4121 2532
4122 2533
4123 2534
4124 2533
4125 2535
4126 2534
4127 2533
4128 2533
4129 2538
4130 2533
4131 2533
4132 2533
4133 2533
4134 2534
4135 2534
4136 2533
4137 2534
4138 2525
4139 2534
4140 2536
4141 2535
4142 2535
4143 2536
4144 2534
4145 2539
4146 2536
4147 2531
4148 2531
4149 2533
4150 2530
4151 2538
4152 2535
4153 2536
4154 2535
4155 2535
4156 2539
4157 2538
4158 2526
4159 2534
4160 2534
4161 2536
4162 2535
4163 2534
4164 2538
4165 2536
4166 2539
4167 2535
4168 2533
4169 2531
4170 2538
4171 2537
4172 2527
4173 2536
4174 2537
4175 2534
4176 2537
4177 2541
4178 2536
4179 2535
4180 2540
4181 2536
4182 2537
4183 2536
4184 2530
4185 2536
4186 2537
4187 2532
4188 2535
4189 2536
4190 2535
4191 2540
4192 2538
4193 2534
4194 2536
4195 2536
4196 2535
4197 2536
4198 2536
4199 2536
4200 2541
4201 2532
4202 2532
4203 2535
4204 2541
4205 2537
4206 2536
4207 2543
4208 2533
4209 2533
4210 2541
4211 2540
4212 2541
4213 2535
4214 2535
4215 2538
4216 2543
4217 2543
4218 2539
4219 2536
4220 2533
4221 2539
4222 2529
4223 2533
4224 2538
4225 2537
4226 2536
4227 2538
4228 2537
4229 2534
4230 2539
4231 2533
4232 2532
4233 2536
4234 2537
4235 2539
4236 2538
4237 2538
4238 2538
4239 2540
4240 2533
4241 2539
4242 2537
4243 2538
4244 2536
4245 2538
4246 2540
4247 2539
4248 2545
4249 2538
4250 2543
4251 2537
4252 2539
4253 2545
4254 2539
4255 2539
4256 2544
4257 2539
4258 2539
4259 2540
4260 2537
4261 2537
4262 2545
4263 2537
4264 2544
4265 2544
4266 2540
4267 2538
4268 2538
4269 2544
4270 2537
4271 2546
4272 2543
4273 2539
4274 2543
4275 2538
4276 2538
4277 2537
4278 2541
4279 2539
4280 2540
4281 2541
4282 2541
4283 2542
4284 2543
4285 2539
4286 2541
4287 2545
4288 2538
4289 2545
4290 2536
4291 2540
4292 2540
4293 2543
4294 2546
4295 2539
4296 2537
4297 2541
4298 2532
4299 2542
4300 2546
4301 2538
4302 2538
4303 2545
4304 2542
4305 2542
4306 2541
4307 2545
4308 2547
4309 2542
4310 2542
4311 2541
4312 2541
4313 2539
4314 2539
4315 2542
4316 2541
4317 2542
4318 2537
4319 2542
4320 2536
4321 2533
4322 2541
4323 2543
4324 2545
4325 2544
4326 2533
4327 2542
4328 2547
4329 2541
4330 2545
4331 2533
4332 2542
4333 2545
4334 2544
4335 2541
4336 2540
4337 2542
4338 2540
4339 2540
4340 2533
4341 2542
4342 2541
4343 2542
4344 2540
4345 2545
4346 2539
4347 2540
4348 2534
4349 2535
4350 2542
4351 2537
4352 2542
4353 2536
4354 2540
4355 2534
4356 2541
4357 2541
4358 2542
4359 2543
4360 2546
4361 2540
4362 2542
4363 2543
4364 2547
4365 2542
4366 2541
4367 2547
4368 2542
4369 2547
4370 2547
4371 2543
4372 2544
4373 2544
4374 2541
4375 2541
4376 2540
4377 2548
4378 2547
4379 2548
4380 2547
4381 2544
4382 2534
4383 2534
4384 2548
4385 2544
4386 2543
4387 2542
4388 2543
4389 2542
4390 2539
4391 2543
4392 2544
4393 2544
4394 2545
4395 2539
4396 2543
4397 2545
4398 2543
4399 2542
4400 2542
4401 2545
4402 2540
4403 2541
4404 2539
4405 2543
4406 2543
4407 2540
4408 2540
4409 2543
4410 2548
4411 2543
4412 2544
4413 2541
4414 2541
4415 2542
4416 2544
4417 2547
4418 2545
4419 2545
4420 2540
4421 2542
4422 2542
4423 2534
4424 2534
4425 2535
4426 2543
4427 2542
4428 2542
4429 2542
4430 2544
4431 2544
4432 2545
4433 2541
4434 2541
4435 2544
4436 2542
4437 2536
4438 2541
4439 2545
4440 2541
4441 2540
4442 2543
4443 2542
4444 2544
4445 2546
4446 2547
4447 2543
4448 2544
4449 2543
4450 2540
4451 2540
4452 2544
4453 2545
4454 2548
4455 2543
4456 2542
4457 2542
4458 2546
4459 2550
4460 2543
4461 2550
4462 2542
4463 2544
4464 2543
4465 2545
4466 2544
4467 2544
4468 2544
4469 2542
4470 2546
4471 2544
4472 2545
4473 2546
4474 2550
4475 2544
4476 2544
4477 2541
4478 2546
4479 2544
4480 2544
4481 2544
4482 2544
4483 2543
4484 2550
4485 2541
4486 2544
4487 2540
4488 2547
4489 2546
4490 2549
4491 2543
4492 2544
4493 2544
4494 2551
4495 2544
4496 2542
4497 2541
4498 2540
4499 2545
4500 2537
4501 2547
4502 2550
4503 2544
4504 2551
4505 2548
4506 2546
4507 2546
4508 2551
4509 2549
4510 2547
4511 2546
4512 2549
4513 2543
4514 2541
4515 2541
4516 2543
4517 2540
4518 2538
4519 2547
4520 2548
4521 2547
4522 2539
4523 2547
4524 2538
4525 2546
4526 2542
4527 2553
4528 2545
4529 2551
4530 2542
4531 2539
4532 2540
4533 2540
4534 2549
4535 2548
4536 2548
4537 2539
4538 2548
4539 2541
4540 2547
4541 2544
4542 2542
4543 2545
4544 2552
4545 2548
4546 2549
4547 2547
4548 2546
4549 2541
4550 2542
4551 2548
4552 2548
4553 2548
4554 2548
4555 2549
4556 2548
4557 2549
4558 2542
4559 2540
4560 2541
4561 2547
4562 2548
4563 2552
4564 2548
4565 2550
4566 2549
4567 2548
4568 2543
4569 2546
4570 2547
4571 2548
4572 2543
4573 2542
4574 2543
4575 2548
4576 2536
4577 2542
4578 2544
4579 2538
4580 2543
4581 2536
4582 2540
4583 2540
4584 2539
4585 2541
4586 2541
4587 2535
4588 2539
4589 2540
4590 2544
4591 2539
4592 2539
4593 2540
4594 2532
4595 2538
4596 2540
4597 2539
4598 2541
4599 2540
4600 2541
4601 2545
4602 2541
4603 2536
4604 2533
4605 2540
4606 2533
4607 2542
4608 2537
4609 2541
4610 2546
4611 2543
4612 2544
4613 2533
4614 2546
4615 2537
4616 2548
4617 2534
4618 2537
4619 2544
4620 2545
4621 2540
4622 2534
4623 2543
4624 2534
4625 2545
4626 2534
4627 2542
4628 2542
4629 2541
4630 2543
4631 2536
4632 2541
4633 2540
4634 2543
4635 2538
4636 2546
4637 2544
4638 2543
4639 2535
4640 2543
4641 2545
4642 2546
4643 2545
4644 2544
4645 2539
4646 2537
4647 2540
4648 2536
4649 2536
4650 2545
4651 2549
4652 2539
4653 2537
4654 2544
4655 2550
4656 2544
4657 2547
4658 2546
4659 2545
4660 2548
4661 2550
4662 2537
4663 2537
4664 2551
4665 2551
4666 2545
4667 2542
4668 2548
4669 2547
4670 2543
4671 2546
4672 2552
4673 2552
4674 2545
4675 2545
4676 2545
4677 2546
4678 2543
4679 2542
4680 2543
4681 2547
4682 2538
4683 2548
4684 2542
4685 2544
4686 2550
4687 2540
4688 2540
4689 2545
4690 2542
4691 2549
4692 2548
4693 2545
4694 2545
4695 2548
4696 2546
4697 2552
4698 2545
4699 2552
4700 2544
4701 2548
4702 2550
4703 2552
4704 2553
4705 2547
4706 2548
4707 2549
4708 2548
4709 2550
4710 2549
4711 2550
4712 2555
4713 2549
4714 2548
4715 2545
4716 2549
4717 2549
4718 2549
4719 2550
4720 2549
4721 2552
4722 2550
4723 2549
4724 2549
4725 2550
4726 2551
4727 2549
4728 2546
4729 2548
4730 2556
4731 2556
4732 2547
4733 2551
4734 2549
4735 2550
4736 2551
4737 2555
4738 2550
4739 2552
4740 2554
4741 2543
4742 2556
4743 2550
4744 2543
4745 2549
4746 2550
4747 2551
4748 2551
4749 2552
4750 2556
4751 2552
4752 2556
4753 2556
4754 2550
4755 2548
4756 2545
4757 2553
4758 2552
4759 2559
4760 2553
4761 2552
4762 2553
4763 2552
4764 2552
4765 2560
4766 2548
4767 2549
4768 2553
4769 2552
4770 2551
4771 2554
4772 2554
4773 2554
4774 2555
4775 2555
4776 2547
4777 2560
4778 2552
4779 2547
4780 2554
4781 2550
4782 2559
4783 2554
4784 2548
4785 2550
4786 2548
4787 2556
4788 2553
4789 2557
4790 2558
4791 2558
4792 2561
4793 2551
4794 2551
4795 2558
4796 2556
4797 2556
4798 2556
4799 2557
4800 2561
4801 2559
4802 2556
4803 2557
4804 2557
4805 2550
4806 2557
4807 2561
4808 2547
4809 2555
4810 2556
4811 2555
4812 2560
4813 2547
4814 2557
4815 2560
4816 2560
4817 2547
4818 2549
4819 2546
4820 2546
4821 2554
4822 2546
4823 2552
4824 2545
4825 2552
4826 2549
4827 2549
4828 2559
4829 2552
4830 2559
4831 2559
4832 2547
4833 2551
4834 2551
4835 2545
4836 2544
4837 2545
4838 2544
4839 2551
4840 2552
4841 2555
4842 2544
4843 2544
4844 2548
4845 2544
4846 2544
4847 2550
4848 2550
4849 2553
4850 2545
4851 2552
4852 2548
4853 2550
4854 2551
4855 2554
4856 2549
4857 2553
4858 2552
4859 2551
4860 2548
4861 2555
4862 2556
4863 2553
4864 2548
4865 2551
4866 2554
4867 2555
4868 2549
4869 2546
4870 2544
4871 2549
4872 2551
4873 2557
4874 2549
4875 2551
4876 2550
4877 2543
4878 2550
4879 2550
4880 2556
4881 2547
4882 2546
4883 2545
4884 2547
4885 2551
4886 2551
4887 2542
4888 2556
4889 2542
4890 2550
4891 2546
4892 2542
4893 2542
4894 2550
4895 2550
4896 2550
4897 2546
4898 2547
4899 2552
4900 2543
4901 2552
4902 2546
4903 2556
4904 2553
4905 2548
4906 2549
4907 2549
4908 2543
4909 2543
4910 2544
4911 2548
4912 2545
4913 2545
4914 2554
4915 2558
4916 2554
4917 2550
4918 2545
4919 2558
4920 2556
4921 2554
4922 2552
4923 2554
4924 2551
4925 2551
4926 2551
4927 2546
4928 2545
4929 2554
4930 2557
4931 2551
4932 2550
4933 2549
4934 2558
4935 2559
4936 2553
4937 2553
4938 2551
4939 2555
4940 2552
4941 2545
4942 2553
4943 2553
4944 2553
4945 2547
4946 2549
4947 2549
4948 2558
4949 2546
4950 2554
4951 2554
4952 2558
4953 2554
4954 2548
4955 2549
4956 2555
4957 2554
4958 2552
4959 2558
4960 2551
4961 2553
4962 2554
4963 2554
4964 2554
4965 2554
4966 2553

