3142 2513
3143 2510
3144 2510
3145 2510
3146 2510
3147 2511
3148 2510
3149 2511
3150 2511
3151 2511
3152 2514
3153 2511
3154 2511
3155 2511
3156 2511
3157 2512
3158 2514
3159 2515
3160 2514
3161 2512
3162 2512
3163 2515
3164 2510
3165 2518
3166 2511
3167 2511
3168 2512
3169 2512
3170 2511
3171 2511
3172 2510
3173 2513
3174 2510
3175 2510
3176 2510
3177 2511
3178 2511
3179 2510
3180 2511
3181 2512
3182 2514
3183 2509
3184 2511
3185 2512
3186 2512
3187 2511
3188 2510
3189 2513
3190 2514
3191 2514
3192 2513
3193 2512
3194 2509
3195 2508
3196 2508
3197 2515
3198 2517
3199 2511
3200 2508
3201 2517
3202 2509
3203 2508
3204 2509
3205 2508
3206 2513
3207 2512
3208 2510
3209 2509
3210 2508
3211 2508
3212 2508
3213 2509
3214 2511
3215 2513
3216 2508
3217 2512
3218 2509
3219 2508
3220 2511
3221 2512
3222 2515
3223 2507
3224 2507
3225 2510
3226 2507
3227 2507
3228 2507
3229 2507
3230 2508
3231 2508
3232 2507
3233 2507
3234 2511
3235 2508
3236 2507
3237 2508
3238 2507
3239 2511
3240 2511
3241 2507
3242 2507
3243 2508
3244 2507
3245 2507
3246 2508
3247 2512
3248 2511
3249 2510
3250 2510
3251 2510
3252 2506
3253 2507
3254 2507
3255 2517
3256 2507
3257 2507
3258 2510
3259 2506
3260 2507
3261 2507
3262 2509
3263 2507
3264 2511
3265 2511
3266 2512
3267 2509
3268 2510
3269 2508
3270 2508
3271 2509
3272 2510
3273 2511
3274 2509
3275 2508
3276 2508
3277 2508
3278 2511
3279 2509
3280 2508
3281 2512
3282 2513
3283 2516
3284 2509
3285 2510
3286 2509
3287 2507
3288 2507
3289 2507
3290 2507
3291 2509
3292 2509
3293 2512
3294 2506
3295 2507
3296 2509
3297 2511
3298 2510
3299 2510
3300 2509
3301 2510
3302 2510
3303 2511
3304 2509
3305 2509
3306 2509
3307 2508
3308 2509
3309 2509
3310 2509
3311 2509
3312 2509
3313 2508
3314 2509
3315 2508
3316 2508
3317 2508
3318 2510
3319 2510
3320 2518
3321 2511
3322 2508
3323 2508
3324 2508
3325 2508
3326 2508
3327 2507
3328 2512
3329 2512
3330 2508
3331 2508
3332 2508
3333 2508
3334 2508
3335 2510
3336 2509
3337 2511
3338 2510
3339 2509
3340 2510
3341 2510
3342 2512
3343 2512
3344 2509
3345 2508
3346 2509
3347 2510
3348 2509
3349 2508
3350 2508
3351 2509
3352 2509
3353 2508
3354 2508
3355 2508
3356 2508
3357 2510
3358 2509
3359 2509
3360 2508
3361 2510
3362 2509
3363 2510
3364 2510
3365 2509
3366 2509
3367 2509
3368 2509
3369 2509
3370 2509
3371 2509
3372 2510
3373 2510
3374 2510
3375 2510
3376 2510
3377 2510
3378 2510
3379 2510
3380 2510
3381 2510
3382 2510
3383 2510
3384 2510
3385 2510
3386 2509
3387 2512
3388 2510
3389 2510
3390 2512
3391 2511
3392 2514
3393 2511
3394 2510
3395 2510
3396 2511
3397 2514
3398 2510
3399 2510
3400 2510
3401 2510
3402 2510
3403 2510
3404 2510
3405 2510
3406 2509
3407 2509
3408 2510
3409 2509
3410 2510
3411 2510
3412 2509
3413 2509
3414 2509
3415 2509
3416 2509
3417 2509
3418 2509
3419 2509
3420 2509
3421 2508
3422 2508
3423 2507
3424 2508
3425 2507
3426 2507
3427 2508
3428 2508
3429 2507
3430 2507
3431 2507
3432 2507
3433 2508
3434 2508
3435 2508
3436 2508
3437 2508
3438 2508
3439 2508
3440 2508
3441 2507
3442 2507
3443 2507
3444 2507
3445 2507
3446 2507
3447 2507
3448 2507
3449 2507
3450 2507
3451 2507
3452 2507
3453 2507
3454 2507
3455 2507
3456 2507
3457 2507
3458 2507
3459 2507
3460 2507
3461 2507
3462 2507
3463 2507
3464 2507
3465 2507
3466 2507
3467 2507
3468 2507
3469 2506
3470 2506
3471 2507
3472 2506
3473 2506
3474 2506
3475 2506
3476 2506
3477 2506
3478 2506
3479 2506
3480 2506
3481 2506
3482 2506
3483 2506
3484 2506
3485 2506
3486 2506
3487 2506
3488 2506
3489 2506
3490 2506
3491 2506
3492 2506
3493 2506
3494 2506
3495 2506
3496 2506
3497 2506
3498 2506
3499 2506
3500 2506
3501 2506
3502 2506
3503 2506
3504 2506
3505 2506
3506 2506
3507 2506
3508 2506
3509 2506
3510 2505
3511 2506
3512 2505
3513 2506
3514 2505
3515 2505
3516 2505
3517 2505
3518 2505
3519 2505
3520 2505
3521 2505
3522 2505
3523 2505
3524 2505
3525 2505
3526 2505
3527 2505
3528 2505
3529 2505
3530 2505
3531 2505
3532 2505
3533 2505
3534 2505
3535 2505
3536 2505
3537 2505
3538 2505
3539 2506
3540 2505
3541 2505
3542 2505
3543 2505
3544 2505
3545 2505
3546 2505
3547 2505
3548 2505
3549 2505
3550 2505
3551 2505
3552 2505
3553 2505
3554 2505
3555 2505
3556 2505
3557 2505
3558 2505
3559 2505
3560 2505
3561 2505
3562 2505
3563 2505
3564 2505
3565 2505
3566 2505
3567 2505
3568 2505
3569 2505
3570 2506
3571 2506
3572 2506
3573 2506
3574 2506
3575 2506
3576 2506
3577 2506
3578 2506
3579 2506
3580 2506
3581 2506
3582 2506
3583 2506
3584 2506
3585 2506
3586 2506
3587 2506
3588 2506
3589 2506
3590 2505
3591 2506
3592 2506
3593 2506
3594 2505
3595 2505
3596 2506
3597 2505
3598 2505
3599 2505
3600 2506
3601 2505
3602 2505
3603 2507
3604 2505
3605 2506
3606 2505
3607 2505
3608 2505
3609 2505
3610 2505
3611 2505
3612 2505
3613 2504
3614 2504
3615 2504
3616 2504
3617 2504
3618 2503
3619 2505
3620 2503
3621 2503
3622 2504
3623 2504
3624 2503
3625 2503
3626 2503
3627 2503
3628 2504
3629 2504
3630 2503
3631 2503
3632 2503
3633 2503
3634 2503
3635 2503
3636 2503
3637 2503
3638 2503
3639 2503
3640 2503
3641 2503
3642 2502
3643 2503
3644 2502
3645 2502
3646 2502
3647 2502
3648 2502
3649 2502
3650 2502
3651 2502
3652 2501
3653 2501
3654 2502
3655 2507
3656 2501
3657 2502
3658 2501
3659 2501
3660 2502
3661 2501
3662 2502
3663 2501
3664 2502
3665 2501
3666 2501
3667 2501
3668 2502
3669 2502
3670 2501
3671 2503
3672 2503
3673 2502
3674 2501
3675 2501
3676 2501
3677 2501
3678 2501
3679 2501
3680 2501
3681 2501
3682 2502
3683 2501
3684 2501
3685 2501
3686 2501
3687 2501
3688 2501
3689 2501
3690 2501
3691 2501
3692 2501
3693 2501
3694 2501
3695 2501
3696 2501
3697 2501
3698 2501
3699 2501
3700 2501
3701 2501
3702 2501
3703 2501
3704 2501
3705 2501
3706 2500
3707 2501
3708 2501
3709 2501
3710 2500
3711 2501
3712 2501
3713 2501
3714 2501
3715 2501
3716 2501
3717 2501
3718 2501
3719 2501
3720 2501
3721 2501
3722 2501
3723 2501
3724 2501
3725 2501
3726 2501
3727 2501
3728 2501
3729 2501
3730 2501
3731 2501
3732 2500
3733 2501
3734 2501
3735 2500
3736 2501
3737 2501
3738 2501
3739 2500
3740 2500
3741 2501
3742 2500
3743 2501
3744 2500
3745 2501
3746 2501
3747 2500
3748 2500
3749 2501
3750 2500
3751 2501
3752 2500
3753 2500
3754 2500
3755 2501
3756 2501
3757 2500
3758 2500
3759 2500
3760 2500
3761 2500
3762 2501
3763 2500
3764 2500
3765 2500
3766 2500
3767 2500
3768 2500
3769 2500
3770 2500
3771 2500
3772 2500
3773 2500
3774 2500
3775 2500
3776 2500
3777 2500
3778 2500
3779 2500
3780 2500
3781 2500
3782 2500
3783 2500
3784 2500
3785 2500
3786 2500
3787 2500
3788 2500
3789 2500
3790 2500
3791 2500
3792 2500
3793 2500
3794 2500
3795 2500
3796 2500
3797 2501
3798 2501
3799 2500
3800 2500
3801 2500
3802 2502
3803 2501
3804 2501
3805 2501
3806 2501
3807 2501
3808 2501
3809 2501
3810 2502
3811 2501
3812 2502
3813 2500
3814 2500
3815 2501
3816 2501
3817 2501
3818 2501
3819 2500
3820 2500
3821 2500
3822 2500
3823 2500
3824 2500
3825 2500
3826 2500
3827 2500
3828 2500
3829 2501
3830 2500
3831 2500
3832 2500
3833 2500
3834 2500
3835 2501
3836 2500
3837 2500
3838 2500
3839 2500
3840 2500
3841 2500
3842 2500
3843 2500
3844 2500
3845 2499
3846 2499
3847 2499
3848 2499
3849 2499
3850 2501
3851 2499
3852 2499
3853 2503
3854 2499
3855 2499
3856 2500
3857 2500
3858 2500
3859 2500
3860 2500
3861 2500
3862 2500
3863 2500
3864 2500
3865 2499
3866 2498
3867 2499
3868 2499
3869 2500
3870 2499
3871 2499
3872 2499
3873 2499
3874 2499
3875 2499
3876 2499
3877 2499
3878 2499
3879 2499
3880 2499
3881 2499
3882 2499
3883 2499
3884 2499
3885 2498
3886 2499
3887 2499
3888 2499
3889 2499
3890 2499
3891 2499
3892 2499
3893 2499
3894 2499
3895 2499
3896 2499
3897 2498
3898 2499
3899 2499
3900 2499
3901 2499
3902 2499
3903 2499
3904 2499
3905 2499
3906 2499
3907 2499
3908 2498
3909 2498
3910 2499
3911 2498
3912 2499
3913 2499
3914 2498
3915 2499
3916 2499
3917 2498
3918 2498
3919 2498
3920 2498
3921 2498
3922 2498
3923 2498
3924 2499
3925 2498
3926 2498
3927 2499
3928 2499
3929 2499
3930 2499
3931 2499
3932 2499
3933 2499
3934 2499
3935 2499
3936 2498
3937 2499
3938 2499
3939 2499
3940 2499
3941 2499
3942 2499
3943 2499
3944 2499
3945 2499
3946 2499
3947 2499
3948 2499
3949 2499
3950 2499
3951 2499
3952 2499
3953 2499
3954 2499
3955 2499
3956 2499
3957 2499
3958 2499
3959 2498
3960 2498
3961 2499
3962 2499
3963 2499
3964 2499
3965 2498
3966 2498
3967 2498
3968 2498
3969 2498
3970 2499
3971 2499
3972 2502
3973 2497
3974 2499
3975 2498
3976 2498
3977 2499
3978 2499
3979 2499
3980 2498
3981 2498
3982 2498
3983 2498
3984 2498
3985 2498
3986 2498
3987 2498
3988 2498
3989 2498
3990 2498
3991 2498
3992 2499
3993 2498
3994 2498
3995 2498
3996 2498
3997 2503
3998 2499
3999 2499
4000 2499
4001 2499
4002 2498
4003 2498
4004 2498
4005 2498
4006 2502
4007 2498
4008 2498
4009 2498
4010 2498
4011 2498
4012 2498
4013 2498
4014 2498
4015 2498
4016 2498
4017 2498
4018 2498
4019 2498
4020 2498
4021 2498
4022 2497
4023 2498
4024 2498
4025 2497
4026 2497
4027 2497
4028 2497
4029 2497
4030 2498
4031 2498
4032 2498
4033 2498
4034 2498
4035 2498
4036 2497
4037 2498
4038 2498
4039 2498
4040 2498
4041 2498
4042 2498
4043 2498
4044 2498
4045 2498
4046 2498
4047 2497
4048 2497
4049 2498
4050 2498
4051 2498
4052 2498
4053 2498
4054 2498
4055 2498
4056 2498
4057 2497
4058 2497
4059 2497
4060 2497
4061 2498
4062 2498
4063 2498
4064 2498
4065 2497
4066 2498
4067 2497
4068 2497
4069 2497
4070 2497
4071 2497
4072 2498
4073 2498
4074 2497
4075 2497
4076 2497
4077 2497
4078 2497
4079 2497
4080 2497
4081 2497
4082 2497
4083 2497
4084 2497
4085 2497
4086 2497
4087 2497
4088 2497
4089 2497
4090 2497
4091 2497
4092 2497
4093 2498
4094 2498
4095 2497
4096 2497
4097 2497
4098 2497
4099 2497
4100 2497
4101 2497
4102 2497
4103 2497
4104 2497
4105 2497
4106 2497
4107 2496
4108 2496
4109 2497
4110 2497
4111 2497
4112 2497
4113 2497
4114 2497
4115 2497
4116 2497
4117 2497
4118 2497
4119 2497
4120 2497
4121 2497
4122 2497
4123 2497
4124 2497
4125 2497
4126 2497
4127 2497
4128 2497
4129 2497
4130 2497
4131 2497
4132 2497
4133 2497
4134 2497
4135 2497
4136 2497
4137 2497
4138 2497
4139 2497
4140 2496
4141 2497
4142 2497
4143 2496
4144 2497
4145 2496
4146 2496
4147 2496
4148 2496
4149 2496
4150 2496
4151 2496
4152 2496
4153 2496
4154 2496
4155 2496
4156 2496
4157 2496
4158 2496
4159 2496
4160 2496
4161 2496
4162 2496
4163 2496
4164 2496
4165 2496
4166 2496
4167 2496
4168 2496
4169 2496
4170 2496
4171 2496
4172 2496
4173 2496
4174 2496
4175 2496
4176 2496
4177 2496
4178 2496
4179 2496
4180 2496
4181 2496
4182 2495
4183 2496
4184 2496
4185 2496
4186 2495
4187 2495
4188 2496
4189 2495
4190 2498
4191 2496
4192 2496
4193 2496
4194 2496
4195 2496
4196 2496
4197 2495
4198 2495
4199 2496
4200 2496
4201 2496
4202 2496
4203 2495
4204 2495
4205 2495
4206 2495
4207 2495
4208 2496
4209 2495
4210 2495
4211 2495
4212 2495
4213 2495
4214 2495
4215 2495
4216 2495
4217 2495
4218 2495
4219 2495
4220 2495
4221 2495
4222 2495
4223 2495
4224 2495
4225 2495
4226 2495
4227 2495
4228 2495
4229 2494
4230 2494
4231 2494
4232 2494
4233 2494
4234 2494
4235 2494
4236 2494
4237 2494
4238 2494
4239 2494
4240 2494
4241 2494
4242 2494
4243 2495
4244 2494
4245 2494
4246 2494
4247 2494
4248 2494
4249 2494
4250 2494
4251 2493
4252 2493
4253 2494
4254 2494
4255 2494
4256 2494
4257 2494
4258 2494
4259 2494
4260 2493
4261 2493
4262 2494
4263 2494
4264 2494
4265 2494
4266 2494
4267 2494
4268 2494
4269 2494
4270 2494
4271 2494
4272 2494
4273 2494
4274 2494
4275 2494
4276 2494
4277 2494
4278 2494
4279 2494
4280 2494
4281 2494
4282 2493
4283 2494
4284 2494
4285 2494
4286 2494
4287 2494
4288 2494
4289 2494
4290 2494
4291 2494
4292 2494
4293 2494
4294 2494
4295 2494
4296 2494
4297 2494
4298 2494
4299 2494
4300 2494
4301 2494
4302 2494
4303 2494
4304 2494
4305 2494
4306 2493
4307 2493
4308 2493
4309 2493
4310 2493
4311 2494
4312 2494
4313 2494
4314 2494
4315 2494
4316 2494
4317 2494
4318 2494
4319 2494
4320 2494
4321 2494
4322 2494
4323 2494
4324 2494
4325 2494
4326 2494
4327 2494
4328 2494
4329 2494
4330 2494
4331 2494
4332 2494
4333 2494
4334 2494
4335 2494
4336 2494
4337 2494
4338 2494
4339 2494
4340 2494
4341 2494
4342 2494
4343 2494
4344 2494
4345 2494
4346 2494
4347 2494
4348 2494
4349 2494
4350 2494
4351 2494
4352 2494
4353 2494
4354 2494
4355 2494
4356 2495
4357 2494
4358 2494
4359 2494
4360 2494
4361 2494
4362 2495
4363 2494
4364 2494
4365 2495
4366 2495
4367 2495
4368 2495
4369 2495
4370 2495
4371 2494
4372 2495
4373 2494
4374 2495
4375 2495
4376 2495
4377 2495
4378 2495
4379 2495
4380 2495
4381 2495
4382 2495
4383 2495
4384 2495
4385 2495
4386 2495
4387 2495
4388 2495
4389 2495
4390 2495
4391 2495
4392 2495
4393 2495
4394 2495
4395 2495
4396 2495
4397 2495
4398 2495
4399 2495
4400 2495
4401 2495
4402 2495
4403 2495
4404 2495
4405 2495
4406 2495
4407 2495
4408 2496
4409 2496
4410 2495
4411 2495
4412 2495
4413 2495
4414 2495
4415 2495
4416 2495
4417 2495
4418 2496
4419 2495
4420 2495
4421 2495
4422 2495
4423 2496
4424 2495
4425 2495
4426 2495
4427 2495
4428 2496
4429 2495
4430 2495
4431 2495
4432 2495
4433 2495
4434 2495
4435 2495
4436 2496
4437 2496
4438 2495
4439 2495
4440 2496
4441 2496
4442 2495
4443 2494
4444 2495
4445 2495
4446 2496
4447 2496
4448 2496
4449 2495
4450 2496
4451 2496
4452 2496
4453 2496
4454 2496
4455 2496
4456 2495
4457 2496
4458 2496
4459 2495
4460 2495
4461 2495
4462 2495
4463 2495
4464 2496
4465 2496
4466 2496
4467 2496
4468 2496
4469 2496
4470 2496
4471 2496
4472 2496
4473 2496
4474 2496
4475 2496
4476 2496
4477 2496
4478 2496
4479 2496
4480 2496
4481 2496
4482 2496
4483 2496
4484 2496
4485 2496
4486 2496
4487 2496
4488 2496
4489 2496
4490 2496
4491 2496
4492 2496
4493 2496
4494 2497
4495 2497
4496 2496
4497 2497
4498 2496
4499 2497
4500 2496
4501 2498
4502 2496
4503 2495
4504 2496
4505 2496
4506 2497
4507 2497
4508 2496
4509 2497
4510 2497
4511 2497
4512 2497
4513 2497
4514 2497
4515 2497
4516 2497
4517 2497
4518 2497
4519 2497
4520 2497
4521 2497
4522 2497
4523 2497
4524 2497
4525 2497
4526 2497
4527 2497
4528 2497
4529 2497
4530 2497
4531 2498
4532 2497
4533 2497
4534 2497
4535 2498
4536 2498
4537 2498
4538 2498
4539 2497
4540 2497
4541 2497
4542 2497
4543 2497
4544 2497
4545 2497
4546 2497
4547 2497
4548 2497
4549 2497
4550 2497
4551 2497
4552 2498
4553 2498
4554 2497
4555 2497
4556 2497
4557 2497
4558 2497
4559 2497
4560 2497
4561 2497
4562 2497
4563 2498
4564 2497
4565 2498
4566 2498
4567 2497
4568 2497
4569 2497
4570 2497
4571 2498
4572 2498
4573 2498
4574 2498
4575 2498
4576 2498
4577 2498
4578 2498
4579 2498
4580 2498
4581 2498
4582 2498
4583 2498
4584 2498
4585 2498
4586 2498
4587 2498
4588 2498
4589 2498
4590 2498
4591 2498
4592 2498
4593 2498
4594 2498
4595 2497
4596 2498
4597 2498
4598 2498
4599 2498
4600 2497
4601 2498
4602 2497
4603 2497
4604 2498
4605 2498
4606 2498
4607 2497
4608 2498
4609 2497
4610 2498
4611 2498
4612 2497
4613 2497
4614 2497
4615 2497
4616 2496
4617 2496
4618 2496
4619 2496
4620 2496
4621 2496
4622 2496
4623 2496
4624 2496
4625 2496
4626 2496
4627 2496
4628 2496
4629 2496
4630 2496
4631 2496
4632 2496
4633 2496
4634 2496
4635 2496
4636 2496
4637 2496
4638 2496
4639 2496
4640 2496
4641 2496
4642 2496
4643 2497
4644 2496
4645 2496
4646 2496
4647 2496
4648 2496
4649 2497
4650 2497
4651 2496
4652 2496
4653 2497
4654 2497
4655 2497
4656 2497
4657 2497
4658 2497
4659 2498
4660 2497
4661 2497
4662 2498
4663 2497
4664 2497
4665 2497
4666 2497
4667 2497
4668 2497
4669 2497
4670 2497
4671 2497
4672 2498
4673 2497
4674 2497
4675 2498
4676 2497
4677 2497
4678 2497
4679 2497
4680 2497
4681 2497
4682 2497
4683 2497
4684 2497
4685 2497
4686 2497
4687 2497
4688 2497
4689 2497
4690 2497
4691 2497
4692 2497
4693 2497
4694 2497
4695 2497
4696 2497
4697 2497
4698 2497
4699 2497
4700 2497
4701 2497
4702 2497
4703 2497
4704 2497
4705 2497
4706 2497
4707 2497
4708 2497
4709 2497
4710 2497
4711 2497
4712 2497
4713 2497
4714 2497
4715 2497
4716 2497
4717 2497
4718 2497
4719 2497
4720 2497
4721 2497
4722 2497
4723 2497
4724 2497
4725 2497
4726 2497
4727 2497
4728 2497
4729 2497
4730 2497
4731 2497
4732 2497
4733 2497
4734 2497
4735 2497
4736 2497
4737 2497
4738 2497
4739 2497
4740 2498
4741 2498
4742 2498
4743 2498
4744 2498
4745 2498
4746 2498
4747 2497
4748 2497
4749 2497
4750 2497
4751 2497
4752 2497
4753 2497
4754 2497
4755 2497
4756 2497
4757 2498
4758 2497
4759 2497
4760 2497
4761 2497
4762 2497
4763 2497
4764 2497
4765 2497
4766 2497
4767 2498
4768 2498
4769 2498
4770 2498
4771 2498
4772 2498
4773 2497
4774 2498
4775 2498
4776 2498
4777 2498
4778 2497
4779 2498
4780 2498
4781 2498
4782 2498
4783 2498
4784 2498
4785 2497
4786 2498
4787 2498
4788 2498
4789 2498
4790 2498
4791 2498
4792 2498
4793 2498
4794 2498
4795 2498
4796 2498
4797 2498
4798 2498
4799 2498
4800 2498
4801 2498
4802 2498
4803 2498
4804 2498
4805 2498
4806 2498
4807 2498
4808 2498
4809 2498
4810 2498
4811 2498
4812 2498
4813 2498
4814 2499
4815 2498
4816 2498
4817 2498
4818 2498
4819 2498
4820 2498
4821 2498
4822 2498
4823 2498
4824 2498
4825 2499
4826 2498
4827 2499
4828 2499
4829 2499
4830 2499
4831 2499
4832 2499
4833 2499
4834 2499
4835 2499
4836 2499
4837 2499
4838 2499
4839 2499
4840 2499
4841 2499
4842 2499
4843 2499
4844 2499
4845 2499
4846 2499
4847 2499
4848 2499
4849 2499
4850 2499
4851 2499
4852 2499
4853 2499
4854 2499
4855 2499
4856 2499
4857 2499
4858 2499
4859 2499
4860 2499
4861 2498
4862 2499
4863 2499
4864 2498
4865 2498
4866 2498
4867 2498
4868 2498
4869 2498
4870 2498
4871 2497
4872 2498
4873 2497
4874 2497
4875 2497
4876 2497
4877 2497
4878 2496
4879 2497
4880 2497
4881 2497
4882 2497
4883 2497
4884 2497
4885 2497
4886 2497
4887 2496
4888 2496
4889 2496
4890 2496
4891 2496
4892 2496
4893 2496
4894 2495
4895 2495
4896 2495
4897 2495
4898 2495
4899 2495
4900 2495
4901 2495
4902 2495
4903 2495
4904 2495
4905 2495
4906 2495
4907 2495
4908 2495
4909 2495
4910 2494
4911 2494
4912 2494
4913 2494
4914 2493
4915 2494
4916 2493
4917 2493
4918 2494
4919 2494
4920 2493
4921 2494
4922 2493
4923 2492
4924 2492
4925 2492
4926 2492
4927 2492
4928 2492
4929 2492
4930 2492
4931 2492
4932 2492
4933 2492
4934 2492
4935 2492
4936 2492
4937 2492
4938 2492
4939 2492
4940 2492
4941 2493
4942 2494
4943 2494
4944 2493
4945 2492
4946 2492
4947 2492
4948 2492
4949 2492
4950 2492
4951 2492
4952 2492
4953 2492
4954 2493
4955 2493
4956 2493
4957 2492
4958 2493
4959 2492
4960 2493
4961 2493
4962 2493
4963 2492
4964 2492
4965 2493
4966 2492
4967 2493
4968 2492
4969 2492
4970 2493
4971 2493
4972 2493
4973 2493
4974 2495
4975 2493
4976 2494
4977 2496
4978 2493
4979 2494
4980 2494
4981 2494
4982 2494
4983 2494
4984 2495
4985 2491
4986 2494
4987 2495
4988 2494
4989 2494
4990 2494
4991 2494
4992 2494
4993 2494
4994 2493
4995 2493
4996 2493
4997 2495
4998 2491
4999 2494
5000 2492
5001 2492
5002 2492
5003 2495
5004 2492
5005 2492
5006 2492
5007 2492
5008 2491
5009 2491
5010 2492
5011 2492
5012 2492
5013 2492
5014 2493
5015 2493
5016 2493
5017 2493
5018 2492
5019 2492
5020 2492
5021 2492
5022 2492
5023 2492
5024 2492
5025 2491
5026 2491
5027 2491
5028 2491
5029 2491
5030 2490
5031 2490
5032 2491
5033 2491
5034 2491
5035 2491
5036 2491
5037 2491
5038 2492
5039 2491
5040 2491
5041 2491
5042 2491
5043 2490
5044 2491
5045 2491
5046 2491
5047 2490
5048 2490
5049 2490
5050 2491
5051 2490
5052 2489
5053 2489
5054 2488
5055 2488
5056 2488
5057 2487
5058 2486
5059 2487
5060 2490
5061 2491
5062 2497
5063 2488
5064 2488
5065 2489
5066 2489
5067 2489
5068 2489
5069 2489
5070 2489
5071 2489
5072 2489
5073 2489
5074 2488
5075 2488
5076 2488
5077 2487
5078 2487
5079 2487
5080 2487
5081 2487
5082 2486
5083 2486
5084 2486
5085 2486
5086 2486
5087 2486
5088 2486
5089 2486
5090 2486
5091 2486
5092 2485
5093 2486
5094 2486
5095 2486
5096 2486
5097 2486
5098 2486
5099 2486
5100 2485
5101 2485
5102 2485
5103 2485
5104 2486
5105 2485
5106 2485
5107 2485
5108 2487
5109 2485
5110 2485
5111 2485
5112 2484
5113 2484
5114 2484
5115 2487
5116 2485
5117 2485
5118 2484
5119 2484
5120 2484
5121 2484
5122 2483
5123 2483
5124 2483
5125 2483
5126 2483
5127 2483
5128 2483
5129 2483
5130 2483
5131 2482
5132 2483
5133 2482
5134 2482
5135 2482

3357 2547
3358 2544
3359 2545
3360 2544
3361 2549
3362 2548
3363 2544
3364 2546
3365 2545
3366 2546
3367 2548
3368 2550
3369 2544
3370 2548
3371 2548
3372 2547
3373 2553
3374 2544
3375 2552
3376 2547
3377 2543
3378 2544
3379 2543
3380 2548
3381 2550
3382 2550
3383 2549
3384 2550
3385 2548
3386 2554
3387 2548
3388 2543
3389 2543
3390 2554
3391 2548
3392 2543
3393 2543
3394 2543
3395 2557
3396 2552
3397 2553
3398 2550
3399 2544
3400 2555
3401 2551
3402 2545
3403 2545
3404 2554
3405 2547
3406 2547
3407 2549
3408 2550
3409 2542
3410 2556
3411 2550
3412 2549
3413 2550
3414 2553
3415 2553
3416 2547
3417 2547
3418 2548
3419 2550
3420 2549
3421 2549
3422 2550
3423 2553
3424 2549
3425 2548
3426 2548
3427 2544
3428 2556
3429 2550
3430 2551
3431 2553
3432 2548
3433 2555
3434 2551
3435 2551
3436 2554
3437 2547
3438 2549
3439 2548
3440 2548
3441 2548
3442 2548
3443 2548
3444 2551
3445 2548
3446 2548
3447 2552
3448 2554
3449 2552
3450 2548
3451 2553
3452 2550
3453 2547
3454 2552
3455 2556
3456 2556
3457 2542
3458 2544
3459 2547
3460 2542
3461 2547
3462 2549
3463 2555
3464 2544
3465 2555
3466 2553
3467 2549
3468 2549
3469 2556
3470 2546
3471 2551
3472 2547
3473 2547
3474 2547
3475 2547
3476 2547
3477 2546
3478 2551
3479 2553
3480 2553
3481 2548
3482 2550
3483 2549
3484 2548
3485 2550
3486 2548
3487 2550
3488 2553
3489 2551
3490 2554
3491 2547
3492 2547
3493 2547
3494 2546
3495 2548
3496 2548
3497 2552
3498 2548
3499 2549
3500 2551
3501 2549
3502 2558
3503 2551
3504 2551
3505 2555
3506 2554
3507 2553
3508 2549
3509 2553
3510 2555
3511 2556
3512 2551
3513 2551
3514 2551
3515 2548
3516 2550
3517 2550
3518 2559
3519 2555
3520 2553
3521 2558
3522 2554
3523 2553
3524 2550
3525 2559
3526 2555
3527 2561
3528 2553
3529 2553
3530 2563
3531 2551
3532 2553
3533 2551
3534 2553
3535 2553
3536 2560
3537 2560
3538 2547
3539 2547
3540 2553
3541 2548
3542 2552
3543 2548
3544 2547
3545 2545
3546 2549
3547 2551
3548 2551
3549 2548
3550 2546
3551 2546
3552 2552
3553 2553
3554 2547
3555 2546
3556 2549
3557 2546
3558 2549
3559 2546
3560 2547
3561 2547
3562 2547
3563 2545
3564 2548
3565 2547
3566 2543
3567 2541
3568 2551
3569 2553
3570 2539
3571 2540
3572 2538
3573 2539
3574 2538
3575 2546
3576 2542
3577 2549
3578 2547
3579 2551
3580 2545
3581 2550
3582 2537
3583 2544
3584 2547
3585 2542
3586 2541
3587 2545
3588 2545
3589 2546
3590 2538
3591 2540
3592 2540
3593 2546
3594 2536
3595 2540
3596 2536
3597 2538
3598 2539
3599 2539
3600 2536
3601 2537
3602 2535
3603 2533
3604 2532
3605 2536
3606 2531
3607 2535
4263 2528
4264 2526
4265 2530
4266 2529
4267 2535
4268 2525
4269 2534
4270 2534
4271 2536
4272 2535
4273 2531
4274 2533
4275 2531
4276 2537
4277 2534
4278 2525
4279 2529
4280 2535
4281 2527
4282 2522
4283 2536
4284 2525
4285 2532
4286 2532
4287 2521
4288 2522
4289 2533
4290 2533
4291 2534
4292 2523
4293 2533
4294 2527
4295 2529
4296 2521
4297 2531
4298 2520
4299 2528
4300 2518
4301 2530
4302 2528
4303 2522
4304 2527
4305 2519
4306 2529
4307 2530
4308 2525
4309 2520
4310 2525
4311 2522
4312 2528
4313 2528
4314 2523
4315 2524
4316 2516
4317 2516
4318 2523
4319 2524
4320 2524
4321 2516
4322 2525
4323 2523
4324 2526
4325 2522
4326 2520
4327 2522
4328 2521
4329 2521
4330 2521
4331 2515
4332 2522
4333 2521
4334 2521
4335 2522
4336 2521
4337 2521
4338 2518
4339 2529
4340 2521
4341 2522
4342 2516
4343 2522
4344 2521
4345 2521
4346 2521
4347 2524
4348 2520
4349 2521
4350 2518
4351 2529
4352 2519
4353 2522
4354 2519
4355 2522
4356 2515
4357 2523
4358 2515
4359 2520
4360 2520
4361 2521
4362 2515
4363 2518
4364 2519
4365 2519
4366 2515
4367 2515
4368 2515
4369 2522
4370 2519
4371 2518
4372 2519
4373 2519
4374 2520
4375 2522
4376 2522
4377 2523
4378 2529
4379 2515
4380 2515
4381 2515
4382 2518
4383 2519
4384 2523
4385 2523
4386 2519
4387 2519
4388 2520
4389 2524
4390 2526
4391 2522
4392 2520
4393 2518
4394 2520
4395 2520
4396 2521
4397 2521
4398 2528
4399 2522
4400 2522
4401 2525
4402 2526
4403 2520
4404 2525
4405 2520
4406 2515
4407 2529
4408 2516
4409 2515
4410 2516
4411 2515
4412 2520
4413 2519
4414 2520
4415 2520
4416 2520
4417 2519
4418 2516
4419 2520
4420 2516
4421 2522
4422 2518
4423 2518
4424 2522
4425 2518
4426 2518
4427 2522
4428 2519
4429 2524
4430 2523
4431 2519
4432 2516
4433 2515
4434 2517
4435 2522
4436 2517
4437 2521
4438 2516
4439 2517
4440 2525
4441 2522
4442 2515
4443 2516
4444 2527
4445 2519
4446 2520
4447 2516
4448 2519
4449 2520
4450 2528
4451 2522
4452 2519
4453 2516
4454 2516
4455 2521
4456 2522
4457 2516
4458 2521
4459 2527
4460 2520
4461 2521
4462 2519
4463 2520
4464 2524
4465 2517
4466 2519
4467 2519
4468 2520
4469 2519
4470 2524
4471 2523
4472 2520
4473 2523
4474 2516
4475 2519
4476 2519
4477 2525
4478 2522
4479 2523
4480 2521
4481 2520
4482 2521
4483 2521
4484 2521
4485 2521
4486 2521
4487 2520
4488 2519
4489 2519
4490 2520
4491 2516
4492 2519
4493 2519
4494 2524
4495 2522
4496 2517
4497 2523
4498 2517
4499 2524
4500 2524
4501 2521
4502 2518
4503 2520
4504 2515
4505 2518
4506 2521
4507 2516
4508 2515
4509 2524
4510 2516
4511 2524
4512 2521
4513 2516
4514 2516
4515 2520
4516 2516
4517 2524
4518 2522
4519 2523
4520 2524
4521 2524
4522 2518
4523 2518
4524 2523
4525 2523
4526 2526
4527 2526
4528 2525
4529 2523
4530 2520
4531 2521
4532 2521
4533 2521
4534 2518
4535 2517
4536 2523
4537 2524
4538 2517
4539 2526
4540 2531
4541 2520
4542 2521
4543 2521
4544 2521
4545 2521
4546 2520
4547 2527
4548 2527
4549 2523
4550 2522
4551 2521
4552 2521
4553 2519
4554 2527
4555 2528
4556 2525
4557 2521
4558 2523
4559 2520
4560 2523
4561 2526
4562 2523
4563 2525
4564 2527
4565 2525
4566 2525
4567 2525
4568 2525
4569 2523
4570 2524
4571 2525
4572 2525
4573 2524
4574 2524
4575 2524
4576 2525
4577 2525
4578 2524
4579 2525
4580 2524
4581 2524
4582 2525
4583 2524
4584 2524
4585 2524
4586 2524
4587 2523
4588 2522
4589 2522
4590 2521
4591 2523
4592 2523
4593 2522
4594 2522
4595 2522
4596 2521
4597 2522
4598 2521
4599 2522
4600 2521
4601 2521
4602 2521
4603 2521
4604 2521
4605 2520
4606 2521
4607 2521
4608 2520
4609 2520
4610 2520
4611 2519
4612 2518
4613 2518
4614 2518
4615 2517
4616 2518
4617 2517

