2631 2513
2632 2511
2633 2517
2634 2517
2635 2520
2636 2516
2637 2517
2638 2512
2639 2521
2640 2525
2641 2517
2642 2516
2643 2517
2644 2516
2645 2516
2646 2517
2647 2517
2648 2517
2649 2517
2650 2517
2651 2517
2652 2517
2653 2516
2654 2517
2655 2516
2656 2516
2657 2515
2658 2514
2659 2524
2660 2513
2661 2512
2662 2509
2663 2511
2664 2527
2665 2528
2666 2511
2667 2512
2668 2513
2669 2513
2670 2512
2671 2511
2672 2513
2673 2513
2674 2514
2675 2511
2676 2510
2677 2514
2678 2510
2679 2511
2680 2517
2681 2515
2682 2513
2683 2513
2684 2512
2685 2513
2686 2512
2687 2512
2688 2512
2689 2510
2690 2513
2691 2512
2692 2511
2693 2512
2694 2513
2695 2512
2696 2514
2697 2513
2698 2515
2699 2513
2700 2513
2701 2514
2702 2513
2703 2514
2704 2522
2705 2513
2706 2513
2707 2513
2708 2513
2709 2514
2710 2514
2711 2513
2712 2513
2713 2513
2714 2512
2715 2521
2716 2520
2717 2519
2718 2520
2719 2518
2720 2514
2721 2518
2722 2517
2723 2515
2724 2515
2725 2514
2726 2514
2727 2514
2728 2515
2729 2515
2730 2515
2731 2514
2732 2512
2733 2511
2734 2511
2735 2521
2736 2511
2737 2523
2738 2510
2739 2511
2740 2511
2741 2512
2742 2511
2743 2511
2744 2515
2745 2519
2746 2516
2747 2512
2748 2513
2749 2515
2750 2514
2751 2519
2752 2513
2753 2514
2754 2514
2755 2512
2756 2512
2757 2513
2758 2513
2759 2520
2760 2513
2761 2513
2762 2514
2763 2514
2764 2513
2765 2513
2766 2512
2767 2513
2768 2515
2769 2512
2770 2511
2771 2513
2772 2512
2773 2511
2774 2511
2775 2512
2776 2510
2777 2510
2778 2512
2779 2515
2780 2513
2781 2511
2782 2511
2783 2511
2784 2510
2785 2510
2786 2510
2787 2510
2788 2509
2789 2509
2790 2509
2791 2508
2792 2509
2793 2507
2794 2507
2795 2506
2796 2507
2797 2511
2798 2507
2799 2513
2800 2513
2801 2510
2802 2512
2803 2511
2804 2512
2805 2507
2806 2507
2807 2510
2808 2512
2809 2508
2810 2508
2811 2508
2812 2508
2813 2510
2814 2512
2815 2509
2816 2509
2817 2509
2818 2510
2819 2510
2820 2510
2821 2509
2822 2514
2823 2510
2824 2516
2825 2512
2826 2513
2827 2512
2828 2512
2829 2511
2830 2511
2831 2515
2832 2512
2833 2512
2834 2509
2835 2512
2836 2509
2837 2509
2838 2508
2839 2508
2840 2511
2841 2510
2842 2509
2843 2509
2844 2509
2845 2508
2846 2509
2847 2508
2848 2509
2849 2516
2850 2509
2851 2508
2852 2508
2853 2509
2854 2508
2855 2508
2856 2516
2857 2508
2858 2507
2859 2509
2860 2511
2861 2508
2862 2508
2863 2508
2864 2511
2865 2506
2866 2507
2867 2506
2868 2506
2869 2507
2870 2508
2871 2512
2872 2507
2873 2508
2874 2507
2875 2506
2876 2508
2877 2510
2878 2506
2879 2508
2880 2512
2881 2505
2882 2508
2883 2504
2884 2504
2885 2509
2886 2504
2887 2504
2888 2505
2889 2505
2890 2505
2891 2504
2892 2505
2893 2504
2894 2504
2895 2504
2896 2503
2897 2504
2898 2504
2899 2504
2900 2508
2901 2504
2902 2505
2903 2504
2904 2504
2905 2502
2906 2502
2907 2504
2908 2503
2909 2503
2910 2502
2911 2502
2912 2502
2913 2503
2914 2502
2915 2502
2916 2506
2917 2503
2918 2503
2919 2501
2920 2499
2921 2500
2922 2500
2923 2509
2924 2500
2925 2499
2926 2499
2927 2500
2928 2500
2929 2506
2930 2504
2931 2500
2932 2508
2933 2505
2934 2500
2935 2500
2936 2500
2937 2500
2938 2501
2939 2500
2940 2507
2941 2501
2942 2501
2943 2502
2944 2502
2945 2502
2946 2501
2947 2499
2948 2508
2949 2501
2950 2501
2951 2502
2952 2503
2953 2501
2954 2502
2955 2500
2956 2503
2957 2501
2958 2501
2959 2501
2960 2501
2961 2502
2962 2502
2963 2501
2964 2501
2965 2501
2966 2501
2967 2503
2968 2503
2969 2505
2970 2502
2971 2506
2972 2506
2973 2502
2974 2503
2975 2503
2976 2509
2977 2506
2978 2508
2979 2506
2980 2506
2981 2507
2982 2505
2983 2507
2984 2504
2985 2506
2986 2511
2987 2513
2988 2505
2989 2505
2990 2505
2991 2510
2992 2506
2993 2507
2994 2510
2995 2512
2996 2506
2997 2505
2998 2516
2999 2513
3000 2513
3001 2510
3002 2508
3003 2508
3004 2507
3005 2507
3006 2506
3007 2506
3008 2507
3009 2506
3010 2506
3011 2506
3012 2514
3013 2511
3014 2509
3015 2513
3016 2512
3017 2505
3018 2505
3019 2506
3020 2506
3021 2507
3022 2510
3023 2506
3024 2511
3025 2505
3026 2505
3027 2504
3028 2502
3029 2502
3030 2507
3031 2507
3032 2501
3033 2501
3034 2502
3035 2508
3036 2501
3037 2502
3038 2504
3039 2509
3040 2503
3041 2503
3042 2503
3043 2503
3044 2507
3045 2501
3046 2502
3047 2502
3048 2503
3049 2503
3050 2503
3051 2502
3052 2502
3053 2503
3054 2502
3055 2504
3056 2502
3057 2501
3058 2502
3059 2501
3060 2501
3061 2501
3062 2501
3063 2501
3064 2501
3065 2501
3066 2504
3067 2501
3068 2502
3069 2501
3070 2501
3071 2501
3072 2501
3073 2501
3074 2501
3075 2501
3076 2501
3077 2501
3078 2502
3079 2503
3080 2502
3081 2502
3082 2505
3083 2508
3084 2502
3085 2503
3086 2503
3087 2507
3088 2507
3089 2507
3090 2506
3091 2504
3092 2504
3093 2504
3094 2504
3095 2505
3096 2503
3097 2502
3098 2505
3099 2501
3100 2504
3101 2503
3102 2503
3103 2504
3104 2503
3105 2503
3106 2505
3107 2504
3108 2503
3109 2503
3110 2508
3111 2506
3112 2505
3113 2510
3114 2508
3115 2505
3116 2505
3117 2505
3118 2504
3119 2503
3120 2502
3121 2501
3122 2501
3123 2502
3124 2501
3125 2501
3126 2505
3127 2502
3128 2502
3129 2502
3130 2502
3131 2504
3132 2503
3133 2503
3134 2502
3135 2503
3136 2503
3137 2503
3138 2502
3139 2502
3140 2502
3141 2507
3142 2504
3143 2503
3144 2508
3145 2504
3146 2504
3147 2503
3148 2504
3149 2510
3150 2502
3151 2507
3152 2502
3153 2501
3154 2504
3155 2501
3156 2502
3157 2502
3158 2502
3159 2500
3160 2502
3161 2501
3162 2501
3163 2501
3164 2501
3165 2501
3166 2500
3167 2500
3168 2500
3169 2500
3170 2500
3171 2500
3172 2500
3173 2500
3174 2500
3175 2500
3176 2500
3177 2500
3178 2500
3179 2500
3180 2500
3181 2500
3182 2500
3183 2500
3184 2499
3185 2502
3186 2501
3187 2500
3188 2500
3189 2501
3190 2501
3191 2499
3192 2499
3193 2500
3194 2500
3195 2500
3196 2500
3197 2500
3198 2499
3199 2500
3200 2502
3201 2501
3202 2503
3203 2499
3204 2499
3205 2500
3206 2499
3207 2500
3208 2501
3209 2501
3210 2500
3211 2500
3212 2500
3213 2499
3214 2499
3215 2498
3216 2499
3217 2499
3218 2498
3219 2498
3220 2499
3221 2498
3222 2498
3223 2499
3224 2499
3225 2499
3226 2499
3227 2498
3228 2499
3229 2499
3230 2499
3231 2499
3232 2501
3233 2502
3234 2502
3235 2500
3236 2500
3237 2500
3238 2500
3239 2498
3240 2502
3241 2500
3242 2499
3243 2500
3244 2500
3245 2499
3246 2499
3247 2499
3248 2499
3249 2502
3250 2499
3251 2498
3252 2498
3253 2498
3254 2498
3255 2504
3256 2501
3257 2498
3258 2498
3259 2498
3260 2498
3261 2498
3262 2498
3263 2498
3264 2499
3265 2498
3266 2498
3267 2498
3268 2498
3269 2498
3270 2498
3271 2498
3272 2498
3273 2498
3274 2497
3275 2499
3276 2498
3277 2498
3278 2498
3279 2502
3280 2498
3281 2497
3282 2497
3283 2498
3284 2499
3285 2498
3286 2498
3287 2498
3288 2498
3289 2498
3290 2498
3291 2498
3292 2498
3293 2498
3294 2498
3295 2498
3296 2498
3297 2502
3298 2498
3299 2498
3300 2502
3301 2500
3302 2498
3303 2499
3304 2497
3305 2497
3306 2498
3307 2498
3308 2498
3309 2498
3310 2498
3311 2498
3312 2498
3313 2498
3314 2498
3315 2498
3316 2498
3317 2498
3318 2498
3319 2498
3320 2498
3321 2498
3322 2498
3323 2498
3324 2498
3325 2499
3326 2498
3327 2498
3328 2498
3329 2501
3330 2498
3331 2498
3332 2498
3333 2498
3334 2498
3335 2498
3336 2498
3337 2498
3338 2498
3339 2498
3340 2498
3341 2499
3342 2498
3343 2498
3344 2498
3345 2499
3346 2499
3347 2498
3348 2498
3349 2498
3350 2499
3351 2498
3352 2499
3353 2498
3354 2499
3355 2498
3356 2499
3357 2498
3358 2499
3359 2499
3360 2498
3361 2499
3362 2500
3363 2499
3364 2498
3365 2498
3366 2498
3367 2499
3368 2498
3369 2498
3370 2502
3371 2501
3372 2499
3373 2501
3374 2498
3375 2499
3376 2499
3377 2499
3378 2499
3379 2499
3380 2499
3381 2498
3382 2499
3383 2499
3384 2499
3385 2499
3386 2499
3387 2499
3388 2499
3389 2499
3390 2499
3391 2499
3392 2499
3393 2499
3394 2499
3395 2499
3396 2499
3397 2499
3398 2499
3399 2499
3400 2499
3401 2499
3402 2499
3403 2499
3404 2499
3405 2499
3406 2500
3407 2499
3408 2499
3409 2499
3410 2500
3411 2500
3412 2500
3413 2500
3414 2500
3415 2500
3416 2500
3417 2500
3418 2500
3419 2500
3420 2500
3421 2500
3422 2500
3423 2500
3424 2500
3425 2499
3426 2500
3427 2500
3428 2500
3429 2500
3430 2500
3431 2500
3432 2500
3433 2501
3434 2501
3435 2500
3436 2500
3437 2500
3438 2500
3439 2500
3440 2500
3441 2500
3442 2500
3443 2500
3444 2500
3445 2500
3446 2500
3447 2500
3448 2500
3449 2500
3450 2500
3451 2500
3452 2501
3453 2500
3454 2501
3455 2500
3456 2501
3457 2500
3458 2501
3459 2500
3460 2500
3461 2500
3462 2500
3463 2499
3464 2500
3465 2501
3466 2500
3467 2500
3468 2500
3469 2500
3470 2500
3471 2500
3472 2500
3473 2500
3474 2500
3475 2499
3476 2499
3477 2500
3478 2501
3479 2500
3480 2500
3481 2500
3482 2501
3483 2500
3484 2501
3485 2500
3486 2500
3487 2500
3488 2500
3489 2500
3490 2501
3491 2500
3492 2500
3493 2500
3494 2500
3495 2500
3496 2501
3497 2500
3498 2500
3499 2500
3500 2500
3501 2501
3502 2501
3503 2501
3504 2501
3505 2500
3506 2501
3507 2500
3508 2500
3509 2501
3510 2501
3511 2501
3512 2501
3513 2501
3514 2501
3515 2501
3516 2501
3517 2501
3518 2502
3519 2502
3520 2502
3521 2499
3522 2501
3523 2502
3524 2501
3525 2501
3526 2502
3527 2501
3528 2501
3529 2501
3530 2501
3531 2501
3532 2501
3533 2501
3534 2501
3535 2501
3536 2501
3537 2500
3538 2501
3539 2501
3540 2501
3541 2501
3542 2501
3543 2501
3544 2501
3545 2501
3546 2500
3547 2501
3548 2501
3549 2504
3550 2502
3551 2502
3552 2501
3553 2501
3554 2500
3555 2500
3556 2500
3557 2500
3558 2501
3559 2500
3560 2501
3561 2500
3562 2500
3563 2500
3564 2501
3565 2500
3566 2500
3567 2501
3568 2500
3569 2501
3570 2500
3571 2500
3572 2501
3573 2500
3574 2500
3575 2500
3576 2500
3577 2500
3578 2500
3579 2500
3580 2500
3581 2501
3582 2500
3583 2500
3584 2500
3585 2500
3586 2500
3587 2500
3588 2501
3589 2501
3590 2500
3591 2500
3592 2501
3593 2500
3594 2501
3595 2501
3596 2501
3597 2500
3598 2501
3599 2501
3600 2500
3601 2501
3602 2500
3603 2501
3604 2500
3605 2501
3606 2500
3607 2500
3608 2501
3609 2501
3610 2500
3611 2500
3612 2501
3613 2500
3614 2500
3615 2500
3616 2500
3617 2500
3618 2500
3619 2501
3620 2501
3621 2501
3622 2501
3623 2501
3624 2500
3625 2500
3626 2499
3627 2500
3628 2500
3629 2500
3630 2501
3631 2500
3632 2500
3633 2498
3634 2500
3635 2500
3636 2499
3637 2499
3638 2500
3639 2500
3640 2500
3641 2500
3642 2500
3643 2500
3644 2500
3645 2499
3646 2499
3647 2500
3648 2499
3649 2499
3650 2500
3651 2499
3652 2500
3653 2499
3654 2499
3655 2500
3656 2500
3657 2500
3658 2500
3659 2500
3660 2499
3661 2499
3662 2499
3663 2500
3664 2499
3665 2500
3666 2499
3667 2500
3668 2499
3669 2500
3670 2500
3671 2500
3672 2499
3673 2500
3674 2501
3675 2500
3676 2503
3677 2499
3678 2499
3679 2499
3680 2499
3681 2502
3682 2500
3683 2500
3684 2500
3685 2500
3686 2500
3687 2500
3688 2500
3689 2500
3690 2500
3691 2500
3692 2500
3693 2500
3694 2501
3695 2501
3696 2502
3697 2500
3698 2500
3699 2501
3700 2501
3701 2500
3702 2500
3703 2501
3704 2500
3705 2500
3706 2500
3707 2500
3708 2500
3709 2501
3710 2501
3711 2500
3712 2501
3713 2500
3714 2500
3715 2501
3716 2500
3717 2500
3718 2500
3719 2500
3720 2500
3721 2500
3722 2500
3723 2501
3724 2500
3725 2502
3726 2504
3727 2500
3728 2501
3729 2500
3730 2500
3731 2500
3732 2501
3733 2501
3734 2500
3735 2500
3736 2501
3737 2500
3738 2500
3739 2500
3740 2500
3741 2500
3742 2500
3743 2500
3744 2500
3745 2500
3746 2500
3747 2500
3748 2500

3529 2527
3530 2528
3531 2528
3532 2528
3533 2528
3534 2523
3535 2528
3536 2528
3537 2529
3538 2528
3539 2528
3540 2531
3541 2532
3542 2525
3543 2529
3544 2527
3545 2528
3546 2532
3547 2532
3548 2528
3549 2526
3550 2530
3551 2523
3552 2537
3553 2526
3554 2530
3555 2523
3556 2529
3557 2535
3558 2529
3559 2528
3560 2529
3561 2530
3562 2530
3563 2531
3564 2530
3565 2524
3566 2524
3567 2527
3568 2534
3569 2529
3570 2524
3571 2532
3572 2526
3573 2538
3574 2524
3575 2530
3673 2532
3674 2527
3675 2527
3676 2520
3677 2526
3678 2532
3679 2520
3680 2519
3681 2524
3682 2523
3683 2524
3684 2522
3685 2523
3686 2516
3687 2527
3688 2527
3689 2527
3690 2515
3691 2515
3692 2527
3693 2526
3694 2516
3695 2517
3696 2530
3697 2520
3698 2523
3699 2524
3700 2530
3701 2519
3702 2529
3703 2528
3704 2528
3705 2527
3706 2531
3707 2530
3708 2530
3709 2530
3710 2530
3711 2529
3712 2530
3713 2532
3714 2523
3715 2531
3716 2523
3717 2531
3718 2535
3719 2532
3720 2531
3721 2533
3722 2530
3723 2529
3724 2528
3725 2529
3726 2528
3727 2526
3728 2526
3729 2532
3730 2524
3731 2531
3732 2527
3733 2524
3734 2525
3735 2526
3736 2525
3737 2525
3738 2532
3739 2520
3740 2524

