3257 2514
3258 2514
3259 2514
3260 2515
3261 2514
3262 2514
3263 2514
3264 2514
3265 2514
3266 2515
3267 2514
3268 2514
3269 2514
3270 2514
3271 2515
3272 2514
3273 2515
3274 2515
3275 2517
3276 2515
3277 2515
3278 2515
3279 2515
3280 2515
3281 2515
3282 2515
3283 2515
3284 2515
3285 2515
3286 2515
3287 2516
3288 2515
3289 2515
3290 2515
3291 2516
3292 2516
3293 2515
3294 2515
3295 2518
3296 2515
3297 2515
3298 2515
3299 2515
3300 2515
3301 2515
3302 2515
3303 2515
3304 2515
3305 2515
3306 2515
3307 2514
3308 2515
3309 2515
3310 2515
3311 2515
3312 2514
3313 2515
3314 2516
3315 2516
3316 2515
3317 2517
3318 2519
3319 2514
3320 2515
3321 2516
3322 2516
3323 2515
3324 2515
3325 2515
3326 2515
3327 2515
3328 2515
3329 2514
3330 2515
3331 2514
3332 2515
3333 2514
3334 2515
3335 2514
3336 2514
3337 2515
3338 2516
3339 2515
3340 2515
3341 2514
3342 2515
3343 2515
3344 2515
3345 2515
3346 2515
3347 2515
3348 2515
3349 2515
3350 2515
3351 2515
3352 2514
3353 2518
3354 2515
3355 2515
3356 2514
3357 2517
3358 2514
3359 2514
3360 2514
3361 2514
3362 2514
3363 2514
3364 2514
3365 2513
3366 2513
3367 2514
3368 2514
3369 2514
3370 2514
3371 2513
3372 2513
3373 2514
3374 2514
3375 2516
3376 2513
3377 2513
3378 2513
3379 2513
3380 2513
3381 2514
3382 2512
3383 2512
3384 2513
3385 2513
3386 2513
3387 2512
3388 2513
3389 2512
3390 2512
3391 2512
3392 2512
3393 2512
3394 2511
3395 2511
3396 2511
3397 2510
3398 2512
3399 2512
3400 2511
3401 2512
3402 2512
3403 2511
3404 2511
3405 2511
3406 2511
3407 2511
3408 2510
3409 2510
3410 2511
3411 2511
3412 2511
3413 2511
3414 2510
3415 2510
3416 2514
3417 2511
3418 2509
3419 2510
3420 2505
3421 2505
3422 2506
3423 2506
3424 2505
3425 2511
3426 2505
3427 2506
3428 2505
3429 2508
3430 2508
3431 2507
3432 2513
3433 2508
3434 2510
3435 2513
3436 2508
3437 2508
3438 2507
3439 2507
3440 2510
3441 2505
3442 2509
3443 2512
3444 2510
3445 2510
3446 2511
3447 2512
3448 2512
3449 2511
3450 2511
3451 2511
3452 2509
3453 2501
3454 2511
3455 2503
3456 2503
3457 2511
3458 2508
3459 2511
3460 2503
3461 2501
3462 2501
3463 2500
3464 2499
3465 2494
3466 2508
3467 2509
3468 2509
3469 2497
3470 2503
3471 2496
3472 2497
3473 2497
3474 2498
3475 2495
3476 2497
3477 2498
3478 2497
3479 2496
3480 2498
3481 2502
3482 2495
3483 2504
3484 2492
3485 2500
3486 2497
3487 2491
3488 2494
3489 2486
3490 2487
3491 2494
3492 2489
3493 2490
3494 2491
3495 2490
3496 2489
3497 2492
3498 2493
3499 2495
3500 2491
3501 2493
3502 2488
3503 2490
3504 2490
3505 2491
3506 2491
3507 2491
3508 2491
3509 2492
3510 2491
3511 2497
3512 2490
3513 2497
3514 2498
3515 2504
3516 2491
3517 2500
3518 2490
3519 2491
3520 2496
3521 2497
3522 2493
3523 2493
3524 2494
3525 2495
3526 2495
3527 2495
3528 2495
3529 2495
3530 2494
3531 2494
3532 2494
3533 2494
3534 2495
3535 2494
3536 2494
3537 2493
3538 2494
3539 2494
3540 2494
3541 2494
3542 2494
3543 2494
3544 2494
3545 2494
3546 2494
3547 2494
3548 2494
3549 2494
3550 2494
3551 2494
3552 2494
3553 2494
3554 2494
3555 2494
3556 2494
3557 2494
3558 2493
3559 2493
3560 2493
3561 2494
3562 2493
3563 2494
3564 2492
3565 2493
3566 2493
3567 2493
3568 2493
3569 2493
3570 2493
3571 2493
3572 2494
3573 2494
3574 2493
3575 2494
3576 2494
3577 2494
3578 2494
3579 2494
3580 2494
3581 2493
3582 2493
3583 2493
3584 2494
3585 2495
3586 2494
3587 2494
3588 2494
3589 2495
3590 2494
3591 2494
3592 2496
3593 2493
3594 2495
3595 2497
3596 2502
3597 2499
3598 2494
3599 2495
3600 2495
3601 2495
3602 2495
3603 2495
3604 2495
3605 2495
3606 2495
3607 2495
3608 2495
3609 2495
3610 2494
3611 2495
3612 2495
3613 2495
3614 2495
3615 2495
3616 2495
3617 2495
3618 2495
3619 2495
3620 2495
3621 2494
3622 2495
3623 2495
3624 2494
3625 2495
3626 2495
3627 2495
3628 2495
3629 2495
3630 2494
3631 2494
3632 2495
3633 2494
3634 2495
3635 2494
3636 2494
3637 2494
3638 2495
3639 2496
3640 2495
3641 2495
3642 2495
3643 2495
3644 2495
3645 2494
3646 2494
3647 2494
3648 2494
3649 2495
3650 2494
3651 2494
3652 2494
3653 2494
3654 2493
3655 2495
3656 2494
3657 2494
3658 2494
3659 2494
3660 2495
3661 2495
3662 2495
3663 2495
3664 2494
3665 2494
3666 2494
3667 2494
3668 2494
3669 2494
3670 2494
3671 2494
3672 2494
3673 2494
3674 2493
3675 2494
3676 2494
3677 2494
3678 2494
3679 2494
3680 2494
3681 2494
3682 2494
3683 2494
3684 2494
3685 2494
3686 2494
3687 2496
3688 2500
3689 2494
3690 2494
3691 2498
3692 2494
3693 2494
3694 2494
3695 2494
3696 2493
3697 2494
3698 2494
3699 2494
3700 2495
3701 2493
3702 2493
3703 2493
3704 2494
3705 2494
3706 2493
3707 2494
3708 2494
3709 2494
3710 2495
3711 2494
3712 2493
3713 2494
3714 2500
3715 2495
3716 2494
3717 2495
3718 2499
3719 2494
3720 2493
3721 2493
3722 2495
3723 2495
3724 2495
3725 2498
3726 2493
3727 2495
3728 2493
3729 2494
3730 2494
3731 2494
3732 2495
3733 2495
3734 2494
3735 2493
3736 2494
3737 2494
3738 2494
3739 2494
3740 2494
3741 2494
3742 2494
3743 2494
3744 2494
3745 2494
3746 2494
3747 2494
3748 2494
3749 2494
3750 2494
3751 2494
3752 2493
3753 2493
3754 2493
3755 2494
3756 2494
3757 2494
3758 2494
3759 2494
3760 2493
3761 2494
3762 2494
3763 2494
3764 2494
3765 2494
3766 2494
3767 2494
3768 2493
3769 2494
3770 2494
3771 2494
3772 2494
3773 2494
3774 2494
3775 2494
3776 2494
3777 2494
3778 2493
3779 2494
3780 2493
3781 2493
3782 2494
3783 2494
3784 2493
3785 2493
3786 2494
3787 2494
3788 2493
3789 2494
3790 2494
3791 2494
3792 2494
3793 2493
3794 2494
3795 2494
3796 2494
3797 2494
3798 2494
3799 2493
3800 2493
3801 2493
3802 2493
3803 2493
3804 2493
3805 2493
3806 2493
3807 2493
3808 2493
3809 2493
3810 2493
3811 2494
3812 2494
3813 2493
3814 2494
3815 2493
3816 2493
3817 2494
3818 2493
3819 2494
3820 2494
3821 2493
3822 2493
3823 2493
3824 2494
3825 2493
3826 2494
3827 2493
3828 2494
3829 2493
3830 2494
3831 2493
3832 2493
3833 2493
3834 2493
3835 2493
3836 2493
3837 2493
3838 2493
3839 2493
3840 2494
3841 2494
3842 2494
3843 2493
3844 2494
3845 2494
3846 2494
3847 2493
3848 2494
3849 2493
3850 2493
3851 2494
3852 2493
3853 2493
3854 2494
3855 2493
3856 2493
3857 2493
3858 2493
3859 2493
3860 2493
3861 2493
3862 2493
3863 2493
3864 2493
3865 2493
3866 2494
3867 2493
3868 2493
3869 2493
3870 2493
3871 2493

