4874 2509
4875 2510
4876 2509
4877 2509
4878 2517
4879 2509
4880 2509
4881 2510
4882 2510
4883 2510
4884 2515
4885 2510
4886 2510
4887 2510
4888 2510
4889 2512
4890 2510
4891 2510
4892 2509
4893 2509
4894 2511
4895 2510
4896 2509
4897 2509
4898 2509
4899 2509
4900 2509
4901 2514
4902 2509
4903 2509
4904 2510
4905 2510
4906 2510
4907 2509
4908 2512
4909 2510
4910 2510
4911 2510
4912 2509
4913 2509
4914 2509
4915 2510
4916 2509
4917 2509
4918 2508
4919 2508
4920 2508
4921 2509
4922 2510
4923 2510
4924 2510
4925 2509
4926 2509
4927 2509
4928 2509
4929 2509
4930 2509
4931 2509
4932 2509
4933 2512
4934 2510
4935 2509
4936 2510
4937 2508
4938 2509
4939 2509
4940 2510
4941 2508
4942 2508
4943 2509
4944 2508
4945 2509
4946 2509
4947 2509
4948 2509
4949 2509
4950 2508
4951 2508
4952 2508
4953 2508
4954 2508
4955 2508
4956 2508
4957 2508
4958 2508
4959 2509
4960 2508
4961 2507
4962 2508
4963 2508
4964 2507
4965 2507
4966 2507
4967 2507
4968 2507
4969 2507
4970 2507
4971 2507
4972 2507
4973 2507
4974 2507
4975 2507
4976 2507
4977 2507
4978 2507
4979 2507
4980 2506
4981 2510
4982 2507
4983 2507
4984 2506
4985 2507
4986 2511
4987 2510
4988 2507
4989 2506
4990 2507
4991 2507
4992 2506
4993 2506
4994 2508
4995 2506
4996 2506
4997 2506
4998 2507
4999 2506
5000 2506
5001 2506
5002 2506
5003 2506
5004 2507
5005 2506
5006 2506
5007 2506
5008 2505
5009 2506
5010 2514
5011 2506
5012 2505
5013 2506
5014 2506
5015 2506
5016 2514
5017 2506
5018 2506
5019 2506
5020 2506
5021 2509
5022 2510
5023 2508
5024 2506
5025 2508
5026 2506
5027 2506
5028 2506
5029 2506
5030 2506
5031 2507
5032 2507
5033 2506
5034 2507
5035 2506
5036 2506
5037 2505
5038 2506
5039 2506
5040 2506
5041 2507
5042 2506
5043 2507
5044 2507
5045 2508
5046 2508
5047 2506
5048 2506
5049 2507
5050 2509
5051 2511
5052 2513
5053 2511
5054 2508
5055 2506
5056 2507
5057 2509
5058 2506
5059 2506
5060 2506
5061 2506
5062 2506
5063 2506
5064 2506
5065 2506
5066 2505
5067 2505
5068 2505
5069 2506
5070 2506
5071 2505
5072 2505
5073 2505
5074 2505
5075 2504
5076 2504
5077 2504
5078 2504
5079 2504
5080 2504
5081 2505
5082 2505
5083 2504
5084 2503
5085 2504
5086 2504
5087 2504
5088 2505
5089 2504
5090 2504
5091 2504
5092 2504
5093 2503
5094 2504
5095 2504
5096 2505
5097 2504
5098 2504
5099 2504
5100 2504
5101 2505
5102 2505
5103 2503
5104 2503
5105 2503
5106 2503
5107 2503
5108 2503
5109 2504
5110 2504
5111 2503
5112 2503
5113 2502
5114 2503
5115 2503
5116 2502
5117 2503
5118 2502
5119 2502
5120 2502
5121 2506
5122 2505
5123 2502
5124 2503
5125 2503
5126 2504
5127 2505
5128 2505
5129 2512
5130 2508
5131 2507
5132 2504
5133 2504
5134 2503
5135 2502
5136 2501
5137 2508
5138 2503
5139 2502
5140 2502
5141 2502
5142 2503
5143 2502
5144 2506
5145 2504
5146 2505
5147 2507
5148 2505
5149 2505
5150 2503
5151 2501
5152 2503
5153 2504
5154 2503
5155 2507
5156 2507
5157 2508
5158 2504
5159 2504
5160 2504
5161 2504
5162 2503
5163 2504
5164 2505
5165 2505
5166 2505
5167 2507
5168 2506
5169 2508
5170 2505
5171 2504
5172 2503
5173 2504
5174 2507
5175 2505
5176 2505
5177 2504
5178 2504
5179 2507
5180 2507
5181 2504
5182 2505
5183 2506
5184 2507
5185 2507
5186 2505
5187 2505
5188 2505
5189 2505
5190 2505
5191 2505
5192 2505
5193 2505
5194 2504
5195 2504
5196 2504
5197 2504
5198 2505
5199 2504
5200 2504
5201 2505
5202 2508
5203 2506
5204 2505
5205 2504
5206 2505
5207 2504
5208 2505
5209 2505
5210 2504
5211 2505
5212 2504
5213 2505
5214 2506
5215 2504
5216 2505
5217 2506
5218 2504
5219 2505
5220 2509
5221 2506
5222 2506
5223 2509
5224 2504
5225 2503
5226 2508
5227 2504
5228 2505
5229 2505
5230 2507
5231 2503
5232 2503
5233 2510
5234 2513
5235 2513
5236 2508
5237 2507
5238 2508
5239 2502
5240 2511
5241 2510
5242 2506
5243 2506
5244 2504
5245 2502
5246 2501
5247 2505
5248 2502
5249 2501
5250 2504
5251 2501
5252 2500
5253 2500
5254 2510
5255 2500
5256 2501
5257 2501
5258 2504
5259 2504
5260 2500
5261 2500
5262 2507
5263 2507
5264 2497
5265 2499
5266 2510
5267 2501
5268 2500
5269 2505
5270 2500
5271 2498
5272 2501
5273 2508
5274 2502
5275 2503
5276 2502
5277 2502
5278 2502
5279 2502
5280 2503
5281 2505
5282 2505
5283 2505
5284 2505
5285 2506
5286 2505
5287 2505
5288 2506
5289 2506
5290 2505
5291 2508
5292 2509
5293 2508
5294 2508
5295 2512
5296 2505
5297 2507
5298 2507
5299 2506
5300 2506
5301 2507
5302 2506
5303 2506
5304 2506
5305 2506
5306 2506
5307 2506
5308 2506
5309 2506
5310 2506
5311 2506
5312 2506
5313 2506
5314 2506
5315 2506
5316 2506
5317 2506
5318 2506
5319 2506
5320 2506
5321 2506
5322 2506
5323 2506
5324 2506
5325 2506
5326 2506
5327 2506
5328 2506
5329 2506
5330 2506
5331 2507
5332 2507
5333 2507
5334 2507
5335 2507
5336 2507
5337 2507
5338 2507
5339 2507
5340 2507
5341 2507
5342 2507
5343 2507
5344 2507
5345 2507
5346 2507
5347 2506
5348 2506
5349 2506
5350 2506
5351 2506
5352 2506
5353 2512
5354 2506
5355 2506
5356 2506
5357 2506
5358 2506
5359 2506
5360 2507
5361 2506
5362 2506
5363 2506
5364 2507
5365 2505
5366 2506
5367 2507
5368 2507
5369 2507
5370 2506
5371 2507
5372 2507
5373 2507
5374 2507
5375 2510
5376 2506
5377 2507
5378 2507
5379 2507
5380 2508
5381 2508
5382 2508
5383 2508
5384 2516
5385 2516
5386 2518
5387 2517
5388 2515
5389 2508
5390 2508
5391 2507
5392 2507
5393 2508
5394 2508
5395 2507
5396 2507
5397 2508
5398 2507
5399 2506
5400 2507
5401 2507
5402 2507
5403 2507
5404 2507
5405 2507
5406 2507
5407 2507
5408 2507
5409 2507
5410 2507
5411 2507
5412 2508
5413 2508
5414 2507
5415 2508
5416 2508
5417 2508
5418 2508
5419 2508
5420 2508
5421 2508
5422 2508
5423 2508
5424 2508
5425 2508
5426 2508
5427 2508
5428 2508
5429 2508
5430 2508
5431 2508
5432 2508
5433 2508
5434 2508
5435 2508
5436 2508
5437 2508
5438 2508
5439 2508
5440 2508
5441 2508
5442 2508
5443 2507
5444 2508
5445 2508
5446 2508
5447 2508
5448 2506
5449 2507
5450 2507
5451 2507
5452 2507
5453 2507
5454 2507
5455 2506
5456 2506
5457 2506
5458 2506
5459 2506
5460 2506
5461 2506
5462 2506
5463 2506
5464 2506
5465 2506
5466 2506
5467 2506
5468 2506
5469 2506
5470 2506
5471 2506
5472 2506
5473 2506
5474 2506
5475 2506
5476 2506
5477 2506
5478 2506
5479 2506
5480 2506
5481 2506
5482 2506
5483 2506
5484 2506
5485 2506
5486 2506
5487 2506
5488 2505
5489 2505
5490 2506
5491 2505
5492 2505
5493 2505
5494 2505
5495 2505
5496 2505
5497 2505
5498 2505
5499 2505
5500 2505
5501 2505
5502 2505
5503 2505
5504 2505
5505 2505
5506 2505
5507 2505
5508 2505
5509 2505
5510 2505
5511 2505
5512 2505
5513 2505
5514 2505
5515 2504
5516 2504
5517 2504
5518 2504
5519 2505
5520 2505
5521 2505
5522 2504
5523 2504
5524 2505
5525 2504
5526 2504
5527 2505
5528 2505
5529 2504
5530 2504
5531 2504
5532 2504
5533 2504
5534 2504
5535 2504
5536 2505
5537 2504
5538 2504
5539 2504
5540 2504
5541 2504
5542 2504
5543 2504
5544 2504
5545 2504
5546 2504
5547 2504
5548 2504
5549 2504
5550 2504
5551 2504
5552 2504
5553 2504
5554 2504
5555 2504
5556 2504
5557 2504
5558 2504
5559 2504
5560 2504
5561 2504
5562 2504
5563 2508
5564 2508
5565 2503
5566 2503
5567 2503
5568 2503
5569 2503
5570 2503
5571 2503
5572 2503
5573 2503
5574 2503
5575 2504
5576 2504
5577 2503
5578 2503
5579 2503
5580 2503
5581 2503
5582 2503
5583 2503
5584 2503
5585 2503
5586 2503
5587 2503
5588 2503
5589 2504
5590 2504
5591 2503
5592 2508
5593 2505
5594 2503
5595 2503
5596 2503
5597 2503
5598 2502
5599 2502
5600 2503
5601 2503
5602 2502
5603 2502
5604 2502
5605 2502
5606 2502
5607 2503
5608 2502
5609 2503
5610 2503
5611 2503
5612 2503
5613 2503
5614 2503
5615 2503
5616 2503
5617 2503
5618 2503
5619 2503
5620 2502
5621 2503
5622 2503
5623 2504
5624 2503
5625 2503
5626 2503
5627 2503
5628 2503
5629 2503
5630 2503
5631 2503
5632 2503
5633 2503
5634 2503
5635 2503
5636 2502
5637 2502
5638 2503
5639 2503
5640 2503
5641 2503
5642 2503
5643 2503
5644 2502
5645 2503
5646 2503
5647 2502
5648 2503
5649 2503
5650 2503
5651 2502
5652 2502
5653 2502
5654 2502
5655 2502
5656 2503
5657 2502
5658 2502
5659 2503
5660 2504
5661 2503
5662 2502
5663 2503
5664 2503
5665 2503
5666 2503
5667 2502
5668 2502
5669 2502
5670 2503
5671 2502
5672 2502
5673 2502
5674 2502
5675 2502
5676 2503
5677 2502
5678 2503
5679 2502
5680 2502
5681 2502
5682 2502
5683 2502
5684 2502
5685 2502
5686 2502
5687 2502
5688 2502
5689 2502
5690 2502
5691 2502
5692 2502
5693 2502
5694 2502
5695 2502
5696 2502
5697 2502
5698 2502
5699 2501
5700 2502
5701 2502
5702 2502
5703 2502
5704 2502
5705 2502
5706 2502
5707 2502
5708 2502
5709 2502
5710 2502
5711 2502
5712 2502
5713 2502
5714 2501
5715 2502
5716 2502
5717 2502
5718 2501
5719 2501
5720 2500
5721 2501
5722 2501
5723 2502
5724 2501
5725 2501
5726 2501
5727 2501
5728 2501
5729 2501
5730 2501
5731 2501
5732 2501
5733 2501
5734 2501
5735 2501
5736 2501
5737 2501
5738 2501
5739 2501
5740 2501
5741 2500
5742 2501
5743 2501
5744 2501
5745 2501
5746 2500
5747 2501
5748 2501
5749 2501
5750 2501
5751 2501
5752 2501
5753 2501
5754 2501
5755 2501
5756 2501
5757 2501
5758 2501
5759 2501
5760 2501
5761 2501
5762 2501
5763 2501
5764 2500
5765 2500
5766 2500
5767 2500
5768 2501
5769 2501
5770 2501
5771 2500
5772 2500
5773 2500
5774 2500
5775 2500
5776 2501
5777 2501
5778 2501
5779 2500
5780 2501
5781 2500
5782 2500
5783 2500
5784 2500
5785 2500
5786 2500
5787 2500
5788 2500
5789 2500
5790 2500
5791 2500
5792 2500
5793 2500
5794 2500
5795 2500
5796 2500
5797 2500
5798 2500
5799 2500
5800 2500
5801 2500
5802 2500
5803 2500
5804 2500
5805 2500
5806 2500
5807 2500
5808 2500
5809 2500
5810 2500
5811 2500
5812 2500
5813 2500
5814 2499
5815 2500
5816 2499
5817 2499
5818 2499
5819 2498
5820 2499
5821 2499
5822 2498
5823 2498
5824 2498
5825 2498
5826 2498
5827 2498
5828 2498

5561 2538
5562 2533
5563 2533
5564 2537
5565 2533
5566 2539
5567 2532
5568 2537
5569 2534
5570 2534
5571 2525
5572 2529
5573 2525
5574 2525
5575 2525
5576 2527
5577 2530
5578 2538
5579 2524
5580 2537
5581 2526
5582 2524
5583 2527
5584 2524
5585 2531
5586 2538
5587 2524
5588 2531
5589 2528
5590 2531
5591 2526
5592 2529
5593 2526
5594 2532
5595 2524
5596 2528
5597 2529
5598 2524
5599 2529
5600 2524
5601 2523
5602 2528
5603 2527
5604 2530
5605 2530
5606 2523
5607 2524
5608 2523
5609 2530
5610 2531
5611 2523
5612 2536
5613 2530
5614 2523
5615 2529
5616 2527
5617 2529
5618 2530
5619 2527
5620 2527
5621 2524
5622 2524
5623 2531
5624 2529
5625 2524
5626 2525
5627 2531
5628 2533
5629 2537
5630 2525
5631 2530
5632 2532
5633 2532
5634 2528
5635 2533
5636 2532
5637 2533
5638 2525

