4580 2516
4581 2515
4582 2517
4583 2516
4584 2519
4585 2518
4586 2515
4587 2515
4588 2515
4589 2515
4590 2515
4591 2516
4592 2516
4593 2514
4594 2531
4595 2514
4596 2514
4597 2514
4598 2514
4599 2514
4600 2519
4601 2516
4602 2516
4603 2516
4604 2517
4605 2517
4606 2522
4607 2517
4608 2515
4609 2515
4610 2517
4611 2517
4612 2517
4613 2525
4614 2520
4615 2520
4616 2514
4617 2513
4618 2514
4619 2514
4620 2518
4621 2520
4622 2513
4623 2521
4624 2513
4625 2514
4626 2524
4627 2518
4628 2518
4629 2519
4630 2517
4631 2516
4632 2516
4633 2516
4634 2515
4635 2515
4636 2515
4637 2514
4638 2515
4639 2515
4640 2515
4641 2516
4642 2516
4643 2516
4644 2515
4645 2514
4646 2515
4647 2515
4648 2515
4649 2513
4650 2515
4651 2515
4652 2515
4653 2515
4654 2513
4655 2517
4656 2516
4657 2514
4658 2515
4659 2517
4660 2514
4661 2513
4662 2513
4663 2512
4664 2512
4665 2511
4666 2512
4667 2512
4668 2513
4669 2512
4670 2512
4671 2511
4672 2512
4673 2512
4674 2512
4675 2512
4676 2511
4677 2511
4678 2511
4679 2511
4680 2512
4681 2512
4682 2512
4683 2512
4684 2510
4685 2510
4686 2514
4687 2511
4688 2510
4689 2514
4690 2510
4691 2511
4692 2510
4693 2510
4694 2511
4695 2512
4696 2512
4697 2515
4698 2514
4699 2514
4700 2512
4701 2513
4702 2516
4703 2513
4704 2513
4705 2513
4706 2513
4707 2514
4708 2513
4709 2512
4710 2512
4711 2511
4712 2513
4713 2518
4714 2526
4715 2519
4716 2516
4717 2517
4718 2519
4719 2519
4720 2518
4721 2517
4722 2507
4723 2520
4724 2519
4725 2514
4726 2514
4727 2522
4728 2511
4729 2514
4730 2509
4731 2514
4732 2510
4733 2510
4734 2510
4735 2511
4736 2510
4737 2510
4738 2511
4739 2512
4740 2512
4741 2512
4742 2513
4743 2511
4744 2512
4745 2513
4746 2512
4747 2511
4748 2513
4749 2513
4750 2512
4751 2514
4752 2514
4753 2514
4754 2514
4755 2513
4756 2512
4757 2513
4758 2514
4759 2514
4760 2516
4761 2514
4762 2515
4763 2512
4764 2511
4765 2511
4766 2512
4767 2511
4768 2510
4769 2513
4770 2513
4771 2515
4772 2514
4773 2513
4774 2512
4775 2514
4776 2512
4777 2513
4778 2513
4779 2512
4780 2513
4781 2513
4782 2514
4783 2511
4784 2510
4785 2510
4786 2510
4787 2511
4788 2510
4789 2510
4790 2511
4791 2513
4792 2512
4793 2512
4794 2511
4795 2512
4796 2512
4797 2514
4798 2513
4799 2511
4800 2510
4801 2509
4802 2508
4803 2510
4804 2509
4805 2513
4806 2511
4807 2510
4808 2512
4809 2512
4810 2516
4811 2517
4812 2517
4813 2513
4814 2511
4815 2520
4816 2515
4817 2513
4818 2509
4819 2508
4820 2512
4821 2512
4822 2514
4823 2508
4824 2508
4825 2509
4826 2509
4827 2507
4828 2507
4829 2508
4830 2510
4831 2508
4832 2509
4833 2509
4834 2506
4835 2516
4836 2510
4837 2508
4838 2509
4839 2509
4840 2510
4841 2512
4842 2512
4843 2510
4844 2509
4845 2513
4846 2509
4847 2509
4848 2509
4849 2510
4850 2511
4851 2511
4852 2511
4853 2510
4854 2510
4855 2510
4856 2509
4857 2508
4858 2512
4859 2510
4860 2509
4861 2510
4862 2512
4863 2513
4864 2511
4865 2511
4866 2511
4867 2510
4868 2511
4869 2510
4870 2510
4871 2510
4872 2510
4873 2509
4874 2509
4875 2513
4876 2513
4877 2509
4878 2509
4879 2509
4880 2509
4881 2509
4882 2509
4883 2511
4884 2510
4885 2510
4886 2509
4887 2509
4888 2508
4889 2511
4890 2507
4891 2507
4892 2508
4893 2509
4894 2510
4895 2509
4896 2508
4897 2509
4898 2509
4899 2509
4900 2510
4901 2508
4902 2509
4903 2511
4904 2508
4905 2507
4906 2507
4907 2505
4908 2505
4909 2505
4910 2507
4911 2506
4912 2505
4913 2506
4914 2514
4915 2504
4916 2503
4917 2503
4918 2503
4919 2510
4920 2504
4921 2504
4922 2506
4923 2505
4924 2505
4925 2506
4926 2510
4927 2504
4928 2507
4929 2505
4930 2506
4931 2505
4932 2506
4933 2508
4934 2505
4935 2506
4936 2505
4937 2506
4938 2507
4939 2510
4940 2507
4941 2507
4942 2506
4943 2511
4944 2510
4945 2508
4946 2509
4947 2506
4948 2503
4949 2506
4950 2503
4951 2502
4952 2503
4953 2513
4954 2508
4955 2505
4956 2507
4957 2506
4958 2509
4959 2509
4960 2504
4961 2505
4962 2505
4963 2507
4964 2505
4965 2506
4966 2506
4967 2506
4968 2505
4969 2508
4970 2506
4971 2506
4972 2506
4973 2505
4974 2507
4975 2508
4976 2509
4977 2509
4978 2505
4979 2503
4980 2503
4981 2504
4982 2504
4983 2505
4984 2503
4985 2504
4986 2503
4987 2502
4988 2502
4989 2503
4990 2503
4991 2503
4992 2503
4993 2504
4994 2504
4995 2505
4996 2506
4997 2507
4998 2506
4999 2509
5000 2506
5001 2506
5002 2504
5003 2505
5004 2504
5005 2505
5006 2506
5007 2506
5008 2506
5009 2506
5010 2505
5011 2505
5012 2505
5013 2505
5014 2504
5015 2505
5016 2505
5017 2505
5018 2505
5019 2505
5020 2505
5021 2504
5022 2505
5023 2509
5024 2506
5025 2505
5026 2506
5027 2506
5028 2510
5029 2507
5030 2507
5031 2510
5032 2508
5033 2507
5034 2507
5035 2507
5036 2510
5037 2510
5038 2508
5039 2506
5040 2506
5041 2506
5042 2507
5043 2507
5044 2508
5045 2505
5046 2505
5047 2506
5048 2507
5049 2507
5050 2507
5051 2509
5052 2508
5053 2508
5054 2507
5055 2509
5056 2507
5057 2505
5058 2505
5059 2506
5060 2507
5061 2506
5062 2507
5063 2505
5064 2506
5065 2506
5066 2506
5067 2507
5068 2506
5069 2507
5070 2507
5071 2507
5072 2507
5073 2507
5074 2507
5075 2509
5076 2506
5077 2506
5078 2508
5079 2508
5080 2505
5081 2506
5082 2507
5083 2508
5084 2508
5085 2506
5086 2511
5087 2504
5088 2503
5089 2509
5090 2507
5091 2503
5092 2503
5093 2503
5094 2504
5095 2503
5096 2502
5097 2506
5098 2503
5099 2503
5100 2507
5101 2502
5102 2503
5103 2503
5104 2503
5105 2503
5106 2502
5107 2502
5108 2502
5109 2501
5110 2502
5111 2502
5112 2503
5113 2503
5114 2502
5115 2502
5116 2503
5117 2503
5118 2506
5119 2502
5120 2510
5121 2505
5122 2506
5123 2502
5124 2504
5125 2507
5126 2507
5127 2506
5128 2509
5129 2503
5130 2504
5131 2503
5132 2505
5133 2503
5134 2503
5135 2504
5136 2504
5137 2504
5138 2502
5139 2503
5140 2502
5141 2503
5142 2502
5143 2506
5144 2502
5145 2502
5146 2502
5147 2502
5148 2502
5149 2502
5150 2506
5151 2502
5152 2501
5153 2501
5154 2502
5155 2505
5156 2501
5157 2505
5158 2501
5159 2501
5160 2501
5161 2501
5162 2501
5163 2501
5164 2502
5165 2501
5166 2501
5167 2501
5168 2501
5169 2501
5170 2501
5171 2501
5172 2501
5173 2502
5174 2501
5175 2502
5176 2501
5177 2501
5178 2501
5179 2501
5180 2501
5181 2501
5182 2501
5183 2501
5184 2501
5185 2501
5186 2501
5187 2501
5188 2501
5189 2501
5190 2501
5191 2501
5192 2506
5193 2501
5194 2501
5195 2501
5196 2501
5197 2501
5198 2502
5199 2502
5200 2501
5201 2501
5202 2502
5203 2501
5204 2501
5205 2501
5206 2502
5207 2502
5208 2502
5209 2502
5210 2502
5211 2502
5212 2502
5213 2502
5214 2503
5215 2502
5216 2502
5217 2504
5218 2503
5219 2502
5220 2501
5221 2504
5222 2502
5223 2502
5224 2506
5225 2503
5226 2502
5227 2503
5228 2504
5229 2504
5230 2503
5231 2504
5232 2502
5233 2501
5234 2502
5235 2501
5236 2501
5237 2501
5238 2501
5239 2501
5240 2501
5241 2501
5242 2501
5243 2501
5244 2501
5245 2500
5246 2501
5247 2501
5248 2501
5249 2501
5250 2501
5251 2501
5252 2502
5253 2501
5254 2501
5255 2501
5256 2501
5257 2501
5258 2500
5259 2500
5260 2500
5261 2500
5262 2500
5263 2500
5264 2500
5265 2500
5266 2500
5267 2500
5268 2500
5269 2501
5270 2500
5271 2500
5272 2500
5273 2500
5274 2500
5275 2501
5276 2501
5277 2500
5278 2503
5279 2501
5280 2501
5281 2501
5282 2501
5283 2501
5284 2500
5285 2501
5286 2501
5287 2501
5288 2501
5289 2501
5290 2501
5291 2501
5292 2501
5293 2501
5294 2501
5295 2501
5296 2501
5297 2501
5298 2501
5299 2501
5300 2501
5301 2501
5302 2501
5303 2501
5304 2501
5305 2501
5306 2501
5307 2501
5308 2501
5309 2501
5310 2501
5311 2501
5312 2501
5313 2501
5314 2501
5315 2501
5316 2501
5317 2500
5318 2500
5319 2501
5320 2501
5321 2501
5322 2501
5323 2501
5324 2502
5325 2501
5326 2501
5327 2501
5328 2501
5329 2503
5330 2504
5331 2504
5332 2501
5333 2502
5334 2501
5335 2502
5336 2501
5337 2501
5338 2501
5339 2500
5340 2501
5341 2502
5342 2502
5343 2501
5344 2501
5345 2501
5346 2500
5347 2501
5348 2502
5349 2502
5350 2503
5351 2504
5352 2501
5353 2505
5354 2501
5355 2501
5356 2501
5357 2501
5358 2501
5359 2501
5360 2502
5361 2501
5362 2502
5363 2501
5364 2501
5365 2501
5366 2502
5367 2501
5368 2501
5369 2501
5370 2502
5371 2502
5372 2502
5373 2501
5374 2501
5375 2502
5376 2501
5377 2502
5378 2501
5379 2502
5380 2501
5381 2501
5382 2501
5383 2501
5384 2501
5385 2501
5386 2501
5387 2501
5388 2501
5389 2502
5390 2502
5391 2501
5392 2502
5393 2502
5394 2501
5395 2501
5396 2502
5397 2502
5398 2501
5399 2502
5400 2501
5401 2501
5402 2501
5403 2501
5404 2505
5405 2505
5406 2501
5407 2500
5408 2501
5409 2501
5410 2502
5411 2501
5412 2501
5413 2504
5414 2501
5415 2502
5416 2502
5417 2501
5418 2501
5419 2501
5420 2501
5421 2502
5422 2501
5423 2501
5424 2502
5425 2501
5426 2501
5427 2502
5428 2502
5429 2501
5430 2502
5431 2501
5432 2501
5433 2502
5434 2502
5435 2502
5436 2501
5437 2502
5438 2501
5439 2501
5440 2502
5441 2501
5442 2501
5443 2501
5444 2502
5445 2502
5446 2501
5447 2501
5448 2504
5449 2502
5450 2502
5451 2502
5452 2502
5453 2502
5454 2502
5455 2502
5456 2502
5457 2501
5458 2502
5459 2502
5460 2502
5461 2502
5462 2501
5463 2501
5464 2501
5465 2501
5466 2501
5467 2502
5468 2501
5469 2501
5470 2501
5471 2501
5472 2502
5473 2501
5474 2502
5475 2502
5476 2501
5477 2501
5478 2501
5479 2501
5480 2501
5481 2501
5482 2501
5483 2501
5484 2501
5485 2501
5486 2501
5487 2501
5488 2501
5489 2501
5490 2501
5491 2501
5492 2501
5493 2501
5494 2501
5495 2501
5496 2501
5497 2501
5498 2502
5499 2501
5500 2501
5501 2501
5502 2501
5503 2501
5504 2501
5505 2501
5506 2501
5507 2501
5508 2501
5509 2501
5510 2501
5511 2501
5512 2501
5513 2501
5514 2501
5515 2501
5516 2501
5517 2501
5518 2501
5519 2501
5520 2501
5521 2500
5522 2500
5523 2501
5524 2501
5525 2501
5526 2501
5527 2501
5528 2500
5529 2501
5530 2501
5531 2500
5532 2500
5533 2499
5534 2503
5535 2499
5536 2500
5537 2501
5538 2500
5539 2499
5540 2499
5541 2499
5542 2501
5543 2500
5544 2500
5545 2500
5546 2500
5547 2500
5548 2500
5549 2500
5550 2500
5551 2500
5552 2500
5553 2500
5554 2500
5555 2500
5556 2500
5557 2500
5558 2500
5559 2499
5560 2500
5561 2499
5562 2499
5563 2500
5564 2500
5565 2500
5566 2499
5567 2500
5568 2500
5569 2499
5570 2500
5571 2500
5572 2500
5573 2499
5574 2499
5575 2499
5576 2499
5577 2499
5578 2499
5579 2500
5580 2499
5581 2499
5582 2499
5583 2499
5584 2499
5585 2499
5586 2499
5587 2499
5588 2499
5589 2498
5590 2498
5591 2499
5592 2499
5593 2499
5594 2499
5595 2499
5596 2498
5597 2498
5598 2498
5599 2498
5600 2498
5601 2499
5602 2499
5603 2498
5604 2498
5605 2498
5606 2498
5607 2497
5608 2498
5609 2497
5610 2498
5611 2498
5612 2498
5613 2497
5614 2497
5615 2497
5616 2497
5617 2497
5618 2497
5619 2497
5620 2497
5621 2498
5622 2498
5623 2497
5624 2497
5625 2498
5626 2501
5627 2497
5628 2497
5629 2497
5630 2497
5631 2497
5632 2497
5633 2497
5634 2497
5635 2497
5636 2497
5637 2497
5638 2498
5639 2497
5640 2497
5641 2497
5642 2497
5643 2497
5644 2497
5645 2497
5646 2497
5647 2497
5648 2497
5649 2497
5650 2497
5651 2496
5652 2496
5653 2497
5654 2496
5655 2496
5656 2496
5657 2496
5658 2496
5659 2496
5660 2496
5661 2496
5662 2497
5663 2496
5664 2496
5665 2496
5666 2496
5667 2496
5668 2496
5669 2496
5670 2496
5671 2496
5672 2496
5673 2496
5674 2496
5675 2496
5676 2496
5677 2496
5678 2496
5679 2496
5680 2496
5681 2496
5682 2496
5683 2496
5684 2496
5685 2496
5686 2496
5687 2496
5688 2496
5689 2496
5690 2496
5691 2496
5692 2496
5693 2496
5694 2495
5695 2496
5696 2496
5697 2496
5698 2496
5699 2496
5700 2496
5701 2496
5702 2496
5703 2496
5704 2496
5705 2496
5706 2496
5707 2496
5708 2496
5709 2496
5710 2496
5711 2496
5712 2496
5713 2496
5714 2496
5715 2495
5716 2495
5717 2495
5718 2496
5719 2495
5720 2495
5721 2495
5722 2495
5723 2495
5724 2496
5725 2496
5726 2495
5727 2496
5728 2495
5729 2496
5730 2496
5731 2496
5732 2496
5733 2495
5734 2496
5735 2496
5736 2495
5737 2495
5738 2495
5739 2495
5740 2495
5741 2494
5742 2495
5743 2499
5744 2495
5745 2496
5746 2497
5747 2495
5748 2495
5749 2495
5750 2495
5751 2494
5752 2495
5753 2495
5754 2495
5755 2495
5756 2495
5757 2495
5758 2495
5759 2495
5760 2495
5761 2495
5762 2495
5763 2495
5764 2495
5765 2495
5766 2495
5767 2495
5768 2495
5769 2495
5770 2495
5771 2495
5772 2494
5773 2495
5774 2495
5775 2495
5776 2495
5777 2495
5778 2495
5779 2495
5780 2495
5781 2495
5782 2495
5783 2495
5784 2495
5785 2495
5786 2495
5787 2495
5788 2495
5789 2495
5790 2495
5791 2495
5792 2495
5793 2495
5794 2495
5795 2495
5796 2495
5797 2494
5798 2494
5799 2495
5800 2495
5801 2495
5802 2495
5803 2495
5804 2495
5805 2495
5806 2495
5807 2495
5808 2495
5809 2495
5810 2495
5811 2495
5812 2495
5813 2495
5814 2495
5815 2495
5816 2495
5817 2495
5818 2495
5819 2495
5820 2495
5821 2495
5822 2495
5823 2495
5824 2495
5825 2495
5826 2495
5827 2495

5415 2520
5416 2528
5417 2527
5418 2527
5419 2527
5420 2527
5421 2528
5422 2522
5423 2525
5424 2524
5425 2525
5426 2525
5427 2532
5428 2532
5429 2523
5430 2525
5431 2529
5432 2529
5433 2528
5434 2529
5435 2522
5436 2524
5437 2527
5438 2525
5439 2522
5440 2523
5441 2525
5442 2523
5443 2524
5444 2520
5445 2527
5446 2526
5447 2527
5448 2527
5449 2525
5450 2525
5451 2522
5452 2524
5453 2524
5454 2524
5455 2528
5456 2525
5457 2525
5458 2525
5459 2523
5460 2524
5461 2524
5462 2520
5463 2532
5464 2526
5465 2528
5466 2531
5467 2525
5468 2519
5469 2524
5470 2520
5471 2527
5472 2526
5473 2524
5474 2524
5475 2527
5476 2527
5477 2527
5478 2519
5479 2521
5480 2531
5481 2530
5482 2530
5483 2527
5484 2519
5485 2526
5486 2527
5487 2527
5488 2528
5489 2527
5490 2519
5491 2527
5492 2526
5493 2528
5494 2520
5495 2532
5496 2527
5497 2521
5498 2533
5499 2524
5500 2527
5501 2527
5502 2526
5503 2526
5504 2530
5505 2519
5506 2526
5507 2527
5508 2530
5509 2526
5510 2527
5511 2527
5512 2530
5513 2526
5514 2524
5515 2526
5516 2520
5517 2526
5518 2532
5519 2532
5520 2527
5521 2527
5522 2526
5523 2528
5524 2533
5525 2533
5526 2532
5527 2520
5528 2526
5529 2519
5530 2523
5531 2529
5532 2523
5533 2533
5534 2523
5535 2522
5536 2521
5537 2519
5538 2527
5539 2533
5540 2525
5541 2526
5542 2521
5543 2520
5544 2520
5545 2532
5546 2519
5547 2524
5548 2520
5549 2527
5550 2526
5551 2528
5552 2524
5553 2526
5554 2527
5555 2526
5556 2528
5557 2522
5558 2531
5559 2530
5560 2520
5561 2520
5562 2530
5563 2528
5564 2526
5565 2528
5566 2531
5567 2523
5568 2525
5569 2527
5570 2521
5571 2532
5572 2527
5573 2528
5574 2520
5575 2525
5576 2528
5577 2526
5578 2528
5579 2527
5580 2528
5581 2527
5582 2530
5583 2520
5584 2532
5585 2523
5586 2527
5587 2527
5588 2526
5589 2527
5590 2528
5591 2521
5592 2527
5593 2527
5594 2530
5595 2519
5596 2528
5597 2526
5598 2528
5599 2528
5600 2527
5601 2526
5602 2521
5603 2529
5604 2527
5605 2527
5606 2525
5607 2523
5608 2525
5609 2526
5610 2530
5611 2529
5612 2523
5613 2530
5614 2526
5615 2530
5616 2519
5617 2524
5618 2525
5619 2524
5620 2526
5621 2525
5622 2525
5623 2525
5624 2526
5625 2525
5626 2525
5627 2527
5628 2519
5629 2525
5630 2533
5631 2524
5632 2528
5633 2527
5634 2528
5635 2525
5636 2527
5637 2523
5638 2526
5639 2528
5640 2532
5641 2521
5642 2522
5643 2526
5644 2524
5645 2526
5646 2518
5647 2525
5648 2525
5649 2524
5650 2525
5651 2525
5652 2524
5653 2524
5654 2524
5655 2530
5656 2529
5657 2524
5658 2525
5659 2524
5660 2523
5661 2522
5662 2525
5663 2524
5664 2521
5665 2521
5666 2522
5667 2523
5668 2526
5669 2524
5670 2526
5671 2517
5672 2517
5673 2518
5674 2525
5675 2521
5676 2518
5677 2531
5678 2517
5679 2524
5680 2519
5681 2527
5682 2517
5683 2523
5684 2526
5685 2526
5686 2526
5687 2525
5688 2532
5689 2524
5690 2529
5691 2525
5692 2525
5693 2525
5694 2525
5695 2525
5696 2525
5697 2523
5698 2525
5699 2525
5700 2528
5701 2526
5702 2534
5703 2520
5704 2522
5705 2526
5706 2525
5707 2523
5708 2526
5709 2522
5710 2523
5711 2524
5712 2524
5713 2529
5714 2525
5715 2524
5716 2526
5717 2531
5718 2523
5719 2525
5720 2524
5721 2521
5722 2524
5723 2526
5724 2527
5725 2525
5726 2520
5727 2520
5728 2531
5729 2527
5730 2523
5731 2533
5732 2525
5733 2531
5734 2533
5735 2524
5736 2528
5737 2529
5738 2530
5739 2523
5740 2530
5741 2525
5742 2526
5743 2525
5744 2526
5745 2527
5746 2529
5747 2526
5748 2519
5749 2527
5750 2519
5751 2519
5752 2520
5753 2527
5754 2519
5755 2526
5756 2528
5757 2527
5758 2519
5759 2521
5760 2529
5761 2527
5762 2525
5763 2525
5764 2521
5765 2528
5766 2521
5767 2521
5768 2524
5769 2527
5770 2527
5771 2523
5772 2523
5773 2522
5774 2524
5775 2524
5776 2518
5777 2532
5778 2527
5779 2518
5780 2519
5781 2528
5782 2528
5783 2522
5784 2519
5785 2528
5786 2520
5787 2531
5788 2529
5789 2521
5790 2528
5791 2519
5792 2518
5793 2518

