4875 2503
4876 2497
4877 2496
4878 2495
4879 2495
4880 2496
4881 2496
4882 2496
4883 2496
4884 2496
4885 2496
4886 2496
4887 2497
4888 2501
4889 2496
4890 2496
4891 2497
4892 2500
4893 2496
4894 2496
4895 2498
4896 2501
4897 2496
4898 2495
4899 2497
4900 2496
4901 2496
4902 2496
4903 2496
4904 2505
4905 2504
4906 2507
4907 2507
4908 2497
4909 2497
4910 2499
4911 2499
4912 2497
4913 2497
4914 2497
4915 2496
4916 2495
4917 2496
4918 2495
4919 2509
4920 2492
4921 2492
4922 2492
4923 2508
4924 2492
4925 2498
4926 2502
4927 2497
4928 2500
4929 2500
4930 2500
4931 2499
4932 2500
4933 2500
4934 2499
4935 2499
4936 2506
4937 2500
4938 2500
4939 2500
4940 2500
4941 2500
4942 2500
4943 2499
4944 2500
4945 2500
4946 2505
4947 2500
4948 2500
4949 2501
4950 2500
4951 2500
4952 2500
4953 2500
4954 2500
4955 2500
4956 2500
4957 2500
4958 2500
4959 2501
4960 2501
4961 2500
4962 2500
4963 2500
4964 2501
4965 2500
4966 2500
4967 2500
4968 2500
4969 2500
4970 2501
4971 2500
4972 2500
4973 2500
4974 2501
4975 2500
4976 2501
4977 2501
4978 2501
4979 2501
4980 2500
4981 2500
4982 2500
4983 2500
4984 2500
4985 2500
4986 2501
4987 2501
4988 2500
4989 2500
4990 2500
4991 2500
4992 2501
4993 2500
4994 2501
4995 2501
4996 2501
4997 2501
4998 2501
4999 2501
5000 2501
5001 2502
5002 2502
5003 2506
5004 2502
5005 2502
5006 2502
5007 2502
5008 2502
5009 2502
5010 2502
5011 2502
5012 2505
5013 2506
5014 2505
5015 2501
5016 2502
5017 2501
5018 2508
5019 2500
5020 2500
5021 2501
5022 2504
5023 2502
5024 2503
5025 2501
5026 2511
5027 2502
5028 2503
5029 2502
5030 2502
5031 2503
5032 2507
5033 2501
5034 2502
5035 2502
5036 2502
5037 2503
5038 2503
5039 2503
5040 2503
5041 2505
5042 2504
5043 2503
5044 2505
5045 2502
5046 2503
5047 2503
5048 2502
5049 2507
5050 2507
5051 2503
5052 2508
5053 2502
5054 2503
5055 2511
5056 2502
5057 2506
5058 2509
5059 2506
5060 2506
5061 2501
5062 2503
5063 2504
5064 2504
5065 2503
5066 2504
5067 2500
5068 2504
5069 2501
5070 2505
5071 2501
5072 2501
5073 2501
5074 2505
5075 2504
5076 2506
5077 2504
5078 2502
5079 2499
5080 2505
5081 2500
5082 2500
5083 2500
5084 2499
5085 2505
5086 2501
5087 2503
5088 2506
5089 2499
5090 2498
5091 2498
5092 2502
5093 2500
5094 2501
5095 2502
5096 2502
5097 2494
5098 2492
5099 2492
5100 2495
5101 2496
5102 2513
5103 2512
5104 2509
5105 2506
5106 2501
5107 2510
5108 2495
5109 2514
5110 2511
5111 2500
5112 2502
5113 2503
5114 2504
5115 2503
5116 2509
5117 2507
5118 2513
5119 2515
5120 2498
5121 2511
5122 2514
5123 2515
5124 2516
5125 2513
5126 2508
5127 2507
5128 2508
5129 2503
5130 2500
5131 2499
5132 2500
5133 2503
5134 2510
5135 2506
5136 2507
5137 2511
5138 2510
5139 2518
5140 2509
5141 2518
5142 2515
5143 2509
5144 2509
5145 2509
5146 2519
5147 2520
5148 2519
5149 2518
5150 2515
5151 2516
5152 2512
5153 2509
5154 2515
5155 2513
5156 2519
5157 2516
5158 2509
5159 2514
5160 2510
5161 2509
5162 2509
5163 2515
5164 2515
5165 2519
5166 2515
5167 2515
5168 2515
5169 2515
5170 2517
5171 2515
5172 2518
5173 2517
5174 2515
5175 2515
5176 2515
5177 2516
5178 2522
5179 2515
5180 2515
5181 2521
5182 2516
5183 2516
5184 2515
5185 2515
5186 2515
5187 2515
5188 2515
5189 2515
5190 2515
5191 2515
5192 2515
5193 2516
5194 2515
5195 2516
5196 2515
5197 2515
5198 2515
5199 2516
5200 2516
5201 2515
5202 2515
5203 2515
5204 2516
5205 2516
5206 2519
5207 2517
5208 2516
5209 2516
5210 2516
5211 2516
5212 2516
5213 2516
5214 2516
5215 2516
5216 2516
5217 2517
5218 2516
5219 2517
5220 2516
5221 2517
5222 2516
5223 2516
5224 2516
5225 2516
5226 2516
5227 2515
5228 2520
5229 2521
5230 2507
5231 2507
5232 2509
5233 2508
5234 2508
5235 2507
5236 2509
5237 2512
5238 2507
5239 2519
5240 2507
5241 2518
5242 2516
5243 2516
5244 2516
5245 2517
5246 2516
5247 2516
5248 2516
5249 2516
5250 2519
5251 2511
5252 2518
5253 2510
5254 2516
5255 2511
5256 2506
5257 2506
5258 2507
5259 2506
5260 2506
5261 2510
5262 2500
5263 2500
5264 2514
5265 2509
5266 2509
5267 2510
5268 2512
5269 2513
5270 2515
5271 2507
5272 2505
5273 2507
5274 2504
5275 2501
5276 2501
5277 2502
5278 2507
5279 2504
5280 2509
5281 2509
5282 2504
5283 2505
5284 2504
5285 2504
5286 2503
5287 2505
5288 2505
5289 2505
5290 2513
5291 2508
5292 2505
5293 2509
5294 2508
5295 2519
5296 2508
5297 2512
5298 2507
5299 2508
5300 2508
5301 2509
5302 2508
5303 2508
5304 2507
5305 2512
5306 2512
5307 2507
5308 2511
5309 2507
5310 2503
5311 2513
5312 2510
5313 2509
5314 2511
5315 2510
5316 2510
5317 2511
5318 2511
5319 2511
5320 2514
5321 2509
5322 2510
5323 2515
5324 2514
5325 2505
5326 2507
5327 2507
5328 2507
5329 2507
5330 2507
5331 2507
5332 2509
5333 2516
5334 2516
5335 2513
5336 2515
5337 2513
5338 2512
5339 2514
5340 2514
5341 2514
5342 2517
5343 2514
5344 2514
5345 2515
5346 2514
5347 2514
5348 2514
5349 2514
5350 2514
5351 2514
5352 2514
5353 2515
5354 2514
5355 2514
5356 2514
5357 2514
5358 2514
5359 2514
5360 2514
5361 2514
5362 2514
5363 2514
5364 2514
5365 2514
5366 2514
5367 2514
5368 2514
5369 2515
5370 2514
5371 2513
5372 2514
5373 2520
5374 2514
5375 2514
5376 2508
5377 2518
5378 2506
5379 2505
5380 2505
5381 2505
5382 2506
5383 2506
5384 2507
5385 2513
5386 2507
5387 2506
5388 2506
5389 2507
5390 2506
5391 2505
5392 2505
5393 2504
5394 2504
5395 2505
5396 2511
5397 2511
5398 2505
5399 2507
5400 2506
5401 2508
5402 2508
5403 2508
5404 2508
5405 2509
5406 2507
5407 2508
5408 2509
5409 2512
5410 2509
5411 2518
5412 2507
5413 2505
5414 2505
5415 2512
5416 2509
5417 2514
5418 2504
5419 2504
5420 2501
5421 2504
5422 2508
5423 2499
5424 2500
5425 2512
5426 2505
5427 2510
5428 2500
5429 2514
5430 2513
5431 2508
5432 2507
5433 2506
5434 2505
5435 2505
5436 2505
5437 2502
5438 2505
5439 2504
5440 2513
5441 2506
5442 2504
5443 2510
5444 2510
5445 2505
5446 2504
5447 2503
5448 2503
5449 2511
5450 2503
5451 2506
5452 2502
5453 2503
5454 2505
5455 2500
5456 2502
5457 2502
5458 2502
5459 2503
5460 2503
5461 2503
5462 2503
5463 2503
5464 2502
5465 2503
5466 2498
5467 2498
5468 2500
5469 2502
5470 2506
5471 2501
5472 2500
5473 2496
5474 2497
5475 2493
5476 2507
5477 2505
5478 2497
5479 2503
5480 2497
5481 2497
5482 2499
5483 2499
5484 2497
5485 2496
5486 2500
5487 2496
5488 2496
5489 2493
5490 2495
5491 2494
5492 2494
5493 2495
5494 2494
5495 2495
5496 2494
5497 2494
5498 2497
5499 2496
5500 2494
5501 2492
5502 2492
5503 2494
5504 2493
5505 2495
5506 2497
5507 2497
5508 2507
5509 2498
5510 2492
5511 2492
5512 2493
5513 2493
5514 2495
5515 2496
5516 2494
5517 2503
5518 2502
5519 2502
5520 2501
5521 2497
5522 2496
5523 2496
5524 2496
5525 2496
5526 2496
5527 2496
5528 2495
5529 2500
5530 2501
5531 2496
5532 2496
5533 2497
5534 2497
5535 2497
5536 2497
5537 2497
5538 2497
5539 2497
5540 2501
5541 2498
5542 2497
5543 2497
5544 2497
5545 2497
5546 2498
5547 2498
5548 2498
5549 2497
5550 2497
5551 2498
5552 2497
5553 2498
5554 2498
5555 2497
5556 2497
5557 2497
5558 2497
5559 2498
5560 2498
5561 2497
5562 2497
5563 2498
5564 2498
5565 2498
5566 2497
5567 2498
5568 2498
5569 2498
5570 2498
5571 2498
5572 2497
5573 2497
5574 2497
5575 2497
5576 2498
5577 2498
5578 2497
5579 2497
5580 2497
5581 2498
5582 2498
5583 2497
5584 2497
5585 2498
5586 2498
5587 2498
5588 2498
5589 2497
5590 2498
5591 2498
5592 2498
5593 2498
5594 2498
5595 2498
5596 2498
5597 2498
5598 2498
5599 2498
5600 2498
5601 2498
5602 2498
5603 2498
5604 2498
5605 2498
5606 2498
5607 2498
5608 2498
5609 2498
5610 2498
5611 2498
5612 2498
5613 2498
5614 2498
5615 2499
5616 2499
5617 2499
5618 2498
5619 2498
5620 2498
5621 2498
5622 2498
5623 2498
5624 2498
5625 2498
5626 2498
5627 2498
5628 2499
5629 2498
5630 2499
5631 2499
5632 2498
5633 2498
5634 2498
5635 2498
5636 2498
5637 2498
5638 2498
5639 2500
5640 2502
5641 2499
5642 2498
5643 2498
5644 2498
5645 2498
5646 2498
5647 2497
5648 2497
5649 2498
5650 2497
5651 2497
5652 2497
5653 2497
5654 2497
5655 2497
5656 2497
5657 2497
5658 2497
5659 2497
5660 2497
5661 2497
5662 2497
5663 2497
5664 2497
5665 2497
5666 2497
5667 2497
5668 2497
5669 2497
5670 2497
5671 2497
5672 2497
5673 2497
5674 2497
5675 2497
5676 2497
5677 2497
5678 2497
5679 2497
5680 2497
5681 2497
5682 2497
5683 2497
5684 2497
5685 2497
5686 2497
5687 2497
5688 2497
5689 2497
5690 2497
5691 2497
5692 2497
5693 2497
5694 2497
5695 2496
5696 2496
5697 2496
5698 2496
5699 2496
5700 2496
5701 2496
5702 2496
5703 2496
5704 2496
5705 2496
5706 2496
5707 2496
5708 2496
5709 2496
5710 2496
5711 2496
5712 2496
5713 2496
5714 2496
5715 2496
5716 2496
5717 2496
5718 2496
5719 2496
5720 2496
5721 2496
5722 2496
5723 2496
5724 2496
5725 2496
5726 2496
5727 2496
5728 2496
5729 2496
5730 2496
5731 2496
5732 2496
5733 2496
5734 2496
5735 2496
5736 2496
5737 2496
5738 2496
5739 2497
5740 2497
5741 2496
5742 2496
5743 2496
5744 2497
5745 2496
5746 2497
5747 2496
5748 2496
5749 2497
5750 2496
5751 2496
5752 2496
5753 2496
5754 2497
5755 2497
5756 2496
5757 2496
5758 2497
5759 2497
5760 2496
5761 2496
5762 2496
5763 2497
5764 2496
5765 2497
5766 2497
5767 2497
5768 2497
5769 2497
5770 2497
5771 2497
5772 2496
5773 2497
5774 2497
5775 2497
5776 2497
5777 2497
5778 2497
5779 2497
5780 2497
5781 2497
5782 2497
5783 2497
5784 2497
5785 2497
5786 2497
5787 2495
5788 2499
5789 2500
5790 2496
5791 2496
5792 2497
5793 2496
5794 2496
5795 2496
5796 2496
5797 2496
5798 2496
5799 2496
5800 2496
5801 2496
5802 2497
5803 2496
5804 2496
5805 2496
5806 2496
5807 2496
5808 2496
5809 2496
5810 2496
5811 2496
5812 2503
5813 2496
5814 2496
5815 2496
5816 2496
5817 2496
5818 2496
5819 2496
5820 2496
5821 2496
5822 2496
5823 2496
5824 2496
5825 2496
5826 2497
5827 2497
5828 2496
5829 2495

5656 2527
5657 2524
5658 2522
5659 2523
5660 2522
5661 2523
5662 2522
5663 2526
5664 2523
5665 2524
5666 2528
5667 2523
5668 2521
5669 2522
5670 2520
5671 2522
5672 2516
5673 2522
5674 2521
5675 2526
5676 2517
5677 2524
5678 2521
5679 2521
5680 2522
5681 2516
5682 2521
5683 2525
5684 2515
5685 2521
5686 2522
5687 2522
5688 2521
5689 2522
5690 2522
5691 2521
5692 2521
5693 2526
5694 2522
5695 2529
5696 2518
5697 2521
5698 2521
5699 2521
5700 2527
5701 2521
5702 2522
5703 2520
5704 2521
5705 2521
5706 2522
5707 2522
5708 2522
5709 2520
5710 2521
5711 2521
5712 2520
5713 2521
5714 2521
5715 2525
5716 2520
5717 2525
5718 2520
5719 2520
5720 2525
5721 2521
5722 2521
5723 2521
5724 2521
5725 2524
5726 2521
5727 2520
5728 2520
5729 2520
5730 2520
5731 2520
5732 2521
5733 2520
5734 2525
5735 2521
5736 2521
5737 2521
5738 2520
5739 2520
5740 2520
5741 2520
5742 2524
5743 2519
5744 2519
5745 2521
5746 2521
5747 2520
5748 2520
5749 2520
5750 2520
5751 2520
5752 2520
5753 2520
5754 2520
5755 2520
5756 2520
5757 2521
5758 2519
5759 2524
5760 2521
5761 2524
5762 2523
5763 2521
5764 2524
5765 2521
5766 2521
5767 2519
5768 2521
5769 2520
5770 2520
5771 2520
5772 2520
5773 2521
5774 2521
5775 2521
5776 2520
5777 2520
5778 2519
5779 2520
5780 2521
5781 2519
5782 2520
5783 2520
5784 2520
5785 2520
5786 2520
5787 2520
5788 2520
5789 2520
5790 2521
5791 2520
5792 2520
5793 2520
5794 2520
5795 2520
5796 2520
5797 2520
5798 2520
5799 2520
5800 2520
5801 2520
5802 2520
5803 2520
5804 2520
5805 2513
5806 2519
5807 2519
5808 2519
5809 2519
5810 2519
5811 2520
5812 2519
5813 2520
5814 2519
5815 2520
5816 2519
5817 2520
5818 2519
5819 2519
5820 2519
5821 2520

