1883 2407
1884 2408
1885 2408
1886 2407
1887 2408
1888 2408
1889 2408
1890 2408
1891 2408
1892 2407
1893 2408
1894 2409
1895 2408
1896 2408
1897 2409
1898 2408
1899 2408
1900 2409
1901 2407
1902 2409
1903 2406
1904 2406
1905 2406
1906 2406
1907 2406
1908 2406
1909 2406
1910 2406
1911 2406
1912 2406
1913 2406
1914 2406
1915 2406
1916 2406
1917 2405
1918 2408
1919 2407
1920 2405
1921 2406
1922 2405
1923 2405
1924 2405
1925 2406
1926 2405
1927 2406
1928 2405
1929 2405
1930 2405
1931 2405
1932 2405
1933 2405
1934 2405
1935 2405
1936 2406
1937 2405
1938 2406
1939 2406
1940 2405
1941 2405
1942 2406
1943 2406
1944 2406
1945 2406
1946 2405
1947 2406
1948 2406
1949 2406
1950 2406
1951 2406
1952 2406
1953 2407
1954 2406
1955 2407
1956 2407
1957 2406
1958 2407
1959 2406
1960 2407
1961 2407
1962 2407
1963 2407
1964 2406
1965 2407
1966 2407
1967 2407
1968 2407
1969 2407
1970 2407
1971 2407
1972 2407
1973 2408
1974 2408
1975 2408
1976 2408
1977 2408
1978 2408
1979 2408
1980 2408
1981 2408
1982 2408
1983 2408
1984 2408
1985 2408
1986 2409
1987 2409
1988 2409
1989 2409
1990 2409
1991 2409
1992 2409
1993 2409
1994 2409
1995 2409
1996 2409
1997 2409
1998 2409
1999 2410
2000 2407
2001 2409
2002 2409
2003 2411
2004 2409
2005 2409
2006 2408
2007 2408
2008 2408
2009 2408
2010 2412
2011 2408
2012 2408
2013 2408
2014 2407
2015 2407
2016 2408
2017 2409
2018 2410
2019 2408
2020 2409
2021 2408
2022 2409
2023 2408
2024 2409
2025 2409
2026 2410
2027 2410
2028 2409
2029 2411
2030 2412
2031 2410
2032 2411
2033 2409
2034 2409
2035 2408
2036 2409
2037 2410
2038 2409
2039 2409
2040 2409
2041 2409
2042 2410
2043 2413
2044 2412
2045 2410
2046 2410
2047 2410
2048 2410
2049 2410
2050 2410
2051 2414
2052 2410
2053 2410
2054 2411
2055 2411
2056 2410
2057 2410
2058 2410
2059 2410
2060 2413
2061 2410
2062 2410
2063 2409
2064 2409
2065 2409
2066 2410
2067 2411
2068 2410
2069 2410
2070 2410
2071 2410
2072 2410
2073 2410
2074 2410
2075 2410
2076 2411
2077 2411
2078 2411
2079 2411
2080 2411
2081 2411
2082 2410
2083 2410
2084 2410
2085 2410
2086 2411
2087 2411
2088 2410
2089 2410
2090 2410
2091 2410
2092 2410
2093 2411
2094 2411
2095 2411
2096 2411
2097 2410
2098 2410
2099 2411
2100 2414
2101 2415
2102 2411
2103 2411
2104 2412
2105 2412
2106 2411
2107 2411
2108 2411
2109 2410
2110 2410
2111 2411
2112 2411
2113 2411
2114 2411
2115 2411
2116 2416
2117 2412
2118 2411
2119 2411
2120 2415
2121 2414
2122 2414
2123 2413
2124 2412
2125 2414
2126 2411
2127 2411
2128 2411
2129 2412
2130 2411
2131 2412
2132 2414
2133 2411
2134 2411
2135 2412
2136 2411
2137 2412
2138 2411
2139 2411
2140 2412
2141 2412
2142 2412
2143 2413
2144 2412
2145 2412
2146 2412
2147 2412
2148 2413
2149 2413
2150 2413
2151 2414
2152 2413
2153 2414
2154 2413
2155 2414
2156 2413
2157 2413
2158 2413
2159 2412
2160 2414
2161 2413
2162 2413
2163 2413
2164 2413
2165 2413
2166 2414
2167 2414
2168 2413
2169 2417
2170 2414
2171 2413
2172 2414
2173 2415
2174 2418
2175 2414
2176 2414
2177 2415
2178 2414
2179 2414
2180 2414
2181 2414
2182 2414
2183 2414
2184 2414
2185 2415
2186 2414
2187 2414
2188 2414
2189 2415
2190 2416
2191 2415
2192 2416
2193 2416
2194 2416
2195 2417
2196 2421
2197 2421
2198 2420
2199 2420
2200 2420
2201 2421
2202 2420
2203 2420
2204 2420
2205 2421
2206 2421
2207 2421
2208 2417
2209 2417
2210 2417
2211 2417
2212 2417
2213 2417
2214 2417
2215 2417
2216 2417
2217 2418
2218 2418
2219 2418
2220 2418
2221 2419
2222 2419
2223 2419
2224 2419
2225 2419
2226 2419
2227 2419
2228 2419
2229 2419
2230 2420
2231 2420
2232 2420
2233 2419
2234 2420
2235 2420
2236 2421
2237 2420
2238 2420
2239 2420
2240 2420
2241 2421
2242 2421
2243 2420
2244 2420
2245 2421
2246 2421
2247 2422
2248 2421
2249 2422
2250 2423
2251 2422
2252 2422
2253 2421
2254 2421
2255 2421
2256 2421
2257 2421
2258 2421
2259 2423
2260 2423
2261 2423
2262 2426
2263 2425
2264 2424
2265 2422
2266 2423
2267 2424
2268 2424
2269 2424
2270 2424
2271 2424
2272 2424
2273 2424
2274 2424
2275 2424
2276 2425
2277 2424
2278 2425
2279 2425
2280 2425
2281 2425
2282 2425
2283 2424
2284 2425
2285 2425
2286 2426
2287 2426
2288 2426
2289 2426
2290 2426
2291 2426
2292 2426
2293 2426
2294 2426
2295 2426
2296 2426
2297 2426
2298 2426
2299 2426
2300 2426
2301 2426
2302 2426
2303 2426
2304 2426
2305 2428
2306 2427
2307 2428
2308 2427
2309 2427
2310 2427
2311 2426
2312 2426
2313 2427
2314 2434
2315 2426
2316 2425
2317 2428
2318 2426
2319 2428
2320 2428
2321 2429
2322 2429
2323 2429
2324 2430
2325 2430
2326 2431
2327 2431
2328 2431
2329 2431
2330 2431
2331 2431
2332 2431
2333 2432
2334 2431
2335 2431
2336 2432
2337 2432
2338 2432
2339 2431
2340 2432
2341 2431
2342 2431
2343 2431
2344 2431
2345 2431
2346 2431
2347 2431
2348 2431
2349 2431
2350 2431
2351 2432
2352 2432
2353 2432
2354 2434
2355 2432
2356 2432
2357 2432
2358 2432
2359 2431
2360 2430
2361 2430
2362 2430
2363 2430
2364 2430
2365 2430
2366 2430
2367 2430
2368 2430
2369 2430
2370 2430
2371 2431
2372 2431
2373 2431
2374 2430
2375 2431
2376 2431
2377 2431
2378 2431
2379 2432
2380 2431
2381 2431
2382 2431
2383 2431
2384 2432
2385 2431
2386 2431
2387 2432
2388 2431
2389 2431
2390 2432
2391 2431
2392 2431
2393 2431
2394 2431
2395 2431
2396 2431
2397 2430
2398 2429
2399 2429
2400 2431
2401 2431
2402 2431
2403 2432
2404 2432
2405 2432
2406 2432
2407 2432
2408 2432
2409 2432
2410 2435
2411 2432
2412 2431
2413 2431
2414 2432
2415 2431
2416 2432
2417 2432
2418 2432
2419 2431
2420 2433
2421 2433
2422 2435
2423 2435
2424 2435
2425 2435
2426 2435
2427 2435
2428 2435
2429 2435
2430 2435
2431 2435
2432 2435
2433 2435
2434 2436
2435 2435
2436 2436
2437 2436
2438 2436
2439 2436
2440 2436
2441 2436
2442 2436
2443 2436
2444 2436
2445 2436
2446 2437
2447 2436
2448 2436
2449 2437
2450 2437
2451 2437
2452 2438
2453 2438
2454 2438
2455 2437
2456 2437
2457 2437
2458 2438
2459 2439
2460 2439
2461 2437
2462 2435
2463 2435
2464 2435
2465 2435
2466 2435
2467 2435
2468 2435
2469 2436
2470 2435
2471 2435
2472 2435
2473 2435
2474 2436
2475 2436
2476 2435
2477 2436
2478 2436
2479 2436
2480 2436
2481 2436
2482 2436
2483 2436
2484 2436
2485 2436
2486 2436
2487 2437
2488 2437
2489 2437
2490 2437
2491 2437

1918 2421
1919 2428
1920 2423
1921 2422
1922 2422
1923 2419
1924 2419
1925 2425
1926 2424
1927 2423
1928 2424
1929 2424
1930 2424
1931 2426
1932 2425
1933 2426
1934 2427
1935 2427
1936 2427
1937 2427
1938 2429
1939 2428
1940 2425
1941 2429
1942 2430
1943 2433
1944 2432
1945 2432
1946 2432
1947 2432
1948 2432
1949 2434
1950 2433
1951 2434
1952 2434
1953 2438
1954 2435
1955 2434
1956 2435
1957 2435
1958 2434
1959 2434
1960 2434
1961 2435
1962 2434
1963 2433
1964 2434
1965 2435
1966 2435
1967 2434
1968 2434
1969 2434
1970 2434
1971 2434
1972 2434
1973 2434
1974 2434
1975 2435
1976 2435
1977 2435
1978 2434
1979 2435
1980 2436
1981 2437
1982 2435
1983 2435
1984 2436
1985 2436
1986 2437
1987 2437
1988 2437
1989 2437
1990 2432
1991 2433
1992 2435
1993 2437
1994 2437
1995 2435
1996 2438
1997 2438
1998 2439
1999 2440
2000 2439
2001 2442
2002 2435
2003 2440
2004 2444
2005 2441
2006 2445
2007 2445
2008 2441
2009 2442
2010 2441
2011 2441
2012 2444
2013 2442
2014 2444
2015 2444
2016 2440
2017 2433
2018 2443
2019 2446
2020 2444
2021 2441
2022 2444
2023 2444
2024 2445
2025 2439
2026 2440
2027 2440
2028 2440
2029 2439
2030 2440
2031 2439
2032 2437
2033 2444
2034 2440
2035 2439
2036 2440
2037 2441
2038 2441
2039 2441
2040 2437
2041 2441
2042 2441
2043 2443
2044 2445
2045 2443
2046 2443
2047 2446
2048 2445
2049 2445
2050 2443
2051 2441
2052 2444
2053 2443
2054 2445
2055 2443
2056 2443
2057 2444
2058 2445
2059 2445
2060 2446
2061 2445
2062 2446
2063 2447
2064 2447
2065 2446
2066 2446
2067 2448
2068 2447
2069 2449
2070 2446
2071 2450
2072 2449
2073 2449
2074 2449
2075 2449
2076 2449
2077 2450
2078 2449
2079 2450
2080 2452
2081 2444
2082 2445
2083 2444
2084 2447
2085 2442
2086 2449
2087 2444
2088 2441
2089 2455
2090 2446
2091 2448
2092 2447
2093 2446
2094 2445
2095 2444
2096 2444
2097 2450
2098 2450
2099 2446
2100 2442
2101 2443
2102 2444
2103 2442
2104 2443
2105 2443
2106 2442
2107 2446
2108 2437
2109 2442
2110 2449
2111 2444
2112 2444
2113 2447
2114 2435
2115 2443
2116 2443

