202 2489
203 2488
204 2488
205 2488
206 2488
207 2488
208 2488
209 2488
210 2487
211 2488
212 2487
213 2487
214 2488
215 2487
216 2488
217 2486
218 2485
219 2485
220 2485
221 2485
222 2485
223 2485
224 2484
225 2483
226 2484
227 2484
228 2483
229 2483
230 2483
231 2482
232 2483
233 2483
234 2482
235 2482
236 2482
237 2483
238 2483
239 2482
240 2482
241 2482
242 2482
243 2482
244 2482
245 2482
246 2482
247 2481
248 2481
249 2481
250 2482
251 2482
252 2481
253 2481
254 2481
255 2481
256 2481
257 2482
258 2482
259 2482
260 2482
261 2482
262 2482
263 2482
264 2482
265 2483
266 2483
267 2483
268 2482
269 2482
270 2483
271 2483
272 2482
273 2483
274 2483
275 2483
276 2482
277 2482
278 2482
279 2481
280 2481
281 2481
282 2482
283 2481
284 2481
285 2481
286 2481
287 2481
288 2481
289 2481
290 2481
291 2481
292 2481
293 2481
294 2482
295 2482
296 2482
297 2482
298 2482
299 2482
300 2483
301 2483
302 2484
303 2485
304 2485
305 2485
306 2484
307 2485
308 2486
309 2485
310 2485
311 2485
312 2485
313 2486
314 2485
315 2483
316 2482
317 2484
318 2484
319 2485
320 2486
321 2493
322 2486
323 2490
324 2490
325 2491
326 2491
327 2490
328 2490
329 2492
330 2492
331 2491
332 2491
333 2491
334 2491
335 2491
336 2491
337 2491
338 2491
339 2491
340 2492
341 2492
342 2492
343 2492
344 2492
345 2492
346 2492
347 2491
348 2491
349 2492
350 2492
351 2491
352 2491
353 2492
354 2491
355 2492
356 2493
357 2492
358 2492
359 2492
360 2492
361 2491
362 2491
363 2491
364 2491
365 2490
366 2490
367 2490
368 2491
369 2491
370 2490
371 2497
372 2497
373 2490
374 2495
375 2494
376 2490
377 2491
378 2491
379 2491
380 2491
381 2490
382 2490
383 2490
384 2490
385 2490
386 2490
387 2490
388 2490
389 2490
390 2489
391 2489
392 2489
393 2488
394 2488
395 2488
396 2488
397 2489
398 2489
399 2489
400 2480
401 2479
402 2479
403 2479
404 2479
405 2480
406 2478
407 2477
408 2476
409 2480
410 2477
411 2476
412 2476
413 2476
414 2476
415 2476
416 2476
417 2475
418 2475
419 2475
420 2475
421 2475
422 2475
423 2475
424 2475
425 2475
426 2475
427 2474
428 2477
429 2475
430 2475
431 2474
432 2474
433 2474
434 2474
435 2474
436 2474
437 2474
438 2474
439 2474
440 2474
441 2473
442 2474
443 2474
444 2473
445 2474
446 2473
447 2473
448 2474
449 2474
450 2473
451 2473
452 2473
453 2473
454 2473
455 2473
456 2473
457 2473
458 2473
459 2473
460 2473
461 2473
462 2472
463 2473
464 2473
465 2472
466 2472
467 2472
468 2472
469 2472
470 2472
471 2472
472 2472
473 2472
474 2472
475 2472
476 2472
477 2472
478 2472
479 2471
480 2472
481 2472
482 2471
483 2472
484 2472
485 2472
486 2471
487 2472
488 2471
489 2471
490 2471
491 2472
492 2471
493 2471
494 2471
495 2471
496 2471
497 2471
498 2471
499 2471
500 2471
501 2471
502 2471
503 2471
504 2471
505 2471
506 2471
507 2471
508 2471
509 2471
510 2471
511 2471
512 2471
513 2471
514 2471
515 2471
516 2471
517 2471
518 2471
519 2470
520 2470
521 2470
522 2470
523 2473
524 2472
525 2472
526 2471
527 2472
528 2471
529 2471
530 2471
531 2470
532 2470
533 2470
534 2471
535 2471
536 2471
537 2471
538 2470
539 2470
540 2470
541 2470
542 2471
543 2471
544 2472
545 2469
546 2470
547 2470
548 2470
549 2470
550 2470
551 2469
552 2469
553 2469
554 2469
555 2471
556 2468
557 2468
558 2467
559 2467
560 2467
561 2467
562 2467
563 2467
564 2467
565 2467
566 2467
567 2467
568 2466
569 2467
570 2466
571 2466
572 2466
573 2466
574 2466
575 2466
576 2466
577 2466
578 2466
579 2465
580 2465
581 2465
582 2465
583 2465
584 2466
585 2466
586 2465
587 2466
588 2466
589 2465
590 2465
591 2465
592 2465
593 2465
594 2465
595 2465
596 2465
597 2465
598 2465
599 2465
600 2465
601 2465
602 2465
603 2466
604 2465
605 2465
606 2465
607 2465
608 2466
609 2466
610 2465
611 2465
612 2465
613 2465
614 2465
615 2465
616 2465
617 2465
618 2465
619 2465
620 2465
621 2465
622 2465
623 2465
624 2465
625 2465
626 2466
627 2465
628 2465
629 2466
630 2465
631 2465
632 2464
633 2464
634 2465
635 2465
636 2465
637 2465
638 2465
639 2465
640 2465
641 2465
642 2465
643 2465
644 2465
645 2465
646 2465
647 2465
648 2465
649 2465
650 2465
651 2464
652 2464
653 2464
654 2463
655 2465
656 2464
657 2464
658 2464
659 2464
660 2464
661 2464
662 2464
663 2464
664 2464
665 2464
666 2463
667 2463
668 2464
669 2463
670 2463
671 2463
672 2463
673 2463
674 2463
675 2463
676 2463
677 2463
678 2463
679 2463
680 2463
681 2463
682 2463
683 2463
684 2463
685 2463
686 2463
687 2463
688 2463
689 2463
690 2463
691 2463
692 2462
693 2462
694 2463
695 2463
696 2463
697 2463
698 2462
699 2462
700 2462
701 2462
702 2462
703 2463
704 2462
705 2462
706 2462
707 2462
708 2462
709 2462
710 2462
711 2462
712 2462
713 2462
714 2462
715 2462
716 2462
717 2462
718 2462
719 2462
720 2462
721 2462
722 2462
723 2462
724 2462
725 2462
726 2462
727 2462
728 2462
729 2462
730 2462
731 2462
732 2461
733 2461
734 2461
735 2461
736 2461
737 2461
738 2460
739 2461
740 2460
741 2461
742 2461
743 2461
744 2461
745 2461
746 2461
747 2461
748 2462
749 2461
750 2461
751 2461
752 2461
753 2462
754 2460
755 2460
756 2460
757 2461
758 2461
759 2461
760 2461
761 2461
762 2461
763 2462
764 2461
765 2460
766 2461
767 2460
768 2460
769 2460
770 2460
771 2460
772 2460
773 2460
774 2460
775 2460
776 2460
777 2460
778 2460
779 2460
780 2460
781 2460
782 2460
783 2460
784 2460
785 2466
786 2467
787 2460
788 2468
789 2459
790 2463
791 2462
792 2459
793 2459
794 2458
795 2459
796 2459
797 2459
798 2461
799 2458
800 2459
801 2458
802 2458
803 2459
804 2459
805 2459
806 2459
807 2458
808 2459
809 2459
810 2458
811 2459
812 2458
813 2459
814 2458
815 2458
816 2458
817 2458
818 2458
819 2459
820 2459
821 2459
822 2460
823 2465
824 2465
825 2465
826 2463
827 2456
828 2457
829 2457
830 2457
831 2457
832 2457
833 2457
834 2457
835 2459
836 2458
837 2458
838 2459
839 2461
840 2460
841 2458
842 2458
843 2458
844 2459
845 2467
846 2459
847 2458
848 2458
849 2457
850 2457
851 2456
852 2458
853 2458
854 2457
855 2457
856 2458
857 2458
858 2458
859 2459
860 2458
861 2458
862 2458
863 2458
864 2458
865 2458
866 2458
867 2458
868 2457
869 2457
870 2457
871 2458
872 2458
873 2458
874 2458
875 2458
876 2457
877 2457
878 2457
879 2457
880 2457
881 2458
882 2458
883 2458
884 2457
885 2457
886 2457
887 2457
888 2458
889 2456
890 2456
891 2456
892 2456
893 2456
894 2455
895 2455
896 2455
897 2456
898 2456
899 2456
900 2456
901 2456
902 2456
903 2456
904 2455
905 2455
906 2455
907 2455
908 2455
909 2456
910 2456
911 2456
912 2456
913 2456
914 2456
915 2456
916 2456
917 2456
918 2456
919 2456
920 2456
921 2456
922 2456
923 2456
924 2456
925 2456
926 2456
927 2456
928 2457
929 2457
930 2457
931 2456
932 2458
933 2459
934 2457
935 2456
936 2456
937 2456
938 2456
939 2456
940 2456
941 2456
942 2456
943 2456
944 2456
945 2456
946 2456
947 2456
948 2456
949 2457
950 2456
951 2456
952 2458
953 2455
954 2455
955 2455
956 2455
957 2456
958 2456
959 2456
960 2455
961 2455
962 2459
963 2455
964 2454
965 2455
966 2455
967 2455
968 2455
969 2454
970 2454
971 2454
972 2453
973 2452
974 2452
975 2452
976 2452
977 2452
978 2452
979 2451
980 2451
981 2451
982 2451
983 2451
984 2451
985 2451
986 2451
987 2451
988 2451
989 2451
990 2451
991 2451
992 2451
993 2451
994 2451
995 2451
996 2451
997 2451
998 2451
999 2451
1000 2451
1001 2451
1002 2451
1003 2451
1004 2452
1005 2451
1006 2451
1007 2452
1008 2452
1009 2452
1010 2452
1011 2452
1012 2452
1013 2451
1014 2451
1015 2451
1016 2451
1017 2451
1018 2451
1019 2451
1020 2451
1021 2451
1022 2451
1023 2451
1024 2451
1025 2451
1026 2451
1027 2451
1028 2451
1029 2451
1030 2451
1031 2451
1032 2451
1033 2451
1034 2451
1035 2451
1036 2451
1037 2450
1038 2451
1039 2451
1040 2451
1041 2451
1042 2450
1043 2450
1044 2450
1045 2450
1046 2450
1047 2450
1048 2450
1049 2450
1050 2450
1051 2450
1052 2450
1053 2450
1054 2450
1055 2451
1056 2450
1057 2450
1058 2450
1059 2450
1060 2450
1061 2450
1062 2450
1063 2450
1064 2449
1065 2449
1066 2450
1067 2450
1068 2450
1069 2450
1070 2450
1071 2450
1072 2450
1073 2450
1074 2449
1075 2450
1076 2450
1077 2449
1078 2450
1079 2450
1080 2450
1081 2450
1082 2450
1083 2450
1084 2450
1085 2450
1086 2450
1087 2450
1088 2450
1089 2450
1090 2450
1091 2450
1092 2450
1093 2450
1094 2450
1095 2450
1096 2450
1097 2450
1098 2450
1099 2450
1100 2450
1101 2450
1102 2450
1103 2450
1104 2450
1105 2450
1106 2450
1107 2450
1108 2450
1109 2450
1110 2450
1111 2450
1112 2450
1113 2450
1114 2449
1115 2448
1116 2450
1117 2449
1118 2449
1119 2449
1120 2449
1121 2450
1122 2450
1123 2450
1124 2450
1125 2450
1126 2450
1127 2450
1128 2450
1129 2450
1130 2450
1131 2450
1132 2450
1133 2450
1134 2451
1135 2450
1136 2451
1137 2451
1138 2453
1139 2447
1140 2446
1141 2448
1142 2449
1143 2449
1144 2451
1145 2448
1146 2448
1147 2448
1148 2448
1149 2448
1150 2448
1151 2448
1152 2447
1153 2447
1154 2447
1155 2447
1156 2446
1157 2446
1158 2446
1159 2447
1160 2447
1161 2447
1162 2447
1163 2448
1164 2447
1165 2447
1166 2447
1167 2447
1168 2447
1169 2447
1170 2447
1171 2450
1172 2447
1173 2446
1174 2447
1175 2446
1176 2447
1177 2447
1178 2447
1179 2446
1180 2446
1181 2446
1182 2446
1183 2445
1184 2447
1185 2445
1186 2445
1187 2445
1188 2445
1189 2445
1190 2444
1191 2444
1192 2444
1193 2447
1194 2444
1195 2444
1196 2444
1197 2444
1198 2444
1199 2444
1200 2445
1201 2445
1202 2445
1203 2447
1204 2445
1205 2445
1206 2445
1207 2444
1208 2444
1209 2445
1210 2444
1211 2448
1212 2443
1213 2442
1214 2443
1215 2442
1216 2443
1217 2443
1218 2443
1219 2442
1220 2442
1221 2442
1222 2442
1223 2447
1224 2442
1225 2441
1226 2442
1227 2442
1228 2442
1229 2442
1230 2441
1231 2441
1232 2441
1233 2442
1234 2441
1235 2441
1236 2441
1237 2441
1238 2441
1239 2441
1240 2441
1241 2441
1242 2441
1243 2440
1244 2440
1245 2439
1246 2439
1247 2439
1248 2440
1249 2439
1250 2440
1251 2439
1252 2438
1253 2439
1254 2439
1255 2439
1256 2439
1257 2439
1258 2439
1259 2439
1260 2439
1261 2439
1262 2439
1263 2439
1264 2438
1265 2439
1266 2438
1267 2438
1268 2438
1269 2438
1270 2438
1271 2438
1272 2438
1273 2438
1274 2438
1275 2437
1276 2437
1277 2437
1278 2437
1279 2437
1280 2436
1281 2436
1282 2436
1283 2436
1284 2436
1285 2436
1286 2435
1287 2435
1288 2437
1289 2437
1290 2435
1291 2434
1292 2437
1293 2434
1294 2434
1295 2434
1296 2434
1297 2434
1298 2434
1299 2434
1300 2434
1301 2433
1302 2434
1303 2434
1304 2433
1305 2433
1306 2433
1307 2433
1308 2433
1309 2433
1310 2432
1311 2433
1312 2432
1313 2432
1314 2432
1315 2432
1316 2433
1317 2432
1318 2432
1319 2432
1320 2432
1321 2432
1322 2431
1323 2429
1324 2434
1325 2434
1326 2434
1327 2433
1328 2434
1329 2427
1330 2428
1331 2433
1332 2425
1333 2430
1334 2429
1335 2425
1336 2426
1337 2421
1338 2424
1339 2424
1340 2424
1341 2425
1342 2425
1343 2425
1344 2424
1345 2434
1346 2432
1347 2424
1348 2424
1349 2424
1350 2425
1351 2424
1352 2424
1353 2424
1354 2424
1355 2423
1356 2427
1357 2424
1358 2423
1359 2423
1360 2425
1361 2422
1362 2423
1363 2422
1364 2421
1365 2420
1366 2421
1367 2421
1368 2422
1369 2419
1370 2416
1371 2416
1372 2415
1373 2416
1374 2414
1375 2413
1376 2413
1377 2419
1378 2411
1379 2412
1380 2412
1381 2414
1382 2415
1383 2419
1384 2418
1385 2420
1699 2406
1700 2405
1701 2405
1702 2405
1703 2405
1704 2406
1705 2406
1706 2404
1707 2403
1708 2404
1709 2413
1710 2414
1711 2409
1712 2411
1713 2411
1714 2411
1715 2411
1716 2411
1717 2410
1718 2410
1719 2409
1720 2410
1721 2410
1722 2410
1723 2410
1724 2409
1725 2410
1726 2409
1727 2409
1728 2409
1729 2409
1730 2409
1731 2409
1732 2409
1733 2408
1734 2409
1735 2409
1736 2409
1737 2409
1738 2409
1739 2409
1740 2409
1741 2409
1742 2409
1743 2409
1744 2409
1745 2421
1746 2409
1747 2409
1748 2409
1749 2409
1750 2422
1751 2422
1752 2422
1753 2422
1754 2422
1755 2409
1756 2409
1757 2421
1758 2422
1759 2410
1760 2409
1761 2410
1762 2410
1763 2409
1764 2409
1765 2409
1766 2410
1767 2410
1768 2410
1769 2410
1770 2410
1771 2410
1772 2410
1773 2409
1774 2421
1775 2421
1776 2410
1777 2410
1778 2410
1779 2410
1780 2410
1781 2411
1782 2410
1783 2410
1784 2410
1785 2410
1786 2410
1787 2410
1788 2410
1789 2410
1790 2410
1791 2410
1792 2410
1793 2410
1794 2409
1795 2410
1796 2410
1797 2410
1798 2409
1799 2409
1800 2410
1801 2410
1802 2410
1803 2409
1804 2409
1805 2409
1806 2409
1807 2410
1808 2410
1809 2411
1810 2412
1811 2412
1812 2412
1813 2412
1814 2411
1815 2412
1816 2412
1817 2412
1818 2411
1819 2412
1820 2411
1821 2414
1822 2411
1823 2411
1824 2411
1825 2411
1826 2411
1827 2411
1828 2411
1829 2411
1830 2412
1831 2411
1832 2410
1833 2410
1834 2410
1835 2411
1836 2410
1837 2409
1838 2409
1839 2413
1840 2413
1841 2410
1842 2410
1843 2410
1844 2409
1845 2411
1846 2409
1847 2409
1848 2408
1849 2409
1850 2413
1851 2409
1852 2410
1853 2410
1854 2410
1855 2410
1856 2409
1857 2409
1858 2409
1859 2408
1860 2409
1861 2407
1862 2408
1863 2408
1864 2407
1865 2409
1866 2407
1867 2407
1868 2407
1869 2408
1870 2408
1871 2407
1872 2407
1873 2406
1874 2407
1875 2406
1876 2406
1877 2405
1878 2406
1879 2405
1880 2407
1881 2401
1882 2404
1883 2407
1884 2406
1885 2405
1886 2403
1887 2409
1888 2402
1889 2405
1890 2398
1891 2400
1892 2405
1893 2400
1894 2401
1895 2401
1896 2404
1897 2406
1898 2400
1899 2400
1900 2399
1901 2399
1902 2398
1903 2400
1904 2401
1905 2401
1906 2400
1907 2400
1908 2404
1909 2401
1910 2402
1911 2399
1912 2400
1913 2400
1914 2407
1915 2403
1916 2401
1917 2400
1918 2404
1919 2403
1920 2402
1921 2400
1922 2400
1923 2402
1924 2403
1925 2405
1926 2409
1927 2407
1928 2406
1929 2406
1930 2405
1931 2404
1932 2403
1933 2399
1934 2400
1935 2400
1936 2402
1937 2400
1938 2398
1939 2406
1940 2399
1941 2401
1942 2401
1943 2415
1944 2401
1945 2398
1946 2399
1947 2401
1948 2402
1949 2400
1950 2400
1951 2401
1952 2400
1953 2401
1954 2401
1955 2401
1956 2400
1957 2400
1958 2402
1959 2400
1960 2400
1961 2400
1962 2400
1963 2400
1964 2401
1965 2402
1966 2399
1967 2403
1968 2402
1969 2411
1970 2402
1971 2412
1972 2413
1973 2414
1974 2415
1975 2398
1976 2398
1977 2398
1978 2398
1979 2398
1980 2398
1981 2398
1982 2398
1983 2398
1984 2397
1985 2396
1986 2399
1987 2397
1988 2396
1989 2404
1990 2395
1991 2402
1992 2401
1993 2397
1994 2396
1995 2396
1996 2397
1997 2396
1998 2396
1999 2396
2000 2397
2001 2398
2002 2400
2003 2393
2004 2397
2005 2396
2006 2399
2007 2401
2008 2398
2009 2395
2010 2398
2011 2398
2012 2397
2013 2397
2014 2395
2015 2396
2016 2397
2017 2397
2018 2397
2019 2398
2020 2397
2021 2398
2022 2398
2023 2397
2024 2398
2025 2397
2026 2401
2027 2396
2028 2395
2029 2400
2030 2398
2031 2401
2032 2400
2033 2400
2034 2401
2035 2401
2036 2399
2037 2399
2038 2401
2039 2397
2040 2397
2041 2398
2042 2403
2043 2398
2044 2398
2045 2398
2046 2399
2047 2399
2048 2398
2049 2398
2050 2398
2051 2399
2052 2399
2053 2399
2054 2400
2055 2400
2056 2399
2057 2399
2058 2399
2059 2399
2060 2399
2061 2399
2062 2399
2063 2399
2064 2399
2065 2398
2066 2398
2067 2398
2068 2398
2069 2400
2070 2400
2071 2400
2072 2400
2073 2400
2074 2399
2075 2399
2076 2400
2077 2400
2078 2400
2079 2400
2080 2400
2081 2401
2082 2401
2083 2401
2084 2401
2085 2401
2086 2401
2087 2401
2088 2401
2089 2402
2090 2403
2091 2403
2092 2404
2093 2400
2094 2400
2095 2400
2096 2401
2097 2400
2098 2401
2099 2401
2100 2399
2101 2400
2102 2400
2103 2400
2104 2400
2105 2399
2106 2400
2107 2400
2108 2400
2109 2401
2110 2401
2111 2400
2112 2400
2113 2401
2114 2401
2115 2404
2116 2404
2117 2403
2118 2402
2119 2401
2120 2399
2121 2400
2122 2400
2123 2400
2124 2400
2125 2400
2126 2400
2127 2400
2128 2400
2129 2400
2130 2403
2131 2399
2132 2400
2133 2400
2134 2401
2135 2401
2136 2400
2137 2405
2138 2398
2139 2399
2140 2398
2141 2399
2142 2398
2143 2400
2144 2399
2145 2398
2146 2397
2147 2398
2148 2409
2149 2398
2150 2405
2151 2398
2152 2411
2153 2401
2154 2400
2155 2397
2156 2396
2157 2397
2158 2399
2159 2402
2160 2401
2161 2406
2162 2400
2163 2406
2164 2404
2165 2400
2166 2406
2167 2395
2168 2395
2169 2393
2170 2393
2171 2391
2172 2391
2173 2394
2174 2394
2175 2393
2176 2398
2177 2391
2178 2391
2179 2397
2180 2392
2181 2391
2182 2407
2183 2398
2184 2399
2185 2399
2186 2398
2187 2410
2188 2405
2189 2392
2190 2396
2191 2394
2192 2403
2193 2403
2194 2404
2195 2407
2196 2399
2197 2404
2198 2400
2199 2399
2200 2394
2201 2398
2202 2393
2203 2397
2204 2395
2205 2396
2206 2395
2207 2394
2208 2396
2209 2399
2210 2396
2211 2396
2212 2397
2213 2396
2214 2396
2215 2399
2216 2398
2217 2397
2218 2396
2219 2396
2220 2395
2221 2395
2222 2395
2223 2395
2224 2395
2225 2394
2226 2394
2227 2394
2228 2402
2229 2397
2230 2396
2231 2400
2232 2400
2233 2394
2234 2394
2235 2394
2236 2394
2237 2395
2238 2393
2239 2401
2240 2394
2241 2401
2242 2394
2243 2401
2244 2397
2245 2401
2246 2399
2247 2400
2248 2394
2249 2394
2250 2394
2251 2407
2252 2403
2253 2389
2254 2406
2255 2403
2256 2395
2257 2398
2258 2398
2259 2403
2260 2402
2261 2407
2262 2407
2263 2397
2264 2398
2265 2391
2266 2408
2267 2400
2268 2407
2269 2407
2270 2398
2271 2396
2272 2394
2273 2404
2274 2399
2275 2399
2276 2397
2277 2397
2278 2393
2279 2394
2280 2400
2281 2408
2282 2392
2283 2394
2284 2393
2285 2393
2286 2393
2287 2394
2288 2394
2289 2393
2290 2393
2291 2394
2292 2394
2293 2393
2294 2393
2295 2393
2296 2407
2297 2408
2298 2393
2299 2393
2300 2393
2301 2393
2302 2393
2303 2393
2304 2396
2305 2394
2306 2393
2307 2394
2308 2397
2309 2398
2310 2397
2311 2395
2312 2396
2313 2395
2314 2395
2315 2395
2316 2395
2317 2395
2318 2394
2319 2397
2320 2396
2321 2395
2322 2395
2323 2395
2324 2394
2325 2396
2326 2395
2327 2395
2328 2394
2329 2394
2330 2395
2331 2393
2332 2392
2333 2392
2334 2397
2335 2404
2336 2400
2337 2400
2338 2396
2339 2406
2340 2400
2341 2389
2342 2397
2343 2398
2344 2402
2345 2407
2346 2402
2347 2404
2348 2403
2349 2405
2350 2405
2351 2402
2352 2403
2353 2395
2354 2405
2355 2391
2356 2406
2357 2406
2358 2390
2359 2387
2360 2387
2361 2391
2362 2387
2363 2387
2364 2387
2365 2396
2366 2386
2367 2386
2368 2386
2369 2389
2370 2391
2371 2386
2372 2401
2373 2404
2374 2403
2375 2397
2376 2399
2377 2400
2378 2402
2379 2404
2380 2403
2381 2404
2382 2394
2383 2406
2384 2398
2385 2405
2386 2386
2387 2386
2388 2386
2389 2404
2390 2386
2391 2386
2392 2396
2393 2386
2394 2386
2395 2387
2396 2391
2397 2393
2398 2394
2399 2393
2400 2393
2401 2391
2402 2390
2403 2389
2404 2389
2405 2388
2406 2399
2407 2389
2408 2389
2409 2388
2410 2388
2411 2388
2412 2389
2413 2388
2414 2389
2415 2388
2416 2388
2417 2394
2418 2388
2419 2389
2420 2388
2421 2387
2422 2388
2423 2388
2424 2389
2425 2389
2426 2391
2427 2387
2428 2387
2429 2387
2430 2387
2431 2386
2432 2385
2433 2384
2434 2384
2435 2383
2436 2384
2437 2384
2438 2386
2439 2384
2440 2383
2441 2382
2442 2383
2443 2382
2444 2382
2445 2381
2446 2382
2447 2382
2448 2382
2449 2382
2450 2384
2451 2381
2452 2379
2453 2382
2454 2382
2455 2380
2456 2379
2457 2380
2458 2380
2459 2381
2460 2381
2461 2382
2462 2384
2463 2384
2464 2388
2465 2381
2466 2380
2467 2379
2468 2380
2469 2381
2470 2382
2471 2386
2472 2380
2473 2375
2474 2387
2475 2380
2476 2377
2477 2379
2478 2383
2479 2383
2480 2381
2481 2385
2482 2381
2483 2381
2484 2382
2485 2379
2486 2382
2487 2380
2488 2382
2489 2381
2490 2389
2491 2383
2492 2382
2493 2387
2494 2387
2495 2387
2496 2390
2497 2390
2498 2386
2499 2381
2500 2381
2501 2387
2502 2391
2503 2386
2504 2388
2505 2382
2506 2386
2507 2380
2508 2382
2509 2382
2510 2375
2511 2373
2512 2372
2513 2384
2514 2383
2515 2379
2516 2387
2517 2385
2518 2384
2519 2378
2520 2379
2521 2380
2522 2381
2523 2381
2524 2382
2525 2382
2526 2383
2527 2389
2528 2390
2529 2392
2530 2382
2531 2382
2532 2381
2533 2381
2534 2383
2535 2382
2536 2382
2537 2383
2538 2381
2539 2383
2540 2381
2541 2382
2542 2380
2543 2381
2544 2381
2545 2385
2546 2381
2547 2381
2548 2385
2549 2380
2550 2380
2551 2381
2552 2383
2553 2382
2554 2379
2555 2378
2556 2381
2557 2381
2558 2382
2559 2383
2560 2383
2561 2384
2562 2383
2563 2382
2564 2383
2565 2382
2566 2383
2567 2383
2568 2383
2569 2380
2570 2379
2571 2379
2572 2378
2573 2380
2574 2381
2575 2381
2576 2381
2577 2382
2578 2382
2579 2382
2580 2382
2581 2382
2582 2381
2583 2381
2584 2381
2585 2382
2586 2381
2587 2385
2588 2385
2589 2381
2590 2381
2591 2383
2592 2382
2593 2382
2594 2382
2595 2382
2596 2381
2597 2382
2598 2381
2599 2382
2600 2382
2601 2382
2602 2381
2603 2380
2604 2380
2605 2378
2606 2379
2607 2379
2608 2379
2609 2379
2610 2379
2611 2379
2612 2377
2613 2377
2614 2375
2615 2375
2616 2385
2617 2378
2618 2383
2619 2387
2620 2384
2621 2375
2622 2382
2623 2376
2624 2376
2625 2376
2626 2384
2627 2383
2628 2382
2629 2378
2630 2379
2631 2379
2632 2378
2633 2379
2634 2379
2635 2379
2636 2379
2637 2380
2638 2382
2639 2382
2640 2383
2641 2379
2642 2381
2643 2381
2644 2380
2645 2381
2646 2380
2647 2383
2648 2383
2649 2377
2650 2376
2651 2376
2652 2375
2653 2376
2654 2375
2655 2376
2656 2375
2657 2379
2658 2373
2659 2378
2660 2380
2661 2380
2662 2380
2663 2380
2664 2382
2665 2382
2666 2386
2667 2387
2668 2382
2669 2383
2670 2383
2671 2384
2672 2388
2673 2390
2674 2390
2675 2391
2676 2391
2677 2391
2678 2383
2679 2383
2680 2383
2681 2383
2682 2383
2683 2389
2684 2388
2685 2382
2686 2389
2687 2390
2688 2383
2689 2382
2690 2384
2691 2382
2692 2382
2693 2382
2694 2382
2695 2386
2696 2384
2697 2382
2698 2382
2699 2382
2700 2382
2701 2382
2702 2382
2703 2382
2704 2382
2705 2381
2706 2382
2707 2381
2708 2381
2709 2381
2710 2381
2711 2381
2712 2381
2713 2380
2714 2381
2715 2380
2716 2381
2717 2382
2718 2380
2719 2380
2720 2377
2721 2377
2722 2378
2723 2378
2724 2383
2725 2378
2726 2378
2727 2377
2728 2377
2729 2378
2730 2375
2731 2375
2732 2375
2733 2375
2734 2374
2735 2373
2736 2375
2737 2371
2738 2370
2739 2368
2740 2368
2741 2367
2742 2368
2743 2368
2744 2368
2745 2373
2746 2373
2747 2381
2748 2375
2749 2372
2750 2379
2751 2375
2752 2374
2753 2375
2754 2373
2755 2374
2756 2373
2757 2373
2758 2372
2759 2372
2760 2371
2761 2368
2762 2368
2763 2360

