97 2490
98 2490
99 2492
100 2492
101 2491
102 2492
103 2492
104 2492
105 2492
106 2492
107 2492
108 2492
109 2492
110 2492
111 2492
112 2492
113 2492
114 2492
115 2492
116 2492
117 2492
118 2491
119 2492
120 2492
121 2492
122 2492
123 2492
124 2492
125 2492
126 2492
127 2492
128 2492
129 2492
130 2491
131 2492
132 2491
133 2491
134 2492
135 2491
136 2492
137 2491
138 2491
139 2491
140 2491
141 2491
142 2492
143 2491
144 2491
145 2492
146 2492
147 2492
148 2491
149 2492
150 2492
151 2492
152 2492
153 2491
154 2492
155 2493
156 2489
157 2490
158 2489
159 2490
160 2490
161 2490
162 2490
163 2490
164 2490
165 2490
166 2490
167 2491
168 2490
169 2491
170 2490
171 2490
172 2490
173 2490
174 2489
175 2495
176 2491
177 2491
178 2491
179 2490
180 2490
181 2490
182 2495
183 2493
184 2491
185 2491
186 2491
187 2493
188 2494
189 2490
190 2491
191 2491
192 2491
193 2491
194 2491
195 2491
196 2493
197 2491
198 2491
199 2491
200 2491
201 2491
202 2491
203 2491
204 2491
205 2491
206 2491
207 2491
208 2491
209 2491
210 2491
211 2491
212 2491
213 2491
214 2491
215 2491
216 2491
217 2491
218 2491
219 2491
220 2491
221 2491
222 2491
223 2491
224 2491
225 2491
226 2492
227 2491
228 2491
229 2491
230 2491
231 2491
232 2491
233 2491
234 2491
235 2491
236 2490
237 2490
238 2491
239 2491
240 2491
241 2491
242 2490
243 2491
244 2491
245 2491
246 2490
247 2490
248 2490
249 2491
250 2491
251 2491
252 2490
253 2491
254 2491
255 2491
256 2491
257 2491
258 2490
259 2491
260 2491
261 2491
262 2491
263 2491
264 2491
265 2491
266 2491
267 2491
268 2491
269 2491
270 2491
271 2491
272 2490
273 2490
274 2491
275 2491
276 2490
277 2490
278 2491
279 2491
280 2490
281 2491
282 2491
283 2491
284 2491
285 2491
286 2490
287 2490
288 2491
289 2490
290 2491
291 2491
292 2491
293 2491
294 2491
295 2491
296 2490
297 2490
298 2491
299 2490
300 2491
301 2490
302 2490
303 2490
304 2490
305 2490
306 2490
307 2490
308 2490
309 2490
310 2490
311 2490
312 2490
313 2490
314 2490
315 2490
316 2490
317 2490
318 2490
319 2490
320 2490
321 2490
322 2490
323 2491
324 2490
325 2492
326 2491
327 2490
328 2490
329 2490
330 2490
331 2489
332 2490
333 2490
334 2490
335 2490
336 2490
337 2490
338 2490
339 2490
340 2490
341 2490
342 2490
343 2489
344 2490
345 2490
346 2490
347 2490
348 2490
349 2490
350 2490
351 2490
352 2490
353 2490
354 2490
355 2490
356 2490
357 2490
358 2489
359 2490
360 2489
361 2489
362 2489
363 2489
364 2490
365 2489
366 2489
367 2489
368 2489
369 2489
370 2489
371 2489
372 2490
373 2490
374 2489
375 2493
376 2489
377 2489
378 2489
379 2489
380 2489
381 2489
382 2489
383 2489
384 2489
385 2490
386 2489
387 2489
388 2489
389 2489
390 2489
391 2489
392 2489
393 2489
394 2489
395 2489
396 2489
397 2489
398 2489
399 2489
400 2490
401 2490
402 2489
403 2489
404 2490
405 2489
406 2489
407 2489
408 2489
409 2489
410 2489
411 2489
412 2489
413 2489
414 2489
415 2489
416 2488
417 2489
418 2489
419 2490
420 2491
421 2489
422 2489
423 2489
424 2489
425 2489
426 2489
427 2489
428 2489
429 2489
430 2489
431 2489
432 2489
433 2489
434 2489
435 2491
436 2491
437 2489
438 2489
439 2488
440 2489
441 2489
442 2489
443 2488
444 2491
445 2491
446 2491
447 2488
448 2488
449 2488
450 2488
451 2488
452 2492
453 2489
454 2489
455 2489
456 2489
457 2489
458 2489
459 2489
460 2488
461 2489
462 2488
463 2488
464 2488
465 2488
466 2488
467 2488
468 2488
469 2488
470 2488
471 2488
472 2488
473 2488
474 2488
475 2488
476 2488
477 2488
478 2488
479 2488
480 2489
481 2488
482 2489
483 2489
484 2489
485 2488
486 2488
487 2488
488 2488
489 2488
490 2488
491 2489
492 2488
493 2488
494 2488
495 2488
496 2488
497 2489
498 2488
499 2488
500 2488
501 2488
502 2488
503 2488
504 2488
505 2488
506 2488
507 2488
508 2488
509 2488
510 2488
511 2488
512 2488
513 2488
514 2488
515 2488
516 2488
517 2488
518 2488
519 2488
520 2488
521 2488
522 2488
523 2488
524 2488
525 2488
526 2488
527 2488
528 2488
529 2487
530 2488
531 2488
532 2488
533 2487
534 2487
535 2488
536 2488
537 2488
538 2488
539 2488
540 2488
541 2488
542 2487
543 2488
544 2487
545 2488
546 2488
547 2487
548 2488
549 2488
550 2487
551 2487
552 2487
553 2488
554 2487
555 2487
556 2487
557 2487
558 2490
559 2487
560 2486
561 2486
562 2486
563 2487
564 2486
565 2488
566 2487
567 2486
568 2486
569 2486
570 2486
571 2486
572 2486
573 2485
574 2486
575 2486
576 2486
577 2486
578 2486
579 2486
580 2486
581 2486
582 2487
583 2485
584 2485
585 2486
586 2486
587 2486
588 2486
589 2485
590 2486
591 2490
592 2485
593 2490
594 2490
595 2489
596 2486
597 2486
598 2486
599 2485
600 2485
601 2486
602 2485
603 2485
604 2486
605 2485
606 2488
607 2486
608 2485
609 2486
610 2486
611 2486
612 2485
613 2485
614 2485
615 2485
616 2486
617 2485
618 2489
619 2484
620 2487
621 2486
622 2486
623 2486
624 2486
625 2487
626 2486
627 2487
628 2487
629 2487
630 2486
631 2486
632 2489
633 2486
634 2486
635 2487
636 2486
637 2486
638 2485
639 2486
640 2487
641 2485
642 2489
643 2486
644 2486
645 2486
646 2486
647 2486
648 2487
649 2486
650 2486
651 2486
652 2486
653 2487
654 2486
655 2486
656 2487
657 2486
658 2486
659 2486
660 2486
661 2487
662 2486
663 2486
664 2486
665 2486
666 2486
667 2486
668 2486
669 2486
670 2486
671 2486
672 2486
673 2486
674 2486
675 2486
676 2486
677 2486
678 2486
679 2486
680 2486
681 2486
682 2486
683 2487
684 2486
685 2486
686 2486
687 2486
688 2486
689 2485
690 2486
691 2486
692 2485
693 2486
694 2485
695 2486
696 2486
697 2486
698 2489
699 2486
700 2486
701 2486
702 2486
703 2486
704 2486
705 2486
706 2486
707 2486
708 2486
709 2486
710 2486
711 2489
712 2486
713 2486
714 2486
715 2486
716 2486
717 2486
718 2487
719 2486
720 2486
721 2486
722 2486
723 2486
724 2486
725 2486
726 2487
727 2487
728 2486
729 2487
730 2486
731 2486
732 2486
733 2486
734 2486
735 2486
736 2486
737 2486
738 2486
739 2486
740 2486
741 2486
742 2486
743 2486
744 2486
745 2486
746 2486
747 2486
748 2486
749 2486
750 2486
751 2486
752 2486
753 2486
754 2486
755 2486
756 2486
757 2486
758 2486
759 2486
760 2486
761 2486
762 2486
763 2485
764 2486
765 2486
766 2486
767 2486
768 2486
769 2486
770 2486
771 2486
772 2486
773 2486
774 2486
775 2486
776 2486
777 2486
778 2486
779 2486
780 2486
781 2486
782 2486
783 2486
784 2486
785 2486
786 2486
787 2486
788 2486
789 2486
790 2486
791 2486
792 2486
793 2486
794 2486
795 2486
796 2486
797 2486
798 2486
799 2486
800 2486
801 2486
802 2486
803 2486
804 2485
805 2485
806 2485
807 2485
808 2485
809 2485
810 2485
811 2486
812 2487
813 2484
814 2484
815 2487
816 2485
817 2485
818 2485
819 2486
820 2487
821 2486
822 2486
823 2486
824 2485
825 2486
826 2486
827 2486
828 2485
829 2486
830 2486
831 2485
832 2485
833 2485
834 2486
835 2486
836 2485
837 2486
838 2486
839 2485
840 2486
841 2486
842 2486
843 2486
844 2486
845 2486
846 2486
847 2486
848 2486
849 2486
850 2486
851 2486
852 2486
853 2486
854 2486
855 2486
856 2486
857 2486
858 2486
859 2486
860 2487
861 2488
862 2487
863 2486
864 2486
865 2486
866 2486
867 2486
868 2486
869 2486
870 2486
871 2486
872 2486
873 2487
874 2486
875 2486
876 2486
877 2486
878 2487
879 2487
880 2487
881 2486
882 2486
883 2487
884 2486
885 2487
886 2487
887 2486
888 2487
889 2487
890 2487
891 2487
892 2487
893 2487
894 2487
895 2487
896 2487
897 2487
898 2487
899 2487
900 2487
901 2487
902 2487
903 2487
904 2486
905 2487
906 2487
907 2487
908 2488
909 2487
910 2487
911 2486
912 2486
913 2486
914 2490
915 2491
916 2486
917 2486
918 2486
919 2487
920 2487
921 2486
922 2491
923 2491
924 2487
925 2487
926 2487
927 2487
928 2487
929 2487
930 2487
931 2487
932 2487
933 2487
934 2487
935 2487
936 2487
937 2487
938 2487
939 2487
940 2487
941 2487
942 2487
943 2487
944 2487
945 2487
946 2487
947 2487
948 2487
949 2487
950 2487
951 2487
952 2487
953 2487
954 2487
955 2487
956 2487
957 2487
958 2487
959 2487
960 2487
961 2487
962 2487
963 2487
964 2487
965 2487
966 2487
967 2488
968 2488
969 2488
970 2487
971 2488
972 2487
973 2492
974 2487
975 2487
976 2488
977 2488
978 2487
979 2488
980 2488
981 2488
982 2488
983 2488
984 2488
985 2487
986 2488
987 2487
988 2488
989 2488
990 2488
991 2488
992 2488
993 2488
994 2488
995 2488
996 2487
997 2488
998 2488
999 2488
1000 2488
1001 2488
1002 2492
1003 2488
1004 2487
1005 2487
1006 2488
1007 2488
1008 2488
1009 2488
1010 2488
1011 2488
1012 2488
1013 2488
1014 2488
1015 2488
1016 2488
1017 2488
1018 2488
1019 2488
1020 2488
1021 2488
1022 2488
1023 2488
1024 2488
1025 2488
1026 2488
1027 2488
1028 2488
1029 2488
1030 2488
1031 2488
1032 2488
1033 2488
1034 2489
1035 2492
1036 2491
1037 2488
1038 2488
1039 2488
1040 2488
1041 2488
1042 2488
1043 2488
1044 2488
1045 2488
1046 2488
1047 2488
1048 2488
1049 2488
1050 2488
1051 2488
1052 2488
1053 2488
1054 2488
1055 2488
1056 2488
1057 2488
1058 2488
1059 2488
1060 2490
1061 2488
1062 2489
1063 2489
1064 2488
1065 2488
1066 2488
1067 2488
1068 2488
1069 2488
1070 2488
1071 2489
1072 2488
1073 2487
1074 2489
1075 2488
1076 2488
1077 2489
1078 2489
1079 2489
1080 2488
1081 2489
1082 2489
1083 2488
1084 2488
1085 2488
1086 2488
1087 2488
1088 2488
1089 2488
1090 2488
1091 2488
1092 2489
1093 2489
1094 2489
1095 2489
1096 2488
1097 2489
1098 2488
1099 2488
1100 2488
1101 2489
1102 2489
1103 2489
1104 2489
1105 2488
1106 2488
1107 2489
1108 2488
1109 2488
1110 2488
1111 2489
1112 2488
1113 2488
1114 2488
1115 2488
1116 2489
1117 2489
1118 2488
1119 2489
1120 2488
1121 2488
1122 2489
1123 2489
1124 2488
1125 2488
1126 2488
1127 2488
1128 2489
1129 2489
1130 2489
1131 2489
1132 2488
1133 2488
1134 2488
1135 2488
1136 2488
1137 2488
1138 2488
1139 2488
1140 2488
1141 2488
1142 2488
1143 2488
1144 2488
1145 2488
1146 2489
1147 2488
1148 2488
1149 2489
1150 2488
1151 2488
1152 2488
1153 2488
1154 2488
1155 2488
1156 2488
1157 2488
1158 2488
1159 2488
1160 2488
1161 2488
1162 2490
1163 2489
1164 2494
1165 2490
1166 2482
1167 2492
1168 2485
1169 2486
1170 2486
1171 2488
1172 2490
1173 2487
1174 2488
1175 2489
1176 2488
1177 2488
1178 2488
1179 2488
1180 2488
1181 2490
1182 2489
1183 2493
1184 2488
1185 2485
1186 2486
1187 2484
1188 2486
1189 2484
1190 2482
1191 2487
1192 2487
1193 2488
1194 2484
1195 2484
1196 2485
1197 2487
1198 2489
1199 2486
1200 2490
1201 2491
1202 2486
1203 2486
1204 2488
1205 2488
1206 2488
1207 2487
1208 2487
1209 2488
1210 2488
1211 2486
1212 2484
1213 2486
1214 2485
1215 2484
1216 2484
1217 2483
1218 2486
1219 2486
1220 2486
1221 2491
1222 2489
1223 2492
1224 2495
1225 2491
1226 2493
1227 2481
1228 2491
1229 2491
1230 2489
1231 2483
1232 2484
1233 2482
1234 2487
1235 2490
1236 2487
1237 2488
1238 2488
1239 2488
1240 2489
1241 2493
1242 2484
1243 2490
1244 2497
1245 2489
1246 2491
1247 2484
1248 2485
1249 2486
1250 2486
1251 2486
1252 2487
1253 2487
1254 2487
1255 2488
1256 2487
1257 2488
1258 2486
1259 2485
1260 2485
1261 2489
1262 2493
1263 2494
1264 2494
1265 2490
1266 2491
1267 2491
1268 2489
1269 2498
1270 2488
1271 2489
1272 2486
1273 2483
1274 2489
1275 2495
1276 2488
1277 2493
1278 2485
1279 2489
1280 2479
1281 2484
1282 2483
1283 2489
1284 2486
1285 2487
1286 2486
1287 2486
1288 2486
1289 2488
1290 2490
1291 2487
1292 2487
1293 2493
1294 2486
1295 2486
1296 2487
1297 2486
1298 2492
1299 2487
1300 2487
1301 2487
1302 2489
1303 2488
1304 2487
1305 2486
1306 2491
1307 2488
1308 2489
1309 2488
1310 2486
1311 2486
1312 2486
1313 2484
1314 2491
1315 2488
1316 2492
1317 2490
1318 2489
1319 2489
1320 2489
1321 2488
1322 2488
1323 2488
1324 2489
1325 2489
1326 2489
1327 2489
1328 2489
1329 2489
1330 2489
1331 2489
1332 2489
1333 2489
1334 2490
1335 2490
1336 2489
1337 2490
1338 2489
1339 2489
1340 2490
1341 2491
1342 2491
1343 2490
1344 2490
1345 2490
1346 2489
1347 2490
1348 2490
1349 2490
1350 2490
1351 2490
1352 2489
1353 2490
1354 2490
1355 2490
1356 2490
1357 2490
1358 2490
1359 2490
1360 2490
1361 2492
1362 2492
1363 2493
1364 2493
1365 2494
1366 2494
1367 2491
1368 2492
1369 2491
1370 2490
1371 2489
1372 2489
1373 2490
1374 2490
1375 2490
1376 2490
1377 2490
1378 2490
1379 2490
1380 2489
1381 2490
1382 2489
1383 2490
1384 2489
1385 2490
1386 2489
1387 2490
1388 2490
1389 2490
1390 2490
1391 2491
1392 2491
1393 2491
1394 2490
1395 2490
1396 2490
1397 2490
1398 2491
1399 2493
1400 2493
1401 2493
1402 2492
1403 2494
1404 2490
1405 2490
1406 2490
1407 2490
1408 2490
1409 2490
1410 2490
1411 2489
1412 2489
1413 2489
1414 2489
1415 2488
1416 2489
1417 2489
1418 2489
1419 2489
1420 2489
1421 2489
1422 2489
1423 2489
1424 2489
1425 2489
1426 2490
1427 2489
1428 2489
1429 2489
1430 2489
1431 2489
1432 2489
1433 2489
1434 2489
1435 2489
1436 2489
1437 2489
1438 2489
1439 2489
1440 2489
1441 2489
1442 2489
1443 2490
1444 2490
1445 2489
1446 2489
1447 2489
1448 2490
1449 2489
1450 2489
1451 2489
1452 2489
1453 2489
1454 2489
1455 2489
1456 2488
1457 2489
1458 2489
1459 2489
1460 2489
1461 2489
1462 2489
1463 2490
1464 2489
1465 2489
1466 2489
1467 2489
1468 2489
1469 2489
1470 2489
1471 2488
1472 2489
1473 2489
1474 2488
1475 2489
1476 2489
1477 2489
1478 2489
1479 2488
1480 2488
1481 2488
1482 2489
1483 2489
1484 2488
1485 2488
1486 2489
1487 2490
1488 2489
1489 2489
1490 2488
1491 2489
1492 2490
1493 2489
1494 2489
1495 2488
1496 2488
1497 2488
1498 2489
1499 2488
1500 2487
1501 2487
1502 2487
1503 2487
1504 2487
1505 2487
1506 2488
1507 2487
1508 2488
1509 2487
1510 2487
1511 2487
1512 2486
1513 2486
1514 2487
1515 2486
1516 2486
1517 2486
1518 2486
1519 2486
1520 2486
1521 2486
1522 2486
1523 2486
1524 2486
1525 2486
1526 2486
1527 2486
1528 2486
1529 2486
1530 2486
1531 2486
1532 2486
1533 2486
1534 2486
1535 2486
1536 2486
1537 2486
1538 2486
1539 2489
1540 2486
1541 2486
1542 2486
1543 2486
1544 2485
1545 2485
1546 2489
1547 2486
1548 2485
1549 2486
1550 2486
1551 2486
1552 2486
1553 2486
1554 2484
1555 2485
1556 2485
1557 2485
1558 2485
1559 2485
1560 2485
1561 2485
1562 2485
1563 2489
1564 2486
1565 2485
1566 2485
1567 2484
1568 2485
1569 2487
1570 2486
1571 2486
1572 2486
1573 2486
1574 2485
1575 2485
1576 2485
1577 2485
1578 2485
1579 2485
1580 2485
1581 2485
1582 2485
1583 2484
1584 2485
1585 2485
1586 2485
1587 2485
1588 2485
1589 2485
1590 2485
1591 2484
1592 2484
1593 2485
1594 2485
1595 2485
1596 2484
1597 2484
1598 2484
1599 2484
1600 2484
1601 2484
1602 2484
1603 2485
1604 2484
1605 2484
1606 2484
1607 2484
1608 2484
1609 2484
1610 2484
1611 2488
1612 2484
1613 2485
1614 2485
1615 2485
1616 2485
1617 2485
1618 2484
1619 2485
1620 2485
1621 2485
1622 2485
1623 2485
1624 2484
1625 2484
1626 2484
1627 2484
1628 2484
1629 2484
1630 2485
1631 2484
1632 2484
1633 2484
1634 2484
1635 2484
1636 2485
1637 2484
1638 2484
1639 2484
1640 2484
1641 2484
1642 2485
1643 2484
1644 2484
1645 2484
1646 2484
1647 2484
1648 2484
1649 2484
1650 2484
1651 2484
1652 2484
1653 2484
1654 2484
1655 2484
1656 2484
1657 2484
1658 2484
1659 2484
1660 2484
1661 2484
1662 2484
1663 2484
1664 2483
1665 2484
1666 2484
1667 2484
1668 2483
1669 2484
1670 2484
1671 2484
1672 2484
1673 2484
1674 2484
1675 2483
1676 2483
1677 2485
1678 2488
1679 2483
1680 2483
1681 2483
1682 2483
1683 2483
1684 2483
1685 2483
1686 2483
1687 2483
1688 2483
1689 2483
1690 2483
1691 2483
1692 2483
1693 2483
1694 2483
1695 2482
1696 2482
1697 2482
1698 2482
1699 2482
1700 2482
1701 2482
1702 2482
1703 2482
1704 2482
1705 2482
1706 2482
1707 2482
1708 2482
1709 2482
1710 2482
1711 2482
1712 2482
1713 2482
1714 2482
1715 2481
1716 2482
1717 2481
1718 2481
1719 2481
1720 2481
1721 2481
1722 2481
1723 2481
1724 2481
1725 2481
1726 2481
1727 2481
1728 2481
1729 2481
1730 2481
1731 2481
1732 2481
1733 2480
1734 2481
1735 2481
1736 2481
1737 2481
1738 2481
1739 2480
1740 2480
1741 2480
1742 2480
1743 2480
1744 2480
1745 2480
1746 2480
1747 2480
1748 2480
1749 2480
1750 2480
1751 2480
1752 2480
1753 2480
1754 2480
1755 2480
1756 2480
1757 2480
1758 2480
1759 2480
1760 2480
1761 2480
1762 2480
1763 2480
1764 2479
1765 2480
1766 2480
1767 2480
1768 2479
1769 2480
1770 2480
1771 2480
1772 2480
1773 2479
1774 2479
1775 2479
1776 2479
1777 2479
1778 2479
1779 2479
1780 2479
1781 2479
1782 2479
1783 2479
1784 2479
1785 2479
1786 2478
1787 2479
1788 2479
1789 2479
1790 2479
1791 2478
1792 2478
1793 2478
1794 2479
1795 2479
1796 2479
1797 2479
1798 2479
1799 2478
1800 2478
1801 2478
1802 2478
1803 2479
1804 2478
1805 2478
1806 2478
1807 2478
1808 2478
1809 2477
1810 2480
1811 2481
1812 2477
1813 2477
1814 2477
1815 2477
1816 2482
1817 2477
1818 2478
1819 2478
1820 2478
1821 2478
1822 2477
1823 2477
1824 2477
1825 2477
1826 2480
1827 2477
1828 2477
1829 2477
1830 2477
1831 2477
1832 2477
1833 2478
1834 2477
1835 2477
1836 2477
1837 2476
1838 2478
1839 2478
1840 2476
1841 2476
1842 2477
1843 2476
1844 2477
1845 2476
1846 2476
1847 2477
1848 2476
1849 2476
1850 2476
1851 2476
1852 2476
1853 2475
1854 2477
1855 2476
1856 2476
1857 2476
1858 2475
1859 2475
1860 2475
1861 2479
1862 2475
1863 2476
1864 2475
1865 2475
1866 2475
1867 2475
1868 2478
1869 2475
1870 2475
1871 2475
1872 2475
1873 2475
1874 2475
1875 2475
1876 2475
1877 2475
1878 2475
1879 2475
1880 2475
1881 2474
1882 2475
1883 2474
1884 2474
1885 2474
1886 2474
1887 2474
1888 2474
1889 2474
1890 2474
1891 2474
1892 2474
1893 2474
1894 2474
1895 2474
1896 2474
1897 2474
1898 2474
1899 2474
1900 2473
1901 2474
1902 2474
1903 2474
1904 2473
1905 2473
1906 2473
1907 2473
1908 2473
1909 2473
1910 2474
1911 2473
1912 2473
1913 2473
1914 2473
1915 2473
1916 2473
1917 2473
1918 2473
1919 2473
1920 2473
1921 2473
1922 2472
1923 2473
1924 2473
1925 2472
1926 2472
1927 2471
1928 2472
1929 2472
1930 2472
1931 2471
1932 2472
1933 2472
1934 2472
1935 2472
1936 2472
1937 2472
1938 2472
1939 2472
1940 2472
1941 2472
1942 2472
1943 2472
1944 2472
1945 2471
1946 2471
1947 2472
1948 2471
1949 2472
1950 2472
1951 2472
1952 2472
1953 2472
1954 2472
1955 2472
1956 2472
1957 2476
1958 2473
1959 2471
1960 2471
1961 2470
1962 2474
1963 2471
1964 2470
1965 2470
1966 2469
1967 2470
1968 2470
1969 2469
1970 2470
1971 2469
1972 2469
1973 2469
1974 2469
1975 2469
1976 2469
1977 2469
1978 2470
1979 2469
1980 2469
1981 2469
1982 2469
1983 2469
1984 2468
1985 2469
1986 2472
1987 2468
1988 2468
1989 2468
1990 2468
1991 2468
1992 2469
1993 2468
1994 2468
1995 2468
1996 2467
1997 2467
1998 2467
1999 2467
2000 2467
2001 2467
2002 2467
2003 2467
2004 2467
2005 2467
2006 2468
2007 2469
2008 2467
2009 2467
2010 2467
2011 2467
2012 2467
2013 2466
2014 2466
2015 2467
2016 2466
2017 2466
2018 2470
2019 2466
2020 2466
2021 2466
2022 2466
2023 2466
2024 2466
2025 2466
2026 2466
2027 2466
2028 2465
2029 2466
2030 2466
2031 2466
2032 2466
2033 2466
2034 2466
2035 2466
2036 2465
2037 2465
2038 2465
2039 2465
2040 2466
2041 2466
2042 2466
2043 2465
2044 2465
2045 2465
2046 2465
2047 2465
2048 2465
2049 2465
2050 2465
2051 2465
2052 2465
2053 2465
2054 2465
2055 2465
2056 2465
2057 2465
2058 2465
2059 2465
2060 2465
2061 2465
2062 2464
2063 2465
2064 2465
2065 2465
2066 2465
2067 2465
2068 2465
2069 2464
2070 2465
2071 2464
2072 2464
2073 2465
2074 2465
2075 2464
2076 2465
2077 2465
2078 2464
2079 2464
2080 2464
2081 2464
2082 2464
2083 2464
2084 2464
2085 2464
2086 2464
2087 2463
2088 2464
2089 2464
2090 2464
2091 2464
2092 2464
2093 2464
2094 2464
2095 2464
2096 2464
2097 2464
2098 2464
2099 2464
2100 2463
2101 2464
2102 2463
2103 2463
2104 2463
2105 2463
2106 2463
2107 2463
2108 2463
2109 2463
2110 2463
2111 2463
2112 2463
2113 2463
2114 2463
2115 2463
2116 2463
2117 2463
2118 2463
2119 2463
2120 2463
2121 2463
2122 2463
2123 2463
2124 2463
2125 2462
2126 2462
2127 2462
2128 2463
2129 2463
2130 2462
2131 2463
2132 2462
2133 2462
2134 2462
2135 2462
2136 2462
2137 2462
2138 2462
2139 2462
2140 2462
2141 2462
2142 2462
2143 2462
2144 2462
2145 2462
2146 2462
2147 2462
2148 2462
2149 2462
2150 2461
2151 2462
2152 2462
2153 2462
2154 2462
2155 2462
2156 2462
2157 2462
2158 2463
2159 2462
2160 2462
2161 2462
2162 2462
2163 2466
2164 2462
2165 2462
2166 2462
2167 2462
2168 2462
2169 2463
2170 2464
2171 2461
2172 2462
2173 2461
2174 2462
2175 2463
2176 2462
2177 2463
2178 2462
2179 2462
2180 2463
2181 2462
2182 2462
2183 2462
2184 2462
2185 2462
2186 2461
2187 2462
2188 2461
2189 2461
2190 2462
2191 2462
2192 2462
2193 2462
2194 2462
2195 2462
2196 2462
2197 2462
2198 2461
2199 2461
2200 2461
2201 2461
2202 2461
2203 2461
2204 2461
2205 2461
2206 2461
2207 2460
2208 2461
2209 2460
2210 2461
2211 2461
2212 2461
2213 2461
2214 2460
2215 2460
2216 2460
2217 2460
2218 2460
2219 2460
2220 2460
2221 2459
2222 2459
2223 2459
2224 2459
2225 2459
2226 2459
2227 2459
2228 2459
2229 2459
2230 2459
2231 2459
2232 2459
2233 2459
2234 2459
2235 2458
2236 2458
2237 2458
2238 2458
2239 2458
2240 2458
2241 2458
2242 2458
2243 2458
2244 2458
2245 2458
2246 2458
2247 2458
2248 2458
2249 2458
2250 2458
2251 2458
2252 2457
2253 2458
2254 2457
2255 2458
2256 2458
2257 2457
2258 2457
2259 2457
2260 2457
2261 2457
2262 2457
2263 2457
2264 2457
2265 2456
2266 2457
2267 2457
2268 2457
2269 2457
2270 2457
2271 2457
2272 2457
2273 2456
2274 2457
2275 2457
2276 2457
2277 2457
2278 2457
2279 2457
2280 2457
2281 2457
2282 2458
2283 2458
2284 2458
2285 2457
2286 2458
2287 2457
2288 2457
2289 2457
2290 2457
2291 2457
2292 2457
2293 2457
2294 2457
2295 2457
2296 2457
2297 2457
2298 2459
2299 2456
2300 2456
2301 2456
2302 2457
2303 2457
2304 2457
2305 2457
2306 2456
2307 2457
2308 2457
2309 2456
2310 2456
2311 2456
2312 2456
2313 2456
2314 2455
2315 2455
2316 2456
2317 2456
2318 2456
2319 2456
2320 2456
2321 2455
2322 2455
2323 2455
2324 2455
2325 2454
2326 2454
2327 2454
2328 2453
2329 2453
2330 2453
2331 2453
2332 2453
2333 2453
2334 2453
2335 2452
2336 2452
2337 2452
2338 2452
2339 2451
2340 2451
2341 2451
2342 2451
2343 2451
2344 2451
2345 2450
2346 2450
2347 2450
2348 2449
2349 2449
2350 2449
2351 2449
2352 2450
2353 2450
2354 2449
2355 2449
2356 2449
2357 2450
2358 2449
2359 2448
2360 2449
2361 2448
2362 2449
2363 2448
2364 2449
2365 2449
2366 2449
2367 2449
2368 2448
2369 2448
2370 2448
2371 2448
2372 2448
2373 2447
2374 2447
2375 2447
2376 2447
2377 2447
2378 2446
2379 2446
2380 2446
2381 2446
2382 2446
2383 2446
2384 2446
2385 2446
2386 2446
2387 2446
2388 2446
2389 2446
2390 2446
2391 2446
2392 2446
2393 2447
2394 2447
2395 2450
2396 2447
2397 2447
2398 2446
2399 2446
2400 2447
2401 2446
2402 2447
2403 2447
2404 2447
2405 2446
2406 2445
2407 2445
2408 2445
2409 2445
2410 2444
2411 2444
2412 2445
2413 2444
2414 2444
2415 2444
2416 2444
2417 2444
2418 2444
2419 2444
2420 2444
2421 2445
2422 2440
2423 2439
2424 2439
2425 2438
2426 2438
2427 2438
2428 2438
2429 2437
2430 2437
2431 2437
2432 2437
2433 2437
2434 2437
2435 2437
2436 2437
2437 2437
2438 2437
2439 2437
2440 2437
2441 2437
2442 2437
2443 2437
2444 2437
2445 2436
2446 2437
2447 2436
2448 2436
2449 2437
2450 2436
2451 2437
2452 2436
2453 2436
2454 2436
2455 2436
2456 2436
2457 2437
2458 2437
2459 2437
2460 2437
2461 2436
2462 2436
2463 2437
2464 2437
2465 2436
2466 2436
2467 2436
2468 2436
2469 2436
2470 2436
2471 2436
2472 2436
2473 2435
2474 2436
2475 2436
2476 2435
2477 2435
2478 2434
2479 2435
2480 2435
2481 2435
2482 2435
2483 2434
2484 2435
2485 2434
2486 2435
2487 2435
2488 2435
2489 2435
2490 2435
2491 2435
2492 2435
2493 2434
2494 2434
2495 2434
2496 2435
2497 2434
2498 2434
2499 2434
2500 2434
2501 2434
2502 2434
2503 2434
2504 2434
2505 2433
2506 2433
2507 2433
2508 2433
2509 2433
2510 2433
2511 2433
2512 2433
2513 2432
2514 2433
2515 2433
2516 2432
2517 2432
2518 2432
2519 2433
2520 2432
2521 2437
2522 2433
2523 2433
2524 2433
2525 2433
2526 2433
2527 2433
2528 2433
2529 2433
2530 2433
2531 2433
2532 2433
2533 2432
2534 2432
2535 2432
2536 2433
2537 2432
2538 2432
2539 2432
2540 2432
2541 2432
2542 2433
2543 2432
2544 2432
2545 2432
2546 2432
2547 2433
2548 2435
2549 2433
2550 2432
2551 2432
2552 2443
2553 2432
2554 2432
2555 2433
2556 2433
2557 2433
2558 2433
2559 2433
2560 2438
2561 2433
2562 2433
2563 2433
2564 2433
2565 2433
2566 2433
2567 2433
2568 2433
2569 2433
2570 2438
2571 2440
2572 2437
2573 2439
2574 2439
2575 2438
2576 2438
2577 2438
2578 2438
2579 2439
2580 2438
2581 2439
2582 2439
2583 2438
2584 2438
2585 2439
2586 2438
2587 2437
2588 2437
2589 2439
2590 2438
2591 2436
2592 2436
2593 2437
2594 2438
2595 2438
2596 2438
2597 2438
2598 2437
2599 2437
2600 2437
2601 2438
2602 2438
2603 2436
2604 2436
2605 2436
2606 2436
2607 2435
2608 2436
2609 2437
2610 2437
2611 2438
2612 2440
2613 2440
2614 2441
2615 2439
2616 2443
2617 2441
2618 2441
2619 2448
2620 2441
2621 2441
2622 2439
2623 2437
2624 2436
2625 2437
2626 2437
2627 2437
2628 2437
2629 2437
2630 2437
2631 2437
2632 2437
2633 2437
2634 2437
2635 2437
2636 2437
2637 2437
2638 2437
2639 2437
2640 2437
2641 2437
2642 2438
2643 2437
2644 2437
2645 2437
2646 2439
2647 2436
2648 2436
2649 2436
2650 2435
2651 2435
2652 2435
2653 2436
2654 2436
2655 2436
2656 2436
2657 2435
2658 2433
2659 2433
2660 2430
2661 2430
2662 2430
2663 2429
2664 2430
2665 2429
2666 2440
2667 2429
2668 2429
2669 2429
2670 2429
2671 2429
2672 2429
2673 2433
2674 2434
2675 2429
2676 2429
2677 2429
2678 2429
2679 2428
2680 2429
2681 2429
2682 2429
2683 2429
2684 2427
2685 2439
2686 2432
2687 2429
2688 2428
2689 2429
2690 2429
2691 2429
2692 2429
2693 2428
2694 2428
2695 2429
2696 2428
2697 2428
2698 2428
2699 2428
2700 2428
2701 2428
2702 2428
2703 2428
2704 2428
2705 2428
2706 2428
2707 2427
2708 2427
2709 2427
2710 2427
2711 2427
2712 2427
2713 2427
2714 2427
2715 2427
2716 2427
2717 2427
2718 2427
2719 2427
2720 2426
2721 2426
2722 2426
2723 2427
2724 2426
2725 2426
2726 2426
2727 2427
2728 2426
2729 2426
2730 2426
2731 2426
2732 2426
2733 2426
2734 2426
2735 2426
2736 2426
2737 2426
2738 2427
2739 2426
2740 2426
2741 2426
2742 2426
2743 2426
2744 2426
2745 2425
2746 2425
2747 2425
2748 2425
2749 2425
2750 2425
2751 2425
2752 2424
2753 2425
2754 2425
2755 2425
2756 2424
2757 2424
2758 2424
2759 2424
2760 2424
2761 2424
2762 2425
2763 2425
2764 2425
2765 2424
2766 2423
2767 2424
2768 2424
2769 2424
2770 2424
2771 2424
2772 2424
2773 2424
2774 2424
2775 2429
2776 2424
2777 2424
2778 2424
2779 2424
2780 2424
2781 2423
2782 2423
2783 2424
2784 2423
2785 2423
2786 2423
2787 2423
2788 2423
2789 2423
2790 2423
2791 2423
2792 2423
2793 2423
2794 2423
2795 2423
2796 2423
2797 2422
2798 2422
2799 2422
2800 2423
2801 2423
2802 2422
2803 2422
2804 2422
2805 2422
2806 2422
2807 2421
2808 2422
2809 2422
2810 2422
2811 2422
2812 2423
2813 2422
2814 2422
2815 2422
2816 2423
2817 2423
2818 2422
2819 2422
2820 2422
2821 2422
2822 2421
2823 2421
2824 2422
2825 2422
2826 2422
2827 2422
2828 2422
2829 2422
2830 2422
2831 2421
2832 2421
2833 2421
2834 2421
2835 2421
2836 2421
2837 2421
2838 2421
2839 2421
2840 2421
2841 2421
2842 2424
2843 2421
2844 2422
2845 2422
2846 2421
2847 2422
2848 2421
2849 2421
2850 2421
2851 2421
2852 2421
2853 2421
2854 2421
2855 2422
2856 2422
2857 2422
2858 2421
2859 2421
2860 2421
2861 2421
2862 2421
2863 2424
2864 2421
2865 2421
2866 2421
2867 2421
2868 2421
2869 2422
2870 2422
2871 2422
2872 2422
2873 2422
2874 2422
2875 2421
2876 2422
2877 2422
2878 2422
2879 2422
2880 2422
2881 2423
2882 2422
2883 2422
2884 2422
2885 2422
2886 2423
2887 2423
2888 2423
2889 2423
2890 2434
2891 2425
2892 2423
2893 2421
2894 2427
2895 2424
2896 2426
2897 2427
2898 2427
2899 2426
2900 2427
2901 2428
2902 2427
2903 2429
2904 2427
2905 2427
2906 2426
2907 2427
2908 2427
2909 2427
2910 2427
2911 2427
2912 2427
2913 2428
2914 2428
2915 2431
2916 2429
2917 2430
2918 2428
2919 2433
2920 2428
2921 2432
2922 2425
2923 2428
2924 2427
2925 2423
2926 2425
2927 2427
2928 2434
2929 2430
2930 2434
2931 2433
2932 2430
2933 2429
2934 2429
2935 2427
2936 2427
2937 2432
2938 2424
2939 2424
2940 2420
2941 2423
2942 2418
2943 2420
2944 2420
2945 2419
2946 2429
2947 2429
2948 2430
2949 2416
2950 2418
2951 2420
2952 2418
2953 2418
2954 2426
2955 2423
2956 2418
2957 2418
2958 2419
2959 2418
2960 2417
2961 2417
2962 2421
2963 2418
2964 2416
2965 2412
2966 2414
2967 2415
2968 2418
2969 2415
2970 2418
2971 2422
2972 2413

486 2516
487 2516
488 2515
489 2516
490 2515
491 2520
492 2516
493 2515
494 2515
495 2516
496 2517
497 2515
498 2516
499 2516
500 2516
501 2517
502 2516
503 2517
504 2516
505 2515
506 2518
507 2510
508 2516
509 2512
510 2520
511 2512
512 2517
513 2521
514 2512
515 2516
516 2522
517 2522
518 2513
519 2512
520 2515
521 2508
522 2514
523 2507
524 2509
525 2516
526 2508
527 2509
528 2511
529 2515
530 2516
531 2513
532 2507
533 2518
534 2519
535 2519
536 2507
537 2507
538 2507
539 2509
540 2519
541 2518
542 2515
543 2516
544 2506
545 2506
546 2515
547 2506
548 2514
549 2515
550 2515
551 2506
552 2507
553 2513
554 2512
555 2515
556 2519
557 2510
558 2508
559 2507
560 2511
561 2509
562 2506
563 2511
564 2508
565 2508
566 2508
567 2508
568 2514
569 2512
570 2512
571 2511
572 2515
573 2508
574 2515
575 2507
576 2515
577 2513
578 2518
579 2516
580 2510
581 2509
582 2510
583 2509
584 2509
585 2509
586 2504
587 2508
588 2505
589 2510
590 2504
591 2513
592 2503
593 2514
594 2509
595 2503
596 2503
597 2503
598 2503
599 2510
600 2512
601 2503
602 2503
603 2506
604 2510
605 2503
606 2515
607 2509
608 2513
609 2508
610 2509
611 2513
612 2511
613 2509
614 2504
615 2501
616 2506
617 2504
618 2501
619 2505
620 2508
621 2509
622 2511
623 2503
624 2505
625 2500
626 2508
627 2509
628 2506
629 2508
630 2509
631 2500
632 2505
633 2514
634 2510
635 2501
636 2510
637 2504
638 2503
639 2499
640 2505
641 2503
642 2502
643 2509
644 2504
645 2502
646 2504
647 2499
648 2499
649 2506
650 2501
651 2500
652 2499
653 2499
654 2499
655 2510
656 2504
657 2499
658 2513
659 2499
660 2499
661 2502
662 2502
663 2505
664 2505
665 2506
666 2503
667 2503
668 2505
669 2505
670 2499
671 2499
672 2499
673 2499
674 2499
675 2503
676 2499
677 2507
678 2499
679 2503
680 2500
681 2500
682 2499
683 2508
684 2499
685 2504
686 2506
687 2503
688 2505
689 2505
690 2508
691 2500
692 2504
693 2499
694 2502
695 2504
696 2504
697 2505
698 2503
699 2508
700 2504
701 2504
702 2504
703 2503
704 2505
705 2504
706 2508
707 2509
708 2504
709 2502
710 2505
711 9999
712 2505
713 2505
714 2505
715 2505
716 2499
717 2504
718 2504
719 2504
720 2504
721 2504
722 2504
723 2505
724 2505
725 2504
726 2504
727 2502
728 2502
729 2505
730 2505
731 2504
732 2505
733 2505
734 2504
735 2504
736 2503
737 2504
738 2504
739 2504
740 2504
741 2504
742 2504
743 2504
744 2504
745 2504
746 2503
747 2503
748 2511
749 2504
750 2503
751 2503
752 2510
753 2506
754 2505
755 2505
756 2502
757 2504
758 2508
759 2506
760 2505
761 2499
762 2505
763 2504
764 2505
765 2504
766 2503
767 2504
768 2503
769 2504
770 2503
771 2503
772 2504
773 2503
774 2503
775 2503
776 2503
777 2504
778 2506
779 2503
780 2503
781 2503
782 2503
783 2503
784 2506
785 2507
786 2503
787 2502
788 9999
789 2508
790 9999
791 9999
792 9999
793 9999
794 2503
795 2503
796 2502
797 2504
798 9999
799 2504
800 2503
801 9999
802 9999
803 2503
804 2502
805 2498
806 2500
807 2497
808 9999
809 9999
810 2501
811 9999
812 9999
813 2497
814 2499
815 9999
816 9999
817 9999
818 2503
819 2498
820 9999
821 2503
822 9999
823 2504
824 2503
825 9999
826 2498
827 2498
828 9999
829 2503
830 2504
831 2509
832 2504
833 2501
834 9999
835 2505
836 9999
837 9999
838 2504
839 2504
840 2498
841 9999
842 9999
843 2500
844 2501
845 9999
846 9999
847 9999
848 9999
849 2498
850 2499
851 2503
852 9999
853 2507
854 2507
855 2498
856 2502
857 9999
858 2499
859 9999
860 2504
861 2502
862 2502
863 2503
864 2503
865 2504
866 2505
867 2502
868 2502
869 2503
870 2507
871 9999
872 2502
873 2502
874 2502
875 2502
876 2503
877 2502
878 2502
879 2502
880 2503
881 9999
882 9999
883 9999
884 9999
885 9999
886 2502
887 2502
888 2502
889 2501
890 2501
891 2501
892 2503
893 2502
894 2503
895 2503
896 2503
897 2503
898 9999
899 2503
900 2503
901 2503
902 2504
903 2507
904 9999
905 2504
906 2503
907 2503
908 2502
909 2507
910 2503
911 2503
912 2502
913 2502
914 9999
915 9999
916 2501
917 2502
918 2503
919 2502
920 2502
921 2504
922 2503
923 9999
924 2502
925 2505
926 2502
927 2502
928 2502
929 2503
930 2503
931 2507
932 9999
933 2509
934 2506
935 2502
936 2503
937 2501
938 9999
939 2505
940 2502
941 2502
942 2505
943 2504
944 2499
945 2504
946 2502
947 2502
948 2502
949 2503
950 2504
951 2503
952 2503
953 2502
954 2502
955 2502
956 2503
957 2503
958 2503
959 2502
960 2503
961 2501
962 2501
963 9999
964 2504
965 2503
966 2510
967 2506
968 2505
969 2503
970 2503
971 2502
972 2502
973 2507
974 2502
975 2499
976 9999
977 2506
978 2505
979 9999
980 9999
981 2505
982 2503
983 2504
984 2500
985 2503
986 2503
987 2501
988 9999
989 9999
990 9999
991 9999
1615 2523
1616 2519
1617 2517
1618 2518
1619 2518
1620 2516
1621 2512
1622 2511
1623 2516
1624 2517
1625 2525
1626 2513
1627 2524
1628 2518
1629 2511
1630 2515
1631 2517
1632 2516
1633 2516
1634 2519
1635 2510
1636 2518
1637 2515
1638 2518
1639 2517
1640 2517
1641 2511
1642 2522
1643 2517
1644 2515
1645 2516
1646 2522
1647 2516
1648 2516
1649 2516
1650 2518
1651 2521
1652 2516
1653 2515
1654 2514
1655 2515
1656 2516
1657 2516
1658 2516
1659 2511
1660 2508
1661 2521
1662 2517
1663 2514
1664 2515
1665 2522
1666 2515
1667 2508
1668 2514
1669 2514
1670 2515
1671 2515
1672 2515
1673 2515
1674 2515
1675 2512
1676 2515
1677 2514
1678 2515
1679 2514
1680 2507
1681 2509
1682 2506
1683 2512
1684 2506
1685 2508
1686 2507
1687 2507
1688 2512
1689 2512
1690 2512
1691 2511
1692 2511
1693 2510
1694 2512
1695 2510
1696 2510
1697 2505
1698 2517
1699 2518
1700 2518
1701 2510
1702 2512
1703 2510
1704 2504
1705 2513
1706 2513
1707 2517
1708 2516
1709 2517
1710 2518
1711 2509
1712 2515
1713 2516
1714 2518
1715 2512
1716 2513
1717 2506
1718 2516
1719 2514
1720 2516
1721 2509
1722 2506
1723 2503
1724 2510
1725 2509
1726 2510
1727 2509
1728 2512
1729 2512
1730 2509
1731 2509
1732 2509
1733 2509
1734 2509
1735 2510
1736 2508
1737 2504
1738 2515
1739 2508
1740 2508
1741 2509
1742 2510
1743 2509
1744 2509
1745 2508
1746 2509
1747 2509
1748 2509
1749 2510
1750 2508
1751 2515
1752 2510
1753 2509
1754 2509
1755 2509
1756 2508
1757 2509
1758 2508
1759 2509
1760 2504
1761 2509
1762 2509
1763 2511
1764 2508
1765 2512
1766 2500
1767 2507
1768 2506
1769 2507
1770 2513
1771 2507
1772 2512
1773 2507
1774 2507
1775 2508
1776 2508
1777 2512
1778 2506
1779 2507
1780 2506
1781 2507
1782 2508
1783 2500
1784 2503
1785 2511
1786 2507
1787 2507
1788 2506
1789 2500
1790 2500
1791 2503
1792 2506
1793 2506
1794 2505
1795 2505
1796 2506
1797 2505
1798 2505
1799 2510
1800 2504
1801 2506
1802 2505
1803 2504
1804 2504
1805 2503
1806 2503
1807 2503
1808 2508
1809 2503
1810 2503
1811 2504
1812 2503
1813 2504
1814 2503
1815 2503
1816 2503
1817 2503
1818 2509
1819 2502
1820 2497
1821 2503
1822 2496
1823 2503
1824 2503
1825 2504
1826 2503
1827 2503
1828 2502
1829 2502
1830 2496
1831 2502
1832 2502
1833 2496
1834 2507
1835 2501
1836 2502
1837 2501
1838 2502
1839 2501
1840 2502
1841 2500
1842 2504
1843 2503
1844 2499
1845 2502
1846 2502
1847 2502
1848 2502
1849 2502
1850 2502
1851 2502
1852 2502
1853 2502
1854 2496
1855 2502
1856 2502
1857 2502
1858 2502
1859 2501
1860 2505
1861 2496
1862 2500
1863 2498
1864 2501
1865 2502
1866 2503
1867 2502
1868 2495
1869 2501
1870 2501
1871 2502
1872 2502
1873 2500
1874 2508
1875 2503
1876 2499
1877 2495
1878 2506
1879 2500
1880 2500
1881 2495
1882 2499
1883 2498
1884 2499
1885 2498
1886 2498
1887 2503
1888 2498
1889 2494
1890 2504
1891 2498
1892 2496
1893 2498
1894 2498
1895 2502
1896 2496
1897 2501
1898 2494
1899 2496
1900 2496
1901 2501
1902 2491
1903 2491
1904 2490
1905 2490
1906 2500
1907 2496
1908 2493
1909 2492
1910 2496
1911 2495
1912 2498
1913 2495
1914 2495
1915 2494
1916 2498
1917 2488
1918 2493
1919 2495
1920 2493
1921 2494
1922 2492
1923 2495
1924 2488
1925 2495
1926 2495
1927 2493
1928 2495
1929 2493
1930 2494
1931 2487
1932 2500
1933 2492
1934 2492
1935 2491
1936 2492
1937 2487
1938 2485

