4151 2511
4152 2511
4153 2512
4154 2512
4155 2513
4156 2515
4157 2517
4158 2512
4159 2515
4160 2515
4161 2514
4162 2516
4163 2514
4164 2515
4165 2515
4166 2515
4167 2515
4168 2514
4169 2514
4170 2514
4171 2515
4172 2516
4173 2516
4174 2515
4175 2516
4176 2516
4177 2516
4178 2516
4179 2517
4180 2516
4181 2516
4182 2517
4183 2518
4184 2516
4185 2517
4186 2517
4187 2517
4188 2517
4189 2517
4190 2517
4191 2517
4192 2517
4193 2517
4194 2517
4195 2517
4196 2518
4197 2519
4198 2519
4199 2519
4200 2516
4201 2515
4202 2515
4203 2515
4204 2515
4205 2515
4206 2515
4207 2515
4208 2515
4209 2515
4210 2515
4211 2518
4212 2520
4213 2521
4214 2520
4215 2520
4216 2519
4217 2519
4218 2520
4219 2525
4220 2518
4221 2517
4222 2518
4223 2518
4224 2519
4225 2518
4226 2518
4227 2518
4228 2518
4229 2517
4230 2517
4231 2517
4232 2517
4233 2516
4234 2516
4235 2516
4236 2516
4237 2515
4238 2516
4239 2517
4240 2518
4241 2519
4242 2520
4243 2520
4244 2521
4245 2523
4246 2519
4247 2520
4248 2527
4249 2526
4250 2519
4251 2519
4252 2519
4253 2520
4254 2518
4255 2528
4256 2518
4257 2518
4258 2519
4259 2519
4260 2519
4261 2519
4262 2519
4263 2518
4264 2519
4265 2519
4266 2519
4267 2520
4268 2518
4269 2526
4270 2520
4271 2519
4272 2518
4273 2519
4274 2518
4275 2519
4276 2519
4277 2519
4278 2519
4279 2520
4280 2519
4281 2518
4282 2518
4283 2517
4284 2517
4285 2517
4286 2517
4287 2517
4288 2521
4289 2517
4290 2518
4291 2517
4292 2515
4293 2515
4294 2516
4295 2516
4296 2516
4297 2515
4298 2527
4299 2517
4300 2517
4301 2517
4302 2516
4303 2516
4304 2516
4305 2519
4306 2519
4307 2519
4308 2519
4309 2518
4310 2518
4311 2517
4312 2518
4313 2518
4314 2518
4315 2518
4316 2518
4317 2518
4318 2518
4319 2518
4320 2518
4321 2518
4322 2518
4323 2517
4324 2517
4325 2527
4326 2527
4327 2518
4328 2518
4329 2518
4330 2518
4331 2519
4332 2519
4333 2519
4334 2519
4335 2519
4336 2520
4337 2519
4338 2519
4339 2519
4340 2519
4341 2518
4342 2518
4343 2517
4344 2518
4345 2518
4346 2520
4347 2517
4348 2518
4349 2518
4350 2518
4351 2518
4352 2518
4353 2517
4354 2519
4355 2519
4356 2520
4357 2520
4358 2519
4359 2518
4360 2521
4361 2520
4362 2521
4363 2521
4364 2520
4365 2520
4366 2521
4367 2518
4368 2519
4369 2520
4370 2523
4371 2525
4372 2519
4373 2519
4374 2519
4375 2517
4376 2521
4377 2521
4378 2519
4379 2519
4380 2519
4381 2530
4382 2530
4383 2519
4384 2520
4385 2530
4386 2519
4387 2519
4388 2521
4389 2523
4390 2518
4391 2519
4392 2520
4393 2519
4394 2519
4395 2520
4396 2523
4397 2519
4398 2519
4399 2519
4400 2521
4401 2530
4402 2531
4403 2531
4404 2519
4405 2520
4406 2519
4407 2531
4408 2519
4409 2519
4410 2519
4411 2519
4412 2519
4413 2519
4414 2519
4415 2519
4416 2519
4417 2519
4418 2519
4419 2519
4420 2519
4421 2530
4422 2521
4423 2531
4424 2521
4425 2520
4426 2521
4427 2520
4428 2521
4429 2521
4430 2520
4431 2520
4432 2522
4433 2524
4434 2520
4435 2520
4436 2520
4437 2521
4438 2521
4439 2524
4440 2523
4441 2525
4442 2527
4443 2521
4444 2527
4445 2525
4446 2522
4447 2522
4448 2522
4449 2522
4450 2522
4451 2522
4452 2522
4453 2522
4454 2522
4455 2523
4456 2523
4457 2522
4458 2522
4459 2521
4460 2522
4461 2521
4462 2522
4463 2524
4464 2525
4465 2524
4466 2526
4467 2521
4468 2523
4469 2523
4470 2522
4471 2522
4472 2522
4473 2523
4474 2523
4475 2522
4476 2524
4477 2521
4478 2521
4479 2521
4480 2522
4481 2522
4482 2520
4483 2520
4484 2520
4485 2521
4486 2520
4487 2520
4488 2521
4489 2520
4490 2521
4491 2521
4492 2521
4493 2521
4494 2521
4495 2521
4496 2522
4497 2522
4498 2521
4499 2521
4500 2521
4501 2521
4502 2521
4503 2521
4504 2523
4505 2524
4506 2523
4507 2523
4508 2523
4509 2523
4510 2523
4511 2527
4512 2526
4513 2528
4514 2529
4515 2523
4516 2523
4517 2523
4518 2523
4519 2523
4520 2525
4521 2522
4522 2523
4523 2523
4524 2522
4525 2523
4526 2523
4527 2522
4528 2522
4529 2530
4530 2533
4531 2527
4532 2524
4533 2523
4534 2523
4535 2524
4536 2523
4537 2535
4538 2527
4539 2525
4540 2530
4541 2525
4542 2526
4543 2527
4544 2532
4545 2529
4546 2528
4547 2528
4548 2524
4549 2524
4550 2525
4551 2525
4552 2535
4553 2526
4554 2525
4555 2526
4556 2525
4557 2525
4558 2524
4559 2525
4560 2530
4561 2525
4562 2520
4563 2521
4564 2523
4565 2529
4566 2528
4567 2528
4568 2525
4569 2524
4570 2524
4571 2523
4572 2524
4573 2523
4574 2526
4575 2534
4576 2527
4577 2524
4578 2528
4579 2528
4580 2528
4581 2525
4582 2525
4583 2528
4584 2524
4585 2523
4586 2522
4587 2522
4588 2529
4589 2522
4590 2522
4591 2522
4592 2521
4593 2522
4594 2522
4595 2522
4596 2521
4597 2521
4598 2521
4599 2522
4600 2522
4601 2522
4602 2522
4603 2521
4604 2521
4605 2521
4606 2521
4607 2526
4608 2529
4609 2523
4610 2526
4611 2525
4612 2525
4613 2524
4614 2523
4615 2524
4616 2523
4617 2523
4618 2523
4619 2530
4620 2524
4621 2526
4622 2525
4623 2527
4624 2524
4625 2524
4626 2525
4627 2525
4628 2523
4629 2523
4630 2525
4631 2528
4632 2524
4633 2524
4634 2524
4635 2527
4636 2525
4637 2525
4638 2527
4639 2527
4640 2525
4641 2530
4642 2525
4643 2527
4644 2524
4645 2528
4646 2524
4647 2525
4648 2525
4649 2525
4650 2525
4651 2525
4652 2525
4653 2526
4654 2525
4655 2525
4656 2526
4657 2526
4658 2525
4659 2523
4660 2532
4661 2531
4662 2531
4663 2530
4664 2530
4665 2527
4666 2522
4667 2523
4668 2521
4669 2524
4670 2524
4671 2522
4672 2524
4673 2523
4674 2524
4675 2524
4676 2523
4677 2523
4678 2524
4679 2528
4680 2520
4681 2529
4682 2520
4683 2528
4684 2519
4685 2519
4686 2519
4687 2519
4688 2520
4689 2526
4690 2531
4691 2520
4692 2529
4693 2517
4694 2521
4695 2521
4696 2523
4697 2522
4698 2523
4699 2524
4700 2524
4701 2527
4702 2525
4703 2524
4704 2524
4705 2524
4706 2524
4707 2525
4708 2526
4709 2525
4710 2527
4711 2525
4712 2525
4713 2528
4714 2525
4715 2525
4716 2525
4717 2527
4718 2527
4719 2528
4720 2525
4721 2528
4722 2526
4723 2526
4724 2525
4725 2526
4726 2525
4727 2524
4728 2525
4729 2526
4730 2524
4731 2529
4732 2529
4733 2524
4734 2524
4735 2524
4736 2525
4737 2525
4738 2524
4739 2524
4740 2524
4741 2526
4742 2525
4743 2524
4744 2524
4745 2523
4746 2524
4747 2524
4748 2524
4749 2523
4750 2524
4751 2524
4752 2524
4753 2524
4754 2523
4755 2523
4756 2523
4757 2523
4758 2527
4759 2526
4760 2527
4761 2526
4762 2530
4763 2524
4764 2524
4765 2524
4766 2524
4767 2524
4768 2525
4769 2525
4770 2524
4771 2525
4772 2525
4773 2525
4774 2526
4775 2526
4776 2526
4777 2525
4778 2526
4779 2531
4780 2527
4781 2529
4782 2528
4783 2529
4784 2530
4785 2529
4786 2528
4787 2528
4788 2538
4789 2528
4790 2538
4791 2539
4792 2539
4793 2539
4794 2539
4795 2537
4796 2538
4797 2529
4798 2529
4799 2531
4800 2532
4801 2532
4802 2529
4803 2528
4804 2526
4805 2525
4806 2525
4807 2529
4808 2530
4809 2530
4810 2529
4811 2530
4812 2530
4813 2531
4814 2530
4815 2530
4816 2530
4817 2530
4818 2529
4819 2530
4820 2531
4821 2530
4822 2530
4823 2530
4824 2530
4825 2530
4826 2530
4827 2531
4828 2531
4829 2527
4830 2525
4831 2536
4832 2535
4833 2538
4834 2531
4835 2534
4836 2535
4837 2534
4838 2537
4839 2538
4840 2524
4841 2522
4842 2522
4843 2520
4844 2519
4845 2518
4891 2519
4892 2520
4893 2520
4894 2521
4895 2524
4896 2527
4897 2529
4898 2529
4899 2530
4900 2531
4901 2529
4902 2529
4903 2521
4904 2520
4905 2526
4906 2526
4907 2522
4908 2524
4909 2525
4910 2524
4911 2528
4912 2531
4913 2525
4914 2525
4915 2521
4916 2520
4917 2520
4918 2521
4919 2520
4920 2521
4921 2523
4922 2521
4923 2521
4924 2521
4925 2521
4926 2521
4927 2520
4928 2524
4929 2523
4930 2525
4931 2520
4932 2531
4933 2519
4934 2525
4935 2519
4936 2524
4937 2522
4938 2525
4939 2520
4940 2521
4941 2521
4942 2521
4943 2520
4944 2529
4945 2520
4946 2523
4947 2524
4948 2521
4949 2523
4950 2521
4951 2520
4952 2524
4953 2523
4954 2522
4955 2523
4956 2523
4957 2523
4958 2525
4959 2525
4960 2532
4961 2525
4962 2522
4963 2522
4964 2522
4965 2525
4966 2527
4967 2522
4968 2522
4969 2523
4970 2523
4971 2523
4972 2523
4973 2523
4974 2522
4975 2523
4976 2523
4977 2523
4978 2523
4979 2523
4980 2523
4981 2523
4982 2524
4983 2524
4984 2523
4985 2525
4986 2525
4987 2523
4988 2523
4989 2523
4990 2530
4991 2526
4992 2526
4993 2523
4994 2523
4995 2524
4996 2523
4997 2523
4998 2524
4999 2523
5000 2523
5001 2522
5002 2525
5003 2523
5004 2522
5005 2522
5006 2522
5007 2521
5008 2522
5009 2523
5010 2522
5011 2524
5012 2525
5013 2523
5014 2523
5015 2523
5016 2527
5017 2531
5018 2524
5019 2525
5020 2525
5021 2526
5022 2525
5023 2527
5024 2524
5025 2525
5026 2524
5027 2523
5028 2523
5029 2524
5030 2524
5031 2524
5032 2524
5033 2525
5034 2529
5035 2524
5036 2528
5037 2524
5038 2523
5039 2526
5040 2526
5041 2530
5042 2524
5043 2524
5044 2524
5045 2523
5046 2522
5047 2527
5048 2521
5049 2521
5050 2521
5051 2522
5052 2522
5053 2522
5054 2522
5055 2520
5056 2522
5057 2522
5058 2523
5059 2523
5060 2523
5061 2523
5062 2523
5063 2523
5064 2522
5065 2522
5066 2520
5067 2524
5068 2520
5069 2531
5070 2525
5071 2525
5072 2522
5073 2522
5074 2523
5075 2524
5076 2525
5077 2524
5078 2529
5079 2525
5080 2525
5081 2524
5082 2525
5083 2526
5084 2524
5085 2526
5086 2524
5087 2524
5088 2528
5089 2524
5090 2525
5091 2524
5092 2524
5093 2525
5094 2525
5095 2524
5096 2533
5097 2528
5098 2525
5099 2524
5100 2525
5101 2525
5102 2525
5103 2525
5104 2525
5105 2525
5106 2525
5107 2525
5108 2525
5109 2525
5110 2524
5111 2525
5112 2525
5113 2525
5114 2525
5115 2525
5116 2530
5117 2524
5118 2525
5119 2525
5120 2525
5121 2525
5122 2525
5123 2525
5124 2527
5125 2525
5126 2525
5127 2525
5128 2525
5129 2524
5130 2525
5131 2525
5132 2524
5133 2525
5134 2525
5135 2525
5136 2525
5137 2525
5138 2524
5139 2524
5140 2524
5141 2526
5142 2524
5143 2525
5144 2524
5145 2524
5146 2525
5147 2524
5148 2524
5149 2525
5150 2524
5151 2524
5152 2527
5153 2528
5154 2530
5155 2524
5156 2524
5157 2525
5158 2525
5159 2525
5160 2525
5161 2526
5162 2526
5163 2526
5164 2529
5165 2528
5166 2527
5167 2527
5168 2525
5169 2524
5170 2524
5171 2525
5172 2525
5173 2525
5174 2524
5175 2523
5176 2525
5177 2524
5178 2524
5179 2525
5180 2524
5181 2525
5182 2525
5183 2525
5184 2525
5185 2526
5186 2528
5187 2526
5188 2527
5189 2526
5190 2525
5191 2524
5192 2527
5193 2525
5194 2525
5195 2525
5196 2525
5197 2526
5198 2526
5199 2526
5200 2526
5201 2526
5202 2525
5203 2526
5204 2526
5205 2526
5206 2526
5207 2526
5208 2526
5209 2526
5210 2526
5211 2530
5212 2528
5213 2530
5214 2531
5215 2534
5216 2533
5217 2531
5218 2532
5219 2529
5220 2527
5221 2526
5222 2526
5223 2524
5224 2524
5225 2524
5226 2524
5227 2523
5228 2521
5229 2522
5230 2520
5231 2519
5232 2516
5233 2516
5234 2515
5235 2515
5236 2510
5237 2513
5238 2513
5239 2515
5240 2518
5241 2518
5242 2518
5243 2518
5244 2522
5245 2522
5246 2519
5247 2519
5248 2522
5249 2522
5250 2522
5251 2526
5252 2524
5253 2525
5254 2526
5255 2527
5256 2528
5257 2525
5258 2526
5259 2525
5260 2525
5261 2526
5262 2526
5263 2526
5264 2527
5265 2527
5266 2527
5267 2528
5268 2526
5269 2526
5270 2526
5271 2525
5272 2525
5273 2529
5274 2525
5275 2529
5276 2528
5277 2526
5278 2526
5279 2527
5280 2526
5281 2527
5282 2527
5283 2526
5284 2526
5285 2529
5286 2530
5287 2536
5288 2522
5289 2533
5290 2532
5291 2531
5292 2535
5293 2534
5294 2534
5295 2520
5296 2521
5297 2523
5298 2524
5299 2524
5300 2524
5301 2523
5302 2524
5303 2524
5304 2524
5305 2524
5306 2523
5307 2523
5308 2522
5309 2523
5310 2523
5311 2523
5312 2526
5313 2525
5314 2521
5315 2526
5316 2521
5317 2522
5318 2523
5319 2522
5320 2523
5321 2521
5322 2526
5323 2522
5324 2521
5325 2521
5326 2522
5327 2518
5328 2522
5329 2520
5330 2518
5331 2518
5332 2518
5333 2517
5334 2517
5335 2517
5336 2516
5337 2516
5338 2516
5339 2515
5340 2514
5341 2514
5342 2514
5343 2515
5344 2513
5345 2512
5346 2511
5347 2511
5348 2511
5349 2511
5350 2511
5351 2510
5352 2510
5353 2509
5354 2510
5355 2510
5356 2509
5357 2515
5358 2517
5359 2512
5360 2516
5361 2512
5362 2508
5363 2508
5364 2509
5365 2509
5366 2509
5367 2509
5368 2510
5369 2510
5370 2511
5371 2510
5372 2511
5373 2512
5374 2511
5375 2512
5376 2511
5377 2510
5378 2511
5379 2509
5380 2509
5381 2509
5382 2508
5383 2507
5384 2507
5385 2506
5386 2505
5387 2505
5388 2504
5389 2503
5390 2503
5391 2503
5392 2502
5393 2502
5394 2501
5395 2501
5396 2500
5397 2500
5398 2501
5399 2502
5400 2500
5401 2499
5402 2500
5403 2502
5404 2500
5405 2500
5406 2500
5407 2500
5408 2499
5409 2500
5410 2499
5411 2499
5412 2500
5413 2500
5414 2499
5415 2500
5416 2500
5417 2500
5418 2500
5419 2499
5420 2500
5421 2500
5422 2501
5423 2500
5424 2500
5425 2500
5426 2500
5427 2502
5428 2501
5429 2501
5430 2501
5431 2502
5432 2502
5433 2502
5434 2502
5435 2501
5436 2502
5437 2502
5438 2502
5439 2502
5440 2501
5441 2501
5442 2501
5443 2501
5444 2501
5445 2502
5446 2502
5447 2502
5448 2502
5449 2502
5450 2502
5451 2502
5452 2502
5453 2502
5454 2502
5455 2501
5456 2500
5457 2500
5458 2500
5459 2500
5460 2499
5461 2499
5462 2498
5463 2498
5464 2498
5465 2498
5466 2497
5467 2495
5468 2494
5469 2496
5470 2502
5471 2496
5472 2495
5473 2496
5474 2496
5475 2500
5476 2497
5477 2498
5478 2499
5479 2498
5480 2498
5481 2498
5482 2498
5483 2498
5484 2498
5485 2497
5486 2497
5487 2497
5488 2497
5489 2497
5490 2497
5491 2496
5492 2496
5493 2497
5494 2497
5495 2500
5496 2496
5497 2496
5498 2495
5499 2496
5500 2497
5501 2496
5502 2496
5503 2497
5504 2497
5505 2497
5506 2496
5507 2496
5508 2495
5509 2496
5510 2496
5511 2496
5512 2494
5513 2493
5514 2493
5515 2493
5516 2492
5517 2492
5518 2492
5519 2492
5520 2492
5521 2491
5522 2492
5523 2492
5524 2492
5525 2492
5526 2491
5527 2491
5528 2492
5529 2492
5530 2492
5531 2493
5532 2493
5533 2493
5534 2494
5535 2494
5536 2497
5537 2493
5538 2494
5539 2494
5540 2494
5541 2494
5542 2493
5543 2493
5544 2498
5545 2495
5546 2492
5547 2494
5548 2494
5549 2494
5550 2496
5551 2494
5552 2494
5553 2493
5554 2494
5555 2494
5556 2494
5557 2494
5558 2495
5559 2493
5560 2494
5561 2495
5562 2494
5563 2494
5564 2494
5565 2494
5566 2493
5567 2494
5568 2494
5569 2493
5570 2495
5571 2494
5572 2494
5573 2494
5574 2494
5575 2494
5576 2493
5577 2493
5578 2493
5579 2493
5580 2493
5581 2492
5582 2493
5583 2494
5584 2492
5585 2492
5586 2492
5587 2492
5588 2491
5589 2490
5590 2490
5591 2489
5592 2490
5593 2490
5594 2490
5595 2490
5596 2491
5597 2491
5598 2490
5599 2490
5600 2490
5601 2490
5602 2490
5603 2490
5604 2489
5605 2489
5606 2489
5607 2488
5608 2489
5609 2492
5610 2491
5611 2491
5612 2487
5613 2488
5614 2488
5615 2488
5616 2490
5617 2490
5618 2491
5619 2493
5620 2491
5621 2491
5622 2492
5623 2492
5624 2492
5625 2492
5626 2492
5627 2492
5628 2492
5629 2492
5630 2491
5631 2491
5632 2493
5633 2494
5634 2492
5635 2491
5636 2491
5637 2491
5638 2490
5639 2490
5640 2491
5641 2490
5642 2490
5643 2489
5644 2490
5645 2494
5646 2490
5647 2489
5648 2489
5649 2489
5650 2489
5651 2489
5652 2488
5653 2488
5654 2487
5655 2486
5656 2486
5657 2486
5658 2486
5659 2487
5660 2486
5661 2486
5662 2485
5663 2485
5664 2484
5665 2484
5666 2483
5667 2482
5668 2482
5669 2481
5670 2480
5671 2479
5672 2478
5673 2478
5674 2477
5675 2477
5676 2477
5677 2474
5678 2474
5679 2478
5680 2474
5681 2474
5682 2473
5683 2477
5684 2477
5685 2473
5686 2472
5687 2473
5688 2473
5689 2473
5690 2473
5691 2473
5692 2473
5693 2473
5694 2473
5695 2475
5696 2473
5697 2472
5698 2472
5699 2473
5700 2472
5701 2472
5702 2472
5703 2471
5704 2472
5705 2471
5706 2471
5707 2471
5708 2470
5709 2470
5710 2473
5711 2471
5712 2470
5713 2467
5714 2468
5715 2469
5716 2469
5717 2469
5718 2469
5719 2469
5720 2469
5721 2469
5722 2470
5723 2470
5724 2470
5725 2471
5726 2469
5727 2470
5728 2472
5729 2471
5730 2470
5731 2471
5732 2476
5733 2468
5734 2475
5735 2468
5736 2468
5737 2479
5738 2469
5739 2470
5740 2470
5741 2471
5742 2472
5743 2473
5744 2474
5745 2474
5746 2474
5747 2477
5748 2478
5749 2478
5750 2478
5751 2478
5752 2478
5753 2479
5754 2478
5755 2480
5756 2479
5757 2479
5758 2479
5759 2481
5760 2479
5761 2478
5762 2477
5763 2477
5764 2477
5765 2477
5766 2476
5767 2477
5768 2479
5769 2478
5770 2472
5771 2477
5772 2477
5773 2473
5774 2477
5775 2478
5776 2476
5777 2477
5778 2477
5779 2472
5780 2472
5781 2472
5782 2472
5783 2471
5784 2470
5785 2476
5786 2476
5787 2475
5788 2473
5789 2469
5790 2468
5791 2466
5792 2472
5793 2466
5794 2465
5795 2469
5796 2471
5797 2465
5798 2465
5799 2465
5800 2465
5801 2466
5802 2466
5803 2466
5804 2466
5805 2466
5806 2466
5807 2466
5808 2465
5809 2466
5810 2465
5811 2468
5812 2464
5813 2464
5814 2466
5815 2465
5816 2464
5817 2464
5818 2465
5819 2465
5820 2465
5821 2464
5822 2463
5823 2464
5824 2464
5825 2464
5826 2463
5827 2463

