1961 2494
1962 2494
1963 2494
1964 2495
1965 2495
1966 2495
1967 2495
1968 2495
1969 2495
1970 2495
1971 2496
1972 2496
1973 2496
1974 2496
1975 2496
1976 2496
1977 2496
1978 2496
1979 2496
1980 2496
1981 2497
1982 2497
1983 2497
1984 2497
1985 2497
1986 2497
1987 2498
1988 2498
1989 2498
1990 2498
1991 2497
1992 2498
1993 2498
1994 2497
1995 2497
1996 2497
1997 2497
1998 2497
1999 2497
2000 2497
2001 2497
2002 2497
2003 2497
2004 2497
2005 2497
2006 2497
2007 2497
2008 2497
2009 2497
2010 2497
2011 2497
2012 2497
2013 2497
2014 2497
2015 2497
2016 2497
2017 2497
2018 2497
2019 2497
2020 2497
2021 2497
2022 2497
2023 2497
2024 2497
2025 2497
2026 2497
2027 2497
2028 2497
2029 2497
2030 2497
2031 2497
2032 2497
2033 2497
2034 2497
2035 2497
2036 2497
2037 2497
2038 2496
2039 2497
2040 2497
2041 2496
2042 2496
2043 2496
2044 2497
2045 2497
2046 2496
2047 2497
2048 2496
2049 2496
2050 2497
2051 2496
2052 2496
2053 2496
2054 2497
2055 2496
2056 2497
2057 2496
2058 2496
2059 2496
2060 2496
2061 2496
2062 2496
2063 2496
2064 2497
2065 2497
2066 2497
2067 2497
2068 2497
2069 2497
2070 2497
2071 2497
2072 2497
2073 2497
2074 2496
2075 2497
2076 2496
2077 2497
2078 2497
2079 2497
2080 2497
2081 2497
2082 2497
2083 2497
2084 2497
2085 2496
2086 2496
2087 2496
2088 2496
2089 2496
2090 2496
2091 2496
2092 2496
2093 2496
2094 2496
2095 2496
2096 2496
2097 2496
2098 2496
2099 2496
2100 2496
2101 2496
2102 2496
2103 2496
2104 2496
2105 2496
2106 2496
2107 2496
2108 2496
2109 2496
2110 2496
2111 2496
2112 2496
2113 2496
2114 2496
2115 2496
2116 2496
2117 2496
2118 2496
2119 2496
2120 2496
2121 2496
2122 2496
2123 2496
2124 2496
2125 2497
2126 2496
2127 2497
2128 2496
2129 2497
2130 2497
2131 2497
2132 2497
2133 2497
2134 2497
2135 2497
2136 2497
2137 2497
2138 2497
2139 2497
2140 2497
2141 2497
2142 2497
2143 2497
2144 2497
2145 2497
2146 2497
2147 2497
2148 2497
2149 2497
2150 2497
2151 2497
2152 2497
2153 2497
2154 2497
2155 2497
2156 2497
2157 2497
2158 2497
2159 2497
2160 2497
2161 2497
2162 2497
2163 2497
2164 2497
2165 2497
2166 2497
2167 2497
2168 2497
2169 2497
2170 2498
2171 2497
2172 2497
2173 2497
2174 2497
2175 2498
2176 2498
2177 2498
2178 2498
2179 2497
2180 2498
2181 2498
2182 2498
2183 2498
2184 2497
2185 2498
2186 2498
2187 2497
2188 2497
2189 2498
2190 2498
2191 2498
2192 2497
2193 2497
2194 2497
2195 2497
2196 2497
2197 2497
2198 2497
2199 2497
2200 2497
2201 2498
2202 2497
2203 2497
2204 2497
2205 2497
2206 2496
2207 2496
2208 2497
2209 2497
2210 2496
2211 2496
2212 2496
2213 2497
2214 2496
2215 2496
2216 2495
2217 2495
2218 2495
2219 2495
2220 2495
2221 2495
2222 2494
2223 2495
2224 2494
2225 2495
2226 2494
2227 2498
2228 2498
2229 2496
2230 2494
2231 2495
2232 2496
2233 2496
2234 2495
2235 2495
2236 2496
2237 2496
2238 2498
2239 2497
2240 2496
2241 2496
2242 2496
2243 2496
2244 2496
2245 2496
2246 2496
2247 2496
2248 2496
2249 2497
2250 2496
2251 2496
2252 2496
2253 2496
2254 2496
2255 2496
2256 2497
2257 2497
2258 2496
2259 2496
2260 2496
2261 2496
2262 2496
2263 2496
2264 2496
2265 2496
2266 2496
2267 2496
2268 2496
2269 2497
2270 2496
2271 2496
2272 2496
2273 2496
2274 2496
2275 2496
2276 2496
2277 2496
2278 2496
2279 2496
2280 2496
2281 2496
2282 2495
2283 2496
2284 2496
2285 2496
2286 2495
2287 2495
2288 2495
2289 2496
2290 2495
2291 2495
2292 2495
2293 2495
2294 2496
2295 2496
2296 2496
2297 2495
2298 2495
2299 2495
2300 2495
2301 2495
2302 2496
2303 2496
2304 2496
2305 2496
2306 2496
2307 2496
2308 2496
2309 2495
2310 2496
2311 2496
2312 2496
2313 2496
2314 2496
2315 2496
2316 2496
2317 2496
2318 2496
2319 2496
2320 2496
2321 2496
2322 2496
2323 2496
2324 2496
2325 2496
2326 2496
2327 2496
2328 2496
2329 2496
2330 2496
2331 2496
2332 2496
2333 2496
2334 2496
2335 2496
2336 2496
2337 2496
2338 2496
2339 2496
2340 2496
2341 2496
2342 2496
2343 2496
2344 2496
2345 2496
2346 2496
2347 2496
2348 2496
2349 2496
2350 2496
2351 2496
2352 2496
2353 2496
2354 2496
2355 2496
2356 2496
2357 2501
2358 2497
2359 2495
2360 2496
2361 2496
2362 2495
2363 2496
2364 2496
2365 2497
2366 2502
2367 2498
2368 2495
2369 2495
2370 2495
2371 2495
2372 2495
2373 2495
2374 2495
2375 2495
2376 2496
2377 2495
2378 2495
2379 2495
2380 2494
2381 2494
2382 2494
2383 2494
2384 2494
2385 2494
2386 2494
2387 2494
2388 2494
2389 2494
2390 2494
2391 2494
2392 2494
2393 2494
2394 2494
2395 2494
2396 2494
2397 2494
2398 2494
2399 2494
2400 2493
2401 2493
2402 2493
2403 2494
2404 2494
2405 2494
2406 2494
2407 2494
2408 2494
2409 2494
2410 2494
2411 2494
2412 2494
2413 2494
2414 2494
2415 2494
2416 2494
2417 2494
2418 2494
2419 2494
2420 2494
2421 2494
2422 2494
2423 2493
2424 2494
2425 2494
2426 2494
2427 2494
2428 2493
2429 2493
2430 2494
2431 2493
2432 2494
2433 2493
2434 2494
2435 2494
2436 2493
2437 2493
2438 2493
2439 2493
2440 2493
2441 2493
2442 2493
2443 2493
2444 2493
2445 2493
2446 2493
2447 2493
2448 2493
2449 2493
2450 2493
2451 2493
2452 2493
2453 2493
2454 2493
2455 2493
2456 2493
2457 2493
2458 2493
2459 2494
2460 2493
2461 2493
2462 2493
2463 2493
2464 2493
2465 2493
2466 2493
2467 2493
2468 2493
2469 2493
2470 2493
2471 2493
2472 2493
2473 2493
2474 2493
2475 2493
2476 2493
2477 2493
2478 2493
2479 2493
2480 2493
2481 2493
2482 2493
2483 2493
2484 2493
2485 2493
2486 2493
2487 2493
2488 2492
2489 2492
2490 2493
2491 2493
2492 2493
2493 2493
2494 2493
2495 2493
2496 2492
2497 2492
2498 2492
2499 2492
2500 2492
2501 2492
2502 2492
2503 2492
2504 2492
2505 2492
2506 2492
2507 2492
2508 2492
2509 2492
2510 2492
2511 2492
2512 2492
2513 2492
2514 2492
2515 2492
2516 2492
2517 2491
2518 2492
2519 2491
2520 2492
2521 2492
2522 2492
2523 2492
2524 2492
2525 2492
2526 2492
2527 2492
2528 2492
2529 2492
2530 2492
2531 2492
2532 2492
2533 2492
2534 2492
2535 2492
2536 2492
2537 2492
2538 2492
2539 2492
2540 2492
2541 2492
2542 2492
2543 2492
2544 2492
2545 2492
2546 2492
2547 2492
2548 2492
2549 2492
2550 2492
2551 2491
2552 2492
2553 2492
2554 2491
2555 2492
2556 2492
2557 2491
2558 2491
2559 2492
2560 2492
2561 2492
2562 2492
2563 2492
2564 2492
2565 2492
2566 2493
2567 2492
2568 2492
2569 2492
2570 2492
2571 2492
2572 2492
2573 2492
2574 2492
2575 2492
2576 2492
2577 2492
2578 2492
2579 2492
2580 2492
2581 2492
2582 2492
2583 2492
2584 2492
2585 2492
2586 2493
2587 2492
2588 2492
2589 2492
2590 2492
2591 2492
2592 2492
2593 2492
2594 2493
2595 2492
2596 2492
2597 2492
2598 2492
2599 2492
2600 2492
2601 2492
2602 2492
2603 2492
2604 2492
2605 2492
2606 2492
2607 2492
2608 2492
2609 2493
2610 2493
2611 2493
2612 2492
2613 2492
2614 2493
2615 2493
2616 2492
2617 2492
2618 2493
2619 2493
2620 2493
2621 2493
2622 2493
2623 2493
2624 2493
2625 2493
2626 2493
2627 2493
2628 2493
2629 2493
2630 2493
2631 2493
2632 2493
2633 2493
2634 2493
2635 2493
2636 2493
2637 2493
2638 2493
2639 2493
2640 2493
2641 2493
2642 2493
2643 2493
2644 2493
2645 2493
2646 2493
2647 2493
2648 2493
2649 2493
2650 2493
2651 2493
2652 2493
2653 2493
2654 2493
2655 2493
2656 2493
2657 2493
2658 2493
2659 2493
2660 2493
2661 2493
2662 2493
2663 2493
2664 2493
2665 2493
2666 2493
2667 2493
2668 2493
2669 2493
2670 2493
2671 2493
2672 2493
2673 2493
2674 2493
2675 2493
2676 2493
2677 2493
2678 2493
2679 2493
2680 2493
2681 2494
2682 2494
2683 2493
2684 2494
2685 2494
2686 2494
2687 2494
2688 2494
2689 2494
2690 2494
2691 2494
2692 2494
2693 2494
2694 2494
2695 2494
2696 2494
2697 2494
2698 2494
2699 2494
2700 2494
2701 2494
2702 2494
2703 2494
2704 2494
2705 2494
2706 2494
2707 2494
2708 2494
2709 2494
2710 2494
2711 2494
2712 2494
2713 2494
2714 2494
2715 2494
2716 2494
2717 2493
2718 2494
2719 2494
2720 2494
2721 2494
2722 2494
2723 2494
2724 2494
2725 2494
2726 2494
2727 2494
2728 2494
2729 2494
2730 2494
2731 2494
2732 2494
2733 2494
2734 2494
2735 2494
2736 2494
2737 2494
2738 2494
2739 2493
2740 2494
2741 2493
2742 2494
2743 2494
2744 2494
2745 2493
2746 2493
2747 2493
2748 2494
2749 2494
2750 2493
2751 2493
2752 2493
2753 2493
2754 2493
2755 2494
2756 2494
2757 2493
2758 2493
2759 2494
2760 2493
2761 2493
2762 2494
2763 2494
2764 2493
2765 2493
2766 2493
2767 2493
2768 2493
2769 2493
2770 2493
2771 2493
2772 2493
2773 2493
2774 2493
2775 2493
2776 2493
2777 2493
2778 2493
2779 2493
2780 2493
2781 2493
2782 2493
2783 2493
2784 2493
2785 2493
2786 2493
2787 2493
2788 2493
2789 2493
2790 2493
2791 2494
2792 2494
2793 2494
2794 2494
2795 2494
2796 2494
2797 2494
2798 2494
2799 2494
2800 2494
2801 2494
2802 2494
2803 2494
2804 2494
2805 2494
2806 2494
2807 2494
2808 2494
2809 2494
2810 2494
2811 2494
2812 2494
2813 2494
2814 2494
2815 2494
2816 2494
2817 2494
2818 2494
2819 2495
2820 2494
2821 2495
2822 2495
2823 2495
2824 2495
2825 2495
2826 2495
2827 2495
2828 2495
2829 2495
2830 2495
2831 2495
2832 2495
2833 2495
2834 2495
2835 2495
2836 2495
2837 2495
2838 2496
2839 2496
2840 2496
2841 2496
2842 2496
2843 2496
2844 2496
2845 2496
2846 2495
2847 2496
2848 2496
2849 2496
2850 2495
2851 2496
2852 2496
2853 2496
2854 2496
2855 2495
2856 2495
2857 2495
2858 2495
2859 2496
2860 2496
2861 2496
2862 2496
2863 2495
2864 2495
2865 2495
2866 2496
2867 2494
2868 2495
2869 2495
2870 2495
2871 2495
2872 2495
2873 2495
2874 2495
2875 2495
2876 2495
2877 2495
2878 2496
2879 2496
2880 2495
2881 2495
2882 2496
2883 2496
2884 2497
2885 2496
2886 2496
2887 2496
2888 2495
2889 2496
2890 2496
2891 2496
2892 2496
2893 2498
2894 2496
2895 2496
2896 2495
2897 2496
2898 2498
2899 2496
2900 2496
2901 2496
2902 2498
2903 2497
2904 2496
2905 2497
2906 2496
2907 2496
2908 2497
2909 2497
2910 2497
2911 2496
2912 2496
2913 2496
2914 2497
2915 2496
2916 2496
2917 2496
2918 2496
2919 2496
2920 2497
2921 2496
2922 2496
2923 2496
2924 2496
2925 2496
2926 2497
2927 2496
2928 2496
2929 2496
2930 2496
2931 2496
2932 2496
2933 2496
2934 2496
2935 2496
2936 2496
2937 2496
2938 2496
2939 2496
2940 2496
2941 2496
2942 2496
2943 2496
2944 2495
2945 2495
2946 2496
2947 2496
2948 2495
2949 2495
2950 2495
2951 2495
2952 2495
2953 2495
2954 2495
2955 2494
2956 2498
2957 2498
2958 2495
2959 2495
2960 2495
2961 2495
2962 2495
2963 2495
2964 2495
2965 2495
2966 2495
2967 2495
2968 2495
2969 2495
2970 2495
2971 2495
2972 2495
2973 2495
2974 2495
2975 2495
2976 2494
2977 2495
2978 2495
2979 2494
2980 2495
2981 2495
2982 2495
2983 2495
2984 2495
2985 2494
2986 2494
2987 2494
2988 2494
2989 2494
2990 2495
2991 2495
2992 2495
2993 2495
2994 2494
2995 2494
2996 2494
2997 2494
2998 2495
2999 2494
3000 2494
3001 2494
3002 2495
3003 2494
3004 2495
3005 2494
3006 2497
3007 2494
3008 2494
3009 2494
3010 2494
3011 2494
3012 2494
3013 2494
3014 2494
3015 2495
3016 2494
3017 2494
3018 2494
3019 2494
3020 2494
3021 2494
3022 2494
3023 2494
3024 2494
3025 2494
3026 2494
3027 2494
3028 2494
3029 2494
3030 2494
3031 2494
3032 2494
3033 2494
3034 2494
3035 2494
3036 2493
3037 2493
3038 2493
3039 2494
3040 2494
3041 2493
3042 2493
3043 2494
3044 2494
3045 2494
3046 2494
3047 2494
3048 2494
3049 2495
3050 2495
3051 2494
3052 2494
3053 2494
3054 2494
3055 2494
3056 2494
3057 2494
3058 2494
3059 2494
3060 2494
3061 2494
3062 2495
3063 2496
3064 2494
3065 2494
3066 2494
3067 2495
3068 2494
3069 2493
3070 2494
3071 2494
3072 2494
3073 2494
3074 2494
3075 2495
3076 2495
3077 2495
3078 2494
3079 2495
3080 2494
3081 2495
3082 2495
3083 2495
3084 2494
3085 2494
3086 2495
3087 2495
3088 2495
3089 2494
3090 2494
3091 2494
3092 2494
3093 2495
3094 2495
3095 2495
3096 2495
3097 2495
3098 2495
3099 2494
3100 2494
3101 2494
3102 2494
3103 2494
3104 2495
3105 2495
3106 2495
3107 2494
3108 2495
3109 2494
3110 2495
3111 2495
3112 2494
3113 2494
3114 2494
3115 2494
3116 2494
3117 2494
3118 2494
3119 2495
3120 2495
3121 2494
3122 2495
3123 2495
3124 2495
3125 2495
3126 2495
3127 2495
3128 2495
3129 2495
3130 2495
3131 2495
3132 2496
3133 2495
3134 2496
3135 2496
3136 2496
3137 2495
3138 2496
3139 2496
3140 2496
3141 2496
3142 2496
3143 2495
3144 2496
3145 2496
3146 2496
3147 2496
3148 2495
3149 2495
3150 2495
3151 2496
3152 2495
3153 2496
3154 2495
3155 2496
3156 2496
3157 2496
3158 2496
3159 2496
3160 2496
3161 2496
3162 2496
3163 2496
3164 2496
3165 2496
3166 2496
3167 2497
3168 2497
3169 2497
3170 2497
3171 2497
3172 2497
3173 2497
3174 2497
3175 2497
3176 2497
3177 2497
3178 2498
3179 2497
3180 2497
3181 2497
3182 2497
3183 2497
3184 2497
3185 2497
3186 2497
3187 2497
3188 2497
3189 2497
3190 2497
3191 2497
3192 2497
3193 2497
3194 2497
3195 2497
3196 2497
3197 2497
3198 2497
3199 2498
3200 2498
3201 2497
3202 2498
3203 2497
3204 2497
3205 2497
3206 2497
3207 2497
3208 2497
3209 2498
3210 2497
3211 2498
3212 2497
3213 2498
3214 2498
3215 2498
3216 2498
3217 2498
3218 2498
3219 2498
3220 2498
3221 2498
3222 2498
3223 2498
3224 2498
3225 2498
3226 2498
3227 2498
3228 2498
3229 2499
3230 2499
3231 2499
3232 2499
3233 2499
3234 2498
3235 2499
3236 2499
3237 2499
3238 2499
3239 2499
3240 2499
3241 2499
3242 2499
3243 2499
3244 2499
3245 2499
3246 2499
3247 2499
3248 2499
3249 2499
3250 2499
3251 2499
3252 2499
3253 2499
3254 2499
3255 2499
3256 2499
3257 2499
3258 2499
3259 2499
3260 2499
3261 2499
3262 2499
3263 2500
3264 2499
3265 2499
3266 2499
3267 2500
3268 2500
3269 2500
3270 2500
3271 2500
3272 2500
3273 2500
3274 2500
3275 2500
3276 2500
3277 2500
3278 2500
3279 2500
3280 2500
3281 2500
3282 2500
3283 2500
3284 2500
3285 2500
3286 2500
3287 2500
3288 2500
3289 2500
3290 2500
3291 2500
3292 2501
3293 2501
3294 2500
3295 2500
3296 2500
3297 2500
3298 2500
3299 2500
3300 2500
3301 2500
3302 2500
3303 2500
3304 2500
3305 2500
3306 2500
3307 2500
3308 2500
3309 2500
3310 2499
3311 2500
3312 2500
3313 2500
3314 2500
3315 2499
3316 2499
3317 2499
3318 2499
3319 2499
3320 2499
3321 2499
3322 2500
3323 2499
3324 2500
3325 2500
3326 2499
3327 2499
3328 2499
3329 2499
3330 2499
3331 2499
3332 2499
3333 2499
3334 2499
3335 2499
3336 2499
3337 2499
3338 2499
3339 2499
3340 2499
3341 2498
3342 2498
3343 2499
3344 2498
3345 2498
3346 2498
3347 2498
3348 2498
3349 2498
3350 2498
3351 2498
3352 2498
3353 2498
3354 2498
3355 2498
3356 2498
3357 2498
3358 2498
3359 2498
3360 2498
3361 2498
3362 2498
3363 2499
3364 2499
3365 2498
3366 2499
3367 2499
3368 2498
3369 2499
3370 2498
3371 2498
3372 2499
3373 2499
3374 2499
3375 2499
3376 2499
3377 2499
3378 2499
3379 2499
3380 2499
3381 2499
3382 2499
3383 2499
3384 2499
3385 2499
3386 2499
3387 2499
3388 2499
3389 2500
3390 2500
3391 2500
3392 2500
3393 2500
3394 2500
3395 2500
3396 2500
3397 2500
3398 2500
3399 2500
3400 2501
3401 2501
3402 2501
3403 2501
3404 2501
3405 2501
3406 2501
3407 2501
3408 2501
3409 2501
3410 2501
3411 2502
3412 2501
3413 2501
3414 2502
3415 2502
3416 2502
3417 2502
3418 2502
3419 2501
3420 2503
3421 2502
3422 2502
3423 2503
3424 2503
3425 2503
3426 2503
3427 2502
3428 2502
3429 2503
3430 2503
3431 2504
3432 2504
3433 2503
3434 2506
3435 2503
3436 2503
3437 2502
3438 2503
3439 2503
3440 2503
3441 2502
3442 2501
3443 2502
3444 2505
3445 2504
3446 2504
3447 2504
3448 2504
3449 2504
3450 2504
3451 2506
3452 2507
3453 2503
3454 2506
3455 2506
3456 2505
3457 2505
3458 2505
3459 2505
3460 2506
3461 2505
3462 2506
3463 2505
3464 2505
3465 2505
3466 2510
3467 2507
3468 2510
3469 2506
3470 2505
3471 2508
3472 2503
3473 2503
3474 2503
3475 2509
3476 2503
3477 2502
3478 2511
3479 2501
3480 2500
3481 2505
3482 2502
3483 2501
3484 2500
3485 2502
3486 2500
3487 2510
3488 2502
3489 2503
3490 2502
3491 2502
3492 2502
3493 2502
3494 2501
3495 2501
3496 2504
3497 2504
3498 2504
3499 2503
3500 2503
3501 2504
3502 2504
3503 2504
3504 2504
3505 2505
3506 2507
3507 2503
3508 2506
3509 2506
3510 2505
3511 2506
3512 2504
3513 2503
3514 2504
3515 2505
3516 2503
3517 2504
3518 2504
3519 2504
3520 2503
3521 2504
3522 2504
3523 2504
3524 2504
3525 2504
3526 2504
3527 2504
3528 2504
3529 2505
3530 2506
3531 2505
3532 2505
3533 2506
3534 2506
3535 2506
3536 2506
3537 2506
3538 2506
3539 2506
3540 2506
3541 2506
3542 2506
3543 2506
3544 2506
3545 2506
3546 2506
3547 2506
3548 2506
3549 2506
3550 2510
3551 2506
3552 2506
3553 2505
3554 2505
3555 2505
3556 2506
3557 2508
3558 2506
3559 2506
3560 2506
3561 2506
3562 2505
3563 2506
3564 2506
3565 2505
3566 2506
3567 2506
3568 2506
3569 2505
3570 2505
3571 2505
3572 2505
3573 2506
3574 2505
3575 2506
3576 2505
3577 2505
3578 2505
3579 2506
3580 2506
3581 2505
3582 2505
3583 2505
3584 2505
3585 2509
3586 2506
3587 2506
3588 2505
3589 2505
3590 2505
3591 2505
3592 2505
3593 2505
3594 2505
3595 2505
3596 2505
3597 2506
3598 2505
3599 2505
3600 2505
3601 2504
3602 2508
3603 2505
3604 2509
3605 2508
3606 2506
3607 2504
3608 2506
3609 2508
3610 2505
3611 2505
3612 2506
3613 2506
3614 2506
3615 2504
3616 2504
3617 2509
3618 2504
3619 2505
3620 2505
3621 2505
3622 2505
3623 2505
3624 2505
3625 2506
3626 2507
3627 2506
3628 2505
3629 2505
3630 2505
3631 2506
3632 2505
3633 2505
3634 2505
3635 2505
3636 2504
3637 2506
3638 2506
3639 2505
3640 2505
3641 2505
3642 2506
3643 2506
3644 2507
3645 2507
3646 2506
3647 2506
3648 2507
3649 2506
3650 2506
3651 2506
3652 2511
3653 2505
3654 2506
3655 2506
3656 2506
3657 2506
3658 2506
3659 2506
3660 2506
3661 2507
3662 2508
3663 2509
3664 2507
3665 2507
3666 2507
3667 2507
3668 2507
3669 2507
3670 2506
3671 2507
3672 2510
3673 2506
3674 2507
3675 2506
3676 2507
3677 2507
3678 2507
3679 2507
3680 2508
3681 2507
3682 2507
3683 2508
3684 2507
3685 2508
3686 2507
3687 2507
3688 2507
3689 2507
3690 2507
3691 2508
3692 2508
3693 2508
3694 2508
3695 2507
3696 2508
3697 2508
3698 2508
3699 2508
3700 2508
3701 2508
3702 2508
3703 2509
3704 2509
3705 2508
3706 2508
3707 2508
3708 2508
3709 2509
3710 2509
3711 2509
3712 2509
3713 2509
3714 2513
3715 2509
3716 2509
3717 2509
3718 2511
3719 2511
3720 2511
3721 2511
3722 2509
3723 2508
3724 2509
3725 2508
3726 2509
3727 2512
3728 2513
3729 2509
3730 2509
3731 2509
3732 2508
3733 2508
3734 2508
3735 2508
3736 2509
3737 2509
3738 2509
3739 2509
3740 2510
3741 2510
3742 2510
3743 2510
3744 2509
3745 2509
3746 2509
3747 2509
3748 2510
3749 2511
3750 2516
3751 2510
3752 2510
3753 2509
3754 2509
3755 2509
3756 2509
3757 2509
3758 2508
3759 2508
3760 2509
3761 2509
3762 2509
3763 2509
3764 2509
3765 2511
3766 2509
3767 2510
3768 2510
3769 2511
3770 2510
3771 2510
3772 2509
3773 2510
3774 2509
3775 2513
3776 2510
3777 2509
3778 2510
3779 2509
3780 2509
3781 2509
3782 2510
3783 2509
3784 2509
3785 2509
3786 2509
3787 2509
3788 2509
3789 2509
3790 2509
3791 2510
3792 2511
3793 2509
3794 2510
3795 2510
3796 2513
3797 2510
3798 2511
3799 2510
3800 2511
3801 2511
3802 2510
3803 2514
3804 2510
3805 2510
3806 2510
3807 2511
3808 2511
3809 2510
3810 2510
3811 2511
3812 2511
3813 2512
3814 2512
3815 2514
3816 2514
3817 2511
3818 2511
3819 2512
3820 2515
3821 2511
3822 2510
3823 2514
3824 2514
3825 2510
3826 2510
3827 2511
3828 2511
3829 2515
3830 2510
3831 2511
3832 2511
3833 2511
3834 2512
3835 2512
3836 2512
3837 2510
3838 2510
3839 2510
3840 2512
3841 2510
3842 2510
3843 2510
3844 2511
3845 2511
3846 2510
3847 2510
3848 2510
3849 2510
3850 2512
3851 2512
3852 2512
3853 2511
3854 2511
3855 2511
3856 2511
3857 2510
3858 2511
3859 2512
3860 2510
3861 2510
3862 2510
3863 2509
3864 2508
3865 2509
3866 2510
3867 2509
3868 2508
3869 2510
3870 2510
3871 2510
3872 2508
3873 2507
3874 2508
3875 2516
3876 2509
3877 2514
3878 2509
3879 2508
3880 2508
3881 2507
3882 2507
3883 2508
3884 2508
3885 2508
3886 2507
3887 2508
3888 2508
3889 2507
3890 2508
3891 2508
3892 2508
3893 2507
3894 2506
3895 2507
3896 2507
3897 2507
3898 2515
3899 2513
3900 2510
3901 2519
3902 2511
3903 2506
3904 2510
3905 2507
3906 2508
3907 2507
3908 2507
3909 2506
3910 2506
3911 2506
3912 2507
3913 2511
3914 2511
3915 2505
3916 2505
3917 2511
3918 2507
3919 2507
3920 2508
3921 2506
3922 2505
3923 2507
3924 2507
3925 2506
3926 2506
3927 2506
3928 2507
3929 2507
3930 2507
3931 2508
3932 2507
3933 2507
3934 2507
3935 2507
3936 2508
3937 2507
3938 2508
3939 2508
3940 2507
3941 2507
3942 2508
3943 2508
3944 2508
3945 2508
3946 2508
3947 2508
3948 2508
3949 2508
3950 2509
3951 2508
3952 2508
3953 2508
3954 2508
3955 2508
3956 2509
3957 2509
3958 2509
3959 2508
3960 2508
3961 2508
3962 2508
3963 2508
3964 2507
3965 2508
3966 2508
3967 2507
3968 2508
3969 2507
3970 2507
3971 2507
3972 2510
3973 2508
3974 2507
3975 2507
3976 2508
3977 2507
3978 2506
3979 2508
3980 2507
3981 2507
3982 2507
3983 2509
3984 2505
3985 2506
3986 2506
3987 2506
3988 2507
3989 2507
3990 2506
3991 2506
3992 2506
3993 2507
3994 2507
3995 2506
3996 2506
3997 2507
3998 2506
3999 2505
4000 2508
4001 2506
4002 2506
4003 2506
4004 2506
4005 2506
4006 2506
4007 2506
4008 2506
4009 2505
4010 2506
4011 2505
4012 2505
4013 2506
4014 2506
4015 2506
4016 2508
4017 2507
4018 2506
4019 2507
4020 2507
4021 2508
4022 2512
4023 2506
4024 2507
4025 2507
4026 2509
4027 2508
4028 2508
4029 2509
4030 2510
4031 2511
4032 2510
4033 2511
4034 2513
4035 2512
4036 2511
4037 2510
4038 2509
4039 2508
4040 2509
4041 2508
4042 2509
4043 2509
4044 2509
4045 2508
4046 2510
4047 2509
4048 2509
4049 2510
4050 2510
4051 2509
4052 2513
4053 2508
4054 2511
4055 2510
4056 2509
4057 2508
4058 2514
4059 2508
4060 2508
4061 2508
4062 2515
4063 2515
4064 2514
4065 2513
4066 2512
4067 2510
4068 2509
4069 2510
4070 2512
4071 2509
4072 2510
4073 2511
4074 2508
4075 2507
4076 2514
4077 2513
4078 2514
4079 2505
4080 2505
4081 2514
4082 2509
4083 2508
4084 2507
4085 2507
4086 2508
4087 2507
4088 2508
4089 2508
4090 2509
4091 2515
4092 2508
4093 2507
4094 2508
4095 2508
4096 2514
4097 2509
4098 2514
4099 2512
4100 2512
4101 2508
4102 2507
4103 2508
4104 2508
4105 2508
4106 2511
4107 2515
4108 2509
4109 2508
4110 2508
4111 2507
4112 2508
4113 2507
4114 2513
4115 2507
4116 2506
4117 2512
4118 2507
4119 2507
4120 2514
4121 2513
4122 2506
4123 2508
4124 2515
4125 2506
4126 2505
4127 2507
4128 2508
4129 2508
4130 2507
4131 2507
4132 2508
4133 2508
4134 2515

2128 9999
2129 9999
2130 9999
2131 9999
2132 9999
2133 9999
2134 9999
2135 9999
2136 9999
2137 9999
2138 9999
2139 9999
2140 9999
2141 9999
2142 9999
2143 9999
2144 9999
2145 9999
2146 9999
2147 9999
2148 9999
2149 9999
2150 9999
2151 9999
2152 9999
2153 9999
2154 9999
2155 9999
2156 9999
2157 9999
2158 9999
2159 9999
2160 9999
2161 9999
2162 9999
2163 9999
2164 9999
2165 9999
2166 9999
2167 9999
2168 9999
2169 9999
2170 9999
2171 9999
2172 9999
2173 9999
2174 9999
2175 9999
2176 2510
2177 9999
2178 9999
2179 9999
2180 9999
2181 9999
2182 9999
2183 9999
2184 9999
2185 9999
2186 9999
2187 9999
2188 9999
2189 9999
2190 2512
2191 2511
2192 9999
2193 9999
2194 2512
2195 9999
2196 9999
2197 9999
2198 9999
2199 2512
2200 2513
2201 2513
2202 2512
2203 2513
2204 2513
2205 2513
2206 2513
2207 2513
2208 2513
2209 2512
2210 2513
2211 2513
2212 2513
2213 2513
2214 9999
2215 2513
2216 2514
2217 2512
2218 2507
2219 2512
2220 2512
2221 2514
2222 2514
2223 2514
2224 2506
2225 2514
2226 2514
2227 9999
2228 2515
2229 2514
2230 2510
2231 2515
2232 2512
2233 2513
2234 2514
2235 2514
2236 2516
2237 2514
2238 2515
2239 9999
2240 2513
2241 2519
2242 2511
2243 2515
2244 2515
2245 2516
2246 2516
2247 2516
2248 2516
2249 2517
2250 2516
2251 2517
2252 2516
2253 2508
2254 2516
2255 2517
2256 2517
2257 2516
2258 2516
2259 2516
2260 2516
2261 2516
2262 2517
2263 2515
2264 2516
2265 2516
2266 2513
2267 2517
2268 2516
2269 2517
2270 2517
2271 2516
2272 2516
2273 2518
2274 2511
2275 2511
2276 2518
2277 2518
2278 2521
2279 2517
2280 2517
2281 2518
2282 2518
2283 2517
2284 2518
2285 2521
2286 2525
2287 2524
2288 2524
2289 2520
2290 2519
2291 2520
2292 2523
2293 2520
2294 2519
2295 2526
2296 2521
2297 2521
2298 2520
2299 2520
2300 2521
2301 2521
2302 2514
2303 2527
2304 2514
2305 2523
2306 2522
2307 2521
2308 2522
2309 2521
2310 2522
2311 2520
2312 2521
2313 2522
2314 2522
2315 2521
2316 2515
2317 2521
2318 2523
2319 2521
2320 2522
2321 2522
2322 2522
2323 2516
2324 2524
2325 2524
2326 2515
2327 2515
2328 2523
2329 2523
2330 2523
2331 2522
2332 2524
2333 2523
2334 2524
2335 2524
2336 2524
2337 2524
2338 2524
2339 2524
2340 2525
2341 2523
2342 2531
2343 2530
2344 2523
2345 2524
2346 2528
2347 2520
2404 2518
2405 2520
2406 2520
2407 2525
2408 2521
2409 2521
2410 2519
2411 2519
2412 2523
2413 2523
2414 2518
2415 2517
2416 2519
2417 2521
2418 2512
2419 2518
2420 2517
2421 2520
2422 2524
2423 2526
2424 2519
2425 2518
2426 2518
2427 2512
2428 2526
2429 2524
2430 2519
2431 2517
2432 2519
2433 2523
2434 2515
2435 2519
2436 2519
2437 2518
2438 2518
2439 2518
2440 2518
2441 2519
2442 2518
2443 2518
2444 2518
2445 2518
2446 2520
2447 2519
2448 2520
2449 2519
2450 2518
2451 2523
2452 2511
2453 2518
2454 2517
2455 2518
2456 2512
2457 2516
2458 2520
2459 2520
2460 2516
2461 2517
2462 2511
2463 2515
2464 2517
2465 2517
2466 2520
2467 2517
2468 2517
2469 2516
2470 2516
2471 2516
2472 2517
2473 2517
2474 2516
2475 2516
2476 2515
2477 2515
2478 2514
2479 2518
2480 2510
2481 2516
2482 2515
2483 2518
3058 2520
3059 2520
3060 2522
3061 2522
3062 2521
3063 2521
3064 2521
3065 2521
3066 2521
3067 2526
3068 2517
3069 2527
3070 2526
3071 2518
3072 2525
3073 2522
3074 2513
3075 2516
3076 2524
3077 2521
3078 2527
3079 2513
3080 2521
3081 2513
3082 2524
3083 2522
3084 2520
3085 2513
3086 2522
3087 2524
3088 2522
3089 2513
3090 2519
3091 2526
3092 2518
3093 2524
3094 2524
3095 2522
3096 2522
3097 2522
3098 2522
3099 2513
3100 2518
3101 2519
3102 2520
3103 2525
3104 2519
3105 2521
3106 2521
3107 2522
3249 2541
3250 2540
3251 2537
3252 2534
3253 2537
3254 2529
3255 2539
3256 2537
3257 2538
3258 2538
3259 2538
3260 2536
3261 2531
3262 2538
3263 2538
3264 2537
3265 2538
3266 2537
3267 2532
3268 2538
3269 2537
3270 2537
3271 2543
3272 2542
3273 2532
3274 2544
3275 2544
3276 2537
3277 2543
3278 2537
3279 2537
3280 2538
3281 2545
3282 2533
3283 2539
3284 2539
3285 2535
3286 2545
3287 2545
3288 2545
3289 2544
3290 2537
3291 2542
3292 2539
3293 2539
3294 2544
3295 2539
3296 2539
3297 2538
3298 2539
3299 2537
3300 2538
3301 2538
3302 2539
3303 2539
3304 2539
3305 2544
3306 2538
3307 2539
3308 2538
3309 2538
3310 2537
3311 2539
3312 2538
3313 2538
3314 2529
3315 2539
3316 2537
3317 2529
3318 2529
3319 2543
3320 2538
3321 2537
3322 2537
3323 2537
3324 2536
3325 2543
3326 2537
3327 2538
3328 2536
3329 2535
3330 2542
3331 2542
3332 2535
3333 2542
3334 2542
3335 2534
3336 2541
3337 2535
3338 2534
3339 2535
3340 2537
3341 2530
3342 2533
3343 2535
3344 2536
3345 2537
3346 2535
3347 2540
3348 2536
3349 2533
3350 2537
3351 2539
3352 2533
3353 2536
3354 2536
3355 2540
3356 2528
3357 2528
3358 2541
3359 2529
3360 2528
3361 2537
3362 2537
3363 2536
3364 2528
3365 2531
3366 2533
3367 2536
3368 2536
3369 2536
3370 2536
3371 2539
3372 2534
3373 2536
3374 2536
3375 2535
3376 2535
3377 2543
3378 2535
3379 2534
3380 2536
3381 2536
3382 2535
3383 2542
3384 2537
3385 2536
3386 2541
3387 2529
3388 2537
3389 2539
3390 2537
3391 2538
3392 2539
3393 2534
3394 2537
3395 2537
3396 2537
3397 2537
3398 2538
3399 2537
3400 2544
3401 2539
3402 2538
3403 2539
3404 2538
3405 2541
3406 2538
3407 2547
3408 2539
3409 2539

