1500 2492
1501 2492
1502 2492
1503 2492
1504 2492
1505 2493
1506 2493
1507 2493
1508 2493
1509 2493
1510 2492
1511 2493
1512 2493
1513 2493
1514 2493
1515 2493
1516 2493
1517 2492
1518 2492
1519 2492
1520 2492
1521 2492
1522 2492
1523 2492
1524 2492
1525 2492
1526 2492
1527 2492
1528 2492
1529 2492
1530 2492
1531 2492
1532 2492
1533 2492
1534 2492
1535 2492
1536 2492
1537 2492
1538 2492
1539 2492
1540 2491
1541 2493
1542 2493
1543 2492
1544 2492
1545 2492
1546 2493
1547 2493
1548 2492
1549 2492
1550 2492
1551 2492
1552 2492
1553 2492
1554 2492
1555 2492
1556 2492
1557 2492
1558 2492
1559 2492
1560 2492
1561 2492
1562 2492
1563 2491
1564 2492
1565 2491
1566 2491
1567 2491
1568 2491
1569 2491
1570 2490
1571 2491
1572 2490
1573 2490
1574 2490
1575 2490
1576 2490
1577 2490
1578 2490
1579 2490
1580 2490
1581 2490
1582 2490
1583 2489
1584 2489
1585 2489
1586 2489
1587 2489
1588 2489
1589 2489
1590 2489
1591 2489
1592 2488
1593 2489
1594 2489
1595 2488
1596 2488
1597 2488
1598 2488
1599 2488
1600 2488
1601 2488
1602 2488
1603 2487
1604 2488
1605 2488
1606 2489
1607 2489
1608 2488
1609 2488
1610 2488
1611 2488
1612 2488
1613 2488
1614 2488
1615 2488
1616 2488
1617 2488
1618 2488
1619 2488
1620 2488
1621 2488
1622 2488
1623 2489
1624 2489
1625 2489
1626 2489
1627 2489
1628 2490
1629 2490
1630 2490
1631 2490
1632 2490
1633 2491
1634 2490
1635 2491
1636 2490
1637 2490
1638 2491
1639 2491
1640 2491
1641 2491
1642 2491
1643 2490
1644 2491
1645 2491
1646 2491
1647 2491
1648 2491
1649 2491
1650 2491
1651 2491
1652 2491
1653 2491
1654 2491
1655 2492
1656 2491
1657 2491
1658 2493
1659 2491
1660 2492
1661 2492
1662 2491
1663 2492
1664 2491
1665 2491
1666 2492
1667 2491
1668 2490
1669 2490
1670 2489
1671 2490
1672 2491
1673 2490
1674 2491
1675 2491
1676 2491
1677 2491
1678 2491
1679 2492
1680 2490
1681 2492
1682 2492
1683 2492
1684 2492
1685 2492
1686 2493
1687 2493
1688 2493
1689 2493
1690 2493
1691 2494
1692 2494
1693 2494
1694 2494
1695 2494
1696 2493
1697 2494
1698 2494
1699 2494
1700 2495
1701 2495
1702 2495
1703 2496
1704 2496
1705 2495
1706 2496
1707 2496
1708 2497
1709 2497
1710 2497
1711 2497
1712 2498
1713 2497
1714 2498
1715 2498
1716 2498
1717 2498
1718 2498
1719 2498
1720 2498
1721 2498
1722 2498
1723 2498
1724 2498
1725 2498
1726 2498
1727 2498
1728 2498
1729 2498
1730 2498
1731 2497
1732 2497
1733 2497
1734 2497
1735 2497
1736 2497
1737 2497
1738 2497
1739 2497
1740 2497
1741 2497
1742 2497
1743 2497
1744 2497
1745 2497
1746 2497
1747 2497
1748 2497
1749 2497
1750 2499
1751 2497
1752 2497
1753 2498
1754 2497
1755 2496
1756 2496
1757 2497
1758 2497
1759 2497
1760 2497
1761 2497
1762 2497
1763 2497
1764 2497
1765 2497
1766 2497
1767 2497
1768 2497
1769 2497
1770 2497
1771 2498
1772 2498
1773 2498
1774 2498
1775 2497
1776 2497
1777 2497
1778 2497
1779 2497
1780 2497
1781 2497
1782 2497
1783 2498
1784 2498
1785 2498
1786 2497
1787 2497
1788 2497
1789 2497
1790 2497
1791 2497
1792 2497
1793 2497
1794 2497
1795 2497
1796 2497
1797 2497
1798 2497
1799 2497
1800 2497
1801 2496
1802 2496
1803 2497
1804 2496
1805 2496
1806 2496
1807 2496
1808 2496
1809 2496
1810 2496
1811 2496
1812 2496
1813 2496
1814 2496
1815 2496
1816 2496
1817 2495
1818 2495
1819 2495
1820 2496
1821 2495
1822 2495
1823 2496
1824 2495
1825 2495
1826 2496
1827 2496
1828 2496
1829 2496
1830 2496
1831 2496
1832 2496
1833 2496
1834 2497
1835 2497
1836 2497
1837 2497
1838 2497
1839 2497
1840 2498
1841 2498
1842 2498
1843 2498
1844 2498
1845 2498
1846 2499
1847 2499
1848 2499
1849 2499
1850 2498
1851 2498
1852 2498
1853 2498
1854 2498
1855 2498
1856 2497
1857 2497
1858 2498
1859 2497
1860 2495
1861 2494
1862 2496
1863 2496
1864 2496
1865 2498
1866 2496
1867 2496
1868 2497
1869 2497
1870 2496
1871 2496
1872 2496
1873 2496
1874 2496
1875 2497
1876 2497
1877 2496
1878 2497
1879 2497
1880 2497
1881 2497
1882 2497
1883 2497
1884 2497
1885 2497
1886 2497
1887 2497
1888 2497
1889 2497
1890 2498
1891 2498
1892 2497
1893 2497
1894 2497
1895 2497
1896 2498
1897 2497
1898 2498
1899 2498
1900 2498
1901 2498
1902 2498
1903 2498
1904 2498
1905 2498
1906 2499
1907 2499
1908 2499
1909 2499
1910 2499
1911 2499
1912 2499
1913 2499
1914 2499
1915 2499
1916 2499
1917 2499
1918 2500
1919 2499
1920 2499
1921 2499
1922 2499
1923 2499
1924 2500
1925 2501
1926 2500
1927 2500
1928 2500
1929 2500
1930 2500
1931 2500
1932 2500
1933 2500
1934 2500
1935 2500
1936 2500
1937 2500
1938 2500
1939 2500
1940 2500
1941 2500
1942 2500
1943 2500
1944 2500
1945 2500
1946 2500
1947 2500
1948 2500
1949 2501
1950 2500
1951 2500
1952 2500
1953 2500
1954 2499
1955 2499
1956 2500
1957 2500
1958 2499
1959 2500
1960 2499
1961 2500
1962 2500
1963 2499
1964 2499
1965 2499
1966 2499
1967 2499
1968 2499
1969 2499
1970 2499
1971 2499
1972 2499
1973 2498
1974 2498
1975 2498
1976 2501
1977 2498
1978 2499
1979 2499
1980 2499
1981 2498
1982 2499
1983 2499
1984 2498
1985 2499
1986 2497
1987 2497
1988 2498
1989 2497
1990 2497
1991 2497
1992 2496
1993 2497
1994 2496
1995 2496
1996 2496
1997 2496
1998 2496
1999 2496
2000 2496
2001 2496
2002 2496
2003 2495
2004 2495
2005 2495
2006 2495
2007 2495
2008 2495
2009 2495
2010 2494
2011 2495
2012 2495
2013 2495
2014 2495
2015 2495
2016 2495
2017 2495
2018 2495
2019 2495
2020 2495
2021 2495
2022 2495
2023 2495
2024 2495
2025 2494
2026 2494
2027 2495
2028 2495
2029 2495
2030 2494
2031 2494
2032 2495
2033 2494
2034 2494
2035 2494
2036 2495
2037 2495
2038 2495
2039 2496
2040 2495
2041 2496
2042 2496
2043 2496
2044 2496
2045 2496
2046 2496
2047 2496
2048 2496
2049 2496
2050 2496
2051 2496
2052 2496
2053 2496
2054 2496
2055 2496
2056 2496
2057 2496
2058 2496
2059 2496
2060 2496
2061 2496
2062 2496
2063 2496
2064 2496
2065 2496
2066 2497
2067 2497
2068 2497
2069 2497
2070 2496
2071 2496
2072 2496
2073 2497
2074 2497
2075 2497
2076 2496
2077 2496
2078 2497
2079 2496
2080 2496
2081 2496
2082 2496
2083 2496
2084 2496
2085 2495
2086 2496
2087 2496
2088 2496
2089 2496
2090 2496
2091 2495
2092 2496
2093 2496
2094 2496
2095 2496
2096 2496
2097 2497
2098 2496
2099 2497
2100 2498
2101 2497
2102 2499
2103 2497
2104 2498
2105 2497
2106 2497
2107 2497
2108 2497
2109 2498
2110 2498
2111 2498
2112 2498
2113 2497
2114 2498
2115 2498
2116 2498
2117 2497
2118 2498
2119 2498
2120 2497
2121 2498
2122 2498
2123 2498
2124 2498
2125 2498
2126 2498
2127 2498
2128 2498
2129 2499
2130 2499
2131 2499
2132 2498
2133 2499
2134 2499
2135 2498
2136 2498
2137 2498
2138 2498
2139 2498
2140 2498
2141 2498
2142 2498
2143 2498
2144 2498
2145 2498
2146 2497
2147 2497
2148 2497
2149 2497
2150 2498
2151 2497
2152 2497
2153 2497
2154 2497
2155 2497
2156 2497
2157 2497
2158 2497
2159 2497
2160 2497
2161 2497
2162 2497
2163 2497
2164 2497
2165 2497
2166 2497
2167 2497
2168 2498
2169 2498
2170 2498
2171 2498
2172 2498
2173 2498
2174 2498
2175 2498
2176 2498
2177 2498
2178 2498
2179 2499
2180 2499
2181 2499
2182 2499
2183 2499
2184 2498
2185 2499
2186 2499
2187 2499
2188 2499
2189 2499
2190 2499
2191 2499
2192 2499
2193 2500
2194 2500
2195 2499
2196 2499
2197 2499
2198 2499
2199 2499
2200 2499
2201 2498
2202 2498
2203 2498
2204 2498
2205 2498
2206 2498
2207 2498
2208 2498
2209 2498
2210 2499
2211 2499
2212 2499
2213 2498
2214 2499
2215 2499
2216 2499
2217 2499
2218 2499
2219 2500
2220 2498
2221 2498
2222 2498
2223 2499
2224 2499
2225 2498
2226 2498
2227 2499
2228 2498
2229 2498
2230 2498
2231 2498
2232 2498
2233 2498
2234 2498
2235 2498
2236 2498
2237 2498
2238 2498
2239 2498
2240 2498
2241 2498
2242 2498
2243 2497
2244 2497
2245 2497
2246 2497
2247 2498
2248 2497
2249 2498
2250 2498
2251 2498
2252 2498
2253 2497
2254 2498
2255 2498
2256 2498
2257 2498
2258 2498
2259 2499
2260 2499
2261 2499
2262 2499
2263 2499
2264 2499
2265 2499
2266 2500
2267 2500
2268 2499
2269 2500
2270 2500
2271 2500
2272 2500
2273 2500
2274 2500
2275 2500
2276 2500
2277 2500
2278 2500
2279 2500
2280 2501
2281 2501
2282 2501
2283 2501
2284 2500
2285 2500
2286 2501
2287 2501
2288 2501
2289 2501
2290 2501
2291 2501
2292 2501
2293 2502
2294 2501
2295 2501
2296 2501
2297 2501
2298 2501
2299 2501
2300 2501
2301 2500
2302 2500
2303 2499
2304 2499
2305 2499
2306 2499
2307 2500
2308 2500
2309 2500
2310 2499
2311 2499
2312 2499
2313 2499
2314 2498
2315 2499
2316 2499
2317 2499
2318 2499
2319 2499
2320 2500
2321 2499
2322 2500
2323 2499
2324 2499
2325 2499
2326 2499
2327 2499
2328 2499
2329 2499
2330 2499
2331 2499
2332 2499
2333 2499
2334 2499
2335 2499
2336 2499
2337 2499
2338 2498
2339 2498
2340 2498
2341 2498
2342 2498
2343 2497
2344 2498
2345 2498
2346 2498
2347 2497
2348 2497
2349 2497
2350 2497
2351 2497
2352 2497
2353 2497
2354 2497
2355 2497
2356 2497
2357 2497
2358 2497
2359 2497
2360 2497
2361 2497
2362 2497
2363 2497
2364 2497
2365 2495
2366 2496
2367 2496
2368 2497
2369 2497
2370 2497
2371 2497
2372 2498
2373 2498
2374 2498
2375 2498
2376 2498
2377 2498
2378 2498
2379 2499
2380 2499
2381 2499
2382 2499
2383 2499
2384 2499
2385 2499
2386 2500
2387 2500
2388 2501
2389 2501
2390 2500
2391 2501
2392 2501
2393 2501
2394 2501
2395 2501
2396 2501
2397 2501
2398 2501
2399 2501
2400 2501
2401 2501
2402 2500
2403 2500
2404 2500
2405 2500
2406 2500
2407 2500
2408 2499
2409 2499
2410 2499
2411 2499
2412 2500
2413 2499
2414 2499
2415 2499
2416 2499
2417 2499
2418 2499
2419 2498
2420 2498
2421 2498
2422 2498
2423 2498
2424 2498
2425 2498
2426 2498
2427 2498
2428 2498
2429 2498
2430 2498
2431 2498
2432 2498
2433 2498
2434 2498
2435 2498
2436 2498
2437 2498
2438 2499
2439 2499
2440 2499
2441 2499
2442 2499
2443 2499
2444 2499
2445 2499
2446 2499
2447 2499
2448 2499
2449 2499
2450 2499
2451 2499
2452 2499
2453 2499
2454 2499
2455 2499
2456 2499
2457 2499
2458 2499
2459 2499
2460 2499
2461 2499
2462 2499
2463 2498
2464 2498
2465 2498
2466 2498
2467 2498
2468 2498
2469 2497
2470 2497
2471 2497
2472 2497
2473 2497
2474 2497
2475 2501
2476 2498
2477 2501
2478 2501
2479 2498
2480 2498
2481 2498
2482 2499
2483 2499
2484 2499
2485 2499
2486 2499
2487 2499
2488 2499
2489 2500
2490 2500
2491 2501
2492 2500
2493 2500
2494 2500
2495 2500
2496 2503
2497 2502
2498 2504
2499 2500
2500 2501
2501 2501
2502 2501
2503 2502
2504 2502
2505 2503
2506 2504
2507 2503
2508 2502
2509 2503
2510 2502
2511 2503
2512 2503
2513 2503
2514 2502
2515 2501
2516 2502
2517 2503
2518 2502
2519 2502
2520 2502
2521 2502
2522 2502
2523 2505
2524 2503
2525 2502
2526 2506
2527 2504
2528 2504
2529 2503
2530 2502
2531 2506
2532 2506
2533 2501
2534 2502
2535 2505
2536 2501
2537 2501
2538 2501
2539 2502
2540 2502
2541 2502
2542 2501
2543 2502
2544 2501
2545 2504
2546 2501
2547 2503
2548 2503
2549 2505
2550 2502
2551 2502
2552 2503
2553 2504
2554 2502
2555 2502
2556 2502
2557 2502
2558 2502
2559 2502
2560 2502
2561 2502
2562 2504
2563 2501
2564 2501
2565 2501
2566 2501
2567 2501
2568 2502
2569 2502
2570 2501
2571 2501
2572 2501
2573 2502
2574 2501
2575 2502
2576 2502
2577 2503
2578 2503
2579 2503
2580 2503
2581 2502
2582 2506
2583 2503
2584 2503
2585 2505
2586 2501
2587 2502
2588 2502
2589 2502
2590 2501
2591 2502
2592 2502
2593 2503
2594 2503
2595 2503
2596 2504
2597 2504
2598 2504
2599 2505
2600 2505
2601 2505
2602 2506
2603 2505
2604 2504
2605 2504
2606 2504
2607 2504
2608 2503
2609 2503
2610 2503
2611 2503
2612 2510
2613 2503
2614 2504
2615 2504
2616 2504
2617 2503
2618 2503
2619 2506
2620 2502
2621 2502
2622 2503
2623 2504
2624 2503
2625 2506
2626 2507
2627 2502
2628 2503
2629 2504
2630 2504
2631 2507
2632 2504
2633 2506
2634 2505
2635 2503
2636 2509
2637 2503
2638 2503
2639 2503
2640 2505
2641 2504
2642 2504
2643 2504
2644 2504
2645 2503
2646 2503
2647 2503
2648 2502
2649 2503
2650 2506
2651 2504
2652 2504
2653 2505
2654 2505
2655 2501
2656 2509
2657 2503
2658 2503
2659 2503
2660 2502
2661 2503
2662 2502
2663 2503
2664 2502
2665 2502
2666 2501
2667 2505
2668 2501
2669 2502
2670 2501
2671 2505
2672 2502
2673 2502
2674 2509
2675 2503
2676 2510
2677 2507
2678 2508
2679 2502
2680 2508
2681 2503
2682 2505
2683 2503
2684 2506
2685 2506
2686 2506
2687 2505
2688 2505
2689 2504
2690 2505
2691 2506
2692 2505
2693 2504
2694 2504
2695 2505
2696 2503
2697 2504
2698 2502
2699 2504
2700 2503
2701 2502
2702 2502
2703 2499
2704 2499
2705 2501
2706 2501
2707 2501
2708 2503
2709 2501
2710 2501
2711 2500
2712 2508
2713 2507
2714 2499
2715 2503
2716 2501
2717 2502
2718 2500
2719 2500
2720 2500
2721 2500
2722 2507
2723 2499
2724 2500
2725 2499
2726 2498
2727 2499
2728 2504
2729 2499
2730 2508
2731 2504
2732 2503
2733 2506
2734 2504
2735 2505
2736 2503
2737 2503
2738 2505
2739 2503
2740 2503
2741 2503
2742 2504
2743 2505
2744 2508
2745 2507
2746 2505
2747 2506
2748 2508
2749 2505
2750 2505
2751 2505
2752 2507
2753 2505
2754 2505
2755 2506
2756 2506
2757 2506
2758 2511
2759 2511
2760 2509
2761 2512
2762 2507
2763 2505
2764 2506
2765 2505
2766 2505
2767 2506
2768 2511
2769 2508
2770 2507
2771 2508
2772 2506
2773 2506
2774 2506
2775 2511
2776 2506
2777 2508
2778 2510
2779 2511
2780 2508
2781 2508
2782 2508
2783 2509
2784 2511
2785 2510
2786 2511
2787 2510
2788 2513
2789 2509
2790 2510
2791 2515
2792 2514
2793 2518
2794 2511
2795 2509
2796 2513
2797 2512
2798 2509
2799 2510
2800 2510
2801 2510
2802 2510
2803 2511
2804 2511
2805 2511
2806 2511
2807 2512
2808 2510
2809 2512
2810 2509
2811 2510
2812 2518
2813 2513
2814 2513
2815 2510
2816 2511
2817 2510
2818 2511
2819 2510
2820 2513
2821 2516
2822 2514
2823 2513
2824 2511
2825 2511
2826 2510
2827 2510
2828 2510
2829 2511
2830 2510
2831 2511
2832 2510
2833 2510
2834 2511
2835 2509
2836 2511
2837 2510
2838 2509
2839 2509
2840 2513
2841 2510
2842 2510
2843 2509
2844 2509
2845 2510
2846 2510
2847 2510
2848 2512
2849 2511
2850 2518
2851 2509
2852 2511
2853 2512
2854 2511
2855 2511
2856 2515
2857 2511
2858 2510
2859 2514
2860 2511
2861 2515
2862 2510
2863 2508
2864 2508
2865 2510
2866 2512
2867 2512
2868 2513
2869 2510
2870 2512
2871 2512
2872 2513
2873 2514
2874 2513
2875 2517
2876 2513
2877 2510
2878 2510
2879 2510
2880 2510
2881 2510
2882 2515
2883 2511
2884 2511
2885 2512
2886 2511
2887 2510
2888 2510
2889 2511
2890 2511
2891 2510
2892 2510
2893 2510
2894 2510
2895 2509
2896 2508
2897 2510
2898 2509
2899 2507
2900 2508
2901 2507
2902 2514
2903 2509
2904 2509
2905 2513
2906 2509
2907 2510
2908 2509
2909 2509
2910 2508
2911 2509
2912 2510
2913 2510
2914 2512
2915 2509
2916 2510
2917 2509
2918 2509
2919 2509
2920 2511
2921 2508
2922 2508
2923 2508
2924 2508
2925 2508
2926 2509
2927 2508
2928 2509
2929 2509
2930 2513
2931 2512
2932 2510
2933 2511
2934 2512
2935 2515
2936 2514
2937 2511
2938 2511
2939 2511
2940 2514
2941 2511
2942 2510
2943 2512
2944 2513
2945 2514
2946 2519
2947 2512
2948 2512
2949 2518
2950 2511
2951 2512
2952 2511
2953 2511
2954 2512
2955 2511
2956 2513
2957 2514
2958 2513
2959 2513
2960 2513
2961 2513
2962 2518
2963 2512
2964 2512
2965 2513
2966 2512
2967 2511
2968 2512
2969 2512
2970 2511
2971 2511
2972 2511
2973 2511
2974 2511
2975 2514
2976 2511
2977 2510
2978 2509
2979 2509
2980 2508
2981 2508
2982 2508
2983 2508
2984 2507
2985 2507
2986 2506
2987 2510
2988 2510
2989 2506
2990 2508
2991 2507
2992 2507
2993 2507
2994 2508
2995 2505
2996 2507
2997 2508
2998 2507
2999 2508
3000 2511
3001 2517
3002 2515
3003 2514
3004 2512
3005 2508
3006 2508
3007 2510
3008 2509
3009 2508
3010 2507
3011 2508
3012 2509
3013 2509
3014 2506
3015 2506
3016 2508
3017 2506
3018 2506
3019 2507
3020 2507
3021 2507
3022 2508
3023 2510
3024 2509
3025 2509
3026 2509
3027 2509
3028 2509
3029 2510
3030 2509
3031 2509
3032 2509
3033 2510
3034 2511
3035 2511
3036 2509
3037 2513
3038 2513
3039 2509
3040 2509
3041 2509
3042 2509
3043 2509
3044 2507
3045 2508
3046 2509
3047 2507
3048 2508
3049 2507
3050 2508
3051 2508
3052 2508
3053 2508
3054 2513
3055 2510
3056 2510
3057 2511
3058 2510
3059 2510
3060 2510
3061 2516
3062 2513
3063 2510
3064 2510
3065 2510
3066 2509
3067 2509
3068 2509
3069 2509
3070 2515
3071 2516
3072 2515
3073 2510
3074 2509
3075 2508
3076 2509
3077 2509
3078 2511
3079 2510
3080 2511
3081 2511
3082 2511
3083 2512
3084 2512
3085 2511
3086 2510
3087 2511
3088 2509
3089 2509
3090 2510
3091 2508
3092 2509
3093 2510
3094 2510
3095 2510
3096 2511
3097 2511
3098 2512
3099 2512
3100 2513
3101 2513
3102 2512
3103 2512
3104 2512
3105 2512
3106 2511
3107 2511
3108 2510
3109 2512
3110 2520
3111 2511
3112 2516
3113 2515
3114 2519
3115 2514
3116 2514
3117 2513
3118 2515
3119 2514
3120 2515
3121 2515
3122 2512
3123 2514
3124 2513
3125 2513
3126 2513
3127 2510
3128 2514
3129 2510
3130 2515
3131 2509
3132 2509
3133 2515
3134 2513
3135 2512
3136 2511
3137 2512
3138 2511
3139 2511
3140 2511
3141 2511
3142 2511
3143 2511
3144 2512
3145 2510
3146 2510
3147 2511
3148 2511
3149 2509
3150 2513
3151 2511
3152 2511
3153 2510
3154 2510
3155 2511
3156 2511
3157 2512
3158 2513
3159 2511
3160 2512
3161 2512
3162 2511
3163 2512
3164 2511
3165 2512
3166 2513
3167 2512
3168 2512
3169 2513
3170 2514
3171 2512
3172 2515
3173 2515
3174 2516
3175 2514
3176 2514
3177 2513
3178 2514
3179 2514
3180 2514
3181 2520
3182 2514
3183 2514
3184 2516
3185 2518
3186 2516
3187 2517
3188 2521
3189 2519
3190 2518
3191 2518
3192 2524
3193 2525
3194 2527
3195 2528
3196 2529
3197 2529

1869 2516
1870 2513
1871 2511
1872 2514
1873 2513
1874 2512
1875 2515
1876 2511
1877 2512
1878 9999
1879 2512
1880 2512
1881 2512
1882 9999
1883 2512
1884 2517
1885 9999
1886 2509
1887 9999
1888 2509
1889 2515
1890 2512
1891 2515
1892 2512
1893 9999
1894 9999
1895 2509
1896 9999
1897 9999
1898 9999
1899 2515
1900 9999
1901 9999
1902 9999
1903 9999
1904 9999
1905 2515
1906 9999
1907 9999
1908 9999
1909 2517
1910 2515
1911 2515
1912 9999
1913 2516
1914 9999
1915 2517
1916 9999
1917 9999
1918 9999
1919 9999
1920 9999
1921 9999
1922 9999
1923 2515
1924 2514
1925 2521
1926 9999
1927 9999
1928 9999
1929 9999
1930 9999
1931 9999
1932 9999
1933 9999
1934 9999
1935 9999
1936 9999
1937 2523
1938 9999
1939 9999
1940 9999
1941 9999
1942 9999
1943 9999
1944 9999
1945 9999
1946 9999
1947 2515
1948 2514
1949 9999
1950 2516
1951 9999
1952 9999
1953 2513
1954 2515
1955 2516
1956 2520
1957 2514
1958 2514
1959 9999
1960 2520
1961 2523
1962 2522
1963 2520
1964 2521
1965 2515
1966 2515
1967 2514
1968 2513
1969 2513
1970 9999
1971 2513
1972 2514
1973 2515
1974 2516
1975 2511
1976 2514
1977 2511
1978 2522
1979 2515
1980 2515
1981 2515
1982 2511
1983 2518
1984 2517
1985 2518
1986 2516
1987 2521
1988 2514
1989 2515
1990 2516
1991 2517
1992 2518
1993 2517
1994 2516
1995 2517
1996 2517
1997 2512
1998 2517
1999 2517
2000 2524
2001 2518
2002 2525
2003 2514
2004 2519
2005 2511
2006 2521
2007 2520
2008 2516
2009 2517
2010 2518
2011 2518
2012 2524
2013 2520
2014 2514
2015 2519
2016 2525
2017 2522
2018 2522
2019 2523
2020 2522
2021 2514
2022 2521
2023 2517
2024 2517
2025 2517
2026 2519
2027 2518
2028 2519
2029 2517
2030 2518
2031 2511
2032 2522
2033 2518
2034 2513
2035 2513
2036 2521
2037 2519
2038 2518
2039 2519
2040 2518
2041 2522
2042 2519
2043 2519
2044 2518
2045 2519
2046 2518
2047 2517
2048 2518
2049 2512
2050 2515
2051 2521
2052 2520
2053 2519
2054 2519
2055 2519
2056 2519
2057 2518
2058 2518
2059 2519
2060 2518
2061 2519
2062 2519
2063 2518
2064 2521
2065 2517
2066 2517
2067 2515
2068 2519
2069 2518
2070 2521
2071 2518
2072 2519
2073 2517
2074 2518
2075 2518
2076 2517
2077 2519
2078 2518
2079 2518
2080 2518
2081 2517
2082 2517
2083 2517
2084 2518
2085 2517
2086 2518
2087 2518
2088 2523
2089 2512
2090 2513
2091 2519
2092 2518
2093 2518
2094 2518
2095 2516
2096 2518
2097 2514
2098 2515
2099 2522
2100 2519
2101 2522
2102 2520
2103 2518
2104 2518
2105 2521
2106 2518
2107 2525
2108 2519
2109 2519
2110 2519
2111 2518
2112 2519
2113 2519
2114 2519
2115 2520
2116 2521
2117 2513
2118 2520
2119 2519
2120 2520
2121 2521
2122 2521
2123 2517
2124 2520
2125 2520
2126 2519
2127 2522
2128 2520
2129 2518
2130 2512
2131 2519
2132 2520
2133 2521
2134 2521
2135 2519
2136 2519
2137 2519
2138 2519
2139 2518
2140 2519
2141 2519
2142 2518
2143 2524
2144 2519
2145 2519
2146 2519
2147 2518
2148 2518
2149 2519
2150 2519
2151 2518
2152 2519
2153 2520
2154 2519
2155 2517
2156 2520
2157 2518
2158 2518
2159 2518
2160 2517
2161 2519
2162 2517
2163 2519
2164 2519
2165 2519
2166 2519
2167 2518
2168 2518
2169 2518
2170 2518
2171 2519
2172 2520
2173 2520
2174 2520
2175 2520
2176 2520
2177 2520
2178 2520
2179 2520
2180 2519
2181 2513
2182 2522
2183 2522
2184 2522
2185 2522
2186 2522
2187 2527
2188 2526
2189 2521
2190 2523
2191 2523
2192 2524
2193 2522
2194 2523
2195 2524
2196 2523
2197 2514
2198 2518
2199 2522
2200 2522
2201 2522
2202 2524
2203 2523
2204 2521
2205 2514
2206 2520
2207 2521
2208 2523
2209 2520
2210 2523
2211 2523
2212 2522
2213 2521
2214 2525
2215 2522
2216 2522
2217 2523
2218 2523
2219 2524
2220 2523
2221 2523
2222 2523
2223 2524
2224 2522
2225 2525
2226 2524
2227 2524
2228 2524
2229 2524
2230 2525
2231 2524
2232 2524
2233 2524
2234 2530
2235 2525
2236 2525
2237 2524
2238 2520
2239 2526
2240 2522
2241 2521
2242 2520
2243 2529
2244 2527
2245 2526
2246 2522
2247 2523
2248 2523
2249 2525
2250 2524
2251 2525
2252 2524
2253 2524
2254 2524
2255 2525
2256 2525
2257 2522
2258 2528
2259 2519
2260 2530
2261 2526
2262 2525
2263 2525
2264 2523
2265 2527
2266 2525
2267 2527
2268 2527
2269 2527
2270 2535
2296 2531
2297 2532
2298 2531
2299 2532
2300 2525
2301 2529
2302 2528
2303 2527
2304 2533
2305 2534
2306 2537
2307 2536
2308 2528
2309 2529
2310 2531
2311 2529
2312 2527
2313 2529
2314 2529
2315 2529
2316 2530
2317 2531
2318 2523
2319 2529
2320 2529
2321 2530
2322 2528
2323 2537
2324 2537
2325 2529
2326 2529
2327 2530
2328 2536
2329 2523
2330 2531
2331 2528
2332 2522
2333 2524
2334 2528
2335 2530
2336 2524
2337 2529
2338 2532
2339 2533
2340 2525
2341 2533
2342 2529
2343 2528
2344 2526
2345 2527
2346 2527
2347 2522
2348 2532
2349 2526
2350 2527
2351 2527
2352 2527
2353 2528
2354 2527
2355 2525
2356 2525
2357 2523
2358 2525
2359 2523
2360 2528
2361 2527
2362 2529
2363 2522
2364 2524
2403 2535
2404 2531
2405 2532
2406 2534
2407 2532
2408 2529
2409 2538
2410 2532
2411 2528
2412 2536
2413 2530
2414 2530
2415 2536
2416 2527
2417 2527
2418 2532
2419 2529
2420 2529
2421 2530
2422 2524
2423 2523
2424 2532
2425 2526
2426 2524
2427 2523
2428 2523
2429 2528
2430 2524
2431 2522
2432 2533
2433 2527
2434 2530
2435 2522
2436 2530
2437 2526
2438 2525
2439 2527
2440 2522
2441 2531
2442 2534
2443 2523
2444 2520
2445 2527
2446 2528
2447 2527
2448 2527
2449 2528
2450 2520
2451 2529
2452 2524
2453 2525
2454 2526
2455 2528
2456 2523
2457 2526
2458 2527
2459 2519
2460 2525
2461 2527
2462 2526
2463 2526
2464 2525
2465 2532
2466 2527
2467 2526
2468 2532
2469 2524
2470 2525
2471 2523
2472 2527
2473 2519
2474 2526
2475 2519
2476 2524
2477 2523
2478 2529
2479 2527

