1911 2490
1912 2490
1913 2490
1914 2490
1915 2489
1916 2489
1917 2489
1918 2489
1919 2489
1920 2489
1921 2489
1922 2490
1923 2490
1924 2490
1925 2490
1926 2490
1927 2490
1928 2490
1929 2490
1930 2490
1931 2490
1932 2490
1933 2491
1934 2491
1935 2491
1936 2491
1937 2491
1938 2491
1939 2491
1940 2492
1941 2492
1942 2492
1943 2492
1944 2492
1945 2492
1946 2493
1947 2493
1948 2493
1949 2493
1950 2493
1951 2493
1952 2493
1953 2493
1954 2493
1955 2493
1956 2493
1957 2493
1958 2493
1959 2493
1960 2493
1961 2493
1962 2493
1963 2494
1964 2493
1965 2493
1966 2493
1967 2494
1968 2494
1969 2494
1970 2494
1971 2494
1972 2494
1973 2494
1974 2494
1975 2494
1976 2494
1977 2494
1978 2495
1979 2495
1980 2495
1981 2495
1982 2495
1983 2495
1984 2495
1985 2495
1986 2495
1987 2496
1988 2496
1989 2496
1990 2496
1991 2496
1992 2496
1993 2496
1994 2496
1995 2496
1996 2496
1997 2495
1998 2495
1999 2494
2000 2494
2001 2494
2002 2494
2003 2494
2004 2493
2005 2494
2006 2493
2007 2493
2008 2494
2009 2494
2010 2494
2011 2494
2012 2493
2013 2493
2014 2493
2015 2494
2016 2494
2017 2494
2018 2494
2019 2494
2020 2494
2021 2495
2022 2495
2023 2495
2024 2495
2025 2496
2026 2495
2027 2496
2028 2496
2029 2498
2030 2499
2031 2499
2032 2499
2033 2499
2034 2499
2035 2499
2036 2499
2037 2499
2038 2499
2039 2499
2040 2499
2041 2498
2042 2499
2043 2499
2044 2499
2045 2499
2046 2499
2047 2499
2048 2499
2049 2499
2050 2499
2051 2499
2052 2499
2053 2499
2054 2499
2055 2499
2056 2499
2057 2499
2058 2499
2059 2499
2060 2499
2061 2499
2062 2499
2063 2499
2064 2499
2065 2499
2066 2499
2067 2499
2068 2499
2069 2498
2070 2498
2071 2499
2072 2498
2073 2498
2074 2498
2075 2498
2076 2498
2077 2498
2078 2497
2079 2497
2080 2497
2081 2497
2082 2497
2083 2497
2084 2496
2085 2496
2086 2496
2087 2496
2088 2496
2089 2496
2090 2496
2091 2496
2092 2496
2093 2496
2094 2496
2095 2496
2096 2496
2097 2496
2098 2496
2099 2496
2100 2496
2101 2495
2102 2496
2103 2495
2104 2495
2105 2495
2106 2495
2107 2495
2108 2495
2109 2495
2110 2495
2111 2495
2112 2495
2113 2495
2114 2495
2115 2494
2116 2495
2117 2495
2118 2495
2119 2495
2120 2495
2121 2495
2122 2495
2123 2495
2124 2495
2125 2495
2126 2495
2127 2495
2128 2495
2129 2495
2130 2495
2131 2495
2132 2495
2133 2495
2134 2495
2135 2495
2136 2496
2137 2496
2138 2496
2139 2496
2140 2496
2141 2496
2142 2496
2143 2496
2144 2496
2145 2497
2146 2497
2147 2497
2148 2497
2149 2496
2150 2496
2151 2496
2152 2496
2153 2496
2154 2496
2155 2496
2156 2495
2157 2495
2158 2495
2159 2495
2160 2495
2161 2495
2162 2495
2163 2495
2164 2495
2165 2495
2166 2495
2167 2495
2168 2495
2169 2495
2170 2495
2171 2495
2172 2495
2173 2495
2174 2495
2175 2495
2176 2495
2177 2495
2178 2495
2179 2496
2180 2496
2181 2496
2182 2496
2183 2496
2184 2496
2185 2496
2186 2496
2187 2497
2188 2497
2189 2497
2190 2497
2191 2497
2192 2498
2193 2498
2194 2498
2195 2497
2196 2498
2197 2497
2198 2498
2199 2498
2200 2498
2201 2498
2202 2498
2203 2498
2204 2499
2205 2499
2206 2498
2207 2498
2208 2498
2209 2498
2210 2498
2211 2499
2212 2499
2213 2500
2214 2499
2215 2499
2216 2502
2217 2500
2218 2500
2219 2500
2220 2500
2221 2501
2222 2501
2223 2502
2224 2501
2225 2501
2226 2501
2227 2502
2228 2502
2229 2503
2230 2504
2231 2507
2232 2503
2233 2504
2234 2504
2235 2503
2236 2504
2237 2504
2238 2502
2239 2502
2240 2503
2241 2503
2242 2503
2243 2504
2244 2503
2245 2503
2246 2503
2247 2504
2248 2504
2249 2503
2250 2504
2251 2504
2252 2505
2253 2504
2254 2504
2255 2504
2256 2504
2257 2504
2258 2504
2259 2503
2260 2504
2261 2504
2262 2504
2263 2504
2264 2504
2265 2504
2266 2503
2267 2504
2268 2504
2269 2503
2270 2503
2271 2504
2272 2503
2273 2503
2274 2503
2275 2503
2276 2503
2277 2503
2278 2503
2279 2503
2280 2502
2281 2503
2282 2503
2283 2502
2284 2502
2285 2502
2286 2502
2287 2503
2288 2501
2289 2500
2290 2502
2291 2497
2292 2502
2293 2502
2294 2501
2295 2498
2296 2506
2297 2506
2298 2504
2299 2508
2300 2505
2301 2504
2302 2504
2303 2504
2304 2505
2305 2505
2306 2505
2307 2505
2308 2505
2309 2505
2310 2505
2311 2505
2312 2505
2313 2505
2314 2506
2315 2506
2316 2506
2317 2506
2318 2506
2319 2507
2320 2507
2321 2507
2322 2508
2323 2508
2324 2509
2325 2509
2326 2509
2327 2508
2328 2508
2329 2508
2330 2508
2331 2508
2332 2508
2333 2508
2334 2507
2335 2507
2336 2507
2337 2507
2338 2507
2339 2507
2340 2507
2341 2507
2342 2507
2343 2507
2344 2506
2345 2506
2346 2506
2347 2507
2348 2507
2349 2507
2350 2507
2351 2506
2352 2506
2353 2506
2354 2507
2355 2506
2356 2507
2357 2506
2358 2506
2359 2507
2360 2507
2361 2507
2362 2505
2363 2507
2364 2506
2365 2507
2366 2507
2367 2507
2368 2507
2369 2507
2370 2507
2371 2506
2372 2507
2373 2507
2374 2507
2375 2507
2376 2507
2377 2507
2378 2508
2379 2506
2380 2506
2381 2506
2382 2506
2383 2506
2384 2506
2385 2506
2386 2506
2387 2506
2388 2506
2389 2506
2390 2506
2391 2506
2392 2507
2393 2508
2394 2507
2395 2506
2396 2506
2397 2506
2398 2506
2399 2509
2400 2510
2401 2507
2402 2507
2403 2507
2404 2508
2405 2511
2406 2508
2407 2508
2408 2508
2409 2507
2410 2507
2411 2507
2412 2510
2413 2506
2414 2509
2415 2507
2416 2508
2417 2507
2418 2507
2419 2508
2420 2507
2421 2508
2422 2508
2423 2508
2424 2508
2425 2507
2426 2507
2427 2507
2428 2507
2429 2509
2430 2508
2431 2507
2432 2507
2433 2508
2434 2506
2435 2507
2436 2507
2437 2507
2438 2506
2439 2506
2440 2507
2441 2507
2442 2507
2443 2507
2444 2507
2445 2507
2446 2507
2447 2507
2448 2507
2449 2507
2450 2505
2451 2505
2452 2506
2453 2506
2454 2507
2455 2507
2456 2507
2457 2507
2458 2507
2459 2507
2460 2507
2461 2507
2462 2507
2463 2507
2464 2507
2465 2507
2466 2507
2467 2507
2468 2507
2469 2508
2470 2510
2471 2508
2472 2506
2473 2506
2474 2507
2475 2507
2476 2507
2477 2507
2478 2508
2479 2508
2480 2508
2481 2508
2482 2508
2483 2507
2484 2508
2485 2507
2486 2507
2487 2507
2488 2509
2489 2506
2490 2509
2491 2506
2492 2508
2493 2509
2494 2509
2495 2509
2496 2509
2497 2510
2498 2510
2499 2510
2500 2509
2501 2509
2502 2509
2503 2510
2504 2510
2505 2509
2506 2509
2507 2510
2508 2510
2509 2510
2510 2510
2511 2510
2512 2510
2513 2510
2514 2509
2515 2511
2516 2512
2517 2511
2518 2511
2519 2511
2520 2511
2521 2512
2522 2511
2523 2511
2524 2513
2525 2510
2526 2511
2527 2512
2528 2512
2529 2512
2530 2511
2531 2511
2532 2511
2533 2512
2534 2512
2535 2512
2536 2519
2537 2512
2538 2512
2539 2512
2540 2512
2541 2512
2542 2511
2543 2512
2544 2511
2545 2515
2546 2513
2547 2513
2548 2512
2549 2511
2550 2511
2551 2512
2552 2511
2553 2512
2554 2511
2555 2512
2556 2512
2557 2512
2558 2513
2559 2513
2560 2513
2561 2512
2562 2511
2563 2511
2564 2516
2565 2512
2566 2512
2567 2513
2568 2515
2569 2511
2570 2511
2571 2510
2572 2513
2573 2513
2574 2512
2575 2513
2576 2515
2577 2511
2578 2511
2579 2512
2580 2512
2581 2512
2582 2512
2583 2513
2584 2514
2585 2511
2586 2513
2587 2513
2588 2514
2589 2518
2590 2513
2591 2514
2592 2514
2593 2513
2594 2513
2595 2513
2596 2513
2597 2514
2598 2513
2599 2513
2600 2513
2601 2512
2602 2513
2603 2512
2604 2512
2605 2512
2606 2512
2607 2513
2608 2513
2609 2513
2610 2512
2611 2512
2612 2512
2613 2512
2614 2512
2615 2512
2616 2511
2617 2512
2618 2512
2619 2512
2620 2511
2621 2511
2622 2512
2623 2514
2624 2511
2625 2510
2626 2511
2627 2510
2628 2510
2629 2511
2630 2511
2631 2510
2632 2510
2633 2510
2634 2510
2635 2510
2636 2510
2637 2510
2638 2512
2639 2510
2640 2510
2641 2514
2642 2512
2643 2511
2644 2509
2645 2510
2646 2510
2647 2511
2648 2510
2649 2512
2650 2511
2651 2511
2652 2511
2653 2513
2654 2512
2655 2509
2656 2513
2657 2509
2658 2510
2659 2511
2660 2510
2661 2511
2662 2510
2663 2510
2664 2511
2665 2513
2666 2511
2667 2512
2668 2511
2669 2510
2670 2511
2671 2510
2672 2511
2673 2513
2674 2513
2675 2511
2676 2512
2677 2512
2678 2512
2679 2513
2680 2513
2681 2512
2682 2512
2683 2513
2684 2513
2685 2511
2686 2512
2687 2512
2688 2512
2689 2513
2690 2511
2691 2512
2692 2513
2693 2512
2694 2511
2695 2511
2696 2512
2697 2512
2698 2514
2699 2512
2700 2512
2701 2513
2702 2513
2703 2512
2704 2511
2705 2511
2706 2511
2707 2512
2708 2514
2709 2512
2710 2514
2711 2512
2712 2512
2713 2511
2714 2512
2715 2513
2716 2513
2717 2513
2718 2512
2719 2520
2720 2513
2721 2513
2722 2513
2723 2512
2724 2513
2725 2513
2726 2513
2727 2514
2728 2513
2729 2513
2730 2513
2731 2513
2732 2512
2733 2513
2734 2514
2735 2514
2736 2516
2737 2511
2738 2511
2739 2511
2740 2510
2741 2511
2742 2511
2743 2515
2744 2515
2745 2513
2746 2513
2747 2513
2748 2513
2749 2513
2750 2513
2751 2513
2752 2513
2753 2513
2754 2512
2755 2512
2756 2514
2757 2514
2758 2513
2759 2512
2760 2512
2761 2518
2762 2512
2763 2512
2764 2512
2765 2513
2766 2512
2767 2511
2768 2513
2769 2522
2770 2512
2771 2516
2772 2514
2773 2513
2774 2512
2775 2512
2776 2512
2777 2512
2778 2513
2779 2511
2780 2512
2781 2512
2782 2514
2783 2513
2784 2513
2785 2513
2786 2514
2787 2515
2788 2515
2789 2516
2790 2516
2791 2515
2792 2515
2793 2516
2794 2516
2795 2515
2796 2516
2797 2515
2798 2516
2799 2516
2800 2516
2801 2516
2802 2516
2803 2516
2804 2516
2805 2516
2806 2516
2807 2516
2808 2516
2809 2516
2810 2516
2811 2517
2812 2518
2813 2516
2814 2519
2815 2519
2816 2517
2817 2516

2238 2532
2239 2526
2240 2526
2241 2533
2242 2539
2243 2533
2244 2533
2245 2534
2246 2529
2247 2527
2248 2527
2249 2528
2250 2534
2251 2534
2252 2534
2253 2535
2254 2533
2255 2533
2256 2537
2257 2535
2258 2531
2259 2530
2260 2534
2261 2534
2262 2539
2263 2529
2264 2536
2265 2533
2266 2531
2267 2542
2268 2536
2269 2528
2270 2540
2271 2535
2272 2537
2273 2528
2274 2528
2275 2528
2276 2529
2277 2530
2278 2533
2279 2536
2280 2543
2281 2539
2282 2537
2283 2529
2284 2542
2285 2532
2286 2533
2287 2535
2288 2539
2289 2539
2290 2529
2291 2543
2292 2541
2293 2543
2294 2539
2295 2543
2296 2533
2297 2539
2298 2541
2299 2536
2300 2535
2301 2536
2302 2535
2303 2540
2304 2538
2305 2536
2306 2530
2307 2538
2308 2536
2309 2534
2310 2530
2311 2530
2312 2535
2313 2537
2314 2539
2315 2541
2316 2541
2317 2537
2318 2537
2319 2538
2320 2535
2321 2539
2322 2537
2323 2535
2324 2540
2325 2545
2326 2531
2327 2542
2328 2542
2329 2539
2330 2532
2331 2541
2332 2533
2333 2537
2334 2540
2335 2543
2336 2536
2337 2532
2338 2541
2339 2539
2340 2538
2341 2543
2342 2537
2343 2542
2344 2545
2345 2538
2346 2539
2347 2540
2348 2546
2349 2540
2350 2536
2351 2537
2352 2538
2353 2539
2354 2539
2355 2537
2356 2537
2357 2537
2358 2544
2359 2541
2360 2533
2361 2539
2362 2540
2363 2536
2364 2531
2365 2533
2366 2531
2367 2536
2368 2534
2369 2545
2370 2539
2371 2544
2372 2537
2373 2536
2374 2536
2375 2543
2376 2541
2377 2541
2378 2545
2379 2543
2380 2545
2381 2541
2382 2533
2383 2534
2384 2536
2385 2544
2386 2539
2387 2530
2388 2537
2389 2534
2390 2542
2391 2542
2392 2536
2393 2533
2394 2539
2395 2540
2396 2540
2397 2541
2398 2531
2399 2543
2400 2529
2401 2542
2402 2533
2403 2542
2404 2542
2405 2543
2406 2543
2407 2529
2408 2541
2409 2541
2410 2534
2411 2533
2412 2534
2413 2535
2414 2529
2415 2536
2416 2541
2417 2530
2418 2530
2419 2533
2420 2532
2421 2537
2422 2540
2423 2529
2424 2540
2425 2529
2426 2534
2427 2536
2428 2531
2429 2536
2430 2529
2431 2534
2432 2531
2433 2528
2434 2528
2435 2528
2436 2528
2437 2536
2438 2538
2439 2536
2440 2538
2441 2539
2442 2538
2443 2533
2444 2536
2445 2535
2446 2537
2447 2539
2448 2528
2449 2529
2450 2537
2451 2537
2452 2539
2453 2528
2454 2528
2455 2529
2456 2534
2457 2529
2458 2539
2459 2534
2460 2536
2461 2536
2462 2536
2463 2536
2464 2540
2465 2537
2466 2535
2467 2528

